0 0 
0.31305 0.000191829 
0.626099 0.000395012 
0.939149 0.000848038 
1.2522 0.00146086 
1.56525 0.00222453 
1.8783 0.00313071 
2.19135 0.00415068 
2.5044 0.00529758 
2.81745 0.00653895 
3.1305 0.00788687 
3.44354 0.00929635 
3.75659 0.0107564 
4.06964 0.0122233 
4.38269 0.0136093 
4.69574 0.0149223 
5.00879 0.0160483 
5.32184 0.0170652 
5.63489 0.0177422 
5.94794 0.0183034 
6.26099 0.0222885 
6.57404 0.0189836 
6.88709 0.0182229 
7.20014 0.0172144 
7.51319 0.0162373 
7.82624 0.0149963 
8.13929 0.0133028 
8.45234 0.0115959 
8.76539 0.0101957 
9.07844 0.00860426 
9.39149 0.00740669 
9.70454 0.00738414 
10.0176 0.00704352 
10.3306 0.00679733 
10.6437 0.00677525 
10.9567 0.00808553 
11.2698 0.00898844 
11.5828 0.0109308 
11.8959 0.0128799 
12.2089 0.0143147 
12.522 0.016357 
12.835 0.0196858 
13.1481 0.0220954 
13.4611 0.0256027 
13.7742 0.0270577 
14.0872 0.0316038 
14.4003 0.0336333 
14.7133 0.033332 
15.0264 0.0320463 
15.3394 0.0297135 
15.6525 0.032076 
15.9655 0.0329978 
16.2786 0.0341146 
16.5916 0.035011 
16.9047 0.0349181 
17.2177 0.0352733 
17.5308 0.0364495 
17.8438 0.0353889 
18.1569 0.0358973 
18.4699 0.03664 
18.783 0.0367114 
19.096 0.0366479 
19.4091 0.0355436 
19.7221 0.0356071 
20.0352 0.0355799 
20.3482 0.0342868 
20.6613 0.0350196 
20.9743 0.0341296 
21.2874 0.0344527 
21.6004 0.0356746 
21.9135 0.0430473 
22.2265 0.0381244 
22.5396 0.0410336 
22.8526 0.0556688 
23.1657 0.0523595 
23.4787 0.0481287 
23.7918 0.0375286 
24.1048 0.0300015 
24.4179 0.023004 
24.7309 0.0222272 
25.044 0.0248123 
25.357 0.0254614 
25.6701 0.0236457 
25.9831 0.0217965 
26.2962 0.0200496 
26.6092 0.0186143 
26.9223 0.0174632 
27.2353 0.0158461 
27.5484 0.0150613 
27.8614 0.0136348 
28.1745 0.0142041 
28.4875 0.0143108 
28.8006 0.0143003 
29.1136 0.0144637 
29.4267 0.0146552 
29.7397 0.0137245 
30.0528 0.0137816 
30.3658 0.0134577 
30.6789 0.0131874 
30.9919 0.0128082 
31.305 0.013143 
31.618 0.0133964 
31.9311 0.0136199 
32.2441 0.0141751 
32.5571 0.0141873 
32.8702 0.0140829 
33.1832 0.0140097 
33.4963 0.0135621 
33.8093 0.0136167 
34.1224 0.0133493 
34.4354 0.013459 
34.7485 0.0127587 
35.0615 0.0122011 
35.3746 0.0120223 
35.6876 0.0125632 
36.0007 0.0123186 
36.3137 0.0120808 
36.6268 0.011807 
36.9398 0.0116268 
37.2529 0.0130095 
37.5659 0.0111002 
37.879 0.00969965 
38.192 0.00927074 
38.5051 0.00861453 
38.8181 0.00803913 
39.1312 0.0107935 
39.4442 0.00764918 
39.7573 0.00730603 
40.0703 0.00887746 
40.3834 0.00679125 
40.6964 0.00544562 
41.0095 0.0100669 
41.3225 0.0084867 
41.6356 0.00806081 
41.9486 0.0091471 
42.2617 0.00989376 
42.5747 0.00991301 
42.8878 0.0110034 
43.2008 0.0111507 
43.5139 0.0111366 
43.8269 0.0131628 
44.14 0.0133301 
44.453 0.0134873 
44.7661 0.0142829 
45.0791 0.0144759 
45.3922 0.0143899 
45.7052 0.0163662 
46.0183 0.0163395 
46.3313 0.0149772 
46.6444 0.0148662 
46.9574 0.0143307 
47.2705 0.013866 
47.5835 0.0138111 
47.8966 0.0127454 
48.2096 0.0126453 
48.5227 0.0128686 
48.8357 0.0121932 
49.1488 0.0117728 
49.4618 0.011284 
49.7749 0.0110708 
50.0879 0.012278 
50.401 0.011779 
50.714 0.0117893 
51.0271 0.0122044 
51.3401 0.0123681 
51.6532 0.0139325 
51.9662 0.0153289 
52.2793 0.0163135 
52.5923 0.0155402 
52.9054 0.015941 
53.2184 0.0167916 
53.5315 0.0161792 
53.8445 0.0148547 
54.1576 0.0132159 
54.4706 0.0125716 
54.7837 0.011786 
55.0967 0.0118974 
55.4098 0.0104309 
55.7228 0.00982943 
56.0359 0.0113886 
56.3489 0.0114424 
56.662 0.0105399 
56.975 0.00971691 
57.2881 0.00935132 
57.6011 0.00907186 
57.9142 0.00883294 
58.2272 0.00910107 
58.5403 0.00916743 
58.8533 0.0096807 
59.1664 0.0100996 
59.4794 0.0109291 
59.7925 0.0115191 
60.1055 0.0118727 
60.4186 0.012218 
60.7316 0.0125786 
61.0447 0.0126922 
61.3577 0.0126761 
61.6708 0.0129059 
61.9838 0.0133414 
62.2969 0.0137892 
62.6099 0.0142047 
62.923 0.0146199 
63.236 0.0149918 
63.5491 0.0151 
63.8621 0.0153362 
64.1752 0.0153245 
64.4882 0.0152381 
64.8012 0.0151204 
65.1143 0.014777 
65.4273 0.0143666 
65.7404 0.0139793 
66.0534 0.0136 
66.3665 0.0128352 
66.6795 0.012397 
66.9926 0.0117089 
67.3056 0.0116156 
67.6187 0.0114664 
67.9317 0.0123532 
68.2448 0.0101365 
68.5578 0.00925785 
68.8709 0.0083635 
69.1839 0.00794931 
69.497 0.00814338 
69.81 0.0085984 
70.1231 0.00797523 
70.4361 0.00754011 
70.7492 0.00724775 
71.0622 0.00642044 
71.3753 0.00572141 
71.6883 0.00736076 
72.0014 0.00745946 
72.3144 0.00852952 
72.6275 0.00911684 
72.9405 0.00975517 
73.2536 0.00932952 
73.5666 0.00981952 
73.8797 0.00999129 
74.1927 0.0103589 
74.5058 0.0107823 
74.8188 0.01121 
75.1319 0.0114852 
75.4449 0.0118109 
75.758 0.0120358 
76.071 0.0124946 
76.3841 0.0130868 
76.6971 0.0134725 
77.0102 0.0135459 
77.3232 0.0133939 
77.6363 0.0131482 
77.9493 0.0128208 
78.2624 0.0126558 
78.5754 0.0122503 
78.8885 0.0118672 
79.2015 0.0116819 
79.5146 0.0116462 
79.8276 0.0111257 
80.1407 0.0112182 
80.4537 0.0112347 
80.7668 0.0114065 
81.0798 0.0104506 
81.3929 0.0106273 
81.7059 0.0110162 
82.019 0.0118372 
82.332 0.0126907 
82.6451 0.0134437 
82.9581 0.0139914 
83.2712 0.0163316 
83.5842 0.0146051 
83.8973 0.0141218 
84.2103 0.0140938 
84.5234 0.0141903 
84.8364 0.0140549 
85.1495 0.0136958 
85.4625 0.0133664 
85.7756 0.0130627 
86.0886 0.0125584 
86.4017 0.0118602 
86.7147 0.0111451 
87.0278 0.0107466 
87.3408 0.0108561 
87.6539 0.0113068 
87.9669 0.0112185 
88.28 0.0104717 
88.593 0.0100609 
88.9061 0.00963977 
89.2191 0.00990328 
89.5322 0.0100866 
89.8452 0.00975273 
90.1583 0.00934872 
90.4713 0.00990536 
90.7844 0.0103595 
91.0974 0.0111993 
91.4105 0.0116917 
91.7235 0.0120437 
92.0366 0.012539 
92.3496 0.0130131 
92.6627 0.013445 
92.9757 0.0138432 
93.2888 0.0141249 
93.6018 0.0143231 
93.9149 0.0146284 
94.2279 0.0148881 
94.541 0.0151386 
94.854 0.015239 
95.1671 0.0152426 
95.4801 0.0150558 
95.7932 0.0150102 
96.1062 0.0147133 
96.4193 0.0144437 
96.7323 0.0143255 
97.0454 0.0137602 
97.3584 0.0134542 
97.6714 0.0124944 
97.9845 0.0119403 
98.2975 0.0111901 
98.6106 0.0108162 
98.9236 0.0121725 
99.2367 0.0109704 
99.5497 0.00896548 
99.8628 0.00836884 
100.176 0.00782316 
100.489 0.0077314 
100.802 0.00836397 
101.115 0.00798709 
101.428 0.00735422 
101.741 0.00713006 
102.054 0.00635517 
102.367 0.00547697 
102.68 0.00504373 
102.993 0.00607167 
103.306 0.00697455 
103.619 0.0074039 
103.932 0.00760592 
104.245 0.00790565 
104.559 0.00905815 
104.872 0.00918079 
105.185 0.00940403 
105.498 0.00961189 
105.811 0.0100401 
106.124 0.0108061 
106.437 0.0107181 
106.75 0.011274 
107.063 0.0114775 
107.376 0.0118464 
107.689 0.0119971 
108.002 0.0125009 
108.315 0.0124486 
108.628 0.0123507 
108.941 0.0119873 
109.254 0.0117397 
109.567 0.0115298 
109.88 0.0112611 
110.193 0.0110796 
110.506 0.010897 
110.82 0.010705 
111.133 0.0105593 
111.446 0.0104638 
111.759 0.0102077 
112.072 0.0103469 
112.385 0.00986647 
112.698 0.0105818 
113.011 0.0111602 
113.324 0.0117316 
113.637 0.0123932 
113.95 0.0127208 
114.263 0.0141333 
114.576 0.0159745 
114.889 0.0142472 
115.202 0.0137702 
115.515 0.0139555 
115.828 0.0143495 
116.141 0.0144023 
116.454 0.0140809 
116.767 0.0135521 
117.081 0.0134915 
117.394 0.0130213 
117.707 0.0122588 
118.02 0.0116042 
118.333 0.0109457 
118.646 0.010638 
118.959 0.0111321 
119.272 0.0107643 
119.585 0.0112468 
119.898 0.0108735 
120.211 0.0103322 
120.524 0.0104089 
120.837 0.0102437 
121.15 0.00955681 
121.463 0.00952453 
121.776 0.0104352 
122.089 0.0108943 
122.402 0.0116614 
122.715 0.0121864 
123.028 0.0126507 
123.342 0.0131802 
123.655 0.0135566 
123.968 0.0139277 
124.281 0.0143547 
124.594 0.0146621 
124.907 0.0149115 
125.22 0.0150226 
125.533 0.0152187 
125.846 0.0153014 
126.159 0.0153978 
126.472 0.015249 
126.785 0.0150333 
127.098 0.0148358 
127.411 0.0146848 
127.724 0.0143897 
128.037 0.0140345 
128.35 0.0135083 
128.663 0.0128268 
128.976 0.0121012 
129.289 0.0114746 
129.602 0.0105927 
129.916 0.0103791 
130.229 0.0128793 
130.542 0.00986135 
130.855 0.00860592 
131.168 0.00800677 
131.481 0.00761738 
131.794 0.00787596 
132.107 0.00784744 
132.42 0.00740162 
132.733 0.00705133 
133.046 0.00644922 
133.359 0.00577177 
133.672 0.0052368 
133.985 0.00489651 
134.298 0.00544844 
134.611 0.00600906 
134.924 0.00677693 
135.237 0.0070135 
135.55 0.00765771 
135.863 0.00833016 
136.177 0.00848866 
136.49 0.00893051 
136.803 0.00913485 
137.116 0.00963802 
137.429 0.0102371 
137.742 0.0101828 
138.055 0.010667 
138.368 0.0109209 
138.681 0.0112241 
138.994 0.0115558 
139.307 0.0117947 
139.62 0.0118032 
139.933 0.0118466 
140.246 0.0116355 
140.559 0.0113684 
140.872 0.011038 
141.185 0.0107366 
141.498 0.0107157 
141.811 0.0105848 
142.124 0.0104096 
142.438 0.0103025 
142.751 0.0101153 
143.064 0.0100382 
143.377 0.0100914 
143.69 0.00972452 
144.003 0.0103801 
144.316 0.0109795 
144.629 0.0114301 
144.942 0.012099 
145.255 0.0125337 
145.568 0.013235 
145.881 0.0149569 
146.194 0.0136995 
146.507 0.013803 
146.82 0.0140421 
147.133 0.0145846 
147.446 0.0148366 
147.759 0.014551 
148.072 0.0139993 
148.385 0.0134823 
148.699 0.0131882 
149.012 0.0126272 
149.325 0.0121443 
149.638 0.0114678 
149.951 0.0108914 
150.264 0.0110286 
150.577 0.0105968 
150.89 0.011015 
151.203 0.0105699 
151.516 0.0102834 
151.829 0.0107428 
152.142 0.0100586 
152.455 0.00929037 
152.768 0.00970321 
153.081 0.0107798 
153.394 0.0112651 
153.707 0.0119805 
154.02 0.0125304 
154.333 0.0130505 
154.646 0.0135829 
154.96 0.0140024 
155.273 0.0143701 
155.586 0.0147434 
155.899 0.015065 
156.212 0.015212 
156.525 0.0152457 
