-4 -0.00847667
-3.53068 0

-3.62394 0
-3.5 0.00223859

-3.0625 -0.0121593
-3.09853 0

-3.0625 -0.0123986
-3.03125 -0.0191202

-3.03125 -0.0192642
-3 -0.0212911

-3.5 0.0162267
-3.25 0.022462

-3.25 0.0354415
-3.125 0.0204056

1.5 0.00689463
1.51562 0.00733015

1.51562 0.0073306
1.53125 0.00774342

1.53125 0.00774368
1.54688 0.00813235

1.54688 0.00813233
1.5625 0.00849636

1.5625 0.00849605
1.57812 0.0088361

-3.125 0.0115932
-3.09065 0

1.57812 0.00883556
1.59375 0.00915334

1.59375 0.00915265
1.60938 0.00945061

1.60938 0.00944987
1.625 0.00973086

1.625 0.0097301
1.64062 0.00999714

1.64062 0.00999636
1.65625 0.0102525

1.65625 0.0102517
1.67188 0.0105002

1.67188 0.0104994
1.6875 0.0107435

1.6875 0.0107426
1.70312 0.0109856

1.70312 0.0109847
1.71875 0.0112299

1.71875 0.011229
1.73438 0.0114799

1.73438 0.011479
1.75 0.0117393

-3 -0.0204372
-2.98438 -0.0197992

-2.98438 -0.0198053
-2.96875 -0.0192117

1.75 0.0117384
1.76562 0.0120116

1.76562 0.0120109
1.78125 0.0123001

-2.96875 -0.0192161
-2.95312 -0.0186463

-1 -0.0297992
-0.984375 -0.0297773

1.78125 0.0122997
1.79688 0.0126071

-0.984375 -0.029777
-0.96875 -0.0297379

-0.96875 -0.0297375
-0.953125 -0.0296823

-0.953125 -0.0296819
-0.9375 -0.0296121

1.79688 0.0126071
1.8125 0.0129338

1.8125 0.0129342
1.82812 0.0132797

-2.95312 -0.0186434
-2.9375 -0.0180946

-2.9375 -0.0180971
-2.92188 -0.01757

-0.9375 -0.0296116
-0.921875 -0.0295293

-0.921875 -0.0295289
-0.90625 -0.029436

1.82812 0.0132802
1.84375 0.0136428

1.84375 0.013643
1.85938 0.0140215

1.85938 0.0140213
1.875 0.0144157

1.875 0.0144154
1.89062 0.0148268

1.89062 0.014827
1.90625 0.0152557

1.90625 0.0152561
1.9192 0.015625

1.9192 0.015625
1.92188 0.0157013

1.92188 0.0157031
1.9375 0.0161596

-0.90625 -0.0294357
-0.890625 -0.0293337

-0.890625 -0.0293335
-0.875 -0.0292234

-0.875 -0.0292232
-0.859375 -0.0291057

-0.859375 -0.0291056
-0.84375 -0.0289814

-0.84375 -0.0289812
-0.828125 -0.0288508

1.9375 0.0161622
1.95312 0.016621

1.95312 0.0166225
1.96875 0.0170752

-2.92188 -0.0175685
-2.90625 -0.0170612

-2.90625 -0.0170628
-2.89062 -0.0165753

-2.89062 -0.0165742
-2.875 -0.0161059

1.96875 0.0170753
1.98438 0.0175189

-2.875 -0.0161064
-2.85938 -0.0156581

-2.85938 -0.0156527
-2.85837 -0.015625

-0.828125 -0.0288506
-0.8125 -0.0287145

-2.85814 -0.015625
-2.84375 -0.0152284

1.98438 0.0175177
2 0.0179543

-0.8125 -0.0287144
-0.796875 -0.028573

-0.796875 -0.0285729
-0.78125 -0.0284267

-0.78125 -0.0284267
-0.765625 -0.0282758

-0.765625 -0.0282758
-0.75 -0.0281201

-2.84375 -0.015229
-2.82812 -0.0148128

-2.82812 -0.0148124
-2.8125 -0.0144097

-2.8125 -0.0144104
-2.79688 -0.0140206

-2.79688 -0.0140207
-2.78125 -0.0136423

-2.78125 -0.0136428
-2.76562 -0.0132743

-2.76562 -0.0132744
-2.75 -0.0129148

-0.75 -0.0281202
-0.734375 -0.0279591

-0.734375 -0.0279593
-0.71875 -0.0277924

-0.71875 -0.0277926
-0.703125 -0.0276189

-0.703125 -0.0276191
-0.6875 -0.0274379

-0.6875 -0.0274381
-0.671875 -0.0272487

-0.671875 -0.0272488
-0.65625 -0.0270508

-0.65625 -0.0270508
-0.640625 -0.026844

0 -0.0185514
0.015625 -0.0183637

0.015625 -0.0183634
0.03125 -0.0181849

0.03125 -0.0181847
0.046875 -0.0180166

0.046875 -0.0180165
0.0625 -0.0178593

0.0625 -0.0178594
0.078125 -0.0177133

0.078125 -0.0177135
0.09375 -0.0175778

0.09375 -0.0175782
0.109375 -0.0174517

0.109375 -0.0174521
0.125 -0.0173334

2 0.0179524
2.01562 0.018388

0.125 -0.0173338
0.140625 -0.017221

0.140625 -0.0172214
0.15625 -0.0171126

0.15625 -0.017113
0.171875 -0.0170068

0.171875 -0.017007
0.1875 -0.0169025

0.1875 -0.0169025
0.203125 -0.0167993

0.203125 -0.0167992
0.21875 -0.0166977

0.21875 -0.0166975
0.234375 -0.0165986

0.234375 -0.0165984
0.25 -0.0165032

-0.640625 -0.0268438
-0.625 -0.0266284

-0.625 -0.026628
-0.609375 -0.0264052

-0.609375 -0.0264046
-0.59375 -0.0261763

-0.59375 -0.0261755
-0.578125 -0.0259445

0.25 -0.0165031
0.265625 -0.0164125

0.265625 -0.0164125
0.28125 -0.0163268

0.28125 -0.0163271
0.296875 -0.0162457

0.296875 -0.0162462
0.3125 -0.0161676

2.01562 0.0183863
2.03125 0.0188283

0.3125 -0.0161682
0.328125 -0.0160899

0.328125 -0.0160907
0.34375 -0.0160098

0.34375 -0.0160106
0.359375 -0.0159241

0.359375 -0.0159248
0.375 -0.0158299

-2.75 -0.0129151
-2.73438 -0.0125637

0.375 -0.0158305
0.390625 -0.0157245

0.390625 -0.0157252
0.40374 -0.015625

0.403567 -0.015625
0.40625 -0.0156045

0.40625 -0.015606
0.421875 -0.0154713

0.421875 -0.0154715
0.4375 -0.0153203

2.03125 0.0188275
2.04688 0.0192807

0.4375 -0.0153205
0.453125 -0.0151518

2.04688 0.019281
2.0625 0.0197464

0.453125 -0.015152
0.46875 -0.0149648

0.46875 -0.014965
0.484375 -0.0147585

0.484375 -0.0147586
0.5 -0.0145324

2.0625 0.0197474
2.07812 0.0202224

2.07812 0.0202235
2.09375 0.0207039

2.09375 0.0207047
2.10938 0.0211866

2.10938 0.0211871
2.125 0.0216676

2.125 0.0216679
2.14062 0.0221454

2.14062 0.0221454
2.15625 0.0226193

2.15625 0.022619
2.17188 0.02309

2.17188 0.0230895
2.1875 0.0235592

-2.73438 -0.0125637
-2.71875 -0.0122198

-2.71875 -0.0122199
-2.70312 -0.0118836

-2.70312 -0.0118835
-2.6875 -0.0115549

-2.6875 -0.0115548
-2.67188 -0.0112346

-2.67188 -0.0112344
-2.65625 -0.0109234

-2.65625 -0.0109231
-2.64062 -0.0106223

-2.64062 -0.010622
-2.625 -0.0103326

-2.625 -0.0103323
-2.60938 -0.0100554

-2.60938 -0.0100552
-2.59375 -0.00979187

-2.59375 -0.0097917
-2.57812 -0.00954286

-2.57812 -0.00954273
-2.5625 -0.00930894

-2.5625 -0.0093089
-2.54688 -0.00909051

0.5 -0.0145324
0.515625 -0.0142864

2.1875 0.0235588
2.20312 0.0240292

0.515625 -0.0142862
0.53125 -0.0140208

2.20312 0.0240292
2.21875 0.0245009

0.53125 -0.0140205
0.546875 -0.0137365

-0.578125 -0.0259437
-0.5625 -0.0257131

-2.54688 -0.00909051
-2.53125 -0.00888762

2.21875 0.0245013
2.23438 0.0249735

2.23438 0.0249741
2.25 0.0254446

-0.5625 -0.0257124
-0.546875 -0.0254853

-2.53125 -0.00888768
-2.51562 -0.00870017

-0.546875 -0.0254849
-0.53125 -0.0252635

-0.53125 -0.0252634
-0.515625 -0.0250489

-2.51562 -0.00870026
-2.5 -0.00852782

2.25 0.0254448
2.26562 0.0259121

0.546875 -0.0137362
0.5625 -0.0134349

-0.515625 -0.025049
-0.5 -0.0248416

0.5625 -0.0134345
0.578125 -0.0131173

0.578125 -0.013117
0.59375 -0.0127852

0.59375 -0.012785
0.609375 -0.0124398

0.609375 -0.0124396
0.625 -0.012082

0.625 -0.0120818
0.640625 -0.0117123

2.26562 0.0259117
2.28125 0.026376

2.28125 0.0263749
2.29688 0.0268396

0.640625 -0.0117121
0.65625 -0.0113317

0.65625 -0.0113313
0.671875 -0.0109411

0.671875 -0.0109406
0.6875 -0.0105424

-2.5 -0.00852794
-2.48438 -0.00837018

0.6875 -0.0105417
0.703125 -0.0101379

2.29688 0.0268382
2.3125 0.027308

-2.48438 -0.00837031
-2.46875 -0.00822676

-2.46875 -0.00822691
-2.45312 -0.00809702

0.703125 -0.0101372
0.71875 -0.00973057

2.3125 0.0273067
2.32812 0.0277871

-2.45312 -0.00809717
-2.4375 -0.00798033

2.32812 0.027786
2.34375 0.0282819

2.34375 0.0282813
2.35938 0.028796

2.35938 0.0287959
2.375 0.029331

-0.5 -0.0248419
-0.484375 -0.0246406

-2.4375 -0.0079805
-2.42188 -0.00787605

-2.42188 -0.00787626
-2.40625 -0.00778343

-2.40625 -0.00778367
-2.39062 -0.00770156

-2.39062 -0.00770179
-2.375 -0.00762946

-0.484375 -0.024641
-0.46875 -0.0244446

-0.46875 -0.024445
-0.453125 -0.0242521

-0.453125 -0.0242524
-0.4375 -0.0240614

-0.4375 -0.0240618
-0.421875 -0.0238714

-0.421875 -0.0238717
-0.40625 -0.0236807

-0.40625 -0.023681
-0.390625 -0.0234884

-0.390625 -0.0234886
-0.375 -0.0232935

-0.375 -0.0232936
-0.359375 -0.0230954

-0.359375 -0.0230953
-0.34375 -0.0228939

-0.34375 -0.0228938
-0.328125 -0.0226895

-0.328125 -0.0226892
-0.3125 -0.0224829

-0.3125 -0.0224825
-0.296875 -0.0222754

-0.296875 -0.0222751
-0.28125 -0.0220688

-0.28125 -0.0220684
-0.265625 -0.0218643

-0.265625 -0.021864
-0.25 -0.0216634

-0.25 -0.0216633
-0.234375 -0.021467

-0.234375 -0.021467
-0.21875 -0.0212756

-0.21875 -0.0212758
-0.203125 -0.0210888

-0.203125 -0.0210892
-0.1875 -0.0209056

-0.1875 -0.0209061
-0.171875 -0.0207241

-0.171875 -0.0207247
-0.15625 -0.0205422

-0.15625 -0.0205427
-0.140625 -0.0203576

-0.140625 -0.0203579
-0.125 -0.0201684

-0.125 -0.0201685
-0.109375 -0.0199738

-0.109375 -0.0199736
-0.09375 -0.0197738

-0.09375 -0.0197735
-0.078125 -0.0195695

-0.078125 -0.019569
-0.0625 -0.0193626

-0.0625 -0.0193621
-0.046875 -0.0191552

-0.046875 -0.0191546
-0.03125 -0.0189495

-0.03125 -0.018949
-0.015625 -0.0187477

-0.015625 -0.0187472
0 -0.0185518

0.71875 -0.00972979
0.734375 -0.0093235

0.734375 -0.00932273
0.75 -0.00891982

2.375 0.029331
2.39062 0.0298868

2.39062 0.0298869
2.40625 0.030463

2.40625 0.0304635
2.42188 0.0310589

-2.375 -0.00762969
-2.35938 -0.00756623

-2.35938 -0.00756645
-2.34375 -0.00751098

2.42188 0.0310604
2.42671 0.03125

0.75 -0.00891905
0.765625 -0.00852257

0.765625 -0.00852192
0.78125 -0.0081347

2.42675 0.03125
2.4375 0.0316715

0.78125 -0.0081341
0.796875 -0.00775866

-2.34375 -0.00751112
-2.32812 -0.0074629

2.4375 0.0316724
2.45312 0.0322993

-2.32812 -0.00746291
-2.3125 -0.00742163

0.796875 -0.00775806
0.8125 -0.00739678

0.8125 -0.00739625
0.828125 -0.00705138

0.828125 -0.00705092
0.84375 -0.00672447

-2.3125 -0.00742156
-2.29688 -0.00738734

-2.29688 -0.00738723
-2.28125 -0.00736043

0.84375 -0.00672408
0.859375 -0.00641775

0.859375 -0.00641747
0.875 -0.00613257

2.45312 0.0322986
2.46875 0.0329404

2.46875 0.0329388
2.48438 0.0336001

0.875 -0.00613244
0.890625 -0.00586981

0.890625 -0.00586984
0.90625 -0.0056297

0.90625 -0.00562992
0.921875 -0.00541175

0.921875 -0.00541216
0.9375 -0.00521469

2.48438 0.0335983
2.5 0.0342859

-2.28125 -0.00736021
-2.26562 -0.00734154

-2.26562 -0.00734113
-2.25 -0.00733185

0.9375 -0.00521525
0.953125 -0.00503656

0.953125 -0.00503722
0.96875 -0.00487486

0.96875 -0.00487557
0.984375 -0.0047268

0.984375 -0.00472752
1 -0.00458948

-2.25 -0.00733136
-2.23438 -0.00733327

-2.23438 -0.00733285
-2.21875 -0.00734779

2.5 0.0342842
2.51562 0.0350054

2.51562 0.035004
2.53125 0.0357651

2.53125 0.035764
2.54688 0.0365701

2.54688 0.0365693
2.5625 0.037424

2.5625 0.0374235
2.57812 0.0383296

2.57812 0.0383292
2.59375 0.0392884

2.59375 0.0392881
2.60938 0.0403017

2.60938 0.0403017
2.625 0.0413701

-2.21875 -0.00734744
-2.20312 -0.00737696

2.625 0.0413702
2.64062 0.0424932

2.64062 0.0424933
2.65625 0.0436708

-2.20312 -0.00737657
-2.1875 -0.00742214

-2.1875 -0.00742162
-2.17188 -0.00748509

-2.17188 -0.00748456
-2.15625 -0.00756803

2.65625 0.0436707
2.67188 0.0449028

2.67188 0.0449027
2.6875 0.0461897

2.6875 0.0461908
2.69546 0.046875

2.6955 0.046875
2.70312 0.0475309

2.70312 0.0475322
2.71875 0.0489334

-2.15625 -0.00756776
-2.14062 -0.00767281

-2.14062 -0.00767293
-2.125 -0.00779987

2.71875 0.0489329
2.73438 0.0503933

2.73438 0.0503931
2.75 0.0519142

-2.125 -0.00780029
-2.10938 -0.00794805

-2.10938 -0.00794855
-2.09375 -0.00811526

-2.09375 -0.00811563
-2.07812 -0.00829953

1 -0.0045902
1.01562 -0.00446

1.01562 -0.00446074
1.03125 -0.00433544

-2.07812 -0.0082997
-2.0625 -0.00849968

-2.0625 -0.00849973
-2.04688 -0.00871536

-2.04688 -0.00871542
-2.03125 -0.00894645

1.03125 -0.00433622
1.04688 -0.00421278

1.04688 -0.00421363
1.0625 -0.00408877

2.75 0.0519135
2.76562 0.053497

2.76562 0.0534963
2.78125 0.0551453

2.78125 0.0551445
2.79688 0.0568621

2.79688 0.0568612
2.8125 0.0586507

1.0625 -0.00408969
1.07812 -0.00395987

1.07812 -0.00396084
1.09375 -0.00382227

1.09375 -0.00382327
1.10938 -0.00367202

1.10938 -0.003673
1.125 -0.00350511

2.8125 0.0586488
2.82812 0.0605156

1.125 -0.00350603
1.14062 -0.0033177

2.82812 0.0605133
2.84375 0.0624656

-2.03125 -0.00894663
-2.01562 -0.00919259

2.84375 0.062465
2.84402 0.0625

1.14062 -0.00331852
1.15625 -0.00310625

2.84402 0.0625
2.85938 0.0645095

-2.01562 -0.00919289
-2 -0.00945279

1.15625 -0.00310694
1.17188 -0.0028677

1.17188 -0.00286822
1.1875 -0.00259963

2.85938 0.0645087
2.875 0.0666518

1.1875 -0.00259997
1.20312 -0.00230033

1.20312 -0.00230047
1.21875 -0.00196878

1.21875 -0.00196865
1.23438 -0.00160491

1.23438 -0.00160479
1.25 -0.00120949

2.875 0.0666496
2.89062 0.0688962

2.89062 0.0688949
2.90625 0.0712521

2.90625 0.0712477
2.92188 0.0737265

2.92188 0.0737252
2.9375 0.0763368

2.9375 0.0763692
2.94746 0.078125

2.94805 0.078125
2.95312 0.0790189

2.95312 0.0790881
2.96875 0.0819886

1.25 -0.00120911
1.26562 -0.000783257

1.26562 -0.000781731
1.28125 -0.000329128

2.96875 0.0819654
2.98438 0.0850574

2.98438 0.08539
3 0.0880548

1.28125 -0.000328999
1.29206 0

3 0.0885898
3.03125 0.0895945

3.03125 0.0893381
3.0625 0.0849146

3.125 0.0571531
3.10895 0.0625

3.0625 0.0854497
3.125 0.0646319

3.125 0.0535151
3.25 0.0253493

3.25 0.0323319
3.5 0.00260416

4 -0.0128943
3.69493 0

3.5 0.00489291
3.61576 0

1.29203 0
1.29688 0.00014743

1.29688 0.00014593
1.3125 0.000644877

1.3125 0.000645983
1.32812 0.00116785

1.32812 0.00116968
1.34375 0.00170859

1.34375 0.00171039
1.35938 0.0022591

1.35938 0.0022606
1.375 0.00281249

1.375 0.0028137
1.39062 0.00336335

1.39062 0.0033643
1.40625 0.00390738

1.40625 0.00390808
1.42188 0.0044413

1.42188 0.00444179
1.4375 0.00496275

1.4375 0.00496311
1.45312 0.00547011

1.45312 0.00547044
1.46875 0.00596209

1.46875 0.00596249
1.48438 0.00643734

1.48438 0.00643785
1.5 0.00689409

-2 -0.00945315
-1.98438 -0.00972564

-1.98438 -0.00972599
-1.96875 -0.0100097

-1.96875 -0.01001
-1.95312 -0.0103035

-1.95312 -0.0103037
-1.9375 -0.0106062

-1.9375 -0.0106063
-1.92188 -0.0109168

-1.92188 -0.0109169
-1.90625 -0.0112352

-1.90625 -0.0112351
-1.89062 -0.0115612

-1.89062 -0.011561
-1.875 -0.0118953

-1.875 -0.0118951
-1.85938 -0.0122383

-1.85938 -0.0122382
-1.84375 -0.0125907

-1.84375 -0.0125907
-1.82812 -0.0129529

-1.82812 -0.012953
-1.8125 -0.0133248

-1.8125 -0.0133249
-1.79688 -0.013706

-1.79688 -0.0137061
-1.78125 -0.014096

-1.78125 -0.0140961
-1.76562 -0.0144942

-1.76562 -0.0144943
-1.75 -0.0149

-1.75 -0.0149001
-1.73438 -0.0153129

-1.71875 -0.0157318
-1.72274 -0.015625

-1.73438 -0.0153134
-1.72274 -0.015625

-1.71875 -0.015732
-1.70312 -0.0161548

-1.70312 -0.0161549
-1.6875 -0.0165817

-1.6875 -0.016582
-1.67188 -0.0170122

-1.67188 -0.0170126
-1.65625 -0.017445

-1.65625 -0.0174454
-1.64062 -0.0178785

-1.64062 -0.0178789
-1.625 -0.0183109

-1.625 -0.0183113
-1.60938 -0.0187405

-1.60938 -0.0187408
-1.59375 -0.0191657

-1.59375 -0.019166
-1.57812 -0.0195855

-1.57812 -0.0195858
-1.5625 -0.0199988

-1.5625 -0.019999
-1.54688 -0.0204048

-1.54688 -0.0204048
-1.53125 -0.0208031

-1.53125 -0.0208028
-1.51562 -0.0211943

-1.51562 -0.0211938
-1.5 -0.0215801

-1.5 -0.0215795
-1.48438 -0.0219627

-1.48438 -0.0219623
-1.46875 -0.0223444

-1.46875 -0.0223442
-1.45312 -0.0227263

-1.45312 -0.0227263
-1.4375 -0.023109

-1.4375 -0.0231091
-1.42188 -0.0234921

-1.42188 -0.0234922
-1.40625 -0.0238751

-1.40625 -0.0238752
-1.39062 -0.0242576

-1.39062 -0.0242577
-1.375 -0.0246391

-1.375 -0.0246393
-1.35938 -0.0250194

-1.35938 -0.0250196
-1.34375 -0.0253976

-1.34375 -0.025398
-1.32812 -0.0257727

-1.32812 -0.0257733
-1.3125 -0.0261429

-1.3125 -0.0261436
-1.29688 -0.0265059

-1.29688 -0.0265066
-1.28125 -0.0268589

-1.28125 -0.0268597
-1.26562 -0.0271991

-1.26562 -0.0271998
-1.25 -0.0275237

-1.25 -0.0275242
-1.23438 -0.02783

-1.23438 -0.0278305
-1.21875 -0.028116

-1.21875 -0.0281164
-1.20312 -0.0283799

-1.20312 -0.0283802
-1.1875 -0.0286205

-1.1875 -0.0286206
-1.17188 -0.028837

-1.17188 -0.028837
-1.15625 -0.0290292

-1.15625 -0.0290291
-1.14062 -0.0291974

-1.14062 -0.0291972
-1.125 -0.0293422

-1.125 -0.029342
-1.10938 -0.0294646

-1.10938 -0.0294643
-1.09375 -0.0295658

-1.09375 -0.0295654
-1.07812 -0.0296474

-1.07812 -0.0296469
-1.0625 -0.0297108

-1.0625 -0.0297106
-1.04688 -0.0297578

-1.04688 -0.0297578
-1.03125 -0.0297887

-1.03125 -0.029789
-1.01562 -0.029803

-1.01562 -0.0298031
-1 -0.0297993

