-4 -0.00402776
-3.87223 0

-3.70801 0
-3.5 0.00655711

-3.46572 0
-3.25 0.022557

-3.25 0.0156326
-3.125 0.0469801

-3.125 0.0525261
-3.09874 0.0625

-3.12102 0.0625
-3.0625 0.0847278

-3.0625 0.083364
-3.03125 0.0877988

-3.03125 0.0883864
-3 0.0869386

-3 0.086205
-2.98438 0.0829516

-2.98438 0.0826319
-2.96875 0.0789554

-2.95312 0.0755808
-2.96448 0.078125

-2.96875 0.078538
-2.96691 0.078125

-2.95312 0.0754654
-2.9375 0.0721126

1.5 0.0201431
1.51562 0.0206705

1.51562 0.0206707
1.53125 0.0211764

1.53125 0.0211766
1.54688 0.0216598

1.54688 0.02166
1.5625 0.0221197

-2.875 0.0601417
-2.88817 0.0625

-2.9375 0.072119
-2.92188 0.0689206

-2.92188 0.0689202
-2.90625 0.0658639

-2.90625 0.0658684
-2.89062 0.0629459

1.5625 0.0221199
1.57812 0.0225551

0 -0.0380267
0.015625 -0.0377987

0.015625 -0.0377979
0.03125 -0.037541

0.03125 -0.0375401
0.046875 -0.0372578

1.57812 0.0225555
1.59375 0.022965

-1 -0.0259995
-0.984375 -0.0260523

1.59375 0.0229654
1.60938 0.0233476

-0.984375 -0.0260514
-0.96875 -0.0261383

-2.89062 0.0629803
-2.88794 0.0625

0.046875 -0.0372569
0.0625 -0.0369526

0.0625 -0.0369518
0.078125 -0.0366289

0.078125 -0.0366282
0.09375 -0.0362896

-0.96875 -0.0261376
-0.953125 -0.0262618

-0.953125 -0.0262615
-0.9375 -0.0264249

-0.9375 -0.0264249
-0.921875 -0.0266281

-0.921875 -0.0266284
-0.90625 -0.0268708

1.60938 0.0233481
1.625 0.0237012

-0.90625 -0.0268714
-0.890625 -0.0271511

1.625 0.0237018
1.64062 0.0240237

1.64062 0.0240242
1.65625 0.0243126

1.65625 0.0243131
1.67188 0.0245657

1.67188 0.0245661
1.6875 0.0247813

1.6875 0.0247815
1.70312 0.024958

1.70312 0.0249581
1.71875 0.0250953

1.71875 0.0250953
1.73438 0.0251929

1.73438 0.0251928
1.75 0.0252509

1.75 0.0252508
1.76562 0.0252698

1.76562 0.0252696
1.78125 0.0252503

1.78125 0.0252501
1.79688 0.025193

1.79688 0.0251928
1.8125 0.0250989

1.8125 0.0250986
1.82812 0.0249691

1.82812 0.0249687
1.84375 0.0248049

1.84375 0.0248044
1.85938 0.024608

1.85938 0.0246074
1.875 0.0243808

1.875 0.0243801
1.89062 0.0241258

1.89062 0.0241251
1.90625 0.0238462

1.90625 0.0238454
1.92188 0.023545

1.92188 0.0235442
1.9375 0.0232254

1.9375 0.0232246
1.95312 0.0228906

1.95312 0.0228898
1.96875 0.0225437

1.96875 0.0225428
1.98438 0.0221878

1.98438 0.0221869
2 0.0218263

-0.890625 -0.0271521
-0.875 -0.0274657

-2.875 0.0601525
-2.85938 0.0574737

-0.875 -0.0274671
-0.859375 -0.0278101

-0.859375 -0.0278118
-0.84375 -0.0281783

-0.84375 -0.0281802
-0.828125 -0.0285628

-0.828125 -0.028565
-0.8125 -0.0289555

-0.8125 -0.0289577
-0.796875 -0.0293474

-0.796875 -0.0293495
-0.78125 -0.0297298

0.09375 -0.0362891
0.109375 -0.0359373

0.109375 -0.0359369
0.125 -0.0355739

-0.78125 -0.0297315
-0.765625 -0.0300948

0.125 -0.0355736
0.140625 -0.0352009

0.140625 -0.0352006
0.15625 -0.0348191

-2.85938 0.0574741
-2.84375 0.0549047

0.15625 -0.034819
0.171875 -0.0344294

-0.765625 -0.0300961
-0.75 -0.0304366

-2.84375 0.0549055
-2.82812 0.0524431

-2.82812 0.0524429
-2.8125 0.0500861

0.171875 -0.0344293
0.1875 -0.0340324

-0.75 -0.0304373
-0.734375 -0.0307513

-0.734375 -0.0307515
-0.71875 -0.0310371

-2.8125 0.0500874
-2.79688 0.047834

-2.78125 0.0456815
-2.78991 0.046875

-2.79688 0.0478341
-2.78992 0.046875

-2.78125 0.0456832
-2.76562 0.0436247

-2.76562 0.0436255
-2.75 0.0416561

0.1875 -0.0340323
0.203125 -0.0336284

0.203125 -0.0336283
0.21875 -0.0332177

0.21875 -0.0332176
0.234375 -0.0328009

-0.703125 -0.0312948
-0.705851 -0.03125

-0.703125 -0.0312932
-0.6875 -0.0315224

0.234375 -0.0328007
0.25 -0.0323786

-2.75 0.0416572
-2.73438 0.039773

-2.73438 0.0397745
-2.71875 0.0379704

-2.71875 0.0379719
-2.70312 0.036242

-2.70312 0.0362428
-2.6875 0.0345823

-0.71875 -0.031037
-0.705784 -0.03125

-0.6875 -0.0315218
-0.671875 -0.0317261

-0.671875 -0.0317257
-0.65625 -0.0319069

-0.65625 -0.0319066
-0.640625 -0.0320661

-0.640625 -0.0320657
-0.625 -0.0322048

-2.6875 0.034583
-2.67188 0.032989

-2.67188 0.0329895
-2.65625 0.0314599

0.25 -0.0323784
0.265625 -0.0319517

0.265625 -0.0319515
0.28125 -0.0315211

0.28125 -0.0315223
0.291058 -0.03125

0.290951 -0.03125
0.296875 -0.0310855

0.296875 -0.0310876
0.3125 -0.0306499

0.3125 -0.0306507
0.328125 -0.0302071

0.328125 -0.0302081
0.34375 -0.029755

2 0.0218253
2.01562 0.0214628

0.34375 -0.0297562
0.359375 -0.0292893

-0.625 -0.0322043
-0.609375 -0.0323246

0.359375 -0.0292905
0.375 -0.0288052

2.01562 0.0214619
2.03125 0.0211012

2.03125 0.0211004
2.04688 0.0207452

2.04688 0.0207446
2.0625 0.0203978

0.375 -0.0288063
0.390625 -0.028298

-0.609375 -0.0323238
-0.59375 -0.0324279

0.390625 -0.028299
0.40625 -0.0277634

2.0625 0.0203974
2.07812 0.0200613

0.40625 -0.0277643
0.421875 -0.0271976

-2.64062 0.0299948
-2.65401 0.03125

0.421875 -0.0271983
0.4375 -0.0265976

-2.64062 0.0299949
-2.625 0.0285917

2.07812 0.0200609
2.09375 0.0197372

-2.65625 0.0314555
-2.65406 0.03125

-0.59375 -0.0324268
-0.578125 -0.0325183

0.4375 -0.0265981
0.453125 -0.0259613

2.09375 0.0197368
2.10938 0.019427

-2.625 0.0285917
-2.60938 0.0272494

2.10938 0.0194265
2.125 0.0191322

-0.578125 -0.032517
-0.5625 -0.0326009

2.125 0.0191317
2.14062 0.018855

-0.5625 -0.0325997
-0.546875 -0.0326808

-2.60938 0.0272492
-2.59375 0.0259683

0.453125 -0.0259615
0.46875 -0.0252873

-0.546875 -0.0326799
-0.53125 -0.0327624

-0.53125 -0.0327616
-0.515625 -0.0328488

-2.59375 0.0259684
-2.57812 0.0247491

-0.515625 -0.0328481
-0.5 -0.0329429

-2.57812 0.0247495
-2.5625 0.023591

2.14062 0.0188544
2.15625 0.0185976

-2.5625 0.0235919
-2.54688 0.0224916

-2.54688 0.022493
-2.53125 0.0214463

2.15625 0.0185971
2.17188 0.0183622

-2.53125 0.0214477
-2.51562 0.0204492

0.46875 -0.0252874
0.484375 -0.0245751

2.17188 0.0183618
2.1875 0.0181507

-2.51562 0.0204506
-2.5 0.0194946

2.1875 0.0181503
2.20312 0.0179643

0.484375 -0.024575
0.5 -0.0238247

2.20312 0.017964
2.21875 0.0178045

2.21875 0.0178042
2.23438 0.0176721

2.23438 0.017672
2.25 0.017568

-0.5 -0.0329421
-0.484375 -0.0330476

-0.484375 -0.0330467
-0.46875 -0.0331662

-0.46875 -0.0331655
-0.453125 -0.0333023

-0.453125 -0.0333017
-0.4375 -0.0334586

-0.4375 -0.0334582
-0.421875 -0.0336373

-0.421875 -0.0336369
-0.40625 -0.0338398

-0.40625 -0.0338397
-0.390625 -0.0340674

-0.390625 -0.0340675
-0.375 -0.0343199

2.25 0.0175679
2.26562 0.0174925

-0.375 -0.0343204
-0.359375 -0.0345963

-0.359375 -0.0345971
-0.34375 -0.0348942

2.26562 0.0174924
2.28125 0.0174458

2.28125 0.0174458
2.29688 0.017428

2.29688 0.0174283
2.3125 0.0174386

-2.03125 -0.000582363
-2.04477 0

2.3125 0.0174391
2.32812 0.0174759

-2.03125 -0.000584108
-2.01562 -0.00124133

-2.01562 -0.00124366
-2 -0.00187698

0.5 -0.0238243
0.515625 -0.0230368

2.32812 0.0174766
2.34375 0.0175374

0.515625 -0.0230362
0.53125 -0.0222133

2.34375 0.0175381
2.35938 0.0176201

-2.5 0.0194961
-2.48438 0.0185769

2.35938 0.0176208
2.375 0.0177214

-0.34375 -0.0348953
-0.328125 -0.03521

0.53125 -0.0222125
0.546875 -0.021357

-0.328125 -0.0352113
-0.3125 -0.0355391

-2.48438 0.0185779
-2.46875 0.0176904

2.375 0.0177222
2.39062 0.0178387

0.546875 -0.021356
0.5625 -0.0204717

-0.3125 -0.0355405
-0.296875 -0.0358762

0.5625 -0.0204706
0.578125 -0.0195616

2.39062 0.0178398
2.40625 0.0179681

0.578125 -0.0195605
0.59375 -0.0186313

2.40625 0.0179695
2.42188 0.0181045

-0.296875 -0.0358777
-0.28125 -0.0362152

-2.46875 0.0176905
-2.45312 0.0168325

-0.28125 -0.0362167
-0.265625 -0.0365501

-2.45312 0.016832
-2.4375 0.0160043

0.59375 -0.0186302
0.609375 -0.0176852

-2.42188 0.0152074
-2.43005 0.015625

2.42188 0.018106
2.4375 0.0182418

-2.4375 0.0160043
-2.43007 0.015625

2.4375 0.0182433
2.45312 0.018374

0.609375 -0.0176841
0.625 -0.0167276

-2.42188 0.0152083
-2.40625 0.0144356

-0.265625 -0.0365516
-0.25 -0.0368749

-2.40625 0.0144362
-2.39062 0.0136851

-2.39062 0.0136854
-2.375 0.0129541

2.45312 0.0183753
2.46875 0.0184954

2.46875 0.0184966
2.48438 0.0186012

2.48438 0.0186024
2.5 0.0186868

-0.25 -0.0368762
-0.234375 -0.0371838

-2.375 0.0129543
-2.35938 0.0122421

-2.35938 0.0122421
-2.34375 0.0115486

0.625 -0.0167266
0.640625 -0.0157627

-0.234375 -0.0371849
-0.21875 -0.0374717

-2.34375 0.0115483
-2.32812 0.0108743

0.640625 -0.0157628
0.64285 -0.015625

0.64283 -0.015625
0.65625 -0.0147941

0.65625 -0.0147938
0.671875 -0.013826

0.671875 -0.0138254
0.6875 -0.0128594

0.6875 -0.0128589
0.703125 -0.011897

0.703125 -0.0118965
0.71875 -0.0109407

2.875 -0.00126495
2.86635 0

2.875 -0.00126551
2.89062 -0.00373413

2.89062 -0.0037346
2.90625 -0.00639038

-0.21875 -0.0374726
-0.203125 -0.0377342

-0.203125 -0.037735
-0.1875 -0.037968

0.71875 -0.0109402
0.734375 -0.00999266

-0.1875 -0.0379686
-0.171875 -0.0381703

-2.32812 0.0108738
-2.3125 0.0102208

-2.3125 0.0102206
-2.29688 0.00959024

-2.29688 0.00959042
-2.28125 0.00898271

-0.171875 -0.0381707
-0.15625 -0.0383393

-2.28125 0.00898322
-2.26562 0.00839677

0.734375 -0.00999216
0.75 -0.00905475

-2.26562 0.0083977
-2.25 0.00782963

-0.15625 -0.0383396
-0.140625 -0.0384737

-0.140625 -0.0384739
-0.125 -0.0385726

2.90625 -0.00638671
2.92188 -0.00923604

-0.125 -0.0385728
-0.109375 -0.0386351

-0.109375 -0.0386353
-0.09375 -0.0386608

0.75 -0.00905418
0.765625 -0.0081291

-2.25 0.00783098
-2.23438 0.00727672

-2.23438 0.00727832
-2.21875 0.00673198

-0.09375 -0.0386609
-0.078125 -0.0386489

-0.078125 -0.038649
-0.0625 -0.0385991

0.765625 -0.00812845
0.78125 -0.00721812

-0.0625 -0.0385991
-0.046875 -0.0385113

0.78125 -0.00721751
0.796875 -0.00632445

-2.21875 0.00673346
-2.20312 0.00618887

-0.046875 -0.0385111
-0.03125 -0.0383859

-2.20312 0.00618993
-2.1875 0.005642

-0.03125 -0.0383855
-0.015625 -0.038224

0.796875 -0.00632412
0.8125 -0.0054502

-2.1875 0.0056427
-2.17188 0.00508791

0.8125 -0.00545018
0.828125 -0.00459608

-2.17188 0.00508847
-2.15625 0.00452433

-0.015625 -0.0382234
0 -0.0380274

-2.15625 0.004525
-2.14062 0.00394904

-2.14062 0.00395003
-2.125 0.0033589

0.828125 -0.00459606
0.84375 -0.00376187

0.84375 -0.00376143
0.859375 -0.00294805

2.92188 -0.00923714
2.9375 -0.0122852

-2.125 0.00336009
-2.10938 0.00274941

-2.10938 0.00275023
-2.09375 0.00211601

-2.09375 0.00211556
-2.07812 0.00145706

-2.07812 0.00145448
-2.0625 0.000777791

-2.0625 0.000773434
-2.04688 9.24264e-05

-2.04688 9.0982e-05
-2.04476 0

2.9375 -0.0122793
2.95312 -0.0155356

2.96875 -0.0190074
2.95351 -0.015625

0.859375 -0.0029473
0.875 -0.00215713

2.95312 -0.0155532
2.95345 -0.015625

2.96875 -0.0189966
2.98438 -0.0226898

0.875 -0.00215656
0.890625 -0.0013922

0.890625 -0.00139189
0.90625 -0.000655105

0.90625 -0.00065494
0.9207 0

2.98438 -0.0226757
3 -0.0266449

2.5 0.018688
2.51562 0.0187474

2.51562 0.0187488
2.53125 0.0187781

2.53125 0.0187797
2.54688 0.0187728

2.54688 0.0187745
2.5625 0.0187249

2.5625 0.0187266
2.57812 0.0186277

2.57812 0.0186291
2.59375 0.0184747

2.59375 0.0184761
2.60938 0.0182609

2.60938 0.0182623
2.625 0.0179805

2.625 0.0179823
2.64062 0.0176275

2.64062 0.0176294
2.65625 0.0171941

2.65625 0.0171964
2.67188 0.016672

2.67188 0.0166749
2.6875 0.0160513

2.70312 0.0153228
2.69666 0.015625

0.920693 0
0.921875 5.35784e-05

0.921875 5.37607e-05
0.9375 0.000732038

2.6875 0.0160516
2.69663 0.015625

2.70312 0.015322
2.71875 0.0144827

2.71875 0.0144845
2.73438 0.0135324

2.73438 0.013534
2.75 0.0124622

0.9375 0.000731556
0.953125 0.00137992

0.953125 0.00137957
0.96875 0.00199969

0.96875 0.00199928
0.984375 0.0025927

0.984375 0.00259216
1 0.00316079

2.75 0.0124645
2.76562 0.0112649

2.76562 0.0112662
2.78125 0.00993116

2.78125 0.00993274
2.79688 0.00845631

2.79688 0.00845732
2.8125 0.00683436

2.8125 0.00683715
2.82812 0.00506004

2.82812 0.00506114
2.84375 0.0031221

2.84375 0.00312475
2.85938 0.0010163

2.85938 0.0010137
2.86631 0

3 -0.0279645
3.03125 -0.031233

3.03125 -0.0323054
3.03993 -0.03125

3.03125 -0.0310476
3.0625 -0.0272372

3.0625 -0.026083
3.125 -0.00973448

3.125 -0.000245948
3.12741 0

3.25 -0.00092803
3.32108 0

3.12479 0
3.125 5.46393e-05

3.125 6.81815e-05
3.25 0.0128271

3.25 0.00149805
3.5 0.00392783

3.5 -0.00365038
4 -0.00407248

-2 -0.00187873
-1.98438 -0.00247999

-1.98438 -0.00248134
-1.96875 -0.00304435

-1.96875 -0.00304498
-1.95312 -0.00356578

-1.95312 -0.00356513
-1.9375 -0.00404374

-1.9375 -0.00404152
-1.92188 -0.00448369

-1.92188 -0.00448031
-1.90625 -0.00489725

-1.90625 -0.00489372
-1.89062 -0.00529925

1 0.00316008
1.01562 0.0037064

1.01562 0.00370576
1.03125 0.00423246

-1.89062 -0.00529659
-1.875 -0.00570308

1.03125 0.00423182
1.04688 0.00474147

1.04688 0.00474079
1.0625 0.00523604

1.0625 0.00523543
1.07812 0.00571888

-1.875 -0.00570188
-1.85938 -0.00611705

-1.85938 -0.00611727
-1.84375 -0.00654308

-1.84375 -0.00654406
-1.82812 -0.00697809

-1.82812 -0.00697887
-1.8125 -0.00741758

1.07812 0.00571829
1.09375 0.00619233

1.09375 0.00619175
1.10938 0.00665871

1.10938 0.00665814
1.125 0.00712035

-1.8125 -0.00741749
-1.79688 -0.00785947

1.125 0.00711979
1.14062 0.00757951

1.14062 0.00757896
1.15625 0.00803845

1.15625 0.0080379
1.17188 0.00849937

1.17188 0.0084988
1.1875 0.00896449

1.1875 0.008964
1.20312 0.00943604

1.20312 0.00943559
1.21875 0.00991587

-1.79688 -0.00785851
-1.78125 -0.00830587

-1.78125 -0.00830464
-1.76562 -0.00876174

-1.76562 -0.00876101
-1.75 -0.00923175

1.21875 0.00991545
1.23438 0.0104057

1.23438 0.0104053
1.25 0.0109071

1.25 0.0109068
1.26562 0.0114214

1.26562 0.0114212
1.28125 0.0119496

1.28125 0.0119496
1.29688 0.0124921

1.29688 0.0124922
1.3125 0.0130487

1.3125 0.013049
1.32812 0.0136189

1.32812 0.0136193
1.34375 0.0142012

-1.75 -0.00923201
-1.73438 -0.0097173

-1.73438 -0.00971853
-1.71875 -0.0102154

-1.71875 -0.0102171
-1.70312 -0.0107195

-1.70312 -0.0107212
-1.6875 -0.0112223

-1.6875 -0.0112235
-1.67188 -0.0117177

-1.67188 -0.0117183
-1.65625 -0.0122021

1.34375 0.0142016
1.35938 0.0147942

-1.65625 -0.0122023
-1.64062 -0.0126743

-1.64062 -0.0126744
-1.625 -0.0131341

1.35938 0.0147941
1.375 0.0153967

-1.625 -0.0131343
-1.60938 -0.0135813

-1.60938 -0.0135815
-1.59375 -0.0140153

-1.59375 -0.0140151
-1.57812 -0.0144358

1.375 0.0153986
1.38078 0.015625

1.38084 0.015625
1.39062 0.016008

1.39062 0.016011
1.40625 0.0166257

1.40625 0.0166265
1.42188 0.0172384

1.42188 0.0172393
1.4375 0.0178452

-1.57812 -0.014435
-1.5625 -0.0148447

-1.5625 -0.0148432
-1.54688 -0.0152466

-1.53125 -0.0156484
-1.53216 -0.015625

-1.54688 -0.015245
-1.53216 -0.015625

1.4375 0.0178462
1.45312 0.0184426

1.45312 0.0184435
1.46875 0.0190267

1.46875 0.0190274
1.48438 0.0195942

-1.53125 -0.0156466
-1.51562 -0.0160568

-1.51562 -0.0160557
-1.5 -0.0164786

1.48438 0.0195948
1.5 0.0201427

-1.5 -0.0164779
-1.48438 -0.0169171

-1.48438 -0.0169163
-1.46875 -0.0173748

-1.46875 -0.0173739
-1.45312 -0.0178553

-1.45312 -0.0178547
-1.4375 -0.0183619

-1.4375 -0.0183619
-1.42188 -0.0188963

-1.42188 -0.0188969
-1.40625 -0.0194575

-1.40625 -0.0194586
-1.39062 -0.020042

-1.39062 -0.0200436
-1.375 -0.0206442

-1.375 -0.0206463
-1.35938 -0.0212566

-1.35938 -0.0212592
-1.34375 -0.0218696

-1.34375 -0.0218724
-1.32812 -0.022472

-1.32812 -0.0224748
-1.3125 -0.0230522

-1.3125 -0.0230548
-1.29688 -0.0235992

-1.29688 -0.0236014
-1.28125 -0.0241034

-1.28125 -0.0241049
-1.26562 -0.0245569

-1.26562 -0.0245579
-1.25 -0.0249547

-1.25 -0.0249551
-1.23438 -0.0252938

-1.23438 -0.0252937
-1.21875 -0.0255735

-1.21875 -0.025573
-1.20312 -0.0257953

-1.20312 -0.0257943
-1.1875 -0.0259623

-1.1875 -0.025961
-1.17188 -0.0260791

-1.17188 -0.0260777
-1.15625 -0.0261514

-1.15625 -0.0261498
-1.14062 -0.0261855

-1.14062 -0.0261837
-1.125 -0.0261883

-1.125 -0.0261863
-1.10938 -0.0261674

-1.10938 -0.0261654
-1.09375 -0.026131

-1.09375 -0.0261291
-1.07812 -0.026087

-1.07812 -0.0260852
-1.0625 -0.026043

-1.0625 -0.0260413
-1.04688 -0.0260061

-1.04688 -0.0260046
-1.03125 -0.0259829

-1.03125 -0.0259814
-1.01562 -0.0259792

-1.01562 -0.0259779
-1 -0.0260007

