-4 -0.00454214
-3.73147 0

-3.71688 0
-3.5 0.0036983

-3.5 -0.000240821
-3.49446 0

-3.03125 -0.00166137
-3.03312 0

-3 -0.0482561
-3.00935 -0.03125

-3.03125 -0.00188878
-3.00712 -0.03125

-3.5 0.00385665
-3.25 0.0154623

-3.25 0.0335446
-3.125 0.0349098

-3.125 0.0411658
-3.0625 0.0208296

-3.0625 0.0212646
-3.03327 0

-3.03125 0.0046053
-3.02639 0

-2.82812 -0.250094
-2.82829 -0.25

-2.82812 -0.250079
-2.8125 -0.258503

-2.79688 -0.266171
-2.79799 -0.265625

-2.8125 -0.258464
-2.79787 -0.265625

-2.79688 -0.26611
-2.78125 -0.273061

-2.75 -0.28523
-2.7608 -0.28125

-2.78125 -0.273031
-2.76562 -0.279355

-2.76562 -0.27912
-2.75984 -0.28125

-2.9375 -0.157966
-2.93887 -0.15625

-2.95312 -0.136071
-2.96036 -0.125

-2.9391 -0.15625
-2.95062 -0.140625

-2.95312 -0.138619
-2.95182 -0.140625

-2.90625 -0.192403
-2.91126 -0.1875

-2.875 -0.219229
-2.87562 -0.21875

-2.89062 -0.206605
-2.89463 -0.203125

-2.90625 -0.192438
-2.89446 -0.203125

-2.89062 -0.206584
-2.87562 -0.21875

-2.92188 -0.176192
-2.92576 -0.171875

-2.9375 -0.158192
-2.92605 -0.171875

-2.92188 -0.176434
-2.91139 -0.1875

-2.96875 -0.110652
-2.97832 -0.09375

-2.98438 -0.0788975
-2.98475 -0.078125

-2.98557 -0.078125
-2.99289 -0.0625

-2.98438 -0.0813645
-2.9783 -0.09375

-2.96875 -0.111325
-2.96075 -0.125

-3 -0.0480009
-2.99266 -0.0625

-2.875 -0.21919
-2.85938 -0.230579

-2.84375 -0.240907
-2.85368 -0.234375

-2.85938 -0.230441
-2.8534 -0.234375

-2.84375 -0.240795
-2.82828 -0.25

-2.75 -0.285092
-2.73438 -0.290322

-2.73438 -0.290312
-2.71875 -0.29507

-2.70312 -0.299541
-2.71278 -0.296875

-2.71875 -0.294849
-2.71141 -0.296875

-2.70312 -0.299372
-2.6875 -0.303268

-2.64062 -0.312853
-2.64257 -0.3125

-2.64062 -0.312767
-2.625 -0.315295

-2.6875 -0.303257
-2.67188 -0.306772

-2.67188 -0.306767
-2.65625 -0.309934

-2.65625 -0.309918
-2.64204 -0.3125

-2.625 -0.315287
-2.60938 -0.317522

-2.60938 -0.31752
-2.59375 -0.319483

-2.59375 -0.319479
-2.57812 -0.321181

-2.57812 -0.321177
-2.5625 -0.322633

-2.5625 -0.322629
-2.54688 -0.323855

-2.54688 -0.323852
-2.53125 -0.324865

-2.53125 -0.324861
-2.51562 -0.325677

-2.51562 -0.325674
-2.5 -0.326303

1.5 0.202207
1.50719 0.203125

1.50677 0.203125
1.51562 0.204256

1.51562 0.204233
1.53125 0.206199

1.53125 0.2062
1.54688 0.208133

1.54688 0.208134
1.5625 0.210031

1.5625 0.210031
1.57812 0.21189

1.57812 0.21189
1.59375 0.213709

1.59375 0.213709
1.60938 0.215486

1.60938 0.215487
1.625 0.217221

1.625 0.217219
1.63915 0.21875

1.6389 0.21875
1.64062 0.218937

1.64062 0.218913
1.65625 0.22056

1.65625 0.22056
1.67188 0.222162

1.67188 0.222161
1.6875 0.223718

1.6875 0.223717
1.70312 0.225231

-2.5 -0.326301
-2.48438 -0.326754

1.70312 0.22523
1.71875 0.226706

1.71875 0.226704
1.73438 0.228148

1.73438 0.228145
1.75 0.229567

-2.48438 -0.326753
-2.46875 -0.327037

-2.46875 -0.327035
-2.45312 -0.327157

-2.45312 -0.327155
-2.4375 -0.327123

-2.4375 -0.327121
-2.42188 -0.326943

-2.42188 -0.326941
-2.40625 -0.326624

-2.40625 -0.326622
-2.39062 -0.326174

-2.39062 -0.326173
-2.375 -0.3256

1.75 0.229564
1.76562 0.230974

1.76562 0.230972
1.78125 0.232379

1.78125 0.232377
1.79688 0.23379

1.79688 0.233775
1.80347 0.234375

1.80321 0.234375
1.8125 0.23522

1.8125 0.23521
1.82812 0.236641

1.82812 0.236641
1.84375 0.23808

1.84375 0.238081
1.85938 0.239527

1.85938 0.239528
1.875 0.240978

0 0.0229702
0.015625 0.0252169

0.015625 0.0252163
0.03125 0.0274431

0.03125 0.0274426
0.046875 0.0296517

0.046875 0.0295817
0.0587606 0.03125

-2.375 -0.325599
-2.35938 -0.324908

0.0570695 0.03125
0.0625 0.0320122

-1 -0.130498
-0.984375 -0.128333

-0.984375 -0.128332
-0.96875 -0.126167

-0.96875 -0.126188
-0.960179 -0.125

-0.960513 -0.125
-0.953125 -0.123976

-0.953125 -0.124
-0.9375 -0.121832

-2.35938 -0.324907
-2.34375 -0.324103

-0.9375 -0.121833
-0.921875 -0.119663

-0.921875 -0.119663
-0.90625 -0.117487

1.875 0.240979
1.89062 0.242432

-0.90625 -0.117488
-0.890625 -0.115304

-2.34375 -0.324101
-2.32812 -0.32319

1.89062 0.242432
1.90625 0.243885

-2.32812 -0.323189
-2.3125 -0.322174

1.90625 0.243886
1.92188 0.245337

1.92188 0.245338
1.9375 0.246786

-0.890625 -0.115304
-0.875 -0.113108

-0.875 -0.113108
-0.859375 -0.110897

-0.859375 -0.110916
-0.848566 -0.109375

-0.848976 -0.109375
-0.84375 -0.10863

-0.84375 -0.108669
-0.828125 -0.106424

-0.828125 -0.106424
-0.8125 -0.104161

-0.8125 -0.104161
-0.796875 -0.101881

-0.796875 -0.101881
-0.78125 -0.0995834

-0.78125 -0.0995829
-0.765625 -0.0972707

-0.765625 -0.09727
-0.75 -0.0949451

-0.75 -0.0949801
-0.74177 -0.09375

-0.742254 -0.09375
-0.734375 -0.0925722

-0.734375 -0.092608
-0.71875 -0.090265

-0.71875 -0.0902647
-0.703125 -0.0879171

-0.703125 -0.087917
-0.6875 -0.0855656

-0.6875 -0.0855661
-0.671875 -0.0832105

-0.671875 -0.0832111
-0.65625 -0.0808489

-0.65625 -0.0808499
-0.640625 -0.0784779

-0.640625 -0.0786334
-0.637293 -0.078125

-0.638525 -0.078125
-0.625 -0.0760612

-0.625 -0.0760952
-0.609375 -0.0736956

-0.609375 -0.0736965
-0.59375 -0.071277

-0.59375 -0.0712779
-0.578125 -0.0688348

-0.578125 -0.0688351
-0.5625 -0.0663661

-2.3125 -0.322173
-2.29688 -0.321062

-2.29688 -0.321061
-2.28125 -0.319859

-2.28125 -0.319858
-2.26562 -0.31857

0.0625 0.0318444
0.078125 0.0340226

0.078125 0.0340224
0.09375 0.0361863

0.09375 0.0361863
0.109375 0.0383362

0.109375 0.0383364
0.125 0.040472

0.125 0.040472
0.140625 0.042593

0.140625 0.0425931
0.15625 0.0446992

0.15625 0.0446934
0.171875 0.0467846

0.170718 0.046875
0.171875 0.0470298

0.171875 0.0467766
0.172615 0.046875

0.172508 0.046875
0.1875 0.0488674

0.1875 0.0488666
0.203125 0.0509289

0.203125 0.0509286
0.21875 0.0529776

0.21875 0.0529771
0.234375 0.0550142

0.234375 0.0550141
0.25 0.0570404

0.25 0.0570405
0.265625 0.059056

0.265625 0.0590565
0.28125 0.0610602

0.28125 0.0610199
0.292867 0.0625

0.291777 0.0625
0.296875 0.0631495

0.296875 0.0630514
0.3125 0.0650284

0.3125 0.0650282
0.328125 0.066991

0.328125 0.0669908
0.34375 0.0689402

0.34375 0.0689402
0.359375 0.0708765

0.359375 0.0708768
0.375 0.0727995

0.375 0.0727996
0.390625 0.0747079

0.390625 0.0747079
0.40625 0.0766013

0.40625 0.0765818
0.419077 0.078125

0.418307 0.078125
0.421875 0.0785543

0.421875 0.0784802
0.4375 0.0803483

0.4375 0.0803477
0.453125 0.0822055

0.453125 0.0822055
0.46875 0.0840543

0.46875 0.0840548
0.484375 0.0858937

0.484375 0.0858944
0.5 0.0877214

1.9375 0.246786
1.95312 0.248232

1.95312 0.248232
1.96875 0.249674

1.96875 0.249669
1.97235 0.25

-2.26562 -0.318569
-2.25 -0.3172

-0.5625 -0.0663658
-0.546875 -0.0638707

-0.546875 -0.0640017
-0.537558 -0.0625

-0.539336 -0.0625
-0.53125 -0.0611966

-0.53125 -0.0613501
-0.515625 -0.0588128

-0.515625 -0.0588114
-0.5 -0.0562603

1.97227 0.25
1.98438 0.251113

1.98438 0.251112
2 0.252544

0.5 0.0877215
0.515625 0.0895351

0.515625 0.0895344
0.53125 0.0913359

0.53125 0.0913347
0.546875 0.0931281

0.546875 0.0931096
0.552462 0.09375

0.552233 0.09375
0.5625 0.0949268

-2.25 -0.317198
-2.23438 -0.315752

-2.23438 -0.31575
-2.21875 -0.314234

-2.21875 -0.314233
-2.20312 -0.312653

0.5625 0.0949169
0.578125 0.0967093

0.578125 0.096709
0.59375 0.0985052

0.59375 0.0985059
0.609375 0.100305

0.609375 0.100306
0.625 0.102105

-2.20312 -0.312636
-2.20183 -0.3125

-2.20165 -0.3125
-2.1875 -0.311015

-2.1875 -0.311013
-2.17188 -0.309318

-2.17188 -0.309317
-2.15625 -0.30757

0.625 0.102106
0.640625 0.103899

0.640625 0.103899
0.65625 0.105685

0.65625 0.105684
0.671875 0.107463

-2.15625 -0.307569
-2.14062 -0.305774

0.671875 0.107462
0.6875 0.109237

-0.5 -0.056259
-0.484375 -0.0536995

-0.484375 -0.0536989
-0.46875 -0.0511347

-0.46875 -0.0511348
-0.453125 -0.048567

-0.453125 -0.0486002
-0.442644 -0.046875

-0.443219 -0.046875
-0.4375 -0.0459336

0.6875 0.109233
0.688753 0.109375

0.688721 0.109375
0.703125 0.111012

0.703125 0.111011
0.71875 0.11279

0.71875 0.11279
0.734375 0.114576

0.734375 0.114576
0.75 0.116369

-0.4375 -0.0459957
-0.421875 -0.0434185

-0.421875 -0.0434186
-0.40625 -0.0408354

-0.40625 -0.0408346
-0.390625 -0.0382471

-0.390625 -0.0382457
-0.375 -0.0356581

0.75 0.11637
0.765625 0.118165

-2.14062 -0.305773
-2.125 -0.303931

-0.375 -0.0356566
-0.359375 -0.0330747

-0.359375 -0.0330873
-0.348208 -0.03125

-0.348493 -0.03125
-0.34375 -0.0304696

-0.34375 -0.0305021
-0.328125 -0.0279462

-0.328125 -0.0279461
-0.3125 -0.0254064

-0.3125 -0.0254066
-0.296875 -0.0228828

-0.296875 -0.0228833
-0.28125 -0.0203738

-0.28125 -0.020374
-0.265625 -0.0178773

-0.265625 -0.0178789
-0.251453 -0.015625

-0.251534 -0.015625
-0.25 -0.015381

-0.25 -0.0153929
-0.234375 -0.0129183

-0.234375 -0.0129189
-0.21875 -0.0104529

-2.125 -0.303931
-2.10938 -0.302044

-2.10938 -0.302044
-2.09375 -0.300112

-2.09375 -0.300112
-2.07812 -0.298136

-2.07812 -0.298113
-2.06855 -0.296875

-2.06808 -0.296875
-2.0625 -0.296154

-0.21875 -0.0104532
-0.203125 -0.00799412

-0.203125 -0.00799439
-0.1875 -0.00554126

-0.1875 -0.00554112
-0.171875 -0.00309362

-0.171875 -0.00309341
-0.15625 -0.000652243

-0.15625 -0.000757128
-0.151388 0

-2.0625 -0.296115
-2.04688 -0.294051

-2.04688 -0.294051
-2.03125 -0.291942

0.765625 0.118167
0.78125 0.11996

0.78125 0.119962
0.796875 0.121747

0.796875 0.121748
0.8125 0.12352

-2.03125 -0.291943
-2.01562 -0.28979

0.8125 0.123507
0.825785 0.125

-2.01562 -0.28979
-2 -0.287593

0.825112 0.125
0.828125 0.125339

0.828125 0.125276
0.84375 0.127015

0.84375 0.127014
0.859375 0.128736

0.859375 0.128735
0.875 0.130442

0.875 0.130441
0.890625 0.132135

0.890625 0.132134
0.90625 0.13382

0.90625 0.133818
0.921875 0.1355

0.921875 0.135498
0.9375 0.137181

-0.15233 0
-0.140625 0.00182281

0.9375 0.13718
0.953125 0.138871

0.953125 0.138868
0.96875 0.140575

0.968266 0.140625
0.96875 0.140678

-0.140625 0.00178197
-0.125 0.00420527

0.96875 0.140573
0.969224 0.140625

0.9692 0.140625
0.984375 0.142303

0.984375 0.142302
1 0.144053

-0.125 0.00420585
-0.109375 0.0066173

-0.109375 0.00661798
-0.09375 0.00901505

-0.09375 0.00901575
-0.078125 0.0113957

-0.078125 0.0113963
-0.0625 0.0137566

2 0.252544
2.01562 0.253969

2.01562 0.25397
2.03125 0.255384

-0.0625 0.0137425
-0.0499219 0.015625

-0.0503842 0.015625
-0.046875 0.0161502

-0.046875 0.0160958
-0.03125 0.018411

-0.03125 0.018411
-0.015625 0.0207025

-0.015625 0.0207023
0 0.0229707

2.03125 0.255385
2.04688 0.256787

2.04688 0.256788
2.0625 0.258171

2.0625 0.258173
2.07812 0.259534

2.07812 0.259535
2.09375 0.26087

2.09375 0.26087
2.10938 0.262176

2.10938 0.262176
2.125 0.26345

2.125 0.26345
2.14062 0.264689

2.14062 0.26469
2.15276 0.265625

2.15281 0.265625
2.15625 0.26589

2.15625 0.265893
2.17188 0.267061

2.17188 0.267061
2.1875 0.268192

2.1875 0.268193
2.20312 0.269287

2.20312 0.269288
2.21875 0.270341

2.21875 0.270342
2.23438 0.271349

2.23438 0.271351
2.25 0.272307

2.25 0.272308
2.26562 0.27321

2.26562 0.273211
2.28125 0.274054

2.28125 0.274055
2.29688 0.274832

2.29688 0.274834
2.3125 0.27554

2.3125 0.275542
2.32812 0.27617

2.32812 0.276172
2.34375 0.276714

2.34375 0.276716
2.35938 0.277163

2.35938 0.277166
2.375 0.27751

2.375 0.277512
2.39062 0.277745

2.39062 0.277747
2.40625 0.277859

2.40625 0.277861
2.42188 0.277846

2.42188 0.277847
2.4375 0.277699

-2 -0.287593
-1.98438 -0.285349

-1.98438 -0.285349
-1.96875 -0.283056

-1.96875 -0.283053
-1.95672 -0.28125

-1.95662 -0.28125
-1.95312 -0.280726

2.4375 0.277701
2.45312 0.277414

2.45312 0.277415
2.46875 0.276985

-1.95312 -0.280715
-1.9375 -0.278324

2.46875 0.276985
2.48438 0.276409

-1.9375 -0.278324
-1.92188 -0.275886

-1.92188 -0.275886
-1.90625 -0.2734

-1.90625 -0.273399
-1.89062 -0.270869

-1.89062 -0.270868
-1.875 -0.268294

2.48438 0.27641
2.5 0.275684

-1.875 -0.268293
-1.85938 -0.265682

-1.85938 -0.265683
-1.85903 -0.265625

-1.85905 -0.265625
-1.84375 -0.263035

-1.84375 -0.263034
-1.82812 -0.260359

-1.82812 -0.260357
-1.8125 -0.257657

-1.8125 -0.257655
-1.79688 -0.254935

-1.79688 -0.254933
-1.78125 -0.252199

1 0.144053
1.01562 0.145831

1.01562 0.145831
1.03125 0.147634

-1.78125 -0.2522
-1.76871 -0.25

1.03125 0.147635
1.04688 0.149461

1.04688 0.149462
1.0625 0.151305

1.0625 0.151306
1.07812 0.153162

1.07812 0.153164
1.09375 0.155027

1.09375 0.154966
1.10452 0.15625

1.10305 0.15625
1.10938 0.157004

-1.76877 -0.25
-1.76562 -0.249448

2.70312 0.249005
2.69856 0.25

2.70312 0.249449
2.71875 0.245745

1.10938 0.156893
1.125 0.158748

2.71875 0.24575
2.73438 0.241739

-1.76562 -0.249456
-1.75 -0.246712

2.73438 0.241743
2.75 0.23741

2.5 0.275685
2.51562 0.274806

2.51562 0.274807
2.53125 0.27377

1.125 0.15875
1.14062 0.160586

2.53125 0.273771
2.54688 0.272571

2.54688 0.272573
2.5625 0.271203

1.14062 0.160589
1.15625 0.162396

2.5625 0.271205
2.57812 0.269655

-1.75 -0.246712
-1.73438 -0.243968

-1.73438 -0.243968
-1.71875 -0.241226

2.57812 0.269658
2.59375 0.267919

1.15625 0.162398
1.17188 0.164169

1.17188 0.164169
1.1875 0.1659

2.59375 0.267923
2.60938 0.265983

2.625 0.263821
2.61192 0.265625

-1.71875 -0.241226
-1.70312 -0.238485

-1.70312 -0.238485
-1.6875 -0.235743

1.1875 0.165899
1.20312 0.16759

1.20312 0.167588
1.21875 0.169248

1.21875 0.169245
1.23438 0.170881

1.23438 0.170778
1.24492 0.171875

-1.6875 -0.235761
-1.6796 -0.234375

-1.6798 -0.234375
-1.67188 -0.232984

2.60938 0.266035
2.61235 0.265625

1.24253 0.171875
1.25 0.172651

2.625 0.263834
2.64062 0.261452

-1.67188 -0.233002
-1.65625 -0.230263

-1.65625 -0.230263
-1.64062 -0.227525

-1.64062 -0.227524
-1.625 -0.22479

2.64062 0.261455
2.65625 0.258837

2.65625 0.25884
2.67188 0.255974

2.67188 0.255977
2.6875 0.25285

-1.625 -0.224789
-1.60938 -0.222064

-1.60938 -0.222063
-1.59375 -0.219353

1.25 0.1725
1.26562 0.174123

1.26562 0.17412
1.28125 0.175752

1.28125 0.17575
1.29688 0.177402

1.29688 0.1774
1.3125 0.179083

-1.59375 -0.219392
-1.59002 -0.21875

1.3125 0.179081
1.32812 0.180803

1.32812 0.180802
1.34375 0.182569

2.6875 0.252973
2.70113 0.25

-1.59032 -0.21875
-1.57812 -0.21665

-1.57812 -0.216662
-1.5625 -0.213995

-1.5625 -0.213995
-1.54688 -0.211353

-1.54688 -0.211353
-1.53125 -0.208733

1.34375 0.182569
1.35938 0.184384

1.35938 0.184384
1.375 0.186248

-1.53125 -0.208733
-1.51562 -0.206134

2.76562 0.232219
2.75842 0.234375

1.375 0.186194
1.38569 0.1875

2.75 0.237725
2.7612 0.234375

-1.51562 -0.206134
-1.5 -0.203554

2.76562 0.232743
2.78125 0.227714

1.38443 0.1875
1.39062 0.188257

1.39062 0.188159
1.40625 0.190109

2.8125 0.215836
2.80466 0.21875

2.78125 0.22772
2.79688 0.222317

1.40625 0.190111
1.42188 0.192097

1.42188 0.192099
1.4375 0.194112

2.79688 0.222788
2.80774 0.21875

2.875 0.187424
2.87485 0.1875

2.8125 0.216523
2.82812 0.210284

1.4375 0.194115
1.45312 0.196144

1.45312 0.196147
1.46875 0.198183

1.46875 0.198185
1.48438 0.200216

1.48438 0.200218
1.5 0.202235

2.84375 0.20208
2.84132 0.203125

2.82812 0.210379
2.84375 0.203672

2.85938 0.196362
2.84473 0.203125

2.84375 0.203814
2.84524 0.203125

2.85938 0.196397
2.875 0.188621

-1.5 -0.203616
-1.497 -0.203125

-1.49746 -0.203125
-1.48438 -0.200982

-1.48438 -0.200995
-1.46875 -0.198461

-1.46875 -0.19846
-1.45312 -0.195954

3 0.0986521
2.97067 0.125

2.89062 0.180177
2.87699 0.1875

-1.45312 -0.195953
-1.4375 -0.193478

-1.4375 -0.193478
-1.42188 -0.191037

-1.42188 -0.191037
-1.40625 -0.188631

-1.40625 -0.188688
-1.39843 -0.1875

2.90625 0.16978
2.90261 0.171875

2.89062 0.180496
2.90548 0.171875

-1.39914 -0.1875
-1.39062 -0.186207

2.9375 0.150053
2.92842 0.15625

2.90625 0.171214
2.92188 0.161394

2.92188 0.162158
2.93055 0.15625

2.875 0.18899
2.87782 0.1875

-1.39062 -0.18626
-1.375 -0.183916

2.95312 0.139585
2.95171 0.140625

2.9375 0.150737
2.95109 0.140625

-1.375 -0.183917
-1.35938 -0.181598

-1.35938 -0.181599
-1.34375 -0.179297

-1.34375 -0.179298
-1.32812 -0.177008

-1.32812 -0.177009
-1.3125 -0.174727

2.95312 0.139185
2.96875 0.126502

2.96875 0.125584
2.96944 0.125

-1.3125 -0.174728
-1.29688 -0.172451

-1.29688 -0.17261
-1.29183 -0.171875

-1.29333 -0.171875
-1.28125 -0.170117

-1.28125 -0.170178
-1.26562 -0.167908

-1.26562 -0.167907
-1.25 -0.165642

3.5 -0.000353653
3.49383 0

3.0625 0.0426141
3.03709 0.0625

3.03125 0.0683255
3.00365 0.09375

3 0.0976029
3.00405 0.09375

3.03125 0.0683553
3.03814 0.0625

3.0625 0.0406256
3.125 0.0125256

3.125 0.0178688
3.23339 0

3.25 0.0101101
3.42651 0

4 -0.00769008
3.59038 0

3.5 0.000777611
3.54142 0

-1.25 -0.165641
-1.23438 -0.163381

-1.23438 -0.16338
-1.21875 -0.161128

-1.21875 -0.161127
-1.20312 -0.158884

-1.20312 -0.158883
-1.1875 -0.15665

-1.1875 -0.15667
-1.18455 -0.15625

-1.18472 -0.15625
-1.17188 -0.154425

-1.17188 -0.154429
-1.15625 -0.15222

-1.15625 -0.15222
-1.14062 -0.150022

-1.14062 -0.150023
-1.125 -0.147836

-1.125 -0.147836
-1.10938 -0.145658

-1.10938 -0.145659
-1.09375 -0.143487

-1.09375 -0.143487
-1.07812 -0.14132

-1.07812 -0.141332
-1.07302 -0.140625

-1.07315 -0.140625
-1.0625 -0.139149

-1.0625 -0.139155
-1.04688 -0.13699

-1.04688 -0.136991
-1.03125 -0.134827

-1.03125 -0.134827
-1.01562 -0.132663

-1.01562 -0.132663
-1 -0.130498

