-4 -0.000235222
-3.82884 0

-3.60247 0
-3.5 0.000140821

1.5 -0.0257612
1.51562 -0.0262424

1.51562 -0.0262424
1.53125 -0.0267266

1.53125 -0.0267266
1.54688 -0.0272139

1.54688 -0.0272139
1.5625 -0.0277042

-3.38637 0
-3.25 0.000677282

-3.20379 0
-3.125 0.00133523

-3.12492 0
-3.0625 0.003358

-3.0625 0.00330746
-3.03125 0.00700176

-3.03125 0.00721869
-3 0.0125933

1.5625 -0.0277042
1.57812 -0.0281975

1.57812 -0.0281975
1.59375 -0.0286938

1.59375 -0.0286938
1.60938 -0.0291932

1.60938 -0.0291932
1.625 -0.0296955

1.625 -0.0296955
1.64062 -0.0302007

1.64062 -0.0302008
1.65625 -0.0307086

1.6875 -0.0317309
1.67281 -0.03125

0.15625 -6.13511e-05
0.15086 0

0.15625 -6.14261e-05
0.171875 -0.00023925

0.171875 -0.000239235
0.1875 -0.000417098

1.65625 -0.0307087
1.67188 -0.0312189

0.1875 -0.00041708
0.203125 -0.000595049

-3 0.0128909
-2.98608 0.015625

-2.98575 0.015625
-2.98438 0.015895

0.203125 -0.000595026
0.21875 -0.000773181

-1 0.0138464
-0.984375 0.0135999

-0.984375 0.0135999
-0.96875 0.0133589

-0.96875 0.013359
-0.953125 0.0131232

-0.953125 0.0131233
-0.9375 0.0128923

0.21875 -0.000773155
0.234375 -0.000951594

0.234375 -0.000951564
0.25 -0.0011304

1.67188 -0.0312188
1.67283 -0.03125

0.25 -0.00113037
0.265625 -0.00130973

1.6875 -0.0317304
1.70312 -0.0322435

1.70312 -0.0322438
1.71875 -0.0327587

1.71875 -0.0327587
1.73438 -0.033275

1.73438 -0.033275
1.75 -0.0337927

0.265625 -0.0013097
0.28125 -0.00148968

0.28125 -0.00148965
0.296875 -0.00167037

-2.98438 0.0159515
-2.96875 0.0188257

-2.96875 0.0188241
-2.95312 0.0215114

-2.95312 0.0215079
-2.9375 0.0240184

-2.9375 0.0240165
-2.92188 0.026361

-2.92188 0.0263585
-2.90625 0.0285459

-2.90625 0.0285443
-2.89062 0.0305828

-2.89062 0.0305452
-2.88481 0.03125

-2.88528 0.03125
-2.875 0.0324968

-2.875 0.0324738
-2.85938 0.0342309

-2.85938 0.0342289
-2.84375 0.0358578

-2.84375 0.0358561
-2.82812 0.0373641

-2.82812 0.0373622
-2.8125 0.0387566

-2.8125 0.0387552
-2.79688 0.0400424

-2.79688 0.0400412
-2.78125 0.0412265

-2.78125 0.0412252
-2.76562 0.0423134

-2.76562 0.042312
-2.75 0.0433083

-2.75 0.0433071
-2.73438 0.0442166

-2.73438 0.0442153
-2.71875 0.0450432

-2.71875 0.0450419
-2.70312 0.0457934

-2.70312 0.0457926
-2.6875 0.046472

-2.6875 0.0464719
-2.67715 0.046875

-2.67718 0.046875
-2.67188 0.0470816

-2.67188 0.0470802
-2.65625 0.0476191

-2.65625 0.0476173
-2.64062 0.0480913

-2.64062 0.0480908
-2.625 0.0485044

-2.625 0.0485036
-2.60938 0.0488595

-2.60938 0.0488586
-2.59375 0.0491604

-2.59375 0.0491597
-2.57812 0.0494104

-2.57812 0.0494097
-2.5625 0.0496118

1.75 -0.0337928
1.76562 -0.0343116

1.76562 -0.0343116
1.78125 -0.0348312

1.78125 -0.0348312
1.79688 -0.0353515

1.79688 -0.0353516
1.8125 -0.0358723

1.8125 -0.0358724
1.82812 -0.0363933

1.82812 -0.0363934
1.84375 -0.0369141

1.84375 -0.0369142
1.85938 -0.0374345

-0.9375 0.0128924
-0.921875 0.0126659

-0.921875 0.0126661
-0.90625 0.0124436

-0.90625 0.0124437
-0.890625 0.012225

-0.890625 0.0122251
-0.875 0.0120095

-0.875 0.0120096
-0.859375 0.0117969

-0.859375 0.0117969
-0.84375 0.0115867

-0.84375 0.0115868
-0.828125 0.0113789

-0.828125 0.0113789
-0.8125 0.0111732

-0.8125 0.0111732
-0.796875 0.0109695

-0.796875 0.0109695
-0.78125 0.0107679

-0.78125 0.0107679
-0.765625 0.0105685

-0.765625 0.0105684
-0.75 0.0103713

-0.75 0.0103713
-0.734375 0.0101766

-0.734375 0.0101765
-0.71875 0.00998429

-0.71875 0.00998429
-0.703125 0.00979457

-0.703125 0.00979459
-0.6875 0.00960736

-0.6875 0.0096074
-0.671875 0.00942254

-0.671875 0.0094226
-0.65625 0.00923991

-0.65625 0.00923999
-0.640625 0.00905918

-0.640625 0.00905927
-0.625 0.00888

-0.625 0.00888009
-0.609375 0.008702

-0.609375 0.00870209
-0.59375 0.00852483

-0.59375 0.0085249
-0.578125 0.00834817

-0.578125 0.00834822
-0.5625 0.00817175

-0.5625 0.00817178
-0.546875 0.00799543

-0.546875 0.00799544
-0.53125 0.00781911

-0.53125 0.00781911
-0.515625 0.00764279

1.85938 -0.0374346
1.875 -0.0379541

0.296875 -0.00167034
0.3125 -0.00185191

-2.5625 0.0496112
-2.54688 0.049767

-2.54688 0.0497665
-2.53125 0.049878

1.875 -0.0379541
1.89062 -0.0384725

1.89062 -0.0384726
1.90625 -0.0389896

1.90625 -0.0389897
1.92188 -0.0395051

1.92188 -0.0395051
1.9375 -0.0400186

-2.53125 0.0498775
-2.51562 0.049947

1.9375 -0.0400186
1.95312 -0.0405298

-0.515625 0.00764277
-0.5 0.0074665

-2.51562 0.0499464
-2.5 0.049976

0.3125 -0.00185189
0.328125 -0.00203444

0.328125 -0.00203441
0.34375 -0.00221806

0.34375 -0.00221803
0.359375 -0.00240288

0.359375 -0.00240285
0.375 -0.00258901

0.375 -0.00258898
0.390625 -0.00277659

0.390625 -0.00277656
0.40625 -0.00296573

0.40625 -0.00296569
0.421875 -0.00315657

0.421875 -0.00315653
0.4375 -0.00334926

0.4375 -0.00334922
0.453125 -0.00354395

1.95312 -0.0405299
1.96875 -0.0410384

1.96875 -0.0410385
1.98438 -0.0415439

0.453125 -0.00354391
0.46875 -0.00374081

0.46875 -0.00374076
0.484375 -0.00394001

-2.5 0.0499755
-2.48438 0.0499675

0.484375 -0.00393996
0.5 -0.00414173

0 0.00172506
0.015625 0.00154531

1.98438 -0.041544
2 -0.042046

-0.5 0.00746649
-0.484375 0.0072903

-2.48438 0.049967
-2.46875 0.0499234

-0.484375 0.0072903
-0.46875 0.00711422

-0.46875 0.00711423
-0.453125 0.00693824

-0.453125 0.00693826
-0.4375 0.00676227

0.015625 0.00154531
0.03125 0.00136584

0.03125 0.00136584
0.046875 0.00118664

-2.46875 0.0499229
-2.45312 0.0498455

-2.45312 0.049845
-2.4375 0.0497354

-2.4375 0.049735
-2.42188 0.049595

0.046875 0.00118664
0.0625 0.00100769

-2.42188 0.0495945
-2.40625 0.0494261

-2.40625 0.0494256
-2.39062 0.0492308

0.0625 0.00100769
0.078125 0.00082899

0.078125 0.000828994
0.09375 0.000650536

-0.4375 0.0067623
-0.421875 0.00658619

-0.421875 0.00658622
-0.40625 0.00640987

-0.40625 0.00640989
-0.390625 0.00623319

0.09375 0.000650541
0.109375 0.000472304

-0.390625 0.0062332
-0.375 0.00605607

-0.375 0.00605608
-0.359375 0.00587849

-0.359375 0.00587849
-0.34375 0.00570044

-0.34375 0.00570043
-0.328125 0.00552193

0.109375 0.000472314
0.125 0.000294271

-0.328125 0.00552193
-0.3125 0.005343

2 -0.0420461
2.01562 -0.0425441

-2.39062 0.0492304
-2.375 0.0490111

-0.3125 0.00534299
-0.296875 0.00516367

0.125 0.00029429
0.140625 0.000116384

-0.296875 0.00516366
-0.28125 0.00498395

-2.375 0.0490107
-2.35938 0.0487683

0.140625 0.000116353
0.150848 0

-2.35938 0.048768
-2.34375 0.0485038

2.01562 -0.0425442
2.03125 -0.0430378

2.03125 -0.0430379
2.04688 -0.0435266

2.04688 -0.0435267
2.0625 -0.0440099

-2.34375 0.0485035
-2.32812 0.0482185

-2.32812 0.0482182
-2.3125 0.0479138

2.0625 -0.04401
2.07812 -0.044487

0.5 -0.00414169
0.515625 -0.00434617

2.07812 -0.0444872
2.09375 -0.0449575

-0.28125 0.00498395
-0.265625 0.00480388

-2.3125 0.0479135
-2.29688 0.0475911

0.515625 -0.00434612
0.53125 -0.00455349

-2.29688 0.0475908
-2.28125 0.0472516

0.53125 -0.00455345
0.546875 -0.00476389

-0.265625 0.00480387
-0.25 0.00462348

-2.28125 0.0472513
-2.26562 0.0468963

-2.25 0.0465262
-2.26474 0.046875

-2.26562 0.046896
-2.26474 0.046875

2.09375 -0.0449577
2.10938 -0.0454205

-0.25 0.00462347
-0.234375 0.00444277

0.546875 -0.00476385
0.5625 -0.00497754

-2.25 0.0465258
-2.23438 0.0461425

-2.23438 0.0461422
-2.21875 0.0457465

-2.21875 0.0457463
-2.20312 0.0453393

-2.20312 0.0453391
-2.1875 0.0449218

-2.1875 0.0449216
-2.17188 0.0444947

2.10938 -0.0454206
2.125 -0.0458752

-2.17188 0.0444945
-2.15625 0.0440589

0.5625 -0.0049775
0.578125 -0.00519461

-0.234375 0.00444276
-0.21875 0.00426179

2.125 -0.0458753
2.14062 -0.0463215

-0.21875 0.00426178
-0.203125 0.00408058

0.578125 -0.00519457
0.59375 -0.00541523

0.59375 -0.0054152
0.609375 -0.00563957

2.14062 -0.0463216
2.15625 -0.046759

0.609375 -0.00563954
0.625 -0.00586773

2.17188 -0.047187
2.16047 -0.046875

0.625 -0.0058677
0.640625 -0.00609981

2.15625 -0.0467594
2.16047 -0.046875

0.640625 -0.00609979
0.65625 -0.00633591

-0.203125 0.00408057
-0.1875 0.00389919

2.17188 -0.0471872
2.1875 -0.0476037

-0.1875 0.00389918
-0.171875 0.00371766

2.1875 -0.0476038
2.20312 -0.048009

0.65625 -0.0063359
0.671875 -0.00657609

-2.15625 0.0440587
-2.14062 0.0436151

2.20312 -0.0480093
2.21875 -0.0484024

-2.14062 0.0436149
-2.125 0.0431643

-2.125 0.0431641
-2.10938 0.042707

-2.10938 0.0427068
-2.09375 0.0422439

-2.09375 0.0422438
-2.07812 0.0417758

-2.07812 0.0417757
-2.0625 0.0413033

-2.0625 0.0413031
-2.04688 0.0408269

-2.04688 0.0408268
-2.03125 0.0403472

-2.03125 0.0403471
-2.01562 0.0398647

-2.01562 0.0398646
-2 0.0393799

-0.171875 0.00371765
-0.15625 0.00353604

-0.15625 0.00353603
-0.140625 0.00335437

2.21875 -0.0484027
2.23438 -0.0487828

2.23438 -0.048783
2.25 -0.0491493

0.671875 -0.00657608
0.6875 -0.00682039

0.6875 -0.00682039
0.703125 -0.00706886

0.703125 -0.00706886
0.71875 -0.00732152

2.25 -0.0491495
2.26562 -0.049501

-0.140625 0.00335436
-0.125 0.00317271

0.71875 -0.00732152
0.734375 -0.00757838

0.734375 -0.00757838
0.75 -0.00783945

2.26562 -0.0495013
2.28125 -0.049837

2.28125 -0.0498373
2.29688 -0.0501559

-0.125 0.00317269
-0.109375 0.00299109

0.75 -0.00783945
0.765625 -0.00810471

0.765625 -0.00810471
0.78125 -0.00837415

2.29688 -0.0501563
2.3125 -0.0504566

-0.109375 0.00299108
-0.09375 0.00280957

0.78125 -0.00837415
0.796875 -0.00864779

0.796875 -0.00864778
0.8125 -0.00892562

-0.09375 0.00280956
-0.078125 0.0026282

-0.078125 0.00262819
-0.0625 0.00244703

-0.0625 0.00244702
-0.046875 0.0022661

-0.046875 0.00226609
-0.03125 0.00208545

2.3125 -0.0504569
2.32812 -0.0507377

2.32812 -0.050738
2.34375 -0.0509978

-0.03125 0.00208545
-0.015625 0.0019051

0.8125 -0.00892561
0.828125 -0.00920766

-2 0.0393798
-1.98438 0.0388931

2.34375 -0.0509981
2.35938 -0.0512357

2.35938 -0.0512361
2.375 -0.0514503

-0.015625 0.0019051
0 0.00172505

-1.98438 0.038893
-1.96875 0.0384048

0.828125 -0.00920766
0.84375 -0.00949396

-1.96875 0.0384047
-1.95312 0.0379154

-1.95312 0.0379153
-1.9375 0.0374253

0.84375 -0.00949395
0.859375 -0.00978453

0.859375 -0.00978453
0.875 -0.0100794

2.375 -0.0514506
2.39062 -0.0516401

0.875 -0.0100794
0.890625 -0.0103786

0.890625 -0.0103786
0.90625 -0.0106822

0.90625 -0.0106822
0.921875 -0.0109902

2.39062 -0.0516404
2.40625 -0.0518036

-1.9375 0.0374253
-1.92188 0.0369348

0.921875 -0.0109901
0.9375 -0.0113025

0.9375 -0.0113025
0.953125 -0.0116194

2.40625 -0.0518041
2.42188 -0.0519394

2.42188 -0.0519399
2.4375 -0.0520457

0.953125 -0.0116194
0.96875 -0.0119408

0.96875 -0.0119408
0.984375 -0.0122668

2.4375 -0.0520461
2.45312 -0.0521206

2.45312 -0.052121
2.46875 -0.0521624

0.984375 -0.0122668
1 -0.0125976

-1.92188 0.0369347
-1.90625 0.0364441

-1.90625 0.036444
-1.89062 0.0359534

2.46875 -0.0521629
2.48438 -0.0521694

2.48438 -0.0521698
2.5 -0.0521397

-1.89062 0.0359534
-1.875 0.035463

-1.875 0.035463
-1.85938 0.0349731

-1.85938 0.0349731
-1.84375 0.0344839

-1.84375 0.0344838
-1.82812 0.0339954

-1.82812 0.0339954
-1.8125 0.033508

-1.8125 0.033508
-1.79688 0.0330217

-1.79688 0.0330217
-1.78125 0.0325367

-1.78125 0.0325367
-1.76562 0.0320532

-1.76562 0.0320531
-1.75 0.0315713

2.5 -0.0521402
2.51562 -0.0520714

2.51562 -0.0520719
2.53125 -0.0519622

2.53125 -0.0519628
2.54688 -0.0518098

2.54688 -0.0518104
2.5625 -0.0516116

-1.73438 0.0310914
-1.73954 0.03125

2.5625 -0.0516124
2.57812 -0.0513651

1 -0.0125976
1.01562 -0.0129333

2.57812 -0.0513658
2.59375 -0.0510674

-1.73438 0.031091
-1.71875 0.0306131

1.01562 -0.0129333
1.03125 -0.013274

-1.75 0.0315715
-1.73954 0.03125

2.59375 -0.051068
2.60938 -0.0507159

2.60938 -0.0507167
2.625 -0.0503079

1.03125 -0.013274
1.04688 -0.0136198

2.625 -0.0503088
2.64062 -0.0498402

-1.71875 0.0306129
-1.70312 0.0301385

1.04688 -0.0136198
1.0625 -0.0139708

2.64062 -0.0498408
2.65625 -0.0493094

2.65625 -0.0493106
2.67188 -0.0487126

-1.70312 0.0301383
-1.6875 0.0296681

2.67188 -0.0487135
2.6875 -0.0480449

-1.6875 0.029668
-1.67188 0.0292024

-1.67188 0.0292023
-1.65625 0.0287419

1.0625 -0.0139707
1.07812 -0.0143269

1.07812 -0.0143268
1.09375 -0.0146882

2.6875 -0.0480455
2.70312 -0.0473033

-1.65625 0.0287418
-1.64062 0.0282868

1.09375 -0.0146882
1.10938 -0.0150547

2.70312 -0.0473072
2.71134 -0.046875

-1.64062 0.0282868
-1.625 0.0278372

1.10938 -0.0150547
1.125 -0.0154265

1.14062 -0.0158032
1.13323 -0.015625

2.71128 -0.046875
2.71875 -0.0464818

2.71875 -0.0464838
2.73438 -0.0455776

2.73438 -0.0455785
2.75 -0.0445861

-1.625 0.0278372
-1.60938 0.0273931

-1.60938 0.0273931
-1.59375 0.0269542

1.125 -0.0154267
1.13323 -0.015625

-1.59375 0.0269543
-1.57812 0.0265204

2.75 -0.0445874
2.76562 -0.043504

-1.57812 0.0265205
-1.5625 0.0260913

-1.5625 0.0260914
-1.54688 0.0256666

-1.54688 0.0256666
-1.53125 0.0252461

1.14062 -0.0158031
1.15625 -0.0161845

1.15625 -0.0161846
1.17188 -0.016571

2.76562 -0.043505
2.78125 -0.0423262

2.78125 -0.0423274
2.79688 -0.0410487

2.79688 -0.04105
2.8125 -0.0396665

2.8125 -0.0396684
2.82812 -0.0381738

2.82812 -0.0381754
2.84375 -0.0365625

2.84375 -0.0365647
2.85938 -0.034826

2.85938 -0.0348272
2.875 -0.0329558

2.875 -0.0329736
2.88838 -0.03125

2.8877 -0.03125
2.89062 -0.0308729

2.89062 -0.0309463
2.90625 -0.0287849

2.90625 -0.0287877
2.92188 -0.026472

1.17188 -0.016571
1.1875 -0.0169623

1.1875 -0.0169624
1.20312 -0.0173587

1.20312 -0.0173587
1.21875 -0.0177597

1.21875 -0.0177596
1.23438 -0.0181653

1.23438 -0.0181653
1.25 -0.0185757

-1.53125 0.0252461
-1.51562 0.0248298

1.25 -0.0185757
1.26562 -0.0189908

1.26562 -0.0189908
1.28125 -0.0194109

-1.51562 0.0248297
-1.5 0.0244179

2.92188 -0.0264735
2.9375 -0.0239949

2.9375 -0.0239981
2.95312 -0.0213471

2.95312 -0.0213484
2.96875 -0.0185159

2.96875 -0.0185166
2.98369 -0.015625

2.9843 -0.015625
2.98438 -0.0156105

2.98438 -0.0154993
3 -0.0122708

1.28125 -0.0194109
1.29688 -0.0198359

1.29688 -0.0198359
1.3125 -0.0202658

1.3125 -0.0202659
1.32812 -0.0207006

1.32812 -0.0207007
1.34375 -0.0211401

1.34375 -0.0211402
1.35938 -0.0215842

1.35938 -0.0215843
1.375 -0.0220327

3 -0.0118935
3.03125 -0.00652201

3.03125 -0.00649282
3.0625 -0.00291387

1.375 -0.0220328
1.39062 -0.0224856

1.39062 -0.0224856
1.40625 -0.0229426

-1.5 0.0244178
-1.48438 0.0240106

-1.48438 0.0240105
-1.46875 0.0236083

1.40625 -0.0229426
1.42188 -0.0234035

1.42188 -0.0234036
1.4375 -0.0238682

3.0625 -0.00290968
3.11538 0

3.125 -0.000390583
3.14968 0

3.25 -0.000337366
3.3515 0

3.22079 0
3.25 0.000462285

1.4375 -0.0238683
1.45312 -0.0243365

1.45312 -0.0243365
1.46875 -0.0248082

1.46875 -0.0248082
1.48438 -0.0252831

1.48438 -0.0252831
1.5 -0.0257612

3.5 -0.000486227
4 -0.000103423

-1.46875 0.0236083
-1.45312 0.0232111

-1.45312 0.0232111
-1.4375 0.0228192

-1.4375 0.0228192
-1.42188 0.0224323

-1.42188 0.0224323
-1.40625 0.0220504

-1.40625 0.0220504
-1.39062 0.0216735

-1.39062 0.0216735
-1.375 0.0213014

-1.375 0.0213014
-1.35938 0.0209343

-1.35938 0.0209343
-1.34375 0.0205721

-1.34375 0.0205721
-1.32812 0.0202149

-1.32812 0.0202148
-1.3125 0.0198626

-1.3125 0.0198626
-1.29688 0.0195154

-1.29688 0.0195154
-1.28125 0.0191733

-1.28125 0.0191734
-1.26562 0.0188363

-1.26562 0.0188363
-1.25 0.0185042

-1.25 0.0185042
-1.23438 0.018177

-1.23438 0.0181771
-1.21875 0.0178547

-1.21875 0.0178547
-1.20312 0.017537

-1.20312 0.017537
-1.1875 0.017224

-1.1875 0.017224
-1.17188 0.0169158

-1.17188 0.0169158
-1.15625 0.0166122

-1.15625 0.0166122
-1.14062 0.0163133

-1.14062 0.0163133
-1.125 0.0160191

-1.125 0.0160191
-1.10938 0.0157296

-1.09375 0.0154447
-1.10364 0.015625

-1.10938 0.0157294
-1.10365 0.015625

-1.09375 0.0154444
-1.07812 0.0151643

-1.07812 0.0151642
-1.0625 0.0148894

-1.0625 0.0148893
-1.04688 0.01462

-1.04688 0.01462
-1.03125 0.0143564

-1.03125 0.0143563
-1.01562 0.0140985

-1.01562 0.0140985
-1 0.0138463

