-4 -0.00630283
-3.73463 0

-3.63379 0
-3.5 0.00317769

1.70312 -0.26641
1.69842 -0.265625

1.6875 -0.26376
1.69866 -0.265625

-3.5 0.00240563
-3.25 0.0191108

-3.25 0.00800677
-3.125 0.0262298

-3.125 0.0190353
-3.0625 0.0438559

-3.0625 0.0457566
-3.04005 0.0625

1.70312 -0.266379
1.71875 -0.26897

1.71875 -0.268968
1.73438 -0.27155

1.73438 -0.271551
1.75 -0.274124

1.5 -0.231302
1.51562 -0.234043

1.53125 -0.236803
1.51745 -0.234375

-3.04181 0.0625
-3.03125 0.0707954

-3.03125 0.0703522
-3.0059 0.09375

-3.0056 0.09375
-3 0.0991735

1.51562 -0.233999
1.51776 -0.234375

1.53125 -0.2368
1.54688 -0.239543

1.54688 -0.239546
1.5625 -0.242268

1.5625 -0.242267
1.57812 -0.244965

1.57812 -0.244961
1.59375 -0.247645

1.59375 -0.247637
1.60749 -0.25

1.75 -0.274128
1.76562 -0.276685

1.76562 -0.276687
1.78125 -0.279215

1.79688 -0.281718
1.79394 -0.28125

1.79688 -0.281709
1.8125 -0.284158

1.78125 -0.279215
1.79402 -0.28125

1.8125 -0.284157
1.82812 -0.286565

1.82812 -0.286564
1.84375 -0.288933

1.84375 -0.288934
1.85938 -0.291265

1.85938 -0.291266
1.875 -0.293555

1.875 -0.293557
1.89062 -0.295798

1.90625 -0.297988
1.89829 -0.296875

1.89062 -0.295798
1.89833 -0.296875

1.90625 -0.297987
1.92188 -0.300107

1.92188 -0.300108
1.9375 -0.302159

-3 0.101465
-2.97494 0.125

-2.97182 0.125
-2.96875 0.12776

-2.96875 0.130445
-2.95707 0.140625

-2.95601 0.140625
-2.95312 0.143085

-2.95312 0.14372
-2.9375 0.155947

-2.9375 0.155951
-2.93708 0.15625

-2.93702 0.15625
-2.92188 0.167088

-2.92188 0.166109
-2.9131 0.171875

-2.91584 0.171875
-2.90625 0.178175

-2.90625 0.177296
-2.89062 0.186763

-2.89062 0.185093
-2.88632 0.1875

1.9375 -0.302159
1.95312 -0.304136

1.95312 -0.304135
1.96875 -0.30604

1.96875 -0.306039
1.98438 -0.307873

-2.88985 0.1875
-2.875 0.195818

1.98438 -0.307873
2 -0.309639

-2.875 0.195457
-2.86023 0.203125

-2.86075 0.203125
-2.85938 0.203823

-2.85938 0.201976
-2.85699 0.203125

-2.85938 0.203664
-2.84375 0.211195

-2.84375 0.21109
-2.82812 0.218095

-2.82812 0.216513
-2.82277 0.21875

-2.82745 0.21875
-2.8125 0.224991

-2.8125 0.2246
-2.79688 0.230674

0.078125 -0.000633454
0.0736423 0

0.078125 -0.000555364
0.09375 -0.00275244

-2.79688 0.230419
-2.78596 0.234375

-2.78786 0.234375
-2.78125 0.236772

-2.78125 0.236325
-2.76562 0.241604

-2.76562 0.241597
-2.75 0.24652

0.09375 -0.00275147
0.109375 -0.00493981

0.109375 -0.00493857
0.125 -0.00712259

-2.75 0.246439
-2.73788 0.25

-1 0.148309
-0.984375 0.146068

-2.73889 0.25
-2.73438 0.251328

-2.73438 0.251101
-2.71875 0.255375

-2.71875 0.255369
-2.70312 0.259347

-2.70312 0.259343
-2.6875 0.263046

-0.984375 0.146065
-0.96875 0.143827

-0.96875 0.143823
-0.953125 0.141606

-0.9375 0.139406
-0.946219 0.140625

-0.953125 0.141617
-0.946025 0.140625

-2.6875 0.263003
-2.67558 0.265625

-0.9375 0.139416
-0.921875 0.137277

0.125 -0.00712108
0.140625 -0.00930629

-2.6763 0.265625
-2.67188 0.266598

-2.67188 0.266478
-2.65625 0.269664

0.140625 -0.0093047
0.15625 -0.0114973

0.15625 -0.0114961
0.171875 -0.0137016

-2.65625 0.26966
-2.64062 0.272608

-0.921875 0.137277
-0.90625 0.13519

-0.90625 0.135192
-0.890625 0.13315

-2.64062 0.272606
-2.625 0.275329

-0.890625 0.133155
-0.875 0.131144

0.1875 -0.0160034
0.184841 -0.015625

-0.8125 0.123008
-0.827434 0.125

-2.625 0.275327
-2.60938 0.277836

-2.60938 0.277833
-2.59375 0.280136

-2.59375 0.28009
-2.58512 0.28125

-0.8125 0.123007
-0.796875 0.120884

0.171875 -0.0136863
0.185499 -0.015625

-2.58584 0.28125
-2.57812 0.282288

-2.57812 0.282233
-2.5625 0.284143

0.1875 -0.0159241
0.203125 -0.0181676

-0.796875 0.120882
-0.78125 0.118728

0.203125 -0.0181675
0.21875 -0.0204303

-2.5625 0.28414
-2.54688 0.285869

-2.54688 0.285866
-2.53125 0.287423

0.21875 -0.0204308
0.234375 -0.0227121

-0.78125 0.118724
-0.765625 0.116552

-2.53125 0.287421
-2.51562 0.288817

-2.51562 0.288815
-2.5 0.290056

0.234375 -0.0227127
0.25 -0.0250106

-0.765625 0.116548
-0.75 0.114371

-0.875 0.131149
-0.859375 0.129146

-0.859375 0.129151
-0.84375 0.127134

-0.84375 0.127138
-0.828125 0.125092

-0.828125 0.125098
-0.827393 0.125

-0.75 0.114368
-0.734375 0.1122

-0.734375 0.112199
-0.71875 0.11005

-0.703125 0.107913
-0.713861 0.109375

-0.71875 0.110071
-0.713638 0.109375

-0.703125 0.107924
-0.6875 0.105816

-0.6875 0.105819
-0.671875 0.103724

-0.671875 0.103727
-0.65625 0.101636

-0.65625 0.101638
-0.640625 0.09954

-0.640625 0.0995409
-0.625 0.0974303

-0.59375 0.0931165
-0.598389 0.09375

-0.625 0.0974298
-0.609375 0.0953059

-0.609375 0.0953257
-0.597835 0.09375

-0.59375 0.0931689
-0.578125 0.0910327

-0.578125 0.0910311
-0.5625 0.0888998

-0.5625 0.0888991
-0.546875 0.0867774

-0.546875 0.086778
-0.53125 0.0846663

-0.53125 0.0846679
-0.515625 0.0825618

-0.515625 0.0825634
-0.5 0.0804565

0.25 -0.0250115
0.265625 -0.0273234

-0.5 0.0804578
-0.484375 0.0783443

-0.46875 0.0762203
-0.482766 0.078125

-0.484375 0.0783538
-0.482691 0.078125

0.265625 -0.027324
0.28125 -0.0296468

0.296875 -0.0320633
0.291422 -0.03125

2.03125 -0.312965
2.02679 -0.3125

2.03125 -0.312969
2.04688 -0.314523

-2.5 0.290055
-2.48438 0.291148

-2.48438 0.291146
-2.46875 0.292098

-2.46875 0.292097
-2.45312 0.292912

-2.45312 0.292911
-2.4375 0.293596

-2.4375 0.293595
-2.42188 0.294154

-2.42188 0.294153
-2.40625 0.294588

-2.40625 0.294587
-2.39062 0.294901

-2.39062 0.2949
-2.375 0.295097

-2.375 0.295097
-2.35938 0.295176

-2.35938 0.295176
-2.34375 0.29514

-2.34375 0.29514
-2.32812 0.294989

-2.32812 0.294988
-2.3125 0.294722

-2.3125 0.294721
-2.29688 0.294342

-2.29688 0.294341
-2.28125 0.293852

-2.28125 0.293851
-2.26562 0.293256

-2.26562 0.293255
-2.25 0.29256

-2.25 0.292559
-2.23438 0.291768

-2.23438 0.291767
-2.21875 0.290885

-2.21875 0.290884
-2.20312 0.289915

-2.20312 0.289914
-2.1875 0.288862

-2.1875 0.288861
-2.17188 0.287731

-2.17188 0.287729
-2.15625 0.286527

-2.15625 0.286525
-2.14062 0.285255

-2.14062 0.285254
-2.125 0.283922

-2.09375 0.281094
-2.09543 0.28125

-2.125 0.28392
-2.10938 0.282531

-2.10938 0.282529
-2.09552 0.28125

-2.09375 0.281087
-2.07812 0.279596

-2.07812 0.279595
-2.0625 0.278061

-2.0625 0.27806
-2.04688 0.276488

-2.04688 0.276486
-2.03125 0.274882

-2.03125 0.27488
-2.01562 0.27325

-2.01562 0.273248
-2 0.271601

0.296875 -0.0319791
0.3125 -0.0343135

0.28125 -0.0296072
0.292265 -0.03125

0.3125 -0.0343142
0.328125 -0.036649

0.328125 -0.0366495
0.34375 -0.0389823

0.34375 -0.0389822
0.359375 -0.0413123

0.359375 -0.0413121
0.375 -0.0436399

2.04688 -0.314525
2.0625 -0.315998

0.375 -0.0436388
0.390625 -0.0459668

0.40625 -0.0483854
0.396121 -0.046875

0.390625 -0.0458339
0.397606 -0.046875

0.40625 -0.0482963
0.421875 -0.0506298

0.421875 -0.0506293
0.4375 -0.0529684

2 -0.30964
2.01562 -0.311338

2.01562 -0.311341
2.02675 -0.3125

2.0625 -0.316
2.07812 -0.317387

2.07812 -0.317388
2.09375 -0.318683

0.4375 -0.052968
0.453125 -0.0553145

0.453125 -0.0553139
0.46875 -0.05767

0.46875 -0.0576697
0.484375 -0.060037

0.484375 -0.0600363
0.5 -0.0624166

0 0.0106299
0.015625 0.00836088

0.015625 0.00836068
0.03125 0.006108

0.03125 0.00610811
0.046875 0.00387195

0.046875 0.0038724
0.0625 0.00165164

0.0625 0.0016803
0.0743909 0

2.09375 -0.318684
2.10938 -0.319885

2.10938 -0.319885
2.125 -0.320988

-1.79688 0.249632
-1.80029 0.25

-1.79688 0.249689
-1.78125 0.248

2.125 -0.320988
2.14062 -0.321992

2.14062 -0.321992
2.15625 -0.322896

2.15625 -0.322896
2.17188 -0.3237

-0.46875 0.0762208
-0.453125 0.0740878

-0.453125 0.0740872
-0.4375 0.0719471

-0.4375 0.0719467
-0.421875 0.0698017

-0.421875 0.0698016
-0.40625 0.0676527

-0.40625 0.067653
-0.390625 0.0654997

-0.390625 0.0655001
-0.375 0.0633408

0.515625 -0.0648173
0.5005 -0.0625

2.17188 -0.3237
2.1875 -0.324404

-1.78125 0.248001
-1.76562 0.246309

2.1875 -0.324404
2.20312 -0.325006

-1.76562 0.24631
-1.75 0.244614

-2 0.2716
-1.98438 0.269939

-0.359375 0.0611582
-0.369053 0.0625

0.515625 -0.064811
0.53125 -0.0672179

-0.359375 0.0611736
-0.34375 0.0590027

2.20312 -0.325007
2.21875 -0.325504

-1.98438 0.269939
-1.96875 0.26827

2.21875 -0.325505
2.23438 -0.325891

2.23438 -0.325893
2.25 -0.326163

-0.34375 0.0590015
-0.328125 0.0568302

0.53125 -0.0672184
0.546875 -0.0696374

0.546875 -0.0696376
0.5625 -0.0720671

0.5 -0.0623103
0.501238 -0.0625

0.5625 -0.0720677
0.578125 -0.0745057

0.578125 -0.0745056
0.59375 -0.076951

0.609375 -0.0795052
0.600578 -0.078125

0.59375 -0.0768415
0.601931 -0.078125

0.609375 -0.0794035
0.625 -0.081859

0.625 -0.0818592
0.640625 -0.0843179

0.640625 -0.0843177
0.65625 -0.0867795

0.65625 -0.0867792
0.671875 -0.0892452

0.671875 -0.0892447
0.6875 -0.0917167

0.703125 -0.0942502
0.699973 -0.09375

0.703125 -0.094196
0.71875 -0.096684

0.6875 -0.0917038
0.700394 -0.09375

0.71875 -0.096684
0.734375 -0.0991801

0.734375 -0.0991806
0.75 -0.101684

0.75 -0.101684
0.765625 -0.104194

0.765625 -0.104194
0.78125 -0.106708

0.78125 -0.106708
0.796875 -0.109226

0.8125 -0.111755
0.797746 -0.109375

0.796875 -0.109126
0.798419 -0.109375

0.8125 -0.111746
0.828125 -0.114269

0.828125 -0.114268
0.84375 -0.116796

0.84375 -0.116794
0.859375 -0.119332

0.859375 -0.119331
0.875 -0.121883

0.90625 -0.127078
0.89376 -0.125

0.90625 -0.127054
0.921875 -0.129683

0.921875 -0.129683
0.9375 -0.132341

0.9375 -0.132342
0.953125 -0.135029

0.953125 -0.135031
0.96875 -0.137741

0.96875 -0.137743
0.984375 -0.140469

1 -0.143207
0.985242 -0.140625

0.984375 -0.140442
0.985419 -0.140625

0.875 -0.121881
0.890625 -0.124455

0.890625 -0.12437
0.894409 -0.125

1 -0.143207
1.01562 -0.145939

1.01562 -0.14594
1.03125 -0.148663

1.03125 -0.148663
1.04688 -0.151375

1.04688 -0.151374
1.0625 -0.154076

1.07812 -0.156868
1.07455 -0.15625

1.07812 -0.156772
1.09375 -0.15947

1.0625 -0.15405
1.07524 -0.15625

1.09375 -0.159469
1.10938 -0.16217

1.10938 -0.16217
1.125 -0.164877

1.125 -0.164877
1.14062 -0.167591

1.14062 -0.167591
1.15625 -0.170314

1.17188 -0.173125
1.16473 -0.171875

-0.328125 0.0568289
-0.3125 0.0546622

-0.375 0.0633662
-0.368752 0.0625

-0.3125 0.0546612
-0.296875 0.0525038

-0.296875 0.0525033
-0.28125 0.050358

-0.28125 0.0503582
-0.265625 0.0482255

-0.25 0.0460608
-0.255995 0.046875

-0.265625 0.0482517
-0.255488 0.046875

1.15625 -0.170255
1.16551 -0.171875

1.17188 -0.173047
1.1875 -0.175791

-0.25 0.0461048
-0.234375 0.0439907

-0.234375 0.0439922
-0.21875 0.041882

2.25 -0.326164
2.26562 -0.326315

2.26562 -0.326315
2.28125 -0.326342

2.28125 -0.326342
2.29688 -0.326244

2.29688 -0.326244
2.3125 -0.326019

1.1875 -0.175791
1.20312 -0.178545

1.20312 -0.178545
1.21875 -0.181309

1.21875 -0.18131
1.23438 -0.184084

1.23438 -0.184084
1.25 -0.186868

-0.21875 0.0418839
-0.203125 0.0397711

-0.203125 0.0397731
-0.1875 0.0376503

1.26562 -0.189686
1.25339 -0.1875

1.26562 -0.189663
1.28125 -0.192461

1.28125 -0.192461
1.29688 -0.195261

2.3125 -0.32602
2.32812 -0.325668

1.29688 -0.195261
1.3125 -0.198061

1.25 -0.186792
1.25396 -0.1875

-0.1875 0.0376522
-0.171875 0.0355116

-1.96875 0.268269
-1.95312 0.266593

-0.171875 0.0355127
-0.15625 0.0333482

-1.9375 0.264905
-1.94418 0.265625

1.3125 -0.198061
1.32812 -0.200861

2.32812 -0.325669
2.34375 -0.325187

-1.95312 0.266596
-1.94411 0.265625

-0.140625 0.0311073
-0.141641 0.03125

-1.9375 0.264909
-1.92188 0.263219

1.34375 -0.203698
1.34056 -0.203125

2.34375 -0.325188
2.35938 -0.324573

1.32812 -0.200852
1.3408 -0.203125

-0.140625 0.0311554
-0.125 0.0289327

-1.92188 0.263219
-1.90625 0.261525

-0.15625 0.0333523
-0.141273 0.03125

2.35938 -0.324573
2.375 -0.323822

1.34375 -0.203663
1.35938 -0.206469

1.35938 -0.206469
1.375 -0.209276

-1.90625 0.261525
-1.89062 0.259829

1.375 -0.209278
1.39062 -0.212083

-1.89062 0.259828
-1.875 0.258132

2.375 -0.323823
2.39062 -0.322933

-0.125 0.0289321
-0.109375 0.0266829

1.39062 -0.212086
1.40625 -0.214882

-0.109375 0.0266815
-0.09375 0.0244098

1.4375 -0.220463
1.42779 -0.21875

2.39062 -0.322935
2.40625 -0.321902

1.40625 -0.214884
1.42188 -0.217663

1.42188 -0.217602
1.42838 -0.21875

-0.09375 0.0244083
-0.078125 0.02212

2.40625 -0.321903
2.42188 -0.320721

-0.078125 0.0221183
-0.0625 0.0198195

-1.875 0.258131
-1.85938 0.256437

1.4375 -0.220421
1.45312 -0.223154

-1.85938 0.256437
-1.84375 0.254747

-1.84375 0.254747
-1.82812 0.25306

-0.0625 0.0198179
-0.046875 0.0175149

-0.03125 0.0151547
-0.0344423 0.015625

1.45312 -0.223151
1.46875 -0.225868

1.46875 -0.225863
1.48438 -0.228578

-1.82812 0.253061
-1.8125 0.251375

-1.8125 0.25139
-1.79962 0.25

2.42188 -0.320722
2.4375 -0.319387

2.4375 -0.319388
2.45312 -0.317896

-0.046875 0.017527
-0.0339637 0.015625

2.45312 -0.317898
2.46875 -0.316245

2.46875 -0.316247
2.48438 -0.314426

-1.75 0.244614
-1.73438 0.242914

2.48438 -0.314434
2.49944 -0.3125

1.48438 -0.228576
1.5 -0.231302

-0.03125 0.0152104
-0.015625 0.0129152

-1.73438 0.242914
-1.71875 0.241209

2.49919 -0.3125
2.5 -0.312397

-1.71875 0.241209
-1.70312 0.239499

-1.70312 0.239499
-1.6875 0.237782

-0.015625 0.0129143
0 0.0106306

-1.6875 0.237782
-1.67188 0.236057

-1.65625 0.23423
-1.65756 0.234375

-1.67188 0.236063
-1.65669 0.234375

-1.65625 0.234321
-1.64062 0.232574

-1.64062 0.232574
-1.625 0.230814

-1.625 0.230814
-1.60938 0.229041

-1.60938 0.229042
-1.59375 0.227253

-1.59375 0.227254
-1.57812 0.225446

-1.57812 0.225447
-1.5625 0.223614

-1.5625 0.223616
-1.54688 0.221751

-1.54688 0.221753
-1.53125 0.219851

-1.51562 0.217882
-1.5226 0.21875

-1.51562 0.217906
-1.5 0.215913

-1.53125 0.219871
-1.52225 0.21875

1.60938 -0.250347
1.60736 -0.25

1.60938 -0.250327
1.625 -0.253028

2.5 -0.312427
2.51562 -0.310224

2.51562 -0.310226
2.53125 -0.307821

1.625 -0.253031
1.64062 -0.255741

2.53125 -0.307822
2.54688 -0.305208

2.54688 -0.305208
2.5625 -0.302383

2.5625 -0.302382
2.57812 -0.299346

2.57812 -0.299376
2.59013 -0.296875

2.58963 -0.296875
2.59375 -0.296017

2.59375 -0.296091
2.60938 -0.292611

2.60938 -0.292614
2.625 -0.28891

2.625 -0.288913
2.64062 -0.284971

1.64062 -0.255747
1.65625 -0.258451

1.65625 -0.258455
1.67188 -0.261132

1.67188 -0.261133
1.6875 -0.263774

2.64062 -0.284998
2.65455 -0.28125

2.65406 -0.28125
2.65625 -0.280661

2.65625 -0.280772
2.67188 -0.276285

2.67188 -0.276288
2.6875 -0.271521

2.6875 -0.271531
2.70312 -0.266461

-1.5 0.215913
-1.48438 0.213874

-1.48438 0.213872
-1.46875 0.211792

-1.46875 0.21179
-1.45312 0.209674

-1.45312 0.209673
-1.4375 0.207528

-1.4375 0.207527
-1.42188 0.20536

-1.42188 0.205359
-1.40625 0.203175

-1.39062 0.200978
-1.4059 0.203125

-1.40625 0.203175
-1.40589 0.203125

-1.39062 0.200976
-1.375 0.198774

2.70312 -0.266517
2.7057 -0.265625

2.70554 -0.265625
2.71875 -0.261051

2.71875 -0.261061
2.73438 -0.255295

2.73438 -0.255339
2.74792 -0.25

-1.375 0.198772
-1.35938 0.19657

-1.35938 0.196568
-1.34375 0.194372

-1.34375 0.194371
-1.32812 0.192187

2.74746 -0.25
2.75 -0.248999

-1.32812 0.192185
-1.3125 0.190019

-1.28125 0.185748
-1.29415 0.1875

-1.28125 0.18575
-1.26562 0.183654

-1.26562 0.183654
-1.25 0.181586

-1.3125 0.190018
-1.29688 0.187873

-1.29688 0.187883
-1.29405 0.1875

2.75 -0.24915
2.76562 -0.242578

2.76562 -0.242595
2.78125 -0.235583

2.78125 -0.235659
2.78392 -0.234375

2.78375 -0.234375
2.79688 -0.228076

2.79688 -0.228106
2.8125 -0.220067

-1.25 0.181587
-1.23438 0.179546

2.8125 -0.220135
2.81502 -0.21875

2.81488 -0.21875
2.82812 -0.211439

2.82812 -0.211487
2.84221 -0.203125

2.84195 -0.203125
2.84375 -0.202064

-1.23438 0.179547
-1.21875 0.177529

-1.21875 0.177531
-1.20312 0.17553

2.84375 -0.202213
2.85938 -0.192217

2.85938 -0.192314
2.8664 -0.1875

2.86613 -0.1875
2.875 -0.181369

-1.20312 0.175532
-1.1875 0.173541

2.875 -0.181479
2.8878 -0.171875

-1.17188 0.171472
-1.17504 0.171875

-1.1875 0.17356
-1.17428 0.171875

-1.17188 0.171552
-1.15625 0.169552

2.8878 -0.171875
2.89062 -0.169736

2.89062 -0.169781
2.90625 -0.157025

2.90625 -0.157048
2.90718 -0.15625

2.90719 -0.15625
2.92188 -0.143124

-1.15625 0.169554
-1.14062 0.167539

-1.14062 0.16754
-1.125 0.165504

2.92188 -0.14316
2.92455 -0.140625

2.92452 -0.140625
2.9375 -0.127712

2.9375 -0.127538
2.93992 -0.125

2.94013 -0.125
2.95312 -0.110526

2.95312 -0.110253
2.95388 -0.109375

-1.125 0.165505
-1.10938 0.163445

-1.10938 0.163445
-1.09375 0.16136

2.95408 -0.109375
2.96671 -0.09375

2.96675 -0.09375
2.96875 -0.0911126

-1.09375 0.16136
-1.07812 0.159249

-1.07812 0.15925
-1.0625 0.157112

-1.04688 0.154933
-1.05638 0.15625

-1.04688 0.154947
-1.03125 0.152758

-1.0625 0.157135
-1.05611 0.15625

-1.03125 0.152757
-1.01562 0.150545

-1.01562 0.150543
-1 0.148312

2.96875 -0.0909755
2.97804 -0.078125

2.97893 -0.078125
2.98438 -0.0696483

2.98438 -0.0645615
2.98569 -0.0625

2.98768 -0.0625
2.99725 -0.046875

3 -0.0410866
3.00675 -0.03125

3.00568 -0.03125
3.03125 -0.00418097

3.03125 -0.00449735
3.03782 0

3.5 -0.000288688
3.49263 0

3.02875 0
3.03125 0.00202812

3.0384 0
3.0625 0.0157966

3.0625 0.0162874
3.125 0.0346121

3.125 0.0291666
3.25 0.0280201

3.25 0.0118362
3.5 0.00163555

4 -0.0070141
3.55268 0

3.5 0.00168777
3.60764 0

