-4 -0.000845667
-3.96811 0

-3.76414 0
-3.5 0.00700362

-3.40688 0
-3.25 0.0151348

-3.25 0.00550095
-3.125 0.0411999

-3.125 0.0464497
-3.09192 0.0625

-3.11281 0.0625
-3.0625 0.08691

-3.0625 0.0859792
-3.03278 0.09375

-3.0375 0.09375
-3.03125 0.0953808

-3.03125 0.0952488
-3 0.0960354

1.5 -0.089424
1.51562 -0.0882839

1.51562 -0.0882906
1.53125 -0.0868044

1.53125 -0.0868096
1.54688 -0.0849532

1.54688 -0.0849563
1.5625 -0.0827131

1.5625 -0.0827115
1.57812 -0.0800786

1.57812 -0.0800723
1.58828 -0.078125

1.58821 -0.078125
1.59375 -0.0770616

1.59375 -0.0770719
1.60938 -0.0737285

1.60938 -0.0737388
1.625 -0.0700252

1.625 -0.0700213
1.64062 -0.0659245

1.64062 -0.0659189
1.65261 -0.0625

1.65258 -0.0625
1.65625 -0.0614527

1.65625 -0.0614527
1.67188 -0.0566682

1.67188 -0.0566694
1.6875 -0.0515695

1.6875 -0.0515561
1.70107 -0.046875

1.70106 -0.046875
1.70312 -0.0461624

1.70312 -0.0461515
1.71875 -0.0405292

1.71875 -0.0405197
1.73438 -0.0347128

-2.98438 0.0920399
-2.99407 0.09375

0 -0.0441978
0.015625 -0.0447726

0.015625 -0.0447717
0.03125 -0.0453436

-2.98438 0.0917265
-2.96875 0.0889323

0.03125 -0.0453422
0.046875 -0.0459155

-1 -0.0106764
-0.984375 -0.0111723

-0.984375 -0.0111717
-0.96875 -0.0116943

-0.96875 -0.0116943
-0.953125 -0.0122447

0.046875 -0.0459142
0.0625 -0.0464944

0.078125 -0.0470841
0.0726055 -0.046875

0.0625 -0.0464939
0.0725595 -0.046875

1.73438 -0.0347058
1.74347 -0.03125

-3 0.0941396
-2.99737 0.09375

1.7434 -0.03125
1.75 -0.0287429

-2.96875 0.0889744
-2.95312 0.0863525

0.078125 -0.0470853
0.09375 -0.0476908

0.09375 -0.0476931
0.109375 -0.0483075

-0.953125 -0.012245
-0.9375 -0.012823

-0.9375 -0.0128235
-0.921875 -0.0134272

-0.921875 -0.0134279
-0.90625 -0.014055

-2.95312 0.0863474
-2.9375 0.0838235

-2.9375 0.0838256
-2.92188 0.0814056

-2.92188 0.0814034
-2.90625 0.0790876

1.75 -0.0287506
1.76562 -0.0227315

1.76562 -0.0227176
1.78125 -0.0166589

1.78125 -0.0166822
1.78398 -0.015625

1.78388 -0.015625
1.79688 -0.0105916

1.79688 -0.0105879
1.8125 -0.00458771

1.8125 -0.00458316
1.82461 0

1.82458 0
1.82812 0.00134179

1.82812 0.00134222
1.84375 0.00714421

1.84375 0.00715198
1.85938 0.0128094

1.85938 0.0127984
1.8674 0.015625

1.86735 0.015625
1.875 0.0183182

1.875 0.018315
1.89062 0.0236583

1.89062 0.0236547
1.90625 0.0288346

1.90625 0.0288233
1.91379 0.03125

1.91374 0.03125
1.92188 0.0338688

1.92188 0.0338638
1.9375 0.038733

1.9375 0.0387304
1.95312 0.043439

1.95312 0.0434366
1.96493 0.046875

1.96489 0.046875
1.96875 0.0480004

1.96875 0.0479934
1.98438 0.0523853

1.98438 0.0523839
2 0.0566145

-0.90625 -0.0140559
-0.890625 -0.0147029

-0.890625 -0.014704
-0.875 -0.0153667

-0.859375 -0.0160412
-0.869002 -0.015625

-0.875 -0.0153692
-0.869082 -0.015625

-0.859375 -0.0160444
-0.84375 -0.0167283

-0.84375 -0.0167316
-0.828125 -0.0174137

-0.828125 -0.0174153
-0.8125 -0.0180858

-0.8125 -0.0180872
-0.796875 -0.0187401

-0.796875 -0.0187411
-0.78125 -0.0193715

-0.78125 -0.0193715
-0.765625 -0.0199774

-0.765625 -0.0199769
-0.75 -0.0205592

-0.75 -0.0205583
-0.734375 -0.0211195

-0.734375 -0.0211185
-0.71875 -0.0216625

-0.71875 -0.0216616
-0.703125 -0.0221925

-0.703125 -0.0221919
-0.6875 -0.0227125

-0.6875 -0.0227123
-0.671875 -0.0232241

-0.671875 -0.0232244
-0.65625 -0.0237269

-0.65625 -0.0237274
-0.640625 -0.0242189

-0.640625 -0.0242194
-0.625 -0.0246981

-0.625 -0.024698
-0.609375 -0.0251634

-0.609375 -0.0251625
-0.59375 -0.0256166

-0.59375 -0.0256149
-0.578125 -0.0260628

-0.578125 -0.0260606
-0.5625 -0.0265099

-0.5625 -0.0265077
-0.546875 -0.0269673

-0.546875 -0.0269656
-0.53125 -0.0274434

-0.53125 -0.0274424
-0.515625 -0.0279439

-0.515625 -0.0279437
-0.5 -0.0284711

0.109375 -0.0483104
0.125 -0.0489231

-2.89062 0.0768863
-2.89939 0.078125

-2.90625 0.0790801
-2.89949 0.078125

-2.89062 0.0768769
-2.875 0.0747821

-0.5 -0.0284716
-0.484375 -0.0290243

-0.484375 -0.0290253
-0.46875 -0.0296002

-2.875 0.0747812
-2.85938 0.0728076

-2.85938 0.0728069
-2.84375 0.0709575

-2.84375 0.0709569
-2.82812 0.0692344

-2.82812 0.069234
-2.8125 0.0676401

-2.75 0.0621075
-2.7546 0.0625

-2.8125 0.0676468
-2.79688 0.0661691

-2.79688 0.0661798
-2.78125 0.0647836

-2.78125 0.0647922
-2.76562 0.0634391

-2.76562 0.0634424
-2.75457 0.0625

-2.75 0.0621089
-2.73438 0.0607927

-2.73438 0.0607901
-2.71875 0.0594961

-2.71875 0.0594934
-2.70312 0.0582323

-2.70312 0.0582315
-2.6875 0.0570102

-2.6875 0.0570126
-2.67188 0.0558281

-2.67188 0.055832
-2.65625 0.0546716

2 0.0566155
2.01562 0.0606858

2.01562 0.0606762
2.02292 0.0625

2.02284 0.0625
2.03125 0.064602

2.03125 0.0645916
2.04688 0.0683297

2.04688 0.0683286
2.0625 0.0719034

2.0625 0.071903
2.07812 0.0753173

2.07812 0.0753148
2.0916 0.078125

2.09157 0.078125
2.09375 0.078579

2.09375 0.0785733
2.10938 0.0816791

2.10938 0.0816787
2.125 0.0846336

-2.65625 0.0546741
-2.64062 0.0535251

2.125 0.0846349
2.14062 0.087437

-2.64062 0.0535241
-2.625 0.0523834

2.14062 0.0874366
2.15625 0.090084

-2.625 0.0523798
-2.60938 0.0512564

-0.46875 -0.0296015
-0.453125 -0.0301943

-0.453125 -0.0301957
-0.4375 -0.0308008

2.15625 0.0900839
2.17188 0.0925777

2.17188 0.0925726
2.17975 0.09375

2.17965 0.09375
2.1875 0.0949231

2.1875 0.0949153
2.20312 0.0970886

2.20312 0.0970882
2.21875 0.0991004

2.21875 0.0991002
2.23438 0.100952

2.23438 0.100953
2.25 0.102645

2.25 0.102644
2.26562 0.104178

2.26562 0.104178
2.28125 0.105555

2.28125 0.105555
2.29688 0.106776

2.29688 0.106775
2.3125 0.107841

2.3125 0.10784
2.32812 0.108753

2.32812 0.108752
2.34091 0.109375

2.34088 0.109375
2.34375 0.109515

2.34375 0.109515
2.35938 0.110124

2.35938 0.110124
2.375 0.110579

2.375 0.110579
2.39062 0.110882

2.39062 0.110882
2.40625 0.111033

2.40625 0.111033
2.42188 0.111031

2.42188 0.111031
2.4375 0.110875

2.4375 0.110875
2.45312 0.110564

2.45312 0.110563
2.46875 0.110098

2.46875 0.110098
2.48438 0.109481

2.5 0.108711
2.48654 0.109375

2.48438 0.109481
2.48653 0.109375

-0.421875 -0.0314137
-0.426051 -0.03125

2.96875 -0.00599252
2.95756 0

-2.60938 0.0512532
-2.59375 0.0501605

2.96875 -0.00598921
2.98438 -0.0149551

0.125 -0.0489266
0.140625 -0.0495246

-2.59375 0.0501598
-2.57812 0.0491056

0.140625 -0.0495279
0.15625 -0.0500977

-0.421875 -0.031415
-0.40625 -0.0320321

3 -0.024493
2.98542 -0.015625

-0.4375 -0.0308021
-0.426077 -0.03125

-2.57812 0.0491072
-2.5625 0.0480897

0.15625 -0.0501
0.171875 -0.0506305

-2.5625 0.0480915
-2.54688 0.0471041

0.171875 -0.0506309
0.1875 -0.0511167

0.1875 -0.0511152
0.203125 -0.0515582

0.203125 -0.0515558
0.21875 -0.0519636

0.21875 -0.0519615
0.234375 -0.0523432

2.98438 -0.0153819
2.98478 -0.015625

2.5 0.10871
2.51562 0.107785

2.51562 0.107785
2.53125 0.106706

-2.53125 0.046143
-2.54313 0.046875

-2.54688 0.0471024
-2.54318 0.046875

-0.40625 -0.0320362
-0.390625 -0.0326485

-0.390625 -0.0326506
-0.375 -0.0332459

2.53125 0.106706
2.54688 0.105472

0.234375 -0.0523423
0.25 -0.052704

-2.53125 0.0461415
-2.51562 0.0452034

2.54688 0.105473
2.5625 0.104083

-0.375 -0.0332477
-0.359375 -0.0338183

-0.359375 -0.03382
-0.34375 -0.0343589

-0.34375 -0.0343598
-0.328125 -0.0348617

2.5625 0.104083
2.57812 0.102536

-0.328125 -0.0348622
-0.3125 -0.0353242

2.57812 0.102536
2.59375 0.100833

-0.3125 -0.0353241
-0.296875 -0.0357456

-2.51562 0.0452037
-2.5 0.0442911

2.59375 0.100834
2.60938 0.0989719

-0.296875 -0.0357448
-0.28125 -0.0361273

0.25 -0.0527046
0.265625 -0.053047

2.60938 0.0989731
2.625 0.0969488

-0.28125 -0.0361259
-0.265625 -0.0364738

-0.265625 -0.0364716
-0.25 -0.0367921

0.265625 -0.0530492
0.28125 -0.0533667

0.28125 -0.0533695
0.296875 -0.0536521

2.65625 0.0923833
2.64726 0.09375

2.625 0.096951
2.64062 0.0947575

0.296875 -0.0536542
0.3125 -0.0538922

0.3125 -0.0538922
0.328125 -0.0540813

0.328125 -0.0540786
0.34375 -0.0542241

2.64062 0.0947657
2.6473 0.09375

0.34375 -0.0542187
0.359375 -0.0543366

-0.25 -0.0367892
-0.234375 -0.0370927

0.359375 -0.0543295
0.375 -0.0544446

2.65625 0.092386
2.67188 0.0898182

2.67188 0.0898195
2.6875 0.0870576

-0.234375 -0.0370893
-0.21875 -0.0373884

2.6875 0.0870575
2.70312 0.0840991

0.375 -0.0544376
0.390625 -0.054578

2.70312 0.0840982
2.71875 0.0809452

2.73438 0.0775475
2.73168 0.078125

2.71875 0.0809582
2.73195 0.078125

2.73438 0.0775951
2.75 0.0740374

0.390625 -0.0545728
0.40625 -0.054763

0.40625 -0.0547605
0.421875 -0.0550159

2.79688 0.0619559
2.79487 0.0625

0.421875 -0.0550165
0.4375 -0.0553406

2.79688 0.0620627
2.8125 0.0575785

-0.21875 -0.037385
-0.203125 -0.0376935

2.75 0.0740406
2.76562 0.0702732

2.76562 0.0702761
2.78125 0.0662866

-0.203125 -0.0376906
-0.1875 -0.038021

-0.1875 -0.038019
-0.171875 -0.0383812

-0.171875 -0.0383803
-0.15625 -0.0387799

-0.15625 -0.0387801
-0.140625 -0.0392183

-2.5 0.0442919
-2.48438 0.0434027

-2.48438 0.0434031
-2.46875 0.042535

2.78125 0.0663068
2.79531 0.0625

2.8125 0.0575834
2.82812 0.0528358

2.82812 0.0528415
2.84375 0.0478094

2.85938 0.0424659
2.84648 0.046875

-2.46875 0.0425354
-2.45312 0.0416869

-2.45312 0.0416876
-2.4375 0.0408563

-0.140625 -0.0392193
-0.125 -0.0396939

-0.125 -0.0396952
-0.109375 -0.0402019

-0.109375 -0.0402033
-0.09375 -0.0407366

0.4375 -0.0553435
0.453125 -0.0557297

0.453125 -0.0557333
0.46875 -0.0561684

0.46875 -0.0561707
0.484375 -0.0566429

0.484375 -0.0566426
0.5 -0.0571481

-0.09375 -0.040738
-0.078125 -0.0412924

-0.078125 -0.0412937
-0.0625 -0.0418639

-2.4375 0.0408569
-2.42188 0.0400403

-2.42188 0.0400406
-2.40625 0.0392373

-2.40625 0.0392376
-2.39062 0.0384462

-2.39062 0.0384467
-2.375 0.0376656

-0.0625 -0.0418653
-0.046875 -0.0424456

-0.046875 -0.042447
-0.03125 -0.0430318

-0.03125 -0.043033
-0.015625 -0.0436173

-2.375 0.0376662
-2.35938 0.0368929

-2.35938 0.0368936
-2.34375 0.0361257

-2.34375 0.0361264
-2.32812 0.0353611

0.5 -0.0571451
0.515625 -0.0576907

-2.32812 0.0353614
-2.3125 0.0345967

0.515625 -0.0576864
0.53125 -0.0582869

-2.3125 0.0345962
-2.29688 0.0338324

-0.015625 -0.0436179
0 -0.0441979

2.84375 0.047851
2.8466 0.046875

0.53125 -0.0582831
0.546875 -0.0589549

2.85938 0.0424762
2.875 0.0367981

-2.29688 0.0338309
-2.28125 0.0330722

-2.28125 0.0330708
-2.26562 0.0323226

2.89062 0.0306661
2.88911 0.03125

0.546875 -0.058953
0.5625 -0.0597071

-2.26562 0.0323228
-2.25 0.0315876

0.625 -0.0635159
0.609891 -0.0625

2.89062 0.0307724
2.90625 0.024338

2.875 0.0368195
2.88941 0.03125

0.5625 -0.0597075
0.578125 -0.0605471

0.578125 -0.060549
0.59375 -0.0614694

0.59375 -0.0614726
0.609375 -0.0624635

0.609375 -0.0624815
0.60965 -0.0625

2.90625 0.0243513
2.92188 0.0174897

2.9375 0.0101654
2.92586 0.015625

2.92188 0.0175044
2.92588 0.015625

2.9375 0.0101802
2.95312 0.00235116

2.95312 0.00231222
2.95744 0

-2.23438 0.0308624
-2.2427 0.03125

-2.23438 0.0308649
-2.21875 0.0301346

3.03125 -0.0402299
3.00994 -0.03125

0.625 -0.063523
0.640625 -0.0646154

-2.25 0.0315904
-2.24269 0.03125

3 -0.0258674
3.01277 -0.03125

0.640625 -0.0646228
0.65625 -0.0657288

3.03125 -0.0401622
3.0625 -0.0427464

-2.21875 0.0301328
-2.20312 0.0293986

3.0625 -0.0413317
3.125 -0.0295246

3.125 -0.0179596
3.25 -0.000996539

3.25 -0.00482246
3.37729 0

3.4928 0
3.5 0.000272618

3.5 -0.00514186
4 -0.000518088

-2.20312 0.0293987
-2.1875 0.028664

0.65625 -0.065738
0.671875 -0.0668245

0.671875 -0.0668359
0.6875 -0.0678614

0.6875 -0.0678741
0.703125 -0.0687907

0.703125 -0.0688033
0.71875 -0.0695606

0.71875 -0.0695713
0.734375 -0.0701228

-2.1875 0.028665
-2.17188 0.0279274

-2.17188 0.0279275
-2.15625 0.027185

-2.15625 0.0271847
-2.14062 0.0264379

-2.14062 0.0264379
-2.125 0.0256875

0.734375 -0.0701302
0.75 -0.0704398

-2.125 0.0256876
-2.10938 0.0249333

-2.10938 0.0249336
-2.09375 0.0241746

-2.09375 0.0241751
-2.07812 0.0234095

-2.07812 0.02341
-2.0625 0.0226356

-2.0625 0.0226357
-2.04688 0.0218515

0.75 -0.0704426
0.765625 -0.0704898

0.765625 -0.0704876
0.78125 -0.0702713

0.78125 -0.0702639
0.796875 -0.0698031

-2.04688 0.0218511
-2.03125 0.0210575

-2.03125 0.0210566
-2.01562 0.0202562

-2.01562 0.020255
-2 0.0194517

0.796875 -0.0697904
0.8125 -0.0691252

0.8125 -0.0691113
0.828125 -0.0682948

0.828125 -0.0682806
0.84375 -0.067369

0.84375 -0.0673549
0.859375 -0.0664051

0.859375 -0.066392
0.875 -0.0654585

0.875 -0.0654475
0.890625 -0.0645784

0.890625 -0.0645699
0.90625 -0.0638043

0.90625 -0.0637981
0.921875 -0.0631652

0.921875 -0.063161
0.9375 -0.0626814

0.9375 -0.0626828
0.946598 -0.0625

0.946209 -0.0625
0.953125 -0.062361

0.953125 -0.0623649
0.96875 -0.0622217

0.96875 -0.0622211
0.984375 -0.0622507

0.984375 -0.0622509
1 -0.0624539

-2 0.0194502
-1.98438 0.0186494

-1.98438 0.0186478
-1.96875 0.0178557

-1.96875 0.0178539
-1.95312 0.0170773

-1.95312 0.0170756
-1.9375 0.0163214

-1.92188 0.0155943
-1.92254 0.015625

-1.9375 0.0163199
-1.92253 0.015625

-1.92188 0.0155958
-1.90625 0.0148999

-1.90625 0.0148999
-1.89062 0.0142312

-1.89062 0.014231
-1.875 0.0135898

-1.875 0.0135903
-1.85938 0.0129762

-1.85938 0.012977
-1.84375 0.0123877

-1.84375 0.0123887
-1.82812 0.0118205

-1.82812 0.0118217
-1.8125 0.01127

-1.8125 0.0112711
-1.79688 0.0107317

-1.79688 0.0107325
-1.78125 0.0102015

-1.78125 0.0102019
-1.76562 0.00967711

-1.76562 0.00967721
-1.75 0.00915768

1.01562 -0.0628271
1.00187 -0.0625

1.01562 -0.0628297
1.03125 -0.0633613

1.03125 -0.0633639
1.04688 -0.0640465

1.04688 -0.0640495
1.0625 -0.0648721

1 -0.0624608
1.00165 -0.0625

1.0625 -0.0648754
1.07812 -0.0658253

1.07812 -0.0658289
1.09375 -0.0668924

1.09375 -0.0668962
1.10938 -0.0680585

1.10938 -0.0680627
1.125 -0.0693079

-1.75 0.00915771
-1.73438 0.00864316

-1.73438 0.00864328
-1.71875 0.00813337

-1.71875 0.00813355
-1.70312 0.00762768

-1.70312 0.00762768
-1.6875 0.00712553

1.125 -0.0693123
1.14062 -0.0706233

1.14062 -0.0706279
1.15625 -0.0719867

1.15625 -0.0719912
1.17188 -0.0733798

1.17188 -0.0733837
1.1875 -0.0747853

1.1875 -0.0747884
1.20312 -0.076189

1.20312 -0.0761913
1.21875 -0.0775804

1.23438 -0.0789432
1.22505 -0.078125

1.21875 -0.0775957
1.22478 -0.078125

1.23438 -0.078954
1.25 -0.0803017

-1.6875 0.00712525
-1.67188 0.0066274

-1.67188 0.00662695
-1.65625 0.00613487

-1.65625 0.00613452
-1.64062 0.00564979

-1.64062 0.00564967
-1.625 0.00517324

1.25 -0.0803033
1.26562 -0.0816215

1.26562 -0.0816225
1.28125 -0.0829062

-1.625 0.00517319
-1.60938 0.00470542

-1.60938 0.00470527
-1.59375 0.00424655

-1.59375 0.00424627
-1.57812 0.00379745

1.28125 -0.0829082
1.29688 -0.0841515

1.29688 -0.0841548
1.3125 -0.0853468

1.3125 -0.0853514
1.32812 -0.0864765

-1.57812 0.0037971
-1.5625 0.00335943

-1.5625 0.00335901
-1.54688 0.00293404

-1.54688 0.00293365
-1.53125 0.00252298

-1.53125 0.00252283
-1.51562 0.00212754

1.32812 -0.0864819
1.34375 -0.0875199

1.34375 -0.0875248
1.35938 -0.0884552

1.35938 -0.0884581
1.375 -0.0892654

-1.51562 0.00212781
-1.5 0.00174767

1.375 -0.0892672
1.39062 -0.089942

1.39062 -0.0899455
1.40625 -0.090477

1.40625 -0.090483
1.42188 -0.0908525

1.42188 -0.0908591
1.4375 -0.0910415

1.4375 -0.0910476
1.45312 -0.0910173

1.45312 -0.0910235
1.46875 -0.0907557

1.46875 -0.0907623
1.48438 -0.0902314

1.48438 -0.0902384
1.5 -0.0894169

-1.42188 -3.45569e-05
-1.42339 0

-1.42188 -3.52942e-05
-1.40625 -0.000392648

-1.40625 -0.000393583
-1.39062 -0.000750093

-1.39062 -0.00075149
-1.375 -0.0011025

-1.375 -0.00110383
-1.35938 -0.00144386

-1.35938 -0.00144478
-1.34375 -0.00176931

-1.34375 -0.0017694
-1.32812 -0.00207643

-1.32812 -0.0020754
-1.3125 -0.00236683

-1.3125 -0.00236477
-1.29688 -0.0026468

-1.29688 -0.0026443
-1.28125 -0.00292605

-1.28125 -0.00292371
-1.26562 -0.00321488

-1.26562 -0.00321275
-1.25 -0.00352225

-1.25 -0.00352026
-1.23438 -0.00385637

-1.23438 -0.00385497
-1.21875 -0.00422447

-1.21875 -0.00422423
-1.20312 -0.00463043

-1.20312 -0.00463141
-1.1875 -0.00507283

-1.1875 -0.00507483
-1.17188 -0.00554553

-1.17188 -0.00554827
-1.15625 -0.00603877

-1.15625 -0.00604179
-1.14062 -0.00654056

-1.14062 -0.00654321
-1.125 -0.00703893

-1.125 -0.00704066
-1.10938 -0.00752459

-1.10938 -0.00752511
-1.09375 -0.00799278

-1.09375 -0.00799208
-1.07812 -0.00844387

-1.07812 -0.00844231
-1.0625 -0.00888275

-1.0625 -0.00888071
-1.04688 -0.00931701

-1.04688 -0.00931482
-1.03125 -0.00975547

-1.03125 -0.0097536
-1.01562 -0.0102067

-1.01562 -0.0102053
-1 -0.0106774

-1.5 0.00174842
-1.48438 0.00138137

-1.48438 0.00138251
-1.46875 0.00102475

-1.46875 0.00102601
-1.45312 0.000672743

-1.45312 0.000673725
-1.4375 0.000320472

-1.4375 0.000320601
-1.42341 0

