-4 -0.00629195
-3.82994 0

-3.68115 0
-3.5 0.00670215

-3.48944 0
-3.25 0.0279914

-3.25 0.0124524
-3.125 0.0479016

-3.125 0.0489958
-3.10193 0.0625

-3.10729 0.0625
-3.0625 0.0892132

-3.0625 0.0890635
-3.05594 0.09375

-3.05927 0.09375
-3.03125 0.113916

-3.03125 0.114398
-3.01429 0.125

-3.01689 0.125
-3 0.135182

1.5 -0.175622
1.51562 -0.176652

1.51562 -0.176652
1.53125 -0.177654

1.53125 -0.177654
1.54688 -0.178629

1.54688 -0.178628
1.5625 -0.179579

1.5625 -0.179577
1.57812 -0.180509

1.57812 -0.180508
1.59375 -0.181427

1.59375 -0.181426
1.60938 -0.182337

1.60938 -0.182337
1.625 -0.183242

1.625 -0.183243
1.64062 -0.184143

1.64062 -0.184143
1.65625 -0.185036

1.65625 -0.185037
1.67188 -0.185921

1.67188 -0.185921
1.6875 -0.186794

1.70312 -0.187655
1.7003 -0.1875

1.70312 -0.187655
1.71875 -0.188499

1.71875 -0.1885
1.73438 -0.189324

1.73438 -0.189325
1.75 -0.190127

1.6875 -0.186795
1.70032 -0.1875

1.75 -0.190128
1.76562 -0.190905

1.76562 -0.190906
1.78125 -0.191654

1.78125 -0.191655
1.79688 -0.192373

1.79688 -0.192373
1.8125 -0.193061

1.8125 -0.193061
1.82812 -0.193718

1.82812 -0.193718
1.84375 -0.194347

-3 0.134206
-2.96875 0.14853

-2.96875 0.148006
-2.95312 0.153641

-2.95312 0.153334
-2.94439 0.15625

-2.94607 0.15625
-2.9375 0.159112

0 -0.0110714
0.015625 -0.0131494

0.015625 -0.0131509
0.03125 -0.0152205

0.046875 -0.0172763
0.0343265 -0.015625

0.03125 -0.0152276
0.0342701 -0.015625

0.046875 -0.0172796
0.0625 -0.0193163

0.0625 -0.0193178
0.078125 -0.0213283

0.078125 -0.0213293
0.09375 -0.0233085

0.09375 -0.0233089
0.109375 -0.0252542

0.109375 -0.025254
0.125 -0.0271652

-2.9375 0.158819
-2.92188 0.163691

-2.92188 0.163691
-2.90625 0.168241

-2.90625 0.168151
-2.89255 0.171875

-2.89423 0.171875
-2.89062 0.172856

-2.89062 0.172481
-2.875 0.176445

-2.875 0.176439
-2.85938 0.180129

-2.85938 0.180127
-2.84375 0.183557

-2.84375 0.183552
-2.82812 0.186734

-2.82812 0.186666
-2.82371 0.1875

-2.82416 0.1875
-2.8125 0.189704

-2.8125 0.18968
-2.79688 0.192419

-2.79688 0.192418
-2.78125 0.194946

-2.78125 0.194944
-2.76562 0.197269

-2.76562 0.197265
-2.75 0.1994

-2.75 0.199397
-2.73438 0.201353

-2.73438 0.201344
-2.71888 0.203125

-2.71972 0.203125
-2.71875 0.203236

-2.71875 0.203145
-2.70312 0.204787

-2.70312 0.204783
-2.6875 0.206274

-2.6875 0.206273
-2.67188 0.207623

-2.67188 0.207622
-2.65625 0.208835

-2.65625 0.208832
-2.64062 0.209915

-2.64062 0.209912
-2.625 0.210874

-2.625 0.210872
-2.60938 0.21172

-2.60938 0.211719
-2.59375 0.21246

-2.59375 0.212458
-2.57812 0.213097

-2.57812 0.213095
-2.5625 0.213641

-2.5625 0.213639
-2.54688 0.214099

-2.54688 0.214097
-2.53125 0.21448

-2.53125 0.214478
-2.51562 0.21479

-2.51562 0.21479
-2.5 0.215035

1.84375 -0.194347
1.85938 -0.194949

1.85938 -0.194948
1.875 -0.195523

1.875 -0.195523
1.89062 -0.196072

1.89062 -0.196072
1.90625 -0.196592

1.90625 -0.196592
1.92188 -0.197085

1.92188 -0.197085
1.9375 -0.197551

1.9375 -0.19755
1.95312 -0.197991

1.95312 -0.197991
1.96875 -0.198406

1.96875 -0.198406
1.98438 -0.198797

1.98438 -0.198798
2 -0.19916

-1 0.107095
-0.984375 0.10542

-0.984375 0.10542
-0.96875 0.103746

-0.96875 0.103746
-0.953125 0.102072

-0.953125 0.102072
-0.9375 0.1004

0.125 -0.0271645
0.140625 -0.0290433

0.140625 -0.0290423
0.15625 -0.0308921

0.171875 -0.0327187
0.159302 -0.03125

0.171875 -0.0327148
0.1875 -0.0345202

0.15625 -0.0308807
0.159411 -0.03125

0.1875 -0.0345187
0.203125 -0.0363098

0.203125 -0.0363084
0.21875 -0.038091

0.21875 -0.0380897
0.234375 -0.0398694

0.234375 -0.0398684
0.25 -0.0416497

-0.9375 0.1004
-0.921875 0.0987293

-0.921875 0.0987292
-0.90625 0.0970611

-0.875 0.0937328
-0.875162 0.09375

-0.90625 0.097061
-0.890625 0.0953955

-0.890625 0.0953953
-0.875159 0.09375

-2.5 0.215035
-2.48438 0.215212

-2.48438 0.215212
-2.46875 0.215322

-2.46875 0.215321
-2.45312 0.215366

-2.45312 0.215366
-2.4375 0.215346

-0.875 0.0937332
-0.859375 0.0920749

-2.4375 0.215345
-2.42188 0.215263

0.25 -0.0416492
0.265625 -0.0434353

0.265625 -0.0434352
0.28125 -0.0452275

0.296875 -0.0470356
0.295479 -0.046875

0.28125 -0.0452268
0.295572 -0.046875

0.296875 -0.0470263
0.3125 -0.0488291

0.3125 -0.0488296
0.328125 -0.0506352

-2.42188 0.215262
-2.40625 0.21512

0.328125 -0.0506359
0.34375 -0.0524417

-0.859375 0.0920746
-0.84375 0.0904206

-2.40625 0.21512
-2.39062 0.214919

-0.84375 0.0904205
-0.828125 0.0887716

-0.828125 0.0887717
-0.8125 0.0871276

-0.8125 0.087128
-0.796875 0.0854875

-0.796875 0.0854881
-0.78125 0.0838494

-0.78125 0.0838501
-0.765625 0.0822107

-0.765625 0.0822114
-0.75 0.0805684

0.34375 -0.0524423
0.359375 -0.0542455

0.359375 -0.054246
0.375 -0.0560442

2 -0.199161
2.01562 -0.199493

-2.39062 0.21492
-2.375 0.214657

0.4375 -0.0631874
0.431436 -0.0625

-0.75 0.080569
-0.734375 0.0789201

-0.71875 0.0772617
-0.726893 0.078125

-0.734375 0.0789226
-0.726852 0.078125

-2.375 0.214657
-2.35938 0.214328

-0.71875 0.077264
-0.703125 0.0755983

2.01562 -0.199493
2.03125 -0.199793

-0.703125 0.0755983
-0.6875 0.073923

2.03125 -0.199793
2.04688 -0.200059

-0.6875 0.0739229
-0.671875 0.0722383

0.375 -0.0560445
0.390625 -0.057836

-0.671875 0.072238
-0.65625 0.0705448

-0.65625 0.0705445
-0.640625 0.0688437

-2.35938 0.214327
-2.34375 0.213932

-0.640625 0.0688435
-0.625 0.0671362

-2.34375 0.21393
-2.32812 0.213475

0.390625 -0.057836
0.40625 -0.0596201

2.04688 -0.200059
2.0625 -0.200293

0.40625 -0.0596199
0.421875 -0.061397

-2.32812 0.213474
-2.3125 0.212967

0.421875 -0.0613848
0.431713 -0.0625

2.0625 -0.200292
2.07812 -0.200496

0.4375 -0.0631678
0.453125 -0.0649339

0.453125 -0.0649333
0.46875 -0.0666956

-0.578125 0.0619805
-0.582835 0.0625

-2.3125 0.212966
-2.29688 0.212413

-0.578125 0.0619823
-0.5625 0.0602534

-2.29688 0.212412
-2.28125 0.211817

-2.28125 0.211816
-2.26562 0.211184

-0.625 0.0671361
-0.609375 0.0654233

-2.26562 0.211183
-2.25 0.21052

-0.609375 0.0654232
-0.59375 0.0637052

-0.59375 0.0637059
-0.582815 0.0625

-0.5625 0.0602538
-0.546875 0.0585177

2.07812 -0.200493
2.09375 -0.200677

2.09375 -0.200674
2.10938 -0.20085

0.46875 -0.0666954
0.484375 -0.0684557

0.484375 -0.0684553
0.5 -0.070215

2.10938 -0.200848
2.125 -0.201026

-2.25 0.210519
-2.23438 0.209829

-2.23438 0.209828
-2.21875 0.209114

-2.21875 0.209113
-2.20312 0.208378

2.125 -0.201026
2.14062 -0.201212

-2.20312 0.208378
-2.1875 0.207624

-2.1875 0.207624
-2.17188 0.206853

-2.17188 0.206853
-2.15625 0.206065

-2.15625 0.206065
-2.14062 0.20526

-2.14062 0.205261
-2.125 0.204438

2.14062 -0.201214
2.15625 -0.201404

-2.125 0.204438
-2.10938 0.203597

-2.09375 0.202737
-2.10077 0.203125

0.5 -0.0702145
0.515625 -0.0719756

-2.10938 0.203597
-2.10082 0.203125

2.15625 -0.201406
2.17188 -0.201593

-0.546875 0.0585184
-0.53125 0.0567732

-2.09375 0.202736
-2.07812 0.20185

-0.53125 0.056774
-0.515625 0.055017

-2.07812 0.20185
-2.0625 0.20094

-0.515625 0.0550178
-0.5 0.0532459

0.515625 -0.071975
0.53125 -0.0737396

0.53125 -0.0737391
0.546875 -0.0755094

-2.0625 0.20094
-2.04688 0.200008

-2.04688 0.200009
-2.03125 0.199052

2.17188 -0.201594
2.1875 -0.20177

2.1875 -0.201769
2.20312 -0.201936

2.20312 -0.201933
2.21875 -0.202099

2.21875 -0.202096
2.23438 -0.202275

2.23438 -0.202273
2.25 -0.202473

0.546875 -0.075509
0.5625 -0.0772871

0.578125 -0.0790842
0.569738 -0.078125

0.5625 -0.0772752
0.56993 -0.078125

2.25 -0.202474
2.26562 -0.202696

2.26562 -0.202698
2.28125 -0.202938

-2.03125 0.199052
-2.01562 0.19807

-2.01562 0.198071
-2 0.197063

0.578125 -0.079074
0.59375 -0.0808702

0.59375 -0.0808703
0.609375 -0.0826753

-0.078125 -0.000680111
-0.0832504 0

2.29688 -0.20319
2.29287 -0.203125

2.28125 -0.20294
2.29269 -0.203125

2.29688 -0.203194
2.3125 -0.203452

2.3125 -0.203455
2.32812 -0.203709

2.32812 -0.203712
2.34375 -0.203952

2.34375 -0.203956
2.35938 -0.204167

0.609375 -0.0826757
0.625 -0.0844887

-0.078125 -0.000680422
-0.0625 -0.00275389

2.35938 -0.204171
2.375 -0.204341

-0.0625 -0.00275352
-0.046875 -0.00482892

2.375 -0.204344
2.39062 -0.204458

2.39062 -0.204462
2.40625 -0.204506

0.625 -0.0844891
0.640625 -0.0863087

0.640625 -0.0863091
0.65625 -0.0881339

-0.046875 -0.0048288
-0.03125 -0.00690711

-0.03125 -0.00690742
-0.015625 -0.00898829

2.40625 -0.20451
2.42188 -0.204471

2.42188 -0.204474
2.4375 -0.204338

0.65625 -0.0881344
0.671875 -0.0899625

-0.015625 -0.00898905
0 -0.0110703

0.671875 -0.0899629
0.6875 -0.0917924

0.71875 -0.0954534
0.704211 -0.09375

0.6875 -0.0917924
0.703125 -0.0936226

2.4375 -0.20434
2.45312 -0.204096

2.45312 -0.204099
2.46875 -0.203738

-0.5 0.0532466
-0.484375 0.0514566

-0.484375 0.0514571
-0.46875 0.0496467

2.46875 -0.203741
2.48438 -0.203255

2.48438 -0.203256
2.48775 -0.203125

2.48757 -0.203125
2.5 -0.202641

-0.46875 0.049647
-0.453125 0.0478144

-0.4375 0.045959
-0.445215 0.046875

-0.453125 0.0478144
-0.445213 0.046875

0.703125 -0.0936207
0.704229 -0.09375

0.71875 -0.0954533
0.734375 -0.097284

-0.4375 0.0459592
-0.421875 0.0440814

-0.421875 0.0440812
-0.40625 0.0421808

-0.40625 0.0421807
-0.390625 0.0402583

-0.390625 0.0402582
-0.375 0.0383143

0.734375 -0.0972842
0.75 -0.0991147

-0.375 0.0383142
-0.359375 0.036349

-0.359375 0.0363488
-0.34375 0.0343632

-0.3125 0.0303375
-0.319552 0.03125

-0.34375 0.0343628
-0.328125 0.0323579

2.5 -0.202646
2.51562 -0.201916

2.51562 -0.201921
2.53125 -0.201052

-2 0.197063
-1.98438 0.196029

2.53125 -0.201051
2.54688 -0.200038

-1.98438 0.196029
-1.96875 0.194968

-0.328125 0.0323555
-0.319582 0.03125

-1.96875 0.194968
-1.95312 0.193881

2.54688 -0.20004
2.5625 -0.198879

0.75 -0.0991147
0.765625 -0.100945

-0.3125 0.0303346
-0.296875 0.0282983

0.765625 -0.100945
0.78125 -0.102774

-0.296875 0.0282973
-0.28125 0.0262501

-1.95312 0.193881
-1.9375 0.192767

0.78125 -0.102774
0.796875 -0.104601

-1.9375 0.192767
-1.92188 0.191627

0.796875 -0.104601
0.8125 -0.106425

2.5625 -0.198881
2.57812 -0.197567

0.8125 -0.106426
0.828125 -0.108246

2.57812 -0.197567
2.59375 -0.196099

-0.28125 0.0262493
-0.265625 0.0241951

-1.92188 0.191627
-1.90625 0.190462

-0.265625 0.0241946
-0.25 0.0221363

-1.90625 0.190462
-1.89062 0.189272

0.84375 -0.110077
0.83771 -0.109375

2.59375 -0.196101
2.60938 -0.194476

0.828125 -0.108238
0.837911 -0.109375

0.84375 -0.110063
0.859375 -0.111873

2.60938 -0.194477
2.625 -0.19269

0.859375 -0.111873
0.875 -0.113675

-1.89062 0.189272
-1.875 0.18806

-0.25 0.0221362
-0.234375 0.020075

2.625 -0.192692
2.64062 -0.190738

0.984375 -0.12607
0.974819 -0.125

-0.234375 0.0200752
-0.21875 0.018011

-1.85938 0.186825
-1.8679 0.1875

-0.21875 0.0180112
-0.203125 0.0159429

-1.85938 0.186822
-1.84375 0.185564

0.984375 -0.126066
1 -0.127811

-1.84375 0.185563
-1.82812 0.18429

0.875 -0.113675
0.890625 -0.11547

-0.1875 0.0138705
-0.200724 0.015625

-0.203125 0.0159401
-0.20075 0.015625

-0.1875 0.0138698
-0.171875 0.0117918

-0.171875 0.0117913
-0.15625 0.00970987

2.64062 -0.190738
2.65625 -0.188611

-0.15625 0.00970921
-0.140625 0.00762673

0.890625 -0.11547
0.90625 -0.117256

-1.82812 0.184289
-1.8125 0.183005

0.90625 -0.117256
0.921875 -0.119034

-1.875 0.188057
-1.86796 0.1875

-1.8125 0.183004
-1.79688 0.181713

-1.79688 0.181713
-1.78125 0.180416

0.921875 -0.119034
0.9375 -0.120802

0.9375 -0.120801
0.953125 -0.122562

0.953125 -0.122562
0.96875 -0.124316

2.65625 -0.188643
2.66405 -0.1875

2.66356 -0.1875
2.67188 -0.186281

-1.78125 0.180417
-1.76562 0.179115

-1.76562 0.179116
-1.75 0.177808

0.96875 -0.124309
0.974924 -0.125

2.67188 -0.186323
2.6875 -0.183864

-1.75 0.177808
-1.73438 0.176493

2.6875 -0.183866
2.70312 -0.181219

-0.140625 0.00762615
-0.125 0.00554509

-1.73438 0.176494
-1.71875 0.175171

-1.71875 0.175171
-1.70312 0.173841

-0.125 0.00554487
-0.109375 0.00346681

2.70312 -0.181222
2.71875 -0.178378

-0.109375 0.00346703
-0.09375 0.00139197

-0.09375 0.00139198
-0.0832598 0

2.71875 -0.178379
2.73438 -0.175333

2.73438 -0.175339
2.75 -0.172078

-1.70312 0.173841
-1.6875 0.172502

-1.67188 0.171157
-1.68021 0.171875

-1.6875 0.172502
-1.68023 0.171875

-1.67188 0.171155
-1.65625 0.1698

2.75 -0.172427
2.75248 -0.171875

2.75072 -0.171875
2.76562 -0.168553

2.76562 -0.168603
2.78125 -0.164887

2.78125 -0.164889
2.79688 -0.160916

2.79688 -0.160923
2.8125 -0.156676

2.8125 -0.157283
2.81606 -0.15625

2.81359 -0.15625
2.82812 -0.152037

2.82812 -0.152158
2.84375 -0.147326

2.84375 -0.147333
2.85938 -0.142156

2.85938 -0.142815
2.86556 -0.140625

2.86287 -0.140625
2.875 -0.136327

1 -0.127811
1.01562 -0.129552

2.875 -0.136632
2.89062 -0.130718

2.89062 -0.130738
2.90479 -0.125

-1.65625 0.1698
-1.64062 0.168437

1.01562 -0.129552
1.03125 -0.13129

1.03125 -0.13129
1.04688 -0.133026

2.90625 -0.125532
2.90748 -0.125

-1.64062 0.168437
-1.625 0.167066

2.90451 -0.125
2.90625 -0.124297

-1.625 0.167066
-1.60938 0.165688

-1.60938 0.165687
-1.59375 0.164302

1.04688 -0.133026
1.0625 -0.134757

1.0625 -0.134758
1.07812 -0.136482

2.90625 -0.124385
2.92188 -0.117604

2.92188 -0.117642
2.9375 -0.110354

1.07812 -0.136482
1.09375 -0.138198

2.9375 -0.111627
2.94199 -0.109375

-1.59375 0.164302
-1.57812 0.16291

1.09375 -0.138198
1.10938 -0.139908

2.93888 -0.109375
2.95312 -0.10223

-1.57812 0.16291
-1.5625 0.161511

1.125 -0.141612
1.11594 -0.140625

1.10938 -0.139904
1.116 -0.140625

-1.5625 0.161511
-1.54688 0.160107

1.125 -0.141609
1.14062 -0.143301

-1.54688 0.160106
-1.53125 0.158697

-1.5 0.15587
-1.5042 0.15625

1.14062 -0.143301
1.15625 -0.144984

1.15625 -0.144984
1.17188 -0.146655

2.95312 -0.102548
2.96875 -0.094102

2.96875 -0.0950369
2.97098 -0.09375

-1.53125 0.158697
-1.51562 0.157285

2.9692 -0.09375
2.98438 -0.0849107

1.17188 -0.146656
1.1875 -0.148314

2.98438 -0.0852137
2.99575 -0.078125

1.1875 -0.148315
1.20312 -0.149956

1.20312 -0.149957
1.21875 -0.15158

1.21875 -0.15158
1.23438 -0.153182

1.23438 -0.153183
1.25 -0.154762

2.99459 -0.078125
3 -0.0747656

-1.51562 0.157284
-1.5042 0.15625

1.26562 -0.156324
1.26489 -0.15625

1.26562 -0.156318
1.28125 -0.157844

1.25 -0.154763
1.26495 -0.15625

1.28125 -0.157845
1.29688 -0.15934

1.29688 -0.159341
1.3125 -0.160802

1.3125 -0.160803
1.32812 -0.162227

1.32812 -0.162227
1.34375 -0.163613

1.34375 -0.163613
1.35938 -0.16496

1.35938 -0.16496
1.375 -0.166272

1.375 -0.166271
1.39062 -0.16755

1.39062 -0.16755
1.40625 -0.168797

1.40625 -0.168797
1.42188 -0.170014

1.42188 -0.170014
1.4375 -0.171199

3 -0.0760583
3.0177 -0.0625

3.01477 -0.0625
3.03125 -0.0494449

1.45312 -0.172355
1.44662 -0.171875

1.4375 -0.171198
1.44667 -0.171875

1.45312 -0.172353
1.46875 -0.173474

1.46875 -0.173473
1.48438 -0.174563

1.48438 -0.174562
1.5 -0.175622

3.03125 -0.0482793
3.05219 -0.03125

3.0532 -0.03125
3.0625 -0.0240773

3.0625 -0.0203389
3.10096 0

3.25 -0.00014411
3.26478 0

3.10387 0
3.125 0.0108531

3.125 0.0124141
3.25 0.029628

3.25 0.00827288
3.5 0.00529608

3.5 -0.00287315
4 -0.00606756

-1.5 0.155869
-1.48438 0.154453

-1.48438 0.154453
-1.46875 0.153038

-1.46875 0.153037
-1.45312 0.151623

-1.45312 0.151623
-1.4375 0.150211

-1.4375 0.150211
-1.42188 0.148801

-1.42188 0.148801
-1.40625 0.14739

-1.40625 0.147391
-1.39062 0.145979

-1.39062 0.145979
-1.375 0.144563

-1.375 0.144563
-1.35938 0.143141

-1.35938 0.143142
-1.34375 0.141712

-1.32812 0.140273
-1.33194 0.140625

-1.34375 0.141712
-1.33196 0.140625

-1.32812 0.140273
-1.3125 0.138822

-1.3125 0.138823
-1.29688 0.137361

-1.29688 0.137361
-1.28125 0.135886

-1.28125 0.135886
-1.26562 0.134398

-1.26562 0.134398
-1.25 0.132896

-1.15625 0.123555
-1.17042 0.125

-1.15625 0.123554
-1.14062 0.121948

-1.14062 0.121948
-1.125 0.120331

-1.25 0.132896
-1.23438 0.131378

-1.23438 0.131378
-1.21875 0.129845

-1.21875 0.129845
-1.20312 0.128295

-1.20312 0.128295
-1.1875 0.126729

-1.1875 0.126729
-1.17188 0.125148

-1.17188 0.125145
-1.17045 0.125

-1.125 0.120331
-1.10938 0.118705

-1.10938 0.118705
-1.09375 0.117069

-1.09375 0.117069
-1.07812 0.115423

-1.07812 0.115423
-1.0625 0.11377

-1.0625 0.11377
-1.04688 0.112109

-1.04688 0.112109
-1.03125 0.110442

-1.01562 0.108771
-1.02127 0.109375

-1.03125 0.110441
-1.02128 0.109375

-1.01562 0.10877
-1 0.107096

