-4 -0.00355313
-3.63627 0

-3.63945 0
-3.5 0.00136222

-3.5 0.00229561
-3.25 0.00825936

-3.25 0.00904829
-3.125 0.0123654

1.5 -0.135295
1.51562 -0.13619

1.51562 -0.13619
1.53125 -0.137046

-3.125 0.00279723
-3.0625 0.00778596

-3.0625 0.00909855
-3.03125 0.0200545

1.53125 -0.137047
1.54688 -0.137861

1.54688 -0.137862
1.5625 -0.138631

-3.03125 0.020745
-3.01039 0.03125

-3.00937 0.03125
-3 0.0359669

1.5625 -0.138631
1.57812 -0.139352

1.57812 -0.139353
1.59375 -0.140022

1.60938 -0.140638
1.60903 -0.140625

1.59375 -0.140023
1.60905 -0.140625

1.60938 -0.140638
1.625 -0.141195

1.625 -0.141196
1.64062 -0.141693

1.64062 -0.141694
1.65625 -0.14213

1.65625 -0.142131
1.67188 -0.142503

1.67188 -0.142504
1.6875 -0.142809

1.6875 -0.142809
1.70312 -0.143043

1.70312 -0.143044
1.71875 -0.143203

1.71875 -0.143204
1.73438 -0.143286

1.73438 -0.143287
1.75 -0.143288

-3 0.0370753
-2.98438 0.0461959

-2.98309 0.046875
-2.96875 0.0546973

-2.96875 0.0547157
-2.95344 0.0625

1.75 -0.143288
1.76562 -0.143206

1.76562 -0.143206
1.78125 -0.143038

1.78125 -0.143039
1.79688 -0.142783

1.79688 -0.142783
1.8125 -0.14244

1.8125 -0.14244
1.82812 -0.142009

1.82812 -0.142009
1.84375 -0.141491

1.84375 -0.14149
1.85938 -0.140886

1.85938 -0.140882
1.86521 -0.140625

1.8653 -0.140625
1.875 -0.140197

-2.95312 0.0618962
-2.95185 0.0625

-2.95348 0.0625
-2.95312 0.0626818

-2.95312 0.0626702
-2.9375 0.0700762

-2.9375 0.0700425
-2.92188 0.0769565

1.875 -0.140194
1.89062 -0.139423

1.89062 -0.139423
1.90625 -0.138574

-2.92188 0.0765625
-2.91809 0.078125

-2.91927 0.078125
-2.90625 0.0835016

-2.90625 0.0833917
-2.89062 0.0894068

-2.89062 0.0893808
-2.87846 0.09375

-2.8787 0.09375
-2.875 0.0950796

1.90625 -0.138573
1.92188 -0.13765

1.92188 -0.137649
1.9375 -0.136653

-2.875 0.0950074
-2.85938 0.100243

0.03125 -0.0322724
0.0221977 -0.03125

0 -0.0287028
0.015625 -0.0304838

0.015625 -0.0304561
0.0226548 -0.03125

0.03125 -0.0322503
0.046875 -0.033995

0.046875 -0.0339958
0.0625 -0.0357178

0.0625 -0.0357181
0.078125 -0.0374153

0.078125 -0.0374157
0.09375 -0.0390865

0.09375 -0.0390865
0.109375 -0.0407298

0.109375 -0.0407297
0.125 -0.0423458

-1 0.0596293
-0.984375 0.0581736

-0.984375 0.0581727
-0.96875 0.0567444

-0.96875 0.0567432
-0.953125 0.0553463

-0.953125 0.0553451
-0.9375 0.0539844

-0.9375 0.0539838
-0.921875 0.052663

-0.921875 0.0526632
-0.90625 0.0513832

-0.90625 0.0513838
-0.890625 0.0501433

-0.890625 0.0501437
-0.875 0.0489406

-0.875 0.0489413
-0.859375 0.0477733

-0.84375 0.046629
-0.847125 0.046875

-0.859375 0.0477775
-0.846994 0.046875

-0.84375 0.0466356
-0.828125 0.0455233

-0.828125 0.0455236
-0.8125 0.0444393

1.9375 -0.136652
1.95312 -0.135588

1.95312 -0.135587
1.96875 -0.134459

-2.85938 0.100235
-2.84375 0.105123

-2.84375 0.105119
-2.82917 0.109375

-2.82923 0.109375
-2.82812 0.109697

-2.82812 0.109678
-2.8125 0.113924

-2.8125 0.113918
-2.79688 0.117868

-2.79688 0.117865
-2.78125 0.121541

1.96875 -0.134458
1.98438 -0.133271

1.98438 -0.13327
2 -0.132026

-2.78125 0.121536
-2.76562 0.124953

-2.76562 0.124818
-2.76473 0.125

-2.76542 0.125
-2.75 0.128124

-0.8125 0.0444398
-0.796875 0.0433815

-0.796875 0.0433822
-0.78125 0.0423474

-0.78125 0.0423482
-0.765625 0.0413338

-0.765625 0.0413349
-0.75 0.0403369

-2.75 0.128113
-2.73438 0.131041

-2.73438 0.131038
-2.71875 0.133749

-2.71875 0.133746
-2.70312 0.13625

-2.70312 0.136248
-2.6875 0.138555

-2.6875 0.138552
-2.67222 0.140625

-2.67223 0.140625
-2.67188 0.140673

-2.67188 0.140612
-2.67177 0.140625

-2.67188 0.140672
-2.65625 0.142613

-2.65625 0.142609
-2.64062 0.144378

-0.75 0.0403381
-0.734375 0.0393516

0.125 -0.0423457
0.140625 -0.043935

0.140625 -0.0439355
0.15625 -0.0454972

0.171875 -0.0470393
0.1702 -0.046875

0.15625 -0.0454963
0.170303 -0.046875

0.171875 -0.0470291
0.1875 -0.0485354

0.1875 -0.0485354
0.203125 -0.0500175

0.203125 -0.0500173
0.21875 -0.0514754

0.21875 -0.0514747
0.234375 -0.0529105

0.234375 -0.0529099
0.25 -0.0543262

-0.734375 0.0393529
-0.71875 0.0383728

0.25 -0.0543258
0.265625 -0.0557247

0.265625 -0.0557246
0.28125 -0.0571071

0.28125 -0.0571076
0.296875 -0.0584728

-2.64062 0.144377
-2.625 0.145985

0.296875 -0.0584736
0.3125 -0.059819

0.359375 -0.0637008
0.344508 -0.0625

0.359375 -0.0636987
0.375 -0.0649273

0.3125 -0.0598203
0.328125 -0.0611416

0.328125 -0.0611424
0.34375 -0.0624356

-2.625 0.145983
-2.60938 0.14744

-2.60938 0.147438
-2.59375 0.148753

-2.59375 0.148751
-2.57812 0.149931

-2.57812 0.14993
-2.5625 0.150982

-2.5625 0.15098
-2.54688 0.151911

-2.54688 0.151909
-2.53125 0.152728

-2.53125 0.152726
-2.51562 0.153438

-2.51562 0.153437
-2.5 0.15405

0.34375 -0.0623997
0.344992 -0.0625

0.375 -0.0649274
0.390625 -0.0661215

0.390625 -0.0661214
0.40625 -0.0672813

0.40625 -0.0672812
0.421875 -0.0684075

0.421875 -0.0684072
0.4375 -0.0695006

0.4375 -0.0695001
0.453125 -0.0705624

0.453125 -0.0705617
0.46875 -0.0715952

0.46875 -0.0715947
0.484375 -0.0726019

2 -0.132025
2.01562 -0.130731

2.01562 -0.13073
2.03125 -0.129388

0.484375 -0.0726016
0.5 -0.0735843

2.03125 -0.129387
2.04688 -0.128002

2.04688 -0.128001
2.0625 -0.126577

2.0625 -0.126576
2.07812 -0.125117

2.07812 -0.125117
2.07935 -0.125

2.07935 -0.125
2.09375 -0.123626

2.09375 -0.123626
2.10938 -0.122106

-2.5 0.154048
-2.48438 0.154571

-2.48438 0.154569
-2.46875 0.155006

-2.46875 0.155004
-2.45312 0.155364

-2.45312 0.155362
-2.4375 0.155651

2.10938 -0.122106
2.125 -0.120559

-2.4375 0.155649
-2.42188 0.155875

2.125 -0.120558
2.14062 -0.118987

0.5 -0.073584
0.515625 -0.0745434

2.14062 -0.118986
2.15625 -0.117392

0.515625 -0.074543
0.53125 -0.0754804

2.15625 -0.117392
2.17188 -0.115778

-2.42188 0.155873
-2.40625 0.156041

2.17188 -0.115777
2.1875 -0.114147

0.53125 -0.0754798
0.546875 -0.0763973

2.1875 -0.114146
2.20312 -0.112503

2.20312 -0.112502
2.21875 -0.110849

2.21875 -0.110848
2.23261 -0.109375

0.546875 -0.0763967
0.5625 -0.0772968

2.2326 -0.109375
2.23438 -0.109186

-2.40625 0.15604
-2.39062 0.156159

0.578125 -0.0781963
0.576868 -0.078125

2.23438 -0.109187
2.25 -0.107524

0.5625 -0.0772947
0.577147 -0.078125

0.578125 -0.0781812
0.59375 -0.0790552

0.59375 -0.0790543
0.609375 -0.0799193

-2.39062 0.156157
-2.375 0.156231

2.25 -0.107523
2.26562 -0.105858

-2.375 0.156231
-2.36555 0.15625

-2.36536 0.15625
-2.35938 0.156262

2.26562 -0.105858
2.28125 -0.104193

0.609375 -0.0799184
0.625 -0.0807781

-2.35938 0.156262
-2.34375 0.156254

2.28125 -0.104193
2.29688 -0.102529

2.29688 -0.102529
2.3125 -0.100868

-2.32812 0.156206
-2.3425 0.15625

-0.71875 0.0383743
-0.703125 0.037395

0.625 -0.0807771
0.640625 -0.0816351

2.3125 -0.100868
2.32812 -0.0992092

0.640625 -0.0816344
0.65625 -0.0824939

0.65625 -0.0824934
0.671875 -0.0833568

0.671875 -0.0833565
0.6875 -0.0842254

-0.703125 0.0373967
-0.6875 0.0364118

-2.32812 0.156206
-2.3125 0.156118

-2.34375 0.156255
-2.34228 0.15625

-0.6875 0.0364131
-0.671875 0.0354167

2.32812 -0.0992093
2.34375 -0.0975522

2.34375 -0.0975524
2.35938 -0.0958964

-2.3125 0.156118
-2.29688 0.155992

-0.671875 0.0354177
-0.65625 0.0344049

2.35938 -0.0958967
2.375 -0.094241

-0.65625 0.0344062
-0.640625 0.0333725

-0.640625 0.0333735
-0.625 0.0323143

2.375 -0.094246
2.37968 -0.09375

-0.609375 0.031217
-0.609848 0.03125

0.6875 -0.0842253
0.703125 -0.0851003

-0.609375 0.0312256
-0.59375 0.0301034

-0.625 0.0323161
-0.609714 0.03125

-0.59375 0.0301034
-0.578125 0.0289499

-0.578125 0.0289495
-0.5625 0.0277655

-0.5625 0.0277652
-0.546875 0.0265523

-0.546875 0.0265519
-0.53125 0.0253115

-0.53125 0.0253112
-0.515625 0.0240446

-0.515625 0.0240442
-0.5 0.0227527

-2.29688 0.155991
-2.28125 0.155829

-2.28125 0.155828
-2.26562 0.15563

2.37962 -0.09375
2.39062 -0.0925823

2.39062 -0.0925846
2.40625 -0.0909237

0.703125 -0.0851004
0.71875 -0.0859815

0.71875 -0.0859817
0.734375 -0.0868683

-2.26562 0.15563
-2.25 0.155397

2.40625 -0.0909245
2.42188 -0.089258

-0.25 -0.000626853
-0.256126 0

-2.25 0.155396
-2.23438 0.15513

-2.23438 0.15513
-2.21875 0.154832

-2.21875 0.154832
-2.20312 0.154504

-2.20312 0.154504
-2.1875 0.154146

-2.1875 0.154146
-2.17188 0.15376

-2.17188 0.153759
-2.15625 0.153346

-2.15625 0.153346
-2.14062 0.152907

2.42188 -0.0892588
2.4375 -0.0875836

2.4375 -0.0875844
2.45312 -0.0858972

2.45312 -0.0858978
2.46875 -0.0841957

2.46875 -0.0841964
2.48438 -0.0824769

2.48438 -0.0824773
2.5 -0.080738

2.5 -0.0807386
2.51562 -0.0789775

2.51562 -0.0789871
2.52316 -0.078125

2.52303 -0.078125
2.53125 -0.0771844

2.53125 -0.0771922
2.54688 -0.0753757

2.54688 -0.0753767
2.5625 -0.0735282

2.5625 -0.0735294
2.57812 -0.0716444

2.57812 -0.0716457
2.59375 -0.0697194

2.59375 -0.0697208
2.60938 -0.0677477

2.60938 -0.0677487
2.625 -0.0657241

2.625 -0.0657255
2.64062 -0.0636448

2.64062 -0.0636626
2.64909 -0.0625

2.64886 -0.0625
2.65625 -0.0614852

2.65625 -0.0615023
2.67188 -0.0592878

2.67188 -0.0592892
2.6875 -0.0570029

2.6875 -0.057004
2.70312 -0.0546409

2.70312 -0.0546431
2.71875 -0.0521966

2.71875 -0.0521978
2.73438 -0.0496613

2.73438 -0.0496657
2.75 -0.0470282

2.75 -0.0470334
2.7509 -0.046875

2.75087 -0.046875
2.76562 -0.0442806

2.76562 -0.0442826
2.78125 -0.0414233

2.78125 -0.0414258
2.79688 -0.0384462

2.79688 -0.0384478
2.8125 -0.0353399

2.8125 -0.0353423
2.82812 -0.032098

2.82812 -0.0321378
2.83221 -0.03125

2.83199 -0.03125
2.84375 -0.0286954

2.84375 -0.0287079
2.85938 -0.0251506

2.85938 -0.0251532
2.875 -0.0214276

2.875 -0.0214322
2.89062 -0.0175241

2.89062 -0.0175745
2.89804 -0.015625

2.89771 -0.015625
2.90625 -0.0133798

2.90625 -0.0134206
2.92188 -0.00910404

2.92188 -0.00910572
2.9375 -0.004576

2.9375 -0.00458735
2.95256 0

-0.25 -0.000611586
-0.234375 -0.00223452

2.95223 0
2.95312 0.000271477

2.95312 0.000175255
2.96875 0.00518175

2.96875 0.00517478
2.98438 0.0104454

2.98438 0.0104747
2.99897 0.015625

-0.234375 -0.00223438
-0.21875 -0.0038818

0.734375 -0.0868685
0.75 -0.08776

-0.21875 -0.00388177
-0.203125 -0.00555401

-0.203125 -0.00555424
-0.1875 -0.00725089

-0.1875 -0.0072514
-0.171875 -0.00897095

-0.171875 -0.00897138
-0.15625 -0.010712

-0.15625 -0.0107123
-0.140625 -0.0124724

-0.140625 -0.0124731
-0.125 -0.0142508

0.75 -0.08776
0.765625 -0.0886561

-0.109375 -0.0160563
-0.113136 -0.015625

3.5 -0.00164257
3.46664 0

-0.125 -0.0142479
-0.112995 -0.015625

-0.109375 -0.0160447
-0.09375 -0.0178482

-0.09375 -0.0178494
-0.078125 -0.0196603

-0.078125 -0.0196612
-0.0625 -0.0214753

-0.0625 -0.0214758
-0.046875 -0.0232901

-0.046875 -0.0232911
-0.03125 -0.0251025

-0.03125 -0.0251035
-0.015625 -0.0269079

-0.015625 -0.0269087
0 -0.0287025

-0.5 0.0227526
-0.484375 0.0214371

-0.484375 0.021437
-0.46875 0.020098

-0.46875 0.0200979
-0.453125 0.018736

-0.453125 0.0187354
-0.4375 0.0173517

-0.4375 0.0173516
-0.421875 0.0159474

-0.40625 0.0145221
-0.418351 0.015625

-0.421875 0.015951
-0.418298 0.015625

-0.40625 0.0145222
-0.390625 0.0130802

-0.390625 0.0130798
-0.375 0.0116228

-2.14062 0.152906
-2.125 0.152442

-0.375 0.0116228
-0.359375 0.0101518

-0.359375 0.0101519
-0.34375 0.00866664

-0.34375 0.00866697
-0.328125 0.0071665

-0.328125 0.00716677
-0.3125 0.00564993

-0.3125 0.00565035
-0.296875 0.00411576

-0.296875 0.00411621
-0.28125 0.00256214

-0.28125 0.00256276
-0.265625 0.00098706

-0.265625 0.000996715
-0.255885 0

3 0.0163918
3.03125 0.026177

3.03125 0.0267569
3.05144 0.03125

0.765625 -0.0886561
0.78125 -0.0895566

3.05353 0.03125
3.0625 0.0332466

-2.125 0.152442
-2.10938 0.151953

-2.10938 0.151953
-2.09375 0.151441

0.78125 -0.0895565
0.796875 -0.0904616

3.0625 0.0355269
3.125 0.0341942

0.796875 -0.0904614
0.8125 -0.0913716

-2.09375 0.15144
-2.07812 0.150905

-2.07812 0.150905
-2.0625 0.150349

3.125 0.0261611
3.25 0.013594

-2.0625 0.150349
-2.04688 0.149774

0.8125 -0.0913714
0.828125 -0.0922873

3.25 0.00821606
3.41685 0

-2.04688 0.149774
-2.03125 0.14918

4 -0.00500956
3.67004 0

-2.03125 0.149181
-2.01562 0.148567

3.5 0.00221815
3.6461 0

0.828125 -0.0922873
0.84375 -0.0932092

-2.01562 0.148568
-2 0.147934

0.859375 -0.0941386
0.852829 -0.09375

0.859375 -0.0941367
0.875 -0.0950705

0.84375 -0.0932084
0.852872 -0.09375

0.875 -0.095071
0.890625 -0.0960107

0.890625 -0.0960114
0.90625 -0.0969545

0.90625 -0.0969551
0.921875 -0.0978987

0.921875 -0.0978989
0.9375 -0.0988416

0.9375 -0.0988409
0.953125 -0.0997839

0.953125 -0.0997827
0.96875 -0.10073

0.96875 -0.100729
0.984375 -0.101684

0.984375 -0.101684
1 -0.102649

-2 0.147934
-1.98438 0.147279

-1.98438 0.147279
-1.96875 0.1466

-1.96875 0.1466
-1.95312 0.145898

-1.95312 0.145898
-1.9375 0.145171

-1.9375 0.145171
-1.92188 0.144419

-1.92188 0.144419
-1.90625 0.143642

-1.90625 0.143642
-1.89062 0.142836

-1.89062 0.142836
-1.875 0.142002

1 -0.10265
1.01562 -0.103622

-1.875 0.142003
-1.85938 0.14114

-1.84375 0.140242
-1.85041 0.140625

-1.85938 0.141142
-1.85039 0.140625

1.01562 -0.103623
1.03125 -0.1046

1.03125 -0.1046
1.04688 -0.105582

1.04688 -0.105582
1.0625 -0.106567

1.0625 -0.106568
1.07812 -0.107555

1.07812 -0.107555
1.09375 -0.108543

1.10938 -0.109529
1.10693 -0.109375

1.09375 -0.108543
1.10692 -0.109375

1.10938 -0.109531
1.125 -0.110515

-1.84375 0.14024
-1.82812 0.139309

-1.82812 0.139308
-1.8125 0.138351

1.125 -0.110514
1.14062 -0.111495

1.14062 -0.111495
1.15625 -0.112477

1.15625 -0.112477
1.17188 -0.113461

1.17188 -0.11346
1.1875 -0.114448

1.1875 -0.114447
1.20312 -0.115443

1.20312 -0.115442
1.21875 -0.116448

1.21875 -0.116447
1.23438 -0.117466

1.23438 -0.117466
1.25 -0.1185

-1.8125 0.138351
-1.79688 0.137372

-1.79688 0.137373
-1.78125 0.13637

-1.78125 0.136371
-1.76562 0.13534

-1.76562 0.13534
-1.75 0.134277

1.35938 -0.126057
1.34426 -0.125

1.35938 -0.126056
1.375 -0.127143

1.25 -0.1185
1.26562 -0.119548

1.26562 -0.119548
1.28125 -0.120611

1.28125 -0.120611
1.29688 -0.121686

-1.625 0.124474
-1.63104 0.125

-1.75 0.134277
-1.73438 0.133181

-1.73438 0.133181
-1.71875 0.13205

-1.71875 0.13205
-1.70312 0.130884

1.29688 -0.121687
1.3125 -0.122772

1.3125 -0.122773
1.32812 -0.123866

-1.70312 0.130884
-1.6875 0.12968

-1.6875 0.12968
-1.67188 0.128438

1.32812 -0.123867
1.34375 -0.124963

1.34375 -0.124965
1.34425 -0.125

-1.67188 0.128438
-1.65625 0.127158

1.375 -0.127144
1.39062 -0.128225

1.39062 -0.128226
1.40625 -0.129296

1.40625 -0.129296
1.42188 -0.130351

1.42188 -0.130352
1.4375 -0.13139

-1.65625 0.127158
-1.64062 0.125838

-1.64062 0.125841
-1.63098 0.125

1.4375 -0.131391
1.45312 -0.132407

1.45312 -0.132408
1.46875 -0.133399

1.46875 -0.1334
1.48438 -0.134363

1.48438 -0.134364
1.5 -0.135294

-1.625 0.124476
-1.60938 0.123074

-1.60938 0.123073
-1.59375 0.121633

-1.59375 0.121632
-1.57812 0.120156

-1.57812 0.120156
-1.5625 0.118648

-1.5625 0.118647
-1.54688 0.117111

-1.54688 0.11711
-1.53125 0.115551

-1.53125 0.11555
-1.51562 0.113971

-1.51562 0.11397
-1.5 0.112377

-1.5 0.112376
-1.48438 0.110771

-1.46875 0.109144
-1.47098 0.109375

-1.48438 0.110773
-1.47085 0.109375

-1.46875 0.109155
-1.45312 0.107533

-1.45312 0.107533
-1.4375 0.105907

-1.4375 0.105907
-1.42188 0.104278

-1.42188 0.104278
-1.40625 0.102644

-1.40625 0.102644
-1.39062 0.101002

-1.39062 0.101003
-1.375 0.0993507

-1.375 0.0993509
-1.35938 0.097687

-1.35938 0.0976869
-1.34375 0.0960112

-1.3125 0.0926218
-1.32289 0.09375

-1.34375 0.0960111
-1.32812 0.0943243

-1.32812 0.0943336
-1.32275 0.09375

-1.3125 0.0926265
-1.29688 0.0909203

-1.29688 0.0909201
-1.28125 0.0892059

-1.28125 0.0892056
-1.26562 0.0874842

-1.26562 0.0874838
-1.25 0.0857566

-1.25 0.085756
-1.23438 0.0840251

-1.23438 0.0840244
-1.21875 0.0822924

-1.21875 0.0822916
-1.20312 0.0805617

-1.20312 0.0805609
-1.1875 0.0788366

-1.17188 0.0771154
-1.18107 0.078125

-1.1875 0.0788427
-1.18096 0.078125

-1.17188 0.0771194
-1.15625 0.0754181

-1.15625 0.0754171
-1.14062 0.0737338

-1.14062 0.073733
-1.125 0.0720713

-1.125 0.0720709
-1.10938 0.0704331

-1.10938 0.0704329
-1.09375 0.0688204

-1.09375 0.0688205
-1.07812 0.0672335

-1.07812 0.067234
-1.0625 0.0656712

-1.01562 0.0611099
-1.03009 0.0625

-1.01562 0.0611097
-1 0.0596301

-1.0625 0.0656717
-1.04688 0.0641314

-1.04688 0.0641322
-1.03125 0.0626117

-1.03125 0.062613
-1.03007 0.0625

