-4 -0.00411285
-3.87562 0

-3.69987 0
-3.5 0.0066091

-3.45161 0
-3.25 0.0225825

-3.25 0.00743098
-3.125 0.0451437

-3.125 0.0458011
-3.09792 0.0625

-3.10231 0.0625
-3.0625 0.087778

-3.0625 0.0876643
-3.05487 0.09375

-3.05848 0.09375
-3.03125 0.115463

-3.03125 0.115907
-3.01856 0.125

-3.02062 0.125
-3 0.138761

1.54688 -0.1879
1.54271 -0.1875

1.54688 -0.187897
1.5625 -0.189385

1.5 -0.18338
1.51562 -0.184891

1.51562 -0.184891
1.53125 -0.186397

1.53125 -0.186397
1.54275 -0.1875

1.5625 -0.189385
1.57812 -0.19086

1.57812 -0.190861
1.59375 -0.192321

1.59375 -0.192321
1.60938 -0.193764

1.60938 -0.193764
1.625 -0.195188

1.625 -0.195188
1.64062 -0.196594

-3 0.139017
-2.96875 0.155522

1.64062 -0.196594
1.65625 -0.19798

1.65625 -0.19798
1.67188 -0.199345

1.67188 -0.199344
1.6875 -0.200687

1.6875 -0.200687
1.70312 -0.202009

1.71875 -0.203315
1.71646 -0.203125

-2.96875 0.154798
-2.96499 0.15625

-2.96536 0.15625
-2.95312 0.160982

-2.95312 0.160802
-2.9375 0.166158

-2.9375 0.166145
-2.92188 0.171137

-2.92188 0.171063
-2.91915 0.171875

-2.91943 0.171875
-2.90625 0.175809

-2.90625 0.175791
-2.89062 0.180148

-2.89062 0.180145
-2.875 0.18421

0 -0.00672568
0.015625 -0.00827075

1.70312 -0.20201
1.71653 -0.203125

1.71875 -0.20331
1.73438 -0.204585

1.73438 -0.204585
1.75 -0.205838

0.015625 -0.00827062
0.03125 -0.0098302

-2.875 0.184144
-2.86119 0.1875

-2.86264 0.1875
-2.85938 0.188292

-2.85938 0.187999
-2.84375 0.191546

0.03125 -0.00983023
0.046875 -0.0114045

0.046875 -0.0114045
0.0625 -0.0129935

-2.84375 0.191541
-2.82812 0.194848

0.0625 -0.0129932
0.078125 -0.0145975

0.09375 -0.0162211
0.0880049 -0.015625

-2.82812 0.194845
-2.8125 0.19793

-2.8125 0.197928
-2.79688 0.200801

-2.79688 0.200765
-2.78313 0.203125

-2.78416 0.203125
-2.78125 0.203625

1.75 -0.205838
1.76562 -0.207069

0.078125 -0.0145954
0.0880475 -0.015625

0.09375 -0.0162176
0.109375 -0.0178582

0.109375 -0.0178574
0.125 -0.0195204

1.76562 -0.207069
1.78125 -0.208277

1.78125 -0.208277
1.79688 -0.20946

1.79688 -0.209461
1.8125 -0.210618

1.8125 -0.210618
1.82812 -0.211747

1.82812 -0.211747
1.84375 -0.212848

1.84375 -0.212847
1.85938 -0.213921

1.85938 -0.21392
1.875 -0.214968

1.875 -0.214968
1.89062 -0.215992

1.89062 -0.215991
1.90625 -0.216993

1.9375 -0.218942
1.93439 -0.21875

1.90625 -0.216992
1.92188 -0.217976

1.92188 -0.217976
1.9344 -0.21875

1.9375 -0.21894
1.95312 -0.219889

1.95312 -0.219889
1.96875 -0.220824

1.96875 -0.220824
1.98438 -0.221744

1.98438 -0.221745
2 -0.222647

-2.78125 0.203476
-2.76562 0.205981

-2.76562 0.205978
-2.75 0.208308

0.125 -0.0195197
0.140625 -0.0212078

-2.75 0.208307
-2.73438 0.21047

-2.73438 0.210467
-2.71875 0.212472

-2.71875 0.21247
-2.70312 0.214324

-2.70312 0.214323
-2.6875 0.216032

-2.6875 0.21603
-2.67188 0.217598

-2.67188 0.217581
-2.65923 0.21875

-2.6597 0.21875
-2.65625 0.219069

0.140625 -0.0212075
0.15625 -0.0229224

0.15625 -0.0229226
0.171875 -0.0246644

0.171875 -0.0246651
0.1875 -0.026432

-2.65625 0.219038
-2.64062 0.220368

0.1875 -0.0264328
0.203125 -0.028222

0.203125 -0.0282227
0.21875 -0.0300312

-2.64062 0.220367
-2.625 0.221577

0.234375 -0.0318611
0.229144 -0.03125

0.234375 -0.0318575
0.25 -0.0336985

0.21875 -0.0300296
0.229196 -0.03125

-2.625 0.221576
-2.60938 0.222668

-2.60938 0.222667
-2.59375 0.223646

-2.59375 0.223645
-2.57812 0.224513

-2.57812 0.224512
-2.5625 0.225276

-2.5625 0.225276
-2.54688 0.225939

-2.54688 0.225938
-2.53125 0.226504

-2.53125 0.226502
-2.51562 0.226978

0.25 -0.0336988
0.265625 -0.035554

0.265625 -0.0355538
0.28125 -0.037423

0.28125 -0.0374225
0.296875 -0.0393072

0.296875 -0.0393065
0.3125 -0.0412091

0.3125 -0.0412085
0.328125 -0.0431317

0.328125 -0.0431311
0.34375 -0.045077

0.359375 -0.0470613
0.357897 -0.046875

-2.51562 0.226975
-2.5 0.22737

2 -0.222648
2.01562 -0.223531

2.01562 -0.223531
2.03125 -0.224391

0.34375 -0.0450754
0.358021 -0.046875

0.359375 -0.0470469
0.375 -0.0490427

2.03125 -0.224392
2.04688 -0.225227

0.375 -0.0490431
0.390625 -0.051064

0.390625 -0.0510646
0.40625 -0.0531087

0.40625 -0.0531092
0.421875 -0.0551744

0.421875 -0.0551755
0.4375 -0.0572583

0.484375 -0.0635759
0.476398 -0.0625

0.484375 -0.0635693
0.5 -0.0656763

0.4375 -0.0572596
0.453125 -0.0593553

0.453125 -0.0593564
0.46875 -0.0614602

0.46875 -0.0614538
0.476507 -0.0625

2.04688 -0.225227
2.0625 -0.226035

-1 0.119571
-0.984375 0.117445

-0.984375 0.117445
-0.96875 0.115305

2.0625 -0.226036
2.07812 -0.226817

-2.5 0.227368
-2.48438 0.227689

2.07812 -0.226818
2.09375 -0.227571

-2.48438 0.227688
-2.46875 0.227943

0.5 -0.0656766
0.515625 -0.0677811

2.09375 -0.227572
2.10938 -0.228291

-0.96875 0.115304
-0.953125 0.113151

-0.953125 0.11315
-0.9375 0.110984

-0.921875 0.108805
-0.925966 0.109375

-0.9375 0.110984
-0.925958 0.109375

-0.921875 0.108805
-0.90625 0.106618

-0.90625 0.106618
-0.890625 0.104422

-0.890625 0.104422
-0.875 0.102219

-0.875 0.10222
-0.859375 0.100008

-0.859375 0.100009
-0.84375 0.0977869

-0.8125 0.0932974
-0.815643 0.09375

-0.84375 0.0977875
-0.828125 0.0955521

-0.828125 0.0955533
-0.815604 0.09375

-0.8125 0.0933017
-0.796875 0.091036

-0.796875 0.0910355
-0.78125 0.0887556

-0.78125 0.0887549
-0.765625 0.0864632

-0.765625 0.0864625
-0.75 0.0841615

-0.75 0.0841609
-0.734375 0.081853

-0.734375 0.0818525
-0.71875 0.0795399

-0.703125 0.077222
-0.709219 0.078125

-0.71875 0.0795407
-0.709196 0.078125

-0.703125 0.0772237
-0.6875 0.074908

-0.6875 0.0749072
-0.671875 0.0725935

-0.671875 0.0725928
-0.65625 0.0702837

-0.65625 0.070283
-0.640625 0.0679814

-0.640625 0.0679806
-0.625 0.0656896

-0.59375 0.0611519
-0.603071 0.0625

-0.59375 0.06115
-0.578125 0.0589114

-0.578125 0.0589104
-0.5625 0.0566967

-0.625 0.0656887
-0.609375 0.0634116

-0.609375 0.0634091
-0.603089 0.0625

-0.5625 0.056696
-0.546875 0.0545104

-0.546875 0.05451
-0.53125 0.0523549

-0.53125 0.0523549
-0.515625 0.0502311

-0.515625 0.0502314
-0.5 0.0481384

-2.46875 0.227942
-2.45312 0.228135

-2.45312 0.228135
-2.4375 0.228266

-2.4375 0.228267
-2.42188 0.228337

-2.42188 0.228337
-2.40625 0.228347

-2.40625 0.228345
-2.39062 0.228297

-2.39062 0.228297
-2.375 0.228195

-2.375 0.228195
-2.35938 0.22804

-2.35938 0.228039
-2.34375 0.227831

-2.34375 0.22783
-2.32812 0.227573

-2.32812 0.227572
-2.3125 0.227271

-2.3125 0.227273
-2.29688 0.226926

-2.29688 0.226927
-2.28125 0.226529

-2.28125 0.226529
-2.26562 0.226077

-2.26562 0.226076
-2.25 0.225573

-2.25 0.225571
-2.23438 0.225024

-0.0625 -0.000659775
-0.0693433 0

-0.0625 -0.000657392
-0.046875 -0.00216461

-0.046875 -0.00216365
-0.03125 -0.00367562

-0.03125 -0.0036748
-0.015625 -0.00519511

-2.23438 0.225022
-2.21875 0.224438

-2.21875 0.224437
-2.20312 0.223823

-2.20312 0.223822
-2.1875 0.223182

0.515625 -0.0677814
0.53125 -0.0698823

0.53125 -0.0698823
0.546875 -0.0719792

0.546875 -0.0719788
0.5625 -0.0740724

0.5625 -0.0740722
0.578125 -0.0761636

0.59375 -0.0782804
0.592588 -0.078125

0.578125 -0.0761615
0.592806 -0.078125

-2.1875 0.223181
-2.17188 0.222519

-0.015625 -0.00519444
0 -0.00672607

0.59375 -0.0782539
0.609375 -0.0803409

-2.17188 0.222518
-2.15625 0.221837

0.609375 -0.0803405
0.625 -0.0824241

-0.484375 0.0460746
-0.490437 0.046875

-0.5 0.0481393
-0.490425 0.046875

-2.15625 0.221837
-2.14062 0.221138

-2.14062 0.221138
-2.125 0.220424

0.625 -0.0824239
0.640625 -0.0845053

0.640625 -0.0845049
0.65625 -0.0865856

2.10938 -0.228292
2.125 -0.228971

-0.484375 0.0460759
-0.46875 0.0440414

-2.125 0.220424
-2.10938 0.219696

-2.10938 0.219696
-2.09375 0.218952

-0.46875 0.0440419
-0.453125 0.0420342

0.65625 -0.0865853
0.671875 -0.0886667

0.671875 -0.0886657
0.6875 -0.0907505

-0.453125 0.0420346
-0.4375 0.0400521

0.71875 -0.0949455
0.70986 -0.09375

0.6875 -0.0907496
0.703125 -0.0928416

-0.4375 0.0400525
-0.421875 0.0380934

-0.421875 0.0380937
-0.40625 0.0361567

-0.40625 0.0361569
-0.390625 0.0342412

-0.390625 0.0342411
-0.375 0.0323467

-0.359375 0.030476
-0.365836 0.03125

-0.359375 0.0304741
-0.34375 0.0286268

-0.375 0.0323451
-0.365859 0.03125

-0.34375 0.0286262
-0.328125 0.0268053

-0.328125 0.0268049
-0.3125 0.0250121

-0.3125 0.0250121
-0.296875 0.0232485

-0.296875 0.0232487
-0.28125 0.0215138

-0.28125 0.0215142
-0.265625 0.0198065

-0.265625 0.019807
-0.25 0.0181249

-0.25 0.0181254
-0.234375 0.0164667

-0.21875 0.0148303
-0.226337 0.015625

-0.234375 0.0164669
-0.226337 0.015625

-0.21875 0.0148308
-0.203125 0.0132149

-0.203125 0.0132152
-0.1875 0.0116184

-0.1875 0.0116188
-0.171875 0.0100395

-0.171875 0.0100399
-0.15625 0.00847679

-0.15625 0.00847714
-0.140625 0.00692872

-0.140625 0.00692917
-0.125 0.00539383

-0.125 0.0053943
-0.109375 0.00387019

-0.109375 0.00387086
-0.09375 0.00235568

-0.09375 0.00235651
-0.078125 0.00084727

-0.078125 0.000849067
-0.0693184 0

2.125 -0.228972
2.14062 -0.229605

2.14062 -0.229606
2.15625 -0.230192

2.15625 -0.230192
2.17188 -0.230727

2.17188 -0.230728
2.1875 -0.23121

2.1875 -0.231211
2.20312 -0.231635

2.20312 -0.231637
2.21875 -0.231996

2.21875 -0.231998
2.23438 -0.232284

2.23438 -0.232285
2.25 -0.232492

-2.07812 0.218191
-2.08954 0.21875

-2.07812 0.218189
-2.0625 0.217397

-2.09375 0.218952
-2.08964 0.21875

2.25 -0.232492
2.26562 -0.232616

-2.0625 0.217396
-2.04688 0.216582

0.703125 -0.0928379
0.709908 -0.09375

0.71875 -0.0949427
0.734375 -0.097053

0.734375 -0.0970525
0.75 -0.0991732

-2.04688 0.216583
-2.03125 0.215749

-2.03125 0.215749
-2.01562 0.214892

-2.01562 0.214892
-2 0.214013

2.26562 -0.232615
2.28125 -0.232654

2.28125 -0.232653
2.29688 -0.23261

2.29688 -0.232611
2.3125 -0.232486

2.3125 -0.232489
2.32812 -0.232275

2.32812 -0.232277
2.34375 -0.231966

2.34375 -0.231966
2.35938 -0.231552

0.75 -0.0991735
0.765625 -0.101305

0.765625 -0.101306
0.78125 -0.103446

2.35938 -0.231553
2.375 -0.231032

2.375 -0.231034
2.39062 -0.230401

0.78125 -0.103447
0.796875 -0.105593

0.796875 -0.105594
0.8125 -0.107741

2.39062 -0.230402
2.40625 -0.229652

0.828125 -0.109893
0.824349 -0.109375

0.8125 -0.10774
0.824425 -0.109375

2.40625 -0.229653
2.42188 -0.228781

2.42188 -0.228781
2.4375 -0.227786

2.4375 -0.227786
2.45312 -0.226668

2.45312 -0.226669
2.46875 -0.225429

2.46875 -0.22543
2.48438 -0.224064

2.48438 -0.224063
2.5 -0.22257

0.828125 -0.109887
0.84375 -0.112019

0.84375 -0.11202
0.859375 -0.114134

0.859375 -0.114136
0.875 -0.116224

0.953125 -0.126179
0.943596 -0.125

0.953125 -0.126174
0.96875 -0.128085

0.96875 -0.128084
0.984375 -0.129977

0.984375 -0.129977
1 -0.131855

0.875 -0.116225
0.890625 -0.118281

0.890625 -0.118281
0.90625 -0.120302

0.90625 -0.120301
0.921875 -0.122287

0.921875 -0.122286
0.9375 -0.124243

0.9375 -0.124237
0.943672 -0.125

2.5 -0.222569
2.51562 -0.22095

2.51562 -0.220949
2.53125 -0.219207

-2 0.214013
-1.98438 0.213112

-1.98438 0.213112
-1.96875 0.21219

-1.96875 0.21219
-1.95312 0.211246

-1.95312 0.211246
-1.9375 0.210281

-1.9375 0.210281
-1.92188 0.209296

2.53125 -0.219239
2.53537 -0.21875

2.53496 -0.21875
2.54688 -0.217337

-1.92188 0.209295
-1.90625 0.208293

-1.90625 0.208293
-1.89062 0.207275

-1.89062 0.207275
-1.875 0.206242

2.54688 -0.217352
2.5625 -0.21539

2.5625 -0.215391
2.57812 -0.213311

2.57812 -0.213312
2.59375 -0.211112

-1.875 0.206242
-1.85938 0.205193

-1.85938 0.205193
-1.84375 0.204127

2.59375 -0.211112
2.60938 -0.20879

2.60938 -0.208788
2.625 -0.206349

-1.82812 0.203045
-1.82928 0.203125

2.625 -0.206352
2.64062 -0.203794

2.64062 -0.203875
2.64501 -0.203125

-1.84375 0.204126
-1.82929 0.203125

-1.82812 0.203045
-1.8125 0.201948

2.64434 -0.203125
2.65625 -0.201086

2.65625 -0.201119
2.67188 -0.198327

-1.8125 0.201946
-1.79688 0.200837

-1.79688 0.200837
-1.78125 0.199718

-1.78125 0.199719
-1.76562 0.198586

-1.76562 0.198586
-1.75 0.197439

2.67188 -0.198331
2.6875 -0.195408

2.6875 -0.195409
2.70312 -0.192344

2.70312 -0.192342
2.71875 -0.189137

2.71875 -0.189205
2.72675 -0.1875

2.72607 -0.1875
2.73438 -0.185728

-1.75 0.197439
-1.73438 0.196274

-1.73438 0.196274
-1.71875 0.195089

-1.71875 0.195089
-1.70312 0.193886

2.73438 -0.185802
2.75 -0.182347

-1.70312 0.193886
-1.6875 0.192666

-1.6875 0.192666
-1.67188 0.191428

-1.67188 0.191428
-1.65625 0.190175

-1.65625 0.190175
-1.64062 0.188905

-1.64062 0.188906
-1.625 0.187618

1 -0.131855
1.01562 -0.133718

1.01562 -0.133718
1.03125 -0.135563

2.75 -0.182354
2.76562 -0.178754

-1.60938 0.18631
-1.62358 0.1875

-1.60938 0.186309
-1.59375 0.18498

2.76562 -0.178758
2.78125 -0.17499

-1.59375 0.18498
-1.57812 0.183632

1.03125 -0.135563
1.04688 -0.13739

-1.57812 0.183632
-1.5625 0.182264

2.78125 -0.175007
2.7937 -0.171875

-1.625 0.187616
-1.62361 0.1875

1.04688 -0.137391
1.0625 -0.1392

2.79328 -0.171875
2.79688 -0.17097

2.79688 -0.171057
2.8125 -0.166964

-1.5625 0.182264
-1.54688 0.180879

2.8125 -0.16696
2.82812 -0.162706

1.07812 -0.141007
1.07479 -0.140625

-1.54688 0.180878
-1.53125 0.179476

-1.53125 0.179476
-1.51562 0.178059

1.0625 -0.139195
1.075 -0.140625

1.07812 -0.140989
1.09375 -0.142754

1.09375 -0.142755
1.10938 -0.144494

1.10938 -0.144495
1.125 -0.146208

2.82812 -0.16271
2.84375 -0.158295

1.125 -0.146208
1.14062 -0.147894

1.14062 -0.147894
1.15625 -0.149555

1.15625 -0.149554
1.17188 -0.151191

1.17188 -0.15119
1.1875 -0.152807

1.1875 -0.152806
1.20312 -0.154405

1.20312 -0.154405
1.21875 -0.155987

-1.51562 0.178059
-1.5 0.176628

1.23438 -0.157555
1.22138 -0.15625

1.23438 -0.157554
1.25 -0.159115

2.84375 -0.158643
2.85187 -0.15625

2.84979 -0.15625
2.85938 -0.153423

2.85938 -0.153728
2.875 -0.148847

1.21875 -0.155982
1.22141 -0.15625

2.875 -0.148872
2.89062 -0.143613

2.89062 -0.143963
2.89977 -0.140625

2.89781 -0.140625
2.90625 -0.137545

2.90625 -0.137932
2.92188 -0.131749

2.92188 -0.13178
2.9375 -0.12503

2.9375 -0.125373
2.93829 -0.125

2.93756 -0.125
2.95312 -0.117637

2.95312 -0.117706
2.96875 -0.109544

2.96875 -0.110518
2.99257 -0.09375

2.9929 -0.09375
3 -0.0881398

-1.5 0.176628
-1.48438 0.175182

-1.48438 0.175182
-1.46875 0.173721

-1.46875 0.173722
-1.45312 0.172244

-1.4375 0.170748
-1.44926 0.171875

-1.45312 0.172243
-1.44928 0.171875

-1.4375 0.170748
-1.42188 0.169231

-1.42188 0.169231
-1.40625 0.167694

1.25 -0.159115
1.26562 -0.16067

1.26562 -0.16067
1.28125 -0.162218

-1.40625 0.167695
-1.39062 0.166136

-1.39062 0.166137
-1.375 0.164554

1.28125 -0.162219
1.29688 -0.163761

3 -0.0872227
3.02775 -0.0625

3.02534 -0.0625
3.03125 -0.0569575

1.29688 -0.163762
1.3125 -0.165296

1.3125 -0.165297
1.32812 -0.166821

1.32812 -0.166821
1.34375 -0.168335

1.34375 -0.168334
1.35938 -0.169839

1.35938 -0.169838
1.375 -0.171337

-1.375 0.164554
-1.35938 0.162945

-1.35938 0.162945
-1.34375 0.161306

-1.34375 0.161306
-1.32812 0.15964

3.03125 -0.0570202
3.06175 -0.03125

1.39062 -0.172837
1.38059 -0.171875

1.375 -0.171332
1.38067 -0.171875

-1.32812 0.159639
-1.3125 0.157946

1.39062 -0.172834
1.40625 -0.174332

1.40625 -0.174331
1.42188 -0.175831

1.42188 -0.175831
1.4375 -0.177335

3.0622 -0.03125
3.0625 -0.0310177

3.0625 -0.0285269
3.1157 0

-1.29688 0.156228
-1.29707 0.15625

-1.29688 0.156229
-1.28125 0.154489

-1.3125 0.157946
-1.29707 0.15625

1.4375 -0.177335
1.45312 -0.178843

1.45312 -0.178843
1.46875 -0.180354

1.46875 -0.180354
1.48438 -0.181866

3.25 -0.00117676
3.30623 0

1.48438 -0.181867
1.5 -0.183379

3.12095 0
3.125 0.0019928

3.125 0.00403688
3.25 0.0224533

-1.28125 0.154488
-1.26562 0.152726

-1.26562 0.152726
-1.25 0.150944

3.25 0.000987545
3.5 0.00449643

3.5 -0.00434293
4 -0.00287546

-1.25 0.150944
-1.23438 0.149141

-1.23438 0.149141
-1.21875 0.147318

-1.21875 0.147318
-1.20312 0.145474

-1.20312 0.145474
-1.1875 0.143607

-1.1875 0.143607
-1.17188 0.141718

-1.15625 0.139808
-1.16293 0.140625

-1.17188 0.141717
-1.16294 0.140625

-1.15625 0.139807
-1.14062 0.137874

-1.14062 0.137873
-1.125 0.135919

-1.03125 0.123773
-1.0405 0.125

-1.03125 0.123773
-1.01562 0.121681

-1.01562 0.12168
-1 0.119571

-1.125 0.135919
-1.10938 0.133943

-1.10938 0.133943
-1.09375 0.131948

-1.09375 0.131948
-1.07812 0.129933

-1.07812 0.129933
-1.0625 0.127899

-1.0625 0.127899
-1.04688 0.125846

-1.04688 0.125845
-1.04051 0.125

