-4 -0.00866426
-3.60842 0

-3.65174 0
-3.5 0.00338402

-3 -0.067829
-3.00323 -0.0625

-3.03125 -0.0236379
-3.05647 0

-3.00322 -0.0625
-3.02572 -0.03125

-3.03125 -0.025121
-3.02598 -0.03125

-3.5 0.0142171
-3.25 0.0251376

-3.25 0.0469117
-3.125 0.0342374

-3.125 0.0376167
-3.0625 0.00530964

-3.0625 0.00391209
-3.05738 0

-2.78125 -0.25029
-2.78195 -0.25

-2.76562 -0.255434
-2.77987 -0.25

-2.76562 -0.255396
-2.75 -0.26091

-2.95312 -0.136121
-2.96317 -0.125

-2.9375 -0.15217
-2.94897 -0.140625

-2.95312 -0.137067
-2.94978 -0.140625

-2.89062 -0.191734
-2.89647 -0.1875

-2.89062 -0.191121
-2.875 -0.201744

-2.92188 -0.166927
-2.93369 -0.15625

-2.90625 -0.179334
-2.91556 -0.171875

-2.92188 -0.166862
-2.91574 -0.171875

-2.9375 -0.151667
-2.93272 -0.15625

-2.90625 -0.179184
-2.89511 -0.1875

-2.96875 -0.119568
-2.98785 -0.09375

-2.9865 -0.09375
-2.99529 -0.078125

-3 -0.0711348
-2.99599 -0.078125

0 -0.00305085
0.015625 -0.00063212

-1 -0.151782
-0.984375 -0.149528

0.015625 -0.000816526
0.0209092 0

-2.96875 -0.118199
-2.96304 -0.125

-0.984375 -0.149529
-0.96875 -0.147278

-0.96875 -0.147278
-0.953125 -0.145028

-0.953125 -0.145028
-0.9375 -0.142778

-0.9375 -0.142786
-0.922511 -0.140625

-0.923286 -0.140625
-0.921875 -0.140422

-0.921875 -0.140526
-0.90625 -0.138271

-0.90625 -0.138271
-0.890625 -0.136013

0.0192384 0
0.03125 0.00185605

-2.84375 -0.221216
-2.8481 -0.21875

-0.890625 -0.136013
-0.875 -0.133751

-2.85938 -0.211484
-2.87282 -0.203125

0.03125 0.00178177
0.046875 0.00419287

0.046875 0.00419229
0.0625 0.00660281

0.0625 0.00660211
0.078125 0.00901463

0.078125 0.00901421
0.09375 0.011431

0.09375 0.0114305
0.109375 0.0138533

0.109375 0.0138218
0.120969 0.015625

0.120251 0.015625
0.125 0.0163636

-0.875 -0.133751
-0.859375 -0.131485

-0.859375 -0.131485
-0.84375 -0.129214

-0.84375 -0.129214
-0.828125 -0.126939

-0.828125 -0.126953
-0.814738 -0.125

0.125 0.0162831
0.140625 0.0187213

0.140625 0.018721
0.15625 0.021168

-2.875 -0.201444
-2.87225 -0.203125

-2.85938 -0.211155
-2.84607 -0.21875

-2.84375 -0.220311
-2.82812 -0.228517

-2.8125 -0.237097
-2.81812 -0.234375

-2.82812 -0.228112
-2.81519 -0.234375

0.15625 0.021168
0.171875 0.0236243

0.171875 0.0236245
0.1875 0.0260895

-0.815298 -0.125
-0.8125 -0.124592

-0.8125 -0.12466
-0.796875 -0.122377

-0.796875 -0.122377
-0.78125 -0.12009

-0.78125 -0.12009
-0.765625 -0.117797

0.1875 0.0260903
0.203125 0.0285621

1.5 0.215803
1.51562 0.217808

1.51562 0.217796
1.52312 0.21875

1.52294 0.21875
1.53125 0.219808

1.53125 0.219798
1.54688 0.221771

1.54688 0.221771
1.5625 0.223728

1.5625 0.223728
1.57812 0.225671

1.57812 0.225671
1.59375 0.2276

-0.765625 -0.117797
-0.75 -0.115497

0.203125 0.0285625
0.21875 0.0310389

-0.75 -0.115497
-0.734375 -0.113188

-2.8125 -0.23605
-2.79688 -0.243029

-2.79688 -0.243002
-2.78125 -0.249444

-2.78125 -0.249213
-2.77919 -0.25

-0.734375 -0.113188
-0.71875 -0.110871

0.21875 0.0307613
0.221832 0.03125

-2.73438 -0.267237
-2.7393 -0.265625

-0.71875 -0.110902
-0.708487 -0.109375

-0.709075 -0.109375
-0.703125 -0.10849

-0.703125 -0.108545
-0.6875 -0.106213

-0.6875 -0.106212
-0.671875 -0.103876

-0.671875 -0.103875
-0.65625 -0.101536

-0.65625 -0.101535
-0.640625 -0.0991948

-0.640625 -0.0991942
-0.625 -0.0968553

0.219805 0.03125
0.234375 0.0335604

0.234375 0.0335185
0.25 0.0359937

-2.75 -0.260646
-2.73478 -0.265625

-2.73438 -0.266009
-2.71875 -0.270738

-2.71875 -0.270727
-2.70312 -0.275098

0.25 0.0359947
0.265625 0.038464

-2.70312 -0.275094
-2.6875 -0.279137

0.265625 0.0384648
0.28125 0.0409243

-0.625 -0.0968549
-0.609375 -0.0945194

-0.609375 -0.0946463
-0.603365 -0.09375

-0.604665 -0.09375
-0.59375 -0.0921222

0.28125 0.0409253
0.296875 0.0433716

0.296875 0.0433721
0.3125 0.0458023

0.3125 0.045649
0.320441 0.046875

0.318628 0.046875
0.328125 0.0483411

0.328125 0.0482152
0.34375 0.050608

0.34375 0.0506078
0.359375 0.0529814

0.359375 0.0529809
0.375 0.0553362

1.59375 0.227599
1.60938 0.229516

1.60938 0.229516
1.625 0.23142

-0.59375 -0.0921884
-0.578125 -0.0898648

1.625 0.23142
1.64062 0.233313

1.64062 0.233303
1.64952 0.234375

1.64934 0.234375
1.65625 0.235207

1.65625 0.235195
1.67188 0.237067

1.67188 0.237066
1.6875 0.238928

1.6875 0.238928
1.70312 0.24078

-0.578125 -0.0898648
-0.5625 -0.0875486

1.70312 0.24078
1.71875 0.242623

1.71875 0.242623
1.73438 0.244456

0.375 0.0553357
0.390625 0.0576747

1.73438 0.244456
1.75 0.246277

0.390625 0.0576741
0.40625 0.059999

-0.5625 -0.0875486
-0.546875 -0.0852395

-2.67188 -0.283468
-2.68114 -0.28125

-2.67188 -0.282868
-2.65625 -0.28632

0.40625 0.0599983
0.421875 0.0623116

-2.6875 -0.278643
-2.6766 -0.28125

0.421875 0.0622447
0.423607 0.0625

-0.546875 -0.0852397
-0.53125 -0.0829374

-2.65625 -0.286314
-2.64062 -0.289493

0.423108 0.0625
0.4375 0.0646219

-2.64062 -0.289489
-2.625 -0.292417

0.4375 0.0646144
0.453125 0.0669103

-2.60938 -0.296962
-2.60988 -0.296875

0.453125 0.0669098
0.46875 0.0692

-0.53125 -0.0829374
-0.515625 -0.0806416

-2.625 -0.292412
-2.60938 -0.295101

-2.59375 -0.298247
-2.60244 -0.296875

-2.60938 -0.294737
-2.59583 -0.296875

0.46875 0.0691998
0.484375 0.0714857

1.75 0.246278
1.76562 0.248086

0.484375 0.0714856
0.5 0.0737681

-0.515625 -0.0806419
-0.5 -0.0783518

1.76562 0.248087
1.78125 0.24988

1.78125 0.24988
1.78231 0.25

-2.59375 -0.297564
-2.57812 -0.299821

-2.57812 -0.299816
-2.5625 -0.30187

-2.5625 -0.301869
-2.54688 -0.303734

1.7823 0.25
1.79688 0.251656

1.79688 0.251657
1.8125 0.253414

-2.54688 -0.303732
-2.53125 -0.305415

-2.53125 -0.305414
-2.51562 -0.306924

1.8125 0.253414
1.82812 0.25515

1.82812 0.25515
1.84375 0.256862

-2.51562 -0.306922
-2.5 -0.308265

1.84375 0.256863
1.85938 0.25855

0.5 0.0737683
0.515625 0.0760469

0.515625 0.0760349
0.529985 0.078125

0.529205 0.078125
0.53125 0.0784226

0.53125 0.0783215
0.546875 0.0805904

0.546875 0.0805904
0.5625 0.0828532

0.5625 0.0828532
0.578125 0.0851099

0.578125 0.0851097
0.59375 0.087361

0.59375 0.0873607
0.609375 0.0896078

0.609375 0.0896075
0.625 0.0918516

1.85938 0.258551
1.875 0.260212

0.625 0.091835
0.638341 0.09375

0.637676 0.09375
0.640625 0.0941733

0.640625 0.0940936
0.65625 0.0963367

0.65625 0.096336
0.671875 0.0985814

-2.5 -0.308263
-2.48438 -0.309445

-2.48438 -0.309443
-2.46875 -0.31047

-2.46875 -0.310469
-2.45312 -0.311348

-2.45312 -0.311347
-2.4375 -0.312081

1.875 0.260212
1.89062 0.261846

-2.42188 -0.312729
-2.42787 -0.3125

0.671875 0.0985807
0.6875 0.100831

-0.5 -0.0787458
-0.495754 -0.078125

0.6875 0.100831
0.703125 0.103089

0.703125 0.103089
0.71875 0.105358

0.71875 0.105358
0.734375 0.107636

0.734375 0.10762
0.746364 0.109375

-2.42188 -0.312676
-2.40625 -0.313135

-2.40625 -0.313135
-2.39062 -0.313458

-2.39062 -0.313457
-2.375 -0.313649

-2.4375 -0.312055
-2.42584 -0.3125

-0.498996 -0.078125
-0.484375 -0.0759874

-0.484375 -0.0760674
-0.46875 -0.0737884

-0.46875 -0.0737886
-0.453125 -0.0715138

-0.453125 -0.071514
-0.4375 -0.0692427

-0.4375 -0.0692429
-0.421875 -0.066974

1.89062 0.261846
1.90625 0.26345

1.90625 0.263451
1.92188 0.265025

1.92188 0.265022
1.92797 0.265625

1.92793 0.265625
1.9375 0.266571

1.9375 0.266569
1.95312 0.268082

1.95312 0.268082
1.96875 0.269564

-0.421875 -0.0669741
-0.40625 -0.0647069

1.96875 0.269564
1.98438 0.271017

-0.40625 -0.0647078
-0.391026 -0.0625

-0.390625 -0.0628874
-0.387954 -0.0625

1.98438 0.271017
2 0.272442

0.745932 0.109375
0.75 0.10997

-0.391209 -0.0625
-0.390625 -0.0624153

0.75 0.109923
0.765625 0.112217

0.765625 0.112217
0.78125 0.114516

-0.390625 -0.0624084
-0.375 -0.0601425

-0.375 -0.0601761
-0.359375 -0.0579086

0.78125 0.114516
0.796875 0.116818

0.796875 0.116818
0.8125 0.119125

-0.359375 -0.0579092
-0.34375 -0.0556381

-0.34375 -0.0556389
-0.328125 -0.0533615

0.8125 0.119125
0.828125 0.121434

0.828125 0.121434
0.84375 0.123748

0.84375 0.12373
0.852314 0.125

0.852047 0.125
0.859375 0.126087

0.859375 0.126066
0.875 0.128387

0.875 0.128387
0.890625 0.130712

0.890625 0.130712
0.90625 0.133039

0.90625 0.13304
0.921875 0.135369

0.921875 0.13537
0.9375 0.137699

0.9375 0.137699
0.953125 0.140026

0.953125 0.140012
0.957247 0.140625

0.957117 0.140625
0.96875 0.142354

0.96875 0.142349
0.984375 0.144665

-2.375 -0.313648
-2.35938 -0.313711

-2.35938 -0.31371
-2.34375 -0.313651

-2.34375 -0.31365
-2.32812 -0.313471

-2.32812 -0.313471
-2.3125 -0.313174

0.984375 0.144665
1 0.146973

-2.3125 -0.313174
-2.29688 -0.312761

-2.29688 -0.312757
-2.28936 -0.3125

-2.28906 -0.3125
-2.28125 -0.312233

-2.28125 -0.312226
-2.26562 -0.311573

-2.26562 -0.311571
-2.25 -0.310807

-2.25 -0.310805
-2.23438 -0.309935

-2.23438 -0.309933
-2.21875 -0.308968

-2.21875 -0.308966
-2.20312 -0.307915

-2.20312 -0.307913
-2.1875 -0.306784

-2.1875 -0.306783
-2.17188 -0.305582

-2.17188 -0.305581
-2.15625 -0.304315

-2.15625 -0.304313
-2.14062 -0.302986

-2.14062 -0.302985
-2.125 -0.301602

2 0.272442
2.01562 0.273841

2.01562 0.273841
2.03125 0.275212

2.03125 0.275212
2.04688 0.276557

2.04688 0.276557
2.0625 0.277874

-2.125 -0.3016
-2.10938 -0.300167

-2.10938 -0.300166
-2.09375 -0.298689

-2.09375 -0.298687
-2.07812 -0.29717

-2.07812 -0.297133
-2.07553 -0.296875

2.0625 0.277874
2.07812 0.279161

2.07812 0.279162
2.09375 0.280418

2.09375 0.280425
2.1043 0.28125

-2.07508 -0.296875
-2.0625 -0.295627

2.10456 0.28125
2.10938 0.281626

2.10938 0.281641
2.125 0.282825

-2.0625 -0.295617
-2.04688 -0.294036

-2.04688 -0.294035
-2.03125 -0.29243

2.125 0.282826
2.14062 0.283971

2.14062 0.283972
2.15625 0.285074

2.15625 0.285074
2.17188 0.28613

1 0.146973
1.01562 0.149272

1.01562 0.149272
1.03125 0.151562

1.03125 0.151562
1.04688 0.153841

1.04688 0.153841
1.0625 0.15611

1.0625 0.156105
1.0635 0.15625

1.06347 0.15625
1.07812 0.158366

1.07812 0.158366
1.09375 0.16061

1.09375 0.16061
1.10938 0.162841

2.17188 0.286131
2.1875 0.287138

1.10938 0.162841
1.125 0.16506

-2.03125 -0.292429
-2.01562 -0.290803

-2.01562 -0.290802
-2 -0.289158

1.125 0.16506
1.14062 0.167267

1.14062 0.167267
1.15625 0.169462

2.1875 0.287139
2.20312 0.288094

2.20312 0.288094
2.21875 0.288994

2.21875 0.288995
2.23438 0.289837

2.23438 0.289837
2.25 0.290619

1.15625 0.169462
1.17188 0.171644

1.17188 0.171638
1.17358 0.171875

1.17353 0.171875
1.1875 0.173816

1.1875 0.173815
1.20312 0.175975

1.20312 0.175975
1.21875 0.178125

2.25 0.29062
2.26562 0.291339

2.26562 0.29134
2.28125 0.291994

2.28125 0.291995
2.29688 0.292582

2.29688 0.292583
2.3125 0.2931

2.3125 0.293101
2.32812 0.293546

2.32812 0.293546
2.34375 0.293915

2.34375 0.293916
2.35938 0.294204

1.21875 0.178125
1.23438 0.180267

1.23438 0.180267
1.25 0.182402

2.35938 0.294205
2.375 0.294409

2.375 0.29441
2.39062 0.294525

2.39062 0.294526
2.40625 0.294545

2.40625 0.294547
2.42188 0.294465

2.42188 0.294466
2.4375 0.294278

2.4375 0.294279
2.45312 0.293978

2.45312 0.29398
2.46875 0.293559

2.46875 0.293561
2.48438 0.293017

2.48438 0.293018
2.5 0.292344

1.25 0.182402
1.26562 0.184531

1.26562 0.184531
1.28125 0.186656

1.28125 0.186646
1.28755 0.1875

1.28743 0.1875
1.29688 0.188782

1.29688 0.188775
1.3125 0.190891

1.3125 0.19089
1.32812 0.193001

1.32812 0.193001
1.34375 0.195108

1.34375 0.195109
1.35938 0.197212

1.35938 0.197212
1.375 0.199311

1.375 0.199311
1.39062 0.201405

1.39062 0.2014
1.40354 0.203125

1.40334 0.203125
1.40625 0.203513

1.40625 0.203492
1.42188 0.205571

1.42188 0.205571
1.4375 0.20764

1.4375 0.207641
1.45312 0.209699

1.45312 0.2097
1.46875 0.211747

1.46875 0.211747
1.48438 0.213781

1.48438 0.213782
1.5 0.215802

-2 -0.289157
-1.98438 -0.287496

-0.328125 -0.053362
-0.3125 -0.0510757

-1.98438 -0.287496
-1.96875 -0.28582

-1.96875 -0.28582
-1.95312 -0.284129

-1.95312 -0.284129
-1.9375 -0.282422

-1.9375 -0.28242
-1.9269 -0.28125

-1.92683 -0.28125
-1.92188 -0.280704

-0.3125 -0.0510762
-0.296875 -0.0487789

2.5 0.292346
2.51562 0.291538

2.51562 0.291539
2.53125 0.290592

-0.296875 -0.0487915
-0.28391 -0.046875

-0.284366 -0.046875
-0.28125 -0.0464144

-0.28125 -0.0470703
-0.279936 -0.046875

-0.28125 -0.0464617
-0.265625 -0.0441385

-0.265625 -0.044147
-0.25 -0.0418086

2.53125 0.290593
2.54688 0.289501

2.54688 0.289503
2.5625 0.288259

2.5625 0.288261
2.57812 0.28686

-1.92188 -0.280699
-1.90625 -0.278958

-1.90625 -0.278958
-1.89062 -0.277199

-1.89062 -0.277199
-1.875 -0.275421

-1.875 -0.275421
-1.85938 -0.273625

-1.85938 -0.273624
-1.84375 -0.271811

-1.84375 -0.271811
-1.82812 -0.269983

-1.82812 -0.269982
-1.8125 -0.26814

-1.8125 -0.268141
-1.79688 -0.266285

-1.79688 -0.266308
-1.79117 -0.265625

-1.79147 -0.265625
-1.78125 -0.264402

-1.78125 -0.264415
-1.76562 -0.26253

-0.25 -0.0418088
-0.234375 -0.0394542

-0.234375 -0.0394543
-0.21875 -0.0370831

-0.21875 -0.0370829
-0.203125 -0.0346952

-0.203125 -0.0346949
-0.1875 -0.0322918

-0.1875 -0.0324029
-0.180045 -0.03125

-0.181329 -0.03125
-0.171875 -0.029788

-0.171875 -0.0298741
-0.15625 -0.0274468

-0.15625 -0.0274462
-0.140625 -0.0250099

2.57812 0.286862
2.59375 0.285294

-0.140625 -0.0250094
-0.125 -0.0225665

-1.76562 -0.26253
-1.75 -0.260628

2.59375 0.285296
2.60938 0.283554

2.60938 0.283557
2.625 0.281628

-0.125 -0.0225658
-0.109375 -0.0201187

-1.75 -0.260628
-1.73438 -0.258709

-1.73438 -0.258709
-1.71875 -0.256772

-0.109375 -0.020118
-0.09375 -0.0176694

2.64062 0.279363
2.62675 0.28125

2.64062 0.279509
2.65625 0.27718

2.625 0.282061
2.63097 0.28125

2.65625 0.277182
2.67188 0.274634

2.67188 0.274637
2.6875 0.271857

2.6875 0.27186
2.70312 0.268836

-0.09375 -0.0176785
-0.0806392 -0.015625

-0.0810044 -0.015625
-0.078125 -0.015174

-0.078125 -0.0157069
-0.0776013 -0.015625

-0.078125 -0.0152198
-0.0625 -0.0127757

-0.0625 -0.0127767
-0.046875 -0.010337

-0.046875 -0.0103368
-0.03125 -0.00790246

-0.03125 -0.0079026
-0.015625 -0.00547385

-0.015625 -0.00547381
0 -0.00305044

2.71875 0.264707
2.71438 0.265625

2.70312 0.268968
2.71875 0.265685

2.71875 0.264828
2.73438 0.261274

-1.71875 -0.256772
-1.70312 -0.254817

-1.70312 -0.254817
-1.6875 -0.252844

-1.6875 -0.252844
-1.67188 -0.250852

-1.67188 -0.250917
-1.66475 -0.25

2.71875 0.267904
2.72877 0.265625

2.73438 0.262009
2.75 0.258168

-1.66564 -0.25
-1.65625 -0.248792

-1.65625 -0.248841
-1.64062 -0.246811

-1.64062 -0.246811
-1.625 -0.244761

2.78125 0.247345
2.77197 0.25

-1.625 -0.244761
-1.60938 -0.242688

-1.60938 -0.242688
-1.59375 -0.240591

2.78125 0.248394
2.79688 0.243581

2.79688 0.244763
2.8125 0.239581

2.82812 0.231345
2.81964 0.234375

2.8125 0.240411
2.82812 0.234828

2.82812 0.232533
2.84375 0.226521

2.82812 0.238592
2.83909 0.234375

2.875 0.212209
2.86038 0.21875

-1.59375 -0.240591
-1.57812 -0.238468

-1.57812 -0.238468
-1.5625 -0.236318

-1.5625 -0.23632
-1.54855 -0.234375

-1.54868 -0.234375
-1.54688 -0.234124

-1.54688 -0.234537
-1.54573 -0.234375

-1.54688 -0.234133
-1.53125 -0.231927

-1.53125 -0.231933
-1.51562 -0.229698

-1.51562 -0.229697
-1.5 -0.227435

2.84375 0.228013
2.85938 0.221533

2.85938 0.224489
2.8722 0.21875

2.9375 0.180569
2.92623 0.1875

2.875 0.214567
2.89062 0.207019

2.90625 0.198003
2.89645 0.203125

2.89062 0.207959
2.89988 0.203125

2.90625 0.198886
2.92188 0.190042

2.92188 0.189741
2.92552 0.1875

2.95312 0.171528
2.9526 0.171875

2.9375 0.180304
2.95004 0.171875

2.95312 0.169988
2.96875 0.158524

3 0.132871
2.97201 0.15625

2.96875 0.158219
2.97128 0.15625

2.75 0.258173
2.76562 0.254028

2.76562 0.254823
2.78125 0.250354

2.78125 0.253364
2.79217 0.25

3.03125 0.103347
3.00708 0.125

3.0625 0.076886
3.04148 0.09375

3.03125 0.103247
3.04244 0.09375

3.125 0.0405408
3.08434 0.0625

-1.5 -0.227435
-1.48438 -0.225147

-1.48438 -0.225146
-1.46875 -0.222836

-1.46875 -0.222835
-1.45312 -0.220503

-1.45312 -0.220509
-1.44143 -0.21875

-1.44162 -0.21875
-1.4375 -0.21813

-1.4375 -0.218151
-1.42188 -0.215783

3.0625 0.0751956
3.08585 0.0625

3 0.132019
3.00817 0.125

3.125 0.0429326
3.25 0.0139593

-1.42188 -0.215783
-1.40625 -0.2134

-1.40625 -0.213399
-1.39062 -0.211002

-1.39062 -0.211002
-1.375 -0.208593

3.25 0.0295653
3.5 0.00230037

4 -0.0131882
3.66498 0

-1.375 -0.208592
-1.35938 -0.206173

-1.35938 -0.206173
-1.34375 -0.203747

-1.34375 -0.203818
-1.33929 -0.203125

3.5 0.00346507
3.58802 0

-1.33992 -0.203125
-1.32812 -0.20129

-1.32812 -0.201315
-1.3125 -0.198883

-1.3125 -0.198883
-1.29688 -0.19645

-1.29688 -0.19645
-1.28125 -0.194018

-1.28125 -0.194018
-1.26562 -0.19159

-1.26562 -0.191589
-1.25 -0.189167

-1.25 -0.189179
-1.23914 -0.1875

-1.2394 -0.1875
-1.23438 -0.186723

-1.23438 -0.18675
-1.21875 -0.184344

-1.21875 -0.184344
-1.20312 -0.181946

-1.20312 -0.181946
-1.1875 -0.179558

-1.1875 -0.179558
-1.17188 -0.177181

-1.17188 -0.177181
-1.15625 -0.174814

-1.15625 -0.174814
-1.14062 -0.172459

-1.14062 -0.172602
-1.13577 -0.171875

-1.13709 -0.171875
-1.125 -0.170063

-1.125 -0.170116
-1.10938 -0.167786

-1.10938 -0.167786
-1.09375 -0.165468

-1.09375 -0.165468
-1.07812 -0.163162

-1.07812 -0.163163
-1.0625 -0.160868

-1.0625 -0.160868
-1.04688 -0.158583

-1.04688 -0.158583
-1.03125 -0.156308

-1.03125 -0.15642
-1.03008 -0.15625

-1.03089 -0.15625
-1.01562 -0.154035

-1.01562 -0.154041
-1 -0.151782

