-4 -0.0089876
-3.74158 0

-3.6742 0
-3.5 0.0060585

-3.5 0.00870156
-3.25 0.0311883

-3.25 0.0365751
-3.125 0.0493819

-3.125 0.0612519
-3.0625 0.0592233

-3.0625 0.0585064
-3.03125 0.04491

-3 0.0198746
-3.01483 0.03125

-3.03125 0.044763
-3.01281 0.03125

1.5 0.133456
1.51562 0.13473

1.51562 0.13473
1.53125 0.136004

1.53125 0.136004
1.54688 0.137275

1.54688 0.137275
1.5625 0.138544

1.5625 0.138544
1.57812 0.139809

1.57812 0.139808
1.58827 0.140625

1.58822 0.140625
1.59375 0.141071

1.59375 0.141068
1.60938 0.14232

-2.96875 -0.00955076
-2.97959 0

1.60938 0.14232
1.625 0.143568

-2.9375 -0.0340814
-2.94145 -0.03125

1.625 0.143568
1.64062 0.144811

1.64062 0.144811
1.65625 0.146049

1.65625 0.146049
1.67188 0.147282

1.67188 0.147282
1.6875 0.148509

1.6875 0.148509
1.70312 0.149731

1.70312 0.149731
1.71875 0.150946

1.71875 0.150946
1.73438 0.152155

-2.95312 -0.0224475
-2.96169 -0.015625

-2.96875 -0.00967752
-2.96138 -0.015625

-2.95312 -0.0223616
-2.94121 -0.03125

-2.89062 -0.063999
-2.89319 -0.0625

-2.89062 -0.0639442
-2.875 -0.0725465

-2.9375 -0.0340239
-2.92188 -0.0447959

1.73438 0.152155
1.75 0.153358

-2.90625 -0.0547872
-2.91866 -0.046875

-2.92188 -0.0446422
-2.91835 -0.046875

-2.90625 -0.0547123
-2.89308 -0.0625

-2.85938 -0.0806622
-2.86431 -0.078125

-2.875 -0.0724864
-2.86403 -0.078125

-2.85938 -0.0805501
-2.84375 -0.0880625

-2.82812 -0.0951593
-2.83125 -0.09375

-2.82812 -0.0950818
-2.8125 -0.101673

-2.84375 -0.0880362
-2.83106 -0.09375

-2.8125 -0.101659
-2.79688 -0.107848

1.75 0.153358
1.76562 0.154555

1.76562 0.154556
1.78125 0.155746

-2.78125 -0.113729
-2.79295 -0.109375

-2.79688 -0.107673
-2.7923 -0.109375

-2.78125 -0.11365
-2.76562 -0.119107

1.78125 0.155744
1.78793 0.15625

-2.76562 -0.1191
-2.75 -0.12424

1.78786 0.15625
1.79688 0.156932

-1 -0.1128
-0.984375 -0.111413

-2.73438 -0.129109
-2.74766 -0.125

-2.73438 -0.129066
-2.71875 -0.133614

-2.71875 -0.133612
-2.70312 -0.137899

-2.6875 -0.141979
-2.69275 -0.140625

-0.984375 -0.111414
-0.96875 -0.110009

1.79688 0.156929
1.8125 0.158102

-0.96875 -0.110015
-0.961732 -0.109375

-0.961853 -0.109375
-0.953125 -0.108579

-0.953125 -0.108584
-0.9375 -0.107138

0 -0.00392254
0.015625 -0.00229774

-2.70312 -0.137874
-2.69246 -0.140625

0.015625 -0.00229768
0.03125 -0.000698335

0.03125 -0.000719111
0.0383889 0

-0.9375 -0.107138
-0.921875 -0.105671

1.8125 0.158102
1.82812 0.159265

1.82812 0.159265
1.84375 0.160416

1.84375 0.160416
1.85938 0.161556

-2.6875 -0.141924
-2.67188 -0.145712

-0.921875 -0.105671
-0.90625 -0.104183

-2.67188 -0.145708
-2.65625 -0.149271

1.85938 0.161556
1.875 0.162684

1.875 0.162684
1.89062 0.163801

1.89062 0.163801
1.90625 0.164906

1.90625 0.164907
1.92188 0.165998

-2.65625 -0.14927
-2.64062 -0.152619

-2.64062 -0.152615
-2.625 -0.155759

-2.75 -0.124077
-2.74702 -0.125

-2.60938 -0.158716
-2.62248 -0.15625

-0.90625 -0.104183
-0.890625 -0.102674

-0.890625 -0.102674
-0.875 -0.101142

-0.875 -0.101142
-0.859375 -0.0995882

-0.859375 -0.0995878
-0.84375 -0.0980127

-0.84375 -0.098012
-0.828125 -0.0964178

-0.828125 -0.0964167
-0.8125 -0.094807

-0.8125 -0.0948279
-0.802118 -0.09375

-0.802698 -0.09375
-0.796875 -0.0931454

-0.796875 -0.0931826
-0.78125 -0.0915521

-0.78125 -0.0915519
-0.765625 -0.0899169

-0.765625 -0.0899163
-0.75 -0.0882781

-0.75 -0.0882781
-0.734375 -0.0866378

-0.734375 -0.0866376
-0.71875 -0.0849952

-0.71875 -0.0849954
-0.703125 -0.083351

-0.703125 -0.0833513
-0.6875 -0.081704

-0.6875 -0.081704
-0.671875 -0.0800532

-0.671875 -0.0800531
-0.65625 -0.0783988

-0.65625 -0.0784201
-0.653468 -0.078125

-0.653712 -0.078125
-0.640625 -0.0767372

-0.640625 -0.0767419
-0.625 -0.075082

-0.625 -0.0750823
-0.609375 -0.0734184

-0.609375 -0.0734187
-0.59375 -0.0717494

-0.59375 -0.0717496
-0.578125 -0.0700739

-0.578125 -0.0700742
-0.5625 -0.0683909

-0.5625 -0.0683913
-0.546875 -0.0666987

-0.546875 -0.0666991
-0.53125 -0.0649956

-0.53125 -0.0649958
-0.515625 -0.0632801

-0.515625 -0.0633143
-0.508264 -0.0625

-0.508829 -0.0625
-0.5 -0.0615233

0.0380185 0
0.046875 0.00089213

1.92188 0.165999
1.9375 0.167074

1.9375 0.167075
1.95312 0.168133

1.95312 0.168134
1.96875 0.169173

1.96875 0.169173
1.98438 0.17019

1.98438 0.170191
2 0.171183

0.046875 0.000874749
0.0625 0.00242494

0.0625 0.0024237
0.078125 0.00395418

0.078125 0.00395288
0.09375 0.00546871

0.09375 0.0054673
0.109375 0.0069739

0.109375 0.00697269
0.125 0.00847531

0.125 0.00847429
0.140625 0.0099774

0.140625 0.00997671
0.15625 0.0114837

-2.60938 -0.158696
-2.59375 -0.161444

0.15625 0.0114833
0.171875 0.0129965

0.171875 0.0129964
0.1875 0.0145169

-2.625 -0.155695
-2.62205 -0.15625

-2.59375 -0.161442
-2.57812 -0.164012

-2.57812 -0.16401
-2.5625 -0.16641

-2.5625 -0.166408
-2.54688 -0.16865

-2.54688 -0.168648
-2.53125 -0.170739

0.1875 0.0145107
0.198896 0.015625

0.198663 0.015625
0.203125 0.0160613

0.203125 0.0160451
0.21875 0.0175796

0.21875 0.0175795
0.234375 0.0191205

0.234375 0.0191208
0.25 0.020668

-2.51562 -0.17269
-2.52219 -0.171875

-2.53125 -0.170733
-2.52205 -0.171875

-2.51562 -0.172676
-2.5 -0.174469

-2.98438 0.00463523
-2.9963 0.015625

-2.98438 0.00322665
-2.98075 0

0.25 0.0206682
0.265625 0.0222206

0.265625 0.0222209
0.28125 0.0237774

-0.5 -0.0615518
-0.484375 -0.0598102

-0.484375 -0.0598106
-0.46875 -0.0580545

-0.46875 -0.0580544
-0.453125 -0.0562834

-0.453125 -0.0562832
-0.4375 -0.0544977

-0.4375 -0.0544974
-0.421875 -0.0526983

-0.421875 -0.052698
-0.40625 -0.0508868

0.28125 0.0237775
0.296875 0.0253373

0.296875 0.0253374
0.3125 0.0269

-2.5 -0.174466
-2.48438 -0.176127

-0.40625 -0.0508863
-0.390625 -0.0490646

0.3125 0.0268999
0.328125 0.028465

0.328125 0.028465
0.34375 0.0300326

-0.390625 -0.0490643
-0.375 -0.0472338

-2.48438 -0.176124
-2.46875 -0.177664

0.34375 0.0300282
0.355909 0.03125

0.355718 0.03125
0.359375 0.0316175

0.359375 0.0316027
0.375 0.0331751

0.375 0.0331747
0.390625 0.0347499

0.390625 0.0347499
0.40625 0.0363288

0.40625 0.0363288
0.421875 0.0379114

0.421875 0.0379115
0.4375 0.0394978

0.4375 0.0394979
0.453125 0.0410873

0.453125 0.0410876
0.46875 0.0426791

2 0.171183
2.01122 0.171875

2.01122 0.171875
2.01562 0.172147

2.01562 0.172147
2.03125 0.173078

2.03125 0.173079
2.04688 0.173977

2.04688 0.173977
2.0625 0.17484

2.0625 0.174841
2.07812 0.175669

2.07812 0.17567
2.09375 0.176463

2.09375 0.176463
2.10938 0.17722

2.10938 0.17722
2.125 0.17794

2.125 0.17794
2.14062 0.178621

2.14062 0.178621
2.15625 0.179263

2.15625 0.179263
2.17188 0.179864

2.17188 0.179864
2.1875 0.180424

2.1875 0.180424
2.20312 0.18094

2.20312 0.180941
2.21875 0.181411

2.21875 0.181412
2.23438 0.181833

2.23438 0.181834
2.25 0.182205

2.25 0.182206
2.26562 0.182523

2.26562 0.182524
2.28125 0.182785

2.28125 0.182786
2.29688 0.182987

2.29688 0.182988
2.3125 0.183128

2.3125 0.183129
2.32812 0.183206

2.32812 0.183206
2.34375 0.183219

2.34375 0.183219
2.35938 0.183165

2.35938 0.183166
2.375 0.183044

2.375 0.183045
2.39062 0.182854

2.39062 0.182855
2.40625 0.182592

2.40625 0.182593
2.42188 0.182254

2.42188 0.182256
2.4375 0.181837

2.4375 0.181838
2.45312 0.181336

2.45312 0.181337
2.46875 0.180747

2.46875 0.180749
2.48438 0.180068

2.48438 0.18007
2.5 0.17929

-0.375 -0.0472656
-0.371678 -0.046875

-2.46875 -0.177661
-2.45312 -0.179089

-2.45312 -0.179088
-2.4375 -0.180413

-2.4375 -0.180412
-2.42188 -0.181639

-2.42188 -0.181636
-2.40625 -0.182774

-2.40625 -0.18277
-2.39062 -0.183834

-0.372023 -0.046875
-0.359375 -0.0453876

-0.359375 -0.0453958
-0.34375 -0.0435524

-0.34375 -0.0435524
-0.328125 -0.0417033

-0.328125 -0.0417031
-0.3125 -0.0398485

-2.39062 -0.183832
-2.375 -0.184836

-0.3125 -0.0398482
-0.296875 -0.0379889

-2.3125 -0.188057
-2.32612 -0.1875

-0.296875 -0.0379885
-0.28125 -0.036126

0.46875 0.0426795
0.484375 0.0442719

2.5 0.179291
2.51562 0.178406

2.51562 0.178408
2.53125 0.177413

2.53125 0.177415
2.54688 0.176304

-2.375 -0.184838
-2.35938 -0.185779

2.54688 0.176306
2.5625 0.17507

2.5625 0.175072
2.57812 0.173705

0.484375 0.0442724
0.5 0.0458641

2.57812 0.173707
2.59375 0.1722

-2.35938 -0.185785
-2.34375 -0.186648

-0.28125 -0.0361256
-0.265625 -0.0342617

-0.265625 -0.0342612
-0.25 -0.0323977

-2.34375 -0.186653
-2.32812 -0.187414

-2.32812 -0.187426
-2.32633 -0.1875

0.5 0.0458595
0.509988 0.046875

0.509845 0.046875
0.515625 0.0474627

2.60938 0.170543
2.59682 0.171875

-2.3125 -0.188056
-2.29688 -0.188567

2.59375 0.172211
2.59691 0.171875

-0.25 -0.0324093
-0.240266 -0.03125

2.60938 0.170546
2.625 0.168733

0.515625 0.0474537
0.53125 0.0490372

-0.240529 -0.03125
-0.234375 -0.0305171

2.625 0.168735
2.64062 0.166763

2.64062 0.166765
2.65625 0.164624

0.53125 0.0490373
0.546875 0.0506147

2.65625 0.164626
2.67188 0.162308

-2.29688 -0.188563
-2.28125 -0.188959

0.546875 0.0506151
0.5625 0.0521854

-2.28125 -0.188954
-2.26562 -0.189253

-0.234375 -0.0305358
-0.21875 -0.0286794

2.67188 0.162309
2.6875 0.159806

-2.26562 -0.18925
-2.25 -0.189464

2.71875 0.154201
2.70771 0.15625

-0.21875 -0.0286794
-0.203125 -0.0268285

-0.203125 -0.0268281
-0.1875 -0.0249837

0.5625 0.0521858
0.578125 0.0537474

-0.1875 -0.0249834
-0.171875 -0.0231469

2.6875 0.159809
2.70312 0.157114

-2.25 -0.189463
-2.23438 -0.1896

2.70312 0.157154
2.70799 0.15625

-0.171875 -0.0231464
-0.15625 -0.0213194

2.71875 0.154217
2.73438 0.151103

0.578125 0.0537479
0.59375 0.055299

2.73438 0.151105
2.75 0.147773

0.59375 0.0552993
0.609375 0.0568384

0.609375 0.0568388
0.625 0.0583644

-0.15625 -0.0213189
-0.140625 -0.0195032

-0.140625 -0.0195027
-0.125 -0.0177003

0.625 0.0583647
0.640625 0.0598755

0.640625 0.0598758
0.65625 0.0613703

-2.23438 -0.189599
-2.21875 -0.189664

-2.21875 -0.189663
-2.20312 -0.189661

-2.20312 -0.189659
-2.1875 -0.189595

-0.125 -0.0176999
-0.109375 -0.0159125

-2.1875 -0.189593
-2.17188 -0.189473

0.65625 0.0613689
0.668217 0.0625

-0.109375 -0.0159407
-0.106589 -0.015625

-2.17188 -0.189472
-2.15625 -0.189303

-0.106895 -0.015625
-0.09375 -0.0141357

-0.09375 -0.0141416
-0.078125 -0.0123895

0.668135 0.0625
0.671875 0.0628535

-0.078125 -0.0123893
-0.0625 -0.0106555

0.671875 0.0628471
0.6875 0.064306

-0.0625 -0.0106553
-0.046875 -0.00894067

0.6875 0.0643056
0.703125 0.0657483

-0.046875 -0.00894036
-0.03125 -0.00724595

0.703125 0.065748
0.71875 0.0671761

-2.15625 -0.189303
-2.14062 -0.189087

0.71875 0.0671755
0.734375 0.0685905

-2.14062 -0.189088
-2.125 -0.188826

2.84375 0.122323
2.83529 0.125

-0.03125 -0.00724556
-0.015625 -0.00557279

2.84375 0.122446
2.85938 0.11716

2.85938 0.117169
2.875 0.111523

2.75 0.147776
2.76562 0.144214

2.78125 0.14014
2.77926 0.140625

2.76562 0.144246
2.78048 0.140625

2.78125 0.14041
2.79688 0.136341

2.79688 0.136346
2.8125 0.132007

2.8125 0.132012
2.82812 0.127382

2.82812 0.127518
2.83608 0.125

0.734375 0.06859
0.75 0.0699944

-2.125 -0.188827
-2.10938 -0.188516

-2.10938 -0.188517
-2.09375 -0.188153

-2.09375 -0.188153
-2.07812 -0.187731

2.89062 0.1054
2.88034 0.109375

0.75 0.0699939
0.765625 0.0713897

-0.015625 -0.00557237
0 -0.00392285

0.765625 0.0713894
0.78125 0.0727781

0.78125 0.0727778
0.796875 0.0741607

2.875 0.11169
2.88099 0.109375

-2.07812 -0.187731
-2.07061 -0.1875

2.89062 0.105497
2.90625 0.0990315

2.92188 0.0915757
2.91697 0.09375

2.92188 0.092124
2.9375 0.0846972

2.90625 0.0992352
2.91862 0.09375

2.98438 0.0605973
2.98115 0.0625

2.98438 0.0588802
3 0.0491604

2.95312 0.0761871
2.94933 0.078125

2.9375 0.0848512
2.95068 0.078125

2.95312 0.0767527
2.96875 0.068181

2.96875 0.0673592
2.97698 0.0625

0.796875 0.0741602
0.8125 0.0755389

0.8125 0.0755388
0.828125 0.0769143

0.828125 0.0769141
0.841913 0.078125

3.03125 0.0312072
3.03117 0.03125

3 0.048391
3.03125 0.0314034

0.841885 0.078125
0.84375 0.0782888

0.84375 0.0782868
0.859375 0.079655

-2.07062 -0.1875
-2.0625 -0.18725

-2.0625 -0.187249
-2.04688 -0.186714

0.859375 0.0796544
0.875 0.0810195

3.03125 0.0309157
3.0625 0.0187374

3.03125 0.0313087
3.0314 0.03125

3.0625 0.016995
3.125 0.0111777

3.125 0.0214989
3.25 0.0184127

3.25 0.0200793
3.5 0.00796853

4 -0.0114135
3.5116 0

3.5 0.000538511
3.52304 0

-2.04688 -0.186712
-2.03125 -0.186127

-2.03125 -0.186126
-2.01562 -0.185495

0.875 0.0810194
0.890625 0.0823828

0.890625 0.0823825
0.90625 0.0837447

0.90625 0.0837447
0.921875 0.0851063

0.921875 0.0851064
0.9375 0.0864674

0.9375 0.0864676
0.953125 0.0878276

0.953125 0.0878277
0.96875 0.089186

-2.01562 -0.185496
-2 -0.184818

0.96875 0.0891861
0.984375 0.0905424

0.984375 0.0905427
1 0.0918959

1 0.091896
1.01562 0.0932455

1.01562 0.0932367
1.02159 0.09375

1.02142 0.09375
1.03125 0.094596

1.03125 0.0945904
1.04688 0.0959295

1.04688 0.0959294
1.0625 0.0972633

-2 -0.184819
-1.98438 -0.184088

-1.98438 -0.184088
-1.96875 -0.183301

-1.96875 -0.183299
-1.95312 -0.182459

1.0625 0.0972633
1.07812 0.0985922

1.07812 0.0985922
1.09375 0.099916

1.09375 0.099916
1.10938 0.101235

1.10938 0.101235
1.125 0.102549

-1.95312 -0.182455
-1.9375 -0.181572

1.125 0.102548
1.14062 0.103858

1.14062 0.103858
1.15625 0.105163

-1.9375 -0.18157
-1.92188 -0.180656

-1.92188 -0.180655
-1.90625 -0.17972

-1.90625 -0.17972
-1.89062 -0.178765

-1.89062 -0.178766
-1.875 -0.177788

1.15625 0.105163
1.17188 0.106466

-1.875 -0.177788
-1.85938 -0.176785

-1.85938 -0.176785
-1.84375 -0.175755

-1.84375 -0.175755
-1.82812 -0.174701

-1.82812 -0.1747
-1.8125 -0.173625

1.17188 0.106466
1.1875 0.107765

1.1875 0.107764
1.20312 0.109059

1.20312 0.109048
1.20709 0.109375

1.2069 0.109375
1.21875 0.110354

1.21875 0.110349
1.23438 0.111636

-1.8125 -0.173624
-1.79688 -0.172532

-1.79688 -0.172532
-1.78758 -0.171875

1.23438 0.111635
1.25 0.11292

-1.7876 -0.171875
-1.78125 -0.171426

-1.78125 -0.171426
-1.76562 -0.170311

-1.76562 -0.17031
-1.75 -0.169189

1.25 0.11292
1.26562 0.114204

1.26562 0.114204
1.28125 0.11549

1.28125 0.11549
1.29688 0.116776

1.29688 0.116776
1.3125 0.118063

1.3125 0.118063
1.32812 0.119351

1.32812 0.119351
1.34375 0.120639

1.34375 0.120639
1.35938 0.121928

1.35938 0.121928
1.375 0.123217

-1.75 -0.169189
-1.73438 -0.168063

-1.73438 -0.168062
-1.71875 -0.166934

1.375 0.123217
1.39062 0.124504

1.39062 0.124498
1.39673 0.125

-1.71875 -0.166934
-1.70312 -0.165804

-1.70312 -0.165804
-1.6875 -0.164675

1.3966 0.125
1.40625 0.125793

1.40625 0.125788
1.42188 0.12707

1.42188 0.127069
1.4375 0.128348

-1.6875 -0.164675
-1.67188 -0.163545

1.4375 0.128348
1.45312 0.129626

1.45312 0.129626
1.46875 0.130903

1.46875 0.130903
1.48438 0.13218

1.48438 0.13218
1.5 0.133456

-1.67188 -0.163545
-1.65625 -0.162417

-1.65625 -0.162417
-1.64062 -0.161288

-1.64062 -0.161288
-1.625 -0.16016

-1.625 -0.16016
-1.60938 -0.15903

-1.60938 -0.15903
-1.59375 -0.1579

-1.59375 -0.1579
-1.57812 -0.156769

-1.57812 -0.156773
-1.57091 -0.15625

-1.57097 -0.15625
-1.5625 -0.155637

-1.5625 -0.155638
-1.54688 -0.154506

-1.54688 -0.154506
-1.53125 -0.153374

-1.53125 -0.153374
-1.51562 -0.152241

-1.51562 -0.152241
-1.5 -0.151105

-1.5 -0.151105
-1.48438 -0.149966

-1.48438 -0.149966
-1.46875 -0.148824

-1.46875 -0.148823
-1.45312 -0.147678

-1.45312 -0.147677
-1.4375 -0.14653

-1.4375 -0.146529
-1.42188 -0.145381

-1.42188 -0.145381
-1.40625 -0.144234

-1.40625 -0.144234
-1.39062 -0.143091

-1.39062 -0.143091
-1.375 -0.14195

-1.375 -0.14195
-1.35938 -0.140812

-1.35938 -0.140814
-1.35678 -0.140625

-1.3568 -0.140625
-1.34375 -0.139676

-1.34375 -0.139676
-1.32812 -0.138542

-1.32812 -0.138542
-1.3125 -0.137409

-1.3125 -0.13741
-1.29688 -0.136275

-1.29688 -0.136276
-1.28125 -0.135138

-1.28125 -0.135138
-1.26562 -0.133994

-1.26562 -0.133995
-1.25 -0.132846

-1.25 -0.132846
-1.23438 -0.131691

-1.23438 -0.131692
-1.21875 -0.130529

-1.21875 -0.130529
-1.20312 -0.129357

-1.20312 -0.129357
-1.1875 -0.128174

-1.1875 -0.128175
-1.17188 -0.12698

-1.17188 -0.126981
-1.15625 -0.125774

-1.15625 -0.125779
-1.14629 -0.125

-1.14646 -0.125
-1.14062 -0.124543

-1.14062 -0.124552
-1.125 -0.123312

-1.125 -0.123313
-1.10938 -0.122057

-1.10938 -0.122056
-1.09375 -0.120783

-1.09375 -0.120783
-1.07812 -0.119493

-1.07812 -0.119493
-1.0625 -0.118187

-1.0625 -0.118187
-1.04688 -0.116864

-1.04688 -0.116864
-1.03125 -0.115525

-1.03125 -0.115525
-1.01562 -0.114171

-1.01562 -0.114171
-1 -0.1128

