-4 -0.00397999
-3.5 -9.45185e-05

-3.66779 0
-3.5 0.00162348

-3.25 -9.62503e-05
-3.26194 0

-3.0625 -0.0161548
-3.09447 0

-3 -0.0653072
-3.00369 -0.0625

-3.03125 -0.0401992
-3.04356 -0.03125

-3.0625 -0.019106
-3.04573 -0.03125

-3.03125 -0.041842
-3.00406 -0.0625

-3.5 0.00795329
-3.25 0.0119051

-3.25 0.0335262
-3.125 0.0174189

-3.125 0.0143072
-3.09665 0

-2.89062 -0.130895
-2.90331 -0.125

-2.89062 -0.130732
-2.875 -0.137476

-3 -0.0657807
-2.98438 -0.0774326

-2.96875 -0.0882642
-2.98343 -0.078125

-2.98438 -0.0779541
-2.98413 -0.078125

-2.95312 -0.0985826
-2.96075 -0.09375

-2.95312 -0.098127
-2.9375 -0.107261

-2.96875 -0.0878938
-2.95951 -0.09375

-2.92188 -0.115871
-2.9339 -0.109375

-2.9375 -0.106749
-2.93264 -0.109375

-2.92188 -0.115671
-2.90625 -0.123495

-2.90625 -0.122987
-2.90192 -0.125

-2.85938 -0.144457
-2.86893 -0.140625

-2.875 -0.136753
-2.86535 -0.140625

-2.85938 -0.143729
-2.84375 -0.149558

-2.8125 -0.160211
-2.82477 -0.15625

-2.84375 -0.149548
-2.82812 -0.154969

-2.82812 -0.154453
-2.82256 -0.15625

-2.8125 -0.160001
-2.79688 -0.164688

-2.79688 -0.164683
-2.78125 -0.169039

-2.76562 -0.174031
-2.77394 -0.171875

-2.78125 -0.168517
-2.76829 -0.171875

-2.76562 -0.173081
-2.75 -0.176841

-2.70312 -0.188251
-2.70707 -0.1875

-2.6875 -0.189497
-2.69888 -0.1875

-2.75 -0.176834
-2.73438 -0.180318

-2.73438 -0.180315
-2.71875 -0.18354

-2.71875 -0.183441
-2.70312 -0.186418

-2.70312 -0.186121
-2.69527 -0.1875

-2.6875 -0.18925
-2.67188 -0.191768

-2.67188 -0.191765
-2.65625 -0.194069

-2.65625 -0.194067
-2.64062 -0.196165

-2.64062 -0.196163
-2.625 -0.198063

-2.625 -0.198061
-2.60938 -0.199775

-2.60938 -0.199774
-2.59375 -0.20131

-1 -0.0853365
-0.984375 -0.0841703

-0.984375 -0.0841712
-0.96875 -0.0830298

-2.59375 -0.201308
-2.57812 -0.202672

-2.5625 -0.20389
-2.57241 -0.203125

-2.57812 -0.202639
-2.57184 -0.203125

-0.96875 -0.0830306
-0.953125 -0.0819104

-0.953125 -0.0819114
-0.9375 -0.0808085

-2.5625 -0.203874
-2.54688 -0.204933

-0.9375 -0.0808097
-0.921875 -0.0797197

-0.921875 -0.0797209
-0.90625 -0.078639

-2.54688 -0.204932
-2.53125 -0.205844

-2.53125 -0.205843
-2.51562 -0.206615

-2.51562 -0.206614
-2.5 -0.207252

0 -0.01014
0.015625 -0.00919762

0.015625 -0.00919941
0.03125 -0.00822848

0.03125 -0.00822961
0.046875 -0.00722427

0.046875 -0.00722476
0.0625 -0.00618179

-0.90625 -0.0786418
-0.898759 -0.078125

-0.898813 -0.078125
-0.890625 -0.07756

-0.890625 -0.0775634
-0.875 -0.0764841

0.0625 -0.0061817
0.078125 -0.00510026

0.078125 -0.00509955
0.09375 -0.00398124

-0.875 -0.0764855
-0.859375 -0.075399

-0.859375 -0.0754005
-0.84375 -0.0743011

-0.84375 -0.0743024
-0.828125 -0.0731846

-0.828125 -0.0731858
-0.8125 -0.0720443

-0.8125 -0.0720454
-0.796875 -0.0708755

-0.796875 -0.0708764
-0.78125 -0.0696743

-0.78125 -0.069675
-0.765625 -0.0684376

-0.765625 -0.0684382
-0.75 -0.0671632

-2.5 -0.207251
-2.48438 -0.207762

-2.48438 -0.20776
-2.46875 -0.208152

-2.46875 -0.208151
-2.45312 -0.208428

-2.45312 -0.208427
-2.4375 -0.208595

-2.4375 -0.208594
-2.42188 -0.208657

-0.75 -0.0671634
-0.734375 -0.0658494

-0.734375 -0.0658492
-0.71875 -0.0644964

-0.71875 -0.0644957
-0.703125 -0.0631059

-0.703125 -0.0631066
-0.696468 -0.0625

-2.42188 -0.208655
-2.40625 -0.208617

-2.40625 -0.208616
-2.39062 -0.208482

-2.39062 -0.208481
-2.375 -0.208257

-2.375 -0.208256
-2.35938 -0.207946

-0.696495 -0.0625
-0.6875 -0.0616804

1.5 0.135407
1.51562 0.136901

1.51562 0.1369
1.53125 0.138378

1.53125 0.138377
1.54688 0.13984

1.54688 0.13984
1.55534 0.140625

1.55534 0.140625
1.5625 0.141289

1.5625 0.141289
1.57812 0.142727

1.57812 0.142727
1.59375 0.144153

1.59375 0.144153
1.60938 0.14557

1.60938 0.14557
1.625 0.146977

-0.6875 -0.0616802
-0.671875 -0.0602264

1.625 0.146977
1.64062 0.148373

1.64062 0.148373
1.65625 0.149755

1.65625 0.149755
1.67188 0.151123

1.67188 0.151123
1.6875 0.152475

1.6875 0.152475
1.70312 0.15381

1.70312 0.15381
1.71875 0.155128

-2.35938 -0.207945
-2.34375 -0.207554

1.71875 0.155128
1.73225 0.15625

1.73227 0.15625
1.73438 0.156425

1.73438 0.156426
1.75 0.157704

0.09375 -0.0039801
0.109375 -0.00282862

0.109375 -0.00282735
0.125 -0.0016475

-0.671875 -0.0602253
-0.65625 -0.0587465

0.125 -0.00164656
0.140625 -0.000442767

-2.34375 -0.207553
-2.32812 -0.207084

0.140625 -0.000454465
0.146423 0

-2.32812 -0.207083
-2.3125 -0.206541

-2.3125 -0.20654
-2.29688 -0.205928

-0.65625 -0.058745
-0.640625 -0.0572464

-0.640625 -0.0572448
-0.625 -0.0557325

-2.29688 -0.205927
-2.28125 -0.20525

-2.28125 -0.205249
-2.26562 -0.204508

-2.26562 -0.204508
-2.25 -0.203708

0.146177 0
0.15625 0.0007895

-0.625 -0.0557307
-0.609375 -0.0542115

-0.609375 -0.0542096
-0.59375 -0.0526907

1.75 0.157704
1.76562 0.158964

-2.25 -0.203706
-2.23942 -0.203125

1.76562 0.158964
1.78125 0.160204

-0.59375 -0.0526889
-0.578125 -0.0511774

1.78125 0.160204
1.79688 0.161424

-0.578125 -0.0511756
-0.5625 -0.0496787

0.15625 0.000782268
0.171875 0.00202696

-0.5625 -0.0496769
-0.546875 -0.0482016

0.171875 0.00202607
0.1875 0.00329302

-0.546875 -0.0482001
-0.53257 -0.046875

1.79688 0.161424
1.8125 0.162622

-2.23934 -0.203125
-2.23438 -0.202852

1.8125 0.162623
1.82812 0.163796

-2.23438 -0.202848
-2.21875 -0.201935

-2.21875 -0.201934
-2.20312 -0.200969

-2.20312 -0.200968
-2.1875 -0.199954

1.82812 0.163797
1.84375 0.164944

-2.1875 -0.199953
-2.17188 -0.198895

-0.532553 -0.046875
-0.53125 -0.0467543

0.1875 0.00329146
0.203125 0.00458555

-0.53125 -0.0467512
-0.515625 -0.0453378

-0.515625 -0.045337
-0.5 -0.0439625

0.203125 0.00458366
0.21875 0.00591179

0.21875 0.00590989
0.234375 0.00727962

0.234375 0.00727812
0.25 0.00869629

1.84375 0.164945
1.85938 0.166064

1.85938 0.166065
1.875 0.167155

-2.17188 -0.198895
-2.15625 -0.197794

-2.15625 -0.197793
-2.14062 -0.196652

1.875 0.167155
1.89062 0.168215

0.25 0.00869584
0.265625 0.0101664

-2.14062 -0.196651
-2.125 -0.195472

0.265625 0.0101673
0.28125 0.0116892

-2.125 -0.195472
-2.10938 -0.194258

-2.10938 -0.194258
-2.09375 -0.19301

0.28125 0.0116913
0.296875 0.0132583

0.296875 0.0132612
0.3125 0.0148631

0.3125 0.0148679
0.319774 0.015625

0.319816 0.015625
0.328125 0.0164898

0.328125 0.0164937
0.34375 0.0181357

0.34375 0.0181367
0.359375 0.0197888

1.89062 0.168215
1.90625 0.169245

-0.5 -0.0439618
-0.484375 -0.042629

-0.484375 -0.0426287
-0.46875 -0.0413392

-0.46875 -0.0413394
-0.453125 -0.0400934

-0.453125 -0.040094
-0.4375 -0.0388902

-0.4375 -0.0388912
-0.421875 -0.0377264

-0.421875 -0.0377276
-0.40625 -0.0365974

-0.40625 -0.0365988
-0.390625 -0.0354978

-0.390625 -0.0354993
-0.375 -0.0344216

-2.09375 -0.19301
-2.07812 -0.191731

-0.375 -0.0344232
-0.359375 -0.0333628

-2.07812 -0.19173
-2.0625 -0.190423

-2.0625 -0.190423
-2.04688 -0.189089

-2.04688 -0.189088
-2.03125 -0.18773

-0.359375 -0.0333643
-0.34375 -0.0323148

0.359375 0.0197887
0.375 0.0214492

-0.34375 -0.0323162
-0.328125 -0.0312717

-0.328125 -0.0312844
-0.32761 -0.03125

-0.327794 -0.03125
-0.3125 -0.0302283

0.375 0.0214484
0.390625 0.0231191

0.390625 0.0231184
0.40625 0.0248022

-0.3125 -0.0302296
-0.296875 -0.0291832

-0.296875 -0.0291837
-0.28125 -0.0281319

-0.28125 -0.0281322
-0.265625 -0.0270734

-0.265625 -0.0270733
-0.25 -0.0260073

-2.03125 -0.187724
-2.02871 -0.1875

-2.02864 -0.1875
-2.01562 -0.18635

0.40625 0.0248022
0.421875 0.0265009

-2.01562 -0.186348
-2 -0.184945

0.421875 0.0265016
0.4375 0.0282139

-0.25 -0.0260066
-0.234375 -0.0249351

-0.234375 -0.0249341
-0.21875 -0.02386

-0.21875 -0.023859
-0.203125 -0.0227862

-0.203125 -0.0227851
-0.1875 -0.0217176

0.4375 0.0282153
0.453125 0.0299372

-0.1875 -0.0217164
-0.171875 -0.0206586

-0.171875 -0.0206575
-0.15625 -0.0196138

0.453125 0.029939
0.464994 0.03125

0.465009 0.03125
0.46875 0.0316631

0.46875 0.0316654
0.484375 0.0333901

-0.15625 -0.019613
-0.140625 -0.018587

-0.140625 -0.0185865
-0.125 -0.0175811

0.484375 0.0333909
0.5 0.0351108

1.90625 0.169245
1.92188 0.170245

1.92188 0.170244
1.9375 0.171215

1.9375 0.171216
1.94841 0.171875

1.94847 0.171875
1.95312 0.172156

1.95312 0.172158
1.96875 0.173075

-0.125 -0.0175807
-0.109375 -0.0165976

-0.109375 -0.016598
-0.09375 -0.0156371

-0.09375 -0.0156389
-0.0935184 -0.015625

-0.0935449 -0.015625
-0.078125 -0.0146974

-2 -0.184945
-1.98438 -0.183522

-0.078125 -0.0146987
-0.0625 -0.0137766

-1.98438 -0.183522
-1.96875 -0.182081

-0.0625 -0.0137782
-0.046875 -0.0128681

0.5 0.035111
0.515625 0.0368239

-0.046875 -0.0128702
-0.03125 -0.0119646

0.515625 0.0368236
0.53125 0.0385296

-0.03125 -0.0119667
-0.015625 -0.0110573

-0.015625 -0.0110594
0 -0.0101378

0.53125 0.038529
0.546875 0.0402297

0.546875 0.0402292
0.5625 0.0419268

1.96875 0.173074
1.98438 0.173969

1.98438 0.173968
2 0.174843

-1.96875 -0.182081
-1.95312 -0.180621

-1.95312 -0.180621
-1.9375 -0.179144

0.5625 0.0419265
0.578125 0.0436225

0.578125 0.0436225
0.59375 0.0453178

-1.9375 -0.179144
-1.92188 -0.17765

-1.92188 -0.17765
-1.90625 -0.176141

0.59375 0.0453179
0.608112 0.046875

0.608105 0.046875
0.609375 0.0470127

-1.90625 -0.17614
-1.89062 -0.174618

-1.89062 -0.174618
-1.875 -0.173083

0.609375 0.0470121
0.625 0.0487044

-1.875 -0.173083
-1.86278 -0.171875

-1.86277 -0.171875
-1.85938 -0.171539

-1.85938 -0.171538
-1.84375 -0.169984

-1.84375 -0.169984
-1.82812 -0.168424

-1.82812 -0.168424
-1.8125 -0.166859

0.625 0.0487047
0.640625 0.0503946

0.640625 0.0503949
0.65625 0.0520812

-1.8125 -0.166859
-1.79688 -0.165289

-1.79688 -0.165289
-1.78125 -0.163716

-1.78125 -0.163715
-1.76562 -0.162141

-1.76562 -0.162141
-1.75 -0.160568

0.65625 0.0520816
0.671875 0.0537628

0.671875 0.0537633
0.6875 0.0554377

0.6875 0.0554383
0.703125 0.0571039

0.703125 0.0571044
0.71875 0.0587591

0.71875 0.0587596
0.734375 0.0604013

-1.75 -0.160568
-1.73438 -0.158996

-1.73438 -0.158997
-1.71875 -0.157426

-1.71875 -0.157426
-1.70704 -0.15625

-1.70705 -0.15625
-1.70312 -0.155855

-1.70312 -0.155856
-1.6875 -0.154287

0.734375 0.0604017
0.75 0.0620283

-1.6875 -0.154287
-1.67188 -0.152717

-1.67188 -0.152717
-1.65625 -0.151145

-1.65625 -0.151145
-1.64062 -0.14957

-1.64062 -0.14957
-1.625 -0.147991

-1.625 -0.147991
-1.60938 -0.146407

-1.60938 -0.146407
-1.59375 -0.144818

-1.59375 -0.144818
-1.57812 -0.143223

-1.57812 -0.143223
-1.5625 -0.141622

0.75 0.0620293
0.754567 0.0625

0.754579 0.0625
0.765625 0.0636384

0.765625 0.0636391
0.78125 0.0652322

0.78125 0.0652322
0.796875 0.0668072

0.796875 0.0668072
0.8125 0.068364

-1.5625 -0.141623
-1.55279 -0.140625

0.8125 0.0683639
0.828125 0.0699029

0.828125 0.0699027
0.84375 0.0714244

0.84375 0.0714242
0.859375 0.0729293

0.859375 0.072929
0.875 0.0744183

-1.55283 -0.140625
-1.54688 -0.140013

-1.54688 -0.140015
-1.53125 -0.138403

-1.53125 -0.138403
-1.51562 -0.136785

-1.51562 -0.136785
-1.5 -0.135162

0.875 0.0744179
0.890625 0.0758929

0.890625 0.0758924
0.90625 0.0773547

0.90625 0.0773523
0.914564 0.078125

0.914526 0.078125
0.921875 0.078808

0.921875 0.0788057
0.9375 0.0802504

0.9375 0.0802496
0.953125 0.0816893

0.953125 0.0816886
0.96875 0.083126

0.96875 0.0831255
0.984375 0.0845631

0.984375 0.0845626
1 0.0860024

-1.5 -0.135162
-1.48438 -0.133531

-1.48438 -0.133531
-1.46875 -0.131894

-1.46875 -0.131894
-1.45312 -0.130249

-1.45312 -0.130249
-1.4375 -0.128596

2 0.174842
2.01562 0.175701

-1.4375 -0.128596
-1.42188 -0.126937

2.01562 0.1757
2.03125 0.176545

2.03125 0.176545
2.04688 0.177377

2.04688 0.177377
2.0625 0.178197

2.0625 0.178196
2.07812 0.179005

2.07812 0.179004
2.09375 0.179806

-1.42188 -0.126936
-1.40625 -0.125271

-1.40625 -0.125279
-1.40365 -0.125

2.09375 0.179805
2.10938 0.180603

-1.40373 -0.125
-1.39062 -0.123598

-1.39062 -0.123599
-1.375 -0.121923

2.10938 0.180603
2.125 0.181401

-1.375 -0.121923
-1.35938 -0.120242

-1.35938 -0.120241
-1.34375 -0.118556

-1.34375 -0.118556
-1.32812 -0.116867

-1.32812 -0.116867
-1.3125 -0.115177

-1.3125 -0.115177
-1.29688 -0.113488

2.125 0.181401
2.14062 0.1822

2.14062 0.1822
2.15625 0.183001

2.15625 0.183001
2.17188 0.183801

2.17188 0.183802
2.1875 0.1846

2.1875 0.184601
2.20312 0.185393

-1.29688 -0.113487
-1.28125 -0.111802

-1.28125 -0.111801
-1.26562 -0.110122

2.20312 0.185394
2.21875 0.186177

-1.26562 -0.110121
-1.25864 -0.109375

1 0.0860021
1.01562 0.0874457

1.01562 0.0874455
1.03125 0.088894

2.21875 0.186178
2.23438 0.186945

2.23438 0.186949
2.24594 0.1875

2.24605 0.1875
2.25 0.187688

-1.25864 -0.109375
-1.25 -0.108452

2.25 0.187692
2.26562 0.18841

2.26562 0.18841
2.28125 0.189101

2.28125 0.189102
2.29688 0.189761

2.29688 0.189762
2.3125 0.190387

-1.25 -0.108451
-1.23438 -0.106796

2.3125 0.190389
2.32812 0.190974

1.03125 0.0888938
1.04688 0.0903478

2.32812 0.190976
2.34375 0.191516

2.34375 0.191518
2.35938 0.192009

2.35938 0.19201
2.375 0.192446

1.04688 0.0903477
1.0625 0.0918079

-1.23438 -0.106795
-1.21875 -0.105157

2.375 0.192447
2.39062 0.192825

2.39062 0.192826
2.40625 0.19314

-1.21875 -0.105156
-1.20312 -0.103537

2.40625 0.193142
2.42188 0.193388

1.0625 0.0918078
1.07812 0.0932745

2.42188 0.193389
2.4375 0.193563

2.4375 0.193563
2.45312 0.193662

2.45312 0.193662
2.46875 0.193683

2.46875 0.193684
2.48438 0.193625

1.07812 0.0932726
1.08319 0.09375

1.08316 0.09375
1.09375 0.0947489

1.09375 0.0947479
1.10938 0.0962296

1.10938 0.0962294
1.125 0.0977197

2.48438 0.193626
2.5 0.193484

1.125 0.0977196
1.14062 0.0992191

1.14062 0.0992191
1.15625 0.100728

-1.20312 -0.103536
-1.1875 -0.101941

-1.1875 -0.10194
-1.17188 -0.100371

-1.17188 -0.10037
-1.15625 -0.0988298

-1.15625 -0.0988293
-1.14062 -0.0973206

1.15625 0.100728
1.17188 0.102247

1.17188 0.102247
1.1875 0.103774

-1.14062 -0.0973201
-1.125 -0.0958449

1.1875 0.103774
1.20312 0.105311

1.20312 0.105311
1.21875 0.106857

1.21875 0.106857
1.23438 0.108412

-1.125 -0.0958445
-1.10938 -0.0944046

-1.10938 -0.0944049
-1.10208 -0.09375

-1.1021 -0.09375
-1.09375 -0.0930003

-1.09375 -0.0930009
-1.07812 -0.0916347

-1.07812 -0.0916349
-1.0625 -0.0903054

-1.0625 -0.0903056
-1.04688 -0.0890121

-1.04688 -0.0890124
-1.03125 -0.0877539

-1.03125 -0.0877544
-1.01562 -0.0865292

-1.01562 -0.0865298
-1 -0.0853357

1.23438 0.108411
1.24399 0.109375

1.24398 0.109375
1.25 0.109978

2.5 0.193484
2.51562 0.193257

2.51562 0.193257
2.53125 0.192942

2.53125 0.192942
2.54688 0.192537

2.54688 0.192538
2.5625 0.192041

2.5625 0.192041
2.57812 0.19145

2.57812 0.19145
2.59375 0.190765

2.59375 0.190765
2.60938 0.189983

2.60938 0.189984
2.625 0.189103

1.25 0.109977
1.26562 0.111552

1.26562 0.111552
1.28125 0.113137

2.65625 0.187027
2.64942 0.1875

2.65625 0.187042
2.67188 0.185856

2.67188 0.185856
2.6875 0.184556

2.625 0.189104
2.64062 0.188122

2.64062 0.188128
2.6497 0.1875

2.6875 0.184558
2.70312 0.183139

1.28125 0.113137
1.29688 0.114731

1.29688 0.114731
1.3125 0.116334

2.70312 0.183142
2.71875 0.181596

2.71875 0.181599
2.73438 0.179914

1.3125 0.116334
1.32812 0.117944

1.32812 0.117945
1.34375 0.119561

1.34375 0.119561
1.35938 0.121182

2.73438 0.179917
2.75 0.178084

1.35938 0.121183
1.375 0.122805

1.375 0.122806
1.39062 0.124427

1.39062 0.124431
1.39613 0.125

2.75 0.178087
2.76562 0.176096

2.76562 0.176099
2.78125 0.173937

2.79688 0.171572
2.79485 0.171875

2.78125 0.173943
2.79505 0.171875

2.79688 0.171602
2.8125 0.169067

2.79688 0.171899
2.79702 0.171875

2.8125 0.16907
2.82812 0.166325

1.39618 0.125
1.40625 0.126041

1.40625 0.126043
1.42188 0.127647

1.42188 0.127648
1.4375 0.129237

2.82812 0.166329
2.84375 0.163359

2.84375 0.163363
2.85938 0.160154

2.85938 0.160157
2.875 0.156693

1.4375 0.129238
1.45312 0.13081

1.45312 0.13081
1.46875 0.132362

3 0.117763
2.98243 0.125

2.89062 0.152854
2.87639 0.15625

2.89062 0.152971
2.90625 0.148969

2.875 0.157224
2.87908 0.15625

2.90625 0.148973
2.92188 0.144678

2.9375 0.139955
2.93522 0.140625

2.92188 0.1447
2.93571 0.140625

2.9375 0.140017
2.95312 0.135091

1.46875 0.132362
1.48438 0.133895

1.48438 0.133894
1.5 0.135407

2.9375 0.141455
2.94013 0.140625

2.95312 0.135196
2.96875 0.129859

2.96875 0.130074
2.98107 0.125

3 0.117729
3.03125 0.100946

3.0625 0.0808369
3.0415 0.09375

3.03125 0.0998905
3.04131 0.09375

3.125 0.0418729
3.0881 0.0625

3.0625 0.0799245
3.09367 0.0625

3.125 0.0386274
3.25 0.00407796

3.25 0.017465
3.42461 0

4 -0.008404
3.72319 0

3.5 0.00362384
3.61936 0

