-4 -0.00591722
-3.5 -5.5009e-05

-3.62553 0
-3.5 0.00152613

-3.0625 -0.0163467
-3.11132 0

-3.0625 -0.0170172
-3.03125 -0.0243313

-3.03125 -0.0245807
-3 -0.0269054

-3.5 0.0117681
-3.25 0.0158645

-3.25 0.0295317
-3.125 0.0150177

-3.125 0.00713893
-3.10368 0

1.5 0.0125217
1.51562 0.0127864

1.51562 0.0127863
1.53125 0.0130566

1.53125 0.0130569
1.54688 0.0133323

1.54688 0.013333
1.5625 0.0136115

1.5625 0.0136121
1.57812 0.013891

1.57812 0.0138913
1.59375 0.0141685

1.59375 0.0141688
1.60938 0.0144433

1.60938 0.014444
1.625 0.0147139

1.625 0.0147148
1.64062 0.014977

1.64062 0.0149779
1.65625 0.0152287

1.65625 0.0152291
1.67188 0.0154659

1.67188 0.015466
1.68306 0.015625

1.68312 0.015625
1.6875 0.0156873

1.6875 0.0156873
1.70312 0.0158966

1.70312 0.0158957
1.71875 0.0160952

1.71875 0.0160941
1.73438 0.0162879

-3 -0.0259767
-2.98438 -0.0253152

-2.98438 -0.0253134
-2.96875 -0.0246892

-2.96875 -0.0246944
-2.95312 -0.0241008

-2.95312 -0.0240972
-2.9375 -0.0235313

1.73438 0.0162869
1.75 0.0164792

-2.9375 -0.0235344
-2.92188 -0.022997

-2.92188 -0.0229951
-2.90625 -0.0224839

-2.90625 -0.0224859
-2.89062 -0.0220005

-2.89062 -0.0219995
-2.875 -0.021538

-2.875 -0.0215394
-2.85938 -0.0211009

1.75 0.0164784
1.76562 0.0166729

1.76562 0.0166722
1.78125 0.0168721

1.78125 0.0168715
1.79688 0.0170793

-2.85938 -0.0211004
-2.84375 -0.0206833

-2.84375 -0.0206843
-2.82812 -0.0202879

-2.82812 -0.0202876
-2.8125 -0.0199105

1.79688 0.0170788
1.8125 0.0172969

1.8125 0.0172965
1.82812 0.0175268

-1 -0.0329527
-0.984375 -0.0327191

-0.984375 -0.0327186
-0.96875 -0.0324729

-0.96875 -0.0324725
-0.953125 -0.0322164

-0.953125 -0.032216
-0.9375 -0.031951

0 -0.00948406
0.015625 -0.00916421

0.015625 -0.00916407
0.03125 -0.00885197

0.03125 -0.00885158
0.046875 -0.00854828

0.046875 -0.0085477
0.0625 -0.00825514

1.82812 0.0175264
1.84375 0.0177706

-0.9375 -0.0319507
-0.921875 -0.0316783

1.84375 0.0177702
1.85938 0.0180298

-0.921875 -0.031678
-0.90625 -0.0313994

-2.8125 -0.0199112
-2.79688 -0.0195527

-2.79688 -0.0195526
-2.78125 -0.0192117

-2.78125 -0.0192122
-2.76562 -0.0188884

1.85938 0.0180295
1.875 0.0183055

-2.76562 -0.0188885
-2.75 -0.0185805

-0.90625 -0.0313993
-0.898049 -0.03125

1.875 0.0183054
1.89062 0.0185984

1.89062 0.0185984
1.90625 0.0189086

-0.898038 -0.03125
-0.890625 -0.031115

-0.890625 -0.0311148
-0.875 -0.0308246

-0.875 -0.0308245
-0.859375 -0.0305291

-0.859375 -0.0305294
-0.84375 -0.0302286

-0.84375 -0.0302288
-0.828125 -0.0299213

-0.828125 -0.0299216
-0.8125 -0.0296063

-0.8125 -0.0296066
-0.796875 -0.0292824

-2.75 -0.0185811
-2.73438 -0.0182875

-2.73438 -0.0182878
-2.71875 -0.0180068

-2.71875 -0.0180073
-2.70312 -0.0177374

-2.70312 -0.0177377
-2.6875 -0.0174771

-2.6875 -0.0174775
-2.67188 -0.0172245

-2.67188 -0.0172247
-2.65625 -0.0169779

-2.65625 -0.016978
-2.64062 -0.0167368

-2.64062 -0.0167365
-2.625 -0.0165015

-2.625 -0.0165013
-2.60938 -0.0162737

-2.60938 -0.0162735
-2.59375 -0.0160543

-2.59375 -0.0160542
-2.57812 -0.0158439

-2.57812 -0.0158436
-2.5625 -0.0156431

-2.5625 -0.0156425
-2.56106 -0.015625

-2.56102 -0.015625
-2.54688 -0.0154534

-2.54688 -0.0154536
-2.53125 -0.015275

-2.53125 -0.0152754
-2.51562 -0.0151065

-2.51562 -0.0151069
-2.5 -0.0149461

-2.5 -0.0149461
-2.48438 -0.0147926

-2.48438 -0.0147921
-2.46875 -0.0146466

-2.46875 -0.0146459
-2.45312 -0.0145109

-2.45312 -0.0145103
-2.4375 -0.0143884

-2.4375 -0.014388
-2.42188 -0.0142813

-2.42188 -0.0142811
-2.40625 -0.014191

-2.40625 -0.0141908
-2.39062 -0.014118

-2.39062 -0.0141179
-2.375 -0.014063

-2.375 -0.0140629
-2.35938 -0.0140265

-2.35938 -0.0140263
-2.34375 -0.0140092

-2.34375 -0.0140091
-2.32812 -0.0140117

-2.32812 -0.0140116
-2.3125 -0.0140346

-2.3125 -0.0140346
-2.29688 -0.0140782

-2.29688 -0.0140782
-2.28125 -0.0141426

-2.28125 -0.0141426
-2.26562 -0.0142276

-2.26562 -0.0142277
-2.25 -0.0143329

-2.25 -0.014333
-2.23438 -0.0144579

-2.23438 -0.0144581
-2.21875 -0.0146018

-2.21875 -0.0146021
-2.20312 -0.0147638

-2.20312 -0.0147641
-2.1875 -0.0149426

-2.1875 -0.0149428
-2.17188 -0.0151371

-2.17188 -0.0151373
-2.15625 -0.0153461

-2.15625 -0.0153464
-2.14062 -0.0155687

-2.125 -0.0158037
-2.1369 -0.015625

-2.14062 -0.0155689
-2.13689 -0.015625

-0.796875 -0.0292824
-0.78125 -0.0289489

-0.78125 -0.0289487
-0.765625 -0.0286066

-0.765625 -0.0286062
-0.75 -0.0282568

1.90625 0.0189088
1.92188 0.0192358

1.92188 0.0192361
1.9375 0.0195788

1.9375 0.0195792
1.95312 0.0199362

1.95312 0.0199366
1.96875 0.0203061

1.96875 0.0203066
1.98438 0.0206866

-2.125 -0.0158038
-2.10938 -0.01605

-2.10938 -0.0160503
-2.09375 -0.0163072

-2.09375 -0.0163075
-2.07812 -0.0165742

-2.07812 -0.0165745
-2.0625 -0.0168501

-2.0625 -0.0168503
-2.04688 -0.0171338

-2.04688 -0.017134
-2.03125 -0.0174244

-2.03125 -0.0174245
-2.01562 -0.0177212

-2.01562 -0.0177213
-2 -0.0180236

-0.75 -0.0282562
-0.734375 -0.0279014

-0.734375 -0.027901
-0.71875 -0.0275427

-0.71875 -0.0275425
-0.703125 -0.027182

1.98438 0.0206872
2 0.0210757

-0.703125 -0.027182
-0.6875 -0.0268199

-0.6875 -0.02682
-0.671875 -0.0264563

-0.671875 -0.0264565
-0.65625 -0.0260907

-0.65625 -0.0260909
-0.640625 -0.0257221

-0.640625 -0.0257223
-0.625 -0.02535

-0.625 -0.0253501
-0.609375 -0.024974

-0.609375 -0.024974
-0.59375 -0.0245938

-0.59375 -0.0245938
-0.578125 -0.0242094

-0.578125 -0.0242094
-0.5625 -0.0238206

-0.5625 -0.0238206
-0.546875 -0.0234273

-0.546875 -0.0234273
-0.53125 -0.0230291

-0.53125 -0.0230292
-0.515625 -0.022626

-0.515625 -0.0226259
-0.5 -0.0222177

0.0625 -0.00825443
0.078125 -0.00797522

0.078125 -0.00797453
0.09375 -0.00771148

0.09375 -0.00771091
0.109375 -0.00746652

0.109375 -0.00746615
0.125 -0.00724231

0.125 -0.00724216
0.140625 -0.00703989

0.140625 -0.00703994
0.15625 -0.00685945

0.15625 -0.00685965
0.171875 -0.00670045

0.171875 -0.00670076
0.1875 -0.00656184

0.1875 -0.00656224
0.203125 -0.00644218

0.203125 -0.00644265
0.21875 -0.00633973

0.21875 -0.00634025
0.234375 -0.00625252

0.234375 -0.00625305
0.25 -0.0061784

-0.5 -0.0222176
-0.484375 -0.0218047

0.25 -0.00617892
0.265625 -0.00611527

0.265625 -0.00611573
0.28125 -0.00606112

0.28125 -0.00606149
0.296875 -0.00601425

0.296875 -0.00601453
0.3125 -0.00597337

0.3125 -0.00597354
0.328125 -0.00593757

0.328125 -0.00593765
0.34375 -0.00590638

0.34375 -0.00590639
0.359375 -0.00587964

0.359375 -0.00587963
0.375 -0.00585738

0.375 -0.00585741
0.390625 -0.00583959

-0.484375 -0.0218045
-0.46875 -0.0213874

-0.46875 -0.0213872
-0.453125 -0.0209668

-0.453125 -0.0209665
-0.4375 -0.020544

-0.4375 -0.0205436
-0.421875 -0.0201207

-0.421875 -0.0201203
-0.40625 -0.0196984

-0.40625 -0.0196981
-0.390625 -0.0192789

-0.390625 -0.0192787
-0.375 -0.0188633

0.390625 -0.00583972
0.40625 -0.00582599

-0.375 -0.0188632
-0.359375 -0.0184523

-0.359375 -0.0184524
-0.34375 -0.0180458

-0.34375 -0.0180461
-0.328125 -0.017643

-0.328125 -0.0176434
-0.3125 -0.0172424

-0.3125 -0.0172428
-0.296875 -0.0168425

-0.296875 -0.0168427
-0.28125 -0.0164418

-0.28125 -0.016442
-0.265625 -0.0160394

-0.265625 -0.0160394
-0.25 -0.0156347

0.40625 -0.00582627
0.421875 -0.00581579

0.421875 -0.00581625
0.4375 -0.00580755

0.4375 -0.00580816
0.453125 -0.00579912

0.453125 -0.00579985
0.46875 -0.00578777

-0.25 -0.0156352
-0.249608 -0.015625

-0.249622 -0.015625
-0.234375 -0.0152279

0.46875 -0.00578855
0.484375 -0.00577043

0.484375 -0.0057712
0.5 -0.00574394

-2 -0.0180237
-1.98438 -0.0183314

-0.234375 -0.0152278
-0.21875 -0.0148186

-0.21875 -0.0148184
-0.203125 -0.0144073

-1.98438 -0.0183314
-1.96875 -0.0186445

-1.96875 -0.0186444
-1.95312 -0.0189628

-0.203125 -0.014407
-0.1875 -0.0139949

-0.1875 -0.0139946
-0.171875 -0.0135829

-0.171875 -0.0135825
-0.15625 -0.0131727

-0.15625 -0.0131723
-0.140625 -0.0127662

-0.140625 -0.0127658
-0.125 -0.0123651

-1.95312 -0.0189626
-1.9375 -0.0192867

-1.9375 -0.0192865
-1.92188 -0.0196171

-1.92188 -0.0196168
-1.90625 -0.0199547

-1.90625 -0.0199545
-1.89062 -0.0203006

-0.125 -0.0123647
-0.109375 -0.0119712

-1.89062 -0.0203005
-1.875 -0.0206555

0.5 -0.00574463
0.515625 -0.00570532

-0.109375 -0.0119709
-0.09375 -0.011586

-0.09375 -0.0115858
-0.078125 -0.0112106

-0.078125 -0.0112106
-0.0625 -0.0108457

-1.875 -0.0206556
-1.85938 -0.0210195

2 0.0210762
2.01562 0.0214711

0.515625 -0.0057059
0.53125 -0.005652

2.01562 0.0214716
2.03125 0.0218708

-0.0625 -0.0108458
-0.046875 -0.0104912

-1.85938 -0.0210198
-1.84375 -0.0213921

2.03125 0.0218713
2.04688 0.0222728

-1.84375 -0.0213925
-1.82812 -0.0217718

0.53125 -0.00565245
0.546875 -0.0055819

-0.046875 -0.0104914
-0.03125 -0.0101467

2.04688 0.0222733
2.0625 0.0226751

-1.82812 -0.0217722
-1.8125 -0.0221571

2.0625 0.0226755
2.07812 0.0230761

-1.8125 -0.0221575
-1.79688 -0.0225462

0.546875 -0.00558221
0.5625 -0.0054935

-1.79688 -0.0225467
-1.78125 -0.0229375

-0.03125 -0.0101469
-0.015625 -0.00981127

2.07812 0.0230763
2.09375 0.0234746

0.5625 -0.00549369
0.578125 -0.00538581

2.09375 0.0234747
2.10938 0.0238701

-0.015625 -0.00981147
0 -0.00948399

-1.78125 -0.0229381
-1.76562 -0.0233286

0.578125 -0.00538589
0.59375 -0.00525833

2.10938 0.0238701
2.125 0.0242625

-1.76562 -0.0233292
-1.75 -0.0237171

0.59375 -0.0052583
0.609375 -0.00511096

2.125 0.0242623
2.14062 0.0246522

2.14062 0.0246519
2.15625 0.0250401

0.609375 -0.00511086
0.625 -0.00494402

2.15625 0.0250396
2.17188 0.0254278

-1.75 -0.0237176
-1.73438 -0.0241005

-1.73438 -0.0241007
-1.71875 -0.0244775

0.625 -0.00494386
0.640625 -0.00475806

0.640625 -0.00475787
0.65625 -0.00455383

2.17188 0.0254272
2.1875 0.0258176

-1.71875 -0.0244773
-1.70312 -0.0248479

-1.70312 -0.0248474
-1.6875 -0.0252132

2.1875 0.0258168
2.20312 0.0262121

2.20312 0.0262114
2.21875 0.0266149

0.65625 -0.00455364
0.671875 -0.00433212

0.671875 -0.00433195
0.6875 -0.0040937

0.6875 -0.00409355
0.703125 -0.0038392

0.703125 -0.00383907
0.71875 -0.00356916

0.71875 -0.00356906
0.734375 -0.00328404

0.734375 -0.00328391
0.75 -0.00298424

2.21875 0.0266141
2.23438 0.0270288

2.23438 0.0270281
2.25 0.0274568

0.75 -0.00298409
0.765625 -0.00267032

0.765625 -0.00267017
0.78125 -0.00234291

0.78125 -0.0023427
0.796875 -0.00200267

-1.6875 -0.0252125
-1.67188 -0.0255757

-1.67188 -0.0255751
-1.65625 -0.0259382

0.796875 -0.00200238
0.8125 -0.00165058

0.8125 -0.00165043
0.828125 -0.00128776

0.828125 -0.00128774
0.84375 -0.000914528

0.84375 -0.000914156
0.859375 -0.000531185

0.859375 -0.000530372
0.875 -0.000140013

0.875 -0.00014066
0.880525 0

-1.65625 -0.0259377
-1.64062 -0.0263028

-1.64062 -0.0263025
-1.625 -0.0266711

2.25 0.027456
2.26562 0.0279014

-1.625 -0.026671
-1.60938 -0.027044

-1.60938 -0.027044
-1.59375 -0.0274215

2.26562 0.0279007
2.28125 0.0283657

0.880536 0
0.890625 0.000256833

0.890625 0.000256653
0.90625 0.000664049

-1.59375 -0.0274216
-1.57812 -0.0278035

2.28125 0.0283652
2.29688 0.0288522

0.90625 0.00066466
0.921875 0.00108101

-1.57812 -0.0278037
-1.5625 -0.0281891

2.29688 0.0288521
2.3125 0.0293623

-1.5625 -0.0281894
-1.54688 -0.0285776

-1.54688 -0.0285779
-1.53125 -0.0289676

-1.53125 -0.028968
-1.51562 -0.0293578

-1.51562 -0.0293582
-1.5 -0.0297466

0.921875 0.00108213
0.9375 0.00150399

0.9375 0.00150528
0.953125 0.00192783

2.3125 0.0293623
2.32812 0.0298961

2.32812 0.0298961
2.34375 0.0304535

0.953125 0.00192903
0.96875 0.00234727

0.96875 0.00234825
0.984375 0.00275782

2.34375 0.0304537
2.35938 0.0310342

2.35938 0.0310329
2.36497 0.03125

0.984375 0.00275853
1 0.00315605

2.36497 0.03125
2.375 0.0316391

2.375 0.0316385
2.39062 0.0322742

2.39062 0.0322745
2.40625 0.0329404

2.40625 0.0329412
2.42188 0.0336351

2.42188 0.033636
2.4375 0.0343544

2.4375 0.0343552
2.45312 0.0350943

2.45312 0.0350948
2.46875 0.0358521

2.46875 0.0358523
2.48438 0.0366267

2.48438 0.0366266
2.5 0.037418

-1.5 -0.029747
-1.48438 -0.0301325

-1.48438 -0.0301329
-1.46875 -0.0305139

-1.4375 -0.0312548
-1.43771 -0.03125

-1.46875 -0.0305144
-1.45312 -0.030889

-1.45312 -0.0308897
-1.43774 -0.03125

-1.4375 -0.0312562
-1.42188 -0.0316104

-1.42188 -0.0316108
-1.40625 -0.0319513

-1.40625 -0.0319519
-1.39062 -0.0322764

-1.39062 -0.032277
-1.375 -0.0325829

-1.375 -0.0325835
-1.35938 -0.0328683

-1.35938 -0.0328688
-1.34375 -0.0331305

-1.34375 -0.0331309
-1.32812 -0.0333675

-1.32812 -0.0333678
-1.3125 -0.0335783

-1.3125 -0.0335783
-1.29688 -0.0337619

-1.29688 -0.0337617
-1.28125 -0.0339186

2.5 0.0374178
2.51562 0.0382266

-1.28125 -0.0339182
-1.26562 -0.0340495

-1.26562 -0.0340491
-1.25 -0.0341565

2.51562 0.0382264
2.53125 0.0390533

2.53125 0.0390531
2.54688 0.039899

2.54688 0.0398987
2.5625 0.040765

1 0.00315651
1.01562 0.00353963

1.01562 0.00353984
1.03125 0.00390723

-1.25 -0.0341562
-1.23438 -0.0342414

-1.23438 -0.0342413
-1.21875 -0.0343052

-1.21875 -0.0343053
-1.20312 -0.034348

-1.20312 -0.0343482
-1.1875 -0.034369

-1.1875 -0.0343692
-1.17188 -0.0343676

-1.17188 -0.0343676
-1.15625 -0.0343431

-1.15625 -0.034343
-1.14062 -0.0342957

-1.14062 -0.0342956
-1.125 -0.0342261

1.03125 0.00390719
1.04688 0.00425849

-1.125 -0.0342259
-1.10938 -0.0341347

2.5625 0.0407647
2.57812 0.0416525

1.04688 0.00425819
1.0625 0.00459409

-1.10938 -0.0341346
-1.09375 -0.0340225

2.57812 0.0416522
2.59375 0.0425629

-1.09375 -0.0340223
-1.07812 -0.03389

-1.07812 -0.0338898
-1.0625 -0.0337379

-1.0625 -0.0337377
-1.04688 -0.0335671

-1.04688 -0.0335668
-1.03125 -0.0333785

-1.03125 -0.0333782
-1.01562 -0.0331734

1.0625 0.00459353
1.07812 0.00491575

1.07812 0.00491504
1.09375 0.00522611

2.59375 0.0425626
2.60938 0.0434974

2.60938 0.0434971
2.625 0.0444576

1.09375 0.00522541
1.10938 0.00552815

1.10938 0.00552766
1.125 0.00582445

-1.01562 -0.033173
-1 -0.0329531

1.125 0.0058243
1.14062 0.00611642

1.14062 0.00611662
1.15625 0.00640393

1.15625 0.0064043
1.17188 0.00668565

1.17188 0.00668589
1.1875 0.00696007

2.625 0.0444571
2.64062 0.0454449

2.64062 0.0454443
2.65625 0.0464617

1.1875 0.00695988
1.20312 0.00722677

1.20312 0.00722604
1.21875 0.00748748

1.21875 0.00748625
1.23438 0.00774617

1.23438 0.0077448
1.25 0.00800836

2.65625 0.0464616
2.6624 0.046875

2.66242 0.046875
2.67188 0.0475101

2.67188 0.0475098
2.6875 0.0485952

2.6875 0.0485942
2.70312 0.0497189

2.70312 0.0497181
2.71875 0.0508857

2.71875 0.0508848
2.73438 0.0520985

1.25 0.00800729
1.26562 0.00827938

1.26562 0.00827896
1.28125 0.00856256

1.28125 0.0085629
1.29688 0.00885816

1.29688 0.00885908
1.3125 0.00916347

1.3125 0.00916465
1.32812 0.00947393

1.32812 0.00947507
1.34375 0.00978459

1.34375 0.0097855
1.35938 0.0100912

1.35938 0.0100918
1.375 0.0103905

2.73438 0.0520978
2.75 0.0533609

1.375 0.0103909
1.39062 0.0106807

1.39062 0.0106808
1.40625 0.010961

1.40625 0.0109607
1.42188 0.0112316

1.42188 0.0112311
1.4375 0.0114943

1.4375 0.0114936
1.45312 0.0117515

1.45312 0.0117507
1.46875 0.0120066

1.46875 0.0120058
1.48438 0.0122625

1.48438 0.0122621
1.5 0.012522

2.75 0.05336
2.76562 0.0546759

2.76562 0.0546752
2.78125 0.0560473

2.78125 0.0560466
2.79688 0.0574779

2.79688 0.0574778
2.8125 0.0589698

2.8125 0.0589694
2.82812 0.060523

2.82812 0.0605231
2.84375 0.062139

2.84375 0.0621381
2.84711 0.0625

2.84712 0.0625
2.85938 0.0638182

2.85938 0.0638189
2.875 0.0655652

2.875 0.065564
2.89062 0.0673774

2.89062 0.0673781
2.90625 0.0692596

2.90625 0.0692581
2.92188 0.0712093

2.92188 0.0712102
2.9375 0.0732322

2.9375 0.073229
2.95312 0.0753264

2.95312 0.0753303
2.96875 0.0775018

2.96875 0.0776029
2.97238 0.078125

2.97338 0.078125
2.98438 0.0797066

2.98438 0.0798736
3 0.0819474

3 0.082662
3.03125 0.0830879

3.03125 0.0824533
3.0625 0.0787816

3.125 0.0519454
3.09398 0.0625

3.0625 0.0808473
3.11643 0.0625

3.125 0.0464135
3.25 0.0176448

3.25 0.0238018
3.47649 0

4 -0.0101523
3.70639 0

3.5 0.00413149
3.61948 0

