-4 -0.00612693
-3.78157 0

-3.69567 0
-3.5 0.0054884

-3.5 0.00395506
-3.25 0.0237421

-3.25 0.03046
-3.125 0.0441354

-3.125 0.0567801
-3.0625 0.0546983

-3.0625 0.0539832
-3.03125 0.0395449

-3 0.0126654
-3.02342 0.03125

-3.03125 0.0409343
-3.01799 0.03125

-2.98438 -0.00224227
-2.98677 0

-2.96875 -0.0169599
-2.9703 -0.015625

-2.98438 -0.00318736
-2.97039 -0.015625

-2.9375 -0.0412516
-2.95095 -0.03125

-2.96875 -0.0170108
-2.95312 -0.0296729

-2.95312 -0.0296691
-2.95102 -0.03125

-2.89062 -0.0710329
-2.90509 -0.0625

-2.875 -0.0796471
-2.87777 -0.078125

-2.89062 -0.0709831
-2.87765 -0.078125

-2.92188 -0.0520152
-2.92942 -0.046875

-2.9375 -0.0411289
-2.92911 -0.046875

-2.92188 -0.0518994
-2.90625 -0.0618191

-2.90625 -0.0616727
-2.90484 -0.0625

0 -0.00279993
0.015625 -0.00111923

0.015625 -0.00112683
0.0260945 0

1.5 0.143971
1.51562 0.14537

1.51562 0.14537
1.53125 0.146768

1.53125 0.146768
1.54688 0.148166

-2.76562 -0.127091
-2.77141 -0.125

-2.76562 -0.126995
-2.75 -0.132324

-2.84375 -0.0952818
-2.84691 -0.09375

-2.875 -0.0795771
-2.85938 -0.0876373

0.0258767 0
0.03125 0.000578326

1.54688 0.148166
1.5625 0.149565

1.5625 0.149564
1.57812 0.150963

0.03125 0.00056298
0.046875 0.00224475

-2.85938 -0.087605
-2.84671 -0.09375

0.046875 0.00224468
0.0625 0.00392625

1.57812 0.150963
1.59375 0.152362

0.0625 0.0039264
0.078125 0.0056076

-2.84375 -0.0951979
-2.82812 -0.102336

1.59375 0.152362
1.60938 0.153759

1.60938 0.15376
1.625 0.155154

-2.82812 -0.102324
-2.8125 -0.109056

-2.79688 -0.115412
-2.81175 -0.109375

1.625 0.155154
1.63733 0.15625

0.078125 0.00560765
0.09375 0.00728809

-2.8125 -0.1089
-2.81133 -0.109375

-2.79688 -0.115385
-2.78125 -0.121361

-2.78125 -0.121312
-2.77104 -0.125

0.09375 0.00728817
0.109375 0.00896758

0.109375 0.00896764
0.125 0.0106457

-2.75 -0.132318
-2.73438 -0.137362

-2.71875 -0.1422
-2.72391 -0.140625

-2.73438 -0.13733
-2.72359 -0.140625

1.63729 0.15625
1.64062 0.156546

1.64062 0.156544
1.65625 0.157927

-1 -0.111201
-0.984375 -0.10961

1.65625 0.157927
1.67188 0.159302

-0.984375 -0.109621
-0.981956 -0.109375

0.125 0.0106457
0.140625 0.0123224

1.67188 0.159302
1.6875 0.160669

-0.982073 -0.109375
-0.96875 -0.108018

1.6875 0.16067
1.70312 0.162027

-0.96875 -0.108019
-0.953125 -0.106426

0.140625 0.0123225
0.15625 0.0139977

-0.953125 -0.106425
-0.9375 -0.10483

0.15625 0.0139976
0.171442 0.015625

-2.71875 -0.142129
-2.70312 -0.146645

1.70312 0.162027
1.71875 0.163372

-2.70312 -0.14664
-2.6875 -0.15092

1.71875 0.163372
1.73438 0.164704

-2.65625 -0.158865
-2.66688 -0.15625

0.171413 0.015625
0.171875 0.0156745

0.171875 0.0156717
0.1875 0.0173435

-0.9375 -0.104831
-0.921875 -0.103235

0.1875 0.0173433
0.203125 0.0190134

1.73438 0.164704
1.75 0.16602

-2.6875 -0.150916
-2.67188 -0.154978

-0.921875 -0.103235
-0.90625 -0.101635

-2.67188 -0.154901
-2.66639 -0.15625

-2.65625 -0.158819
-2.64062 -0.162456

-0.90625 -0.101636
-0.890625 -0.100029

1.75 0.16602
1.76562 0.167321

0.203125 0.0190134
0.21875 0.0206822

1.76562 0.167321
1.78125 0.168607

-2.64062 -0.162454
-2.625 -0.165898

-0.890625 -0.10003
-0.875 -0.0984163

1.78125 0.168607
1.79688 0.169877

1.79688 0.169877
1.8125 0.171131

-0.875 -0.0984166
-0.859375 -0.0967955

1.8125 0.17113
1.82193 0.171875

0.21875 0.0206822
0.234375 0.0223497

0.234375 0.0223499
0.25 0.0240157

-2.625 -0.165896
-2.60938 -0.169155

-2.59375 -0.172241
-2.59561 -0.171875

-2.60938 -0.169153
-2.59555 -0.171875

-0.859375 -0.0967953
-0.84375 -0.0951659

-0.84375 -0.0951856
-0.830057 -0.09375

-0.831199 -0.09375
-0.828125 -0.0934277

-0.828125 -0.0935273
-0.8125 -0.0918814

-0.8125 -0.0918826
-0.796875 -0.0902286

-0.796875 -0.0902285
-0.78125 -0.0885643

-0.78125 -0.0885645
-0.765625 -0.0868899

-0.765625 -0.0868898
-0.75 -0.0852047

-2.59375 -0.172231
-2.57812 -0.175125

-2.57812 -0.175121
-2.5625 -0.177838

0.25 0.0240158
0.265625 0.0256795

-0.75 -0.0852049
-0.734375 -0.0835093

0.265625 0.0256796
0.28125 0.0273409

1.82188 0.171875
1.82812 0.172368

-2.5625 -0.177837
-2.54688 -0.180385

1.82812 0.172365
1.84375 0.17358

1.84375 0.17358
1.85938 0.174776

1.85938 0.174776
1.875 0.175953

-2.54688 -0.180382
-2.53125 -0.182768

-2.53125 -0.182765
-2.51562 -0.185001

0.28125 0.027341
0.296875 0.0289996

-2.51562 -0.184998
-2.5 -0.187096

0.296875 0.0289997
0.3125 0.0306551

1.875 0.175954
1.89062 0.177112

-0.734375 -0.0835093
-0.71875 -0.0818026

1.89062 0.177112
1.90625 0.178249

-3 0.0115634
-2.98751 0

0.3125 0.0306236
0.318427 0.03125

-0.71875 -0.0818024
-0.703125 -0.080085

0.317953 0.03125
0.328125 0.0323251

1.90625 0.17825
1.92188 0.179364

1.92188 0.179364
1.9375 0.180453

0.328125 0.0323067
0.34375 0.0339536

0.34375 0.0339533
0.359375 0.0355964

0.359375 0.0355963
0.375 0.0372361

-0.703125 -0.0800846
-0.6875 -0.0783579

-0.6875 -0.0783855
-0.685153 -0.078125

-0.685448 -0.078125
-0.671875 -0.0766187

1.9375 0.180453
1.95312 0.181516

-0.671875 -0.0766233
-0.65625 -0.0748834

0.375 0.037236
0.390625 0.038873

-0.65625 -0.0748832
-0.640625 -0.0731379

-2.48438 -0.189067
-2.49683 -0.1875

1.95312 0.181516
1.96875 0.182553

-2.48438 -0.189057
-2.46875 -0.190898

-0.640625 -0.0731376
-0.625 -0.0713876

1.96875 0.182553
1.98438 0.183561

0.390625 0.038873
0.40625 0.0405073

-0.625 -0.0713874
-0.609375 -0.0696338

0.40625 0.0405073
0.421875 0.042139

1.98438 0.183562
2 0.18454

-2.46875 -0.190897
-2.45312 -0.192622

-0.609375 -0.0696336
-0.59375 -0.0678773

-2.45312 -0.192622
-2.4375 -0.194234

0.421875 0.0421389
0.4375 0.0437684

0.4375 0.0437684
0.453125 0.0453959

-2.5 -0.187076
-2.49663 -0.1875

0.453125 0.0453956
0.467348 0.046875

-0.59375 -0.0678769
-0.578125 -0.0661193

0.467301 0.046875
0.46875 0.0470257

-2.4375 -0.194234
-2.42188 -0.195732

-2.42188 -0.195732
-2.40625 -0.197117

-2.40625 -0.197117
-2.39062 -0.198392

0.46875 0.0470213
0.484375 0.0486442

0.484375 0.0486438
0.5 0.0502654

-2.39062 -0.198392
-2.375 -0.199561

-0.578125 -0.0661187
-0.5625 -0.0643618

-2.375 -0.19956
-2.35938 -0.200625

-2.35938 -0.200624
-2.34375 -0.201589

-0.5625 -0.0643615
-0.546875 -0.0626072

-0.546875 -0.0626183
-0.545819 -0.0625

-0.545928 -0.0625
-0.53125 -0.0608558

-2.34375 -0.201587
-2.32812 -0.202457

-2.3125 -0.203235
-2.3147 -0.203125

-2.32812 -0.202456
-2.31469 -0.203125

-0.53125 -0.060857
-0.515625 -0.0591108

-0.515625 -0.059111
-0.5 -0.0573677

-2.3125 -0.203235
-2.29688 -0.203922

-2.29688 -0.203921
-2.28125 -0.204517

-2.28125 -0.204516
-2.26562 -0.205027

-2.26562 -0.205026
-2.25 -0.205455

0.5 0.0502653
0.515625 0.0518866

0.515625 0.0518864
0.53125 0.053508

0.53125 0.0535081
0.546875 0.0551302

0.546875 0.0551304
0.5625 0.0567524

0.5625 0.0567528
0.578125 0.0583733

0.578125 0.058374
0.59375 0.0599907

0.59375 0.0599913
0.609375 0.0616018

0.609375 0.0615964
0.618193 0.0625

-2.25 -0.205454
-2.23438 -0.205803

-2.23438 -0.205803
-2.21875 -0.206073

0.618053 0.0625
0.625 0.0632119

-2.21875 -0.206073
-2.20312 -0.206266

-0.5 -0.057368
-0.484375 -0.0556265

0.625 0.0632042
0.640625 0.0647931

-2.20312 -0.206265
-2.1875 -0.206383

-0.484375 -0.0556266
-0.46875 -0.0538863

0.640625 0.0647934
0.65625 0.0663689

-0.46875 -0.0538863
-0.453125 -0.0521469

-2.1875 -0.206382
-2.17188 -0.206425

0.65625 0.0663691
0.671875 0.0679302

-2.17188 -0.206425
-2.15625 -0.206398

-0.453125 -0.0521468
-0.4375 -0.0504082

-2.15625 -0.206397
-2.14062 -0.206303

-2.14062 -0.206303
-2.125 -0.206143

-0.4375 -0.0504079
-0.421875 -0.0486708

-0.421875 -0.0486706
-0.40625 -0.0469359

0.671875 0.0679305
0.6875 0.0694761

0.6875 0.0694764
0.703125 0.0710053

0.703125 0.0710052
0.71875 0.0725171

-2.125 -0.206143
-2.10938 -0.205919

-2.10938 -0.205919
-2.09375 -0.205631

-0.40625 -0.0469493
-0.405579 -0.046875

-0.405711 -0.046875
-0.390625 -0.0452039

0.71875 0.0725169
0.734375 0.0740125

-0.390625 -0.0452049
-0.375 -0.0434783

-2.09375 -0.205631
-2.07812 -0.20528

-2.07812 -0.20528
-2.0625 -0.204866

-0.375 -0.0434784
-0.359375 -0.0417551

-0.359375 -0.0417552
-0.34375 -0.0400348

0.734375 0.074012
0.75 0.0754927

-0.34375 -0.0400348
-0.328125 -0.0383168

-0.328125 -0.0383168
-0.3125 -0.0366013

-2.0625 -0.204867
-2.04688 -0.204388

-2.04688 -0.204389
-2.03125 -0.203842

-2.03125 -0.203844
-2.01562 -0.203226

-2.01562 -0.203225
-2.01336 -0.203125

-2.01336 -0.203125
-2 -0.202533

2 0.18454
2.01562 0.185486

2.01562 0.185487
2.03125 0.186401

0.75 0.0754923
0.765625 0.0769597

0.765625 0.0769585
0.778152 0.078125

0.778089 0.078125
0.78125 0.0784193

0.78125 0.0784137
0.796875 0.0798583

0.796875 0.0798576
0.8125 0.0812952

2.03125 0.186401
2.04688 0.187281

-0.3125 -0.0366011
-0.296875 -0.0348885

-0.296875 -0.0348882
-0.28125 -0.0331792

-0.28125 -0.0331791
-0.265625 -0.0314745

-0.265625 -0.0315087
-0.263246 -0.03125

-0.263617 -0.03125
-0.25 -0.0297693

2.04688 0.18728
2.05094 0.1875

2.05091 0.1875
2.0625 0.188126

0.8125 0.0812947
0.828125 0.0827276

0.828125 0.0827271
0.84375 0.0841572

0.84375 0.0841569
0.859375 0.0855861

-0.25 -0.0297756
-0.234375 -0.0280819

2.0625 0.188126
2.07812 0.188933

2.07812 0.188933
2.09375 0.189703

-0.234375 -0.0280823
-0.21875 -0.0263922

-0.21875 -0.0263927
-0.203125 -0.0247043

-0.203125 -0.0247047
-0.1875 -0.0230166

-0.1875 -0.0230167
-0.171875 -0.0213278

-0.171875 -0.0213279
-0.15625 -0.0196378

2.09375 0.189703
2.10938 0.190434

2.10938 0.190435
2.125 0.191126

0.859375 0.0855858
0.875 0.0870154

2.125 0.191127
2.14062 0.191777

2.14062 0.191777
2.15625 0.192382

0.875 0.0870153
0.890625 0.088446

0.890625 0.088446
0.90625 0.0898782

0.90625 0.0898781
0.921875 0.0913123

0.921875 0.0913125
0.9375 0.0927486

2.15625 0.192382
2.17188 0.19294

2.17188 0.192941
2.1875 0.193451

2.1875 0.193451
2.20312 0.193913

2.20312 0.193914
2.21875 0.194324

2.21875 0.194325
2.23438 0.194681

0.9375 0.0927472
0.948413 0.09375

0.948332 0.09375
0.953125 0.0941904

-0.15625 -0.0196377
-0.140625 -0.0179467

-0.140625 -0.0179465
-0.125 -0.0162555

0.953125 0.0941847
0.96875 0.0956195

0.96875 0.0956197
0.984375 0.0970541

0.984375 0.0970543
1 0.0984878

-0.125 -0.016277
-0.11897 -0.015625

-0.119298 -0.015625
-0.109375 -0.014552

-0.109375 -0.0145653
-0.09375 -0.0128783

-2 -0.202533
-1.98438 -0.201766

-0.09375 -0.0128783
-0.078125 -0.011194

-0.078125 -0.011194
-0.0625 -0.00951244

-0.0625 -0.00951261
-0.046875 -0.0078335

-0.046875 -0.00783384
-0.03125 -0.00615613

-0.03125 -0.00615652
-0.015625 -0.00447876

-1.98438 -0.201766
-1.96875 -0.200926

-1.96875 -0.200927
-1.95312 -0.200012

-1.95312 -0.200012
-1.9375 -0.19902

-1.9375 -0.199018
-1.92188 -0.197953

-1.92188 -0.197948
-1.90625 -0.196823

-0.015625 -0.00447899
0 -0.00279996

-1.90625 -0.196817
-1.89062 -0.195653

-1.89062 -0.195649
-1.875 -0.19447

2.23438 0.194682
2.25 0.194981

-1.875 -0.194468
-1.85938 -0.193286

-1.85938 -0.193287
-1.84375 -0.192103

-1.84375 -0.192105
-1.82812 -0.190912

-1.82812 -0.190914
-1.8125 -0.1897

-1.8125 -0.189702
-1.79688 -0.18846

-1.79688 -0.188463
-1.78506 -0.1875

-1.78518 -0.1875
-1.78125 -0.18718

1 0.0984878
1.01562 0.0999202

1.01562 0.0999204
1.03125 0.101351

1.03125 0.101351
1.04688 0.102781

-1.78125 -0.187186
-1.76562 -0.185881

2.25 0.194982
2.26562 0.195222

2.26562 0.195223
2.28125 0.195403

-1.76562 -0.185882
-1.75 -0.184547

2.28125 0.195404
2.29688 0.19552

2.29688 0.195521
2.3125 0.195571

1.04688 0.102781
1.0625 0.104209

2.3125 0.195572
2.32812 0.195553

1.0625 0.104209
1.07812 0.105636

-1.75 -0.184546
-1.73438 -0.183181

-1.73438 -0.183181
-1.71875 -0.181786

1.07812 0.105636
1.09375 0.107064

1.09375 0.107064
1.10938 0.108494

2.32812 0.195554
2.34375 0.195462

-1.71875 -0.181786
-1.70312 -0.180363

2.34375 0.195463
2.35938 0.195296

2.35938 0.195296
2.375 0.195049

-1.70312 -0.180362
-1.6875 -0.178915

-1.6875 -0.178913
-1.67188 -0.17745

-1.67188 -0.177448
-1.65625 -0.175975

2.375 0.19505
2.39062 0.194721

2.39062 0.194722
2.40625 0.194307

2.40625 0.194308
2.42188 0.193804

-1.65625 -0.175974
-1.64062 -0.174496

-1.64062 -0.174495
-1.625 -0.173016

2.42188 0.193805
2.4375 0.19321

2.4375 0.193211
2.45312 0.19252

2.45312 0.19252
2.46875 0.191728

2.46875 0.191728
2.48438 0.190832

2.48438 0.190833
2.5 0.189831

1.10938 0.108491
1.11903 0.109375

1.11893 0.109375
1.125 0.109931

-1.625 -0.173019
-1.61289 -0.171875

-1.61303 -0.171875
-1.60938 -0.17153

-1.60938 -0.171539
-1.59375 -0.170068

1.125 0.109925
1.14062 0.111356

-1.59375 -0.170067
-1.57812 -0.168604

-1.57812 -0.168604
-1.5625 -0.167148

-1.5625 -0.167149
-1.54688 -0.165701

-1.54688 -0.165702
-1.53125 -0.164258

1.14062 0.111356
1.15625 0.112789

1.15625 0.112789
1.17188 0.114223

1.17188 0.114223
1.1875 0.115657

-1.53125 -0.16426
-1.51562 -0.162814

-1.51562 -0.162815
-1.5 -0.16136

2.53125 0.187466
2.53082 0.1875

2.53125 0.187491
2.54688 0.186138

1.1875 0.115657
1.20312 0.11709

2.54688 0.18614
2.5625 0.184663

1.20312 0.11709
1.21875 0.118522

1.21875 0.118522
1.23438 0.119954

1.23438 0.119954
1.25 0.121386

2.5 0.189832
2.51562 0.188719

2.51562 0.188722
2.53115 0.1875

2.5625 0.184664
2.57812 0.183059

2.57812 0.183061
2.59375 0.181323

2.59375 0.181325
2.60938 0.179446

1.25 0.121386
1.26562 0.122817

1.26562 0.122818
1.28125 0.124247

1.28125 0.124243
1.28955 0.125

1.28943 0.125
1.29688 0.125679

2.60938 0.179448
2.625 0.177422

1.29688 0.125673
1.3125 0.127094

2.625 0.177425
2.64062 0.175241

1.3125 0.127093
1.32812 0.12851

1.32812 0.12851
1.34375 0.129924

1.34375 0.129924
1.35938 0.131335

1.35938 0.131335
1.375 0.132744

2.64062 0.175245
2.65625 0.172891

1.375 0.132744
1.39062 0.134152

1.39062 0.134152
1.40625 0.135559

1.40625 0.135558
1.42188 0.136963

1.42188 0.136963
1.4375 0.138368

2.67188 0.170329
2.66236 0.171875

2.65625 0.172934
2.66277 0.171875

1.4375 0.138368
1.45312 0.139771

1.45312 0.139769
1.46267 0.140625

1.46258 0.140625
1.46875 0.141178

-1.5 -0.161361
-1.48438 -0.159892

-1.48438 -0.159892
-1.46875 -0.158409

-1.46875 -0.158408
-1.45312 -0.156911

1.46875 0.141173
1.48438 0.142572

1.48438 0.142572
1.5 0.143971

2.67188 0.170358
2.6875 0.167628

2.6875 0.16763
2.70312 0.1647

2.70312 0.164703
2.71875 0.161562

2.75 0.1545
2.74241 0.15625

2.71875 0.161566
2.73438 0.158201

2.73438 0.158291
2.74322 0.15625

-1.45312 -0.156915
-1.44623 -0.15625

-1.44632 -0.15625
-1.4375 -0.155398

-1.4375 -0.155401
-1.42188 -0.153882

-1.42188 -0.153882
-1.40625 -0.152357

2.85938 0.121393
2.84949 0.125

2.85938 0.121505
2.875 0.115418

2.75 0.154601
2.76562 0.150744

-1.40625 -0.152357
-1.39062 -0.150827

-1.39062 -0.150827
-1.375 -0.149289

2.76562 0.150748
2.78125 0.146629

2.78125 0.146634
2.79688 0.142236

-1.375 -0.14929
-1.35938 -0.147744

-1.35938 -0.147745
-1.34375 -0.146191

2.8125 0.137481
2.80204 0.140625

2.79688 0.142358
2.80264 0.140625

-1.34375 -0.14619
-1.32812 -0.144628

-1.32812 -0.144628
-1.3125 -0.14306

2.8125 0.137546
2.82812 0.132534

2.82812 0.13254
2.84375 0.127196

2.84375 0.127373
2.85025 0.125

-1.3125 -0.14306
-1.29688 -0.141486

2.89062 0.108119
2.88761 0.109375

2.875 0.115542
2.88983 0.109375

-1.29688 -0.141492
-1.28829 -0.140625

-1.28843 -0.140625
-1.28125 -0.139899

-1.28125 -0.139907
-1.26562 -0.138326

2.89062 0.108932
2.90625 0.10199

2.92188 0.0932077
2.92073 0.09375

-1.26562 -0.138326
-1.25 -0.136743

2.9375 0.086627
2.9235 0.09375

2.90625 0.102025
2.92188 0.094605

2.92188 0.0947455
2.92384 0.09375

2.98438 0.0613105
2.98249 0.0625

2.98438 0.0590559
3 0.0486745

2.95312 0.0772908
2.95159 0.078125

-1.25 -0.136743
-1.23438 -0.135157

-1.23438 -0.135157
-1.21875 -0.133569

-1.21875 -0.133569
-1.20312 -0.131978

2.9375 0.0867033
2.95312 0.078178

2.96875 0.0689904
2.95317 0.078125

2.95312 0.0781506
2.95317 0.078125

2.96875 0.0682068
2.9778 0.0625

-1.20312 -0.131978
-1.1875 -0.130383

-1.1875 -0.130382
-1.17188 -0.128784

-1.17188 -0.128784
-1.15625 -0.127184

3.03125 0.0290043
3.02742 0.03125

3 0.048008
3.02792 0.03125

3.03125 0.0285541
3.0625 0.0143533

3.0625 0.0123991
3.125 0.00358661

-1.15625 -0.127184
-1.14062 -0.125583

-1.14062 -0.12559
-1.13487 -0.125

3.125 0.0136364
3.25 0.0086933

3.25 0.0113241
3.5 0.00251943

-1.13498 -0.125
-1.125 -0.123976

3.5 -0.000589957
4 -0.00831952

-1.125 -0.12398
-1.10938 -0.122378

-1.10938 -0.122378
-1.09375 -0.120776

-1.09375 -0.120775
-1.07812 -0.119175

-1.07812 -0.119175
-1.0625 -0.117578

-1.0625 -0.117578
-1.04688 -0.115984

-1.04688 -0.115984
-1.03125 -0.114391

-1.03125 -0.114391
-1.01562 -0.112797

-1.01562 -0.112797
-1 -0.111202

