-4 -0.00755795
-3.60796 0

-3.65433 0
-3.5 0.00304871

-3 -0.0688133
-3.00397 -0.0625

-3.03125 -0.02585
-3.05924 0

-3.00391 -0.0625
-3.02738 -0.03125

-3.03125 -0.0274132
-3.02786 -0.03125

-3.5 0.0121915
-3.25 0.0220535

-3.25 0.0442145
-3.125 0.0318532

-3.125 0.0350502
-3.0625 0.00302507

-3.0625 0.00153975
-3.06045 0

-2.75 -0.253519
-2.7602 -0.25

-2.95312 -0.133121
-2.9611 -0.125

-2.9375 -0.148021
-2.94545 -0.140625

-2.95312 -0.133722
-2.94605 -0.140625

-2.875 -0.195646
-2.88747 -0.1875

-2.92188 -0.162379
-2.92907 -0.15625

-2.90625 -0.174152
-2.90931 -0.171875

-2.92188 -0.161935
-2.90922 -0.171875

-2.9375 -0.148062
-2.92813 -0.15625

-2.90625 -0.174161
-2.89062 -0.185332

-2.89062 -0.184898
-2.88659 -0.1875

-2.96875 -0.11838
-2.98813 -0.09375

-2.98658 -0.09375
-2.99571 -0.078125

-3 -0.0726872
-2.99676 -0.078125

-2.96875 -0.11659
-2.96089 -0.125

-2.85938 -0.205267
-2.86303 -0.203125

-2.875 -0.195373
-2.86202 -0.203125

-2.85938 -0.204798
-2.84375 -0.213359

-2.82812 -0.222058
-2.83465 -0.21875

-2.82812 -0.221227
-2.8125 -0.228612

-2.84375 -0.212896
-2.8322 -0.21875

-2.79688 -0.236379
-2.80142 -0.234375

-2.8125 -0.228369
-2.79888 -0.234375

-2.79688 -0.235512
-2.78125 -0.241892

-2.78125 -0.241879
-2.76562 -0.24774

-2.76562 -0.247206
-2.75753 -0.25

-2.75 -0.253096
-2.73438 -0.258081

-2.73438 -0.258065
-2.71875 -0.262724

1.5 0.212678
1.51562 0.214756

1.51562 0.214757
1.53125 0.216829

1.53125 0.216828
1.54581 0.21875

1.54563 0.21875
1.54688 0.218915

0 -0.00471686
0.015625 -0.00226557

0.015625 -0.00226805
0.0300918 0

-2.70312 -0.267858
-2.71109 -0.265625

-2.71875 -0.262266
-2.70677 -0.265625

-2.70312 -0.26711
-2.6875 -0.271194

0.03125 -0.000208637
0.0325829 0

1.54688 0.218894
1.5625 0.220944

1.5625 0.220945
1.57812 0.222981

1.57812 0.222982
1.59375 0.225002

1.59375 0.225002
1.60938 0.227005

1.60938 0.227006
1.625 0.22899

0.0298541 0
0.03125 0.000218841

0.03125 0.000194084
0.046875 0.0026398

0.046875 0.00263125
0.0625 0.00507123

0.0625 0.00507178
0.078125 0.00750421

-1 -0.151086
-0.984375 -0.148905

1.625 0.22899
1.64062 0.230954

1.64062 0.230954
1.65625 0.232896

1.65625 0.23289
1.66834 0.234375

1.66812 0.234375
1.67188 0.234836

0.078125 0.00750457
0.09375 0.00992763

-0.984375 -0.148905
-0.96875 -0.146735

1.67188 0.234815
1.6875 0.236711

0.09375 0.00992803
0.109375 0.0123402

1.6875 0.236711
1.70312 0.238584

-0.96875 -0.146736
-0.953125 -0.144576

1.70312 0.238583
1.71875 0.240434

0.109375 0.0123401
0.125 0.0147408

-0.953125 -0.144577
-0.9375 -0.142423

1.71875 0.240433
1.73438 0.242263

-0.9375 -0.142448
-0.92427 -0.140625

-0.925198 -0.140625
-0.921875 -0.140167

-0.921875 -0.140272
-0.90625 -0.138117

-0.90625 -0.138117
-0.890625 -0.135955

-0.890625 -0.135956
-0.875 -0.133786

-0.875 -0.133786
-0.859375 -0.13161

-0.859375 -0.13161
-0.84375 -0.129428

0.125 0.0146399
0.131444 0.015625

0.130378 0.015625
0.140625 0.0171915

0.140625 0.0171294
0.15625 0.019506

1.73438 0.242262
1.75 0.244072

0.15625 0.0195056
0.171875 0.0218718

0.171875 0.0218711
0.1875 0.0242291

-0.84375 -0.129428
-0.828125 -0.127242

-2.6875 -0.271194
-2.67188 -0.274953

0.1875 0.0242284
0.203125 0.0265811

0.203125 0.0265804
0.21875 0.0289304

0.21875 0.0289298
0.234178 0.03125

1.75 0.244072
1.76562 0.245863

0.234375 0.0311667
0.234928 0.03125

1.76562 0.245863
1.78125 0.247637

-0.828125 -0.127242
-0.8125 -0.125051

1.78125 0.247637
1.79688 0.249395

0.234124 0.03125
0.234375 0.0312877

-2.67188 -0.274952
-2.65625 -0.278389

0.234375 0.0312804
0.25 0.0336327

-2.64062 -0.282436
-2.64652 -0.28125

1.79688 0.24939
1.80235 0.25

0.25 0.0336307
0.265625 0.0359879

0.265625 0.0359873
0.28125 0.0383517

0.28125 0.0383512
0.296875 0.0407248

-0.8125 -0.125056
-0.812101 -0.125

-2.64062 -0.281513
-2.625 -0.28439

-2.65625 -0.278153
-2.64084 -0.28125

-2.625 -0.284379
-2.60938 -0.287022

-2.60938 -0.287019
-2.59375 -0.289455

-0.812139 -0.125
-0.796875 -0.122853

1.80228 0.25
1.8125 0.251139

-0.796875 -0.122853
-0.78125 -0.120647

1.8125 0.251136
1.82812 0.252862

0.296875 0.0407248
0.3125 0.0431084

0.3125 0.0431087
0.328125 0.0455019

0.328125 0.0454256
0.337556 0.046875

1.82812 0.252862
1.84375 0.254571

1.84375 0.254571
1.85938 0.256264

1.85938 0.256264
1.875 0.257939

-2.59375 -0.289452
-2.57812 -0.291691

-0.78125 -0.120648
-0.765625 -0.118431

-2.57812 -0.291689
-2.5625 -0.293742

-2.54688 -0.29692
-2.54725 -0.296875

-2.5625 -0.29374
-2.54688 -0.295612

-2.53125 -0.297685
-2.53867 -0.296875

-2.54688 -0.295437
-2.5337 -0.296875

1.875 0.25794
1.89062 0.259596

-2.53125 -0.297314
-2.51562 -0.298858

0.336403 0.046875
0.34375 0.0480042

-2.51562 -0.298854
-2.5 -0.300243

0.34375 0.0479044
0.359375 0.0503113

-0.765625 -0.118431
-0.75 -0.116202

1.89062 0.259596
1.90625 0.261232

1.90625 0.261232
1.92188 0.262844

1.92188 0.262845
1.9375 0.26443

0.359375 0.0503119
0.375 0.052722

1.9375 0.264432
1.94948 0.265625

-0.75 -0.116202
-0.734375 -0.11396

-0.734375 -0.11396
-0.71875 -0.111705

0.375 0.0527227
0.390625 0.0551332

0.390625 0.055134
0.40625 0.0575421

1.94953 0.265625
1.95312 0.265983

1.95312 0.265987
1.96875 0.267513

0.40625 0.0575429
0.421875 0.0599456

1.96875 0.267513
1.98438 0.269005

-2.5 -0.300242
-2.48438 -0.301483

-0.71875 -0.111705
-0.703125 -0.109439

0.421875 0.0599462
0.4375 0.0623405

-0.703125 -0.109442
-0.702665 -0.109375

0.4375 0.0623306
0.43861 0.0625

-0.70269 -0.109375
-0.6875 -0.107163

-2.48438 -0.301482
-2.46875 -0.302581

1.98438 0.269005
2 0.270462

-0.6875 -0.107163
-0.671875 -0.10488

-0.671875 -0.10488
-0.65625 -0.102593

-2.46875 -0.30258
-2.45312 -0.303541

-2.45312 -0.30354
-2.4375 -0.304365

0.438536 0.0625
0.453125 0.0647256

0.453125 0.0647252
0.46875 0.0670962

-2.4375 -0.304364
-2.42188 -0.305056

0.46875 0.0670963
0.484375 0.0694539

-0.65625 -0.102592
-0.640625 -0.100302

-2.42188 -0.305055
-2.40625 -0.305617

-2.40625 -0.305616
-2.39062 -0.306051

0.484375 0.0694539
0.5 0.071798

-0.640625 -0.100301
-0.625 -0.0980091

-2.39062 -0.306051
-2.375 -0.30636

-0.625 -0.0980087
-0.609375 -0.0957159

-0.609375 -0.0957616
-0.595665 -0.09375

-2.375 -0.306361
-2.35938 -0.306545

-2.35938 -0.306545
-2.34375 -0.306605

-2.34375 -0.306605
-2.32812 -0.306541

-2.32812 -0.30654
-2.3125 -0.306356

-2.3125 -0.306355
-2.29688 -0.306054

-2.29688 -0.306053
-2.28125 -0.305637

0.5 0.0717979
0.515625 0.0741289

-2.28125 -0.305637
-2.26562 -0.30511

0.515625 0.0741289
0.53125 0.0764471

-0.597414 -0.09375
-0.59375 -0.0932124

0.53125 0.0764064
0.542895 0.078125

-2.26562 -0.305109
-2.25 -0.304473

0.541934 0.078125
0.546875 0.0788542

0.546875 0.0787528
0.5625 0.0810474

0.5625 0.0810469
0.578125 0.0833314

0.578125 0.0833309
0.59375 0.0856075

-2.25 -0.304472
-2.23438 -0.303732

-0.59375 -0.093423
-0.578125 -0.0911314

-2.23438 -0.303731
-2.21875 -0.302892

-0.578125 -0.0911315
-0.5625 -0.0888412

-2.21875 -0.30289
-2.20312 -0.301957

-2.20312 -0.301956
-2.1875 -0.300934

0.59375 0.085607
0.609375 0.0878778

0.609375 0.0878776
0.625 0.0901439

-0.5625 -0.0888414
-0.546875 -0.0865517

0.625 0.0901438
0.640625 0.0924061

0.640625 0.0923714
0.650162 0.09375

-0.546875 -0.086552
-0.53125 -0.0842622

-0.53125 -0.0842624
-0.515625 -0.0819714

-0.515625 -0.0819716
-0.5 -0.0796788

0.649576 0.09375
0.65625 0.0947148

0.65625 0.0946647
0.671875 0.0969202

-2.1875 -0.300933
-2.17188 -0.299829

-2.17188 -0.299827
-2.15625 -0.298647

-2.15625 -0.298645
-2.14062 -0.297397

-2.14062 -0.297376
-2.13466 -0.296875

-2.13425 -0.296875
-2.125 -0.296099

0.671875 0.0969198
0.6875 0.0991732

0.6875 0.0991727
0.703125 0.101426

0.703125 0.101425
0.71875 0.10368

0.71875 0.10368
0.734375 0.105938

0.734375 0.105938
0.75 0.108198

-2.125 -0.296083
-2.10938 -0.294716

-2.10938 -0.294714
-2.09375 -0.293298

-2.09375 -0.293296
-2.07812 -0.291836

-2.07812 -0.291835
-2.0625 -0.290336

-2.0625 -0.290335
-2.04688 -0.288803

-2.04688 -0.288802
-2.03125 -0.287239

-2.03125 -0.287239
-2.01562 -0.285649

-2.01562 -0.285649
-2 -0.284036

0.75 0.108176
0.758277 0.109375

0.75796 0.109375
0.765625 0.110485

0.765625 0.110462
0.78125 0.112727

0.78125 0.112727
0.796875 0.114995

-0.5 -0.0797499
-0.488939 -0.078125

-0.490371 -0.078125
-0.484375 -0.0772442

-0.484375 -0.0773835
-0.46875 -0.0750859

0.796875 0.114995
0.8125 0.117267

0.8125 0.117267
0.828125 0.119543

-0.46875 -0.075086
-0.453125 -0.0727858

-0.453125 -0.0727859
-0.4375 -0.0704829

0.828125 0.119543
0.84375 0.121823

-0.4375 -0.070483
-0.421875 -0.0681772

-0.421875 -0.0681769
-0.40625 -0.0658688

0.84375 0.121823
0.859375 0.124106

0.859375 0.124091
0.865591 0.125

-0.40625 -0.0658685
-0.390625 -0.063559

2 0.270463
2.01562 0.271884

-0.390625 -0.0636155
-0.383077 -0.0625

-0.383793 -0.0625
-0.375 -0.0612005

2.01562 0.271884
2.03125 0.27327

2.03125 0.27327
2.04688 0.27462

2.04688 0.27462
2.0625 0.275933

2.0625 0.275933
2.07812 0.27721

2.07812 0.27721
2.09375 0.27845

-2 -0.284035
-1.98438 -0.282401

0.865421 0.125
0.875 0.1264

-1.98438 -0.282397
-1.97354 -0.28125

-1.97342 -0.28125
-1.96875 -0.280756

0.875 0.126391
0.890625 0.128674

-0.375 -0.0612493
-0.359375 -0.0589419

-1.96875 -0.280747
-1.95312 -0.279076

-0.359375 -0.0589419
-0.34375 -0.0566362

-1.95312 -0.279076
-1.9375 -0.27739

-0.34375 -0.0566363
-0.328125 -0.054332

2.09375 0.27845
2.10938 0.279653

2.10938 0.279653
2.125 0.280819

-1.9375 -0.27739
-1.92188 -0.27569

-0.328125 -0.0543322
-0.3125 -0.0520286

2.125 0.280825
2.1309 0.28125

-0.3125 -0.0520288
-0.296875 -0.049725

0.890625 0.128675
0.90625 0.130955

-0.296875 -0.0497254
-0.28125 -0.0474203

-1.92188 -0.27569
-1.90625 -0.273977

2.13103 0.28125
2.14062 0.281941

2.14062 0.281945
2.15625 0.283031

2.15625 0.283032
2.17188 0.284077

-1.90625 -0.273977
-1.89062 -0.272249

-1.89062 -0.272249
-1.875 -0.270509

0.90625 0.130955
0.921875 0.13323

-1.875 -0.270509
-1.85938 -0.268755

0.921875 0.13323
0.9375 0.1355

-0.28125 -0.0475278
-0.276828 -0.046875

0.9375 0.1355
0.953125 0.137764

2.17188 0.284077
2.1875 0.285079

-1.85938 -0.268754
-1.84375 -0.266988

-1.84375 -0.266987
-1.83177 -0.265625

0.953125 0.137764
0.96875 0.140023

-1.83174 -0.265625
-1.82812 -0.265214

0.96875 0.14001
0.973016 0.140625

2.1875 0.285079
2.20312 0.286035

-1.82812 -0.265211
-1.8125 -0.263423

2.20312 0.286036
2.21875 0.286942

-1.8125 -0.263423
-1.79688 -0.261624

0.972898 0.140625
0.984375 0.14228

-0.277804 -0.046875
-0.265625 -0.0450771

2.21875 0.286943
2.23438 0.287798

-0.265625 -0.0451139
-0.25 -0.0428053

2.23438 0.287799
2.25 0.2886

0.984375 0.142275
1 0.144523

-1.79688 -0.261625
-1.78125 -0.259816

-1.78125 -0.259816
-1.76562 -0.257998

-1.76562 -0.257998
-1.75 -0.256168

-0.25 -0.0428057
-0.234375 -0.0404934

-0.234375 -0.0404937
-0.21875 -0.0381764

-0.21875 -0.0381768
-0.203125 -0.0358529

-0.203125 -0.035853
-0.1875 -0.0335214

2.25 0.288601
2.26562 0.289342

2.26562 0.289343
2.28125 0.290022

-1.75 -0.256168
-1.73438 -0.254327

-1.73438 -0.254327
-1.71875 -0.252473

-0.1875 -0.0335221
-0.172327 -0.03125

-1.71875 -0.252474
-1.70312 -0.250607

-0.171875 -0.0315082
-0.170158 -0.03125

-0.172456 -0.03125
-0.171875 -0.0311629

-0.171875 -0.0311679
-0.15625 -0.0288187

-1.70312 -0.250683
-1.69745 -0.25

-0.15625 -0.0288331
-0.140625 -0.0264733

-0.140625 -0.0264735
-0.125 -0.0241019

-1.69839 -0.25
-1.6875 -0.24869

-1.6875 -0.248728
-1.67188 -0.246833

-1.67188 -0.246833
-1.65625 -0.244921

-1.65625 -0.244922
-1.64062 -0.24299

-1.64062 -0.242991
-1.625 -0.241038

2.28125 0.290023
2.29688 0.290634

-1.625 -0.241038
-1.60938 -0.239062

2.29688 0.290635
2.3125 0.291175

2.3125 0.291176
2.32812 0.291639

2.32812 0.29164
2.34375 0.292023

2.34375 0.292024
2.35938 0.292324

1 0.144523
1.01562 0.146767

2.35938 0.292325
2.375 0.292539

1.01562 0.146767
1.03125 0.149006

-0.125 -0.0241022
-0.109375 -0.0217179

-1.60938 -0.239062
-1.59375 -0.23706

-1.59375 -0.237061
-1.57812 -0.235032

1.03125 0.149007
1.04688 0.151242

1.04688 0.151242
1.0625 0.153471

-0.109375 -0.0217178
-0.09375 -0.0193203

-1.57812 -0.235185
-1.57197 -0.234375

-0.09375 -0.0193202
-0.078125 -0.0169099

-1.57372 -0.234375
-1.5625 -0.232899

1.0625 0.153471
1.07812 0.155691

2.375 0.29254
2.39062 0.292664

-0.078125 -0.0169921
-0.069305 -0.015625

2.39062 0.292665
2.40625 0.292697

-0.0704373 -0.015625
-0.0625 -0.0143947

-0.0625 -0.014487
-0.046875 -0.0120554

-1.5625 -0.232977
-1.54688 -0.230893

-0.046875 -0.0120551
-0.03125 -0.00961526

-1.54688 -0.230893
-1.53125 -0.22878

-0.03125 -0.00961473
-0.015625 -0.00716853

1.07812 0.155683
1.08213 0.15625

-0.015625 -0.00716787
0 -0.00471767

1.08206 0.15625
1.09375 0.157903

-1.53125 -0.22878
-1.51562 -0.226638

-1.51562 -0.226637
-1.5 -0.224466

1.09375 0.157901
1.10938 0.160098

1.10938 0.160098
1.125 0.16228

2.40625 0.292698
2.42188 0.292633

2.42188 0.292634
2.4375 0.292469

2.4375 0.29247
2.45312 0.2922

2.45312 0.292201
2.46875 0.291821

1.125 0.16228
1.14062 0.164447

1.14062 0.164447
1.15625 0.166599

1.15625 0.166598
1.17188 0.168736

1.17188 0.168736
1.1875 0.170862

1.1875 0.170843
1.19512 0.171875

1.19486 0.171875
1.20312 0.172995

1.20312 0.172977
1.21875 0.175087

1.21875 0.175086
1.23438 0.177191

2.46875 0.291823
2.48438 0.291327

-1.5 -0.224466
-1.48438 -0.222268

1.23438 0.177191
1.25 0.179293

2.48438 0.291329
2.5 0.290709

-1.48438 -0.222267
-1.46875 -0.220044

-1.46875 -0.220067
-1.45959 -0.21875

-1.45998 -0.21875
-1.45312 -0.217765

-1.45312 -0.217797
-1.4375 -0.215528

1.25 0.179293
1.26562 0.181393

1.26562 0.181393
1.28125 0.183491

1.28125 0.183491
1.29688 0.185586

1.29688 0.185582
1.31121 0.1875

1.31089 0.1875
1.3125 0.187716

1.3125 0.187677
1.32812 0.189765

1.32812 0.189764
1.34375 0.191847

-1.4375 -0.215528
-1.42188 -0.213239

-1.42188 -0.213239
-1.40625 -0.210931

1.34375 0.191847
1.35938 0.193927

1.35938 0.193927
1.375 0.196006

-1.40625 -0.210931
-1.39062 -0.208606

1.375 0.196006
1.39062 0.198086

1.39062 0.198086
1.40625 0.200168

1.40625 0.200168
1.42188 0.202251

1.42188 0.20224
1.42851 0.203125

1.42837 0.203125
1.4375 0.204344

1.4375 0.204336
1.45312 0.206422

-1.39062 -0.208605
-1.375 -0.206266

1.45312 0.206422
1.46875 0.208508

-1.375 -0.206265
-1.35938 -0.203915

2.5 0.290711
2.51562 0.289961

-1.35938 -0.203962
-1.35383 -0.203125

1.46875 0.208508
1.48438 0.210593

-1.35431 -0.203125
-1.34375 -0.201531

2.51562 0.289963
2.53125 0.289075

1.48438 0.210594
1.5 0.212677

2.53125 0.289077
2.54688 0.28804

2.54688 0.288042
2.5625 0.286848

-1.34375 -0.201556
-1.32812 -0.199192

2.5625 0.286851
2.57812 0.28549

2.57812 0.285492
2.59375 0.283954

-1.32812 -0.199191
-1.3125 -0.196824

2.625 0.280189
2.61635 0.28125

2.59375 0.283957
2.60938 0.282234

2.60938 0.282358
2.61841 0.28125

-1.3125 -0.196823
-1.29688 -0.194455

2.625 0.280311
2.64062 0.278192

2.64062 0.278205
2.65625 0.275873

-1.29688 -0.194454
-1.28125 -0.192086

-1.28125 -0.192085
-1.26562 -0.189721

-1.26562 -0.18972
-1.25091 -0.1875

2.625 0.281463
2.62657 0.28125

2.65625 0.275876
2.67188 0.273321

2.67188 0.273323
2.6875 0.270534

-1.25095 -0.1875
-1.25 -0.187357

2.6875 0.270538
2.70312 0.267502

2.71875 0.263335
2.70789 0.265625

2.70312 0.268226
2.71546 0.265625

2.71875 0.26385
2.73438 0.260283

2.71875 0.267233
2.72579 0.265625

-1.25 -0.187362
-1.23438 -0.185013

-1.23438 -0.185012
-1.21875 -0.182674

-1.21875 -0.182674
-1.20312 -0.180347

2.73438 0.260649
2.75 0.256793

-1.20312 -0.180347
-1.1875 -0.178032

-1.1875 -0.178032
-1.17188 -0.175727

-1.17188 -0.175727
-1.15625 -0.173434

-1.15625 -0.173446
-1.14549 -0.171875

-1.14575 -0.171875
-1.14062 -0.171126

2.78125 0.24668
2.76971 0.25

2.78125 0.247714
2.79688 0.242871

-1.14062 -0.171152
-1.125 -0.16888

2.79688 0.243314
2.8125 0.238096

2.82812 0.230821
2.81825 0.234375

2.8125 0.239164
2.82581 0.234375

2.82812 0.231934
2.84375 0.22588

2.82812 0.236944
2.83485 0.234375

-1.125 -0.16888
-1.10938 -0.166619

-1.10938 -0.166619
-1.09375 -0.164369

-1.09375 -0.164368
-1.07812 -0.16213

2.85938 0.217242
2.85574 0.21875

2.85938 0.217761
2.875 0.210735

2.84375 0.226619
2.85938 0.220098

2.85938 0.224271
2.87165 0.21875

-1.07812 -0.162131
-1.0625 -0.159904

2.9375 0.178831
2.92334 0.1875

2.875 0.21292
2.89062 0.205345

2.90625 0.196323
2.89325 0.203125

2.89062 0.207112
2.89825 0.203125

-1.0625 -0.159905
-1.04688 -0.157687

-1.04688 -0.157718
-1.03649 -0.15625

-1.0371 -0.15625
-1.03125 -0.155423

-1.03125 -0.155479
-1.01562 -0.153278

-1.01562 -0.153278
-1 -0.151087

2.90625 0.197198
2.92188 0.188364

2.92188 0.188222
2.92306 0.1875

2.95312 0.17035
2.95084 0.171875

2.9375 0.178136
2.94689 0.171875

2.95312 0.168423
2.96875 0.157104

3 0.131527
2.97031 0.15625

2.96875 0.157094
2.96985 0.15625

2.75 0.256799
2.76562 0.252633

2.76562 0.253813
2.77888 0.25

2.78125 0.252053
2.78787 0.25

3.03125 0.101897
3.0057 0.125

3.0625 0.0748631
3.03958 0.09375

3.03125 0.101743
3.04038 0.09375

3.125 0.0375093
3.08001 0.0625

3.0625 0.0731286
3.08155 0.0625

3 0.130751
3.00664 0.125

3.125 0.0397657
3.25 0.0100589

3.25 0.0256448
3.49824 0

4 -0.0118341
3.67007 0

3.5 0.00317537
3.58853 0

