-4 -0.002201
-3.88229 0

-3.78812 0
-3.5 0.00538736

-3.5 -0.000861278
-3.48661 0

-3.44283 0
-3.25 0.0124076

-3.25 0.0177985
-3.125 0.0355011

-3.125 0.0509119
-3.0625 0.05315

-3.0625 0.0520517
-3.03125 0.0386362

-3 0.0119156
-3.02414 0.03125

-3.03125 0.0406432
-3.0181 0.03125

-2.98438 -0.00368696
-2.98803 0

-2.96875 -0.0196438
-2.97311 -0.015625

-2.98438 -0.00537676
-2.97365 -0.015625

-2.95312 -0.0334491
-2.95573 -0.03125

-2.95312 -0.0333593
-2.9375 -0.0459444

-2.96875 -0.0198385
-2.95553 -0.03125

-2.90625 -0.0684732
-2.91486 -0.0625

-2.89062 -0.0785325
-2.89129 -0.078125

-2.90625 -0.0684454
-2.89127 -0.078125

-2.89062 -0.0785293
-2.875 -0.0879331

-2.92188 -0.0576193
-2.93623 -0.046875

-2.9375 -0.045982
-2.93633 -0.046875

-2.92188 -0.0575993
-2.91482 -0.0625

1.5 0.210932
1.51562 0.211711

-2.79688 -0.126562
-2.80049 -0.125

1.51562 0.211711
1.53125 0.212485

1.53125 0.212485
1.54688 0.213253

1.54688 0.213253
1.5625 0.214016

1.5625 0.214016
1.57812 0.214773

-2.79688 -0.126501
-2.78125 -0.132802

-2.78125 -0.132791
-2.76562 -0.138679

-2.75 -0.144243
-2.76028 -0.140625

-2.76562 -0.138562
-2.75976 -0.140625

-2.85938 -0.0967165
-2.86466 -0.09375

-2.85938 -0.0966749
-2.84375 -0.104888

1.57812 0.214773
1.59375 0.215523

1.59375 0.215523
1.60938 0.216264

-2.875 -0.0878993
-2.86458 -0.09375

-2.82812 -0.112632
-2.83474 -0.109375

-2.84375 -0.104839
-2.83454 -0.109375

1.60938 0.216265
1.625 0.216996

1.625 0.216996
1.64062 0.217716

-2.82812 -0.112565
-2.8125 -0.119769

-2.8125 -0.119747
-2.80033 -0.125

1.64062 0.217716
1.65625 0.218422

1.65625 0.218423
1.66365 0.21875

1.66366 0.21875
1.67188 0.219114

1.67188 0.219114
1.6875 0.219791

1.6875 0.219791
1.70312 0.220454

1.70312 0.220454
1.71875 0.221103

1.71875 0.221103
1.73438 0.22174

1.73438 0.22174
1.75 0.222363

-2.75 -0.144166
-2.73438 -0.149296

-2.73438 -0.14929
-2.71875 -0.154086

-2.70312 -0.158644
-2.71147 -0.15625

-2.70312 -0.158557
-2.6875 -0.162738

-2.71875 -0.153999
-2.7109 -0.15625

-2.6875 -0.162731
-2.67188 -0.166639

-2.67188 -0.166635
-2.65625 -0.17029

1.75 0.222362
1.76562 0.222973

1.76562 0.222972
1.78125 0.223571

1.78125 0.223571
1.79688 0.224158

1.79688 0.224158
1.8125 0.224735

1.8125 0.224735
1.82812 0.225303

1.82812 0.225303
1.84375 0.225863

-2.64062 -0.173761
-2.64926 -0.171875

0 -0.0820991
0.00686979 -0.078125

-1 -0.18676
-0.984375 -0.184161

-0.984375 -0.18416
-0.96875 -0.181377

-0.96875 -0.181372
-0.953125 -0.178417

-0.953125 -0.178411
-0.9375 -0.175307

0.00673503 -0.078125
0.015625 -0.0729822

0.015625 -0.0729828
0.03125 -0.0638603

0.03125 -0.0639313
0.0337146 -0.0625

0.033535 -0.0625
0.046875 -0.0547174

0.046875 -0.0547145
0.060419 -0.046875

0.060382 -0.046875
0.0625 -0.0456567

0.0625 -0.0456606
0.078125 -0.0367449

0.078125 -0.0367588
0.0879359 -0.03125

0.087872 -0.03125
0.09375 -0.0279496

0.09375 -0.0279493
0.109375 -0.0193628

0.109375 -0.0193876
0.116399 -0.015625

0.116342 -0.015625
0.125 -0.0109868

0.125 -0.0109837
0.140625 -0.00284628

0.140625 -0.00287752
0.146313 0

0.146268 0
0.15625 0.00504983

0.15625 0.00505601
0.171875 0.012733

0.171875 0.0127137
0.177989 0.015625

0.177957 0.015625
0.1875 0.0201694

0.1875 0.0201755
0.203125 0.0273749

0.203125 0.027355
0.21187 0.03125

0.211832 0.03125
0.21875 0.0343314

0.21875 0.0343276
0.234375 0.0410598

0.234375 0.0410588
0.248368 0.046875

0.248353 0.046875
0.25 0.0475595

-2.65625 -0.170221
-2.64868 -0.171875

0.25 0.047553
0.265625 0.0538127

0.265625 0.0538135
0.28125 0.0598386

1.84375 0.225863
1.85938 0.226417

-2.64062 -0.173695
-2.625 -0.176883

1.85938 0.226417
1.875 0.226966

-0.9375 -0.1753
-0.921875 -0.172074

-0.921875 -0.172085
-0.920884 -0.171875

-0.920981 -0.171875
-0.90625 -0.16875

-2.5625 -0.187847
-2.56466 -0.1875

-0.90625 -0.168744
-0.890625 -0.165373

0.28125 0.059815
0.288485 0.0625

0.288392 0.0625
0.296875 0.0656482

0.296875 0.0656344
0.3125 0.0712137

-2.625 -0.176877
-2.60938 -0.179867

0.3125 0.0712109
0.328125 0.0765721

-0.890625 -0.165363
-0.875 -0.16197

-2.60938 -0.179862
-2.59375 -0.182675

-2.59375 -0.18267
-2.57812 -0.185326

-2.57812 -0.185323
-2.56459 -0.1875

-2.5625 -0.187838
-2.54688 -0.190212

-2.54688 -0.190206
-2.53125 -0.192454

-2.53125 -0.192452
-2.51562 -0.194591

-2.51562 -0.194587
-2.5 -0.196626

1.875 0.226966
1.89062 0.227511

1.89062 0.227511
1.90625 0.228052

1.90625 0.228052
1.92188 0.228589

1.92188 0.228589
1.9375 0.229124

1.9375 0.229124
1.95312 0.229655

1.95312 0.229656
1.96875 0.230183

1.96875 0.230183
1.98438 0.230706

1.98438 0.230706
2 0.231223

-0.875 -0.161961
-0.859375 -0.158582

-3 0.0105725
-2.98918 0

0.328125 0.0765419
0.332928 0.078125

0.332799 0.078125
0.34375 0.0817343

-0.859375 -0.158577
-0.848465 -0.15625

-2.5 -0.196623
-2.48438 -0.198575

-0.848493 -0.15625
-0.84375 -0.155238

-0.84375 -0.155235
-0.828125 -0.151975

-0.828125 -0.151969
-0.8125 -0.14881

-0.8125 -0.148808
-0.796875 -0.145764

-0.796875 -0.145765
-0.78125 -0.142838

0.34375 0.081721
0.359375 0.0866604

0.359375 0.0866582
0.375 0.0913924

-0.78125 -0.142839
-0.768956 -0.140625

-0.768924 -0.140625
-0.765625 -0.140031

-0.765625 -0.140026
-0.75 -0.137323

-2.48438 -0.198572
-2.46875 -0.200449

-2.46875 -0.200447
-2.45312 -0.20226

-2.4375 -0.204018
-2.44546 -0.203125

-2.45312 -0.202257
-2.4454 -0.203125

-0.75 -0.137321
-0.734375 -0.134735

-0.734375 -0.134732
-0.71875 -0.132275

0.375 0.0913748
0.383182 0.09375

-0.71875 -0.132269
-0.703125 -0.129959

-2.4375 -0.204009
-2.42188 -0.205717

-0.703125 -0.129954
-0.6875 -0.127813

2 0.231224
2.01562 0.231735

-0.6875 -0.127808
-0.671875 -0.125857

2.01562 0.231735
2.03125 0.232238

2.03125 0.232239
2.04688 0.232731

-2.42188 -0.205717
-2.40625 -0.207392

2.04688 0.232732
2.0625 0.233212

2.0625 0.233213
2.07812 0.233679

-2.40625 -0.207393
-2.39062 -0.209036

0.383064 0.09375
0.390625 0.0959449

0.390625 0.0959245
0.40625 0.100269

0.40625 0.100268
0.421875 0.104427

0.421875 0.104425
0.4375 0.108402

0.4375 0.108353
0.4417 0.109375

0.441429 0.109375
0.453125 0.112221

0.453125 0.112201
0.46875 0.115832

0.46875 0.115829
0.484375 0.119303

0.484375 0.119301
0.5 0.122629

0.5 0.122625
0.511659 0.125

0.511545 0.125
0.515625 0.125831

0.515625 0.125809
0.53125 0.128852

0.53125 0.12885
0.546875 0.131764

0.546875 0.131762
0.5625 0.134554

0.5625 0.134553
0.578125 0.137232

0.578125 0.137229
0.59375 0.139801

0.59375 0.139762
0.599206 0.140625

0.598825 0.140625
0.609375 0.142294

0.609375 0.142273
0.625 0.144647

0.625 0.144645
0.640625 0.146927

0.640625 0.146925
0.65625 0.149121

0.65625 0.149119
0.671875 0.151236

0.671875 0.151236
0.6875 0.153275

0.6875 0.153275
0.703125 0.155239

0.703125 0.155218
0.711657 0.15625

0.711278 0.15625
0.71875 0.157154

0.71875 0.157128
0.734375 0.158948

0.734375 0.158946
0.75 0.160703

0.75 0.160703
0.765625 0.162403

0.765625 0.162403
0.78125 0.164047

2.07812 0.23368
2.09375 0.23413

-2.39062 -0.209037
-2.375 -0.210641

2.09375 0.234131
2.1026 0.234375

0.78125 0.164045
0.796875 0.165635

-2.375 -0.210643
-2.35938 -0.212202

-2.35938 -0.212201
-2.34375 -0.213712

0.796875 0.165634
0.8125 0.167176

0.8125 0.167175
0.828125 0.168674

0.828125 0.168674
0.84375 0.170132

0.84375 0.170131
0.859375 0.17155

0.859375 0.171417
0.864565 0.171875

0.862504 0.171875
0.875 0.172979

0.875 0.172929
0.890625 0.174272

0.890625 0.174272
0.90625 0.175581

0.90625 0.175581
0.921875 0.176856

0.921875 0.176857
0.9375 0.178097

0.9375 0.178097
0.953125 0.179303

0.953125 0.179303
0.96875 0.180476

0.96875 0.180476
0.984375 0.181617

0.984375 0.181617
1 0.182726

1 0.182726
1.01562 0.183802

1.01562 0.183802
1.03125 0.184847

1.03125 0.184846
1.04688 0.185862

1.04688 0.185861
1.0625 0.186851

1.0625 0.186825
1.0734 0.1875

1.0722 0.1875
1.07812 0.187867

-2.34375 -0.213713
-2.32812 -0.215174

1.07812 0.187818
1.09375 0.188767

2.10261 0.234375
2.10938 0.234561

-2.32812 -0.215177
-2.3125 -0.216579

-2.28125 -0.219162
-2.28641 -0.21875

-2.3125 -0.216582
-2.29688 -0.217912

1.09375 0.188766
1.10938 0.189701

2.10938 0.234563
2.125 0.23497

1.10938 0.1897
1.125 0.190621

2.125 0.234971
2.14062 0.235351

2.14062 0.235352
2.15625 0.2357

-2.29688 -0.217913
-2.28639 -0.21875

-2.28125 -0.219161
-2.26562 -0.220325

-2.26562 -0.220325
-2.25 -0.221406

1.125 0.19062
1.14062 0.191532

1.14062 0.191531
1.15625 0.192437

-2.25 -0.221407
-2.23438 -0.222401

1.15625 0.192437
1.17188 0.193337

-0.671875 -0.125858
-0.664184 -0.125

1.17188 0.193338
1.1875 0.194233

2.15625 0.235701
2.17188 0.236013

-0.664257 -0.125
-0.65625 -0.124107

-0.65625 -0.124107
-0.640625 -0.122585

-0.640625 -0.122583
-0.625 -0.121292

1.1875 0.194233
1.20312 0.195122

-0.625 -0.121292
-0.609375 -0.120235

-0.609375 -0.120236
-0.59375 -0.119409

-0.59375 -0.11941
-0.578125 -0.118812

-0.578125 -0.118813
-0.5625 -0.118438

-0.5625 -0.118439
-0.546875 -0.118283

-0.546875 -0.118285
-0.53125 -0.118342

-0.53125 -0.118343
-0.515625 -0.118608

-0.515625 -0.118608
-0.5 -0.119079

1.20312 0.195122
1.21875 0.196004

1.21875 0.196003
1.23438 0.19688

1.23438 0.19688
1.25 0.197752

2.17188 0.236013
2.1875 0.236285

2.1875 0.236285
2.20312 0.236514

2.20312 0.236514
2.21875 0.236698

-2.23438 -0.222404
-2.21875 -0.2233

-2.21875 -0.223303
-2.20312 -0.224085

-2.20312 -0.224085
-2.1875 -0.224746

2.21875 0.236699
2.23438 0.236838

1.25 0.197752
1.26562 0.19862

1.26562 0.19862
1.28125 0.199482

2.23438 0.236839
2.25 0.236931

1.28125 0.199482
1.29688 0.200339

1.29688 0.200339
1.3125 0.20119

1.3125 0.20119
1.32812 0.202034

1.32812 0.202035
1.34375 0.202872

-2.1875 -0.224741
-2.17188 -0.225292

-2.17188 -0.225284
-2.15625 -0.225749

-2.15625 -0.225742
-2.14062 -0.22615

-2.14062 -0.226148
-2.125 -0.226515

-0.40625 -0.12643
-0.418651 -0.125

-0.40625 -0.126445
-0.390625 -0.128469

-0.390625 -0.128485
-0.375 -0.130689

2.25 0.236933
2.26562 0.23697

-0.5 -0.119079
-0.484375 -0.119757

-2.125 -0.226518
-2.10938 -0.226843

1.34375 0.202866
1.34862 0.203125

-0.484375 -0.119756
-0.46875 -0.120643

1.34845 0.203125
1.35938 0.203706

-0.46875 -0.120641
-0.453125 -0.121745

2.26562 0.236973
2.28125 0.236944

-0.453125 -0.121743
-0.4375 -0.123073

2.28125 0.236947
2.29688 0.236839

-0.4375 -0.123072
-0.421875 -0.124636

-0.421875 -0.124671
-0.419019 -0.125

2.29688 0.236841
2.3125 0.236645

2.3125 0.236644
2.32812 0.23636

1.35938 0.203703
1.375 0.204528

-2.10938 -0.226848
-2.09375 -0.227115

-2.09375 -0.22712
-2.07812 -0.227308

-2.07812 -0.227311
-2.0625 -0.227407

-2.0625 -0.227407
-2.04688 -0.227407

2.32812 0.236356
2.34375 0.235993

2.34375 0.235989
2.35938 0.235562

1.375 0.204528
1.39062 0.205347

2.35938 0.235561
2.375 0.235082

-0.375 -0.130712
-0.359375 -0.133019

2.375 0.235084
2.39062 0.234554

-0.359375 -0.133042
-0.34375 -0.13536

-2.04688 -0.227407
-2.03125 -0.227309

-0.34375 -0.13537
-0.328125 -0.137636

1.39062 0.205346
1.40625 0.20616

2.40625 0.233964
2.39539 0.234375

-2.03125 -0.227309
-2.01562 -0.227114

-2.01562 -0.227113
-2 -0.226825

2.39062 0.234561
2.39555 0.234375

2.40625 0.233969
2.42188 0.233303

-0.328125 -0.137636
-0.3125 -0.13983

-0.296875 -0.141946
-0.30652 -0.140625

-0.3125 -0.139848
-0.30683 -0.140625

2.42188 0.233305
2.4375 0.232554

2.4375 0.232555
2.45312 0.231712

1.40625 0.20616
1.42188 0.206967

1.42188 0.206967
1.4375 0.207769

1.4375 0.207769
1.45312 0.208566

1.45312 0.208566
1.46875 0.209359

1.46875 0.209359
1.48438 0.210148

2.45312 0.231713
2.46875 0.230772

1.48438 0.210148
1.5 0.210932

2.46875 0.230775
2.48438 0.229729

2.48438 0.229732
2.5 0.228567

-0.296875 -0.141983
-0.28125 -0.144044

-0.28125 -0.144075
-0.265625 -0.145951

-0.265625 -0.145975
-0.25 -0.147558

-0.25 -0.147581
-0.234375 -0.148778

-0.234375 -0.148804
-0.21875 -0.149517

-0.21875 -0.149539
-0.203125 -0.149674

-0.203125 -0.149694
-0.1875 -0.149167

-0.1875 -0.149187
-0.171875 -0.14792

-0.171875 -0.147938
-0.15625 -0.145855

-0.15625 -0.145865
-0.140625 -0.142913

-0.140625 -0.142923
-0.131179 -0.140625

-2 -0.226821
-1.98438 -0.226448

-1.98438 -0.226443
-1.96875 -0.226001

-1.96875 -0.225995
-1.95312 -0.225508

-1.95312 -0.225503
-1.9375 -0.224992

-1.9375 -0.224989
-1.92188 -0.224468

-1.92188 -0.224468
-1.90625 -0.22394

-1.90625 -0.223942
-1.89062 -0.223405

-1.89062 -0.223406
-1.875 -0.222851

2.5 0.228571
2.51562 0.227272

2.51562 0.227276
2.53125 0.225829

2.53125 0.225833
2.54688 0.224223

2.54688 0.224226
2.5625 0.222439

-1.875 -0.222852
-1.85938 -0.222275

-1.85938 -0.222274
-1.84375 -0.221673

-1.84375 -0.221672
-1.82812 -0.221051

-0.131481 -0.140625
-0.125 -0.139048

-1.82812 -0.22105
-1.8125 -0.220415

2.59375 0.218191
2.5897 0.21875

-0.125 -0.139104
-0.109375 -0.13447

-0.109375 -0.134489
-0.09375 -0.12896

-1.8125 -0.220414
-1.79688 -0.219767

-1.79688 -0.219768
-1.78125 -0.21911

2.5625 0.222439
2.57812 0.220469

-0.09375 -0.128941
-0.0840476 -0.125

-1.78125 -0.219113
-1.77281 -0.21875

-1.77289 -0.21875
-1.76562 -0.218437

-1.76562 -0.21844
-1.75 -0.21775

2.57812 0.220505
2.59085 0.21875

2.59375 0.218314
2.60938 0.215977

-0.0842967 -0.125
-0.078125 -0.122493

-0.078125 -0.122552
-0.0625 -0.115512

2.60938 0.215979
2.625 0.213458

-0.0625 -0.1155
-0.0500498 -0.109375

2.625 0.21346
2.64062 0.210748

2.64062 0.210751
2.65625 0.207835

-0.0501265 -0.109375
-0.046875 -0.107775

-0.046875 -0.107759
-0.03125 -0.0995599

-0.03125 -0.0995587
-0.0206716 -0.09375

-0.02077 -0.09375
-0.015625 -0.0909248

2.65625 0.207838
2.67188 0.204708

2.6875 0.201242
2.67873 0.203125

2.67188 0.204836
2.67984 0.203125

-1.75 -0.217751
-1.73438 -0.21704

2.75 0.185281
2.74207 0.1875

-0.015625 -0.0909284
0 -0.0820706

-1.73438 -0.21704
-1.71875 -0.216308

-1.71875 -0.216308
-1.70312 -0.215555

-1.70312 -0.215554
-1.6875 -0.214781

-1.6875 -0.214779
-1.67188 -0.213989

-1.67188 -0.213986
-1.65625 -0.213186

-1.65625 -0.213182
-1.64062 -0.212388

-1.64062 -0.212384
-1.625 -0.211611

2.6875 0.201356
2.70312 0.197766

2.70312 0.197769
2.71875 0.193937

2.71875 0.193942
2.73438 0.189851

2.73438 0.190036
2.74344 0.1875

-1.625 -0.211608
-1.60938 -0.210871

-1.60938 -0.210869
-1.59375 -0.210177

-1.59375 -0.210177
-1.57812 -0.209533

-1.57812 -0.209534
-1.5625 -0.208937

-1.5625 -0.208938
-1.54688 -0.208387

-1.54688 -0.208387
-1.53125 -0.207881

-1.53125 -0.207881
-1.51562 -0.20742

2.75 0.185489
2.76562 0.180815

2.76562 0.180821
2.78125 0.175828

2.79688 0.170035
2.79149 0.171875

2.78125 0.17602
2.79338 0.171875

-1.51562 -0.20742
-1.5 -0.207003

2.79688 0.170499
2.8125 0.164788

2.84375 0.152007
2.83361 0.15625

2.8125 0.164797
2.82812 0.158692

2.82812 0.158953
2.83459 0.15625

2.84375 0.152171
2.85938 0.14517

2.875 0.137207
2.86789 0.140625

2.85938 0.1455
2.86952 0.140625

2.90625 0.120503
2.89814 0.125

2.90625 0.120995
2.92188 0.111661

2.9375 0.101486
2.92527 0.109375

2.92188 0.112005
2.92609 0.109375

3 0.0522214
2.98841 0.0625

2.95312 0.0899523
2.94766 0.09375

2.95312 0.0907442
2.96875 0.0788895

2.9375 0.101966
2.94926 0.09375

2.98438 0.0660156
2.96976 0.078125

2.96875 0.0785981
2.96934 0.078125

2.98438 0.0650816
2.98734 0.0625

2.875 0.137686
2.89062 0.129626

-1.5 -0.207003
-1.48438 -0.20663

-1.48438 -0.206631
-1.46875 -0.206299

-1.46875 -0.2063
-1.45312 -0.206006

2.89062 0.13006
2.89975 0.125

-1.45312 -0.206007
-1.4375 -0.205749

-1.4375 -0.205749
-1.42188 -0.205523

-1.42188 -0.205524
-1.40625 -0.205328

3.0625 -0.0011216
3.06058 0

3.0625 -0.000246911
3.125 -0.0174196

3.125 -0.00744056
3.25 -0.0121816

-1.40625 -0.205328
-1.39062 -0.205159

-1.39062 -0.205159
-1.375 -0.205016

3.25 -0.000813514
3.5 -0.00169446

-1.375 -0.205016
-1.35938 -0.204897

-1.35938 -0.204898
-1.34375 -0.204801

-1.34375 -0.204802
-1.32812 -0.204726

-1.32812 -0.204727
-1.3125 -0.204667

-1.3125 -0.204668
-1.29688 -0.204618

3.03125 0.0251714
3.02378 0.03125

3 0.0512967
3.0239 0.03125

-1.29688 -0.20462
-1.28125 -0.204571

-1.28125 -0.204574
-1.26562 -0.204515

-1.26562 -0.20452
-1.25 -0.204434

3.03125 0.02396
3.0625 0.00260883

3.0625 0.000691513
3.06502 0

3.125 4.64922e-05
3.12599 0

3.25 6.27981e-05
3.25757 0

-1.25 -0.20444
-1.23438 -0.204308

-1.23438 -0.204314
-1.21875 -0.204112

-1.21875 -0.204118
-1.20312 -0.203825

-1.20312 -0.20383
-1.1875 -0.203424

3.5 -0.00223141
4 -0.00307456

-1.1875 -0.203422
-1.17876 -0.203125

-1.17858 -0.203125
-1.17188 -0.202897

-1.17188 -0.202895
-1.15625 -0.202232

-1.15625 -0.202234
-1.14062 -0.201436

-1.14062 -0.201437
-1.125 -0.200499

-1.125 -0.200501
-1.10938 -0.199417

-1.10938 -0.19942
-1.09375 -0.198178

-1.09375 -0.198182
-1.07812 -0.196769

-1.07812 -0.196772
-1.0625 -0.195174

-1.0625 -0.195176
-1.04688 -0.193381

-1.04688 -0.193382
-1.03125 -0.191381

-1.03125 -0.19138
-1.01562 -0.189173

-1.01562 -0.189187
-1.00468 -0.1875

-1.005 -0.1875
-1 -0.186729

