-4 -0.00433827
-3.83944 0

-3.67978 0
-3.5 0.0048577

1.71875 -0.28711
1.73438 -0.289863

1.73438 -0.289864
1.75 -0.29262

1.5 -0.249425
1.50342 -0.25

-3.45548 0
-3.25 0.0185096

-3.25 0.00364132
-3.125 0.034462

-3.125 0.0312251
-3.07113 0.0625

-3.07266 0.0625
-3.0625 0.0684543

-3.0625 0.0702236
-3.03608 0.09375

-3.03681 0.09375
-3.03125 0.0991284

-3.03125 0.0997458
-3.00497 0.125

1.75 -0.29262
1.76562 -0.295376

1.78125 -0.298146
1.77404 -0.296875

-3.00526 0.125
-3 0.1298

1.76562 -0.295365
1.77419 -0.296875

1.78125 -0.298132
1.79688 -0.300881

1.79688 -0.300882
1.8125 -0.303621

1.875 -0.314408
1.86379 -0.3125

1.8125 -0.303622
1.82812 -0.306348

1.82812 -0.306349
1.84375 -0.309058

1.84375 -0.309059
1.85938 -0.311745

1.85938 -0.311742
1.86383 -0.3125

1.875 -0.314408
1.89062 -0.317036

1.89062 -0.317038
1.90625 -0.31963

1.90625 -0.319631
1.92188 -0.322181

1.92188 -0.322182
1.9375 -0.324684

1.9375 -0.324685
1.95312 -0.327135

1.96875 -0.329528
1.95959 -0.328125

1.95312 -0.327139
1.95956 -0.328125

1.96875 -0.329531
1.98438 -0.331867

1.98438 -0.331867
2 -0.33414

-3 0.131013
-2.97051 0.15625

-2.9701 0.15625
-2.96875 0.157303

-2.96875 0.155894
-2.96826 0.15625

-2.96875 0.157121
-2.95312 0.168484

-2.95312 0.167389
-2.94642 0.171875

-2.94898 0.171875
-2.9375 0.179626

-2.9375 0.178882
-2.92374 0.1875

-2.92509 0.1875
-2.92188 0.189416

-2.92188 0.188779
-2.90625 0.197893

-2.90625 0.197233
-2.89543 0.203125

-2.89837 0.203125
-2.89062 0.207343

-2.89062 0.206373
-2.875 0.214339

-2.875 0.212965
-2.86291 0.21875

-2.86944 0.21875
-2.85938 0.223567

-2.85938 0.221793
-2.84375 0.228829

-2.84375 0.22827
-2.82938 0.234375

-2.8346 0.234375
-2.82812 0.237124

-2.82812 0.234212
-2.82772 0.234375

-2.82812 0.235452
-2.8125 0.241722

-2.8125 0.241708
-2.79688 0.247642

-2.79688 0.246196
-2.7863 0.25

-2.79354 0.25
-2.78125 0.254423

-2.78125 0.253257
-2.76562 0.258585

-2.76562 0.25858
-2.75 0.263639

-2.75 0.262739
-2.74061 0.265625

-2.74579 0.265625
-2.73438 0.269133

-2.73438 0.268433
-2.71875 0.272992

-2.71875 0.272989
-2.70312 0.277324

-2.70312 0.277315
-2.68822 0.28125

-2.68865 0.28125
-2.6875 0.281553

-2.6875 0.28017
-2.6832 0.28125

-2.6875 0.281592
-2.67188 0.285514

-2.67188 0.285361
-2.65625 0.289094

-2.65625 0.289093
-2.64062 0.29265

-2.64062 0.292647
-2.625 0.296034

-2.625 0.295752
-2.61955 0.296875

-2.62148 0.296875
-2.60938 0.299369

-2.60938 0.299252
-2.59375 0.302309

-2.59375 0.302308
-2.57812 0.305213

-2.57812 0.305212
-2.5625 0.307968

-2.5625 0.307968
-2.54688 0.310577

-2.54688 0.310563
-2.53459 0.3125

-2.53498 0.3125
-2.53125 0.313087

-2.53125 0.31304
-2.51562 0.315358

-2.51562 0.315357
-2.5 0.317536

-2.5 0.317536
-2.48438 0.319579

-2.48438 0.319578
-2.46875 0.321488

-2.46875 0.321488
-2.45312 0.323268

-2.45312 0.323267
-2.4375 0.324922

-2.4375 0.324922
-2.42188 0.326454

-2.42188 0.326453
-2.40625 0.327865

-2.40625 0.327783
-2.40212 0.328125

-2.40339 0.328125
-2.39062 0.329183

-2.39062 0.329157
-2.375 0.330337

-2.375 0.330337
-2.35938 0.331407

-2.35938 0.331406
-2.34375 0.332369

-2.34375 0.332369
-2.32812 0.333227

-2.32812 0.333227
-2.3125 0.333982

-2.3125 0.333982
-2.29688 0.334635

-2.29688 0.334635
-2.28125 0.335186

-2.28125 0.335186
-2.26562 0.335636

-2.26562 0.335636
-2.25 0.335985

-2.25 0.335985
-2.23438 0.336231

-2.23438 0.336232
-2.21875 0.336375

-2.21875 0.336375
-2.20312 0.336416

-2.20312 0.336416
-2.1875 0.336353

-2.1875 0.336353
-2.17188 0.336187

-2.17188 0.336187
-2.15625 0.335919

-2.15625 0.335919
-2.14062 0.33555

-2.14062 0.33555
-2.125 0.335081

2 -0.334141
2.01562 -0.33635

2.01562 -0.33635
2.03125 -0.338494

2.03125 -0.338494
2.04688 -0.340574

2.04688 -0.340574
2.0625 -0.342591

-2.125 0.33508
-2.10938 0.334513

-2.10938 0.334512
-2.09375 0.333849

-2.09375 0.333848
-2.07812 0.333091

-2.07812 0.333091
-2.0625 0.332244

2.07812 -0.344484
2.07226 -0.34375

2.07812 -0.344546
2.09375 -0.346439

2.0625 -0.342633
2.07143 -0.34375

2.09375 -0.346439
2.10938 -0.348272

-2.0625 0.332243
-2.04688 0.331308

-2.04688 0.331307
-2.03125 0.330286

-2.03125 0.330286
-2.01562 0.329182

-2 0.328018
-2.00141 0.328125

-2.01562 0.329179
-2.00173 0.328125

2.10938 -0.348272
2.125 -0.350045

2.125 -0.350045
2.14062 -0.35176

2.14062 -0.35176
2.15625 -0.353415

2.15625 -0.353416
2.17188 -0.355011

2.17188 -0.355012
2.1875 -0.356546

2.1875 -0.356547
2.20312 -0.358016

2.21875 -0.359385
2.21864 -0.359375

2.20312 -0.358019
2.21825 -0.359375

2.21875 -0.359419
2.23438 -0.360746

2.23438 -0.360748
2.25 -0.361996

0.03125 -0.00100842
0.0246629 0

2.25 -0.361997
2.26562 -0.363161

2.26562 -0.363162
2.28125 -0.364234

2.28125 -0.364236
2.29688 -0.36521

2.29688 -0.365212
2.3125 -0.366082

-2 0.327996
-1.98438 0.326732

2.3125 -0.366084
2.32812 -0.366845

-1.98438 0.326731
-1.96875 0.32539

-1.96875 0.325389
-1.95312 0.323972

-1.95312 0.323972
-1.9375 0.322482

-1.9375 0.322482
-1.92188 0.320921

-1.92188 0.320921
-1.90625 0.319291

-1.90625 0.319291
-1.89062 0.317592

-1.89062 0.317592
-1.875 0.315825

-1 0.17932
-0.984375 0.177019

0.03125 -0.000975485
0.046875 -0.00335536

0.046875 -0.00335489
0.0625 -0.00572481

0.0625 -0.00572424
0.078125 -0.00808631

0.078125 -0.00808558
0.09375 -0.0104424

0.09375 -0.0104417
0.109375 -0.0127961

0.109375 -0.0127952
0.125 -0.0151502

0.140625 -0.017521
0.128056 -0.015625

0.125 -0.015099
0.128487 -0.015625

0.140625 -0.0175064
0.15625 -0.0198672

0.15625 -0.0198669
0.171875 -0.0222341

0.171875 -0.0222334
0.1875 -0.0246091

0.1875 -0.0246085
0.203125 -0.0269951

0.203125 -0.0269945
0.21875 -0.0293944

0.234375 -0.0318196
0.230689 -0.03125

0.234375 -0.0318086
0.25 -0.0342391

0.21875 -0.0293911
0.230779 -0.03125

-1.84375 0.312078
-1.84721 0.3125

-1.84375 0.312086
-1.82812 0.310115

-1.82812 0.310115
-1.8125 0.308078

-1.875 0.315826
-1.85938 0.31399

-1.85938 0.313992
-1.84713 0.3125

0.25 -0.0342388
0.265625 -0.0366865

-0.984375 0.17702
-0.96875 0.174711

2.32812 -0.366846
2.34375 -0.367493

2.34375 -0.367494
2.35938 -0.368022

2.35938 -0.368023
2.375 -0.368431

-1.8125 0.308078
-1.79688 0.305978

-0.96875 0.174711
-0.953125 0.172389

-0.9375 0.17004
-0.94977 0.171875

-0.953125 0.172434
-0.949387 0.171875

2.375 -0.368431
2.39062 -0.368718

2.39062 -0.368719
2.40625 -0.368881

2.40625 -0.368882
2.42188 -0.368916

2.42188 -0.368918
2.4375 -0.368821

2.4375 -0.368822
2.45312 -0.368588

2.45312 -0.36859
2.46875 -0.368214

2.46875 -0.368216
2.48438 -0.367691

2.48438 -0.367693
2.5 -0.367009

0.265625 -0.0366864
0.28125 -0.0391518

0.28125 -0.0391515
0.296875 -0.0416351

-1.79688 0.305978
-1.78125 0.303816

-1.78125 0.303816
-1.76562 0.301595

-1.76562 0.301594
-1.75 0.299316

2.5 -0.367011
2.51562 -0.366156

2.51562 -0.36616
2.53125 -0.365121

2.53125 -0.365124
2.54688 -0.363889

0.296875 -0.0416349
0.3125 -0.0441377

0.3125 -0.0441373
0.328125 -0.0466607

0.34375 -0.0492111
0.329405 -0.046875

0.328125 -0.0466044
0.329786 -0.046875

0.34375 -0.0492046
0.359375 -0.0517713

0.359375 -0.0517712
0.375 -0.0543615

2.54688 -0.363892
2.5625 -0.36245

-1.75 0.299315
-1.73438 0.296981

-1.71875 0.294595
-1.73369 0.296875

-1.73438 0.296983
-1.73367 0.296875

-1.71875 0.294594
-1.70312 0.292161

-1.70312 0.29216
-1.6875 0.289683

0.4375 -0.0649666
0.42312 -0.0625

0.375 -0.0543614
0.390625 -0.0569757

2.5625 -0.362454
2.57812 -0.360792

2.57812 -0.360869
2.59043 -0.359375

2.58828 -0.359375
2.59375 -0.358711

-0.9375 0.170054
-0.921875 0.1677

2.59375 -0.360007
2.59836 -0.359375

-0.921875 0.1677
-0.90625 0.165326

0.390625 -0.056976
0.40625 -0.0596138

2.59375 -0.358809
2.60938 -0.356665

0.40625 -0.0596142
0.421875 -0.0622743

-1.6875 0.289682
-1.67188 0.287167

2.60938 -0.356765
2.625 -0.354352

-0.90625 0.165327
-0.890625 0.162929

-1.67188 0.287166
-1.65625 0.284616

0.421875 -0.0621725
0.423784 -0.0625

-0.890625 0.16293
-0.875 0.160506

-1.625 0.279391
-1.63613 0.28125

-0.84375 0.155544
-0.848187 0.15625

-0.875 0.160506
-0.859375 0.158052

0.4375 -0.0649554
0.453125 -0.0676542

2.625 -0.354357
2.64062 -0.351653

0.453125 -0.0676545
0.46875 -0.0703708

-0.859375 0.158061
-0.847994 0.15625

2.64062 -0.351656
2.65625 -0.348644

-1.65625 0.284615
-1.64062 0.282032

-1.64062 0.2821
-1.63554 0.28125

-0.84375 0.155566
-0.828125 0.153047

-1.625 0.27942
-1.60938 0.276788

-0.828125 0.153047
-0.8125 0.150495

2.65625 -0.348653
2.67188 -0.345307

2.67188 -0.345933
2.6811 -0.34375

-1.60938 0.276786
-1.59375 0.274137

2.67639 -0.34375
2.6875 -0.34112

-0.8125 0.150495
-0.796875 0.14791

0.46875 -0.0703707
0.484375 -0.0731039

-0.796875 0.14791
-0.78125 0.145294

-1.59375 0.274136
-1.57812 0.271474

2.6875 -0.341622
2.70312 -0.337544

-1.57812 0.271473
-1.5625 0.268802

-0.78125 0.145293
-0.765625 0.142646

0.484375 -0.0731037
0.5 -0.0758545

-0.75 0.13995
-0.753938 0.140625

2.70312 -0.337551
2.71875 -0.333056

2.71875 -0.333072
2.73436 -0.328125

0 0.00382154
0.015625 0.00141582

-0.765625 0.142651
-0.753795 0.140625

-1.5625 0.268802
-1.54688 0.266126

2.73378 -0.328125
2.73438 -0.327935

0.015625 0.00143839
0.0250206 0

2.73438 -0.329173
2.73738 -0.328125

2.73438 -0.328022
2.75 -0.322579

-1.53125 0.263385
-1.54432 0.265625

-0.65625 0.123226
-0.666043 0.125

-0.65625 0.123354
-0.640625 0.120501

-1.54688 0.266351
-1.54264 0.265625

2.75 -0.322697
2.76562 -0.316716

-1.53125 0.263447
-1.51562 0.260771

-0.640625 0.120501
-0.625 0.117628

2.76562 -0.317094
2.77655 -0.3125

-1.51562 0.260771
-1.5 0.258098

2.77421 -0.3125
2.78125 -0.309541

-0.75 0.139969
-0.734375 0.137264

-0.734375 0.137264
-0.71875 0.134533

2.78125 -0.310174
2.79688 -0.302963

2.79688 -0.303171
2.80929 -0.296875

2.80779 -0.296875
2.8125 -0.294488

2.8125 -0.295082
2.82812 -0.286357

-0.71875 0.134533
-0.703125 0.131776

0.515625 -0.0788322
0.511635 -0.078125

2.82812 -0.287034
2.83752 -0.28125

0.5 -0.0757993
0.513121 -0.078125

0.515625 -0.0786239
0.53125 -0.0814127

0.53125 -0.0814125
0.546875 -0.0842206

0.546875 -0.084221
0.5625 -0.0870481

0.5625 -0.0870481
0.578125 -0.0898934

2.83525 -0.28125
2.84375 -0.276018

-0.703125 0.131775
-0.6875 0.128993

2.84375 -0.27681
2.85938 -0.266148

-0.6875 0.128993
-0.671875 0.126185

-1.4375 0.247465
-1.45247 0.25

0.578125 -0.0898937
0.59375 -0.0927567

-1.4375 0.247472
-1.42188 0.244836

-0.671875 0.126357
-0.664382 0.125

-1.42188 0.244835
-1.40625 0.24221

0.609375 -0.0956739
0.598934 -0.09375

2.85938 -0.266494
2.86057 -0.265625

2.86008 -0.265625
2.875 -0.25428

2.875 -0.254189
2.88017 -0.25

-0.625 0.117628
-0.609375 0.114736

2.88019 -0.25
2.89062 -0.241093

-0.609375 0.114736
-0.59375 0.111825

-0.578125 0.108728
-0.581578 0.109375

-1.40625 0.24221
-1.39062 0.239595

-0.59375 0.111863
-0.580477 0.109375

2.89062 -0.241231
2.89798 -0.234375

0.609375 -0.0956374
0.625 -0.0985299

2.89747 -0.234375
2.90625 -0.225675

0.59375 -0.0926876
0.599516 -0.09375

-1.39062 0.239595
-1.375 0.236992

-0.578125 0.108895
-0.5625 0.105951

-1.375 0.236992
-1.35938 0.234402

-1.34375 0.231823
-1.35923 0.234375

-1.35938 0.234471
-1.3588 0.234375

0.625 -0.0985307
0.640625 -0.101433

0.640625 -0.101434
0.65625 -0.104343

0.65625 -0.104344
0.671875 -0.107257

2.90625 -0.226093
2.91311 -0.21875

2.91333 -0.21875
2.92188 -0.208618

2.92188 -0.207362
2.92521 -0.203125

-0.5625 0.105951
-0.546875 0.102994

-0.546875 0.102993
-0.53125 0.100025

-0.53125 0.100025
-0.515625 0.0970461

-1.34375 0.231824
-1.32812 0.229265

-1.32812 0.229264
-1.3125 0.226722

-1.3125 0.226722
-1.29688 0.224197

0.6875 -0.110273
0.682688 -0.109375

-1.29688 0.224197
-1.28125 0.22169

-1.25 0.216723
-1.26282 0.21875

2.92605 -0.203125
2.93747 -0.1875

-1.28125 0.22169
-1.26562 0.219201

-0.515625 0.097046
-0.5 0.0940579

0.671875 -0.107218
0.683433 -0.109375

-1.26562 0.219228
-1.2626 0.21875

2.93741 -0.1875
2.9375 -0.18737

-1.5 0.258098
-1.48438 0.255432

0.6875 -0.110175
0.703125 -0.113091

2.9375 -0.187306
2.94741 -0.171875

-1.48438 0.255431
-1.46875 0.252771

0.703125 -0.113092
0.71875 -0.116006

-1.46875 0.252772
-1.45312 0.250118

-1.45312 0.250222
-1.45181 0.25

0.71875 -0.116006
0.734375 -0.118917

0.734375 -0.118917
0.75 -0.121822

2.94812 -0.171875
2.95312 -0.163203

-1.25 0.21673
-1.23438 0.214282

-1.23438 0.214282
-1.21875 0.211853

-1.21875 0.211853
-1.20312 0.209445

-1.20312 0.209445
-1.1875 0.207056

-1.1875 0.207056
-1.17188 0.204684

-1.15625 0.202322
-1.16158 0.203125

-1.17188 0.204686
-1.16151 0.203125

-1.15625 0.20233
-1.14062 0.199991

-1.14062 0.199992
-1.125 0.197667

0.78125 -0.127613
0.767131 -0.125

-1.125 0.197667
-1.10938 0.195355

0.78125 -0.127612
0.796875 -0.130498

2.95312 -0.158593
2.95448 -0.15625

-0.484375 0.0910198
-0.498611 0.09375

-1.10938 0.195356
-1.09375 0.193055

-0.484375 0.0910609
-0.46875 0.0880566

-1.09375 0.193055
-1.07812 0.190762

-0.5 0.0943136
-0.497061 0.09375

2.95624 -0.15625
2.96462 -0.140625

0.796875 -0.130498
0.8125 -0.133375

-1.07812 0.190763
-1.0625 0.188474

0.8125 -0.133375
0.828125 -0.136242

2.96678 -0.140625
2.96875 -0.136925

0.828125 -0.136242
0.84375 -0.1391

2.96875 -0.127258
2.96999 -0.125

-0.46875 0.0880566
-0.453125 0.0850451

-1.04688 0.186178
-1.05591 0.1875

-0.453125 0.0850451
-0.4375 0.0820265

2.97265 -0.125
2.99017 -0.09375

-0.4375 0.0820264
-0.421875 0.0790008

2.98994 -0.09375
2.9993 -0.078125

-0.40625 0.0758472
-0.417989 0.078125

-0.421875 0.0792675
-0.415987 0.078125

-0.40625 0.0759682
-0.390625 0.0729318

-1.04688 0.186189
-1.03125 0.183902

0.859375 -0.142033
0.851652 -0.140625

0.84375 -0.139026
0.852519 -0.140625

0.859375 -0.141949
0.875 -0.144789

0.75 -0.121823
0.765625 -0.124721

0.765625 -0.124703
0.767228 -0.125

3 -0.0771793
3.00962 -0.0625

0.875 -0.144789
0.890625 -0.147616

3.00857 -0.0625
3.03125 -0.0367624

0.890625 -0.147617
0.90625 -0.150432

0.9375 -0.156339
0.936999 -0.15625

0.90625 -0.150432
0.921875 -0.153234

0.921875 -0.153233
0.9375 -0.15602

0.953125 -0.158799
0.938759 -0.15625

-1.03125 0.183902
-1.01562 0.181613

0.953125 -0.158795
0.96875 -0.161549

-1.01562 0.181613
-1 0.179319

-0.390625 0.0729314
-0.375 0.0698923

3.03039 -0.03125
3.03125 -0.0304434

0.9375 -0.155976
0.939043 -0.15625

-0.328125 0.0606662
-0.337576 0.0625

-0.328125 0.0607795
-0.3125 0.0577584

3.03125 -0.0364146
3.03688 -0.03125

-0.375 0.0698917
-0.359375 0.066852

-1.0625 0.188487
-1.05575 0.1875

0.96875 -0.16155
0.984375 -0.164285

3.03756 -0.03125
3.0625 -0.0116195

0.984375 -0.164285
1 -0.166998

-0.359375 0.0668512
-0.34375 0.0638136

-0.34375 0.0639594
-0.336229 0.0625

-0.3125 0.0577571
-0.296875 0.0547517

-0.296875 0.0547503
-0.28125 0.0517664

-0.28125 0.0517651
-0.265625 0.0488079

3.0625 -0.0105273
3.08663 0

3.25 -0.000654636
3.35557 0

-0.25 0.0458337
-0.255562 0.046875

-0.265625 0.0488316
-0.255174 0.046875

3.08979 0
3.125 0.0150442

3.125 0.0121681
3.25 0.0230712

3.25 0.00410753
3.5 0.00113105

3.5 -0.00194585
4 -0.0038867

-0.25 0.0458805
-0.234375 0.0429915

-0.234375 0.0429911
-0.21875 0.0401411

-0.21875 0.0401412
-0.203125 0.0373309

-0.203125 0.0373313
-0.1875 0.0345596

-0.15625 0.0290978
-0.168703 0.03125

-0.1875 0.0345602
-0.171875 0.0318248

-0.171875 0.0319159
-0.168022 0.03125

-0.15625 0.0291246
-0.140625 0.026459

-0.140625 0.026459
-0.125 0.0238276

-0.125 0.023828
-0.109375 0.02123

-0.109375 0.0212304
-0.09375 0.0186642

-0.09375 0.0186649
-0.078125 0.0161282

-0.0625 0.0135943
-0.0751478 0.015625

-0.078125 0.0162208
-0.0744142 0.015625

-0.0625 0.0136204
-0.046875 0.0111379

-0.046875 0.0111385
-0.03125 0.0086793

-0.03125 0.00868012
-0.015625 0.00624135

-0.015625 0.00624187
0 0.00382084

1 -0.166998
1.01562 -0.169689

1.03125 -0.172437
1.02796 -0.171875

1.01562 -0.16967
1.02854 -0.171875

1.03125 -0.172357
1.04688 -0.175002

1.04688 -0.175001
1.0625 -0.177624

1.125 -0.187997
1.12197 -0.1875

1.0625 -0.177624
1.07812 -0.180228

1.07812 -0.180227
1.09375 -0.182816

1.09375 -0.182816
1.10938 -0.185392

1.10938 -0.185383
1.12226 -0.1875

1.125 -0.187959
1.14062 -0.190517

1.14062 -0.190517
1.15625 -0.193068

1.15625 -0.193067
1.17188 -0.195612

1.17188 -0.195612
1.1875 -0.198153

1.1875 -0.198153
1.20312 -0.200692

1.21875 -0.203242
1.21803 -0.203125

1.20312 -0.200691
1.21811 -0.203125

1.21875 -0.20323
1.23438 -0.205768

1.23438 -0.205768
1.25 -0.208307

1.25 -0.208307
1.26562 -0.210847

1.26562 -0.210846
1.28125 -0.213388

1.28125 -0.213388
1.29688 -0.215932

1.29688 -0.215932
1.3125 -0.218481

1.32812 -0.221063
1.31397 -0.21875

1.32812 -0.221033
1.34375 -0.22359

1.3125 -0.218294
1.31529 -0.21875

1.34375 -0.22359
1.35938 -0.226151

1.35938 -0.226151
1.375 -0.228718

1.375 -0.228718
1.39062 -0.231292

1.39062 -0.231291
1.40625 -0.233873

1.42188 -0.236509
1.409 -0.234375

1.40625 -0.233704
1.4103 -0.234375

1.42188 -0.236462
1.4375 -0.239059

1.4375 -0.239059
1.45312 -0.241663

1.45312 -0.241663
1.46875 -0.244275

1.46875 -0.244275
1.48438 -0.246894

1.48438 -0.246894
1.5 -0.24952

1.51562 -0.252177
1.50271 -0.25

1.51562 -0.252154
1.53125 -0.254792

1.53125 -0.254793
1.54688 -0.257437

1.54688 -0.257437
1.5625 -0.260086

1.5625 -0.260086
1.57812 -0.262742

1.59375 -0.26566
1.59355 -0.265625

1.57812 -0.262741
1.59375 -0.265406

1.60938 -0.268082
1.59502 -0.265625

1.59375 -0.265386
1.59515 -0.265625

1.60938 -0.26808
1.625 -0.270764

1.625 -0.270764
1.64062 -0.27346

1.64062 -0.27346
1.65625 -0.276168

1.6875 -0.281698
1.68493 -0.28125

1.65625 -0.276168
1.67188 -0.278887

1.67188 -0.278874
1.68547 -0.28125

1.6875 -0.281619
1.70312 -0.28436

1.70312 -0.284361
1.71875 -0.287109

