-4 -0.00266265
-3.77427 0

-3.79401 0
-3.5 0.00357579

-3.5 -0.000912277
-3.47424 0

-3.03125 -0.00209443
-3.03399 0

-3 -0.0417868
-3.00645 -0.03125

-3.03125 -0.00214459
-3.00535 -0.03125

-3.5 1.69429e-05
-3.25 0.00953275

-3.25 0.0265554
-3.125 0.0299287

-3.125 0.0368437
-3.0625 0.0195006

-3.0625 0.0192012
-3.03428 0

-3.03125 0.00522479
-3.02529 0

1.5 0.21855
1.50141 0.21875

1.50078 0.21875
1.51562 0.220858

1.51562 0.220852
1.53125 0.223078

1.53125 0.223079
1.54688 0.225308

1.54688 0.225309
1.5625 0.227537

1.5625 0.227538
1.57812 0.229759

1.57812 0.22976
1.59375 0.231972

1.59375 0.231972
1.60938 0.23417

-2.84375 -0.283099
-2.84563 -0.28125

-2.85938 -0.266219
-2.85988 -0.265625

-2.85997 -0.265625
-2.87259 -0.25

-2.85938 -0.266604
-2.84575 -0.28125

-2.82812 -0.297042
-2.82834 -0.296875

-2.84375 -0.283399
-2.82831 -0.296875

-2.82812 -0.296979
-2.8125 -0.307515

-2.79688 -0.315537
-2.80271 -0.3125

1.60938 0.234133
1.61111 0.234375

1.61081 0.234375
1.625 0.236356

1.625 0.236352
1.64062 0.238515

1.64062 0.238515
1.65625 0.240656

-2.79688 -0.315269
-2.78125 -0.321737

-2.78125 -0.321627
-2.76562 -0.326823

-2.75 -0.331123
-2.76113 -0.328125

-2.76562 -0.32654
-2.75974 -0.328125

-2.8125 -0.307125
-2.80217 -0.3125

1.65625 0.240657
1.67188 0.242774

-2.95312 -0.126965
-2.95432 -0.125

-2.9375 -0.153085
-2.94529 -0.140625

-2.95312 -0.128215
-2.94557 -0.140625

1.67188 0.242775
1.6875 0.244865

1.6875 0.244865
1.70312 0.246925

1.70312 0.246926
1.71875 0.248951

1.71875 0.248942
1.72706 0.25

-2.90625 -0.201482
-2.91549 -0.1875

-2.89062 -0.223615
-2.89396 -0.21875

-2.875 -0.246464
-2.88389 -0.234375

1.7269 0.25
1.73438 0.250952

1.73438 0.250942
1.75 0.252893

-2.89062 -0.225133
-2.88422 -0.234375

-2.89462 -0.21875
-2.90516 -0.203125

-2.90625 -0.201459
-2.90516 -0.203125

-2.92188 -0.176552
-2.92491 -0.171875

-2.92566 -0.171875
-2.93565 -0.15625

-2.92188 -0.178222
-2.91584 -0.1875

-2.9375 -0.154122
-2.93617 -0.15625

-2.96875 -0.0990082
-2.97175 -0.09375

1.75 0.252892
1.76562 0.254805

0 0.0244409
0.015625 0.0262001

0.015625 0.0262023
0.03125 0.0279996

0.03125 0.028002
0.046875 0.0298282

0.046875 0.0298143
0.0590259 0.03125

0.0584634 0.03125
0.0625 0.031727

0.0625 0.0316784
0.078125 0.0335366

0.078125 0.0335383
0.09375 0.035401

0.09375 0.0354024
0.109375 0.0372633

0.109375 0.0372643
0.125 0.0391184

1.76562 0.254804
1.78125 0.256679

0.125 0.0391191
0.140625 0.0409628

-2.98438 -0.0687326
-2.9876 -0.0625

-2.97293 -0.09375
-2.98122 -0.078125

1.78125 0.256678
1.79688 0.258516

1.79688 0.258516
1.8125 0.260319

1.8125 0.260319
1.82812 0.262088

1.82812 0.262088
1.84375 0.263822

-2.95497 -0.125
-2.96409 -0.109375

-2.96875 -0.102649
-2.96497 -0.109375

-2.98898 -0.0625
-2.99756 -0.046875

-2.875 -0.247034
-2.87279 -0.25

0.140625 0.040963
0.15625 0.0427947

0.15625 0.0427946
0.171875 0.044614

1.84375 0.263822
1.85938 0.265519

0.171875 0.0446135
0.1875 0.0464216

0.1875 0.0464045
0.191586 0.046875

0.191395 0.046875
0.203125 0.0482254

0.203125 0.0482186
0.21875 0.050012

0.21875 0.0500105
0.234375 0.0518036

0.234375 0.0518019
0.25 0.0536013

1.85938 0.265472
1.86081 0.265625

1.86033 0.265625
1.875 0.267181

-2.75 -0.330962
-2.73438 -0.334319

-2.73438 -0.334277
-2.71875 -0.336938

-2.71875 -0.336892
-2.70312 -0.339035

-2.70312 -0.339
-2.6875 -0.340789

-2.65625 -0.34385
-2.65739 -0.34375

-2.6875 -0.340776
-2.67188 -0.34231

-2.67188 -0.342275
-2.65625 -0.343641

0.25 0.0535993
0.265625 0.0554124

0.265625 0.0554104
0.28125 0.057245

0.28125 0.057243
0.296875 0.0591074

0.296875 0.0591059
0.3125 0.061007

0.3125 0.0610031
0.324531 0.0625

0.324449 0.0625
0.328125 0.0629573

0.328125 0.0629492
0.34375 0.0649398

1.875 0.267178
1.89062 0.268794

1.89062 0.268794
1.90625 0.270369

1.90625 0.270368
1.92188 0.271901

1.92188 0.2719
1.9375 0.273393

1.9375 0.273393
1.95312 0.274847

1.95312 0.274847
1.96875 0.276263

1.96875 0.276264
1.98438 0.277642

1.98438 0.277642
2 0.27898

0.34375 0.0649393
0.359375 0.066978

-1 -0.0781795
-0.999553 -0.078125

-0.999567 -0.078125
-0.984375 -0.0762716

2 0.278981
2.01562 0.280276

2.01562 0.280278
2.02777 0.28125

2.02783 0.28125
2.03125 0.281524

2.03125 0.281528
2.04688 0.28273

-2.64062 -0.344887
-2.6552 -0.34375

-0.984375 -0.0762739
-0.96875 -0.0744149

-2.64062 -0.344884
-2.625 -0.345915

-2.65625 -0.343635
-2.65478 -0.34375

-0.96875 -0.0744177
-0.953125 -0.0725962

0.359375 0.0669778
0.375 0.0690658

-2.625 -0.345913
-2.60938 -0.346762

0.375 0.0690661
0.390625 0.0712032

-2.60938 -0.34673
-2.59375 -0.347469

2.04688 0.28273
2.0625 0.283884

-2.59375 -0.347435
-2.57812 -0.348196

2.0625 0.283884
2.07812 0.284986

2.07812 0.284987
2.09375 0.286038

0.390625 0.0712035
0.40625 0.0733886

-2.57812 -0.348182
-2.5625 -0.349061

0.40625 0.0733892
0.421875 0.0756209

2.09375 0.286038
2.10938 0.287038

0.421875 0.0756214
0.4375 0.0778978

-2.5625 -0.349064
-2.54688 -0.350081

-2.54688 -0.350085
-2.53125 -0.351224

0.4375 0.0778965
0.439039 0.078125

0.439029 0.078125
0.453125 0.0802183

0.453125 0.080219
0.46875 0.0825817

2.10938 0.287038
2.125 0.287987

-2.53125 -0.351227
-2.51562 -0.352474

2.125 0.287987
2.14062 0.288883

-2.51562 -0.352475
-2.5 -0.353822

0.46875 0.0825822
0.484375 0.0849846

-0.953125 -0.072598
-0.9375 -0.0708048

-2.5 -0.353821
-2.48438 -0.35527

-2.48438 -0.355262
-2.46875 -0.35683

-2.46875 -0.356818
-2.45312 -0.358545

-2.4375 -0.360481
-2.44654 -0.359375

-2.45312 -0.358513
-2.44608 -0.359375

-2.4375 -0.360436
-2.42188 -0.362573

-2.42188 -0.362575
-2.40625 -0.364972

-2.40625 -0.364985
-2.39062 -0.367612

-2.39062 -0.367624
-2.375 -0.370433

-2.34375 -0.376494
-2.35132 -0.375

-2.34375 -0.376471
-2.32812 -0.379703

-0.9375 -0.070805
-0.921875 -0.0690359

-0.921875 -0.0690354
-0.90625 -0.0672907

-0.90625 -0.0672906
-0.890625 -0.0655715

-2.32812 -0.379696
-2.3125 -0.383119

-2.3125 -0.383113
-2.29688 -0.386753

2.14062 0.288883
2.15625 0.289728

-2.29688 -0.386754
-2.28125 -0.390623

-2.28125 -0.390635
-2.26562 -0.394705

-2.26562 -0.394714
-2.25 -0.398943

-2.375 -0.370438
-2.35938 -0.373395

-2.35938 -0.373393
-2.35124 -0.375

2.15625 0.289728
2.17188 0.290521

2.17188 0.290521
2.1875 0.291263

2.1875 0.291264
2.20312 0.291954

0.484375 0.084985
0.5 0.0874254

-0.890625 -0.0655713
-0.875 -0.0638785

-2.21875 -0.407572
-2.22357 -0.40625

-2.25 -0.398973
-2.23438 -0.403282

-0.875 -0.0638814
-0.862052 -0.0625

0.5 0.0874266
0.515625 0.0899017

0.515625 0.0899032
0.53125 0.0924076

0.53125 0.0923558
0.539871 0.09375

0.539167 0.09375
0.546875 0.0949966

0.546875 0.0949382
0.5625 0.0974802

-0.862187 -0.0625
-0.859375 -0.0622

-0.859375 -0.0622103
-0.84375 -0.0605715

-0.84375 -0.0605702
-0.828125 -0.0589652

-0.828125 -0.0589638
-0.8125 -0.0573977

-0.8125 -0.0573978
-0.796875 -0.0558733

-0.796875 -0.0558746
-0.78125 -0.0543887

-0.78125 -0.0543904
-0.765625 -0.0529372

-0.765625 -0.0529392
-0.75 -0.0515112

2.20312 0.291955
2.21875 0.292594

2.21875 0.292594
2.23438 0.293179

2.23438 0.29318
2.25 0.293708

-2.23438 -0.403313
-2.22367 -0.40625

-0.75 -0.0515139
-0.734375 -0.0501017

2.25 0.293709
2.26562 0.294177

2.26562 0.294178
2.28125 0.294579

2.28125 0.29458
2.29688 0.294907

2.29688 0.294909
2.3125 0.295155

-2.21875 -0.407592
-2.20312 -0.411803

-2.20312 -0.411821
-2.1875 -0.415917

2.3125 0.295157
2.32812 0.295314

2.32812 0.295316
2.34375 0.295377

2.34375 0.295379
2.35938 0.295338

2.35938 0.29534
2.375 0.295192

-2.1875 -0.415923
-2.17188 -0.419857

-2.15625 -0.423595
-2.16337 -0.421875

2.375 0.295193
2.39062 0.294934

-0.734375 -0.050104
-0.71875 -0.0486975

-0.71875 -0.0486996
-0.703125 -0.0472899

-0.703125 -0.0472941
-0.698513 -0.046875

-0.698555 -0.046875
-0.6875 -0.0458703

-0.6875 -0.0458713
-0.671875 -0.0444384

-0.671875 -0.044439
-0.65625 -0.0429921

-0.65625 -0.0429927
-0.640625 -0.0415294

0.5625 0.0974824
0.578125 0.100031

-0.640625 -0.0415297
-0.625 -0.0400481

2.39062 0.294934
2.40625 0.294561

2.40625 0.294561
2.42188 0.294073

2.42188 0.294073
2.4375 0.293468

-2.17188 -0.419877
-2.1636 -0.421875

0.578125 0.100034
0.59375 0.10258

-2.15625 -0.423644
-2.14062 -0.427229

-2.14062 -0.427283
-2.125 -0.430534

-2.125 -0.430571
-2.10938 -0.433306

-0.625 -0.0400488
-0.609375 -0.0385469

-0.609375 -0.0385473
-0.59375 -0.037023

-0.59375 -0.037023
-0.578125 -0.0354757

-0.578125 -0.0354752
-0.5625 -0.0339059

-0.5625 -0.0339052
-0.546875 -0.0323161

-0.546875 -0.0323184
-0.536497 -0.03125

-0.53655 -0.03125
-0.53125 -0.0307044

-0.53125 -0.0307063
-0.515625 -0.0290805

2.4375 0.293468
2.45312 0.292745

-0.515625 -0.0290799
-0.5 -0.0274411

2.45312 0.292746
2.46875 0.291905

2.46875 0.291905
2.48438 0.290944

0.59375 0.102582
0.609375 0.105117

0.609375 0.105119
0.625 0.107632

2.48438 0.290945
2.5 0.289861

0.625 0.107615
0.636084 0.109375

0.635686 0.109375
0.640625 0.110159

0.640625 0.110117
0.65625 0.112557

0.65625 0.112559
0.671875 0.114948

0.671875 0.11495
0.6875 0.11728

0.6875 0.117281
0.703125 0.119546

0.703125 0.119547
0.71875 0.121742

0.71875 0.121743
0.734375 0.123864

0.734375 0.123823
0.743353 0.125

-0.5 -0.0274407
-0.484375 -0.0257905

-0.484375 -0.0257903
-0.46875 -0.0241299

-0.46875 -0.0241299
-0.453125 -0.0224597

-0.453125 -0.02246
-0.4375 -0.0207794

0.74265 0.125
0.75 0.125964

-2.10938 -0.433334
-2.09375 -0.435425

-2.09375 -0.43545
-2.07812 -0.436792

-0.4375 -0.0207802
-0.421875 -0.0190871

0.75 0.125912
0.765625 0.127888

-0.421875 -0.0190873
-0.40625 -0.0173797

-2.07812 -0.436811
-2.0625 -0.437314

-0.40625 -0.0173808
-0.390625 -0.0156561

-2.0625 -0.437329
-2.04688 -0.436925

-2.04688 -0.436937
-2.03125 -0.435572

0.765625 0.127887
0.78125 0.129792

2.75 0.247478
2.74126 0.25

-0.390625 -0.0156541
-0.390364 -0.015625

2.5 0.289862
2.51562 0.288652

-0.390357 -0.015625
-0.375 -0.0139132

-2.03125 -0.435584
-2.01562 -0.433209

-2.01562 -0.43322
-2 -0.429792

2.51562 0.288653
2.53125 0.28731

2.53125 0.287312
2.54688 0.285829

2.54688 0.285832
2.5625 0.284199

2.59375 0.280175
2.58523 0.28125

2.5625 0.284202
2.57812 0.282407

2.57812 0.282609
2.5889 0.28125

2.59375 0.280443
2.60938 0.278284

2.60938 0.278288
2.625 0.275928

-0.375 -0.0139129
-0.359375 -0.0121577

-0.359375 -0.0121565
-0.34375 -0.0103909

-0.34375 -0.0103893
-0.328125 -0.00861905

-0.328125 -0.00861708
-0.3125 -0.00684941

-0.3125 -0.0068475
-0.296875 -0.00509016

-0.296875 -0.00508828
-0.28125 -0.00334887

2.625 0.275932
2.64062 0.273358

2.64062 0.273362
2.65625 0.270559

2.65625 0.270563
2.67188 0.267516

2.6875 0.26378
2.67879 0.265625

2.67188 0.267862
2.68244 0.265625

2.6875 0.264215
2.70312 0.26063

0.78125 0.129791
0.796875 0.131628

0.796875 0.131626
0.8125 0.1334

-0.28125 -0.00334685
-0.265625 -0.00163319

-0.265625 -0.00163249
-0.250455 0

2.70312 0.260635
2.71875 0.256761

2.71875 0.256766
2.73438 0.252586

2.73438 0.253066
2.745 0.25

0.8125 0.133399
0.828125 0.135116

0.828125 0.135114
0.84375 0.13678

0.84375 0.136778
0.859375 0.138401

-2 -0.429791
-1.98438 -0.425292

0.859375 0.138399
0.875 0.139987

2.75 0.248087
2.76562 0.243229

0.875 0.139965
0.88161 0.140625

-1.98438 -0.425285
-1.97467 -0.421875

0.881267 0.140625
0.890625 0.14156

2.76562 0.243236
2.78125 0.238006

-0.2506 0
-0.25 6.45991e-05

2.79688 0.231496
2.78889 0.234375

0.890625 0.141543
0.90625 0.143086

-1.97489 -0.421875
-1.96875 -0.419716

0.90625 0.143083
0.921875 0.144618

2.78125 0.238567
2.79288 0.234375

-1.96875 -0.41976
-1.95312 -0.413352

2.79688 0.232386
2.8125 0.226318

0.921875 0.144615
0.9375 0.146154

2.82812 0.218213
2.82684 0.21875

0.9375 0.146151
0.953125 0.147706

-0.25 5.11132e-05
-0.234375 0.00169446

0.953125 0.147703
0.96875 0.149284

2.84375 0.212663
2.83026 0.21875

-1.95312 -0.413338
-1.93794 -0.40625

2.8125 0.226355
2.82812 0.219815

2.82812 0.220207
2.83135 0.21875

0.96875 0.149282
0.984375 0.150898

2.84375 0.212764
2.85938 0.205151

-0.234375 0.00169551
-0.21875 0.00329537

2.875 0.196704
2.86281 0.203125

-0.21875 0.00329551
-0.203125 0.00484948

-1.93791 -0.40625
-1.9375 -0.406056

-0.203125 0.00484858
-0.1875 0.00635816

2.85938 0.205778
2.86441 0.203125

0.984375 0.150897
1 0.152551

3 0.100433
2.97484 0.125

2.90625 0.178367
2.8915 0.1875

2.92188 0.167068
2.91468 0.171875

2.90625 0.178921
2.91679 0.171875

2.92188 0.167954
2.9375 0.156684

2.875 0.196953
2.89062 0.188034

2.89062 0.188121
2.89169 0.1875

2.95312 0.144436
2.93815 0.15625

2.96875 0.131081
2.95813 0.140625

-0.1875 0.00635641
-0.171875 0.00782692

-0.171875 0.00782421
-0.15625 0.00926457

-0.15625 0.00926163
-0.140625 0.0106831

2.95312 0.143376
2.9563 0.140625

-1.9375 -0.405989
-1.92188 -0.397958

-1.92188 -0.397954
-1.90861 -0.390625

-1.90868 -0.390625
-1.90625 -0.389282

-1.90625 -0.389265
-1.89062 -0.380137

-0.140625 0.0106802
-0.125 0.0120946

2.9375 0.156821
2.93824 0.15625

-0.125 0.0120919
-0.109375 0.0135105

-0.109375 0.0135073
-0.09375 0.0149423

-0.09375 0.0149366
-0.086408 0.015625

2.96875 0.128144
2.97213 0.125

-1.89062 -0.380157
-1.88214 -0.375

-1.88227 -0.375
-1.875 -0.370586

-0.086449 0.015625
-0.078125 0.0164054

1 0.152551
1.01562 0.154248

3.25 -0.0143129
3.16541 0

1.01562 0.154248
1.03125 0.155986

-1.875 -0.37059
-1.85938 -0.360847

3.5 -0.00389804
3.40267 0

-1.85938 -0.360941
-1.85685 -0.359375

3.0625 0.038529
3.03591 0.0625

3.03125 0.0674163
3.00504 0.09375

1.03125 0.155984
1.03358 0.15625

3 0.0986922
3.00483 0.09375

-0.078125 0.0164019
-0.0625 0.0179076

-1.85711 -0.359375
-1.84375 -0.350923

1.03356 0.15625
1.04688 0.157767

3.03125 0.0678978
3.03677 0.0625

1.04688 0.157767
1.0625 0.159588

3.0625 0.0348052
3.125 0.00106469

1.0625 0.159588
1.07812 0.161449

1.07812 0.161449
1.09375 0.16335

-0.0625 0.017906
-0.046875 0.0194593

1.09375 0.163351
1.10938 0.16529

-0.046875 0.0194584
-0.03125 0.0210645

3.125 0.00489784
3.15339 0

3.25 0.00257862
3.31149 0

4 -0.00493382
3.57236 0

-0.03125 0.0210645
-0.015625 0.022725

3.5 0.000391855
3.53396 0

-0.015625 0.0227261
0 0.024439

1.10938 0.165291
1.125 0.167268

-1.84375 -0.350931
-1.83247 -0.34375

-1.83256 -0.34375
-1.82812 -0.340945

-1.82812 -0.340938
-1.8125 -0.331046

-1.8125 -0.33111
-1.80773 -0.328125

-1.80785 -0.328125
-1.79688 -0.321236

-1.79688 -0.321218
-1.78279 -0.3125

-1.78282 -0.3125
-1.78125 -0.311551

-1.78125 -0.311541
-1.76562 -0.302101

-1.76562 -0.302123
-1.75673 -0.296875

-1.75678 -0.296875
-1.75 -0.292877

1.125 0.167269
1.14062 0.169278

1.14062 0.169279
1.15625 0.171318

1.15625 0.171314
1.1605 0.171875

1.16044 0.171875
1.17188 0.173386

-1.75 -0.292871
-1.73438 -0.283897

-1.73438 -0.283933
-1.72957 -0.28125

-1.72961 -0.28125
-1.71875 -0.275185

1.17188 0.173385
1.1875 0.175471

1.1875 0.175472
1.20312 0.177574

1.20312 0.177575
1.21875 0.179691

-1.71875 -0.275171
-1.70312 -0.266695

-1.70312 -0.26673
-1.70102 -0.265625

-1.70107 -0.265625
-1.6875 -0.258497

1.21875 0.179692
1.23438 0.181819

1.23438 0.181819
1.25 0.183955

-1.6875 -0.258494
-1.67188 -0.250548

-1.67188 -0.250584
-1.67069 -0.25

-1.67075 -0.25
-1.65625 -0.242863

-1.65625 -0.242859
-1.64062 -0.235419

-1.64062 -0.235436
-1.63832 -0.234375

-1.63834 -0.234375
-1.625 -0.228235

-1.625 -0.22823
-1.60938 -0.221273

1.25 0.183955
1.26562 0.186098

1.26562 0.186039
1.27625 0.1875

-1.60938 -0.221283
-1.60348 -0.21875

-1.60351 -0.21875
-1.59375 -0.214558

-1.59375 -0.214561
-1.57812 -0.208087

-1.57812 -0.208094
-1.5657 -0.203125

-1.5657 -0.203125
-1.5625 -0.201845

1.27505 0.1875
1.28125 0.188352

1.28125 0.188247
1.29688 0.190401

-1.5625 -0.201847
-1.54688 -0.195814

-1.54688 -0.195814
-1.53125 -0.189994

-1.53125 -0.19001
-1.52426 -0.1875

1.29688 0.190401
1.3125 0.192561

1.3125 0.192561
1.32812 0.194726

1.32812 0.194727
1.34375 0.196895

-1.52433 -0.1875
-1.51562 -0.184374

-1.51562 -0.184386
-1.5 -0.178986

1.34375 0.196896
1.35938 0.199064

1.35938 0.199065
1.375 0.201232

1.375 0.20123
1.38869 0.203125

1.38859 0.203125
1.39062 0.203406

1.39062 0.203394
1.40625 0.205554

1.40625 0.205553
1.42188 0.207713

1.42188 0.207712
1.4375 0.209876

1.4375 0.209875
1.45312 0.212047

1.45312 0.212046
1.46875 0.214228

1.46875 0.214228
1.48438 0.216424

1.48438 0.216424
1.5 0.218632

-1.5 -0.178989
-1.48438 -0.173791

-1.48438 -0.173825
-1.47828 -0.171875

-1.47845 -0.171875
-1.46875 -0.16877

-1.46875 -0.168792
-1.45312 -0.163978

-1.45312 -0.163978
-1.4375 -0.159346

-1.4375 -0.159358
-1.4266 -0.15625

-1.42672 -0.15625
-1.42188 -0.154869

-1.42188 -0.154892
-1.40625 -0.150615

-1.40625 -0.150619
-1.39062 -0.14651

-1.39062 -0.146512
-1.375 -0.142559

-1.375 -0.142604
-1.36687 -0.140625

-1.36724 -0.140625
-1.35938 -0.138712

-1.35938 -0.138761
-1.34375 -0.135099

-1.34375 -0.1351
-1.32812 -0.13157

-1.32812 -0.131572
-1.3125 -0.128167

-1.3125 -0.12817
-1.29743 -0.125

-1.29688 -0.125013
-1.29681 -0.125

-1.29749 -0.125
-1.29688 -0.124871

-1.29688 -0.124886
-1.28125 -0.121703

-1.28125 -0.121701
-1.26562 -0.11862

-1.26562 -0.118621
-1.25 -0.115648

-1.25 -0.115649
-1.23438 -0.112781

-1.23438 -0.112783
-1.21875 -0.110013

-1.21875 -0.11012
-1.2144 -0.109375

-1.21523 -0.109375
-1.20312 -0.1073

-1.20312 -0.107338
-1.1875 -0.104749

-1.1875 -0.104751
-1.17188 -0.102243

-1.17188 -0.102245
-1.15625 -0.0998107

-1.15625 -0.0998129
-1.14062 -0.0974451

-1.14062 -0.0974482
-1.125 -0.0951361

-1.125 -0.0951649
-1.11525 -0.09375

-1.11572 -0.09375
-1.10938 -0.09283

-1.10938 -0.0928713
-1.09375 -0.0906438

-1.09375 -0.0906437
-1.07812 -0.0884561

-1.07812 -0.0884556
-1.0625 -0.0863091

-1.0625 -0.0863086
-1.04688 -0.084205

-1.04688 -0.0842043
-1.03125 -0.0821459

-1.03125 -0.0821445
-1.01562 -0.0801354

-1.01562 -0.0801357
-1 -0.0781781

