-4 -0.00720623
-3.61587 0

-3.60883 0
-3.5 0.00204167

-3.5 0.00909319
-3.25 0.0185193

-3.25 0.0176881
-3.125 0.019045

-3.125 0.00814595
-3.0625 0.0125066

-3.0625 0.0141548
-3.03125 0.025868

-3.03125 0.0266159
-3.02261 0.03125

-3.02221 0.03125
-3 0.0431637

-3 0.0453372
-2.99751 0.046875

-2.99448 0.046875
-2.98438 0.0531247

-2.98438 0.0537179
-2.96944 0.0625

-2.9692 0.0625
-2.96875 0.0627654

-2.96875 0.0628822
-2.95312 0.0714244

-2.95312 0.071391
-2.9399 0.078125

-2.94019 0.078125
-2.9375 0.0794945

1.5 -0.136519
1.51562 -0.137292

1.51562 -0.137292
1.53125 -0.138062

1.53125 -0.138061
1.54688 -0.138828

1.54688 -0.138828
1.5625 -0.139591

1.5625 -0.139591
1.57812 -0.140351

1.59375 -0.141106
1.58378 -0.140625

1.57812 -0.14035
1.58382 -0.140625

1.59375 -0.141105
1.60938 -0.141853

-2.9375 0.0793562
-2.92188 0.086766

-2.92188 0.0867529
-2.90625 0.0936709

-2.90625 0.0929942
-2.90442 0.09375

-2.90615 0.09375
-2.89062 0.100172

-2.89062 0.100117
-2.875 0.106156

1.60938 -0.141853
1.625 -0.142594

-2.875 0.106051
-2.8658 0.109375

-2.86646 0.109375
-2.85938 0.111934

-2.85938 0.111792
-2.84375 0.117068

-2.84375 0.117061
-2.82812 0.121999

1.625 -0.142595
1.64062 -0.143327

0 -0.0207075
0.015625 -0.0224831

-1 0.0837629
-0.984375 0.0822817

1.64062 -0.143328
1.65625 -0.144051

-0.984375 0.082282
-0.96875 0.0807814

0.015625 -0.0224832
0.03125 -0.0242626

-0.96875 0.0807814
-0.953125 0.0792609

1.65625 -0.144051
1.67188 -0.144762

-0.9375 0.0777091
-0.941719 0.078125

0.03125 -0.0242627
0.046875 -0.0260454

-0.953125 0.079265
-0.941562 0.078125

0.046875 -0.0260455
0.0625 -0.0278311

-0.9375 0.0777192
-0.921875 0.0761613

1.67188 -0.144763
1.6875 -0.14546

-0.921875 0.0761606
-0.90625 0.074589

-0.90625 0.074588
-0.890625 0.0730062

0.09375 -0.0314276
0.0921996 -0.03125

-2.82812 0.121952
-2.81782 0.125

-0.890625 0.0730055
-0.875 0.071417

-0.875 0.0714166
-0.859375 0.0698237

-0.859375 0.0698231
-0.84375 0.0682278

-0.84375 0.0682274
-0.828125 0.0666315

-0.828125 0.0666315
-0.8125 0.0650359

-0.78125 0.0618351
-0.787756 0.0625

-0.78125 0.0618437
-0.765625 0.060246

-0.765625 0.060246
-0.75 0.0586484

-0.8125 0.0650361
-0.796875 0.0634406

-0.796875 0.0634474
-0.787604 0.0625

1.6875 -0.145461
1.70312 -0.146143

1.70312 -0.146143
1.71875 -0.14681

1.71875 -0.14681
1.73438 -0.14746

-0.75 0.0586481
-0.734375 0.057051

-0.734375 0.0570509
-0.71875 0.0554549

-0.71875 0.0554551
-0.703125 0.05386

0.0625 -0.0278315
0.078125 -0.0296191

-0.703125 0.05386
-0.6875 0.0522656

0.078125 -0.0296169
0.0923838 -0.03125

-0.6875 0.0522655
-0.671875 0.0506719

0.09375 -0.0314095
0.109375 -0.0331992

-0.671875 0.0506718
-0.65625 0.0490796

-2.81824 0.125
-2.8125 0.126697

1.73438 -0.147459
1.75 -0.148093

0.109375 -0.0331997
0.125 -0.0349864

-0.65625 0.0490801
-0.640625 0.0474886

-2.8125 0.12661
-2.79688 0.130929

-0.625 0.0458916
-0.63465 0.046875

1.75 -0.148093
1.76562 -0.14871

1.76562 -0.14871
1.78125 -0.149312

-2.79688 0.130924
-2.78125 0.134961

1.78125 -0.149312
1.79688 -0.1499

1.79688 -0.1499
1.8125 -0.150474

-2.78125 0.134957
-2.76562 0.138733

1.8125 -0.150474
1.82812 -0.151034

-2.76562 0.13869
-2.75705 0.140625

-2.75746 0.140625
-2.75 0.142309

0.125 -0.034987
0.140625 -0.0367689

-0.640625 0.0474966
-0.634526 0.046875

-2.75 0.142255
-2.73438 0.14554

-2.73438 0.145535
-2.71875 0.148595

-0.625 0.045896
-0.609375 0.0443035

0.140625 -0.0367692
0.15625 -0.0385443

1.82812 -0.151034
1.84375 -0.151579

0.15625 -0.0385446
0.171875 -0.0403118

-0.609375 0.0443033
-0.59375 0.0427119

-2.71875 0.148592
-2.70312 0.151442

-0.59375 0.0427119
-0.578125 0.0411218

0.171875 -0.040312
0.1875 -0.0420701

1.84375 -0.15158
1.85938 -0.15211

0.1875 -0.0420703
0.203125 -0.0438186

-0.578125 0.041122
-0.5625 0.0395324

0.203125 -0.0438187
0.21875 -0.0455567

-0.5625 0.0395328
-0.546875 0.0379424

1.85938 -0.15211
1.875 -0.152624

-0.546875 0.0379427
-0.53125 0.0363501

-2.70312 0.151439
-2.6875 0.15409

1.875 -0.152625
1.89062 -0.153121

-2.6875 0.154087
-2.67375 0.15625

-0.53125 0.0363505
-0.515625 0.0347543

1.89062 -0.153122
1.90625 -0.1536

1.90625 -0.1536
1.92188 -0.154059

1.92188 -0.154059
1.9375 -0.154497

1.9375 -0.154497
1.95312 -0.154915

-0.515625 0.0347542
-0.5 0.0331541

-2.67382 0.15625
-2.67188 0.156556

-2.67188 0.156545
-2.65625 0.158817

-2.65625 0.158813
-2.64062 0.160908

0.234375 -0.0472982
0.230546 -0.046875

-2.64062 0.160907
-2.625 0.162838

1.95312 -0.154915
1.96875 -0.155311

1.96875 -0.155311
1.98438 -0.155683

-2.625 0.162835
-2.60938 0.164611

1.98438 -0.155683
2 -0.156028

-2.60938 0.164609
-2.59375 0.166241

-2.59375 0.166239
-2.57812 0.167736

-2.57812 0.167735
-2.5625 0.169101

-2.5625 0.169101
-2.54688 0.170338

0.21875 -0.0455522
0.230717 -0.046875

0.234375 -0.0472845
0.25 -0.0489994

-2.54688 0.170337
-2.53125 0.17145

-2.53125 0.171445
-2.52448 0.171875

-2.52461 0.171875
-2.51562 0.172446

-2.51562 0.172439
-2.5 0.173318

0.25 -0.0489997
0.265625 -0.0507003

0.265625 -0.0507006
0.28125 -0.0523858

0.28125 -0.0523859
0.296875 -0.0540549

0.296875 -0.0540549
0.3125 -0.0557074

-0.171875 -0.00149746
-0.185518 0

-0.171875 -0.00149722
-0.15625 -0.00321913

-0.15625 -0.00321938
-0.140625 -0.00494682

0.3125 -0.0557073
0.328125 -0.0573433

0.328125 -0.0573432
0.34375 -0.0589631

-0.140625 -0.00494694
-0.125 -0.00667917

0.34375 -0.0589631
0.359375 -0.0605671

0.359375 -0.0605667
0.375 -0.0621552

-2.5 0.173318
-2.48438 0.174088

-2.48438 0.174087
-2.46875 0.174751

-2.46875 0.17475
-2.45312 0.175312

-0.125 -0.00667926
-0.109375 -0.00841586

-0.109375 -0.0084159
-0.09375 -0.0101566

-0.09375 -0.0101565
-0.078125 -0.0119016

0.390625 -0.0637329
0.378379 -0.0625

-0.078125 -0.0119016
-0.0625 -0.0136513

-0.0625 -0.0136508
-0.046875 -0.0154062

-0.03125 -0.0171686
-0.0449401 -0.015625

-0.046875 -0.0154025
-0.0449014 -0.015625

0.390625 -0.0637291
0.40625 -0.0652854

0.40625 -0.0652859
0.421875 -0.0668233

0.421875 -0.0668238
0.4375 -0.0683401

0.375 -0.062141
0.378566 -0.0625

0.4375 -0.0683406
0.453125 -0.069834

0.453125 -0.0698344
0.46875 -0.0713033

-0.03125 -0.0171684
-0.015625 -0.0189357

-0.015625 -0.0189359
0 -0.0207075

-0.46875 0.0299405
-0.481474 0.03125

-0.5 0.0331542
-0.484375 0.0315502

-0.484375 0.0315567
-0.481395 0.03125

0.46875 -0.0713035
0.484375 -0.0727468

-0.46875 0.0299415
-0.453125 0.0283304

0.484375 -0.0727468
0.5 -0.0741641

-0.453125 0.0283302
-0.4375 0.0267177

2.01562 -0.156345
2.01092 -0.15625

-0.4375 0.0267178
-0.421875 0.0251039

-0.421875 0.0251041
-0.40625 0.0234879

2.01562 -0.156345
2.03125 -0.156632

2 -0.156029
2.01093 -0.15625

-0.40625 0.0234882
-0.390625 0.0218687

-0.390625 0.021869
-0.375 0.0202448

2.03125 -0.156632
2.04688 -0.156887

2.04688 -0.156887
2.0625 -0.157111

-2.45312 0.175311
-2.4375 0.175775

-0.375 0.0202452
-0.359375 0.018615

-0.359375 0.0186152
-0.34375 0.0169779

-0.328125 0.0153085
-0.33113 0.015625

-0.34375 0.0169837
-0.330851 0.015625

-2.4375 0.175774
-2.42188 0.176146

-2.42188 0.176146
-2.40625 0.17643

2.0625 -0.157111
2.07812 -0.157305

0.5 -0.0741637
0.515625 -0.0755558

-0.328125 0.0153319
-0.3125 0.0136781

2.07812 -0.157305
2.09375 -0.15747

-0.3125 0.013678
-0.296875 0.0120176

0.515625 -0.0755559
0.53125 -0.0769232

-2.40625 0.176429
-2.39062 0.176627

0.546875 -0.078271
0.545176 -0.078125

-2.39062 0.176626
-2.375 0.176741

0.53125 -0.0769224
0.545246 -0.078125

2.09375 -0.15747
2.10938 -0.157604

0.546875 -0.0782643
0.5625 -0.0795851

-0.296875 0.0120174
-0.28125 0.0103509

2.10938 -0.157604
2.125 -0.157707

-0.28125 0.0103509
-0.265625 0.00867855

0.5625 -0.0795855
0.578125 -0.0808864

-2.375 0.176739
-2.35938 0.176776

0.578125 -0.0808866
0.59375 -0.0821661

2.125 -0.157707
2.14062 -0.157777

0.59375 -0.0821658
0.609375 -0.0834242

0.609375 -0.0834239
0.625 -0.0846623

-0.265625 0.00867867
-0.25 0.00700029

0.625 -0.0846619
0.640625 -0.0858816

0.640625 -0.0858812
0.65625 -0.0870838

2.14062 -0.157777
2.15625 -0.157813

2.15625 -0.157813
2.17188 -0.157815

-2.35938 0.176775
-2.34375 0.17674

-2.34375 0.176739
-2.32812 0.176634

0.65625 -0.0870832
0.671875 -0.0882706

2.17188 -0.157816
2.1875 -0.157783

0.671875 -0.0882703
0.6875 -0.0894443

0.6875 -0.0894441
0.703125 -0.0906059

-2.32812 0.176634
-2.3125 0.176464

-2.3125 0.176463
-2.29688 0.176231

-2.29688 0.176231
-2.28125 0.175941

-0.25 0.00700038
-0.234375 0.00531554

-0.234375 0.0053157
-0.21875 0.00362392

0.703125 -0.0906055
0.71875 -0.0917563

-0.21875 0.00362389
-0.203125 0.00192493

2.1875 -0.157784
2.20312 -0.157715

-0.203125 0.0019253
-0.1875 0.000218457

0.75 -0.0940296
0.746132 -0.09375

0.71875 -0.0917562
0.734375 -0.092897

0.734375 -0.0928971
0.746176 -0.09375

-2.28125 0.17594
-2.26562 0.175594

-0.1875 0.000222706
-0.185471 0

2.20312 -0.157716
2.21875 -0.157607

-2.26562 0.175593
-2.25 0.175193

0.75 -0.0940267
0.765625 -0.0951439

2.21875 -0.157608
2.23438 -0.157456

2.23438 -0.157457
2.25 -0.157258

0.765625 -0.0951445
0.78125 -0.0962493

0.78125 -0.0962494
0.796875 -0.0973405

0.796875 -0.0973401
0.8125 -0.0984181

-2.25 0.175193
-2.23438 0.174742

2.25 -0.157259
2.26562 -0.157009

-2.23438 0.174741
-2.21875 0.174241

0.8125 -0.0984177
0.828125 -0.0994842

-2.21875 0.17424
-2.20312 0.173693

2.26562 -0.157011
2.28125 -0.156705

-2.20312 0.173693
-2.1875 0.173101

0.828125 -0.0994839
0.84375 -0.10054

-2.1875 0.1731
-2.17188 0.172467

2.28125 -0.156707
2.29688 -0.15634

-2.15625 0.171793
-2.15816 0.171875

2.29688 -0.156341
2.30016 -0.15625

2.30016 -0.15625
2.3125 -0.155908

0.84375 -0.10054
0.859375 -0.101587

0.859375 -0.101587
0.875 -0.102624

-2.17188 0.172466
-2.15813 0.171875

0.875 -0.102624
0.890625 -0.103652

-2.15625 0.171793
-2.14062 0.171084

-2.14062 0.171084
-2.125 0.170339

0.890625 -0.103652
0.90625 -0.104668

-2.125 0.170339
-2.10938 0.169561

-2.10938 0.16956
-2.09375 0.168751

0.90625 -0.104669
0.921875 -0.105673

2.3125 -0.155909
2.32812 -0.155405

0.921875 -0.105673
0.9375 -0.106665

-2.09375 0.168751
-2.07812 0.167913

0.9375 -0.106665
0.953125 -0.107643

0.953125 -0.107643
0.96875 -0.10861

0.984375 -0.109565
0.981268 -0.109375

0.96875 -0.108609
0.981292 -0.109375

0.984375 -0.109564
1 -0.110504

2.32812 -0.155405
2.34375 -0.154826

2.34375 -0.154827
2.35938 -0.15417

2.35938 -0.154171
2.375 -0.153434

-2.07812 0.167912
-2.0625 0.167048

2.375 -0.153434
2.39062 -0.152614

-2.0625 0.167048
-2.04688 0.166158

-2.04688 0.166158
-2.03125 0.165244

-2.03125 0.165243
-2.01562 0.164306

-2.01562 0.164306
-2 0.163347

2.39062 -0.152615
2.40625 -0.151707

2.40625 -0.151708
2.42188 -0.150711

2.42188 -0.150711
2.4375 -0.14962

2.4375 -0.14962
2.45312 -0.148435

2.45312 -0.148435
2.46875 -0.147154

2.46875 -0.147155
2.48438 -0.145776

2.48438 -0.145777
2.5 -0.144296

2.5 -0.144297
2.51562 -0.142709

2.51562 -0.142711
2.53125 -0.14101

2.53125 -0.141018
2.53463 -0.140625

2.53455 -0.140625
2.54688 -0.13919

2.54688 -0.139193
2.5625 -0.137251

2.5625 -0.137253
2.57812 -0.135183

2.57812 -0.135184
2.59375 -0.132978

2.59375 -0.13298
2.60938 -0.130629

2.60938 -0.130631
2.625 -0.12813

2.625 -0.128134
2.64062 -0.12547

2.64062 -0.125486
2.6433 -0.125

1 -0.110504
1.01562 -0.111431

2.64321 -0.125
2.65625 -0.122628

2.65625 -0.122631
2.67188 -0.119605

2.67188 -0.119609
2.6875 -0.116392

2.6875 -0.116394
2.70312 -0.112976

2.70312 -0.112986
2.71862 -0.109375

2.71827 -0.109375
2.71875 -0.109262

2.71875 -0.109342
2.73438 -0.105466

1.01562 -0.11143
1.03125 -0.112344

1.03125 -0.112344
1.04688 -0.113246

1.04688 -0.113246
1.0625 -0.114136

1.0625 -0.114136
1.07812 -0.115013

1.07812 -0.115013
1.09375 -0.115878

1.09375 -0.115878
1.10938 -0.116732

1.10938 -0.116732
1.125 -0.117575

2.73438 -0.10547
2.75 -0.101352

1.125 -0.117575
1.14062 -0.118407

-2 0.163347
-1.98438 0.162368

-1.98438 0.162367
-1.96875 0.16137

1.14062 -0.118407
1.15625 -0.119229

-1.96875 0.16137
-1.95312 0.160356

2.75 -0.101356
2.76562 -0.0969794

1.15625 -0.119229
1.17188 -0.120042

-1.95312 0.160356
-1.9375 0.159326

1.17188 -0.120042
1.1875 -0.120847

1.1875 -0.120846
1.20312 -0.121644

2.76562 -0.0970426
2.77666 -0.09375

1.20312 -0.121644
1.21875 -0.122435

-1.9375 0.159326
-1.92188 0.158279

1.21875 -0.122435
1.23438 -0.123222

2.77609 -0.09375
2.78125 -0.0922104

1.23438 -0.123221
1.25 -0.124005

2.78125 -0.0923286
2.79688 -0.0873607

2.79688 -0.0873655
2.8125 -0.0820802

-1.92188 0.158279
-1.90625 0.157217

-1.89062 0.156137
-1.89227 0.15625

2.8125 -0.0821584
2.82368 -0.078125

2.82308 -0.078125
2.82812 -0.0763045

1.28125 -0.125567
1.26989 -0.125

-1.89062 0.156139
-1.875 0.155047

2.82812 -0.0764552
2.84375 -0.0704431

-1.90625 0.157218
-1.89221 0.15625

1.28125 -0.125564
1.29688 -0.126342

1.29688 -0.126343
1.3125 -0.127121

1.3125 -0.127121
1.32812 -0.1279

1.32812 -0.1279
1.34375 -0.12868

-1.875 0.155047
-1.85938 0.153942

-1.85938 0.153942
-1.84375 0.152826

2.84375 -0.0704546
2.85938 -0.0640452

2.85938 -0.0641244
2.86308 -0.0625

1.34375 -0.12868
1.35938 -0.129462

2.86287 -0.0625
2.875 -0.0571874

-1.84375 0.152826
-1.82812 0.151701

-1.82812 0.151701
-1.8125 0.150567

2.875 -0.0572198
2.89062 -0.0499102

1.35938 -0.129462
1.375 -0.130245

-1.8125 0.150567
-1.79688 0.149425

1.25 -0.124004
1.26562 -0.124786

2.89062 -0.050021
2.89691 -0.046875

-1.79688 0.149424
-1.78125 0.148276

2.89658 -0.046875
2.90625 -0.0420367

1.26562 -0.124784
1.26995 -0.125

2.90625 -0.042113
2.92188 -0.0337315

-1.78125 0.148276
-1.76562 0.147125

-1.76562 0.147125
-1.75 0.145972

2.92188 -0.0338323
2.92636 -0.03125

2.92615 -0.03125
2.9375 -0.0247164

1.375 -0.130245
1.39062 -0.131032

1.39062 -0.131032
1.40625 -0.13182

1.40625 -0.13182
1.42188 -0.132609

1.42188 -0.132609
1.4375 -0.133396

-1.75 0.145972
-1.73438 0.144817

-1.73438 0.144818
-1.71875 0.143661

2.9375 -0.0247718
2.95225 -0.015625

2.95231 -0.015625
2.95312 -0.0151266

1.4375 -0.133396
1.45312 -0.134181

1.45312 -0.134181
1.46875 -0.134962

-1.71875 0.143661
-1.70312 0.142502

-1.70312 0.142502
-1.6875 0.141341

2.95312 -0.0151006
2.96875 -0.00464079

2.96875 -0.00441843
2.97485 0

1.46875 -0.134962
1.48438 -0.135742

1.48438 -0.135742
1.5 -0.136518

-1.67188 0.140172
-1.67795 0.140625

-1.6875 0.141345
-1.67785 0.140625

-1.67188 0.140176
-1.65625 0.139005

-1.65625 0.139005
-1.64062 0.137831

-1.64062 0.137831
-1.625 0.136652

-1.625 0.136653
-1.60938 0.13547

-1.60938 0.13547
-1.59375 0.13428

-1.59375 0.13428
-1.57812 0.133082

-1.57812 0.133082
-1.5625 0.131874

2.97543 0
2.98438 0.00647444

2.98438 0.00727149
2.99513 0.015625

-1.5625 0.131874
-1.54688 0.130656

-1.54688 0.130656
-1.53125 0.129429

-1.53125 0.129429
-1.51562 0.128191

-1.51562 0.128191
-1.5 0.126944

3.5 -0.000127919
3.49837 0

3 0.0203751
3.01741 0.03125

3.01791 0.03125
3.03125 0.0394886

3.03125 0.0402704
3.0625 0.0515355

3.0625 0.052524
3.125 0.0524628

3.125 0.0415063
3.25 0.0267541

3.25 0.0206319
3.5 0.000955147

4 -0.00959362
3.65875 0

3.5 0.00332876
3.61841 0

-1.46875 0.124417
-1.47595 0.125

-1.46875 0.124421
-1.45312 0.123146

-1.45312 0.123146
-1.4375 0.121865

-1.4375 0.121865
-1.42188 0.120577

-1.42188 0.120577
-1.40625 0.119284

-1.40625 0.119284
-1.39062 0.117986

-1.39062 0.117986
-1.375 0.116683

-1.5 0.126944
-1.48438 0.125688

-1.48438 0.125692
-1.47583 0.125

-1.375 0.116683
-1.35938 0.115374

-1.35938 0.115374
-1.34375 0.114058

-1.34375 0.114058
-1.32812 0.112735

-1.32812 0.112735
-1.3125 0.111405

-1.3125 0.111405
-1.29688 0.110069

-1.28125 0.108722
-1.28885 0.109375

-1.29688 0.110075
-1.28874 0.109375

-1.28125 0.108726
-1.26562 0.107375

-1.26562 0.107375
-1.25 0.10602

-1.25 0.106019
-1.23438 0.104661

-1.23438 0.104661
-1.21875 0.103301

-1.21875 0.103301
-1.20312 0.101939

-1.20312 0.101939
-1.1875 0.100576

-1.1875 0.100576
-1.17188 0.0992108

-1.17188 0.0992108
-1.15625 0.0978445

-1.15625 0.097845
-1.14062 0.0964763

-1.14062 0.0964767
-1.125 0.0951035

-1.10938 0.0937099
-1.10983 0.09375

-1.10938 0.0937231
-1.09375 0.0923323

-1.125 0.0951053
-1.10967 0.09375

-1.09375 0.0923327
-1.07812 0.0909326

-1.07812 0.0909325
-1.0625 0.0895227

-1.0625 0.0895231
-1.04688 0.0881029

-1.04688 0.0881034
-1.03125 0.0866711

-1.03125 0.0866716
-1.01562 0.0852251

-1.01562 0.0852256
-1 0.0837626

