-4 -0.00926416
-3.77911 0

-3.67002 0
-3.5 0.00713071

1.5 -0.00208407
1.51562 -0.00166363

1.51562 -0.00166374
1.53125 -0.00124803

1.53125 -0.00124807
1.54688 -0.000836766

1.54688 -0.000836767
1.5625 -0.000429789

1.5625 -0.000429953
1.57812 -2.69719e-05

1.57812 -2.72466e-05
1.57919 0

-3.5 0.00522196
-3.25 0.0350484

-3.25 0.0272743
-3.125 0.05499

-3.125 0.0582516
-3.11225 0.0625

-3.125 0.0663573
-3.0625 0.0871818

-3.0625 0.0868735
-3.03125 0.0911019

-3.03125 0.0912501
-3 0.0896149

1.57917 0
1.59375 0.000372129

1.59375 0.000372584
1.60938 0.000765746

1.60938 0.000765838
1.625 0.00115218

-1 -0.0207644
-0.984375 -0.0209477

-0.984375 -0.0209476
-0.96875 -0.0211427

-0.96875 -0.0211426
-0.953125 -0.0213501

-0.953125 -0.02135
-0.9375 -0.0215701

-0.9375 -0.02157
-0.921875 -0.0218031

-0.921875 -0.0218031
-0.90625 -0.0220493

-0.90625 -0.0220494
-0.890625 -0.0223086

-0.890625 -0.0223088
-0.875 -0.0225806

1.625 0.00115221
1.64062 0.00153148

1.64062 0.00153145
1.65625 0.00190365

1.65625 0.00190358
1.67188 0.00226892

1.67188 0.00226882
1.6875 0.00262765

-0.875 -0.0225809
-0.859375 -0.0228644

0 -0.0225725
0.015625 -0.0224468

0.015625 -0.022447
0.03125 -0.0223205

-0.859375 -0.0228648
-0.84375 -0.0231586

-0.84375 -0.0231591
-0.828125 -0.0234613

-0.828125 -0.023462
-0.8125 -0.0237703

-3 0.0890279
-2.98438 0.0859811

-2.98438 0.0856617
-2.96875 0.0821986

-2.96875 0.082222
-2.95312 0.0789346

-2.9375 0.0758062
-2.94898 0.078125

-2.95312 0.078844
-2.94957 0.078125

-2.9375 0.0757797
-2.92188 0.0727482

-2.92188 0.0727483
-2.90625 0.0698361

1.6875 0.00262756
1.70312 0.00298025

0.03125 -0.0223208
0.046875 -0.0221925

0.046875 -0.0221928
0.0625 -0.0220616

-2.90625 0.0698388
-2.89062 0.0670405

-2.89062 0.0670406
-2.875 0.0643506

1.70312 0.00298024
1.71875 0.00332698

-2.85938 0.0617666
-2.86381 0.0625

-2.85938 0.0617693
-2.84375 0.0592894

0.0625 -0.0220618
0.078125 -0.0219266

1.71875 0.00332709
1.73438 0.00366769

0.078125 -0.0219266
0.09375 -0.021787

-2.84375 0.0592908
-2.82812 0.0569092

1.73438 0.00366792
1.75 0.00400168

0.09375 -0.0217868
0.109375 -0.0216434

0.109375 -0.021643
0.125 -0.0214967

-2.82812 0.0569102
-2.8125 0.0546224

-2.875 0.0643519
-2.8638 0.0625

0.125 -0.0214962
0.140625 -0.0213488

0.140625 -0.0213483
0.15625 -0.0212016

0.15625 -0.0212012
0.171875 -0.0210571

1.75 0.00400197
1.76562 0.00432784

1.76562 0.00432811
1.78125 0.00464497

1.78125 0.00464515
1.79688 0.00495211

1.79688 0.00495221
1.8125 0.00524871

0.171875 -0.0210568
0.1875 -0.0209165

0.1875 -0.0209163
0.203125 -0.0207806

0.203125 -0.0207806
0.21875 -0.0206499

1.8125 0.00524883
1.82812 0.00553443

1.82812 0.00553462
1.84375 0.00580869

-2.8125 0.0546245
-2.79688 0.0524243

0.21875 -0.02065
0.234375 -0.0205238

1.84375 0.00580895
1.85938 0.00607058

1.85938 0.00607081
1.875 0.00631903

0.234375 -0.0205241
0.25 -0.0204017

1.875 0.00631914
1.89062 0.00655325

-2.79688 0.0524255
-2.78125 0.0503065

-2.78125 0.0503074
-2.76562 0.0482657

-2.75 0.0463027
-2.75455 0.046875

-0.8125 -0.023771
-0.796875 -0.0240824

1.89062 0.00655321
1.90625 0.00677306

-0.796875 -0.0240833
-0.78125 -0.0243946

0.25 -0.020402
0.265625 -0.0202822

1.90625 0.00677292
1.92188 0.00697886

-2.76562 0.0482638
-2.75458 0.046875

-0.78125 -0.0243956
-0.765625 -0.0247033

0.265625 -0.0202826
0.28125 -0.0201637

1.92188 0.00697866
1.9375 0.00717137

0.28125 -0.0201641
0.296875 -0.0200448

-0.765625 -0.0247043
-0.75 -0.0250046

0.296875 -0.0200451
0.3125 -0.0199241

-2.75 0.046301
-2.73438 0.0444161

-2.73438 0.0444153
-2.71875 0.0426106

-2.71875 0.0426105
-2.70312 0.0408877

-2.70312 0.0408887
-2.6875 0.0392463

-2.6875 0.0392477
-2.67188 0.0376809

-2.67188 0.0376825
-2.65625 0.0361853

-2.65625 0.0361867
-2.64062 0.0347531

-2.64062 0.0347544
-2.625 0.033379

-2.59375 0.0307883
-2.59943 0.03125

-2.625 0.03338
-2.60938 0.0320581

-2.60938 0.0320579
-2.59944 0.03125

-2.59375 0.0307876
-2.57812 0.0295664

-2.57812 0.0295664
-2.5625 0.0283944

-2.5625 0.0283948
-2.54688 0.0272711

-2.54688 0.0272716
-2.53125 0.0261943

-2.53125 0.0261948
-2.51562 0.0251618

-2.51562 0.0251622
-2.5 0.0241719

-0.75 -0.0250056
-0.734375 -0.0252943

-0.734375 -0.0252953
-0.71875 -0.0255685

0.3125 -0.0199243
0.328125 -0.0198008

0.328125 -0.0198008
0.34375 -0.0196746

1.9375 0.00717116
1.95312 0.00735145

0.34375 -0.0196745
0.359375 -0.0195457

0.359375 -0.0195455
0.375 -0.0194149

1.95312 0.00735126
1.96875 0.00751992

1.96875 0.00751978
1.98438 0.00767746

1.98438 0.00767736
2 0.00782456

-2.5 0.0241718
-2.48438 0.0232237

-2.48438 0.0232231
-2.46875 0.0223185

-2.46875 0.0223178
-2.45312 0.0214594

-2.45312 0.0214589
-2.4375 0.020649

0.375 -0.0194147
0.390625 -0.0192832

0.390625 -0.019283
0.40625 -0.0191517

-0.71875 -0.0255694
-0.703125 -0.0258232

-0.703125 -0.0258239
-0.6875 -0.0260552

-2.4375 0.0206494
-2.42188 0.0198881

-2.42188 0.0198896
-2.40625 0.0191732

0.40625 -0.0191514
0.421875 -0.0190214

0.421875 -0.0190211
0.4375 -0.0188935

0.4375 -0.0188931
0.453125 -0.0187693

0.453125 -0.0187688
0.46875 -0.0186502

-0.6875 -0.0260557
-0.671875 -0.0262623

-0.671875 -0.0262624
-0.65625 -0.026443

-2.40625 0.0191754
-2.39062 0.0184969

-2.39062 0.0184989
-2.375 0.0178499

0.46875 -0.0186497
0.484375 -0.0185381

0.484375 -0.0185376
0.5 -0.0184348

-0.65625 -0.026443
-0.640625 -0.0265972

-2.375 0.017851
-2.35938 0.0172252

-2.35938 0.0172252
-2.34375 0.0166206

-0.640625 -0.026597
-0.625 -0.0267253

-0.625 -0.0267252
-0.609375 -0.0268282

-0.609375 -0.026828
-0.59375 -0.0269065

-0.59375 -0.0269064
-0.578125 -0.0269609

-0.578125 -0.0269609
-0.5625 -0.0269917

-0.5625 -0.0269916
-0.546875 -0.0269989

-0.546875 -0.0269988
-0.53125 -0.026983

-0.53125 -0.0269828
-0.515625 -0.0269445

-0.515625 -0.0269442
-0.5 -0.0268843

-2.34375 0.0166202
-2.32812 0.0160374

-2.3125 0.0154765
-2.31663 0.015625

-2.32812 0.0160381
-2.31663 0.015625

-2.3125 0.0154796
-2.29688 0.0149328

-2.29688 0.0149348
-2.28125 0.0143928

-2.28125 0.0143939
-2.26562 0.0138508

-2.26562 0.0138523
-2.25 0.0133029

0.5 -0.0184344
0.515625 -0.018342

0.515625 -0.0183418
0.53125 -0.0182609

0.53125 -0.018261
0.546875 -0.0181919

0.546875 -0.0181921
0.5625 -0.0181341

-0.5 -0.0268839
-0.484375 -0.0268039

-0.484375 -0.0268034
-0.46875 -0.0267049

-2.25 0.0133043
-2.23438 0.0127429

-2.23438 0.0127437
-2.21875 0.0121659

-0.46875 -0.0267044
-0.453125 -0.0265894

-0.453125 -0.0265888
-0.4375 -0.0264596

-2.21875 0.0121662
-2.20312 0.01157

0.5625 -0.0181345
0.578125 -0.018086

-0.4375 -0.026459
-0.421875 -0.0263177

-2.20312 0.0115698
-2.1875 0.0109552

0.578125 -0.0180865
0.59375 -0.0180458

-2.1875 0.0109545
-2.17188 0.0103235

-2.17188 0.0103224
-2.15625 0.0096788

0.59375 -0.0180462
0.609375 -0.0180113

-2.15625 0.00967712
-2.14062 0.00902657

-2.14062 0.00902447
-2.125 0.00837453

0.609375 -0.0180117
0.625 -0.0179808

-0.421875 -0.026317
-0.40625 -0.0261662

-0.40625 -0.0261655
-0.390625 -0.0260077

-0.390625 -0.026007
-0.375 -0.0258452

0.625 -0.0179811
0.640625 -0.0179528

-0.375 -0.0258445
-0.359375 -0.0256816

-0.359375 -0.0256809
-0.34375 -0.0255195

-2.125 0.00837268
-2.10938 0.00773126

0.640625 -0.0179531
0.65625 -0.0179261

-2.10938 0.00773051
-2.09375 0.00710279

-2.09375 0.00710358
-2.07812 0.00648948

-2.07812 0.00649136
-2.0625 0.00588554

-0.34375 -0.025519
-0.328125 -0.0253613

-0.328125 -0.0253611
-0.3125 -0.0252086

0.65625 -0.0179264
0.671875 -0.0178999

0.671875 -0.0179
0.6875 -0.0178731

-2.0625 0.00588754
-2.04688 0.00528224

-2.04688 0.00528341
-2.03125 0.00467228

-2.03125 0.00467208
-2.01562 0.00405316

-2.01562 0.00405164
-2 0.0034284

0.6875 -0.0178733
0.703125 -0.0178453

0.703125 -0.0178454
0.71875 -0.0178158

-0.3125 -0.0252085
-0.296875 -0.0250617

-0.296875 -0.0250619
-0.28125 -0.0249205

-0.28125 -0.0249208
-0.265625 -0.0247838

-0.265625 -0.0247842
-0.25 -0.0246502

0.71875 -0.0178159
0.734375 -0.0177841

0.734375 -0.0177843
0.75 -0.0177499

-0.25 -0.0246506
-0.234375 -0.0245184

-0.234375 -0.0245186
-0.21875 -0.0243871

2 0.00782449
2.01562 0.00796153

2.01562 0.00796149
2.03125 0.00808859

-0.21875 -0.0243872
-0.203125 -0.0242556

-0.203125 -0.0242557
-0.1875 -0.0241238

2.03125 0.00808858
2.04688 0.00820584

2.04688 0.00820585
2.0625 0.0083133

-0.1875 -0.0241237
-0.171875 -0.0239915

-0.171875 -0.0239914
-0.15625 -0.0238591

-0.15625 -0.023859
-0.140625 -0.023727

-0.140625 -0.0237269
-0.125 -0.0235956

2.0625 0.00831332
2.07812 0.00841088

-0.125 -0.0235955
-0.109375 -0.023465

2.07812 0.00841091
2.09375 0.0084985

-0.109375 -0.023465
-0.09375 -0.0233353

-0.09375 -0.0233353
-0.078125 -0.0232065

0.75 -0.0177501
0.765625 -0.0177123

2.09375 0.00849853
2.10938 0.00857604

0.765625 -0.0177126
0.78125 -0.0176704

0.78125 -0.0176707
0.796875 -0.0176227

0.796875 -0.0176231
0.8125 -0.0175679

-0.078125 -0.0232066
-0.0625 -0.0230785

-0.0625 -0.0230785
-0.046875 -0.0229511

-1.90625 -3.8253e-05
-1.90739 0

0.8125 -0.0175683
0.828125 -0.0175042

-1.90625 -3.62804e-05
-1.89062 -0.000539299

0.828125 -0.0175046
0.84375 -0.0174301

-1.89062 -0.000538219
-1.875 -0.0010246

-0.046875 -0.0229511
-0.03125 -0.0228243

-0.03125 -0.0228243
-0.015625 -0.0226981

2.10938 0.00857606
2.125 0.00864342

0.84375 -0.0174305
0.859375 -0.0173443

0.859375 -0.0173446
0.875 -0.0172452

-0.015625 -0.0226981
0 -0.0225723

2.125 0.00864342
2.14062 0.0087006

0.875 -0.0172455
0.890625 -0.0171318

0.890625 -0.0171321
0.90625 -0.0170027

0.90625 -0.0170031
0.921875 -0.0168567

0.921875 -0.016857
0.9375 -0.0166923

2.14062 0.00870057
2.15625 0.00874765

2.15625 0.0087476
2.17188 0.00878474

2.17188 0.00878467
2.1875 0.00881212

2.1875 0.00881205
2.20312 0.00883009

2.20312 0.00883004
2.21875 0.00883892

-1.875 -0.0010246
-1.85938 -0.00149651

2.21875 0.0088389
2.23438 0.00883877

2.23438 0.00883881
2.25 0.00882961

0.9375 -0.0166926
0.953125 -0.0165081

0.953125 -0.0165084
0.96875 -0.0163029

-1.85938 -0.00149682
-1.84375 -0.00195366

-1.84375 -0.00195392
-1.82812 -0.00239456

0.96875 -0.0163032
0.984375 -0.0160756

0.984375 -0.0160758
1 -0.0158253

-1.82812 -0.00239459
-1.8125 -0.0028184

2.25 0.00882972
2.26562 0.00881114

2.26562 0.00881131
2.28125 0.00878282

2.28125 0.00878304
2.29688 0.00874387

2.29688 0.00874411
2.3125 0.00869336

-1.8125 -0.00281812
-1.79688 -0.00322559

-1.79688 -0.00322507
-1.78125 -0.0036178

2.3125 0.0086936
2.32812 0.00863029

2.32812 0.00863052
2.34375 0.00855369

2.34375 0.0085539
2.35938 0.00846269

2.35938 0.00846287
2.375 0.00835651

-1.78125 -0.00361721
-1.76562 -0.00399744

-1.76562 -0.00399686
-1.75 -0.00436695

2.375 0.00835667
2.39062 0.00823449

2.39062 0.00823463
2.40625 0.00809601

2.40625 0.00809616
2.42188 0.00794052

2.42188 0.00794066
2.4375 0.00776742

2.4375 0.00776757
2.45312 0.00757616

2.45312 0.00757631
2.46875 0.00736615

2.46875 0.0073663
2.48438 0.00713681

-1.75 -0.00436634
-1.73438 -0.0047287

-1.73438 -0.00472803
-1.71875 -0.00508523

-1.71875 -0.00508447
-1.70312 -0.00543937

-1.70312 -0.00543855
-1.6875 -0.00579429

-1.6875 -0.00579344
-1.67188 -0.00615339

-1.67188 -0.00615256
-1.65625 -0.00652011

2.48438 0.00713695
2.5 0.00688757

-1.65625 -0.00651936
-1.64062 -0.00689767

-1.64062 -0.00689704
-1.625 -0.00728886

-1.625 -0.00728841
-1.60938 -0.00769592

-1.60938 -0.00769567
-1.59375 -0.00812027

-1.59375 -0.00812024
-1.57812 -0.00856249

-1.57812 -0.00856263
-1.5625 -0.0090223

-1.5625 -0.00902264
-1.54688 -0.00949876

-1.54688 -0.0094993
-1.53125 -0.00999008

-1.53125 -0.00999075
-1.51562 -0.0104937

-1.51562 -0.0104944
-1.5 -0.0110069

-2 0.00342616
-1.98438 0.00280613

-1.98438 0.00280409
-1.96875 0.00219583

-1.96875 0.00219468
-1.95312 0.00160456

-1.95312 0.00160431
-1.9375 0.00103512

-1.9375 0.001035
-1.92188 0.000487459

2.75 -0.000296367
2.74306 0

-1.92188 0.00048693
-1.90737 0

1 -0.0158254
1.01139 -0.015625

1.01145 -0.015625
1.01562 -0.0155516

1.01562 -0.0155502
1.03125 -0.0152516

1.03125 -0.0152509
1.04688 -0.0149312

1.04688 -0.0149306
1.0625 -0.0145921

2.75 -0.000297103
2.76562 -0.00100234

2.76562 -0.00100265
2.78125 -0.00174683

2.78125 -0.00174662
2.79688 -0.00252955

1.0625 -0.0145917
1.07812 -0.014236

1.07812 -0.0142358
1.09375 -0.0138642

1.09375 -0.013864
1.10938 -0.0134773

2.79688 -0.00252931
2.8125 -0.00335189

2.8125 -0.00335096
2.82812 -0.00421553

2.82812 -0.00421561
2.84375 -0.00512385

2.84375 -0.00512309
2.85938 -0.00607636

-1.5 -0.0110076
-1.48438 -0.0115268

-1.48438 -0.0115274
-1.46875 -0.0120509

1.10938 -0.0134771
1.125 -0.0130764

-1.46875 -0.0120514
-1.45312 -0.0125767

1.125 -0.0130761
1.14062 -0.0126625

1.14062 -0.0126622
1.15625 -0.0122369

-1.45312 -0.0125773
-1.4375 -0.0131021

2.85938 -0.00607656
2.875 -0.00707599

1.15625 -0.0122366
1.17188 -0.0118007

1.17188 -0.0118004
1.1875 -0.0113549

-1.4375 -0.0131028
-1.42188 -0.0136249

2.875 -0.0070746
2.89062 -0.00812261

-1.42188 -0.0136257
-1.40625 -0.0141423

-1.40625 -0.0141433
-1.39062 -0.0146509

-1.39062 -0.0146523
-1.375 -0.0151459

1.1875 -0.0113546
1.20312 -0.0109004

-1.375 -0.0151475
-1.35938 -0.0156208

-1.34375 -0.016071
-1.35922 -0.015625

-1.35938 -0.0156191
-1.35917 -0.015625

-1.34375 -0.0160716
-1.32812 -0.0164988

1.20312 -0.0109002
1.21875 -0.0104381

1.21875 -0.0104379
1.23438 -0.00996899

2.89062 -0.00812285
2.90625 -0.00922173

2.90625 -0.0092203
2.92188 -0.0103724

1.23438 -0.00996869
1.25 -0.00949402

2.92188 -0.0103736
2.9375 -0.0115794

-1.32812 -0.0165
-1.3125 -0.0169003

-1.3125 -0.0169009
-1.29688 -0.017271

-1.29688 -0.0172711
-1.28125 -0.0176095

2.9375 -0.0115771
2.95312 -0.0128389

2.95312 -0.012841
2.96875 -0.0141594

2.96875 -0.0141565
2.98438 -0.0155333

3 -0.0169839
2.98548 -0.015625

2.98438 -0.0155348
2.98534 -0.015625

2.5 0.0068877
2.51562 0.00661793

2.51562 0.00661803
2.53125 0.00632742

2.53125 0.00632752
2.54688 0.00601569

2.54688 0.00601577
2.5625 0.00568235

-1.28125 -0.0176093
-1.26562 -0.0179164

-1.26562 -0.0179159
-1.25 -0.0181931

2.5625 0.00568246
2.57812 0.00532705

2.57812 0.00532717
2.59375 0.00494931

2.59375 0.0049495
2.60938 0.00454855

1.25 -0.00949367
1.26562 -0.00901452

-1.25 -0.0181925
-1.23438 -0.018442

1.26562 -0.00901413
1.28125 -0.00853196

1.28125 -0.00853156
1.29688 -0.00804793

-1.23438 -0.0184414
-1.21875 -0.0186657

-1.21875 -0.0186651
-1.20312 -0.0188668

-1.20312 -0.0188661
-1.1875 -0.0190477

1.29688 -0.00804756
1.3125 -0.00756403

1.3125 -0.00756372
1.32812 -0.00708167

2.60938 0.00454877
2.625 0.00412392

-1.1875 -0.019047
-1.17188 -0.0192111

2.625 0.00412422
2.64062 0.00367444

1.32812 -0.00708137
1.34375 -0.006602

1.34375 -0.0066018
1.35938 -0.00612611

2.64062 0.00367476
2.65625 0.00319879

1.35938 -0.00612597
1.375 -0.00565466

2.65625 0.00319924
2.67188 0.00269553

1.375 -0.00565454
1.39062 -0.00518812

2.67188 0.00269596
2.6875 0.00216273

-1.17188 -0.0192103
-1.15625 -0.0193601

-1.15625 -0.0193593
-1.14062 -0.019498

-1.14062 -0.0194971
-1.125 -0.0196282

2.6875 0.00216328
2.70312 0.00159856

2.70312 0.00159891
2.71875 0.0010009

2.71875 0.00100094
2.73438 0.000368858

2.73438 0.000368142
2.74299 0

1.39062 -0.00518803
1.40625 -0.0047269

1.40625 -0.00472683
1.42188 -0.00427132

-1.125 -0.0196274
-1.10938 -0.0197543

-1.10938 -0.0197535
-1.09375 -0.0198797

1.42188 -0.00427126
1.4375 -0.00382166

1.4375 -0.00382163
1.45312 -0.00337811

1.45312 -0.00337812
1.46875 -0.00294076

1.46875 -0.00294081
1.48438 -0.00250947

1.48438 -0.00250958
1.5 -0.00208394

3 -0.017773
3.03125 -0.0177562

3.03125 -0.0178258
3.0625 -0.0132057

3.0625 -0.0131193
3.10711 0

3.5 -0.000118398
3.4944 0

3.09544 0
3.125 0.00869315

-1.09375 -0.0198789
-1.07812 -0.0200076

-1.07812 -0.0200069
-1.0625 -0.0201409

3.125 0.0169875
3.25 0.0295192

3.25 0.0168613
3.5 0.0111364

-1.0625 -0.0201404
-1.04688 -0.0202819

-1.04688 -0.0202815
-1.03125 -0.0204321

3.5 -0.00176856
4 -0.00987433

3.5 0.000471359
3.52908 0

-1.03125 -0.0204319
-1.01562 -0.0205928

-1.01562 -0.0205926
-1 -0.0207645

