-4 -0.00955141
-3.78044 0

1.5 -0.159654
1.51562 -0.16081

1.51562 -0.16081
1.53125 -0.161961

1.53125 -0.161961
1.54688 -0.163106

1.54688 -0.163106
1.5625 -0.164242

-3.66287 0
-3.5 0.00708543

-3.5 0.00398807
-3.25 0.0355174

-3.25 0.0199375
-3.125 0.0532019

-3.125 0.0540702
-3.10957 0.0625

-3.1156 0.0625
-3.0625 0.0920005

1.5625 -0.164242
1.57812 -0.16537

1.57812 -0.16537
1.59375 -0.166489

1.59375 -0.166489
1.60938 -0.167601

-3.0625 0.0914081
-3.05891 0.09375

-3.0625 0.0939985
-3.03125 0.114595

1.60938 -0.167601
1.625 -0.168705

-3.03125 0.1151
-3.0134 0.125

-3.01627 0.125
-3 0.133992

1.625 -0.168705
1.64062 -0.169802

1.64062 -0.169802
1.65625 -0.170894

1.67188 -0.171976
1.67041 -0.171875

1.65625 -0.170895
1.67038 -0.171875

1.67188 -0.17198
1.6875 -0.173051

1.6875 -0.173053
1.70312 -0.174105

1.70312 -0.174108
1.71875 -0.175129

1.71875 -0.175131
1.73438 -0.176112

1.73438 -0.176112
1.75 -0.177048

0 -0.0107247
0.015625 -0.0124404

0.015625 -0.0124406
0.03125 -0.0141682

0.046875 -0.015908
0.0443307 -0.015625

0.03125 -0.0141685
0.0443423 -0.015625

0.046875 -0.0159076
0.0625 -0.0176542

0.0625 -0.0176551
0.078125 -0.0194071

0.078125 -0.0194081
0.09375 -0.0211615

0.09375 -0.0211624
0.109375 -0.0229136

0.109375 -0.0229143
0.125 -0.0246601

1.75 -0.177045
1.76562 -0.177941

1.76562 -0.177936
1.78125 -0.178808

1.78125 -0.178803
1.79688 -0.179668

1.79688 -0.179666
1.8125 -0.180537

0.125 -0.0246605
0.140625 -0.026399

0.140625 -0.0263989
0.15625 -0.0281296

0.1875 -0.0315808
0.184493 -0.03125

0.15625 -0.0281292
0.171875 -0.0298531

0.171875 -0.0298503
0.184596 -0.03125

0.1875 -0.031571
0.203125 -0.0332879

1.8125 -0.180538
1.82812 -0.181418

1.82812 -0.181421
1.84375 -0.182303

1.84375 -0.182307
1.85938 -0.183175

1.85938 -0.183178
1.875 -0.184021

0.203125 -0.0332871
0.21875 -0.0350046

0.21875 -0.0350038
0.234375 -0.036725

0.234375 -0.0367243
0.25 -0.0384522

1.875 -0.184023
1.89062 -0.184832

1.89062 -0.184833
1.90625 -0.185604

1.90625 -0.185604
1.92188 -0.186334

1.92188 -0.186335
1.9375 -0.187023

1.95312 -0.187672
1.94896 -0.1875

1.95312 -0.187667
1.96875 -0.188278

1.96875 -0.188276
1.98438 -0.188863

1.98438 -0.18886
2 -0.189433

1.9375 -0.187021
1.94907 -0.1875

0.25 -0.0384516
0.265625 -0.0401887

0.265625 -0.0401884
0.28125 -0.0419366

0.28125 -0.0419365
0.296875 -0.0436967

0.296875 -0.0436969
0.3125 -0.0454692

0.328125 -0.0472595
0.324755 -0.046875

-3 0.132594
-2.96875 0.145044

-2.96875 0.144558
-2.95312 0.149492

-2.95312 0.149493
-2.9375 0.154104

-2.9375 0.153999
-2.92934 0.15625

-2.93002 0.15625
-2.92188 0.158498

0.3125 -0.0454678
0.324831 -0.046875

0.328125 -0.0472533
0.34375 -0.0490453

0.34375 -0.0490461
0.359375 -0.0508443

0.359375 -0.0508451
0.375 -0.0526464

-1 0.0970561
-0.984375 0.0954248

0.375 -0.0526471
0.390625 -0.0544483

0.390625 -0.0544489
0.40625 -0.0562474

0.40625 -0.0562477
0.421875 -0.0580418

0.421875 -0.058042
0.4375 -0.0598303

-2.92188 0.158405
-2.90625 0.162431

-2.90625 0.162423
-2.89062 0.16618

-2.89062 0.166178
-2.875 0.169684

0.46875 -0.0633896
0.460909 -0.0625

0.46875 -0.0633855
0.484375 -0.0651473

0.484375 -0.0651479
0.5 -0.0668965

0.4375 -0.0598306
0.453125 -0.0616119

0.453125 -0.0616078
0.460989 -0.0625

-2.875 0.169575
-2.86402 0.171875

-2.86544 0.171875
-2.85938 0.173146

-2.85938 0.172951
-2.84375 0.176007

-2.84375 0.176003
-2.82812 0.178848

-0.984375 0.0954246
-0.96875 0.0937873

-0.953125 0.0921446
-0.968396 0.09375

-0.953125 0.0921442
-0.9375 0.0904974

-2.82812 0.178847
-2.8125 0.181493

-2.8125 0.181489
-2.79688 0.183947

-2.79688 0.183945
-2.78125 0.186225

-2.78125 0.186178
-2.7715 0.1875

-2.77228 0.1875
-2.76562 0.188402

-0.96875 0.0937845
-0.968421 0.09375

-2.76562 0.188339
-2.75 0.190303

-0.9375 0.0904971
-0.921875 0.0888475

-0.921875 0.0888474
-0.90625 0.087196

-0.90625 0.087196
-0.890625 0.0855433

-0.890625 0.0855435
-0.875 0.083889

-0.875 0.0838892
-0.859375 0.0822321

-2.75 0.1903
-2.73438 0.192114

-2.73438 0.192114
-2.71875 0.193782

-2.71875 0.19378
-2.70312 0.195308

-2.70312 0.195307
-2.6875 0.196704

-2.6875 0.196703
-2.67188 0.197975

-2.67188 0.197972
-2.65625 0.199125

-2.65625 0.199124
-2.64062 0.200164

-2.64062 0.200164
-2.625 0.201095

-2.625 0.201093
-2.60938 0.20192

-2.60938 0.20192
-2.59375 0.202648

-2.59375 0.202641
-2.58189 0.203125

-2.58215 0.203125
-2.57812 0.203289

-2.57812 0.203283
-2.5625 0.203833

-2.5625 0.203833
-2.54688 0.204292

-2.54688 0.204291
-2.53125 0.204663

-2.53125 0.204662
-2.51562 0.204949

-2.51562 0.204949
-2.5 0.205154

-0.859375 0.0822324
-0.84375 0.0805717

-0.84375 0.0805718
-0.828125 0.0789068

-0.8125 0.0772377
-0.820805 0.078125

-0.828125 0.0789064
-0.820811 0.078125

0.5 -0.066897
0.515625 -0.0686302

-0.8125 0.0772372
-0.796875 0.0755638

-0.796875 0.0755634
-0.78125 0.073887

-2.5 0.205153
-2.48438 0.20528

-2.48438 0.205278
-2.46875 0.205333

-2.46875 0.205331
-2.45312 0.205319

-2.45312 0.205318
-2.4375 0.205242

-2.4375 0.205241
-2.42188 0.205108

-2.42188 0.205107
-2.40625 0.20492

-2.40625 0.204919
-2.39062 0.20468

-2.39062 0.204679
-2.375 0.20439

-0.78125 0.0738866
-0.765625 0.072209

-0.765625 0.0722086
-0.75 0.070531

-2.375 0.20439
-2.35938 0.204052

-2.35938 0.204052
-2.34375 0.203669

-2.34375 0.203668
-2.32812 0.20324

-2.3125 0.202768
-2.32426 0.203125

0.515625 -0.0686307
0.53125 -0.0703467

-2.32812 0.203239
-2.32437 0.203125

-0.75 0.0705307
-0.734375 0.0688547

-2.3125 0.202766
-2.29688 0.202245

-2.29688 0.202242
-2.28125 0.201681

-0.734375 0.0688543
-0.71875 0.0671815

-0.71875 0.0671811
-0.703125 0.0655129

-0.703125 0.0655126
-0.6875 0.0638504

2 -0.18943
2.01562 -0.189998

2.01562 -0.189996
2.03125 -0.190569

-0.671875 0.0621943
-0.674761 0.0625

2.03125 -0.190566
2.04688 -0.191155

-2.28125 0.201681
-2.26562 0.201086

0.53125 -0.0703472
0.546875 -0.0720438

2.04688 -0.191153
2.0625 -0.191764

-0.671875 0.0621949
-0.65625 0.0605483

-2.26562 0.201085
-2.25 0.200456

0.546875 -0.0720442
0.5625 -0.0737198

2.0625 -0.191763
2.07812 -0.192403

0.5625 -0.07372
0.578125 -0.0753734

0.578125 -0.0753735
0.59375 -0.0770043

0.609375 -0.0786326
0.604444 -0.078125

0.59375 -0.0769952
0.604726 -0.078125

0.609375 -0.0786126
0.625 -0.0801983

-2.25 0.200456
-2.23438 0.199797

-2.23438 0.199797
-2.21875 0.19911

-2.21875 0.19911
-2.20312 0.198398

-2.20312 0.198398
-2.1875 0.197661

0.625 -0.080198
0.640625 -0.0817616

0.640625 -0.0817613
0.65625 -0.083304

0.65625 -0.0833032
0.671875 -0.0848271

0.671875 -0.0848262
0.6875 -0.0863347

-0.65625 0.0605482
-0.640625 0.0589106

-0.640625 0.0589108
-0.625 0.0572817

-0.6875 0.0638503
-0.674751 0.0625

2.07812 -0.192403
2.09375 -0.193074

2.09375 -0.193075
2.10938 -0.193777

2.10938 -0.193778
2.125 -0.194509

-0.625 0.0572824
-0.609375 0.0556599

2.125 -0.19451
2.14062 -0.195266

2.14062 -0.195268
2.15625 -0.196041

0.6875 -0.0863338
0.703125 -0.0878303

2.15625 -0.196044
2.17188 -0.196826

0.703125 -0.0878293
0.71875 -0.0893175

-0.609375 0.0556609
-0.59375 0.0540415

-2.1875 0.197661
-2.17188 0.196899

0.71875 -0.0893163
0.734375 -0.0908006

-2.17188 0.196899
-2.15625 0.196111

0.734375 -0.0907998
0.75 -0.0922844

-2.15625 0.196111
-2.14062 0.195297

2.17188 -0.196829
2.1875 -0.197612

-2.14062 0.195297
-2.125 0.194458

-0.59375 0.0540427
-0.578125 0.052422

-0.578125 0.0524231
-0.5625 0.0507966

-2.125 0.194457
-2.10938 0.193592

-2.10938 0.193592
-2.09375 0.192702

0.765625 -0.0938056
0.765042 -0.09375

0.765625 -0.0937723
0.78125 -0.0952666

2.1875 -0.197614
2.20312 -0.19839

2.20312 -0.198392
2.21875 -0.199153

-0.5625 0.0507974
-0.546875 0.0491614

-0.546875 0.0491617
-0.53125 0.0475139

-2.09375 0.192702
-2.07812 0.191788

-2.07812 0.191788
-2.0625 0.19085

0.75 -0.0922824
0.765403 -0.09375

-2 0.18687
-2.00957 0.1875

-2.0625 0.19085
-2.04688 0.189888

2.21875 -0.199155
2.23438 -0.199892

-2.04688 0.189887
-2.03125 0.188903

2.23438 -0.199895
2.25 -0.200598

-0.515625 0.045854
-0.525237 0.046875

-2.03125 0.188903
-2.01562 0.187897

0.78125 -0.0952659
0.796875 -0.0967664

0.796875 -0.0967664
0.8125 -0.0982744

-0.53125 0.0475137
-0.525237 0.046875

0.8125 -0.0982741
0.828125 -0.0997902

-2.01562 0.187896
-2.00961 0.1875

-0.515625 0.0458538
-0.5 0.0441831

0.828125 -0.09979
0.84375 -0.101315

0.84375 -0.101314
0.859375 -0.10285

2.25 -0.2006
2.26562 -0.20126

2.26562 -0.201263
2.28125 -0.201869

0.859375 -0.102849
0.875 -0.104397

2.28125 -0.201869
2.29688 -0.202414

2.29688 -0.20242
2.3125 -0.202892

0.875 -0.104397
0.890625 -0.105958

2.32812 -0.203282
2.32183 -0.203125

2.3125 -0.202893
2.32183 -0.203125

2.32812 -0.203282
2.34375 -0.203587

0.890625 -0.105959
0.90625 -0.107533

0.90625 -0.107534
0.921875 -0.109119

2.34375 -0.203589
2.35938 -0.203807

2.35938 -0.203808
2.375 -0.203936

-0.09375 -0.00061951
-0.0995261 0

2.375 -0.203937
2.39062 -0.203972

2.39062 -0.203973
2.40625 -0.203911

0.9375 -0.110712
0.924381 -0.109375

0.921875 -0.109118
0.924395 -0.109375

-0.09375 -0.000615082
-0.078125 -0.0022903

2.40625 -0.203913
2.42188 -0.203746

0.9375 -0.110713
0.953125 -0.112311

0.953125 -0.112312
0.96875 -0.11391

-0.078125 -0.00228983
-0.0625 -0.00396606

2.42188 -0.203747
2.4375 -0.203469

0.96875 -0.113911
0.984375 -0.115506

0.984375 -0.115507
1 -0.117096

-0.0625 -0.00396549
-0.046875 -0.00564481

-0.046875 -0.00564412
-0.03125 -0.00732905

-0.03125 -0.00732839
-0.015625 -0.00902161

-0.015625 -0.00902113
0 -0.0107249

2.4375 -0.20347
2.45121 -0.203125

2.45123 -0.203125
2.45312 -0.203077

2.45312 -0.203071
2.46875 -0.202574

-0.5 0.0441825
-0.484375 0.0425027

-0.484375 0.0425021
-0.46875 0.0408156

-0.46875 0.0408153
-0.453125 0.0391239

-0.453125 0.039124
-0.4375 0.0374281

2.46875 -0.202575
2.48438 -0.201986

2.48438 -0.201993
2.5 -0.201297

-0.4375 0.0374285
-0.421875 0.0357272

-0.421875 0.035728
-0.40625 0.0340187

-0.375 0.0305658
-0.381162 0.03125

-0.40625 0.0340196
-0.390625 0.0322991

-0.390625 0.0322991
-0.381175 0.03125

-0.375 0.0305654
-0.359375 0.0288143

-0.359375 0.0288141
-0.34375 0.0270462

-0.34375 0.0270452
-0.328125 0.0252627

-0.328125 0.025261
-0.3125 0.0234691

-0.3125 0.023467
-0.296875 0.0216735

-0.296875 0.0216715
-0.28125 0.0198843

-0.28125 0.019883
-0.265625 0.0181091

-0.265625 0.0181086
-0.25 0.0163518

-0.234375 0.0146105
-0.243489 0.015625

-0.25 0.0163553
-0.243439 0.015625

-0.234375 0.0146134
-0.21875 0.0128902

-0.21875 0.0128911
-0.203125 0.0111812

-0.203125 0.0111821
-0.1875 0.00948215

-0.1875 0.00948275
-0.171875 0.00778963

-0.171875 0.00778995
-0.15625 0.00610187

-0.15625 0.00610202
-0.140625 0.00441803

-0.140625 0.00441817
-0.125 0.00273767

-0.125 0.00273788
-0.109375 0.00106017

-0.109375 0.0010628
-0.0994659 0

1.09375 -0.126394
1.07935 -0.125

1.09375 -0.126394
1.10938 -0.127889

1.10938 -0.127889
1.125 -0.129366

1 -0.117097
1.01562 -0.118678

2.5 -0.201296
2.51562 -0.200482

2.51562 -0.200484
2.53125 -0.199547

1.01562 -0.118678
1.03125 -0.120249

-2 0.186867
-1.98438 0.185814

2.53125 -0.199548
2.54688 -0.198481

-1.98438 0.185814
-1.96875 0.184739

-1.96875 0.184739
-1.95312 0.183645

-1.95312 0.183644
-1.9375 0.182534

1.03125 -0.12025
1.04688 -0.121808

1.04688 -0.121808
1.0625 -0.123352

2.54688 -0.198483
2.5625 -0.19728

2.5625 -0.197282
2.57812 -0.195935

2.57812 -0.195937
2.59375 -0.19444

1.0625 -0.123353
1.07812 -0.124882

1.07812 -0.124881
1.07935 -0.125

-1.9375 0.182534
-1.92188 0.18141

1.125 -0.129366
1.14062 -0.130824

1.14062 -0.130824
1.15625 -0.132261

2.59375 -0.194439
2.60938 -0.192791

2.60938 -0.192793
2.625 -0.190991

1.15625 -0.132262
1.17188 -0.133678

1.17188 -0.133678
1.1875 -0.135072

-1.92188 0.181411
-1.90625 0.180275

1.1875 -0.135072
1.20312 -0.136443

-1.90625 0.180275
-1.89062 0.179125

-1.89062 0.179125
-1.875 0.177961

1.20312 -0.136443
1.21875 -0.137792

1.21875 -0.137792
1.23438 -0.139119

2.625 -0.190995
2.64062 -0.189029

-1.875 0.177962
-1.85938 0.176781

2.64062 -0.189035
2.6519 -0.1875

2.65163 -0.1875
2.65625 -0.186871

2.65625 -0.186902
2.67188 -0.184611

1.23438 -0.139119
1.25 -0.140426

-1.85938 0.176781
-1.84375 0.175584

-1.84375 0.175584
-1.82812 0.174371

-1.82812 0.174371
-1.8125 0.173141

2.67188 -0.184614
2.6875 -0.182141

1.26562 -0.141715
1.25241 -0.140625

1.25 -0.140425
1.25242 -0.140625

-1.8125 0.173141
-1.79688 0.171895

-1.78125 0.170635
-1.79662 0.171875

-1.79688 0.171891
-1.79668 0.171875

-1.78125 0.170634
-1.76562 0.169359

-1.76562 0.169359
-1.75 0.168072

1.26562 -0.141715
1.28125 -0.142987

1.28125 -0.142986
1.29688 -0.144243

2.6875 -0.182143
2.70312 -0.179481

2.70312 -0.179483
2.71875 -0.176623

2.71875 -0.176629
2.73438 -0.173555

1.29688 -0.144242
1.3125 -0.145484

1.3125 -0.145484
1.32812 -0.146712

1.32812 -0.146712
1.34375 -0.147929

1.34375 -0.147929
1.35938 -0.149134

2.73438 -0.173643
2.74276 -0.171875

-1.75 0.168071
-1.73438 0.166772

2.74189 -0.171875
2.75 -0.170164

1.35938 -0.149133
1.375 -0.150328

-1.73438 0.166772
-1.71875 0.165462

2.75 -0.17026
2.76562 -0.166738

2.76562 -0.166746
2.78125 -0.162977

2.78125 -0.162985
2.79688 -0.158937

2.79688 -0.159051
2.80696 -0.15625

1.375 -0.150327
1.39062 -0.151511

1.39062 -0.151511
1.40625 -0.152686

-1.71875 0.165462
-1.70312 0.16414

-1.70312 0.16414
-1.6875 0.162808

-1.6875 0.162808
-1.67188 0.161466

-1.67188 0.161466
-1.65625 0.160114

-1.65625 0.160114
-1.64062 0.158753

-1.64062 0.158753
-1.625 0.15738

1.40625 -0.152685
1.42188 -0.153853

-1.60938 0.155998
-1.61222 0.15625

1.42188 -0.153852
1.4375 -0.155015

2.80589 -0.15625
2.8125 -0.154414

-1.60938 0.155998
-1.59375 0.154604

-1.625 0.15738
-1.61223 0.15625

-1.59375 0.154604
-1.57812 0.153199

-1.57812 0.153199
-1.5625 0.151785

1.46875 -0.157335
1.45413 -0.15625

1.4375 -0.155015
1.45312 -0.156175

1.45312 -0.156175
1.45413 -0.15625

1.46875 -0.157335
1.48438 -0.158495

-1.5625 0.151785
-1.54688 0.150361

-1.54688 0.150361
-1.53125 0.148928

-1.53125 0.148927
-1.51562 0.147486

-1.51562 0.147486
-1.5 0.146037

1.48438 -0.158495
1.5 -0.159654

2.8125 -0.154602
2.82812 -0.149958

2.82812 -0.149966
2.84375 -0.144989

2.84375 -0.145064
2.85675 -0.140625

2.85573 -0.140625
2.85938 -0.139379

2.85938 -0.141632
2.86213 -0.140625

2.85938 -0.139577
2.875 -0.133863

2.875 -0.133963
2.89062 -0.127836

2.89062 -0.128303
2.89848 -0.125

2.89652 -0.125
2.90625 -0.120905

2.90625 -0.121281
2.92188 -0.11422

2.92188 -0.114598
2.93263 -0.109375

2.93061 -0.109375
2.9375 -0.106026

2.9375 -0.106652
2.95312 -0.0984854

2.95312 -0.0986741
2.96187 -0.09375

2.9612 -0.09375
2.96875 -0.0894987

2.96875 -0.0897286
2.98438 -0.0801978

2.98438 -0.0820649
2.99064 -0.078125

2.98648 -0.078125
3 -0.0691649

-1.5 0.146037
-1.48438 0.14458

-1.48438 0.14458
-1.46875 0.143116

-1.46875 0.143116
-1.45312 0.141647

-1.4375 0.140173
-1.44229 0.140625

-1.45312 0.141646
-1.44231 0.140625

-1.4375 0.140171
-1.42188 0.138691

-1.42188 0.138691
-1.40625 0.137207

-1.40625 0.137207
-1.39062 0.13572

-1.39062 0.13572
-1.375 0.13423

-1.26562 0.123723
-1.27878 0.125

-1.26562 0.123722
-1.25 0.122199

-1.375 0.13423
-1.35938 0.132739

-1.35938 0.132739
-1.34375 0.131246

-1.34375 0.131247
-1.32812 0.129752

-1.32812 0.129753
-1.3125 0.128254

-1.3125 0.128255
-1.29688 0.12675

-1.29688 0.12675
-1.28125 0.12524

-1.28125 0.12524
-1.27878 0.125

3 -0.0708254
3.01084 -0.0625

3.00896 -0.0625
3.03125 -0.0446563

3.03125 -0.0422404
3.04424 -0.03125

3.04592 -0.03125
3.0625 -0.0177946

3.0625 -0.0139995
3.08762 0

-1.25 0.122198
-1.23438 0.12067

-1.23438 0.12067
-1.21875 0.119138

-1.21875 0.119138
-1.20312 0.117604

-1.20312 0.117604
-1.1875 0.116067

-1.1875 0.116067
-1.17188 0.114524

-1.17188 0.114525
-1.15625 0.112976

-1.15625 0.112976
-1.14062 0.11142

-1.14062 0.11142
-1.125 0.109855

3.08871 0
3.125 0.0200137

3.125 0.0213621
3.25 0.039459

3.25 0.0174105
3.5 0.0109909

3.5 -0.00183319
4 -0.00943922

3.5 0.000682174
3.54406 0

-1.10938 0.108282
-1.12023 0.109375

-1.125 0.109854
-1.12024 0.109375

-1.10938 0.108282
-1.09375 0.1067

-1.09375 0.1067
-1.07812 0.10511

-1.07812 0.10511
-1.0625 0.103513

-1.0625 0.103513
-1.04688 0.101909

-1.04688 0.101909
-1.03125 0.100298

-1.03125 0.100298
-1.01562 0.0986807

-1.01562 0.0986807
-1 0.0970561

