-4 -0.00881524
-3.68086 0

-3.66913 0
-3.5 0.0046717

-3 -0.0351474
-3.00229 -0.03125

-3.0023 -0.03125
-3.02687 0

-3.5 0.0119338
-3.25 0.0274542

-3.25 0.0442714
-3.125 0.0423357

-3.125 0.0479896
-3.0625 0.027428

-3.0625 0.0273574
-3.03125 0.00480139

-3.03125 0.0111928
-3.01985 0

-2.75 -0.25324
-2.75829 -0.25

-2.9375 -0.131873
-2.94359 -0.125

-2.90625 -0.162441
-2.9132 -0.15625

-2.92188 -0.148096
-2.92934 -0.140625

-2.9375 -0.132053
-2.92948 -0.140625

-2.92188 -0.148234
-2.91326 -0.15625

-2.89062 -0.175665
-2.89533 -0.171875

-2.90625 -0.162503
-2.89501 -0.171875

-2.89062 -0.17554
-2.875 -0.187382

-2.98438 -0.0641111
-2.9853 -0.0625

-2.96875 -0.0926823
-2.97822 -0.078125

-2.98438 -0.0682993
-2.97874 -0.078125

-2.95312 -0.112858
-2.95585 -0.109375

-2.95659 -0.109375
-2.96805 -0.09375

-2.95312 -0.113948
-2.94404 -0.125

-2.96875 -0.0927824
-2.9681 -0.09375

-2.98685 -0.0625
-2.99524 -0.046875

-3 -0.0399455
-2.99614 -0.046875

-2.85938 -0.198165
-2.87478 -0.1875

-2.84375 -0.208186
-2.85173 -0.203125

-2.85938 -0.198007
-2.85131 -0.203125

-2.8125 -0.225585
-2.82522 -0.21875

-2.84375 -0.208028
-2.82812 -0.217148

-2.82812 -0.216938
-2.82475 -0.21875

-2.875 -0.187357
-2.8748 -0.1875

-2.8125 -0.22551
-2.79688 -0.23326

-2.78125 -0.240453
-2.79452 -0.234375

-2.79688 -0.233055
-2.79399 -0.234375

-2.78125 -0.24039
-2.76562 -0.246997

-2.76562 -0.246852
-2.75757 -0.25

-2.75 -0.253089
-2.73438 -0.258728

-2.73438 -0.258718
-2.71875 -0.263933

-2.70312 -0.268846
-2.71359 -0.265625

-2.71875 -0.263753
-2.71267 -0.265625

1.5 0.206263
1.51562 0.207943

1.51562 0.207941
1.53125 0.209611

1.53125 0.20961
1.54688 0.211279

1.54688 0.211278
1.5625 0.21295

1.5625 0.212949
1.57812 0.214627

1.57812 0.214627
1.59375 0.21631

0 -0.00124204
0.00874242 0

1.59375 0.21631
1.60938 0.218001

1.60938 0.217927
1.61694 0.21875

1.61572 0.21875
1.625 0.219759

1.625 0.219699
1.64062 0.221408

1.64062 0.221408
1.65625 0.22313

1.65625 0.223129
1.67188 0.224868

1.67188 0.224867
1.6875 0.226626

1.6875 0.226626
1.70312 0.228405

0.0076705 0
0.015625 0.0011301

0.015625 0.00104961
0.03125 0.00327788

0.03125 0.00327738
0.046875 0.00551609

-1 -0.143147
-0.984375 -0.140863

1.70312 0.228405
1.71875 0.230204

-0.984976 -0.140625
-0.984375 -0.140537

-0.984375 -0.140892
-0.982542 -0.140625

0.046875 0.00551678
0.0625 0.00776557

0.0625 0.00776724
0.078125 0.0100214

0.078125 0.0100235
0.09375 0.0122754

1.71875 0.230205
1.73438 0.23202

-0.982769 -0.140625
-0.96875 -0.138586

-0.96875 -0.13859
-0.953125 -0.136326

-0.953125 -0.136326
-0.9375 -0.134068

-0.9375 -0.134069
-0.921875 -0.131816

1.73438 0.232021
1.75 0.233848

-0.921875 -0.131817
-0.90625 -0.129567

-0.90625 -0.129567
-0.890625 -0.127318

-0.890625 -0.127327
-0.875 -0.125078

-2.70312 -0.268735
-2.6875 -0.273163

0.09375 0.0122768
0.109375 0.0145195

0.109375 0.0144457
0.117637 0.015625

0.116608 0.015625
0.125 0.0168228

-2.6875 -0.273157
-2.67188 -0.277236

0.125 0.0167487
0.140625 0.0189686

-2.67188 -0.277231
-2.65625 -0.280981

-2.64062 -0.284426
-2.65509 -0.28125

1.75 0.233812
1.7548 0.234375

0.140625 0.018966
0.15625 0.0211837

0.15625 0.0211809
0.171875 0.0234073

0.171875 0.0234055
0.1875 0.0256495

-2.64062 -0.284402
-2.625 -0.287532

0.1875 0.0256495
0.203125 0.0279146

1.75435 0.234375
1.76562 0.235699

0.203125 0.0279161
0.21875 0.0301994

-2.65625 -0.280849
-2.65442 -0.28125

0.21875 0.0300684
0.226798 0.03125

-0.876334 -0.125
-0.875 -0.124808

1.76562 0.235684
1.78125 0.237521

-0.875 -0.125087
-0.874399 -0.125

0.225114 0.03125
0.234375 0.0326099

1.78125 0.237522
1.79688 0.239358

-0.874514 -0.125
-0.859375 -0.12282

1.79688 0.239359
1.8125 0.241193

-2.625 -0.287529
-2.60938 -0.290386

1.8125 0.241193
1.82812 0.243023

-2.60938 -0.290382
-2.59375 -0.292977

0.234375 0.0324976
0.25 0.0347948

1.82812 0.243023
1.84375 0.244846

0.25 0.034796
0.265625 0.0370901

0.265625 0.0370901
0.28125 0.039379

0.28125 0.0393778
0.296875 0.041664

0.296875 0.0416623
0.3125 0.0439515

0.3125 0.04395
0.328125 0.0462486

0.328125 0.0460767
0.333519 0.046875

0.331884 0.046875
0.34375 0.0486311

0.34375 0.0485598
0.359375 0.0508884

1.84375 0.244846
1.85938 0.246662

1.85938 0.246662
1.875 0.248468

0.359375 0.0508883
0.375 0.0532342

-0.859375 -0.122821
-0.84375 -0.120569

-2.59375 -0.292974
-2.57812 -0.295318

1.875 0.248469
1.88835 0.25

-2.5625 -0.29747
-2.56693 -0.296875

-2.57812 -0.295298
-2.5664 -0.296875

0.375 0.0532346
0.390625 0.0555975

1.88834 0.25
1.89062 0.250263

1.89062 0.250262
1.90625 0.252039

1.90625 0.25204
1.92188 0.253801

-2.5625 -0.297416
-2.54688 -0.299281

1.92188 0.253801
1.9375 0.255544

-2.54688 -0.299276
-2.53125 -0.300918

0.390625 0.0555979
0.40625 0.0579761

1.9375 0.255544
1.95312 0.257269

0.40625 0.057977
0.421875 0.0603681

-0.84375 -0.120569
-0.828125 -0.118314

-0.828125 -0.118313
-0.8125 -0.116054

1.95312 0.25727
1.96875 0.258975

1.96875 0.258976
1.98438 0.260656

-0.8125 -0.116054
-0.796875 -0.113792

-0.796875 -0.113792
-0.78125 -0.111529

1.98438 0.260658
2 0.26231

-0.78125 -0.111547
-0.766253 -0.109375

-0.767688 -0.109375
-0.765625 -0.109076

-2.53125 -0.300917
-2.51562 -0.302346

-2.51562 -0.302344
-2.5 -0.303569

0.421875 0.0603538
0.435848 0.0625

0.435081 0.0625
0.4375 0.0628716

0.4375 0.0627709
0.453125 0.0651735

0.453125 0.0651755
0.46875 0.0675733

0.46875 0.067576
0.484375 0.0699597

0.484375 0.069962
0.5 0.0723218

-2.5 -0.303567
-2.48438 -0.304596

-2.48438 -0.304592
-2.46875 -0.305438

-2.46875 -0.305434
-2.45312 -0.30611

-2.45312 -0.306107
-2.4375 -0.306626

-0.765625 -0.109265
-0.75 -0.107004

-2.4375 -0.306624
-2.42188 -0.306997

-2.42188 -0.306996
-2.40625 -0.307229

-0.75 -0.107004
-0.734375 -0.104747

-0.734375 -0.104747
-0.71875 -0.102492

-2.40625 -0.307227
-2.39062 -0.307328

-2.39062 -0.307326
-2.375 -0.307301

-0.71875 -0.102492
-0.703125 -0.100241

-0.703125 -0.100241
-0.6875 -0.0979939

-2.375 -0.307299
-2.35938 -0.307158

-2.35938 -0.307156
-2.34375 -0.306907

-2.34375 -0.306906
-2.32812 -0.306554

-2.32812 -0.306553
-2.3125 -0.306101

-2.3125 -0.306101
-2.29688 -0.305552

-0.6875 -0.0979936
-0.671875 -0.0957511

-0.671875 -0.0957822
-0.657687 -0.09375

-2.29688 -0.305551
-2.28125 -0.304906

0.5 0.0723237
0.515625 0.074651

0.515625 0.0746521
0.53125 0.0769407

0.53125 0.0768918
0.539825 0.078125

0.539101 0.078125
0.546875 0.0792429

0.546875 0.0791879
0.5625 0.0813924

0.5625 0.0813915
0.578125 0.0835559

0.578125 0.0835544
0.59375 0.0856835

-2.28125 -0.304905
-2.26562 -0.304169

-2.26562 -0.304167
-2.25 -0.303345

0.59375 0.0856814
0.609375 0.0877825

0.609375 0.0877796
0.625 0.0898627

-2.25 -0.303343
-2.23438 -0.302439

0.625 0.0898595
0.640625 0.0919367

-0.659207 -0.09375
-0.65625 -0.0933265

-0.65625 -0.093513
-0.640625 -0.0912798

-2.23438 -0.302438
-2.21875 -0.301458

-0.640625 -0.0912808
-0.625 -0.0890518

0.640625 0.0919223
0.654324 0.09375

-2.21875 -0.301457
-2.20312 -0.300405

0.653749 0.09375
0.65625 0.0940837

-0.625 -0.089052
-0.609375 -0.0868249

-0.609375 -0.0868253
-0.59375 -0.0845991

-2.20312 -0.300403
-2.1875 -0.299284

-0.59375 -0.0845994
-0.578125 -0.0823725

-2.1875 -0.299282
-2.17188 -0.298101

0.65625 0.0940153
0.671875 0.0961192

2 0.262311
2.01562 0.263932

0.671875 0.0961163
0.6875 0.0982505

-2.17188 -0.2981
-2.15644 -0.296875

0.6875 0.0982492
0.703125 0.100422

-0.578125 -0.0823723
-0.5625 -0.0801446

0.703125 0.100422
0.71875 0.102636

2.01562 0.263933
2.03125 0.265517

0.71875 0.102638
0.734375 0.10489

-0.5625 -0.080191
-0.548013 -0.078125

0.734375 0.104892
0.75 0.107175

2.03125 0.265518
2.03234 0.265625

-2.15625 -0.296857
-2.14062 -0.295565

-0.550255 -0.078125
-0.546875 -0.077643

2.03234 0.265625
2.04688 0.267063

-0.546875 -0.077915
-0.53125 -0.0756887

-0.53125 -0.075689
-0.515625 -0.0734668

2.04688 0.267064
2.0625 0.268568

0.75 0.107178
0.764906 0.109375

0.76486 0.109375
0.765625 0.109488

0.765625 0.109354
0.76577 0.109375

0.765625 0.109484
0.78125 0.111797

0.78125 0.1118
0.796875 0.114112

0.796875 0.114115
0.8125 0.116413

0.8125 0.116416
0.828125 0.118691

0.828125 0.118693
0.84375 0.120934

-2.14062 -0.295564
-2.125 -0.294226

0.84375 0.120935
0.859375 0.123136

0.859375 0.12313
0.87292 0.125

-0.515625 -0.0734664
-0.5 -0.0712483

2.0625 0.268568
2.07812 0.27003

-2.125 -0.294225
-2.10938 -0.292843

0.8726 0.125
0.875 0.125331

2.07812 0.27003
2.09375 0.271448

2.09375 0.271449
2.10938 0.272823

2.10938 0.272824
2.125 0.27415

0.875 0.125293
0.890625 0.127407

2.125 0.274151
2.14062 0.275425

2.14062 0.275426
2.15625 0.276644

-2.10938 -0.292842
-2.09375 -0.291419

-2.09375 -0.291419
-2.07812 -0.289957

0.890625 0.127406
0.90625 0.129479

0.90625 0.129477
0.921875 0.131516

0.921875 0.131514
0.9375 0.133524

0.9375 0.133522
0.953125 0.13551

-0.5 -0.0712484
-0.484375 -0.0690351

0.953125 0.135509
0.96875 0.137482

-0.484375 -0.0690353
-0.46875 -0.0668263

-2.07812 -0.289957
-2.0625 -0.288456

-0.46875 -0.0668267
-0.453125 -0.0646209

-2.0625 -0.288456
-2.04688 -0.286918

-0.453125 -0.064647
-0.437911 -0.0625

2.15625 0.276644
2.17188 0.277802

-0.439899 -0.0625
-0.4375 -0.0621615

-2.04688 -0.286917
-2.03125 -0.285343

0.96875 0.13748
0.984375 0.139444

-2.03125 -0.285342
-2.01562 -0.283734

2.17188 0.277802
2.1875 0.278896

0.984375 0.139368
0.994397 0.140625

-2.01562 -0.283733
-2 -0.282092

0.992944 0.140625
1 0.14151

2.1875 0.278897
2.20312 0.279925

-0.4375 -0.0624167
-0.421875 -0.0602107

-0.421875 -0.0602116
-0.40625 -0.0580031

2.20312 0.279925
2.21875 0.280885

2.21875 0.280888
2.22511 0.28125

2.22519 0.28125
2.23438 0.281774

2.23438 0.281777
2.25 0.282596

-0.40625 -0.0580029
-0.390625 -0.0557907

-0.390625 -0.0557905
-0.375 -0.0535758

-0.375 -0.0535751
-0.359375 -0.0513598

-0.359375 -0.0513592
-0.34375 -0.0491461

2.25 0.282597
2.26562 0.283342

2.26562 0.283343
2.28125 0.284013

-0.34375 -0.0491457
-0.328125 -0.0469369

-0.328125 -0.0469827
-0.327361 -0.046875

2.28125 0.284014
2.29688 0.284605

2.29688 0.284606
2.3125 0.285115

-0.327702 -0.046875
-0.3125 -0.0447319

-0.3125 -0.0447342
-0.296875 -0.0425375

2.3125 0.285116
2.32812 0.285538

2.32812 0.285539
2.34375 0.285871

-0.296875 -0.0425378
-0.28125 -0.0403456

-0.28125 -0.0403458
-0.265625 -0.0381572

2.34375 0.285872
2.35938 0.286109

2.35938 0.28611
2.375 0.286245

-0.265625 -0.038157
-0.25 -0.0359718

2.375 0.286246
2.39062 0.286274

2.39062 0.286275
2.40625 0.28619

2.40625 0.286191
2.42188 0.28599

2.42188 0.285991
2.4375 0.28567

2.4375 0.28567
2.45312 0.285224

2.45312 0.285225
2.46875 0.284651

2.46875 0.284652
2.48438 0.283945

2.48438 0.283946
2.5 0.283102

-0.25 -0.0359714
-0.234375 -0.033791

-0.234375 -0.0337907
-0.21875 -0.0316167

-0.21875 -0.031759
-0.215078 -0.03125

-0.216356 -0.03125
-0.203125 -0.0294158

-0.203125 -0.0294509
-0.1875 -0.0272922

-0.1875 -0.027293
-0.171875 -0.0251388

-0.171875 -0.0251397
-0.15625 -0.0229866

-0.15625 -0.0229872
-0.140625 -0.020832

-0.140625 -0.0208323
-0.125 -0.0186731

-0.125 -0.0186732
-0.109375 -0.0165091

-0.109375 -0.0166118
-0.102268 -0.015625

-0.103531 -0.015625
-0.09375 -0.0142669

-0.09375 -0.0143399
-0.078125 -0.0121644

-0.078125 -0.0121648
-0.0625 -0.00998151

-0.0625 -0.00998152
-0.046875 -0.0077897

-0.046875 -0.00778944
-0.03125 -0.00558957

-0.03125 -0.00558924
-0.015625 -0.00338248

-0.015625 -0.00338248
0 -0.00116946

-2 -0.282093
-1.99212 -0.28125

2.73438 0.248203
2.72729 0.25

2.73438 0.248569
2.75 0.244287

2.53125 0.280934
2.52691 0.28125

-1.99215 -0.28125
-1.98438 -0.280419

-1.98438 -0.28042
-1.96875 -0.278718

-1.96875 -0.278718
-1.95312 -0.276987

2.5 0.283103
2.51562 0.282116

2.51562 0.282135
2.52778 0.28125

2.53125 0.280982
2.54688 0.279687

2.54688 0.27969
2.5625 0.278231

-1.95312 -0.276987
-1.9375 -0.275225

2.5625 0.278233
2.57812 0.276603

-1.9375 -0.275225
-1.92188 -0.273433

1 0.1414
1.01562 0.143361

2.57812 0.276606
2.59375 0.274794

1.01562 0.143359
1.03125 0.14533

1.03125 0.145328
1.04688 0.147318

1.04688 0.147315
1.0625 0.149334

-1.92188 -0.273433
-1.90625 -0.271609

-1.90625 -0.271609
-1.89062 -0.269755

1.0625 0.149332
1.07812 0.151387

1.07812 0.151387
1.09375 0.153482

1.09375 0.153483
1.10938 0.155617

1.10938 0.155551
1.11441 0.15625

1.11372 0.15625
1.125 0.157815

-1.89062 -0.269755
-1.875 -0.267871

2.59375 0.274796
2.60938 0.272794

-1.875 -0.267871
-1.85938 -0.265959

-1.85938 -0.265961
-1.85666 -0.265625

1.125 0.157787
1.14062 0.159979

2.60938 0.272797
2.625 0.270594

1.14062 0.159981
1.15625 0.16219

1.15625 0.162193
1.17188 0.164409

2.625 0.270596
2.64062 0.268182

2.65625 0.265164
2.65352 0.265625

-1.8567 -0.265625
-1.84375 -0.26402

-1.84375 -0.26402
-1.82812 -0.262064

2.64062 0.268227
2.65603 0.265625

-1.82812 -0.262063
-1.8125 -0.260089

-1.8125 -0.260089
-1.79688 -0.258098

2.65625 0.265548
2.67188 0.262672

-1.79688 -0.258098
-1.78125 -0.256092

1.17188 0.164411
1.1875 0.166628

1.1875 0.166629
1.20312 0.168839

1.20312 0.16884
1.21875 0.171037

1.21875 0.171005
1.22499 0.171875

1.22461 0.171875
1.23438 0.173238

1.23438 0.173218
1.25 0.175378

2.67188 0.262676
2.6875 0.259554

2.6875 0.259557
2.70312 0.256175

2.70312 0.256181
2.71875 0.25252

-1.78125 -0.256093
-1.76562 -0.254071

1.25 0.175378
1.26562 0.177517

-1.76562 -0.25407
-1.75 -0.252033

2.71875 0.252749
2.72959 0.25

1.26562 0.177518
1.28125 0.179635

2.75 0.244292
2.76562 0.23967

2.78125 0.233604
2.77883 0.234375

2.76562 0.239736
2.78125 0.234748

-1.75 -0.252036
-1.73449 -0.25

2.79688 0.229305
2.78216 0.234375

2.78125 0.234794
2.78247 0.234375

1.28125 0.179636
1.29688 0.181729

1.29688 0.18173
1.3125 0.183797

2.79688 0.229318
2.8125 0.223514

2.82812 0.216376
2.8222 0.21875

-1.73518 -0.25
-1.73438 -0.249894

-1.73438 -0.249981
-1.71875 -0.247915

1.3125 0.183797
1.32812 0.185836

1.32812 0.185834
1.34108 0.1875

1.34094 0.1875
1.34375 0.187861

1.34375 0.187847
1.35938 0.189827

1.35938 0.189827
1.375 0.191779

-1.71875 -0.247916
-1.70312 -0.245834

1.375 0.191779
1.39062 0.193703

2.82812 0.217272
2.84375 0.210521

2.8125 0.223873
2.82529 0.21875

1.39062 0.193703
1.40625 0.195599

1.40625 0.1956
1.42188 0.197464

1.42188 0.197465
1.4375 0.199295

-1.70312 -0.245836
-1.6875 -0.243733

-1.6875 -0.243734
-1.67188 -0.241607

2.85938 0.201841
2.85662 0.203125

2.84375 0.21065
2.85938 0.203365

2.875 0.195389
2.85964 0.203125

2.85938 0.203341
2.85981 0.203125

1.4375 0.199296
1.45312 0.201089

1.45312 0.201089
1.46875 0.202846

1.46875 0.202695
1.47264 0.203125

3 0.104248
2.97694 0.125

1.47096 0.203125
1.48438 0.204606

1.48438 0.204568
1.5 0.206266

2.89062 0.185489
2.88693 0.1875

2.89062 0.186913
2.90625 0.177686

-1.67188 -0.241606
-1.65625 -0.239451

-1.65625 -0.23945
-1.64062 -0.237273

2.92188 0.166834
2.91401 0.171875

2.90625 0.178352
2.91635 0.171875

2.92188 0.167721
2.9375 0.156799

2.875 0.19564
2.88994 0.1875

2.95312 0.144882
2.93826 0.15625

2.96875 0.132152
2.95891 0.140625

-1.64062 -0.237271
-1.625 -0.235081

2.95312 0.143904
2.95701 0.140625

2.9375 0.156826
2.93827 0.15625

2.96875 0.128818
2.97316 0.125

-1.625 -0.235104
-1.61981 -0.234375

-1.62007 -0.234375
-1.60938 -0.232871

-1.60938 -0.232881
-1.59375 -0.230685

3.0625 0.0507297
3.04575 0.0625

3.03125 0.0744605
3.00926 0.09375

3 0.102651
3.00979 0.09375

3.03125 0.0745108
3.04781 0.0625

3.0625 0.049074
3.125 0.0249059

3.125 0.0316598
3.25 0.0134466

-1.59375 -0.230684
-1.57812 -0.22849

-1.57812 -0.228491
-1.5625 -0.226298

3.25 0.0248605
3.5 0.00457793

4 -0.0126612
3.60402 0

3.5 0.00170723
3.55339 0

-1.5625 -0.2263
-1.54688 -0.224105

-1.54688 -0.224106
-1.53125 -0.221903

-1.53125 -0.221903
-1.51562 -0.21969

-1.51562 -0.219738
-1.50869 -0.21875

-1.50927 -0.21875
-1.5 -0.21743

-1.5 -0.217465
-1.48438 -0.215233

-1.48438 -0.215233
-1.46875 -0.212992

-1.46875 -0.212992
-1.45312 -0.210743

-1.45312 -0.210742
-1.4375 -0.208485

-1.4375 -0.208485
-1.42188 -0.20622

-1.42188 -0.20622
-1.40625 -0.203948

-1.40625 -0.203988
-1.40033 -0.203125

-1.40077 -0.203125
-1.39062 -0.201645

-1.39062 -0.201668
-1.375 -0.19938

-1.375 -0.19938
-1.35938 -0.197084

-1.35938 -0.197084
-1.34375 -0.194779

-1.34375 -0.194779
-1.32812 -0.192467

-1.32812 -0.192467
-1.3125 -0.190149

-1.3125 -0.190149
-1.29688 -0.187824

-1.29688 -0.187838
-1.29461 -0.1875

-1.29472 -0.1875
-1.28125 -0.185488

-1.28125 -0.185491
-1.26562 -0.18315

-1.26562 -0.18315
-1.25 -0.180803

-1.25 -0.180803
-1.23438 -0.178447

-1.23438 -0.178447
-1.21875 -0.176084

-1.21875 -0.176083
-1.20312 -0.173713

-1.20312 -0.173733
-1.19091 -0.171875

-1.19147 -0.171875
-1.1875 -0.171271

-1.1875 -0.171336
-1.17188 -0.168957

-1.17188 -0.168956
-1.15625 -0.166577

-1.15625 -0.166577
-1.14062 -0.1642

-1.14062 -0.1642
-1.125 -0.161828

-1.125 -0.161827
-1.10938 -0.159459

-1.10938 -0.159459
-1.09375 -0.157097

-1.09375 -0.157125
-1.08794 -0.15625

-1.08823 -0.15625
-1.07812 -0.154728

-1.07812 -0.154743
-1.0625 -0.1524

-1.0625 -0.1524
-1.04688 -0.150069

-1.04688 -0.150069
-1.03125 -0.147749

-1.03125 -0.147749
-1.01562 -0.145441

-1.01562 -0.145441
-1 -0.143145

