-4 -0.00794332
-3.7967 0

-3.6754 0
-3.5 0.00685314

-3.5 0.00303079
-3.25 0.0317836

-3.25 0.0241267
-3.125 0.0525656

-3.125 0.0565791
-3.10778 0.0625

-3.125 0.0645719
-3.0625 0.0860655

-3.0625 0.0854619
-3.03125 0.0897547

-3.03125 0.0900181
-3 0.0885375

-3 0.0879266
-2.98438 0.0849106

-2.98438 0.0845911
-2.96875 0.08116

-2.95312 0.0779613
-2.95391 0.078125

-2.96875 0.0811795
-2.95406 0.078125

-2.95312 0.0779297
-2.9375 0.0748227

-2.9375 0.074826
-2.92188 0.0718591

-2.92188 0.0718597
-2.90625 0.0690248

-2.90625 0.069028
-2.89062 0.0663175

-2.89062 0.0663188
-2.875 0.0637237

-2.85938 0.0612339
-2.86734 0.0625

-2.85938 0.0612415
-2.84375 0.0588601

-2.84375 0.0588618
-2.82812 0.0565782

-2.82812 0.0565794
-2.8125 0.0543876

-2.875 0.0637316
-2.86726 0.0625

-2.8125 0.0543893
-2.79688 0.0522836

-2.79688 0.0522851
-2.78125 0.0502587

-2.78125 0.0502604
-2.76562 0.0483068

-2.75 0.0464254
-2.75373 0.046875

-2.76562 0.0483057
-2.75376 0.046875

-2.75 0.0464231
-2.73438 0.0446081

-2.73438 0.0446076
-2.71875 0.0428616

-2.71875 0.0428612
-2.70312 0.0411859

-2.70312 0.0411866
-2.6875 0.0395814

-2.6875 0.0395826
-2.67188 0.0380437

-2.67188 0.0380446
-2.65625 0.0365678

-2.65625 0.0365683
-2.64062 0.0351505

-2.64062 0.0351512
-2.625 0.0337902

1.5 0.00212999
1.51562 0.00256232

1.51562 0.00256232
1.53125 0.00298915

1.53125 0.00298916
1.54688 0.00341047

1.54688 0.00341049
1.5625 0.00382622

1.5625 0.00382624
1.57812 0.0042363

1.57812 0.0042363
1.59375 0.00464063

1.59375 0.00464062
1.60938 0.00503922

1.60938 0.00503921
1.625 0.00543211

-2.59375 0.0312286
-2.59402 0.03125

-2.625 0.0337911
-2.60938 0.032484

-2.60938 0.0324848
-2.59402 0.03125

-2.59375 0.0312288
-2.57812 0.0300203

-2.57812 0.0300212
-2.5625 0.028858

-2.5625 0.0288589
-2.54688 0.0277374

1.625 0.00543211
1.64062 0.00581933

1.64062 0.00581935
1.65625 0.00620086

1.65625 0.00620091
1.67188 0.00657657

1.67188 0.00657663
1.6875 0.00694622

-2.54688 0.0277383
-2.53125 0.0266551

-2.53125 0.0266558
-2.51562 0.0256076

-2.51562 0.0256083
-2.5 0.0245922

1.6875 0.00694628
1.70312 0.00730956

1.70312 0.00730957
1.71875 0.00766641

1.71875 0.00766635
1.73438 0.00801685

1.73438 0.00801674
1.75 0.00836123

1.75 0.00836117
1.76562 0.0087

1.76562 0.00870007
1.78125 0.00903323

1.78125 0.00903349
1.79688 0.00936035

1.79688 0.00936077
1.8125 0.00967997

1.8125 0.00968042
1.82812 0.00999025

1.82812 0.00999058
1.84375 0.0102895

1.84375 0.0102896
1.85938 0.0105765

1.85938 0.0105766
1.875 0.0108513

1.875 0.0108512
1.89062 0.0111138

1.89062 0.0111137
1.90625 0.0113644

1.90625 0.0113644
1.92188 0.0116033

0 -0.0265777
0.015625 -0.0263346

-2.5 0.0245926
-2.48438 0.0236067

-2.48438 0.0236065
-2.46875 0.0226502

-2.46875 0.0226496
-2.45312 0.0217245

-2.45312 0.0217235
-2.4375 0.0208327

0.015625 -0.0263347
0.03125 -0.0260818

0.03125 -0.0260818
0.046875 -0.025819

-2.4375 0.0208319
-2.42188 0.0199792

0.046875 -0.0258188
0.0625 -0.0255467

1.92188 0.0116033
1.9375 0.0118305

-1 -0.0243997
-0.984375 -0.0245646

-0.984375 -0.024564
-0.96875 -0.0247401

-0.96875 -0.0247396
-0.953125 -0.024929

-0.953125 -0.0249286
-0.9375 -0.0251332

-0.9375 -0.0251329
-0.921875 -0.0253541

-0.921875 -0.0253539
-0.90625 -0.0255927

-0.90625 -0.0255926
-0.890625 -0.0258494

-0.890625 -0.0258495
-0.875 -0.0261241

-0.875 -0.0261243
-0.859375 -0.0264163

-0.859375 -0.0264167
-0.84375 -0.026725

-0.84375 -0.0267256
-0.828125 -0.0270485

1.9375 0.0118306
1.95312 0.012046

-0.828125 -0.0270492
-0.8125 -0.0273841

1.95312 0.0120462
1.96875 0.0122495

0.0625 -0.0255462
0.078125 -0.0252662

0.078125 -0.0252656
0.09375 -0.0249798

0.09375 -0.0249791
0.109375 -0.0246904

0.109375 -0.0246897
0.125 -0.0244008

-2.42188 0.0199792
-2.40625 0.0191661

-2.40625 0.019167
-2.39062 0.0183917

-2.39062 0.0183929
-2.375 0.017651

-2.375 0.0176517
-2.35938 0.0169397

-2.35938 0.0169394
-2.34375 0.0162564

-2.32812 0.0156026
-2.32866 0.015625

-2.34375 0.0162564
-2.32865 0.015625

-2.32812 0.0156054
-2.3125 0.0149762

-2.3125 0.0149781
-2.29688 0.0143645

-2.29688 0.0143645
-2.28125 0.0137628

-2.28125 0.013763
-2.26562 0.0131724

-2.26562 0.013173
-2.25 0.0125922

0.125 -0.0244002
0.140625 -0.024114

0.140625 -0.0241135
0.15625 -0.023832

0.15625 -0.0238317
0.171875 -0.0235567

-0.8125 -0.0273851
-0.796875 -0.0277287

0.171875 -0.0235566
0.1875 -0.023289

1.96875 0.0122498
1.98438 0.0124401

0.1875 -0.023289
0.203125 -0.0230291

1.98438 0.0124403
2 0.0126166

-2.25 0.0125925
-2.23438 0.0120195

-0.796875 -0.0277298
-0.78125 -0.0280779

-2.23438 0.0120199
-2.21875 0.0114532

0.203125 -0.0230293
0.21875 -0.0227768

-0.78125 -0.0280791
-0.765625 -0.0284271

-2.21875 0.011454
-2.20312 0.0108914

0.21875 -0.0227771
0.234375 -0.0225311

0.234375 -0.0225314
0.25 -0.0222906

-2.20312 0.0108923
-2.1875 0.0103307

-2.1875 0.0103315
-2.17188 0.00976718

-2.17188 0.00976762
-2.15625 0.00919831

-0.765625 -0.0284283
-0.75 -0.0287716

0.25 -0.0222909
0.265625 -0.0220537

-2.15625 0.00919826
-2.14062 0.00862311

-2.14062 0.00862268
-2.125 0.00804265

0.265625 -0.022054
0.28125 -0.0218189

0.28125 -0.0218192
0.296875 -0.0215849

-0.75 -0.0287727
-0.734375 -0.0291069

-0.734375 -0.0291078
-0.71875 -0.0294293

-0.71875 -0.0294299
-0.703125 -0.0297358

-0.703125 -0.0297362
-0.6875 -0.0300245

-0.6875 -0.0300248
-0.671875 -0.030294

-2.125 0.00804198
-2.10938 0.00745925

-2.10938 0.00745833
-2.09375 0.00687608

-2.09375 0.00687488
-2.07812 0.00629734

-2.07812 0.00629605
-2.0625 0.00572822

-2.0625 0.00572728
-2.04688 0.00517362

-2.04688 0.00517373
-2.03125 0.0046359

-2.03125 0.00463734
-2.01562 0.00411225

-2.01562 0.00411473
-2 0.00359454

-0.671875 -0.0302942
-0.65625 -0.0305434

-0.65625 -0.0305437
-0.640625 -0.030772

-0.640625 -0.0307723
-0.625 -0.0309787

0.296875 -0.0215851
0.3125 -0.0213506

-0.59375 -0.0313217
-0.600825 -0.03125

-0.625 -0.0309791
-0.609375 -0.0311624

-0.609375 -0.0311624
-0.60074 -0.03125

-0.59375 -0.0313215
-0.578125 -0.0314539

-0.578125 -0.0314542
-0.5625 -0.0315595

0.3125 -0.0213507
0.328125 -0.0211155

0.328125 -0.0211156
0.34375 -0.0208792

0.34375 -0.0208792
0.359375 -0.0206413

0.359375 -0.0206414
0.375 -0.0204017

-0.5625 -0.0315597
-0.546875 -0.0316372

0.375 -0.0204017
0.390625 -0.0201603

-0.546875 -0.0316371
-0.53125 -0.0316864

-0.53125 -0.0316862
-0.515625 -0.0317075

-0.515625 -0.0317072
-0.5 -0.0317014

2 0.0126168
2.01562 0.012778

2.01562 0.0127781
2.03125 0.0129239

2.03125 0.0129239
2.04688 0.0130542

2.04688 0.0130541
2.0625 0.0131691

0.390625 -0.0201602
0.40625 -0.0199171

0.40625 -0.0199168
0.421875 -0.019673

2.0625 0.013169
2.07812 0.0132691

2.07812 0.0132689
2.09375 0.0133548

2.09375 0.0133546
2.10938 0.0134272

2.10938 0.0134269
2.125 0.0134872

0.421875 -0.0196725
0.4375 -0.0194295

2.125 0.0134869
2.14062 0.0135358

2.14062 0.0135356
2.15625 0.0135741

2.15625 0.0135739
2.17188 0.0136029

2.17188 0.0136027
2.1875 0.0136231

0.4375 -0.0194288
0.453125 -0.0191888

0.453125 -0.0191881
0.46875 -0.0189538

2.1875 0.0136229
2.20312 0.0136353

2.20312 0.0136352
2.21875 0.01364

2.21875 0.01364
2.23438 0.0136375

2.23438 0.0136375
2.25 0.0136279

0.46875 -0.0189532
0.484375 -0.018727

0.484375 -0.0187267
0.5 -0.0185104

2.25 0.013628
2.26562 0.013611

2.26562 0.0136111
2.28125 0.0135865

2.28125 0.0135867
2.29688 0.0135538

2.29688 0.013554
2.3125 0.0135121

-0.5 -0.031701
-0.484375 -0.0316693

-0.484375 -0.0316689
-0.46875 -0.0316129

2.3125 0.0135124
2.32812 0.0134602

2.32812 0.0134606
2.34375 0.0133969

2.34375 0.0133973
2.35938 0.0133206

2.35938 0.013321
2.375 0.0132297

-0.46875 -0.0316124
-0.453125 -0.0315341

-0.453125 -0.0315335
-0.4375 -0.031435

-1.89062 -0.00034423
-1.90023 0

-1.89062 -0.000342596
-1.875 -0.000880788

-0.4375 -0.0314344
-0.421875 -0.0313181

-0.421875 -0.0313163
-0.413971 -0.03125

0.5 -0.0185103
0.515625 -0.0183048

0.515625 -0.018305
0.53125 -0.01811

-1.875 -0.000879175
-1.85938 -0.00140228

0.53125 -0.0181104
0.546875 -0.017925

2.375 0.0132301
2.39062 0.0131225

-1.85938 -0.00140154
-1.84375 -0.00191427

2.39062 0.0131229
2.40625 0.0129975

-1.84375 -0.00191458
-1.82812 -0.00241782

-0.413749 -0.03125
-0.40625 -0.0311871

2.40625 0.0129978
2.42188 0.0128533

2.42188 0.0128536
2.4375 0.0126886

-1.82812 -0.00241863
-1.8125 -0.00291014

2.4375 0.0126888
2.45312 0.0125026

0.546875 -0.0179254
0.5625 -0.017748

-0.40625 -0.0311854
-0.390625 -0.031043

0.5625 -0.0177484
0.578125 -0.0175772

-0.390625 -0.0310423
-0.375 -0.0308916

0.578125 -0.0175777
0.59375 -0.017411

0.59375 -0.0174114
0.609375 -0.0172476

-1.8125 -0.002911
-1.79688 -0.00338744

0.609375 -0.0172479
0.625 -0.0170856

-0.375 -0.030891
-0.359375 -0.0307346

2.45312 0.0125027
2.46875 0.0122944

0.625 -0.0170858
0.640625 -0.0169237

0.640625 -0.0169239
0.65625 -0.0167613

0.65625 -0.0167613
0.671875 -0.0165978

2.46875 0.0122945
2.48438 0.0120637

0.671875 -0.0165978
0.6875 -0.0164333

-1.79688 -0.00338826
-1.78125 -0.00384627

-0.359375 -0.0307341
-0.34375 -0.0305743

0.6875 -0.0164332
0.703125 -0.016268

-0.34375 -0.030574
-0.328125 -0.0304124

0.703125 -0.0162679
0.71875 -0.0161022

-0.328125 -0.0304122
-0.3125 -0.0302499

2.48438 0.0120638
2.5 0.0118103

-0.3125 -0.0302499
-0.296875 -0.0300872

-1.78125 -0.00384688
-1.76562 -0.00428359

0.71875 -0.0161021
0.734375 -0.0159366

-0.296875 -0.0300873
-0.28125 -0.0299244

0.734375 -0.0159366
0.75 -0.0157713

-0.28125 -0.0299245
-0.265625 -0.0297613

-0.265625 -0.0297614
-0.25 -0.0295978

-1.76562 -0.00428359
-1.75 -0.00469774

0.75 -0.0157715
0.763833 -0.015625

0.763856 -0.015625
0.765625 -0.0156063

0.765625 -0.0156059
0.78125 -0.0154401

2.8125 -7.99031e-05
2.81129 0

-1.75 -0.00469702
-1.73438 -0.00509004

-1.73438 -0.00508889
-1.71875 -0.00546452

2.8125 -8.67506e-05
2.82812 -0.00118545

0.78125 -0.0154401
0.796875 -0.015274

-0.25 -0.0295978
-0.234375 -0.0294336

-1.71875 -0.0054632
-1.70312 -0.00582638

-0.234375 -0.0294336
-0.21875 -0.0292687

0.796875 -0.0152742
0.8125 -0.0151074

-0.21875 -0.0292687
-0.203125 -0.0291028

-1.70312 -0.00582503
-1.6875 -0.00618111

0.8125 -0.0151076
0.828125 -0.0149392

-0.203125 -0.0291029
-0.1875 -0.0289358

2.82812 -0.00118547
2.84375 -0.00234876

-0.1875 -0.028936
-0.171875 -0.0287671

0.828125 -0.0149394
0.84375 -0.0147686

-0.171875 -0.0287673
-0.15625 -0.028596

0.84375 -0.0147689
0.859375 -0.0145946

-1.6875 -0.00617983
-1.67188 -0.0065341

0.859375 -0.0145951
0.875 -0.0144157

-1.67188 -0.00653295
-1.65625 -0.00689025

2.84375 -0.00234782
2.85938 -0.00357756

-0.15625 -0.0285962
-0.140625 -0.0284215

2.85938 -0.00357787
2.875 -0.00487532

-0.140625 -0.0284217
-0.125 -0.0282426

-1.65625 -0.00688922
-1.64062 -0.00725392

0.875 -0.0144162
0.890625 -0.0142298

-1.64062 -0.007253
-1.625 -0.00762898

0.890625 -0.0142304
0.90625 -0.0140346

-0.125 -0.0282428
-0.109375 -0.0280583

-0.109375 -0.0280584
-0.09375 -0.0278678

-0.09375 -0.0278679
-0.078125 -0.0276706

2.875 -0.00487366
2.89062 -0.00624151

-0.078125 -0.0276707
-0.0625 -0.0274666

0.90625 -0.0140353
0.921875 -0.0138274

-1.625 -0.00762817
-1.60938 -0.00801891

0.921875 -0.0138281
0.9375 -0.0136055

-0.0625 -0.0274666
-0.046875 -0.0272555

0.9375 -0.0136061
0.953125 -0.013366

-0.046875 -0.0272555
-0.03125 -0.0270372

0.953125 -0.0133664
0.96875 -0.0131066

2.89062 -0.00624131
2.90625 -0.00768327

-1.60938 -0.00801822
-1.59375 -0.0084267

2.90625 -0.00768141
2.92188 -0.00920159

2.92188 -0.00920307
2.9375 -0.0108022

0.96875 -0.0131069
0.984375 -0.0128261

2.9375 -0.0107995
2.95312 -0.0124801

0.984375 -0.0128261
1 -0.012524

2.95312 -0.0124818
2.96875 -0.014246

2.98438 -0.0159753
2.98141 -0.015625

-0.03125 -0.0270374
-0.015625 -0.0268115

-0.015625 -0.0268117
0 -0.0265775

2.96875 -0.0142792
2.98013 -0.015625

2.98438 -0.0160784
3 -0.0180411

2.5 0.0118103
2.51562 0.011534

2.51562 0.0115341
2.53125 0.0112348

-1.59375 -0.00842618
-1.57812 -0.00885482

-1.57812 -0.00885447
-1.5625 -0.00930502

2.53125 0.011235
2.54688 0.0109119

2.54688 0.0109123
2.5625 0.0105645

-1.5625 -0.00930484
-1.54688 -0.00977836

-1.54688 -0.00977827
-1.53125 -0.0102753

-1.53125 -0.0102751
-1.51562 -0.0107962

-1.51562 -0.0107959
-1.5 -0.011342

-2 0.00359726
-1.98438 0.00307156

-1.98438 0.00307357
-1.96875 0.00253291

-1.96875 0.0025334
-1.95312 0.00197279

-1.95312 0.00197131
-1.9375 0.00139273

-1.9375 0.00138942
-1.92188 0.000802437

2.5625 0.010565
2.57812 0.0101908

2.57812 0.0101913
2.59375 0.00978866

2.59375 0.00978928
2.60938 0.00935597

2.60938 0.00935662
2.625 0.0088901

-1.92188 0.000798126
-1.90625 0.00021799

-1.90625 0.000215513
-1.90024 0

2.625 0.00889072
2.64062 0.00838844

2.64062 0.00838886
2.65625 0.00784873

2.65625 0.00784921
2.67188 0.0072694

2.67188 0.00726994
2.6875 0.0066484

2.6875 0.0066491
2.70312 0.00598337

2.70312 0.00598383
2.71875 0.00527158

2.71875 0.00527207
2.73438 0.0045114

2.73438 0.00451172
2.75 0.00370101

2.75 0.00370172
2.76562 0.0028389

2.76562 0.00283944
2.78125 0.00192198

2.78125 0.001923
2.79688 0.000947786

2.79688 0.000947475
2.81117 0

-1.5 -0.0113417
-1.48438 -0.011914

3 -0.0188849
3.03125 -0.0197198

3.03125 -0.0198729
3.0625 -0.0156947

-1.48438 -0.0119142
-1.46875 -0.0125129

-1.46875 -0.0125142
-1.45312 -0.0131362

-1.45312 -0.0131386
-1.4375 -0.0137763

-1.4375 -0.0137789
-1.42188 -0.0144222

-1.42188 -0.0144236
-1.40625 -0.0150648

1 -0.0125238
1.01562 -0.0122006

1.01562 -0.0122004
1.03125 -0.0118569

3.0625 -0.0153014
3.11739 0

3.5 -0.000130684
3.49102 0

-1.39062 -0.0157016
-1.3925 -0.015625

-1.40625 -0.0150645
-1.39251 -0.015625

1.03125 -0.0118567
1.04688 -0.011494

-1.39062 -0.0157005
-1.375 -0.0163366

3.10392 0
3.125 0.00587647

3.125 0.0133214
3.25 0.0252369

-1.375 -0.0163393
-1.35938 -0.0169711

3.25 0.0127787
3.5 0.00844487

3.5 -0.00216889
4 -0.00834032

1.04688 -0.0114937
1.0625 -0.0111129

-1.35938 -0.016973
-1.34375 -0.0175914

-1.34375 -0.0175924
-1.32812 -0.0181918

-1.32812 -0.0181927
-1.3125 -0.0187691

-1.3125 -0.01877
-1.29688 -0.0193199

1.0625 -0.0111127
1.07812 -0.0107147

1.07812 -0.0107144
1.09375 -0.0103003

3.5 0.000169101
3.5137 0

1.09375 -0.0103
1.10938 -0.00987064

1.10938 -0.0098704
1.125 -0.00942675

-1.29688 -0.0193206
-1.28125 -0.0198407

-1.28125 -0.0198412
-1.26562 -0.0203294

-1.26562 -0.0203297
-1.25 -0.0207843

1.125 -0.00942649
1.14062 -0.00896962

1.14062 -0.00896932
1.15625 -0.00850037

1.15625 -0.00850001
1.17188 -0.00802029

1.17188 -0.00801989
1.1875 -0.00753094

1.1875 -0.00753049
1.20312 -0.00703401

1.20312 -0.0070335
1.21875 -0.00653141

1.21875 -0.00653094
1.23438 -0.00602518

-1.25 -0.0207846
-1.23438 -0.0212042

-1.23438 -0.0212044
-1.21875 -0.021588

1.23438 -0.00602475
1.25 -0.0055171

-1.21875 -0.021588
-1.20312 -0.0219352

-1.20312 -0.021935
-1.1875 -0.0222462

-1.1875 -0.0222457
-1.17188 -0.0225225

-1.17188 -0.0225216
-1.15625 -0.0227667

-1.15625 -0.0227656
-1.14062 -0.0229827

-1.14062 -0.0229815
-1.125 -0.0231753

1.25 -0.00551673
1.26562 -0.00500879

1.26562 -0.00500848
1.28125 -0.00450162

-1.125 -0.023174
-1.10938 -0.0233492

-1.10938 -0.0233481
-1.09375 -0.0235096

-1.09375 -0.0235085
-1.07812 -0.0236607

1.28125 -0.00450137
1.29688 -0.00399672

1.29688 -0.00399652
1.3125 -0.00349497

-1.07812 -0.0236598
-1.0625 -0.0238067

-1.0625 -0.0238059
-1.04688 -0.0239507

-1.04688 -0.02395
-1.03125 -0.0240959

1.3125 -0.00349481
1.32812 -0.00299708

1.32812 -0.00299695
1.34375 -0.00250363

-1.03125 -0.0240952
-1.01562 -0.0242449

-1.01562 -0.0242442
-1 -0.0244003

1.34375 -0.00250351
1.35938 -0.00201513

1.35938 -0.00201501
1.375 -0.00153206

1.375 -0.00153195
1.39062 -0.0010549

1.39062 -0.00105492
1.40625 -0.000583968

1.40625 -0.000584384
1.42188 -0.000118647

1.42188 -0.000118709
1.42589 0

1.42589 0
1.4375 0.000342742

1.4375 0.000343314
1.45312 0.000799275

1.45312 0.000799171
1.46875 0.00124873

1.46875 0.00124863
1.48438 0.00169219

1.48438 0.00169213
1.5 0.00213

