-4 -0.008099
-3.70936 0

-3.62357 0
-3.5 0.00344351

-3.5 0.00536121
-3.25 0.0236636

-3.25 0.0120969
-3.125 0.029514

-3.125 0.0221949
-3.0625 0.0463908

-3.0625 0.0482056
-3.04285 0.0625

-3.04493 0.0625
-3.03125 0.072791

-3.03125 0.0724527
-3.00797 0.09375

-3.00816 0.09375
-3 0.101622

1.6875 -0.260637
1.70312 -0.263002

1.70312 -0.263005
1.71875 -0.26538

1.73438 -0.267761
1.72031 -0.265625

1.71875 -0.265342
1.72061 -0.265625

1.73438 -0.267759
1.75 -0.270117

1.5 -0.231833
1.51562 -0.234329

1.53125 -0.23681
1.51588 -0.234375

1.51562 -0.234206
1.51669 -0.234375

1.53125 -0.236804
1.54688 -0.23926

1.54688 -0.239259
1.5625 -0.2417

1.5625 -0.2417
1.57812 -0.244126

1.57812 -0.244127
1.59375 -0.246537

1.59375 -0.246537
1.60938 -0.248926

1.60938 -0.248869
1.61684 -0.25

-3 0.103754
-2.97773 0.125

-2.97454 0.125
-2.96875 0.13035

-2.96875 0.134443
-2.96192 0.140625

-2.9584 0.140625
-2.95312 0.145292

-2.95312 0.146987
-2.9417 0.15625

-2.94175 0.15625
-2.9375 0.159693

-2.9375 0.159622
-2.92188 0.171171

-2.92188 0.170622
-2.92002 0.171875

1.75 -0.270118
1.76562 -0.272455

1.76562 -0.272453
1.78125 -0.27477

1.78125 -0.274768
1.79688 -0.277071

1.79688 -0.277072
1.8125 -0.279359

1.82812 -0.281632
1.82549 -0.28125

1.82812 -0.281629
1.84375 -0.283857

1.8125 -0.279362
1.82554 -0.28125

1.84375 -0.283858
1.85938 -0.286042

1.85938 -0.28604
1.875 -0.288178

1.875 -0.288175
1.89062 -0.290274

1.89062 -0.290272
1.90625 -0.292341

1.90625 -0.29234
1.92188 -0.294385

1.92188 -0.294386
1.9375 -0.296405

1.95312 -0.298401
1.94116 -0.296875

-2.92087 0.171875
-2.90625 0.181771

-2.90625 0.181411
-2.89646 0.1875

-2.89759 0.1875
-2.89062 0.191813

-2.89062 0.191388
-2.875 0.200337

0.046875 -0.00129092
0.0379927 0

0.046875 -0.00125336
0.0625 -0.0035256

0.0625 -0.00352432
0.078125 -0.00580202

0.078125 -0.00580124
0.09375 -0.00808851

0.09375 -0.00808831
0.109375 -0.0103871

0.109375 -0.0103877
0.125 -0.0126973

1.9375 -0.296399
1.94123 -0.296875

1.95312 -0.298399
1.96875 -0.300361

1.96875 -0.300362
1.98438 -0.30229

1.98438 -0.302291
2 -0.304181

0.125 -0.0126975
0.140625 -0.0150166

0.15625 -0.0173611
0.144592 -0.015625

0.140625 -0.0149706
0.145019 -0.015625

0.15625 -0.0173442
0.171875 -0.0196778

-1 0.15258
-0.984375 0.150369

-2.875 0.199439
-2.86803 0.203125

-0.984375 0.150368
-0.96875 0.148121

0.171875 -0.0196776
0.1875 -0.0220178

-0.96875 0.148119
-0.953125 0.145838

-2.87064 0.203125
-2.85938 0.209085

-2.85938 0.208569
-2.84375 0.216232

-2.84375 0.215528
-2.83666 0.21875

-2.83912 0.21875
-2.82812 0.223748

-2.82812 0.223321
-2.8125 0.229902

-2.8125 0.229788
-2.80074 0.234375

-2.8017 0.234375
-2.79688 0.236259

-2.79688 0.235978
-2.78125 0.241627

-2.78125 0.241618
-2.76562 0.246857

-2.76562 0.24674
-2.75512 0.25

-2.75615 0.25
-2.75 0.251909

-0.953125 0.145837
-0.9375 0.143528

-0.9375 0.143527
-0.921875 0.141197

0.1875 -0.0220177
0.203125 -0.0243653

0.203125 -0.0243655
0.21875 -0.0267201

0.25 -0.0314795
0.248482 -0.03125

0.21875 -0.0267208
0.234375 -0.0290804

0.234375 -0.0290773
0.248745 -0.03125

-2.75 0.251696
-2.73438 0.25617

-2.73438 0.256158
-2.71875 0.260298

-2.71875 0.260291
-2.70312 0.264133

-2.70312 0.263946
-2.69574 0.265625

-2.69719 0.265625
-2.6875 0.267827

-2.6875 0.267686
-2.67188 0.270937

-0.90625 0.138845
-0.918122 0.140625

0.25 -0.0314439
0.265625 -0.0338073

0.265625 -0.033807
0.28125 -0.0361708

0.28125 -0.0361702
0.296875 -0.038536

0.296875 -0.038535
0.3125 -0.0409061

-0.921875 0.141218
-0.917919 0.140625

-0.90625 0.13885
-0.890625 0.136504

-0.890625 0.136502
-0.875 0.134162

-0.8125 0.124986
-0.812597 0.125

-2.67188 0.270929
-2.65625 0.273899

-2.65625 0.273882
-2.64062 0.276625

-2.64062 0.276614
-2.625 0.279185

-2.625 0.279176
-2.61158 0.28125

-2.61204 0.28125
-2.60938 0.281662

-2.60938 0.28161
-2.59375 0.283851

-0.796875 0.122811
-0.812289 0.125

-0.796875 0.122814
-0.78125 0.120608

-0.78125 0.120612
-0.765625 0.118404

-0.765625 0.118408
-0.75 0.116184

0.3125 -0.0409055
0.328125 -0.0432849

0.328125 -0.0432841
0.34375 -0.0456747

-2.59375 0.283859
-2.57812 0.285895

-2.57812 0.285896
-2.5625 0.287709

-2.5625 0.287703
-2.54688 0.2893

-2.54688 0.289293
-2.53125 0.290704

-2.53125 0.290698
-2.51562 0.29195

-2.51562 0.291947
-2.5 0.293057

-2.5 0.293056
-2.48438 0.294032

-2.48438 0.294031
-2.46875 0.294876

-2.46875 0.294875
-2.45312 0.295591

-2.45312 0.29559
-2.4375 0.296179

-2.4375 0.296178
-2.42188 0.296645

-2.42188 0.296644
-2.41151 0.296875

-2.41154 0.296875
-2.40625 0.296993

-2.40625 0.296993
-2.39062 0.297225

-2.39062 0.297224
-2.375 0.297343

-2.375 0.297342
-2.35938 0.297353

-2.35938 0.297352
-2.34375 0.297257

-2.34375 0.297256
-2.32812 0.297059

-2.3125 0.296761
-2.31848 0.296875

-2.32812 0.297058
-2.31849 0.296875

-2.3125 0.296761
-2.29688 0.296365

-2.29688 0.296364
-2.28125 0.295872

-2.28125 0.295871
-2.26562 0.295284

-2.26562 0.295284
-2.25 0.294606

2 -0.304183
2.01562 -0.30603

2.01562 -0.306032
2.03125 -0.307826

-0.875 0.13416
-0.859375 0.131837

-0.859375 0.131835
-0.84375 0.129537

-0.84375 0.129537
-0.828125 0.127268

-0.828125 0.12727
-0.8125 0.125029

-0.8125 0.125031
-0.81228 0.125

-0.75 0.116186
-0.734375 0.113933

-0.734375 0.113934
-0.71875 0.111643

-0.703125 0.109219
-0.70417 0.109375

-0.71875 0.111648
-0.703512 0.109375

-0.703125 0.109311
-0.6875 0.106944

-0.6875 0.106942
-0.671875 0.104544

-0.671875 0.104541
-0.65625 0.102123

-0.65625 0.10212
-0.640625 0.0996943

-0.640625 0.0996918
-0.625 0.097268

-0.59375 0.0924231
-0.602399 0.09375

-0.625 0.0972663
-0.609375 0.0948532

-0.609375 0.0948895
-0.601948 0.09375

-0.59375 0.092454
-0.578125 0.0900767

-0.578125 0.0900766
-0.5625 0.0877213

-0.5625 0.0877219
-0.546875 0.0853873

-0.546875 0.0853888
-0.53125 0.0830709

-0.53125 0.0830729
-0.515625 0.0807649

-0.515625 0.0807673
-0.5 0.0784605

-0.484375 0.0761447
-0.497753 0.078125

-0.5 0.0784847
-0.49757 0.078125

-0.484375 0.0761496
-0.46875 0.0738266

-0.46875 0.0738265
-0.453125 0.0714922

-0.453125 0.0714911
-0.4375 0.0691478

-0.390625 0.0620212
-0.393823 0.0625

-0.390625 0.0621115
-0.375 0.0597819

-0.4375 0.0691463
-0.421875 0.066799

-0.421875 0.0667975
-0.40625 0.0644523

-0.40625 0.0644718
-0.393078 0.0625

-0.375 0.0597818
-0.359375 0.0574641

-0.359375 0.057464
-0.34375 0.0551584

-0.34375 0.0551586
-0.328125 0.0528649

-0.328125 0.052865
-0.3125 0.0505824

-0.3125 0.0505827
-0.296875 0.0483104

-0.28125 0.0459725
-0.287481 0.046875

-0.296875 0.0483553
-0.286655 0.046875

-0.28125 0.0460475
-0.265625 0.0437933

-0.265625 0.0437937
-0.25 0.0415478

-0.25 0.0415483
-0.234375 0.0393086

-0.234375 0.0393094
-0.21875 0.0370733

-0.21875 0.0370739
-0.203125 0.0348387

-0.203125 0.0348391
-0.1875 0.0326026

-0.171875 0.0303023
-0.178489 0.03125

-0.171875 0.0303632
-0.15625 0.0281228

-0.1875 0.0326437
-0.177773 0.03125

-0.15625 0.0281225
-0.140625 0.0258821

-0.140625 0.025882
-0.125 0.0236426

-0.125 0.023643
-0.109375 0.0214038

-0.109375 0.0214045
-0.09375 0.0191633

-0.09375 0.0191643
-0.078125 0.0169175

-0.0625 0.0146102
-0.0695302 0.015625

-0.078125 0.0169576
-0.0688932 0.015625

0.359375 -0.0481683
0.350963 -0.046875

0.34375 -0.0455842
0.352145 -0.046875

0.359375 -0.0480777
0.375 -0.0504907

2.03125 -0.307827
2.04688 -0.309561

2.04688 -0.309562
2.0625 -0.311231

2.07812 -0.312828
2.07492 -0.3125

2.07812 -0.312833
2.09375 -0.314358

2.09375 -0.314359
2.10938 -0.315806

2.10938 -0.315806
2.125 -0.317171

2.0625 -0.311233
2.07488 -0.3125

2.125 -0.317171
2.14062 -0.318453

2.14062 -0.318453
2.15625 -0.319652

2.15625 -0.319652
2.17188 -0.320767

2.17188 -0.320767
2.1875 -0.321796

2.1875 -0.321797
2.20312 -0.322737

2.20312 -0.322738
2.21875 -0.323587

2.21875 -0.323588
2.23438 -0.324339

2.23438 -0.324341
2.25 -0.32499

2.25 -0.324991
2.26562 -0.325531

2.26562 -0.325532
2.28125 -0.325959

2.28125 -0.32596
2.29688 -0.326268

2.29688 -0.326269
2.3125 -0.326456

2.3125 -0.326457
2.32812 -0.326519

2.32812 -0.32652
2.34375 -0.326452

2.34375 -0.326453
2.35938 -0.32625

2.35938 -0.326253
2.375 -0.325907

2.375 -0.325909
2.39062 -0.325412

2.39062 -0.325413
2.40625 -0.324757

2.40625 -0.324758
2.42188 -0.323938

2.42188 -0.323938
2.4375 -0.322954

2.4375 -0.322955
2.45312 -0.321804

-0.0625 0.0146624
-0.046875 0.0123973

2.45312 -0.321806
2.46875 -0.320482

0.375 -0.0504912
0.390625 -0.0529135

0.390625 -0.0529143
0.40625 -0.0553432

0.40625 -0.0553437
0.421875 -0.0577766

0.421875 -0.0577776
0.4375 -0.0602117

-0.046875 0.0123968
-0.03125 0.0101237

-0.03125 0.0101226
-0.015625 0.00784465

-0.015625 0.00784363
0 0.00556491

2.46875 -0.320484
2.48438 -0.318979

2.48438 -0.318982
2.5 -0.317284

-2.25 0.294605
-2.23438 0.293839

-2.23438 0.293839
-2.21875 0.292987

-2.21875 0.292986
-2.20312 0.292051

-2.20312 0.29205
-2.1875 0.291037

-2.1875 0.291036
-2.17188 0.289946

-2.17188 0.289945
-2.15625 0.288781

0.453125 -0.0626682
0.452044 -0.0625

0.453125 -0.0626518
0.46875 -0.0650812

-2.15625 0.28878
-2.14062 0.287546

-2.14062 0.287545
-2.125 0.286243

0.46875 -0.0650731
0.484375 -0.067501

-2.125 0.286242
-2.10938 0.284876

-2.10938 0.284875
-2.09375 0.283451

0.484375 -0.0675009
0.5 -0.0699264

0.4375 -0.0602109
0.452209 -0.0625

0.453125 -0.0622961
0.454437 -0.0625

0 0.00556421
0.015625 0.00328821

0.015625 0.00328849
0.03125 0.00101604

0.03125 0.00106181
0.0385559 0

-2.0625 0.28045
-2.07071 0.28125

-2.09375 0.28345
-2.07812 0.281974

-2.07812 0.281971
-2.07073 0.28125

-2.0625 0.280448
-2.04688 0.278884

-2.04688 0.278883
-2.03125 0.277282

2.5 -0.317286
2.51562 -0.315385

2.51562 -0.315388
2.53125 -0.313272

-2.03125 0.277281
-2.01562 0.275648

-2.01562 0.275647
-2 0.273986

2.53125 -0.313299
2.53658 -0.3125

2.53636 -0.3125
2.54688 -0.310922

2.54688 -0.31093
2.5625 -0.308353

2.5625 -0.308356
2.57812 -0.305545

2.57812 -0.305548
2.59375 -0.302492

2.59375 -0.302495
2.60938 -0.299181

2.60938 -0.299228
2.61961 -0.296875

2.61912 -0.296875
2.625 -0.295524

0.5 -0.0699259
0.515625 -0.0723503

0.515625 -0.0723505
0.53125 -0.0747742

0.53125 -0.0747739
0.546875 -0.077197

2.625 -0.295594
2.64062 -0.29172

2.64062 -0.291721
2.65625 -0.287566

0.5625 -0.0796995
0.552339 -0.078125

0.546875 -0.0770734
0.553661 -0.078125

2.65625 -0.287572
2.67188 -0.28312

2.67188 -0.283197
2.67825 -0.28125

0.5625 -0.0796193
0.578125 -0.0820367

0.578125 -0.082037
0.59375 -0.0844502

0.59375 -0.0844498
0.609375 -0.086859

0.609375 -0.0868582
0.625 -0.0892658

2.67786 -0.28125
2.6875 -0.278306

0.65625 -0.0941616
0.653587 -0.09375

0.625 -0.0892648
0.640625 -0.0916742

0.640625 -0.0916602
0.654147 -0.09375

0.65625 -0.0940883
0.671875 -0.0965098

2.6875 -0.278351
2.70312 -0.273245

2.70312 -0.273254
2.71875 -0.267803

0.671875 -0.0965099
0.6875 -0.0989379

0.6875 -0.0989383
0.703125 -0.101372

0.703125 -0.101372
0.71875 -0.103809

0.71875 -0.10381
0.734375 -0.10625

0.734375 -0.106249
0.75 -0.108693

2.71875 -0.267903
2.72485 -0.265625

2.72446 -0.265625
2.73438 -0.261925

2.73438 -0.261977
2.75 -0.255749

0.859375 -0.126074
0.852641 -0.125

0.859375 -0.125967
0.875 -0.128469

0.765625 -0.111218
0.753863 -0.109375

0.75 -0.108515
0.75549 -0.109375

0.765625 -0.111141
0.78125 -0.113594

0.78125 -0.113594
0.796875 -0.116054

0.796875 -0.116053
0.8125 -0.118519

0.8125 -0.118519
0.828125 -0.120993

2.75 -0.255797
2.7636 -0.25

0.828125 -0.120993
0.84375 -0.123475

2.76317 -0.25
2.76562 -0.248952

2.76562 -0.249102
2.78125 -0.241973

-1.76562 0.248516
-1.77978 0.25

-1.76562 0.248516
-1.75 0.246882

2.78125 -0.241997
2.79685 -0.234375

2.79681 -0.234375
2.79688 -0.234344

-2 0.273985
-1.98438 0.272299

-1.98438 0.272298
-1.96875 0.270593

0.84375 -0.123406
0.853747 -0.125

0.875 -0.128468
0.890625 -0.130983

2.79688 -0.234363
2.8125 -0.226182

0.890625 -0.130983
0.90625 -0.133512

-1.96875 0.270592
-1.95312 0.268871

0.90625 -0.133512
0.921875 -0.136058

-1.95312 0.26887
-1.9375 0.267139

2.8125 -0.226237
2.82582 -0.21875

0.921875 -0.136058
0.9375 -0.138623

2.8255 -0.21875
2.82812 -0.217276

2.82812 -0.217437
2.84375 -0.207979

2.84375 -0.208097
2.85137 -0.203125

2.85109 -0.203125
2.85938 -0.197713

2.85938 -0.197824
2.87396 -0.1875

2.87397 -0.1875
2.875 -0.186765

-1.92188 0.265392
-1.92397 0.265625

2.875 -0.186798
2.89062 -0.174772

2.89062 -0.174842
2.89428 -0.171875

2.89409 -0.171875
2.90625 -0.161648

0.953125 -0.141252
0.949333 -0.140625

0.9375 -0.13861
0.94969 -0.140625

-1.9375 0.267139
-1.92389 0.265625

-1.92188 0.265398
-1.90625 0.263659

-1.90625 0.263657
-1.89062 0.261923

2.90625 -0.161586
2.91222 -0.15625

2.91223 -0.15625
2.92188 -0.147283

2.92188 -0.147159
2.92844 -0.140625

-1.89062 0.261922
-1.875 0.260197

2.92856 -0.140625
2.9375 -0.131171

2.9375 -0.131043
2.94294 -0.125

0.953125 -0.141207
0.96875 -0.143805

0.96875 -0.143806
0.984375 -0.146415

-1.875 0.260196
-1.85938 0.258486

-1.85938 0.258486
-1.84375 0.256791

2.9433 -0.125
2.95312 -0.113278

2.95312 -0.112394
2.95554 -0.109375

2.95617 -0.109375
2.96794 -0.09375

2.96791 -0.09375
2.96875 -0.0925578

2.96875 -0.092584
2.97846 -0.078125

2.97923 -0.078125
2.98438 -0.0694936

0.984375 -0.146416
1 -0.149029

2.98438 -0.064495
2.98556 -0.0625

2.98739 -0.0625
2.99629 -0.046875

2.99811 -0.046875
3 -0.0437363

-1.84375 0.256792
-1.82812 0.255113

-1.82812 0.255114
-1.8125 0.25345

-1.8125 0.253451
-1.79688 0.251798

-1.79688 0.251799
-1.78125 0.250155

-1.78125 0.25016
-1.77973 0.25

-1.75 0.246882
-1.73438 0.245251

-1.73438 0.245252
-1.71875 0.243623

-1.71875 0.243623
-1.70312 0.241994

-1.70312 0.241994
-1.6875 0.240363

-1.6875 0.240364
-1.67188 0.238728

-1.67188 0.238729
-1.65625 0.237086

-1.65625 0.237087
-1.64062 0.235434

-1.625 0.233686
-1.63147 0.234375

-1.64062 0.235484
-1.63022 0.234375

-1.625 0.233769
-1.60938 0.23209

-1.60938 0.23209
-1.59375 0.230398

-1.59375 0.230398
-1.57812 0.228692

-1.57812 0.228693
-1.5625 0.226972

-1.5625 0.226973
-1.54688 0.225235

-1.54688 0.225236
-1.53125 0.223475

-1.53125 0.223477
-1.51562 0.221688

-1.51562 0.221689
-1.5 0.219868

3 -0.0383536
3.0045 -0.03125

3.004 -0.03125
3.03125 -0.000200587

3.03125 -0.000216767
3.03152 0

3.5 -0.00010156
3.49795 0

3.02381 0
3.03125 0.00666857

3.03156 0
3.0625 0.02127

3.0625 0.0213072
3.125 0.0402845

3.125 0.0347676
3.25 0.0337042

3.25 0.0170148
3.5 0.00432525

4 -0.00893092
3.57263 0

3.5 0.00219801
3.60518 0

-1.48438 0.217976
-1.49089 0.21875

1 -0.149032
1.01562 -0.151641

1.01562 -0.151642
1.03125 -0.154241

1.04688 -0.156882
1.04305 -0.15625

1.04688 -0.156825
1.0625 -0.159388

1.03125 -0.154225
1.0435 -0.15625

1.0625 -0.159388
1.07812 -0.161931

1.07812 -0.16193
1.09375 -0.164453

1.09375 -0.164452
1.10938 -0.16696

1.10938 -0.166958
1.125 -0.169458

-1.48438 0.218012
-1.46875 0.216119

1.14062 -0.172005
1.13982 -0.171875

1.125 -0.169454
1.14013 -0.171875

1.14062 -0.171956
1.15625 -0.174465

1.15625 -0.174463
1.17188 -0.176984

1.17188 -0.176983
1.1875 -0.179518

1.25 -0.189848
1.23594 -0.1875

-1.5 0.219892
-1.49039 0.21875

-1.46875 0.216119
-1.45312 0.214191

-1.45312 0.21419
-1.4375 0.212226

-1.4375 0.212226
-1.42188 0.210226

-1.42188 0.210227
-1.40625 0.208191

-1.40625 0.208192
-1.39062 0.206119

-1.39062 0.206119
-1.375 0.204006

1.1875 -0.179517
1.20312 -0.18207

1.20312 -0.18207
1.21875 -0.184641

1.21875 -0.184641
1.23438 -0.187232

1.23438 -0.187189
1.23623 -0.1875

-1.35938 0.20184
-1.36869 0.203125

-1.375 0.204023
-1.36849 0.203125

-1.35938 0.201851
-1.34375 0.199659

-1.34375 0.199657
-1.32812 0.197433

-1.32812 0.19743
-1.3125 0.195184

-1.25 0.186164
-1.25934 0.1875

1.25 -0.189843
1.26562 -0.192469

1.26562 -0.19247
1.28125 -0.195111

1.28125 -0.195111
1.29688 -0.197763

1.29688 -0.197764
1.3125 -0.200427

1.3125 -0.200427
1.32812 -0.203096

1.34375 -0.205778
1.32824 -0.203125

1.32812 -0.202945
1.32917 -0.203125

1.34375 -0.205773
1.35938 -0.208444

-1.3125 0.195181
-1.29688 0.192924

-1.29688 0.192921
-1.28125 0.190664

-1.28125 0.190662
-1.26562 0.188413

-1.26562 0.188433
-1.2591 0.1875

1.35938 -0.208445
1.375 -0.211109

1.375 -0.21111
1.39062 -0.213763

1.39062 -0.213764
1.40625 -0.216402

1.42188 -0.21904
1.42014 -0.21875

1.42188 -0.21902
1.4375 -0.221621

-1.25 0.186176
-1.23438 0.183961

-1.23438 0.183961
-1.21875 0.18177

1.40625 -0.216401
1.42027 -0.21875

1.4375 -0.221622
1.45312 -0.224208

1.45312 -0.224208
1.46875 -0.226773

1.46875 -0.226773
1.48438 -0.229315

1.48438 -0.229315
1.5 -0.231834

-1.21875 0.181769
-1.20312 0.179606

-1.20312 0.179605
-1.1875 0.177471

-1.1875 0.177471
-1.17188 0.175366

-1.17188 0.175367
-1.15625 0.173288

-1.14062 0.171131
-1.14628 0.171875

-1.15625 0.173339
-1.14513 0.171875

-1.14062 0.171234
-1.125 0.169193

-1.125 0.169195
-1.10938 0.167164

-1.10938 0.167166
-1.09375 0.165138

-1.09375 0.16514
-1.07812 0.163106

-1.07812 0.163108
-1.0625 0.161059

-1.0625 0.161061
-1.04688 0.158989

-1.04688 0.15899
-1.03125 0.156889

-1.01562 0.15473
-1.02674 0.15625

-1.01562 0.154754
-1 0.15258

-1.03125 0.156943
-1.02618 0.15625

1.625 -0.251341
1.61614 -0.25

1.625 -0.251291
1.64062 -0.253635

1.64062 -0.253632
1.65625 -0.255963

1.65625 -0.255959
1.67188 -0.258291

1.67188 -0.258289
1.6875 -0.260636

