-4 -8.20642e-05
-3.99037 0

-3.69839 0
-3.5 0.00169118

-3.36594 0
-3.25 0.00375128

-3.20121 0
-3.125 0.00891342

-3.125 0.00460935
-3.0625 0.0254465

-3.0625 0.0260188
-3.05348 0.03125

-3.0538 0.03125
-3.03125 0.0450186

-3.03125 0.0448161
-3.01006 0.0625

-3.0111 0.0625
-3 0.0731957

1.5 -0.175223
1.51562 -0.176517

-1 0.108403
-0.984375 0.106192

-3 0.0742227
-2.99626 0.078125

-0.984375 0.106192
-0.96875 0.103982

-0.96875 0.103982
-0.953125 0.101777

-2.99459 0.078125
-2.98438 0.0897892

-2.98444 0.09375
-2.96875 0.108094

-2.96875 0.107364
-2.96576 0.109375

-0.953125 0.101776
-0.9375 0.099577

-0.9375 0.0995769
-0.921875 0.097384

-0.921875 0.0973843
-0.90625 0.0951975

-0.890625 0.0929924
-0.896046 0.09375

-0.890625 0.0930137
-0.875 0.0908334

-0.90625 0.0952101
-0.895802 0.09375

-0.875 0.0908335
-0.859375 0.0886586

1.51562 -0.176517
1.53125 -0.177801

1.53125 -0.177801
1.54688 -0.179077

0 -0.0234088
0.015625 -0.0252994

0.015625 -0.0252995
0.03125 -0.0271785

0.03125 -0.0271793
0.046875 -0.0290451

0.046875 -0.0290434
0.0625 -0.0308979

0.078125 -0.0327646
0.0652892 -0.03125

0.078125 -0.0327419
0.09375 -0.0345742

0.0625 -0.0308169
0.0661704 -0.03125

0.09375 -0.0345744
0.109375 -0.0363972

0.109375 -0.0363971
0.125 -0.0382103

-0.859375 0.0886588
-0.84375 0.0864888

0.125 -0.0382101
0.140625 -0.040014

-0.84375 0.0864891
-0.828125 0.0843229

0.140625 -0.0400135
0.15625 -0.0418097

0.15625 -0.0418092
0.171875 -0.0435995

-0.828125 0.084323
-0.8125 0.0821601

0.171875 -0.0436001
0.1875 -0.0453846

-2.9642 0.109375
-2.95312 0.117003

-2.95312 0.117157
-2.94118 0.125

1.54688 -0.179077
1.5625 -0.180344

0.203125 -0.0471722
0.20051 -0.046875

0.1875 -0.0453833
0.200626 -0.046875

-2.94231 0.125
-2.9375 0.128128

-0.8125 0.08216
-0.796875 0.0800001

-0.78125 0.0778106
-0.783526 0.078125

1.5625 -0.180343
1.57812 -0.181602

1.57812 -0.181602
1.59375 -0.182854

1.59375 -0.182854
1.60938 -0.184099

1.60938 -0.184099
1.625 -0.185337

1.65625 -0.187787
1.65257 -0.1875

1.65625 -0.187787
1.67188 -0.188994

0.203125 -0.0471578
0.21875 -0.0489296

0.21875 -0.0489318
0.234375 -0.050702

0.234375 -0.0507027
0.25 -0.0524655

0.25 -0.0524653
0.265625 -0.05422

0.265625 -0.0542201
0.28125 -0.055967

0.28125 -0.0559669
0.296875 -0.0577059

0.296875 -0.0577054
0.3125 -0.0594377

1.67188 -0.188994
1.6875 -0.19019

1.625 -0.185337
1.64062 -0.186566

1.64062 -0.186566
1.65259 -0.1875

1.6875 -0.19019
1.70312 -0.191372

1.70312 -0.191373
1.71875 -0.192541

1.71875 -0.192542
1.73438 -0.193695

1.73438 -0.193695
1.75 -0.194834

1.75 -0.194835
1.76562 -0.195958

1.76562 -0.195958
1.78125 -0.197065

1.78125 -0.197064
1.79688 -0.198155

1.79688 -0.198155
1.8125 -0.199229

1.8125 -0.199229
1.82812 -0.200287

1.82812 -0.200287
1.84375 -0.20133

1.84375 -0.20133
1.85938 -0.202357

1.875 -0.20337
1.87122 -0.203125

1.85938 -0.202357
1.87123 -0.203125

1.875 -0.20337
1.89062 -0.204365

1.89062 -0.204364
1.90625 -0.205343

-2.9375 0.127565
-2.92188 0.137255

-2.92188 0.13679
-2.91534 0.140625

1.90625 -0.205343
1.92188 -0.206305

1.92188 -0.206305
1.9375 -0.207249

-2.91667 0.140625
-2.90625 0.146743

1.9375 -0.207249
1.95312 -0.208174

1.95312 -0.208175
1.96875 -0.209078

1.96875 -0.209079
1.98438 -0.209959

-2.90625 0.14644
-2.89062 0.155079

-0.796875 0.0800063
-0.783257 0.078125

-0.78125 0.077841
-0.765625 0.0756847

-2.89062 0.154644
-2.88753 0.15625

-2.88855 0.15625
-2.875 0.163281

-2.875 0.163169
-2.85938 0.170772

-2.85938 0.170437
-2.85624 0.171875

-2.85709 0.171875
-2.84375 0.178001

-2.84375 0.177916
-2.82812 0.18472

0.34375 -0.0628885
0.340212 -0.0625

-2.82812 0.184648
-2.82121 0.1875

-2.82157 0.1875
-2.8125 0.191239

-2.8125 0.191194
-2.79688 0.19722

-2.79688 0.197226
-2.78125 0.202786

-2.78125 0.202572
-2.77955 0.203125

-2.78026 0.203125
-2.76562 0.207892

-2.76562 0.207855
-2.75 0.212513

-2.75 0.212498
-2.73438 0.216788

-2.73438 0.216746
-2.72648 0.21875

-2.72676 0.21875
-2.71875 0.220783

-2.71875 0.220742
-2.70312 0.224414

-2.70312 0.224409
-2.6875 0.227807

-2.6875 0.227804
-2.67188 0.230946

1.98438 -0.20996
2 -0.210815

-0.765625 0.0756842
-0.75 0.0735343

-2.67188 0.230942
-2.65625 0.233843

-2.65625 0.23381
-2.65294 0.234375

-2.65318 0.234375
-2.64062 0.236518

-2.64062 0.236506
-2.625 0.238949

-0.75 0.0735336
-0.734375 0.0713925

-0.734375 0.0713922
-0.71875 0.0692617

-2.625 0.238945
-2.60938 0.241181

-2.60938 0.241178
-2.59375 0.243221

-2.59375 0.243219
-2.57812 0.245082

-2.57812 0.245079
-2.5625 0.246771

-2.5625 0.246768
-2.54688 0.2483

-0.71875 0.069262
-0.703125 0.0671421

-0.703125 0.0671423
-0.6875 0.0650322

0.34375 -0.062878
0.359375 -0.0645863

0.359375 -0.0645871
0.375 -0.0662909

0.3125 -0.0594383
0.328125 -0.0611636

-2.54688 0.248299
-2.53125 0.249681

2 -0.210815
2.01562 -0.211644

-2.53125 0.249679
-2.52718 0.25

2.01562 -0.211644
2.03125 -0.212445

2.03125 -0.212446
2.04688 -0.213217

-0.65625 0.0608279
-0.668699 0.0625

-0.65625 0.0608309
-0.640625 0.0587374

-0.640625 0.0587372
-0.625 0.0566499

-0.6875 0.0650334
-0.671875 0.06293

-0.671875 0.0629426
-0.66858 0.0625

-0.625 0.0566501
-0.609375 0.0545691

-0.609375 0.0545694
-0.59375 0.0524938

-0.59375 0.0524941
-0.578125 0.0504229

-0.578125 0.0504232
-0.5625 0.048355

-0.546875 0.046255
-0.551561 0.046875

-0.5625 0.0483691
-0.551207 0.046875

-0.546875 0.0462875
-0.53125 0.0442214

-0.53125 0.0442212
-0.515625 0.0421582

-0.515625 0.0421578
-0.5 0.0400991

0.328125 -0.061162
0.340311 -0.0625

0.375 -0.0662913
0.390625 -0.0679883

0.390625 -0.067988
0.40625 -0.069678

2.04688 -0.213218
2.0625 -0.213957

-0.1875 -0.000220398
-0.189248 0

2.0625 -0.213958
2.07812 -0.214663

-2.52724 0.25
-2.51562 0.250915

0.40625 -0.0696781
0.421875 -0.0713614

-0.1875 -0.00020731
-0.171875 -0.00217093

2.07812 -0.214663
2.09375 -0.21533

-2.51562 0.250912
-2.5 0.251994

-0.171875 -0.0021708
-0.15625 -0.00412731

0.421875 -0.0713613
0.4375 -0.0730382

2.09375 -0.215331
2.10938 -0.215958

2.10938 -0.215959
2.125 -0.216545

0.4375 -0.0730377
0.453125 -0.0747096

2.125 -0.216545
2.14062 -0.217089

0.453125 -0.0747096
0.46875 -0.0763777

-0.15625 -0.00412727
-0.140625 -0.00607702

2.14062 -0.217089
2.15625 -0.21759

2.15625 -0.21759
2.17188 -0.218047

-2.5 0.251994
-2.48438 0.252927

2.17188 -0.218048
2.1875 -0.218459

2.20312 -0.218823
2.2 -0.21875

-0.140625 -0.00607658
-0.125 -0.00802053

-2.48438 0.252926
-2.46875 0.253709

-0.125 -0.00802028
-0.109375 -0.00995979

2.20312 -0.218823
2.21875 -0.219135

-0.109375 -0.00995972
-0.09375 -0.0118954

-2.46875 0.253708
-2.45312 0.254346

0.46875 -0.0763768
0.484375 -0.0780428

-2.45312 0.254344
-2.4375 0.254845

0.5 -0.079709
0.485104 -0.078125

-2.4375 0.254843
-2.42188 0.255215

-2.42188 0.255214
-2.40625 0.255465

-2.40625 0.255464
-2.39062 0.255596

-2.39062 0.255595
-2.375 0.255609

2.1875 -0.21846
2.19999 -0.21875

-0.09375 -0.0118958
-0.078125 -0.013827

-0.0625 -0.0157633
-0.0636215 -0.015625

-0.078125 -0.0138258
-0.0635341 -0.015625

-0.0625 -0.0157536
-0.046875 -0.0176763

-0.046875 -0.0176764
-0.03125 -0.0195944

-0.03125 -0.0195954
-0.015625 -0.0215066

-0.015625 -0.0215071
0 -0.0234086

-0.5 0.0400989
-0.484375 0.0380455

-0.484375 0.0380455
-0.46875 0.0359978

-0.46875 0.0359977
-0.453125 0.0339555

-2.375 0.255606
-2.35938 0.255511

-0.453125 0.0339564
-0.4375 0.0319181

2.21875 -0.219135
2.23438 -0.219393

2.23438 -0.219393
2.25 -0.219596

0.484375 -0.0780057
0.485497 -0.078125

2.25 -0.219596
2.26562 -0.219742

2.26562 -0.219743
2.28125 -0.21983

-2.35938 0.255507
-2.34375 0.255317

2.28125 -0.219831
2.29688 -0.219856

-0.421875 0.0298707
-0.432463 0.03125

-2.34375 0.255313
-2.32812 0.255045

2.29688 -0.219857
2.3125 -0.219817

2.3125 -0.219817
2.32812 -0.219709

-2.32812 0.255042
-2.3125 0.254711

-0.421875 0.0298821
-0.40625 0.0278504

0.5 -0.0797058
0.515625 -0.08136

-0.4375 0.0319414
-0.432193 0.03125

2.32812 -0.21971
2.34375 -0.21953

-2.3125 0.25471
-2.29688 0.254324

-0.40625 0.0278503
-0.390625 0.0258231

-2.29688 0.254324
-2.28125 0.253885

0.515625 -0.0813603
0.53125 -0.083008

2.34375 -0.219531
2.35938 -0.219278

0.53125 -0.0830078
0.546875 -0.0846488

-0.390625 0.0258233
-0.375 0.0238005

-0.375 0.0238007
-0.359375 0.0217813

-0.359375 0.0217816
-0.34375 0.0197647

-0.34375 0.0197645
-0.328125 0.0177497

-0.328125 0.0177504
-0.3125 0.0157366

-0.296875 0.0137227
-0.311644 0.015625

2.35938 -0.219279
2.375 -0.218947

-0.3125 0.0157453
-0.311566 0.015625

2.375 -0.218947
2.38246 -0.21875

-0.296875 0.0137231
-0.28125 0.0117141

-2.28125 0.253887
-2.26562 0.253391

-0.28125 0.0117135
-0.265625 0.00970979

-0.265625 0.00970964
-0.25 0.00771253

2.38245 -0.21875
2.39062 -0.218534

-2.26562 0.253394
-2.25 0.252829

2.39062 -0.218536
2.40625 -0.21804

2.40625 -0.218041
2.42188 -0.217456

0.546875 -0.0846486
0.5625 -0.0862838

0.5625 -0.0862836
0.578125 -0.087914

0.578125 -0.0879139
0.59375 -0.08954

2.42188 -0.217457
2.4375 -0.216777

0.59375 -0.08954
0.609375 -0.0911618

0.609375 -0.0911621
0.625 -0.0927791

-2.1875 0.24973
-2.19217 0.25

-0.25 0.00771248
-0.234375 0.00572242

2.4375 -0.216777
2.45312 -0.215999

-0.234375 0.00572257
-0.21875 0.00373938

2.45312 -0.216
2.46875 -0.215119

-2.1875 0.249729
-2.17188 0.248758

0.640625 -0.0943966
0.634351 -0.09375

-2.17188 0.248755
-2.15625 0.24773

-2.15625 0.247728
-2.14062 0.246658

-2.14062 0.246657
-2.125 0.245548

0.640625 -0.0943887
0.65625 -0.0959938

0.625 -0.0927753
0.634458 -0.09375

2.46875 -0.215121
2.48438 -0.214133

0.65625 -0.0959942
0.671875 -0.097596

2.48438 -0.214134
2.5 -0.213031

-2.125 0.245548
-2.10938 0.2444

0.671875 -0.0975965
0.6875 -0.099193

0.6875 -0.0991929
0.703125 -0.100783

0.703125 -0.100783
0.71875 -0.102367

0.71875 -0.102366
0.734375 -0.103944

0.734375 -0.103944
0.75 -0.105517

-0.21875 0.00373927
-0.203125 0.00176287

-0.203125 0.00176487
-0.189128 0

0.75 -0.105517
0.765625 -0.107085

0.765625 -0.107085
0.78125 -0.108647

-2.10938 0.2444
-2.09375 0.243211

-2.09375 0.243211
-2.07812 0.241981

-2.07812 0.241981
-2.0625 0.24071

2.5 -0.213032
2.51562 -0.211808

-2.0625 0.240709
-2.04688 0.239399

0.796875 -0.110207
0.788511 -0.109375

-2.04688 0.239399
-2.03125 0.238054

2.51562 -0.21181
2.53125 -0.21046

2.53125 -0.210462
2.54688 -0.20898

2.54688 -0.208982
2.5625 -0.207361

0.78125 -0.108641
0.788631 -0.109375

-2.03125 0.238055
-2.01562 0.236674

2.5625 -0.207362
2.57812 -0.205596

2.57812 -0.205599
2.59375 -0.203678

0.796875 -0.1102
0.8125 -0.111746

-2.01562 0.236673
-2 0.235257

0.8125 -0.111746
0.828125 -0.113287

2.59375 -0.203694
2.59801 -0.203125

0.828125 -0.113287
0.84375 -0.114822

-2.25 0.252831
-2.23438 0.252187

2.59788 -0.203125
2.60938 -0.201588

0.84375 -0.114822
0.859375 -0.11635

2.60938 -0.201593
2.625 -0.19933

-2.23438 0.252187
-2.21875 0.251456

2.625 -0.199332
2.64062 -0.196888

2.64062 -0.196892
2.65625 -0.194256

2.65625 -0.194257
2.67188 -0.191422

-2.21875 0.251456
-2.20312 0.250637

-2.20312 0.250636
-2.1921 0.25

0.859375 -0.11635
0.875 -0.117872

0.953125 -0.125455
0.948423 -0.125

0.953125 -0.12545
0.96875 -0.126961

0.96875 -0.126962
0.984375 -0.128471

0.984375 -0.128471
1 -0.129976

0.875 -0.117871
0.890625 -0.11939

0.890625 -0.11939
0.90625 -0.120908

-1.98438 0.233803
-1.99053 0.234375

-2 0.235263
-1.99045 0.234375

0.90625 -0.120908
0.921875 -0.122423

2.67188 -0.191425
2.6875 -0.188381

0.921875 -0.122423
0.9375 -0.123938

0.9375 -0.123937
0.948483 -0.125

-1.98438 0.233806
-1.96875 0.232318

-1.96875 0.232317
-1.95312 0.230798

-1.95312 0.230798
-1.9375 0.229253

-1.9375 0.229253
-1.92188 0.227685

2.6875 -0.188423
2.69191 -0.1875

2.69167 -0.1875
2.70312 -0.185102

-1.92188 0.227684
-1.90625 0.226094

-1.90625 0.226093
-1.89062 0.224481

-1.89062 0.224481
-1.875 0.22285

-1.875 0.22285
-1.85938 0.221198

-1.85938 0.221199
-1.84375 0.219524

-1.82812 0.217819
-1.83666 0.21875

-1.82812 0.217822
-1.8125 0.216087

-1.84375 0.219532
-1.83658 0.21875

-1.8125 0.216087
-1.79688 0.214325

-1.79688 0.214325
-1.78125 0.212537

-1.78125 0.212536
-1.76562 0.210723

-1.76562 0.210722
-1.75 0.208888

1 -0.129975
1.01562 -0.131475

1.01562 -0.131475
1.03125 -0.132972

2.70312 -0.185115
2.71875 -0.181606

-1.75 0.208888
-1.73438 0.207033

-1.73438 0.207033
-1.71875 0.205157

2.71875 -0.181608
2.73438 -0.177858

2.73438 -0.177863
2.75 -0.173855

-1.71875 0.205158
-1.70312 0.203259

2.75 -0.173941
2.75752 -0.171875

-1.6875 0.201336
-1.70205 0.203125

1.03125 -0.132972
1.04688 -0.134466

2.75699 -0.171875
2.76562 -0.169502

1.04688 -0.134466
1.0625 -0.135956

1.0625 -0.135956
1.07812 -0.137441

1.07812 -0.137441
1.09375 -0.138922

1.09375 -0.138922
1.10938 -0.140396

1.125 -0.141864
1.11178 -0.140625

1.10938 -0.140388
1.1119 -0.140625

-1.70312 0.203259
-1.70204 0.203125

-1.6875 0.201336
-1.67188 0.199397

-1.67188 0.199396
-1.65625 0.197442

1.125 -0.141861
1.14062 -0.143314

1.14062 -0.143314
1.15625 -0.14476

1.15625 -0.14476
1.17188 -0.146198

1.17188 -0.146198
1.1875 -0.147628

1.1875 -0.147627
1.20312 -0.14905

1.20312 -0.14905
1.21875 -0.150469

1.21875 -0.150469
1.23438 -0.151884

1.23438 -0.151884
1.25 -0.153296

-1.65625 0.197442
-1.64062 0.195474

1.25 -0.153296
1.26562 -0.154705

1.26562 -0.154705
1.28125 -0.156114

2.76562 -0.169571
2.78125 -0.164977

1.29688 -0.157521
1.28274 -0.15625

1.29688 -0.157519
1.3125 -0.158919

1.28125 -0.156104
1.28287 -0.15625

1.3125 -0.158919
1.32812 -0.160316

1.32812 -0.160317
1.34375 -0.16171

1.34375 -0.161711
1.35938 -0.163098

1.35938 -0.163098
1.375 -0.164479

-1.64062 0.195474
-1.625 0.193496

-1.57812 0.187481
-1.57827 0.1875

-1.57812 0.187499
-1.5625 0.185474

1.375 -0.164479
1.39062 -0.165855

1.39062 -0.165855
1.40625 -0.167223

1.40625 -0.167223
1.42188 -0.168582

1.42188 -0.168582
1.4375 -0.169933

1.4375 -0.169933
1.45312 -0.171273

1.46875 -0.172605
1.46016 -0.171875

1.45312 -0.171272
1.46022 -0.171875

1.46875 -0.172601
1.48438 -0.173917

1.48438 -0.173918
1.5 -0.175223

-1.625 0.193497
-1.60938 0.191509

-1.60938 0.191509
-1.59375 0.189511

-1.59375 0.189512
-1.57812 0.187501

-1.5625 0.185474
-1.54688 0.18344

-1.54688 0.183439
-1.53125 0.181397

-1.53125 0.181397
-1.51562 0.179346

-1.51562 0.179345
-1.5 0.177286

2.78125 -0.164982
2.79688 -0.160075

2.79688 -0.160161
2.80851 -0.15625

2.80771 -0.15625
2.8125 -0.154639

2.8125 -0.154833
2.82812 -0.149211

2.82812 -0.149221
2.84375 -0.143211

2.84375 -0.143362
2.85039 -0.140625

2.84982 -0.140625
2.85938 -0.136687

2.85938 -0.136788
2.875 -0.129898

2.875 -0.130017
2.88561 -0.125

2.88498 -0.125
2.89062 -0.122332

2.89062 -0.122536
2.90625 -0.114594

2.90625 -0.114751
2.91606 -0.109375

2.91544 -0.109375
2.92188 -0.10585

2.92188 -0.106067
2.9375 -0.096831

2.9375 -0.0968734
2.94243 -0.09375

-1.5 0.177286
-1.48438 0.17522

-1.48438 0.17522
-1.46875 0.173147

2.94234 -0.09375
2.95312 -0.0868585

2.95312 -0.0868855
2.96575 -0.078125

2.96582 -0.078125
2.96875 -0.0761024

2.96875 -0.0760953
2.98438 -0.0642788

2.98438 -0.0634827
2.98561 -0.0625

2.98635 -0.0625
3 -0.0517473

-1.45312 0.171052
-1.4593 0.171875

-1.46875 0.173157
-1.45914 0.171875

-1.45312 0.171062
-1.4375 0.168967

-1.4375 0.168967
-1.42188 0.166868

-1.42188 0.166867
-1.40625 0.164766

-1.40625 0.164766
-1.39062 0.162663

-1.39062 0.162664
-1.375 0.160556

-1.375 0.160556
-1.35938 0.158444

-1.35938 0.158446
-1.34375 0.156325

-1.32812 0.154194
-1.34321 0.15625

-1.32812 0.154194
-1.3125 0.152061

-1.34375 0.156324
-1.34321 0.15625

-1.3125 0.15206
-1.29688 0.149924

3 -0.0505607
3.03021 -0.03125

3.03125 -0.0308803
3.0625 -0.0172426

3.0625 -0.0171978
3.125 -0.00163868

3.125 -0.00348351
3.16821 0

-1.29688 0.149923
-1.28125 0.147784

-1.28125 0.147784
-1.26562 0.14564

3.25 -0.00182362
3.34834 0

3.24694 0
3.25 0.000246653

-1.26562 0.14564
-1.25 0.14349

3.5 -0.00204459
3.93992 0

-1.25 0.143491
-1.23438 0.141333

-1.21875 0.13916
-1.2293 0.140625

-1.23438 0.141345
-1.22919 0.140625

-1.21875 0.139163
-1.20312 0.136984

-1.20312 0.136983
-1.1875 0.134799

-1.1875 0.134799
-1.17188 0.132612

-1.17188 0.132611
-1.15625 0.130422

-1.15625 0.130422
-1.14062 0.128233

-1.14062 0.128234
-1.125 0.126044

-1.10938 0.123839
-1.11764 0.125

-1.10938 0.123849
-1.09375 0.121649

-1.09375 0.121649
-1.07812 0.119445

-1.07812 0.119444
-1.0625 0.117238

-1.0625 0.117238
-1.04688 0.115031

-1.04688 0.115031
-1.03125 0.112823

-1.03125 0.112823
-1.01562 0.110614

-1 0.108389
-1.00697 0.109375

-1.01562 0.110627
-1.00677 0.109375

-1.125 0.126057
-1.11748 0.125

