-4 -0.00776877
-3.7556 0

-3.68033 0
-3.5 0.00573221

-3.5 0.00663309
-3.25 0.0278902

-3.25 0.0338394
-3.125 0.0469386

-3.125 0.0592136
-3.0625 0.0570821

-3.0625 0.0565193
-3.03125 0.0423863

-3 0.0157603
-3.01977 0.03125

-3.03125 0.0429405
-3.01522 0.03125

-2.96875 -0.0137077
-2.98417 0

-2.9375 -0.0380539
-2.94666 -0.03125

-2.95312 -0.0263605
-2.96633 -0.015625

-2.96875 -0.0137379
-2.96648 -0.015625

-2.95312 -0.026272
-2.94641 -0.03125

-2.89062 -0.0681107
-2.90004 -0.0625

-2.89062 -0.0679916
-2.875 -0.0766942

-2.92188 -0.0487624
-2.92474 -0.046875

-2.9375 -0.0379637
-2.92457 -0.046875

-2.92188 -0.0487225
-2.90625 -0.0587196

-2.90625 -0.0585596
-2.89964 -0.0625

-2.75 -0.129613
-2.76365 -0.125

-2.85938 -0.0848838
-2.87234 -0.078125

-2.875 -0.0764769
-2.87184 -0.078125

-2.85938 -0.084817
-2.84375 -0.0924576

-2.82812 -0.0996804
-2.84104 -0.09375

-2.82812 -0.0996131
-2.8125 -0.106358

1.5 0.137054
1.51562 0.138287

1.51562 0.138287
1.53125 0.13952

1.53125 0.13952
1.54526 0.140625

1.54524 0.140625
1.54688 0.140754

1.54688 0.140753
1.5625 0.141985

-2.84375 -0.0922441
-2.84047 -0.09375

0 -0.0016628
0.015625 -2.84315e-05

0.015625 -5.04587e-05
0.0161109 0

-2.79688 -0.112816
-2.80534 -0.109375

-2.8125 -0.106238
-2.80478 -0.109375

-2.79688 -0.112699
-2.78125 -0.118676

-2.78125 -0.118672
-2.76562 -0.1243

-2.76562 -0.12414
-2.76308 -0.125

1.5625 0.141984
1.57812 0.143216

1.57812 0.143216
1.59375 0.144448

-1 -0.11138
-0.984375 -0.109909

-2.75 -0.129573
-2.73438 -0.134518

-0.984375 -0.109916
-0.978677 -0.109375

0.0158915 0
0.03125 0.00159503

-2.73438 -0.134511
-2.71875 -0.139157

-0.978797 -0.109375
-0.96875 -0.108421

1.59375 0.144448
1.60938 0.145682

0.03125 0.00159373
0.046875 0.00320585

-2.70312 -0.143568
-2.71366 -0.140625

-2.71875 -0.139059
-2.71314 -0.140625

-2.70312 -0.143509
-2.6875 -0.14761

1.60938 0.145682
1.625 0.146918

-0.96875 -0.108425
-0.953125 -0.106931

-0.953125 -0.106932
-0.9375 -0.105428

-2.6875 -0.147607
-2.67188 -0.151471

0.046875 0.00320566
0.0625 0.00480908

-2.67188 -0.151468
-2.65625 -0.155106

-2.64062 -0.158555
-2.65116 -0.15625

1.625 0.146918
1.64062 0.148155

-0.9375 -0.105428
-0.921875 -0.103915

0.0625 0.00480874
0.078125 0.00640454

-2.64062 -0.158518
-2.625 -0.161724

1.64062 0.148156
1.65625 0.149393

1.65625 0.149393
1.67188 0.15063

-0.921875 -0.103915
-0.90625 -0.102393

1.67188 0.15063
1.6875 0.151865

-0.90625 -0.102393
-0.890625 -0.100861

0.078125 0.00640428
0.09375 0.00799366

0.09375 0.00799326
0.109375 0.00957756

0.109375 0.00957716
0.125 0.011158

0.125 0.0111575
0.140625 0.0127365

0.140625 0.0127361
0.15625 0.0143151

0.15625 0.0143122
0.169227 0.015625

0.169086 0.015625
0.171875 0.0159071

0.171875 0.0158951
0.1875 0.0174787

0.1875 0.0174779
0.203125 0.0190669

0.203125 0.0190664
0.21875 0.0206633

0.21875 0.020663
0.234375 0.0222695

0.234375 0.0222694
0.25 0.0238861

0.25 0.0238863
0.265625 0.0255129

0.265625 0.0255133
0.28125 0.0271488

0.28125 0.0271493
0.296875 0.0287919

0.296875 0.0287924
0.3125 0.0304399

0.3125 0.0304195
0.320365 0.03125

0.319974 0.03125
0.328125 0.0321107

0.328125 0.0320908
0.34375 0.0337415

0.34375 0.0337415
0.359375 0.0353923

0.359375 0.0353925
0.375 0.037043

0.375 0.0370431
0.390625 0.0386926

0.390625 0.0386927
0.40625 0.0403407

0.40625 0.0403408
0.421875 0.0419869

0.421875 0.0419869
0.4375 0.0436308

0.4375 0.0436309
0.453125 0.0452725

0.453125 0.0452725
0.4684 0.046875

0.468392 0.046875
0.46875 0.0469125

0.46875 0.0469123
0.484375 0.048548

0.484375 0.0485476
0.5 0.0501795

0.5 0.0501799
0.515625 0.0518082

0.515625 0.0518085
0.53125 0.0534321

0.53125 0.0534327
0.546875 0.0550498

0.546875 0.0550503
0.5625 0.0566588

0.5625 0.0566595
0.578125 0.0582571

0.578125 0.0582576
0.59375 0.0598419

0.59375 0.0598425
0.609375 0.061411

0.609375 0.0614082
0.620377 0.0625

0.620268 0.0625
0.625 0.0629695

0.625 0.0629619
0.640625 0.0644934

0.640625 0.0644931
0.65625 0.0660065

0.65625 0.0660064
0.671875 0.0675025

0.671875 0.0675022
0.6875 0.068982

-0.890625 -0.100862
-0.875 -0.0993181

-2.65625 -0.155046
-2.65075 -0.15625

0.6875 0.0689816
0.703125 0.0704464

-2.625 -0.161722
-2.60938 -0.164732

0.703125 0.070446
0.71875 0.0718975

0.71875 0.0718972
0.734375 0.0733368

-2.60938 -0.164729
-2.59375 -0.16755

0.734375 0.0733367
0.75 0.0747653

1.6875 0.151865
1.70312 0.153098

-0.875 -0.0993181
-0.859375 -0.0977613

0.75 0.0747653
0.765625 0.0761831

0.765625 0.076183
0.78125 0.0775905

0.78125 0.0775803
0.787342 0.078125

1.70312 0.153098
1.71875 0.154328

0.787151 0.078125
0.796875 0.0789943

1.71875 0.154328
1.73438 0.155553

-0.859375 -0.0977613
-0.84375 -0.0961911

0.796875 0.0789872
0.8125 0.0803737

-2.59375 -0.167547
-2.57812 -0.170189

0.8125 0.0803735
0.828125 0.0817511

0.828125 0.0817509
0.84375 0.0831207

-2.5625 -0.172674
-2.56756 -0.171875

0.84375 0.0831205
0.859375 0.0844835

-2.57812 -0.170183
-2.56741 -0.171875

-0.84375 -0.0961911
-0.828125 -0.0946073

1.73438 0.155553
1.74332 0.15625

-0.828125 -0.0946304
-0.819517 -0.09375

-2.5625 -0.172652
-2.54688 -0.174951

-2.54688 -0.174948
-2.53125 -0.177095

1.74327 0.15625
1.75 0.156775

-2.53125 -0.177094
-2.51562 -0.179098

-2.51562 -0.179096
-2.5 -0.180966

-3 0.0149236
-2.98438 0.00060236

-2.98438 0.000151767
-2.98421 0

1.75 0.156772
1.76562 0.157982

1.76562 0.157982
1.78125 0.159183

-0.819996 -0.09375
-0.8125 -0.0929833

-0.8125 -0.093009
-0.796875 -0.0913967

-0.796875 -0.0913976
-0.78125 -0.0897706

1.78125 0.159183
1.79688 0.160374

1.79688 0.160374
1.8125 0.161554

0.859375 0.0844835
0.875 0.08584

-0.78125 -0.0897703
-0.765625 -0.0881278

-0.765625 -0.0881274
-0.75 -0.086471

1.8125 0.161555
1.82812 0.162723

0.875 0.08584
0.890625 0.0871901

-2.5 -0.180964
-2.48438 -0.182704

0.890625 0.0871902
0.90625 0.0885339

1.82812 0.162723
1.84375 0.163878

0.90625 0.088534
0.921875 0.089871

0.921875 0.089871
0.9375 0.091201

1.84375 0.163879
1.85938 0.165018

1.85938 0.165019
1.875 0.166141

-2.48438 -0.182703
-2.46875 -0.184316

1.875 0.166142
1.89062 0.167246

-0.75 -0.0864708
-0.734375 -0.0848018

0.9375 0.0912011
0.953125 0.0925242

-0.734375 -0.0848013
-0.71875 -0.0831215

0.953125 0.092524
0.96768 0.09375

0.96766 0.09375
0.96875 0.0938418

-0.71875 -0.0831209
-0.703125 -0.0814326

0.96875 0.0938406
0.984375 0.0951494

0.984375 0.0951484
1 0.0964514

-2.46875 -0.184316
-2.45312 -0.185808

-2.45312 -0.185808
-2.4375 -0.187182

-0.703125 -0.0814321
-0.6875 -0.0797377

-2.42188 -0.18844
-2.43358 -0.1875

-0.6875 -0.0797401
-0.672648 -0.078125

-0.673026 -0.078125
-0.671875 -0.0779998

-2.42188 -0.188434
-2.40625 -0.189576

-0.671875 -0.078038
-0.65625 -0.0763352

-0.65625 -0.0763359
-0.640625 -0.074629

-0.640625 -0.0746291
-0.625 -0.0729165

-2.40625 -0.189575
-2.39062 -0.190614

-2.39062 -0.190612
-2.375 -0.191553

1.89062 0.167247
1.90625 0.168333

-2.4375 -0.187176
-2.43346 -0.1875

-0.625 -0.0729169
-0.609375 -0.0711976

1.90625 0.168334
1.92188 0.169402

1.92188 0.169402
1.9375 0.17045

-0.609375 -0.0711978
-0.59375 -0.0694705

-0.59375 -0.0694706
-0.578125 -0.0677347

-2.375 -0.191551
-2.35938 -0.192399

-0.578125 -0.0677348
-0.5625 -0.06599

-0.5625 -0.0659898
-0.546875 -0.0642364

-2.35938 -0.192399
-2.34375 -0.193158

-2.34375 -0.193157
-2.32812 -0.19383

1.9375 0.17045
1.95312 0.171476

-0.546875 -0.0642363
-0.531473 -0.0625

-0.53149 -0.0625
-0.53125 -0.0624729

-0.53125 -0.0624744
-0.515625 -0.060706

-0.515625 -0.0607065
-0.5 -0.0589308

1.95312 0.171475
1.95937 0.171875

1.95933 0.171875
1.96875 0.172479

-2.32812 -0.193829
-2.3125 -0.19442

-2.3125 -0.194419
-2.29688 -0.194936

1 0.0964509
1.01562 0.0977508

1.96875 0.172478
1.98438 0.173452

1.01562 0.0977504
1.03125 0.0990488

1.03125 0.0990486
1.04688 0.100347

1.04688 0.100347
1.0625 0.101646

1.98438 0.173453
2 0.174399

-2.29688 -0.194935
-2.28125 -0.195382

-2.28125 -0.195382
-2.26562 -0.195763

-2.26562 -0.195763
-2.25 -0.196076

-0.5 -0.0589309
-0.484375 -0.0571468

-0.484375 -0.0571471
-0.46875 -0.0553539

1.0625 0.101646
1.07812 0.102946

1.07812 0.102946
1.09375 0.104247

-0.46875 -0.0553539
-0.453125 -0.0535513

-0.453125 -0.0535511
-0.4375 -0.0517392

-0.4375 -0.051739
-0.421875 -0.0499185

-0.421875 -0.0499182
-0.40625 -0.0480903

1.09375 0.104248
1.10938 0.105549

-0.40625 -0.0481008
-0.395806 -0.046875

-2.25 -0.196076
-2.23438 -0.196321

-0.396078 -0.046875
-0.390625 -0.046235

-0.390625 -0.0462557
-0.375 -0.0444173

1.10938 0.105549
1.125 0.10685

-2.23438 -0.19632
-2.21875 -0.196497

1.125 0.106851
1.14062 0.108152

-2.21875 -0.196497
-2.20312 -0.196608

-0.375 -0.0444175
-0.359375 -0.0425752

1.14062 0.108152
1.15533 0.109375

-2.20312 -0.19661
-2.1875 -0.19665

-0.359375 -0.042575
-0.34375 -0.040729

1.15531 0.109375
1.15625 0.109453

-0.34375 -0.0407288
-0.328125 -0.0388799

-2.1875 -0.196654
-2.17188 -0.196612

-0.328125 -0.0388794
-0.3125 -0.0370289

1.15625 0.109452
1.17188 0.11075

-0.3125 -0.0370285
-0.296875 -0.0351782

-0.296875 -0.0351777
-0.28125 -0.0333294

-0.28125 -0.033329
-0.265625 -0.0314845

-0.265625 -0.0315113
-0.263404 -0.03125

2 0.1744
2.01562 0.175318

-2.17188 -0.196616
-2.15625 -0.196474

2.01562 0.175318
2.03125 0.176206

2.03125 0.176207
2.04688 0.177064

-0.263674 -0.03125
-0.25 -0.0296409

-2.15625 -0.196475
-2.14062 -0.196224

1.17188 0.110749
1.1875 0.112044

1.1875 0.112044
1.20312 0.113335

1.20312 0.113335
1.21875 0.114624

-0.25 -0.0296451
-0.234375 -0.0278138

-0.234375 -0.0278135
-0.21875 -0.0259901

-0.21875 -0.02599
-0.203125 -0.0241751

-0.203125 -0.0241751
-0.1875 -0.0223691

-0.1875 -0.022369
-0.171875 -0.0205723

-0.171875 -0.0205722
-0.15625 -0.0187851

1.21875 0.114624
1.23438 0.115908

1.23438 0.115908
1.25 0.117188

2.04688 0.177064
2.0625 0.177888

2.0625 0.177888
2.07812 0.178676

-2.14062 -0.196221
-2.125 -0.195864

1.25 0.117188
1.26562 0.118461

1.26562 0.118462
1.28125 0.119728

-2.125 -0.195859
-2.10938 -0.195414

1.28125 0.119728
1.29688 0.120986

-2.10938 -0.195409
-2.09375 -0.194899

1.29688 0.120986
1.3125 0.122238

1.3125 0.122238
1.32812 0.123484

-0.15625 -0.0187848
-0.140625 -0.0170083

-0.140625 -0.0170107
-0.128354 -0.015625

-0.12847 -0.015625
-0.125 -0.0152332

1.32812 0.123483
1.34375 0.124725

-0.125 -0.0152429
-0.109375 -0.0134923

-0.109375 -0.0134924
-0.09375 -0.0117567

-0.09375 -0.0117565
-0.078125 -0.0100359

-0.078125 -0.0100359
-0.0625 -0.00833089

-0.0625 -0.00833089
-0.046875 -0.0066416

-0.046875 -0.00664178
-0.03125 -0.00496782

-0.03125 -0.00496813
-0.015625 -0.00330854

-0.015625 -0.00330879
0 -0.00166243

2.07812 0.178676
2.09375 0.179426

2.09375 0.179427
2.10938 0.180137

1.34375 0.124715
1.34734 0.125

2.10938 0.180138
2.125 0.180807

-2.09375 -0.194895
-2.07812 -0.194338

2.125 0.180807
2.14062 0.181434

2.14062 0.181434
2.15625 0.182017

-2.07812 -0.194337
-2.0625 -0.193742

-2.0625 -0.193742
-2.04688 -0.193113

-2.04688 -0.193114
-2.03125 -0.192448

-2.03125 -0.192449
-2.01562 -0.191745

2.15625 0.182017
2.17188 0.182555

2.17188 0.182555
2.1875 0.183046

2.1875 0.183046
2.20312 0.18349

2.20312 0.18349
2.21875 0.183885

-2.01562 -0.191745
-2 -0.191002

2.21875 0.183885
2.23438 0.184231

1.34719 0.125
1.35938 0.125965

1.35938 0.125962
1.375 0.127197

2.23438 0.184231
2.25 0.184525

1.375 0.127197
1.39062 0.12843

1.39062 0.12843
1.40625 0.129663

1.40625 0.129663
1.42188 0.130894

1.42188 0.130894
1.4375 0.132126

1.4375 0.132125
1.45312 0.133357

2.25 0.184526
2.26562 0.184766

2.26562 0.184766
2.28125 0.184948

2.28125 0.184949
2.29688 0.185072

1.45312 0.133356
1.46875 0.134588

1.46875 0.134588
1.48438 0.13582

2.29688 0.185072
2.3125 0.185136

2.3125 0.185137
2.32812 0.18514

2.32812 0.185141
2.34375 0.18508

2.34375 0.18508
2.35938 0.184953

2.35938 0.184954
2.375 0.184759

2.375 0.18476
2.39062 0.184494

2.39062 0.184495
2.40625 0.184154

2.40625 0.184154
2.42188 0.183738

2.42188 0.183739
2.4375 0.183245

2.4375 0.183247
2.45312 0.182671

1.48438 0.135821
1.5 0.137054

2.45312 0.182673
2.46875 0.182009

2.46875 0.18201
2.48438 0.181255

2.48438 0.181256
2.5 0.180406

2.5 0.180407
2.51562 0.179455

2.51562 0.179457
2.53125 0.178398

2.53125 0.178399
2.54688 0.177224

2.54688 0.177226
2.5625 0.175929

2.5625 0.175931
2.57812 0.174504

2.57812 0.174506
2.59375 0.172942

2.60938 0.171208
2.60329 0.171875

2.59375 0.172959
2.60364 0.171875

2.60938 0.171232
2.625 0.169362

2.625 0.169364
2.64062 0.167335

2.64062 0.167336
2.65625 0.165141

2.65625 0.165143
2.67188 0.162775

2.67188 0.162777
2.6875 0.160228

2.71875 0.154512
2.70954 0.15625

2.6875 0.160232
2.70312 0.157491

2.70312 0.157542
2.70997 0.15625

2.71875 0.154547
2.73438 0.151381

-2 -0.191002
-1.98438 -0.19022

-1.98438 -0.19022
-1.96875 -0.189399

2.73438 0.151384
2.75 0.147992

-1.96875 -0.189399
-1.95312 -0.188539

-1.95312 -0.18854
-1.9375 -0.187637

-1.9375 -0.187637
-1.93524 -0.1875

2.84375 0.122042
2.83459 0.125

2.84375 0.122146
2.85938 0.11676

2.85938 0.116767
2.875 0.111022

2.75 0.147995
2.76562 0.144365

2.78125 0.140186
2.77948 0.140625

-1.93524 -0.1875
-1.92188 -0.18669

-1.92188 -0.18669
-1.90625 -0.185697

-1.90625 -0.185697
-1.89062 -0.184661

-1.89062 -0.18466
-1.875 -0.183585

2.76562 0.144395
2.78078 0.140625

-1.875 -0.183583
-1.85938 -0.182476

-1.85938 -0.182474
-1.84375 -0.181342

-1.84375 -0.181342
-1.82812 -0.180188

-1.82812 -0.180188
-1.8125 -0.179012

2.78125 0.140485
2.79688 0.13633

2.79688 0.136335
2.8125 0.131903

-1.8125 -0.179011
-1.79688 -0.177815

-1.79688 -0.177812
-1.78125 -0.176601

-1.78125 -0.176599
-1.76562 -0.175383

-1.76562 -0.175382
-1.75 -0.174169

2.8125 0.131908
2.82812 0.127182

2.82812 0.127319
2.83531 0.125

2.89062 0.104839
2.87908 0.109375

2.875 0.111171
2.87957 0.109375

2.89062 0.104901
2.90625 0.0983426

2.92188 0.09091
2.91555 0.09375

-1.75 -0.174169
-1.73438 -0.172961

-1.73438 -0.172963
-1.72027 -0.171875

2.92188 0.0913426
2.9375 0.0838215

2.90625 0.0985921
2.91703 0.09375

-1.72038 -0.171875
-1.71875 -0.171749

-1.71875 -0.171758
-1.70312 -0.170551

-1.70312 -0.170552
-1.6875 -0.16934

-1.6875 -0.16934
-1.67188 -0.168118

-1.67188 -0.168118
-1.65625 -0.166887

-1.65625 -0.166886
-1.64062 -0.16565

-1.64062 -0.165649
-1.625 -0.164409

2.98438 0.0588306
2.97822 0.0625

-1.625 -0.164408
-1.60938 -0.163167

-1.60938 -0.163167
-1.59375 -0.161924

-1.59375 -0.161924
-1.57812 -0.160681

-1.57812 -0.160681
-1.5625 -0.159437

2.98438 0.0577199
3 0.0479456

2.95312 0.0752977
2.94765 0.078125

2.9375 0.0840468
2.94897 0.078125

2.95312 0.0757805
2.96875 0.0671218

2.96875 0.066134
2.97485 0.0625

-1.5625 -0.159437
-1.54688 -0.158193

-1.54688 -0.158193
-1.53125 -0.156948

-1.53125 -0.156954
-1.52242 -0.15625

-1.52258 -0.15625
-1.51562 -0.155695

3.03125 0.0297911
3.02859 0.03125

3 0.0472716
3.02888 0.03125

-1.51562 -0.155702
-1.5 -0.154454

3.03125 0.029358
3.0625 0.0166142

3.0625 0.0148173
3.125 0.00796229

3.125 0.0180445
3.25 0.0141807

3.25 0.0160066
3.5 0.00542664

3.5 -0.000102407
4 -0.00994209

3.5 0.000180552
3.50917 0

-1.5 -0.154455
-1.48438 -0.153204

-1.48438 -0.153204
-1.46875 -0.151948

-1.46875 -0.151948
-1.45312 -0.150688

-1.45312 -0.150689
-1.4375 -0.149423

-1.4375 -0.149423
-1.42188 -0.14815

-1.42188 -0.14815
-1.40625 -0.146868

-1.40625 -0.146868
-1.39062 -0.145576

-1.39062 -0.145576
-1.375 -0.144274

-1.375 -0.144274
-1.35938 -0.142962

-1.35938 -0.142961
-1.34375 -0.14164

-1.34375 -0.141643
-1.3318 -0.140625

-1.33196 -0.140625
-1.32812 -0.140298

-1.32812 -0.140308
-1.3125 -0.138971

-1.3125 -0.138971
-1.29688 -0.137628

-1.29688 -0.137628
-1.28125 -0.13628

-1.28125 -0.13628
-1.26562 -0.134928

-1.26562 -0.134928
-1.25 -0.133573

-1.25 -0.133573
-1.23438 -0.132215

-1.23438 -0.132215
-1.21875 -0.130856

-1.21875 -0.130855
-1.20312 -0.129496

-1.20312 -0.129496
-1.1875 -0.128136

-1.1875 -0.128136
-1.17188 -0.126775

-1.17188 -0.126775
-1.15625 -0.125414

-1.15625 -0.125421
-1.15143 -0.125

-1.15152 -0.125
-1.14062 -0.124049

-1.14062 -0.124051
-1.125 -0.122682

-1.125 -0.122682
-1.10938 -0.121308

-1.10938 -0.121309
-1.09375 -0.119927

-1.09375 -0.119928
-1.07812 -0.118537

-1.07812 -0.118537
-1.0625 -0.117134

-1.0625 -0.117134
-1.04688 -0.115717

-1.04688 -0.115718
-1.03125 -0.114286

-1.03125 -0.114286
-1.01562 -0.11284

-1.01562 -0.112839
-1 -0.11138

