-4 -0.00568007
-3.50581 0

-3.64052 0
-3.5 0.00185524

-3.0625 -0.0152829
-3.08988 0

-3 -0.0721916
-3.01201 -0.0625

-3.03125 -0.0433774
-3.04567 -0.03125

-3.0625 -0.0189268
-3.04719 -0.03125

-3.03125 -0.0455851
-3.01081 -0.0625

-3.5 0.0114349
-3.25 0.0165532

-3.25 0.0386934
-3.125 0.0202269

-3.125 0.0184751
-3.09145 0

1.5 0.138071
1.51562 0.139425

1.51562 0.139424
1.52954 0.140625

1.52952 0.140625
1.53125 0.140775

1.53125 0.140772
1.54688 0.142119

1.54688 0.142119
1.5625 0.143464

1.5625 0.143464
1.57812 0.144809

1.57812 0.14481
1.59375 0.146153

1.59375 0.146154
1.60938 0.147492

1.60938 0.147493
1.625 0.148823

-2.90625 -0.128333
-2.91308 -0.125

-2.90625 -0.127407
-2.89062 -0.134515

-2.875 -0.143067
-2.88075 -0.140625

-2.89062 -0.134046
-2.87512 -0.140625

-2.96875 -0.0949025
-2.97055 -0.09375

1.625 0.148824
1.64062 0.150144

1.64062 0.150144
1.65625 0.151452

1.65625 0.151452
1.67188 0.152748

1.67188 0.152748
1.6875 0.154032

-2.98438 -0.0838019
-2.99246 -0.078125

1.6875 0.154031
1.70312 0.155304

1.70312 0.155305
1.71483 0.15625

1.71486 0.15625
1.71875 0.156565

1.71875 0.156566
1.73438 0.157818

-3 -0.0710804
-2.99021 -0.078125

-2.98438 -0.0829237
-2.96875 -0.0932594

1.73438 0.157818
1.75 0.159061

-2.95312 -0.102824
-2.96801 -0.09375

-2.9375 -0.112818
-2.9436 -0.109375

-2.95312 -0.102297
-2.94059 -0.109375

-2.96875 -0.0932432
-2.96789 -0.09375

-2.9375 -0.11161
-2.92188 -0.119804

-2.92188 -0.119297
-2.91019 -0.125

-2.875 -0.141128
-2.85938 -0.14732

-2.85938 -0.147307
-2.84375 -0.153083

-2.82812 -0.159073
-2.83629 -0.15625

-2.82812 -0.158473
-2.8125 -0.163519

-2.84375 -0.152631
-2.83328 -0.15625

-2.8125 -0.163514
-2.79688 -0.168223

-2.78125 -0.173372
-2.78656 -0.171875

1.75 0.159061
1.76562 0.160295

1.76562 0.160295
1.78125 0.16152

1.78125 0.16152
1.79688 0.162738

-2.79688 -0.167989
-2.78308 -0.171875

-2.78125 -0.172618
-2.76562 -0.17673

1.79688 0.162738
1.8125 0.163951

1.8125 0.163951
1.82812 0.16516

1.82812 0.16516
1.84375 0.166367

-2.76562 -0.176722
-2.75 -0.180554

1.84375 0.166368
1.85938 0.167571

1.85938 0.167571
1.875 0.168768

-1 -0.0998971
-0.984375 -0.0983441

1.875 0.168769
1.89062 0.169956

1.89062 0.169957
1.90625 0.17113

1.90625 0.171133
1.9163 0.171875

1.91638 0.171875
1.92188 0.172281

1.92188 0.172285
1.9375 0.173416

-2.71875 -0.188004
-2.72111 -0.1875

-2.70312 -0.190566
-2.71853 -0.1875

1.9375 0.173417
1.95312 0.174523

0 -0.00247194
0.015625 -0.000953258

0.015625 -0.000963248
0.0255231 0

-2.70312 -0.190561
-2.6875 -0.193444

-2.75 -0.180552
-2.73438 -0.184125

1.95312 0.174523
1.96875 0.175604

1.96875 0.175604
1.98438 0.17666

1.98438 0.176659
2 0.177693

0.0252558 0
0.03125 0.000583329

0.03125 0.00056674
0.046875 0.00209033

0.046875 0.00208994
0.0625 0.003618

0.0625 0.00361778
0.078125 0.00515153

0.078125 0.00515156
0.09375 0.00669138

0.09375 0.00669147
0.109375 0.00823709

0.109375 0.00823709
0.125 0.00978834

0.125 0.00978831
0.140625 0.0113453

0.140625 0.0113454
0.15625 0.0129079

0.15625 0.0129081
0.171875 0.0144756

0.171875 0.0144726
0.183332 0.015625

0.183217 0.015625
0.1875 0.0160558

0.1875 0.0160474
0.203125 0.0176227

0.203125 0.0176227
0.21875 0.0192015

0.21875 0.0192015
0.234375 0.020784

0.234375 0.020784
0.25 0.0223705

-0.984375 -0.0983442
-0.96875 -0.0967897

0.25 0.0223706
0.265625 0.0239607

0.265625 0.0239608
0.28125 0.0255541

-2.73438 -0.184078
-2.71875 -0.187414

0.28125 0.0255544
0.296875 0.0271501

-2.71875 -0.187426
-2.71838 -0.1875

-0.96875 -0.0967897
-0.953125 -0.0952334

-0.953125 -0.0952332
-0.938246 -0.09375

0.296875 0.0271505
0.3125 0.0287476

-0.938255 -0.09375
-0.9375 -0.0936748

0.3125 0.0287481
0.328125 0.030345

-0.9375 -0.093676
-0.921875 -0.0921167

0.328125 0.0303445
0.336995 0.03125

-2.6875 -0.193444
-2.67188 -0.196113

0.336974 0.03125
0.34375 0.0319417

-2.67188 -0.19611
-2.65625 -0.198571

0.34375 0.0319408
0.359375 0.0335325

-0.921875 -0.0921165
-0.90625 -0.090555

-0.90625 -0.0905551
-0.890625 -0.0889918

-2.65625 -0.19857
-2.64062 -0.200832

-0.890625 -0.0889917
-0.875 -0.0874267

0.359375 0.0335329
0.375 0.0351198

-2.64062 -0.200828
-2.625 -0.202901

0.375 0.0351201
0.390625 0.0367008

0.390625 0.0367011
0.40625 0.0382744

0.40625 0.0382748
0.421875 0.0398393

0.421875 0.0398396
0.4375 0.041394

-2.60938 -0.204795
-2.62317 -0.203125

0.4375 0.0413942
0.453125 0.0429376

0.453125 0.0429377
0.46875 0.0444695

0.46875 0.0444695
0.484375 0.0459896

-2.625 -0.202885
-2.62302 -0.203125

-2.60938 -0.204792
-2.59375 -0.206503

-2.59375 -0.206503
-2.57812 -0.208034

-2.57812 -0.208032
-2.5625 -0.209386

0.484375 0.0459877
0.493563 0.046875

0.493523 0.046875
0.5 0.0475005

-2.5625 -0.209385
-2.54688 -0.210565

-2.54688 -0.210564
-2.53125 -0.211572

-2.53125 -0.211571
-2.51562 -0.212411

-2.51562 -0.212409
-2.5 -0.213088

-0.875 -0.0874264
-0.859375 -0.0858603

-0.859375 -0.0858599
-0.84375 -0.0842942

-0.84375 -0.0842938
-0.828125 -0.0827302

-0.828125 -0.0827299
-0.8125 -0.0811699

-0.8125 -0.0811695
-0.796875 -0.0796147

-0.796875 -0.0796141
-0.781842 -0.078125

-0.781848 -0.078125
-0.78125 -0.0780657

-0.78125 -0.0780664
-0.765625 -0.0765269

-0.765625 -0.0765265
-0.75 -0.0749958

-0.75 -0.0749957
-0.734375 -0.0734747

-0.734375 -0.0734747
-0.71875 -0.0719636

-0.71875 -0.0719635
-0.703125 -0.0704625

-0.703125 -0.0704625
-0.6875 -0.0689718

0.5 0.0474981
0.515625 0.0489963

-0.6875 -0.068972
-0.671875 -0.0674913

-0.671875 -0.0674917
-0.65625 -0.0660195

-0.65625 -0.0660197
-0.640625 -0.064555

0.515625 0.0489961
0.53125 0.050484

0.53125 0.050484
0.546875 0.0519621

0.546875 0.0519621
0.5625 0.0534306

0.5625 0.0534306
0.578125 0.0548895

0.578125 0.0548895
0.59375 0.0563388

-0.640625 -0.0645554
-0.625 -0.0630968

0.59375 0.0563387
0.609375 0.0577788

-2.5 -0.213086
-2.48438 -0.21361

-2.48438 -0.213608
-2.46875 -0.213982

-0.625 -0.0631079
-0.618467 -0.0625

-0.618664 -0.0625
-0.609375 -0.0616356

2 0.177692
2.01562 0.178705

-2.46875 -0.213981
-2.45312 -0.21421

2.01562 0.178705
2.03125 0.1797

-2.45312 -0.214209
-2.4375 -0.214297

-2.4375 -0.214296
-2.42188 -0.214249

-2.42188 -0.214247
-2.40625 -0.21407

2.03125 0.179699
2.04688 0.180677

2.04688 0.180677
2.0625 0.181638

0.609375 0.0577785
0.625 0.0592104

-2.40625 -0.214068
-2.39062 -0.213767

-0.609375 -0.0616438
-0.59375 -0.0601924

0.625 0.05921
0.640625 0.0606349

0.640625 0.0606344
0.65625 0.0620541

-2.39062 -0.213765
-2.375 -0.213346

2.0625 0.181639
2.07812 0.182578

-0.59375 -0.060193
-0.578125 -0.0587415

2.07812 0.182579
2.09375 0.183495

2.09375 0.183495
2.10938 0.184383

-0.578125 -0.0587417
-0.5625 -0.0572887

2.10938 0.184384
2.125 0.185239

-0.5625 -0.0572891
-0.546875 -0.0558334

-2.375 -0.213345
-2.35938 -0.212815

2.125 0.18524
2.14062 0.18606

-0.546875 -0.0558339
-0.53125 -0.0543739

0.65625 0.0620505
0.661208 0.0625

-2.35938 -0.212813
-2.34375 -0.212181

2.14062 0.18606
2.15625 0.186845

-2.34375 -0.212179
-2.32812 -0.211454

2.15625 0.186847
2.16993 0.1875

-0.53125 -0.0543741
-0.515625 -0.0529086

2.17004 0.1875
2.17188 0.187588

-2.32812 -0.211451
-2.3125 -0.210644

2.17188 0.187592
2.1875 0.188298

-2.3125 -0.210641
-2.29688 -0.209763

0.661158 0.0625
0.671875 0.0634715

-2.29688 -0.20976
-2.28125 -0.208822

0.671875 0.0634696
0.6875 0.0648846

-2.28125 -0.20882
-2.26562 -0.207832

-2.26562 -0.207829
-2.25 -0.206803

0.6875 0.0648841
0.703125 0.0662995

0.703125 0.0662991
0.71875 0.0677168

0.71875 0.0677165
0.734375 0.0691376

0.734375 0.0691376
0.75 0.0705625

-0.515625 -0.0529087
-0.5 -0.0514368

2.1875 0.188298
2.20312 0.188968

2.20312 0.188967
2.21875 0.189606

2.21875 0.189604
2.23438 0.190216

2.23438 0.190215
2.25 0.190805

0.75 0.0705626
0.765625 0.0719912

0.765625 0.0719915
0.78125 0.0734228

0.78125 0.0734232
0.796875 0.0748559

-2.25 -0.2068
-2.23438 -0.205745

-2.23438 -0.205742
-2.21875 -0.204669

-2.21875 -0.204667
-2.20312 -0.203587

0.796875 0.0748563
0.8125 0.0762889

0.8125 0.0762893
0.828125 0.07772

2.25 0.190805
2.26562 0.191374

2.26562 0.191374
2.28125 0.191921

-0.5 -0.0514371
-0.484375 -0.0499583

2.28125 0.191921
2.29688 0.192444

2.29688 0.192444
2.3125 0.192941

2.3125 0.192942
2.32812 0.193408

2.32812 0.19341
2.34375 0.193839

2.34375 0.19384
2.35938 0.194227

2.35938 0.194228
2.375 0.194568

0.828125 0.0777191
0.832568 0.078125

2.375 0.194569
2.39062 0.194858

2.39062 0.194859
2.40625 0.195096

-2.20312 -0.203577
-2.1966 -0.203125

2.40625 0.195096
2.42188 0.195279

-2.19636 -0.203125
-2.1875 -0.202512

-0.484375 -0.0499584
-0.46875 -0.0484716

-2.1875 -0.202503
-2.17188 -0.201429

-0.46875 -0.0484723
-0.453125 -0.0469761

0.832549 0.078125
0.84375 0.0791483

0.84375 0.0791481
0.859375 0.0805713

-2.17188 -0.201428
-2.15625 -0.200367

-0.453125 -0.0470263
-0.451556 -0.046875

-2.15625 -0.200366
-2.14062 -0.199321

-0.452126 -0.046875
-0.4375 -0.0454648

0.859375 0.0805715
0.875 0.0819894

2.42188 0.19528
2.4375 0.195407

-2.14062 -0.199321
-2.125 -0.198292

2.4375 0.195408
2.45312 0.195478

0.875 0.0819894
0.890625 0.0834018

2.45312 0.195478
2.46875 0.195489

-0.4375 -0.0454696
-0.421875 -0.0439526

2.46875 0.19549
2.48438 0.195439

-2.125 -0.198294
-2.10938 -0.197278

2.48438 0.195441
2.5 0.195325

-2.10938 -0.19728
-2.09375 -0.19627

-0.421875 -0.0439525
-0.40625 -0.0424248

0.890625 0.0834017
0.90625 0.0848084

-0.40625 -0.0424248
-0.390625 -0.0408869

-2.09375 -0.196273
-2.07812 -0.195258

0.90625 0.0848083
0.921875 0.08621

-0.390625 -0.0408865
-0.375 -0.0393391

-2.07812 -0.195262
-2.0625 -0.19423

0.921875 0.0862098
0.9375 0.0876075

-2.0625 -0.194234
-2.04688 -0.193169

0.9375 0.0876072
0.953125 0.0890018

0.953125 0.0890015
0.96875 0.0903944

-2.04688 -0.193172
-2.03125 -0.192059

-2.03125 -0.19206
-2.01562 -0.190889

-2.01562 -0.190889
-2 -0.189656

-0.375 -0.0393384
-0.359375 -0.0377833

-0.359375 -0.0377825
-0.34375 -0.0362225

0.96875 0.0903941
0.984375 0.0917862

0.984375 0.0917861
1 0.0931782

-0.34375 -0.036222
-0.328125 -0.0346598

-0.328125 -0.0346591
-0.3125 -0.033097

-0.3125 -0.0330967
-0.296875 -0.0315367

-0.296875 -0.0315754
-0.293608 -0.03125

-0.294098 -0.03125
-0.28125 -0.0299705

-0.28125 -0.0299799
-0.265625 -0.0284292

-0.265625 -0.028429
-0.25 -0.026884

2.5 0.195327
2.51562 0.195141

2.51562 0.195143
2.53125 0.19488

2.53125 0.194881
2.54688 0.194536

2.54688 0.194537
2.5625 0.194107

-0.25 -0.026884
-0.234375 -0.0253447

-0.234375 -0.0253448
-0.21875 -0.0238107

-0.21875 -0.0238111
-0.203125 -0.0222812

2.5625 0.194108
2.57812 0.193589

2.57812 0.193591
2.59375 0.192979

-0.203125 -0.0222815
-0.1875 -0.0207544

-0.1875 -0.0207548
-0.171875 -0.0192291

2.59375 0.192979
2.60938 0.192271

2.60938 0.192271
2.625 0.191464

-0.171875 -0.0192293
-0.15625 -0.0177039

-0.15625 -0.017704
-0.140625 -0.0161784

-0.140625 -0.0162033
-0.134703 -0.015625

-0.13511 -0.015625
-0.125 -0.0146378

2.6875 0.187171
2.68334 0.1875

-0.125 -0.0146525
-0.109375 -0.0131267

-0.109375 -0.0131266
-0.09375 -0.0116006

2.625 0.191465
2.64062 0.190555

2.64062 0.190556
2.65625 0.18954

-0.09375 -0.0116004
-0.078125 -0.0100746

-0.078125 -0.0100743
-0.0625 -0.00854996

2.65625 0.18954
2.67188 0.188415

-0.0625 -0.00854987
-0.046875 -0.00702763

-0.046875 -0.00702771
-0.03125 -0.00550761

-0.03125 -0.00550782
-0.015625 -0.00398927

-0.015625 -0.00398956
0 -0.00247158

2.67188 0.188418
2.68349 0.1875

2.6875 0.187182
2.70312 0.185833

2.70312 0.185835
2.71875 0.184363

2.71875 0.184366
2.73438 0.182761

2.73438 0.182765
2.75 0.181013

1 0.093177
1.00643 0.09375

1.00641 0.09375
1.01562 0.0945716

1.01562 0.0945708
1.03125 0.095965

1.03125 0.0959649
1.04688 0.097361

1.04688 0.0973609
1.0625 0.0987593

1.0625 0.0987594
1.07812 0.10016

1.07812 0.10016
1.09375 0.101563

1.09375 0.101563
1.10938 0.102966

1.10938 0.102966
1.125 0.104368

2.75 0.181015
2.76562 0.179101

1.125 0.104368
1.14062 0.105767

2.76562 0.179104
2.78125 0.177018

2.78125 0.17702
2.79688 0.174753

1.14062 0.105768
1.15625 0.107162

1.15625 0.107163
1.17188 0.108552

1.17188 0.108552
1.18116 0.109375

1.18116 0.109375
1.1875 0.109937

2.79688 0.174756
2.8125 0.172297

1.1875 0.109936
1.20312 0.111317

1.20312 0.111316
1.21875 0.112694

2.82812 0.169596
2.81472 0.171875

2.8125 0.17249
2.81612 0.171875

2.82812 0.169644
2.84375 0.166783

2.84375 0.166785
2.85938 0.163706

2.85938 0.163708
2.875 0.160404

1.21875 0.112693
1.23438 0.114071

1.23438 0.11407
1.25 0.115451

3 0.123558
2.99633 0.125

2.90625 0.152979
2.89277 0.15625

2.875 0.160409
2.89062 0.156866

2.89062 0.157247
2.89473 0.15625

-2 -0.189656
-1.98438 -0.188361

-1.98438 -0.188363
-1.97444 -0.1875

-1.97451 -0.1875
-1.96875 -0.187

-1.96875 -0.186999
-1.95312 -0.185587

-1.95312 -0.185581
-1.9375 -0.184134

1.25 0.11545
1.26562 0.116837

-1.9375 -0.184125
-1.92188 -0.182671

-1.92188 -0.182663
-1.90625 -0.181236

2.90625 0.153083
2.92188 0.149026

2.92188 0.149027
2.9375 0.144686

-1.90625 -0.181232
-1.89062 -0.179859

-1.89062 -0.179861
-1.875 -0.178548

2.95312 0.139863
2.95056 0.140625

-1.875 -0.178555
-1.85938 -0.177286

-1.85938 -0.177294
-1.84375 -0.176039

-1.84375 -0.176045
-1.82812 -0.174777

1.26562 0.116837
1.28125 0.118233

-1.82812 -0.174778
-1.8125 -0.173481

-1.8125 -0.17348
-1.79688 -0.172154

-1.79688 -0.172153
-1.79366 -0.171875

1.28125 0.118232
1.29688 0.11964

-1.79368 -0.171875
-1.78125 -0.170803

-1.78125 -0.170801
-1.76562 -0.169441

1.29688 0.11964
1.3125 0.121058

-1.76562 -0.169439
-1.75 -0.168077

2.9375 0.144725
2.9513 0.140625

2.95312 0.139917
2.96875 0.134997

2.95312 0.141686
2.95649 0.140625

1.3125 0.121059
1.32812 0.122488

1.32812 0.122489
1.34375 0.123927

1.34375 0.123928
1.35536 0.125

-1.75 -0.168076
-1.73438 -0.166715

2.96875 0.135601
2.99573 0.125

-1.73438 -0.166715
-1.71875 -0.165354

1.35537 0.125
1.35938 0.12537

1.35938 0.125371
1.375 0.126817

-1.71875 -0.165355
-1.70312 -0.163993

1.375 0.126818
1.39062 0.128261

1.39062 0.128262
1.40625 0.1297

1.40625 0.129701
1.42188 0.13113

1.42188 0.13113
1.4375 0.132547

3 0.123779
3.03125 0.107016

3.0625 0.0857784
3.04974 0.09375

3.03125 0.106007
3.05086 0.09375

1.4375 0.132547
1.45312 0.13395

3.125 0.0467474
3.09679 0.0625

3.0625 0.0850698
3.10291 0.0625

1.45312 0.13395
1.46875 0.135337

1.46875 0.135337
1.48438 0.136711

-1.70312 -0.163993
-1.6875 -0.162628

3 0.125832
3.0016 0.125

3.125 0.0445122
3.25 0.00997482

3.25 0.0238682
3.46385 0

4 -0.0104474
3.70965 0

3.5 0.00406206
3.61289 0

1.48438 0.13671
1.5 0.138072

-1.6875 -0.162628
-1.67188 -0.16126

-1.67188 -0.161259
-1.65625 -0.159891

-1.65625 -0.15989
-1.64062 -0.158526

-1.64062 -0.158525
-1.625 -0.15717

-1.625 -0.157169
-1.61431 -0.15625

-1.61431 -0.15625
-1.60938 -0.155826

-1.60938 -0.155826
-1.59375 -0.154494

-1.59375 -0.154495
-1.57812 -0.15317

-1.57812 -0.153171
-1.5625 -0.15185

-1.5625 -0.151851
-1.54688 -0.150529

-1.54688 -0.150529
-1.53125 -0.149204

-1.53125 -0.149204
-1.51562 -0.147876

-1.51562 -0.147875
-1.5 -0.146544

-1.5 -0.146544
-1.48438 -0.145212

-1.48438 -0.145212
-1.46875 -0.143877

-1.46875 -0.143878
-1.45312 -0.142541

-1.45312 -0.142542
-1.4375 -0.141203

-1.4375 -0.141206
-1.43074 -0.140625

-1.43079 -0.140625
-1.42188 -0.139859

-1.42188 -0.139861
-1.40625 -0.138514

-1.40625 -0.138515
-1.39062 -0.137161

-1.39062 -0.137161
-1.375 -0.135798

-1.375 -0.135799
-1.35938 -0.134426

-1.35938 -0.134426
-1.34375 -0.133041

-1.34375 -0.133042
-1.32812 -0.131643

-1.32812 -0.131644
-1.3125 -0.130231

-1.3125 -0.130231
-1.29688 -0.128804

-1.29688 -0.128803
-1.28125 -0.127362

-1.28125 -0.127362
-1.26562 -0.125906

-1.26562 -0.125908
-1.25597 -0.125

-1.256 -0.125
-1.25 -0.124436

-1.25 -0.124438
-1.23438 -0.122957

-1.23438 -0.122957
-1.21875 -0.121464

-1.21875 -0.121463
-1.20312 -0.119958

-1.20312 -0.119958
-1.1875 -0.118441

-1.1875 -0.118441
-1.17188 -0.116915

-1.17188 -0.116914
-1.15625 -0.11538

-1.15625 -0.115379
-1.14062 -0.113839

-1.14062 -0.113839
-1.125 -0.112294

-1.125 -0.112293
-1.10938 -0.110746

-1.10938 -0.110745
-1.09555 -0.109375

-1.09555 -0.109375
-1.09375 -0.109196

-1.09375 -0.109197
-1.07812 -0.107648

-1.07812 -0.107648
-1.0625 -0.106099

-1.0625 -0.106099
-1.04688 -0.10455

-1.04688 -0.10455
-1.03125 -0.102999

-1.03125 -0.103
-1.01562 -0.101449

-1.01562 -0.101449
-1 -0.0998971

