-4 -0.00644547
-3.7976 0

-3.66209 0
-3.5 0.00516196

-3.49869 0
-3.25 0.0243562

-3.25 0.00824809
-3.125 0.038168

-3.125 0.0351732
-3.07723 0.0625

-3.07878 0.0625
-3.0625 0.071901

-3.0625 0.0736486
-3.03938 0.09375

-3.04042 0.09375
-3.03125 0.10249

-3.03125 0.102482
-3.0085 0.125

-3.00938 0.125
-3 0.133897

1.6875 -0.269653
1.70312 -0.272146

1.70312 -0.272142
1.71875 -0.274645

1.71875 -0.274641
1.73438 -0.277173

1.73438 -0.27717
1.75 -0.279745

1.5 -0.239368
1.51562 -0.241944

1.51562 -0.241943
1.53125 -0.244503

1.53125 -0.244503
1.54688 -0.247049

1.54688 -0.247048
1.5625 -0.249583

1.5625 -0.249381
1.56633 -0.25

1.76562 -0.282455
1.75844 -0.28125

1.76562 -0.282373
1.78125 -0.285031

1.75 -0.27968
1.75935 -0.28125

1.78125 -0.285039
1.79688 -0.287707

1.79688 -0.287716
1.8125 -0.290359

1.8125 -0.290363
1.82812 -0.292953

1.82812 -0.292951
1.84375 -0.295481

1.85938 -0.298011
1.85224 -0.296875

1.84375 -0.295438
1.85278 -0.296875

0.046875 -0.00129383
0.03913 0

0.046875 -0.00113067
0.0625 -0.00373824

1.85938 -0.297957
1.875 -0.300423

0.0625 -0.00373779
0.078125 -0.00634323

1.875 -0.300418
1.89062 -0.302883

1.89062 -0.302882
1.90625 -0.305359

1.90625 -0.30536
1.92188 -0.30785

-3 0.134884
-2.97671 0.15625

0.078125 -0.00634293
0.09375 -0.00894774

-2.97569 0.15625
-2.96875 0.162248

1.92188 -0.307851
1.9375 -0.310353

-2.96875 0.163072
-2.95809 0.171875

1.95312 -0.312907
1.9506 -0.3125

0.09375 -0.00894708
0.109375 -0.0115532

1.95312 -0.312867
1.96875 -0.315387

1.96875 -0.315389
1.98438 -0.317913

0.109375 -0.0115528
0.125 -0.0141623

-2.95724 0.171875
-2.95312 0.175176

-2.95312 0.175752
-2.9376 0.1875

-2.9375 0.187545
-2.92188 0.198362

0.140625 -0.0169454
0.132733 -0.015625

0.125 -0.0140255
0.13456 -0.015625

-2.92188 0.198043
-2.91388 0.203125

0.140625 -0.0167768
0.15625 -0.0193955

1.98438 -0.317916
2 -0.320433

1.9375 -0.310346
1.95089 -0.3125

-2.91476 0.203125
-2.90625 0.208534

-2.90625 0.208235
-2.89062 0.217377

-2.89062 0.216604
-2.88665 0.21875

-2.8884 0.21875
-2.875 0.225992

0.15625 -0.0193957
0.171875 -0.0220173

-2.875 0.225785
-2.85938 0.233605

-2.85938 0.232504
-2.85534 0.234375

-2.85817 0.234375
-2.84375 0.241068

-2.84375 0.240814
-2.82812 0.247549

-2.82812 0.244321
-2.81395 0.25

0.171875 -0.022018
0.1875 -0.0246407

0.1875 -0.024641
0.203125 -0.027263

0.203125 -0.0272632
0.21875 -0.0298836

-2.82924 0.25
-2.82812 0.250516

-2.82812 0.250136
-2.8125 0.256396

0.234375 -0.0326274
0.226157 -0.03125

0.234375 -0.0325024
0.25 -0.0351195

0.21875 -0.0297678
0.227594 -0.03125

-2.8125 0.253811
-2.79688 0.259629

-2.79688 0.258682
-2.78125 0.26409

-2.79046 0.265625
-2.78125 0.268813

-2.78125 0.26162
-2.7688 0.265625

-2.78125 0.266619
-2.76562 0.271643

-2.76562 0.270041
-2.75 0.274706

-1 0.165963
-0.984375 0.163586

-0.984375 0.163585
-0.96875 0.161209

-2.75 0.274474
-2.73438 0.278805

-2.73438 0.276522
-2.71875 0.280541

-2.73941 0.28125
-2.73438 0.282646

-2.73438 0.281743
-2.71875 0.285762

-0.96875 0.161209
-0.953125 0.158836

0.25 -0.035119
0.265625 -0.0377348

-0.953125 0.158835
-0.9375 0.156467

-0.921875 0.154098
-0.936113 0.15625

-0.921875 0.154105
-0.90625 0.151751

-0.9375 0.156529
-0.935655 0.15625

0.265625 -0.0377347
0.28125 -0.0403501

0.28125 -0.04035
0.296875 -0.0429652

-2.71875 0.279869
-2.71296 0.28125

-2.71875 0.283294
-2.70312 0.287022

-2.70312 0.286762
-2.6875 0.29022

-0.90625 0.151751
-0.890625 0.149405

0.296875 -0.0429655
0.3125 -0.0455802

-0.890625 0.149405
-0.875 0.147066

-0.875 0.147066
-0.859375 0.144732

0.328125 -0.0483524
0.319291 -0.046875

-2.6875 0.290216
-2.67188 0.293421

0.3125 -0.0454189
0.321207 -0.046875

-0.859375 0.144732
-0.84375 0.142401

0.328125 -0.0481944
0.34375 -0.0508032

-2.67188 0.292639
-2.65625 0.295609

-2.66756 0.296875
-2.65625 0.299025

-2.65625 0.294573
-2.64315 0.296875

-0.828125 0.140043
-0.832027 0.140625

-0.84375 0.14241
-0.831785 0.140625

-2.65625 0.297349
-2.64062 0.300096

-2.64062 0.299129
-2.625 0.301664

0.34375 -0.0508035
0.359375 -0.0534055

0.359375 -0.053406
0.375 -0.0559996

-2.625 0.301661
-2.60938 0.303995

-2.60938 0.303994
-2.59375 0.306136

-2.59375 0.306134
-2.57812 0.308092

-0.828125 0.14007
-0.8125 0.137741

-2.57812 0.30809
-2.5625 0.309869

-2.5625 0.309843
-2.54688 0.31145

-0.8125 0.137741
-0.796875 0.135411

2 -0.320437
2.01562 -0.322934

-0.796875 0.135411
-0.78125 0.133082

-0.78125 0.133082
-0.765625 0.130753

2.01562 -0.322937
2.03125 -0.325399

-0.765625 0.130754
-0.75 0.128425

0.421875 -0.0638395
0.413711 -0.0625

2.03125 -0.325402
2.04688 -0.327817

2.0625 -0.330165
2.04899 -0.328125

-2.54688 0.310772
-2.53125 0.312214

2.04688 -0.327928
2.04818 -0.328125

-2.53125 0.312089
-2.52624 0.3125

0.421875 -0.0637223
0.4375 -0.0662746

-2.54964 0.3125
-2.54688 0.312784

-2.54666 0.3125
-2.53125 0.313922

0.375 -0.0559997
0.390625 -0.0585838

-2.53125 0.312979
-2.51562 0.314262

0.390625 -0.058584
0.40625 -0.0611581

0.40625 -0.0610504
0.415085 -0.0625

0.4375 -0.0662747
0.453125 -0.0688146

0.453125 -0.0688148
0.46875 -0.0713419

-2.51562 0.314194
-2.5 0.315324

0.46875 -0.0713419
0.484375 -0.0738558

0.484375 -0.0738557
0.5 -0.0763566

0 0.00670835
0.015625 0.00409218

0.015625 0.00409236
0.03125 0.00147955

0.03125 0.00160801
0.0408758 0

-0.71875 0.123731
-0.727258 0.125

-0.71875 0.123765
-0.703125 0.121431

-0.703125 0.121431
-0.6875 0.119093

-0.6875 0.119094
-0.671875 0.11675

-0.671875 0.11675
-0.65625 0.114399

-0.65625 0.114399
-0.640625 0.112038

-0.640625 0.112038
-0.625 0.109666

-0.75 0.128425
-0.734375 0.126096

-0.734375 0.126133
-0.726779 0.125

2.0625 -0.33018
2.07812 -0.332476

-0.609375 0.10727
-0.623174 0.109375

-0.625 0.109746
-0.62257 0.109375

-2.5 0.315322
-2.48438 0.316306

-2.48438 0.316304
-2.46875 0.31715

2.07812 -0.332477
2.09375 -0.334702

-0.609375 0.107284
-0.59375 0.104888

2.09375 -0.334703
2.10938 -0.33685

-2.46875 0.317148
-2.45312 0.317861

-2.45312 0.31786
-2.4375 0.318447

0.515625 -0.0788901
0.51082 -0.078125

2.10938 -0.336851
2.125 -0.338915

0.5 -0.0763375
0.511227 -0.078125

-0.59375 0.104889
-0.578125 0.102477

2.125 -0.338916
2.14062 -0.340891

2.14062 -0.340892
2.15625 -0.342775

0.515625 -0.0788444
0.53125 -0.0813185

2.17188 -0.344425
2.16597 -0.34375

-2.4375 0.318446
-2.42188 0.318913

-0.578125 0.102478
-0.5625 0.100046

2.17188 -0.344562
2.1875 -0.346249

-0.5625 0.100047
-0.546875 0.0975926

-2.42188 0.318912
-2.40625 0.319265

0.53125 -0.0813183
0.546875 -0.0837791

0.546875 -0.0837789
0.5625 -0.086227

-0.546875 0.0975926
-0.53125 0.0951139

-0.515625 0.0925948
-0.522843 0.09375

-2.40625 0.319264
-2.39062 0.319505

-2.39062 0.319504
-2.375 0.31964

0.5625 -0.0862265
0.578125 -0.0886634

0.578125 -0.0886631
0.59375 -0.0910902

-2.375 0.319639
-2.35938 0.319671

-0.515625 0.092611
-0.5 0.0900934

-0.53125 0.0951272
-0.522645 0.09375

-2.35938 0.319671
-2.34375 0.319604

0.625 -0.0959297
0.610867 -0.09375

0.59375 -0.09109
0.609375 -0.0935085

2.15625 -0.342886
2.16381 -0.34375

2.1875 -0.34625
2.20312 -0.347834

2.20312 -0.347835
2.21875 -0.34931

2.21875 -0.349311
2.23438 -0.350676

2.23438 -0.350677
2.25 -0.351931

-2.34375 0.319603
-2.32812 0.31944

0.609375 -0.0934246
0.611485 -0.09375

0.625 -0.0959185
0.640625 -0.0983192

0.640625 -0.0983193
0.65625 -0.100711

0.65625 -0.100711
0.671875 -0.103094

0.671875 -0.103094
0.6875 -0.105469

2.25 -0.351932
2.26562 -0.353073

0.6875 -0.105469
0.703125 -0.107837

-2.32812 0.319439
-2.3125 0.319184

2.26562 -0.353074
2.28125 -0.354098

-0.5 0.0900915
-0.484375 0.0875628

2.28125 -0.354098
2.29688 -0.355005

-2.3125 0.319183
-2.29688 0.318839

-0.484375 0.0875613
-0.46875 0.0850283

-0.46875 0.0850277
-0.453125 0.0824942

-2.29688 0.318838
-2.28125 0.318408

0.71875 -0.11024
0.713034 -0.109375

-0.453125 0.0824946
-0.4375 0.0799609

-2.28125 0.318407
-2.26562 0.317896

-0.421875 0.0774088
-0.426287 0.078125

2.29688 -0.355005
2.3125 -0.355796

-2.26562 0.317895
-2.25 0.317306

2.3125 -0.355797
2.32812 -0.356469

2.32812 -0.356468
2.34375 -0.357021

-0.4375 0.079968
-0.426147 0.078125

-0.421875 0.0774262
-0.40625 0.0748832

2.34375 -0.35702
2.35938 -0.357456

-2.25 0.317305
-2.23438 0.316642

-2.23438 0.316641
-2.21875 0.315909

2.35938 -0.357456
2.375 -0.357779

0.703125 -0.107816
0.713432 -0.109375

0.71875 -0.110201
0.734375 -0.112559

-0.40625 0.0748842
-0.390625 0.072331

-0.390625 0.0723314
-0.375 0.0697649

-2.21875 0.315909
-2.20312 0.315111

-2.20312 0.31511
-2.1875 0.31425

2.375 -0.357781
2.39062 -0.357989

-2.15625 0.312359
-2.1585 0.3125

0.734375 -0.112559
0.75 -0.114913

-2.15625 0.312354
-2.14062 0.311322

2.39062 -0.35799
2.40625 -0.358076

-0.328125 0.0619566
-0.33138 0.0625

-0.328125 0.0619792
-0.3125 0.0593601

2.40625 -0.358076
2.42188 -0.358036

0.828125 -0.126736
0.816622 -0.125

-0.375 0.069765
-0.359375 0.0671839

0.828125 -0.126672
0.84375 -0.129036

-2.14062 0.311322
-2.125 0.310237

2.42188 -0.358037
2.4375 -0.357869

-0.359375 0.0671837
-0.34375 0.0645884

0.84375 -0.129035
0.859375 -0.131406

-2.1875 0.31425
-2.17188 0.313331

0.859375 -0.131406
0.875 -0.133787

-2.17188 0.313329
-2.1586 0.3125

2.4375 -0.357872
2.45312 -0.35757

-2.125 0.310237
-2.10938 0.309101

-2.10938 0.309101
-2.09375 0.307915

-2.09375 0.307915
-2.07812 0.306679

-2.07812 0.306679
-2.0625 0.305395

0.75 -0.114913
0.765625 -0.117264

0.765625 -0.117264
0.78125 -0.119613

-0.34375 0.0645938
-0.331206 0.0625

-0.3125 0.0593596
-0.296875 0.0567315

-0.296875 0.0567308
-0.28125 0.0540963

-0.28125 0.0540956
-0.265625 0.0514575

-0.265625 0.0514568
-0.25 0.048818

-2.0625 0.305394
-2.04688 0.304062

-0.234375 0.0461471
-0.238688 0.046875

-2.04688 0.304062
-2.03125 0.302682

0.78125 -0.119613
0.796875 -0.121963

2.45312 -0.357573
2.46875 -0.357124

-2.03125 0.302682
-2.01562 0.301254

2.46875 -0.357125
2.48438 -0.356521

-0.25 0.0488297
-0.238418 0.046875

2.48438 -0.356523
2.5 -0.355759

-2.01562 0.301254
-2 0.299779

-0.234375 0.0461803
-0.21875 0.0435466

-0.21875 0.043547
-0.203125 0.0409165

0.796875 -0.121962
0.8125 -0.124315

0.8125 -0.124173
0.817982 -0.125

-0.203125 0.040917
-0.1875 0.0382881

-0.1875 0.0382886
-0.171875 0.0356592

-0.171875 0.0356594
-0.15625 0.0330281

-0.140625 0.0303334
-0.146064 0.03125

-0.140625 0.0303945
-0.125 0.0277601

-0.15625 0.0330583
-0.14552 0.03125

0.875 -0.133786
0.890625 -0.136178

0.890625 -0.136178
0.90625 -0.138583

0.921875 -0.141303
0.917497 -0.140625

-0.125 0.0277601
-0.109375 0.0251253

-0.109375 0.0251252
-0.09375 0.02249

0.90625 -0.138506
0.919925 -0.140625

0.921875 -0.141004
0.9375 -0.143441

-0.09375 0.02249
-0.078125 0.0198544

-0.078125 0.0198542
-0.0625 0.0172189

-0.046875 0.0144772
-0.0536844 0.015625

-0.0625 0.0172908
-0.0526173 0.015625

-0.046875 0.0145843
-0.03125 0.0119541

-0.03125 0.011954
-0.015625 0.00932859

-0.015625 0.00932856
0 0.00670804

2.5 -0.355761
2.51562 -0.354826

2.51562 -0.35483
2.53125 -0.353713

0.9375 -0.143441
0.953125 -0.145895

0.953125 -0.145895
0.96875 -0.148368

2.53125 -0.353715
2.54688 -0.352403

2.54688 -0.352406
2.5625 -0.350887

0.96875 -0.148367
0.984375 -0.150858

0.984375 -0.150857
1 -0.153366

2.5625 -0.350889
2.57812 -0.349153

2.57812 -0.349157
2.59375 -0.347195

2.59375 -0.347199
2.60938 -0.344994

2.60938 -0.345136
2.6182 -0.34375

2.61636 -0.34375
2.625 -0.342393

2.625 -0.343834
2.62549 -0.34375

2.625 -0.342544
2.64062 -0.339829

2.64062 -0.339836
2.65625 -0.336836

2.65625 -0.33684
2.67188 -0.333538

2.67188 -0.333546
2.6875 -0.32992

2.6875 -0.330507
2.6969 -0.328125

2.69256 -0.328125
2.70312 -0.325448

2.70312 -0.329143
2.70682 -0.328125

2.70312 -0.325847
2.71875 -0.321541

2.71875 -0.321668
2.73438 -0.316979

2.73438 -0.317262
2.74896 -0.3125

2.74475 -0.3125
2.75 -0.310785

2.75 -0.3153
2.7579 -0.3125

2.75 -0.311182
2.76562 -0.305646

2.76562 -0.306371
2.78125 -0.300353

2.78125 -0.3017
2.79278 -0.296875

2.78605 -0.296875
2.79688 -0.292344

2.79688 -0.29803
2.79954 -0.296875

2.79688 -0.293737
2.8125 -0.286622

2.8125 -0.287645
2.82538 -0.28125

2.82812 -0.282853
2.83128 -0.28125

2.82005 -0.28125
2.82812 -0.277266

2.82812 -0.278843
2.84375 -0.27036

2.84375 -0.272057
2.85455 -0.265625

2.84919 -0.265625
2.85938 -0.259615

2.85938 -0.261286
2.875 -0.251027

2.875 -0.254083
2.88088 -0.25

2.87543 -0.25
2.89062 -0.238907

2.89062 -0.240796
2.89888 -0.234375

2.89595 -0.234375
2.90625 -0.226103

2.90625 -0.228373
2.91581 -0.21875

2.91459 -0.21875
2.92188 -0.210024

-2 0.299779
-1.98438 0.298258

-1.96875 0.296691
-1.97058 0.296875

2.92188 -0.209065
2.92632 -0.203125

2.92708 -0.203125
2.9375 -0.188307

-1.98438 0.298257
-1.97058 0.296875

-1.96875 0.296691
-1.95312 0.295083

-1.95312 0.295082
-1.9375 0.293434

-1.9375 0.293433
-1.92188 0.291747

2.9375 -0.187784
2.93769 -0.1875

2.93792 -0.1875
2.94741 -0.171875

-1.92188 0.291746
-1.90625 0.290026

-1.90625 0.290025
-1.89062 0.288274

2.94785 -0.171875
2.95312 -0.162146

2.95312 -0.158291
2.95423 -0.15625

-1.89062 0.288274
-1.875 0.286495

2.95562 -0.15625
2.96356 -0.140625

2.96417 -0.140625
2.96875 -0.131519

-1.875 0.286494
-1.85938 0.284692

-1.85938 0.284691
-1.84375 0.282868

1.03125 -0.158449
1.01777 -0.15625

1 -0.153366
1.01562 -0.155895

1.01562 -0.155865
1.01799 -0.15625

1.03125 -0.158444
1.04688 -0.161014

1.04688 -0.161014
1.0625 -0.163606

1.0625 -0.163606
1.07812 -0.166218

-1.82812 0.281023
-1.83005 0.28125

-1.82812 0.281024
-1.8125 0.279167

2.96875 -0.125959
2.96924 -0.125

1.07812 -0.166218
1.09375 -0.168852

2.97126 -0.125
2.98743 -0.09375

1.09375 -0.168852
1.10938 -0.171507

-1.84375 0.282867
-1.83003 0.28125

1.125 -0.174189
1.1115 -0.171875

1.10938 -0.171484
1.11166 -0.171875

-1.8125 0.279166
-1.79688 0.277296

1.125 -0.174185
1.14062 -0.176884

1.14062 -0.176884
1.15625 -0.179602

2.98723 -0.09375
2.99566 -0.078125

2.99658 -0.078125
3 -0.0723745

1.15625 -0.179603
1.17188 -0.182338

1.17188 -0.182339
1.1875 -0.185089

-1.79688 0.277295
-1.78125 0.275413

-1.78125 0.275413
-1.76562 0.273522

1.20312 -0.18805
1.20002 -0.1875

1.20312 -0.187854
1.21875 -0.190627

-1.76562 0.273522
-1.75 0.271621

1.21875 -0.190627
1.23438 -0.193405

1.23438 -0.193406
1.25 -0.196187

1.1875 -0.185053
1.20134 -0.1875

-1.57812 0.249911
-1.5788 0.25

-1.57812 0.249912
-1.5625 0.247846

-1.5625 0.247846
-1.54688 0.245763

-1.54688 0.245763
-1.53125 0.243663

-1.53125 0.243663
-1.51562 0.241548

3 -0.069312
3.00404 -0.0625

3.0037 -0.0625
3.02917 -0.03125

1.25 -0.196187
1.26562 -0.198966

1.26562 -0.198967
1.28125 -0.201742

-1.51562 0.241548
-1.5 0.239417

3.02389 -0.03125
3.03125 -0.0238862

-1.75 0.271621
-1.73438 0.269711

1.29688 -0.204617
1.28846 -0.203125

3.03125 -0.0288789
3.0625 -0.00394664

1.28125 -0.201636
1.28965 -0.203125

3.0625 -0.00352739
3.07047 0

-1.73438 0.269711
-1.71875 0.26779

1.29688 -0.204511
1.3125 -0.207271

-1.71875 0.26779
-1.70312 0.265858

3.5 -0.000209893
3.48938 0

3.07148 0
3.125 0.0235794

3.125 0.0210516
3.25 0.0306814

1.3125 -0.207271
1.32812 -0.210019

1.32812 -0.21002
1.34375 -0.212756

-1.6875 0.263908
-1.7013 0.265625

-1.70312 0.265894
-1.70096 0.265625

3.25 0.00987249
3.5 0.00348834

-1.6875 0.263914
-1.67188 0.261957

3.5 -0.00114166
4 -0.00658635

3.5 0.000607776
3.55501 0

-1.67188 0.261957
-1.65625 0.259988

-1.65625 0.259988
-1.64062 0.258005

1.34375 -0.212756
1.35938 -0.215479

1.35938 -0.215479
1.375 -0.218191

-1.64062 0.258005
-1.625 0.256007

1.39062 -0.220952
1.37788 -0.21875

1.39062 -0.220891
1.40625 -0.223576

1.375 -0.217988
1.37941 -0.21875

1.40625 -0.223576
1.42188 -0.226247

1.42188 -0.226247
1.4375 -0.228902

1.4375 -0.228902
1.45312 -0.231542

1.45312 -0.231542
1.46875 -0.234167

-1.625 0.256007
-1.60938 0.253993

-1.60938 0.253993
-1.59375 0.251962

-1.59375 0.251962
-1.57879 0.25

1.48438 -0.236806
1.46981 -0.234375

1.46875 -0.233937
1.47137 -0.234375

1.48438 -0.236776
1.5 -0.239368

-1.5 0.239417
-1.48438 0.237271

-1.48438 0.237271
-1.46875 0.23511

-1.45312 0.232919
-1.46358 0.234375

-1.46875 0.235137
-1.46328 0.234375

-1.45312 0.232933
-1.4375 0.230742

-1.4375 0.230741
-1.42188 0.228537

-1.42188 0.228537
-1.40625 0.22632

-1.40625 0.226319
-1.39062 0.22409

-1.39062 0.224089
-1.375 0.221847

-1.34375 0.217305
-1.35372 0.21875

-1.375 0.221847
-1.35938 0.219593

-1.35938 0.219633
-1.35328 0.21875

1.57812 -0.252158
1.56478 -0.25

1.57812 -0.252108
1.59375 -0.254626

1.59375 -0.254626
1.60938 -0.25714

1.60938 -0.257139
1.625 -0.25965

-1.34375 0.217328
-1.32812 0.215054

-1.32812 0.215054
-1.3125 0.212772

-1.3125 0.212772
-1.29688 0.210482

-1.29688 0.210482
-1.28125 0.208185

-1.28125 0.208185
-1.26562 0.205882

-1.26562 0.205882
-1.25 0.20357

1.625 -0.25965
1.64062 -0.262158

1.64062 -0.262158
1.65625 -0.264663

1.67188 -0.267242
1.66176 -0.265625

1.65625 -0.264539
1.66304 -0.265625

1.67188 -0.267161
1.6875 -0.269655

-1.23438 0.201234
-1.24712 0.203125

-1.25 0.203639
-1.24653 0.203125

-1.23438 0.201252
-1.21875 0.198928

-1.21875 0.198928
-1.20312 0.196599

-1.20312 0.196599
-1.1875 0.194265

-1.14062 0.187231
-1.14242 0.1875

-1.14062 0.18724
-1.125 0.184891

-1.1875 0.194265
-1.17188 0.191927

-1.17188 0.191927
-1.15625 0.189586

-1.15625 0.189587
-1.14235 0.1875

-1.125 0.184891
-1.10938 0.182539

-1.10938 0.182539
-1.09375 0.180183

-1.09375 0.180183
-1.07812 0.177824

-1.07812 0.177824
-1.0625 0.17546

-1.0625 0.17546
-1.04688 0.173091

-1.03125 0.170696
-1.03901 0.171875

-1.04688 0.173112
-1.03873 0.171875

-1.03125 0.170718
-1.01562 0.168342

-1.01562 0.168342
-1 0.165964

