-4 -0.00610524
-3.82784 0

-3.68885 0
-3.5 0.006697

-3.5 0.000205539
-3.25 0.0276517

-3.25 0.0202716
-3.125 0.0497843

-3.125 0.0546948
-3.10316 0.0625

-3.125 0.0627499
-3.0625 0.0850856

-3.0625 0.0840939
-3.03125 0.0883177

-3.03125 0.0887146
-3 0.087184

1.5 0.0104595
1.51562 0.0108349

1.51562 0.0108349
1.53125 0.0111957

1.53125 0.0111957
1.54688 0.0115421

1.54688 0.011542
1.5625 0.0118745

1.5625 0.0118743
1.57812 0.0121935

1.57812 0.0121932
1.59375 0.0125002

1.59375 0.0124999
1.60938 0.0127957

1.60938 0.0127954
1.625 0.0130815

1.625 0.0130812
1.64062 0.0133587

1.64062 0.0133584
1.65625 0.0136286

1.65625 0.0136284
1.67188 0.0138924

1.67188 0.0138921
1.6875 0.0141508

1.6875 0.0141507
1.70312 0.0144049

1.70312 0.0144047
1.71875 0.014655

1.71875 0.0146549
1.73438 0.0149016

1.73438 0.0149016
1.75 0.0151446

1.75 0.0151447
1.76562 0.0153839

1.76562 0.015384
1.78125 0.0156192

1.78125 0.0156194
1.78163 0.015625

1.78163 0.015625
1.79688 0.0158501

1.79688 0.0158504
1.8125 0.016076

1.8125 0.0160762
1.82812 0.0162958

1.82812 0.0162961
1.84375 0.016509

1.84375 0.0165092
1.85938 0.0167143

1.85938 0.0167147
1.875 0.0169108

-3 0.0864846
-2.98438 0.0833797

-2.98438 0.083094
-2.96875 0.0796196

-2.95312 0.0764923
-2.96084 0.078125

-2.96875 0.0794398
-2.96254 0.078125

1.875 0.0169111
1.89062 0.017097

1.89062 0.0170973
1.90625 0.0172716

1.90625 0.0172719
1.92188 0.0174335

1.92188 0.0174337
1.9375 0.0175815

-2.95312 0.076324
-2.9375 0.0731555

1.9375 0.0175817
1.95312 0.0177151

1.95312 0.0177152
1.96875 0.0178339

1.96875 0.0178338
1.98438 0.0179378

1.98438 0.0179377
2 0.0180274

-2.875 0.0618454
-2.87889 0.0625

-2.9375 0.0731596
-2.92188 0.0701333

-2.92188 0.0701327
-2.90625 0.0672417

-2.90625 0.0672439
-2.89062 0.0644851

-2.89062 0.0644871
-2.87881 0.0625

-2.875 0.0618575
-2.85938 0.0593574

-2.85938 0.0593573
-2.84375 0.0569817

-2.84375 0.0569829
-2.82812 0.0547298

-2.82812 0.0547311
-2.8125 0.0525957

-1 -0.0269095
-0.984375 -0.0270914

-0.984375 -0.0270908
-0.96875 -0.0272755

-0.96875 -0.027275
-0.953125 -0.0274648

-0.953125 -0.0274642
-0.9375 -0.0276616

-2.8125 0.0525978
-2.79688 0.0505733

-2.79688 0.0505754
-2.78125 0.0486531

-2.76562 0.0468266
-2.76604 0.046875

-2.78125 0.0486559
-2.76604 0.046875

-2.76562 0.0468271
-2.75 0.045081

-0.9375 -0.0276609
-0.921875 -0.0278684

-0.921875 -0.0278678
-0.90625 -0.0280877

-0.90625 -0.0280872
-0.890625 -0.028322

-0.890625 -0.0283215
-0.875 -0.0285732

-2.75 0.0450841
-2.73438 0.0434133

-2.73438 0.0434143
-2.71875 0.0418106

-2.71875 0.0418113
-2.70312 0.0402711

-2.70312 0.0402716
-2.6875 0.0387922

-2.6875 0.0387935
-2.67188 0.0373715

-0.875 -0.0285729
-0.859375 -0.0288431

-0.859375 -0.0288429
-0.84375 -0.0291328

-0.84375 -0.0291328
-0.828125 -0.0294426

-0.828125 -0.0294429
-0.8125 -0.029772

-0.8125 -0.0297726
-0.796875 -0.0301193

-0.796875 -0.0301203
-0.78125 -0.0304813

-0.78125 -0.0304829
-0.765625 -0.0308527

-0.765625 -0.0308545
-0.75 -0.0312264

-0.734375 -0.0315963
-0.749015 -0.03125

-0.734375 -0.0315961
-0.71875 -0.031963

-0.75 -0.0312272
-0.749037 -0.03125

-0.71875 -0.0319633
-0.703125 -0.0323275

-0.703125 -0.0323279
-0.6875 -0.0326879

-0.6875 -0.0326883
-0.671875 -0.0330424

-0.671875 -0.0330427
-0.65625 -0.0333899

-0.65625 -0.03339
-0.640625 -0.0337294

-0.640625 -0.0337297
-0.625 -0.0340607

-0.625 -0.0340611
-0.609375 -0.0343824

-0.609375 -0.0343829
-0.59375 -0.0346926

-0.59375 -0.0346932
-0.578125 -0.034989

-0.578125 -0.0349896
-0.5625 -0.0352691

-0.5625 -0.0352697
-0.546875 -0.0355301

-0.546875 -0.0355307
-0.53125 -0.0357696

-0.53125 -0.0357701
-0.515625 -0.0359853

-0.515625 -0.0359857
-0.5 -0.0361753

0 -0.0298903
0.015625 -0.0294314

-0.5 -0.0361756
-0.484375 -0.0363385

-2.67188 0.037373
-2.65625 0.0360027

-2.65625 0.0360037
-2.64062 0.03468

-2.64062 0.0346804
-2.625 0.0334004

0.015625 -0.0294312
0.03125 -0.0289649

-2.59375 0.0309679
-2.59743 0.03125

0.03125 -0.0289648
0.046875 -0.0284915

0.046875 -0.0284914
0.0625 -0.0280112

2 0.0180273
2.01562 0.0181032

2.01562 0.0181032
2.03125 0.0181656

-2.625 0.0334008
-2.60938 0.032163

-2.60938 0.0321627
-2.59746 0.03125

-2.59375 0.0309666
-2.57812 0.0298092

-2.57812 0.0298097
-2.5625 0.0286901

-2.5625 0.0286901
-2.54688 0.0276069

-2.54688 0.0276067
-2.53125 0.0265601

-2.53125 0.02656
-2.51562 0.0255503

-2.51562 0.0255502
-2.5 0.0245777

-2.5 0.0245779
-2.48438 0.0236425

-2.48438 0.0236432
-2.46875 0.0227432

-2.46875 0.0227447
-2.45312 0.0218756

-2.45312 0.0218776
-2.4375 0.0210325

-2.4375 0.0210344
-2.42188 0.0202059

-2.42188 0.0202071
-2.40625 0.0193893

-2.40625 0.0193893
-2.39062 0.0185802

-2.39062 0.0185789
-2.375 0.0177813

-2.375 0.0177796
-2.35938 0.0169992

-2.35938 0.0169982
-2.34375 0.0162403

-2.32812 0.0155066
-2.33064 0.015625

-2.34375 0.0162408
-2.33065 0.015625

-2.32812 0.0155086
-2.3125 0.014792

-2.3125 0.0147926
-2.29688 0.0140881

-2.29688 0.0140873
-2.28125 0.0133954

-2.28125 0.0133956
-2.26562 0.0127175

-2.26562 0.012719
-2.25 0.0120513

-2.25 0.0120527
-2.23438 0.0113894

-2.23438 0.0113904
-2.21875 0.0107266

-2.21875 0.0107275
-2.20312 0.0100596

-2.20312 0.0100601
-2.1875 0.0093851

-2.1875 0.00938495
-2.17188 0.00870214

-2.17188 0.00870152
-2.15625 0.00801245

-0.484375 -0.0363387
-0.46875 -0.0364737

-0.46875 -0.0364739
-0.453125 -0.0365804

2.03125 0.0181657
2.04688 0.0182145

-0.453125 -0.0365805
-0.4375 -0.036658

2.04688 0.0182147
2.0625 0.0182493

2.0625 0.0182495
2.07812 0.0182692

0.0625 -0.0280112
0.078125 -0.0275242

-2.15625 0.00801165
-2.14062 0.00731917

-2.14062 0.00731846
-2.125 0.00662559

0.078125 -0.0275241
0.09375 -0.0270307

-2.125 0.00662531
-2.10938 0.00593403

-2.10938 0.00593442
-2.09375 0.00524449

-2.09375 0.00524564
-2.07812 0.00455397

0.09375 -0.0270304
0.109375 -0.0265312

0.109375 -0.0265308
0.125 -0.026027

2.07812 0.0182692
2.09375 0.0182735

0.125 -0.0260264
0.140625 -0.02552

2.09375 0.0182733
2.10938 0.0182625

2.10938 0.018262
2.125 0.0182374

-0.4375 -0.0366581
-0.421875 -0.0367062

2.125 0.0182369
2.14062 0.0182003

2.14062 0.0182
2.15625 0.0181527

2.15625 0.0181528
2.17188 0.0180954

2.17188 0.0180957
2.1875 0.0180274

0.140625 -0.0255193
0.15625 -0.0250126

-0.421875 -0.0367062
-0.40625 -0.0367247

0.15625 -0.025012
0.171875 -0.0245074

-2.07812 0.0045554
-2.0625 0.00385681

2.1875 0.0180278
2.20312 0.0179472

-0.40625 -0.0367246
-0.390625 -0.0367137

0.171875 -0.0245069
0.1875 -0.0240068

-0.390625 -0.0367134
-0.375 -0.0366739

0.1875 -0.0240064
0.203125 -0.0235127

-0.375 -0.0366735
-0.359375 -0.0366066

-2.0625 0.00385747
-2.04688 0.00314777

0.203125 -0.0235124
0.21875 -0.0230266

-2.04688 0.00314666
-2.03125 0.00242675

-0.359375 -0.0366061
-0.34375 -0.0365138

2.20312 0.0179476
2.21875 0.017853

2.21875 0.0178534
2.23438 0.0177431

-0.34375 -0.0365133
-0.328125 -0.0363976

-2.03125 0.00242397
-2.01562 0.00170163

2.23438 0.0177435
2.25 0.017616

-2.01562 0.00169855
-2 0.000985512

0.21875 -0.0230264
0.234375 -0.0225497

0.234375 -0.0225496
0.25 -0.0220827

-0.328125 -0.0363971
-0.3125 -0.0362601

-0.3125 -0.0362597
-0.296875 -0.0361032

-0.296875 -0.0361029
-0.28125 -0.0359281

-0.28125 -0.035928
-0.265625 -0.0357355

0.25 -0.0220827
0.265625 -0.0216256

0.265625 -0.0216257
0.28125 -0.0211783

0.28125 -0.0211785
0.296875 -0.0207404

0.296875 -0.0207405
0.3125 -0.0203112

2.25 0.0176163
2.26562 0.0174702

2.26562 0.0174703
2.28125 0.0173051

-0.265625 -0.0357355
-0.25 -0.0355255

0.3125 -0.0203114
0.328125 -0.0198903

0.328125 -0.0198904
0.34375 -0.0194773

2.28125 0.0173049
2.29688 0.0171208

-0.25 -0.0355256
-0.234375 -0.035298

-0.234375 -0.0352981
-0.21875 -0.0350526

2.29688 0.0171205
2.3125 0.0169184

2.3125 0.0169182
2.32812 0.0166991

2.32812 0.0166989
2.34375 0.0164635

-0.21875 -0.0350527
-0.203125 -0.0347889

-0.203125 -0.0347889
-0.1875 -0.0345066

0.34375 -0.0194772
0.359375 -0.0190721

-0.1875 -0.0345065
-0.171875 -0.0342057

2.34375 0.0164633
2.35938 0.0162126

0.359375 -0.019072
0.375 -0.0186751

-0.171875 -0.0342056
-0.15625 -0.0338866

-0.15625 -0.0338864
-0.140625 -0.03355

0.375 -0.018675
0.390625 -0.0182866

-0.140625 -0.0335497
-0.125 -0.0331967

2.35938 0.0162123
2.375 0.0159472

0.390625 -0.0182867
0.40625 -0.0179066

0.40625 -0.0179069
0.421875 -0.0175343

0.421875 -0.0175345
0.4375 -0.0171688

-1.96875 -0.000381176
-1.9776 0

-0.125 -0.0331964
-0.109375 -0.0328278

-1.96875 -0.000380544
-1.95312 -0.0010374

-0.109375 -0.0328275
-0.09375 -0.0324442

2.375 0.0159471
2.39062 0.0156684

2.40625 0.0153763
2.39295 0.015625

2.39062 0.0156685
2.39295 0.015625

0.4375 -0.0171686
0.453125 -0.0168097

0.453125 -0.0168094
0.46875 -0.0164581

-0.09375 -0.032444
-0.078125 -0.0320471

-0.078125 -0.0320469
-0.0625 -0.0316373

-1.95312 -0.00103671
-1.9375 -0.00168295

2.40625 0.0153762
2.42188 0.0150709

2.42188 0.015071
2.4375 0.0147524

0.46875 -0.0164577
0.484375 -0.0161154

0.484375 -0.0161151
0.5 -0.0157829

-0.0625 -0.031637
-0.0481496 -0.03125

-0.0481328 -0.03125
-0.046875 -0.0312161

-1.9375 -0.0016818
-1.92188 -0.00232112

-1.92188 -0.00231866
-1.90625 -0.00295827

-1.90625 -0.00295588
-1.89062 -0.00360548

-0.046875 -0.0312153
-0.03125 -0.0307833

-0.03125 -0.0307832
-0.015625 -0.0303414

-0.015625 -0.0303412
0 -0.0298905

-1.89062 -0.00360473
-1.875 -0.00427057

2.4375 0.0147526
2.45312 0.0144202

2.45312 0.0144205
2.46875 0.0140731

2.46875 0.0140735
2.48438 0.0137094

2.48438 0.0137099
2.5 0.0133271

0.5 -0.0157826
0.507678 -0.015625

0.507662 -0.015625
0.515625 -0.0154615

0.515625 -0.0154619
0.53125 -0.0151528

0.53125 -0.0151531
0.546875 -0.0148548

-1.875 -0.0042716
-1.85938 -0.00495313

-1.85938 -0.00495531
-1.84375 -0.00564611

0.546875 -0.0148553
0.5625 -0.0145662

0.5625 -0.0145668
0.578125 -0.0142846

0.578125 -0.0142853
0.59375 -0.0140074

-1.84375 -0.00564863
-1.82812 -0.00633933

-1.82812 -0.00634142
-1.8125 -0.00702279

-1.8125 -0.00702399
-1.79688 -0.00768942

0.59375 -0.0140082
0.609375 -0.0137317

0.609375 -0.0137323
0.625 -0.0134546

-1.79688 -0.00768988
-1.78125 -0.00833605

0.625 -0.0134551
0.640625 -0.0131739

2.79688 -0.000297811
2.79276 0

-1.78125 -0.00833629
-1.76562 -0.00896179

2.79688 -0.000302061
2.8125 -0.00149452

2.8125 -0.0014935
2.82812 -0.00274882

2.82812 -0.00274868
2.84375 -0.00406919

0.640625 -0.0131742
0.65625 -0.0128879

0.65625 -0.012888
0.671875 -0.0125959

-1.76562 -0.00896228
-1.75 -0.00956564

0.671875 -0.0125959
0.6875 -0.0122975

2.84375 -0.00406773
2.85938 -0.00545662

2.85938 -0.0054563
2.875 -0.0069171

0.6875 -0.0122974
0.703125 -0.011993

0.703125 -0.0119929
0.71875 -0.011683

2.875 -0.00691524
2.89062 -0.00845229

-1.75 -0.00956653
-1.73438 -0.010145

2.89062 -0.0084523
2.90625 -0.0100693

0.71875 -0.0116829
0.734375 -0.0113681

0.734375 -0.011368
0.75 -0.0110488

2.90625 -0.0100671
2.92188 -0.0117684

2.92188 -0.0117694
2.9375 -0.0135575

0.75 -0.0110488
0.765625 -0.0107253

2.9375 -0.0135535
2.95312 -0.0154344

-1.73438 -0.0101459
-1.71875 -0.0106958

0.765625 -0.0107253
0.78125 -0.0103977

2.96875 -0.0174107
2.95462 -0.015625

-1.71875 -0.0106965
-1.70312 -0.0112146

2.95312 -0.0154571
2.95445 -0.015625

2.96875 -0.0174055
2.98438 -0.0194802

-1.70312 -0.0112146
-1.6875 -0.0116995

-1.6875 -0.011699
-1.67188 -0.0121515

-1.67188 -0.0121506
-1.65625 -0.0125734

-1.65625 -0.0125723
-1.64062 -0.0129693

0.78125 -0.0103977
0.796875 -0.0100658

-1.64062 -0.0129682
-1.625 -0.0133436

0.796875 -0.0100659
0.8125 -0.00972965

0.8125 -0.00972976
0.828125 -0.00938872

2.98438 -0.0194706
3 -0.0216786

2.5 0.0133276
2.51562 0.012924

2.51562 0.0129245
2.53125 0.0124977

0.828125 -0.0093889
0.84375 -0.0090425

2.53125 0.0124983
2.54688 0.0120459

2.54688 0.0120464
2.5625 0.0115662

0.84375 -0.00904274
0.859375 -0.00869015

0.859375 -0.00869043
0.875 -0.00833058

-1.625 -0.0133426
-1.60938 -0.0137004

-1.60938 -0.0136996
-1.59375 -0.0140435

0.875 -0.00833087
0.890625 -0.00796261

-1.59375 -0.0140427
-1.57812 -0.0143761

2.5625 0.0115667
2.57812 0.0110564

0.890625 -0.00796285
0.90625 -0.00758514

2.57812 0.0110569
2.59375 0.0105146

2.59375 0.0105152
2.60938 0.00993879

2.60938 0.00993929
2.625 0.00932675

-1.57812 -0.0143752
-1.5625 -0.0147013

2.625 0.00932721
2.64062 0.00867663

2.64062 0.00867701
2.65625 0.00798668

-1.5625 -0.0147003
-1.54688 -0.0150227

-1.54688 -0.0150216
-1.53125 -0.0153447

-1.51562 -0.0156719
-1.51786 -0.015625

0.90625 -0.00758529
0.921875 -0.00719732

0.921875 -0.00719737
0.9375 -0.00679873

0.9375 -0.00679869
0.953125 -0.00638934

0.953125 -0.00638926
0.96875 -0.00596944

2.65625 0.00798718
2.67188 0.00725534

2.67188 0.00725572
2.6875 0.00648063

2.6875 0.00648105
2.70312 0.00566108

0.96875 -0.00596938
0.984375 -0.00553934

0.984375 -0.00553936
1 -0.00509917

2.70312 0.00566133
2.71875 0.00479512

2.71875 0.00479568
2.73438 0.00388161

2.73438 0.00388221
2.75 0.00291799

-1.53125 -0.0153437
-1.51786 -0.015625

-1.51562 -0.015671
-1.5 -0.0160086

-2 0.000983755
-1.98438 0.000289681

-1.98438 0.000288507
-1.97768 0

2.75 0.0029189
2.76562 0.0019015

2.76562 0.0019019
2.78125 0.000828679

2.78125 0.000828083
2.79268 0

3 -0.022616
3.03125 -0.0235877

3.03125 -0.0236655
3.0625 -0.0192387

3.0625 -0.0184313
3.125 -0.00169878

3.5 -0.000130935
3.47641 0

3.11501 0
3.125 0.00267386

3.125 0.00826058
3.25 0.0199709

3.25 0.00798174
3.5 0.00548049

3.5 -0.00280303
4 -0.00658861

-1.5 -0.0160081
-1.48438 -0.0163578

-1.48438 -0.0163579
-1.46875 -0.0167205

1 -0.00509926
1.01562 -0.00464871

1.01562 -0.00464881
1.03125 -0.00418753

1.03125 -0.00418753
1.04688 -0.00371534

1.04688 -0.00371514
1.0625 -0.00323246

-1.46875 -0.0167207
-1.45312 -0.0170956

-1.45312 -0.0170956
-1.4375 -0.0174824

1.0625 -0.00323204
1.07812 -0.0027401

1.07812 -0.00273954
1.09375 -0.00224029

1.09375 -0.00223977
1.10938 -0.00173537

1.10938 -0.00173516
1.125 -0.0012271

-1.4375 -0.0174823
-1.42188 -0.0178809

1.125 -0.00122747
1.14062 -0.00071544

1.14062 -0.000716156
1.15625 -0.000197979

1.15625 -0.000196632
1.16211 0

-1.42188 -0.0178809
-1.40625 -0.0182913

-1.40625 -0.0182915
-1.39062 -0.0187132

-1.39062 -0.0187136
-1.375 -0.0191451

-1.375 -0.0191456
-1.35938 -0.0195851

-1.35938 -0.0195857
-1.34375 -0.020031

-1.34375 -0.0200317
-1.32812 -0.0204802

-1.32812 -0.0204811
-1.3125 -0.0209294

-1.3125 -0.0209303
-1.29688 -0.0213749

-1.29688 -0.0213757
-1.28125 -0.0218131

1.16214 0
1.17188 0.000326615

1.17188 0.000328263
1.1875 0.000853572

-1.28125 -0.0218138
-1.26562 -0.022241

-1.26562 -0.0222415
-1.25 -0.0226562

1.1875 0.000853108
1.20312 0.00137792

1.20312 0.00137792
1.21875 0.00190317

1.21875 0.00190343
1.23438 0.00242858

1.23438 0.00242885
1.25 0.00295287

-1.25 -0.0226566
-1.23438 -0.0230569

-1.23438 -0.0230573
-1.21875 -0.0234415

-1.21875 -0.023442
-1.20312 -0.0238085

-1.20312 -0.023809
-1.1875 -0.0241559

1.25 0.00295311
1.26562 0.00347495

1.26562 0.00347522
1.28125 0.00399384

1.28125 0.00399409
1.29688 0.00450848

1.29688 0.0045087
1.3125 0.00501794

-1.1875 -0.0241563
-1.17188 -0.0244816

-1.17188 -0.0244818
-1.15625 -0.0247841

1.3125 0.00501814
1.32812 0.0055214

1.32812 0.00552158
1.34375 0.00601812

1.34375 0.00601829
1.35938 0.00650742

1.35938 0.00650758
1.375 0.00698863

-1.15625 -0.0247841
-1.14062 -0.025063

1.375 0.00698881
1.39062 0.00746109

1.39062 0.00746128
1.40625 0.00792409

1.40625 0.00792427
1.42188 0.00837685

-1.14062 -0.0250626
-1.125 -0.0253192

1.42188 0.00837706
1.4375 0.00881861

1.4375 0.00881882
1.45312 0.00924851

1.45312 0.0092487
1.46875 0.00966574

1.46875 0.0096659
1.48438 0.0100696

1.48438 0.0100697
1.5 0.0104594

-1.125 -0.0253184
-1.10938 -0.0255549

-1.10938 -0.025554
-1.09375 -0.0257736

-1.09375 -0.0257727
-1.07812 -0.0259789

-1.07812 -0.0259781
-1.0625 -0.0261745

-1.0625 -0.0261738
-1.04688 -0.0263632

-1.04688 -0.0263627
-1.03125 -0.0265476

-1.03125 -0.0265471
-1.01562 -0.0267293

-1.01562 -0.0267288
-1 -0.0269099

