-4 -0.00430062
-3.77028 0

1.71875 -0.250507
1.71513 -0.25

1.71875 -0.250502
1.73438 -0.2527

1.73438 -0.252702
1.75 -0.254904

1.5 -0.21953
1.51562 -0.221787

1.51562 -0.221784
1.53125 -0.224005

1.53125 -0.224001
1.54688 -0.2262

1.54688 -0.226196
1.5625 -0.22839

1.5625 -0.228387
1.57812 -0.230589

1.57812 -0.230589
1.59375 -0.232804

-3.64963 0
-3.5 0.00280129

-3.47912 0
-3.25 0.0134316

-3.25 0.00366794
-3.125 0.0224134

-3.125 0.0158197
-3.0625 0.0402079

-3.0625 0.0417684
-3.0341 0.0625

1.60938 -0.235039
1.60472 -0.234375

1.59375 -0.232803
1.60478 -0.234375

1.60938 -0.235034
1.625 -0.237267

1.625 -0.237269
1.64062 -0.239501

-3.03125 0.0617879
-3.03041 0.0625

-3.03471 0.0625
-3.03125 0.0652636

1.64062 -0.239503
1.65625 -0.241725

1.65625 -0.241726
1.67188 -0.243932

1.67188 -0.24393
1.6875 -0.246124

1.6875 -0.246122
1.70312 -0.248312

-3.03125 0.0651122
-3.00067 0.09375

-3.00167 0.09375
-3 0.0954559

1.70312 -0.24831
1.71517 -0.25

1.75 -0.254907
1.76562 -0.257103

1.76562 -0.257106
1.78125 -0.259282

1.78125 -0.259283
1.79688 -0.261431

1.79688 -0.26143
1.8125 -0.263547

1.82812 -0.265639
1.82802 -0.265625

1.8125 -0.263544
1.82803 -0.265625

1.82812 -0.265638
1.84375 -0.267715

1.82812 -0.265601
1.8283 -0.265625

1.84375 -0.267714
1.85938 -0.269779

1.85938 -0.26978
1.875 -0.271831

1.875 -0.271833
1.89062 -0.273864

1.89062 -0.273865
1.90625 -0.275869

1.90625 -0.275869
1.92188 -0.277842

1.92188 -0.277842
1.9375 -0.279783

-3 0.0964113
-2.97107 0.125

-2.96974 0.125
-2.96875 0.125948

1.95312 -0.281691
1.94951 -0.28125

1.95312 -0.28169
1.96875 -0.283563

-2.96875 0.127531
-2.95461 0.140625

-2.95427 0.140625
-2.95312 0.141637

-2.95312 0.141858
-2.9375 0.154881

1.9375 -0.279783
1.94952 -0.28125

1.96875 -0.283564
1.98438 -0.285401

-2.9375 0.154296
-2.93494 0.15625

1.98438 -0.285402
2 -0.287198

-2.93579 0.15625
-2.92188 0.16679

-2.92188 0.166059
-2.91343 0.171875

-2.91516 0.171875
-2.90625 0.177969

-2.90625 0.177393
-2.89062 0.187215

-2.89062 0.186519
-2.88891 0.1875

-2.89018 0.1875
-2.875 0.196226

0.15625 -0.000355688
0.153411 0

0.15625 -0.000330531
0.171875 -0.00233747

-2.875 0.196136
-2.86173 0.203125

-2.86195 0.203125
-2.85938 0.204479

-2.85938 0.204373
-2.84375 0.211921

-2.84375 0.211906
-2.8283 0.21875

-2.82812 0.218326
-2.82708 0.21875

0.171875 -0.00233749
0.1875 -0.00439267

0.1875 -0.00439307
0.203125 -0.00649564

0.203125 -0.00649607
0.21875 -0.00864438

-2.82832 0.21875
-2.82812 0.218836

-2.82812 0.218837
-2.8125 0.225175

0.21875 -0.00864489
0.234375 -0.0108371

0.234375 -0.0108383
0.25 -0.013071

-2.8125 0.225147
-2.79688 0.230938

-2.79688 0.230879
-2.78653 0.234375

-2.78698 0.234375
-2.78125 0.236313

-2.78125 0.236204
-2.76562 0.241012

-2.76562 0.241002
-2.75 0.24538

0.25 -0.0130715
0.265625 -0.0153411

0.28125 -0.0176462
0.26754 -0.015625

0.265625 -0.0153362
0.267584 -0.015625

0.28125 -0.0176466
0.296875 -0.0199799

0.296875 -0.019981
0.3125 -0.0223396

-2.75 0.245369
-2.73438 0.249356

-2.73438 0.249164
-2.73077 0.25

0.3125 -0.0223404
0.328125 -0.0247207

0.328125 -0.0247214
0.34375 -0.0271205

0.375 -0.03201
0.370117 -0.03125

0.34375 -0.0271208
0.359375 -0.0295367

0.359375 -0.029519
0.370496 -0.03125

0.375 -0.0319691
0.390625 -0.0344165

0.390625 -0.0344163
0.40625 -0.0368788

0.40625 -0.0368787
0.421875 -0.0393571

0.421875 -0.0393572
0.4375 -0.0418513

-2.73179 0.25
-2.71875 0.253025

-2.71875 0.25297
-2.70312 0.256259

-2.70312 0.256254
-2.6875 0.259235

-2.6875 0.25923
-2.67188 0.261921

-2.67188 0.261918
-2.65625 0.264334

-2.65625 0.26431
-2.6467 0.265625

-2.6471 0.265625
-2.64062 0.266516

-2.64062 0.266476
-2.625 0.268378

0.4375 -0.0418526
0.453125 -0.0443593

-2.625 0.268373
-2.60938 0.270052

-2.60938 0.270048
-2.59375 0.271523

-2.59375 0.271519
-2.57812 0.272807

-2.57812 0.272803
-2.5625 0.273921

0.453125 -0.0443602
0.468749 -0.046875

0.46875 -0.0468773
0.484375 -0.0493947

0.484375 -0.0493957
0.5 -0.0519091

-2.5625 0.273917
-2.54688 0.274881

-2.54688 0.274878
-2.53125 0.275701

-2.53125 0.275699
-2.51562 0.276394

-2.51562 0.276392
-2.5 0.276969

0 0.0173632
0.015625 0.0157711

0.03125 0.0141382
0.017017 0.015625

0.015625 0.0157718
0.0170306 0.015625

0.03125 0.0141383
0.046875 0.0124673

0.046875 0.0124672
0.0625 0.0107577

0.0625 0.0107576
0.078125 0.00901014

0.078125 0.00901021
0.09375 0.00722478

0.09375 0.00722521
0.109375 0.0054008

0.109375 0.00540153
0.125 0.00353582

-0.953125 0.124106
-0.958373 0.125

0.125 0.00353655
0.140625 0.00162662

-0.953125 0.124119
-0.9375 0.121481

-0.9375 0.12148
-0.921875 0.118869

-0.921875 0.118869
-0.90625 0.116286

-0.90625 0.116286
-0.890625 0.113734

-0.890625 0.113733
-0.875 0.111212

-1 0.132165
-0.984375 0.129464

0.140625 0.00163309
0.153659 0

-0.984375 0.129464
-0.96875 0.126782

-0.96875 0.126788
-0.958251 0.125

0.5 -0.0519097
0.515625 -0.0544157

0.515625 -0.0544149
0.53125 -0.0569139

0.53125 -0.0569133
0.546875 -0.0594081

0.546875 -0.0594064
0.5625 -0.0619016

0.578125 -0.0644354
0.566017 -0.0625

0.578125 -0.0643995
0.59375 -0.0668988

0.59375 -0.066899
0.609375 -0.0694004

0.609375 -0.0694003
0.625 -0.0719039

0.5625 -0.0617983
0.56689 -0.0625

-0.859375 0.108695
-0.863647 0.109375

-0.875 0.111223
-0.863396 0.109375

-0.859375 0.108724
-0.84375 0.10627

-0.84375 0.10627
-0.828125 0.103852

-0.828125 0.103852
-0.8125 0.101471

-0.8125 0.10147
-0.796875 0.0991271

-0.796875 0.0991271
-0.78125 0.0968215

-0.75 0.0922403
-0.760581 0.09375

-0.78125 0.0968215
-0.765625 0.0945538

-0.765625 0.0946946
-0.759005 0.09375

0.625 -0.0719039
0.640625 -0.07441

0.640625 -0.0744088
0.65625 -0.0769201

-2.5 0.276967
-2.48438 0.277431

-0.75 0.092324
-0.734375 0.0901337

-0.734375 0.0901335
-0.71875 0.0879832

-0.71875 0.0879829
-0.703125 0.0858735

-0.703125 0.0858731
-0.6875 0.0838058

-0.6875 0.0838056
-0.671875 0.0817816

-0.671875 0.0817818
-0.65625 0.0798008

-0.640625 0.0778144
-0.643128 0.078125

-2.48438 0.27743
-2.46875 0.277784

-0.65625 0.0798093
-0.642676 0.078125

2 -0.287198
2.01562 -0.28895

-2.46875 0.277783
-2.45312 0.278033

-2.45312 0.278033
-2.4375 0.278182

-2.4375 0.278181
-2.42188 0.278232

-2.42188 0.278232
-2.40625 0.278186

2.01562 -0.28895
2.03125 -0.290655

-0.640625 0.0778619
-0.625 0.0759652

-2.40625 0.278185
-2.39062 0.278045

-2.39062 0.278044
-2.375 0.277813

-0.625 0.0759652
-0.609375 0.0741114

0.671875 -0.0794875
0.663419 -0.078125

2.03125 -0.290655
2.04688 -0.292315

-2.375 0.277812
-2.35938 0.277495

2.04688 -0.292315
2.0625 -0.293929

2.0625 -0.293929
2.07812 -0.295496

2.09375 -0.29701
2.09236 -0.296875

-2.35938 0.277495
-2.34375 0.277094

2.07812 -0.295497
2.09234 -0.296875

-0.609375 0.0741117
-0.59375 0.0723002

2.09375 -0.297013
2.10938 -0.298471

-0.59375 0.0723008
-0.578125 0.0705302

2.10938 -0.298472
2.125 -0.299868

-2.34375 0.277093
-2.32812 0.276611

-2.32812 0.276609
-2.3125 0.276052

0.65625 -0.0768676
0.664054 -0.078125

-0.578125 0.0705307
-0.5625 0.0687992

0.671875 -0.0794383
0.6875 -0.0819607

-2.3125 0.276049
-2.29688 0.275425

-0.5 0.0622054
-0.502883 0.0625

2.125 -0.299869
2.14062 -0.301197

-0.5625 0.0687996
-0.546875 0.0671053

-2.29688 0.275421
-2.28125 0.274747

0.6875 -0.0819607
0.703125 -0.0844882

-0.546875 0.0671058
-0.53125 0.0654466

2.14062 -0.301198
2.15625 -0.302453

-0.53125 0.0654471
-0.515625 0.063821

-2.28125 0.274743
-2.26562 0.274032

0.703125 -0.0844875
0.71875 -0.0870214

2.15625 -0.302454
2.17188 -0.303631

-0.515625 0.0638264
-0.502641 0.0625

2.17188 -0.303632
2.1875 -0.304726

0.71875 -0.0870216
0.734375 -0.089563

-2.26562 0.274031
-2.25 0.273293

0.734375 -0.0895631
0.75 -0.0921116

2.1875 -0.304727
2.20312 -0.305734

2.20312 -0.305735
2.21875 -0.30665

2.21875 -0.306651
2.23438 -0.30747

2.23438 -0.307472
2.25 -0.308191

0.765625 -0.0947021
0.759801 -0.09375

0.765625 -0.0946666
0.78125 -0.0972262

0.75 -0.0920919
0.760142 -0.09375

-2.25 0.273293
-2.23438 0.272532

-2.23438 0.272533
-2.21875 0.271746

-2.21875 0.271747
-2.20312 0.270931

-2.20312 0.270931
-2.1875 0.270085

0.78125 -0.0972255
0.796875 -0.0997914

0.796875 -0.0997911
0.8125 -0.102365

2.25 -0.308192
2.26562 -0.308806

2.26562 -0.308808
2.28125 -0.309312

2.28125 -0.309313
2.29688 -0.309703

2.29688 -0.309704
2.3125 -0.309977

2.3125 -0.309978
2.32812 -0.310131

2.32812 -0.310132
2.34375 -0.310164

2.34375 -0.310164
2.35938 -0.310072

2.35938 -0.310072
2.375 -0.309853

2.375 -0.309853
2.39062 -0.309507

2.39062 -0.309508
2.40625 -0.30903

2.40625 -0.309032
2.42188 -0.308415

2.42188 -0.308418
2.4375 -0.307653

2.4375 -0.307655
2.45312 -0.306734

2.45312 -0.306735
2.46875 -0.30565

2.46875 -0.305651
2.48438 -0.304396

2.48438 -0.304396
2.5 -0.302967

-0.5 0.0622253
-0.484375 0.0606578

-2.1875 0.270084
-2.17188 0.26921

-0.484375 0.0606584
-0.46875 0.0591191

-0.46875 0.0591195
-0.453125 0.0576066

-0.453125 0.0576068
-0.4375 0.056119

-0.4375 0.0561199
-0.421875 0.054655

-0.421875 0.0546558
-0.40625 0.0532105

-0.40625 0.0532102
-0.390625 0.0517834

-0.390625 0.0517842
-0.375 0.0503747

-0.375 0.0503753
-0.359375 0.0489803

-0.359375 0.04898
-0.34375 0.047599

-0.328125 0.0462258
-0.335523 0.046875

-0.34375 0.0476053
-0.335428 0.046875

2.5 -0.302968
2.51562 -0.30136

2.51562 -0.301361
2.53125 -0.299569

-2.17188 0.269208
-2.15625 0.268312

-2.15625 0.26831
-2.14062 0.267399

-2.14062 0.267396
-2.125 0.26648

-2.10938 0.265551
-2.11065 0.265625

-2.125 0.266479
-2.11036 0.265625

-2.10938 0.265566
-2.09375 0.264662

-2.09375 0.264664
-2.07812 0.263766

-2.07812 0.263768
-2.0625 0.262869

-2.0625 0.262871
-2.04688 0.261964

-0.328125 0.0462283
-0.3125 0.0448663

2.53125 -0.299573
2.54688 -0.29759

-0.3125 0.0448663
-0.296875 0.0435172

2.54688 -0.297616
2.55216 -0.296875

-0.296875 0.0435174
-0.28125 0.0421809

0.8125 -0.102365
0.828125 -0.104948

-2.04688 0.261965
-2.03125 0.261044

0.828125 -0.104947
0.84375 -0.107541

2.55194 -0.296875
2.5625 -0.295393

-0.28125 0.0421807
-0.265625 0.040857

-0.265625 0.0408576
-0.25 0.0395459

-2.03125 0.261044
-2.01562 0.260108

-2.01562 0.260107
-2 0.259157

0.859375 -0.110193
0.854474 -0.109375

0.84375 -0.107521
0.85486 -0.109375

0.859375 -0.110147
0.875 -0.112768

2.5625 -0.295402
2.57812 -0.292992

0.953125 -0.126218
0.946136 -0.125

0.953125 -0.126158
0.96875 -0.128903

2.57812 -0.292995
2.59375 -0.290361

-0.25 0.0395468
-0.234375 0.038244

2.59375 -0.290365
2.60938 -0.287495

2.60938 -0.287497
2.625 -0.284379

-0.234375 0.0382444
-0.21875 0.036948

2.625 -0.284397
2.6395 -0.28125

0.96875 -0.128904
0.984375 -0.131665

0.984375 -0.131666
1 -0.134437

0.875 -0.112767
0.890625 -0.115403

0.890625 -0.115403
0.90625 -0.118058

0.90625 -0.118057
0.921875 -0.120734

-0.21875 0.0369487
-0.203125 0.0356564

-0.203125 0.0356585
-0.1875 0.0343651

-0.1875 0.0343664
-0.171875 0.0330652

2.63908 -0.28125
2.64062 -0.280915

-0.171875 0.0330663
-0.15625 0.0317524

-0.140625 0.0304191
-0.150364 0.03125

-0.140625 0.030421
-0.125 0.0290656

-0.15625 0.0317585
-0.15029 0.03125

0.921875 -0.120733
0.9375 -0.123433

0.9375 -0.123388
0.946747 -0.125

2.64062 -0.280994
2.65625 -0.277315

2.65625 -0.277318
2.67188 -0.273351

-0.125 0.0290662
-0.109375 0.0276885

-0.109375 0.0276889
-0.09375 0.0262871

2.67188 -0.273354
2.6875 -0.269086

2.6875 -0.269142
2.69944 -0.265625

2.69888 -0.265625
2.70312 -0.264373

2.70312 -0.264496
2.71875 -0.259533

2.71875 -0.25954
2.73438 -0.254204

-0.09375 0.0262869
-0.078125 0.0248605

-0.078125 0.0248603
-0.0625 0.0234101

2.73438 -0.254272
2.74597 -0.25

-0.0625 0.0234102
-0.046875 0.0219367

-0.046875 0.0219372
-0.03125 0.0204395

-1.84375 0.248948
-1.85858 0.25

2.74546 -0.25
2.75 -0.248328

-0.03125 0.0204404
-0.015625 0.0189156

-0.015625 0.0189165
0 0.017361

2.75 -0.248463
2.76562 -0.24226

2.76562 -0.242276
2.78125 -0.235598

-1.84375 0.248948
-1.82812 0.247814

1 -0.134438
1.01562 -0.137216

-1.82812 0.247814
-1.8125 0.246656

2.78125 -0.235667
2.78405 -0.234375

2.7839 -0.234375
2.79688 -0.228394

2.79688 -0.22842
2.8125 -0.220652

-1.8125 0.246656
-1.79688 0.245471

-1.79688 0.245472
-1.78125 0.244258

1.01562 -0.137214
1.03125 -0.139999

1.04688 -0.142837
1.0345 -0.140625

1.03125 -0.13986
1.03553 -0.140625

1.04688 -0.142791
1.0625 -0.145591

1.0625 -0.145592
1.07812 -0.1484

1.07812 -0.148401
1.09375 -0.151214

1.125 -0.156873
1.12154 -0.15625

1.09375 -0.151213
1.10938 -0.154028

1.10938 -0.15402
1.12175 -0.15625

2.8125 -0.220728
2.81619 -0.21875

2.81603 -0.21875
2.82812 -0.212259

-1.78125 0.244259
-1.76562 0.243015

2.82812 -0.2123
2.84375 -0.203236

2.84375 -0.203247
2.84395 -0.203125

2.84395 -0.203125
2.85938 -0.193437

2.85938 -0.193518
2.86823 -0.1875

2.86802 -0.1875
2.875 -0.182749

-1.76562 0.243015
-1.75 0.241738

-2 0.259156
-1.98438 0.258194

1.125 -0.156846
1.14062 -0.159658

2.875 -0.182862
2.88984 -0.171875

-1.98438 0.258193
-1.96875 0.257221

-1.96875 0.257221
-1.95312 0.256241

-1.95312 0.256242
-1.9375 0.255252

-1.9375 0.255252
-1.92188 0.25425

-1.92188 0.254251
-1.90625 0.253233

-1.90625 0.253234
-1.89062 0.252197

-1.89062 0.252198
-1.875 0.251139

1.14062 -0.159657
1.15625 -0.162461

-1.875 0.25114
-1.85938 0.250056

2.88987 -0.171875
2.89062 -0.171305

-1.85938 0.250058
-1.85856 0.25

2.89062 -0.171321
2.90625 -0.158708

-1.75 0.241739
-1.73438 0.240427

2.90625 -0.158687
2.90912 -0.15625

2.9091 -0.15625
2.92188 -0.144948

2.92188 -0.144904
2.92641 -0.140625

2.92644 -0.140625
2.9375 -0.129661

2.9375 -0.129364
2.94165 -0.125

2.94207 -0.125
2.95312 -0.11262

2.95312 -0.111848
2.95524 -0.109375

2.95577 -0.109375
2.96845 -0.09375

2.9682 -0.09375
2.96875 -0.0930618

2.96875 -0.0936552
2.9799 -0.078125

2.98273 -0.078125
2.98438 -0.0755559

2.98438 -0.0664088
2.98687 -0.0625

2.98928 -0.0625
2.99925 -0.046875

1.15625 -0.162461
1.17188 -0.165258

1.17188 -0.165259
1.1875 -0.168047

-1.73438 0.240428
-1.71875 0.239077

1.1875 -0.168046
1.20312 -0.170822

-1.71875 0.239078
-1.70312 0.237687

-1.70312 0.237688
-1.6875 0.236254

1.21875 -0.173624
1.20886 -0.171875

1.20312 -0.170765
1.2094 -0.171875

-1.6875 0.236255
-1.67188 0.234778

-1.65625 0.233253
-1.66775 0.234375

-1.67188 0.234783
-1.66769 0.234375

-1.65625 0.233255
-1.64062 0.231684

1.21875 -0.173587
1.23438 -0.176338

1.23438 -0.176339
1.25 -0.179072

-1.64062 0.231684
-1.625 0.230065

-1.625 0.230065
-1.60938 0.228399

-1.60938 0.228399
-1.59375 0.226683

1.3125 -0.189813
1.29885 -0.1875

3 -0.045003
3.01021 -0.03125

-1.59375 0.226683
-1.57812 0.224916

-1.57812 0.224916
-1.5625 0.223097

1.25 -0.179073
1.26562 -0.181787

1.26562 -0.181787
1.28125 -0.18448

-1.5625 0.223098
-1.54688 0.221227

1.28125 -0.184479
1.29688 -0.187151

3.00868 -0.03125
3.03125 -0.00937196

3.03125 -0.00978717
3.04698 0

3.5 -0.00125388
3.44666 0

3.04904 0
3.0625 0.00788682

3.0625 0.00918994
3.125 0.0255504

3.125 0.0192652
3.25 0.0203654

3.25 0.0059251
3.47719 0

4 -0.00435232
3.50446 0

3.5 0.00107081
3.62192 0

1.29688 -0.187079
1.29936 -0.1875

1.3125 -0.1898
1.32812 -0.192421

-1.54688 0.221227
-1.53125 0.219302

-1.51562 0.21732
-1.5269 0.21875

1.32812 -0.192422
1.34375 -0.195017

1.34375 -0.195017
1.35938 -0.197585

1.35938 -0.197585
1.375 -0.200125

-1.51562 0.217321
-1.5 0.215283

1.375 -0.200122
1.39062 -0.202638

1.40625 -0.205146
1.39359 -0.203125

1.39062 -0.202591
1.39397 -0.203125

1.40625 -0.205132
1.42188 -0.207606

1.42188 -0.207607
1.4375 -0.210061

-1.53125 0.21931
-1.52684 0.21875

1.4375 -0.210063
1.45312 -0.21249

1.45312 -0.212493
1.46875 -0.214883

1.5 -0.219549
1.49458 -0.21875

1.46875 -0.214884
1.48438 -0.21723

1.48438 -0.21722
1.49477 -0.21875

-1.5 0.215284
-1.48438 0.213191

-1.48438 0.213191
-1.46875 0.211045

-1.46875 0.211044
-1.45312 0.208845

-1.45312 0.208844
-1.4375 0.206594

-1.4375 0.206594
-1.42188 0.204294

-1.40625 0.201934
-1.41417 0.203125

-1.42188 0.204305
-1.41402 0.203125

-1.40625 0.201944
-1.39062 0.19955

-1.39062 0.199549
-1.375 0.197113

-1.3125 0.18692
-1.316 0.1875

-1.375 0.197112
-1.35938 0.194634

-1.35938 0.194634
-1.34375 0.192117

-1.34375 0.192117
-1.32812 0.189562

-1.32812 0.189576
-1.31561 0.1875

-1.3125 0.186968
-1.29688 0.184341

-1.29688 0.18434
-1.28125 0.181682

-1.28125 0.181682
-1.26562 0.178997

-1.26562 0.178996
-1.25 0.176288

-1.25 0.176287
-1.23438 0.173558

-1.21875 0.170721
-1.22532 0.171875

-1.23438 0.173616
-1.22446 0.171875

-1.21875 0.170811
-1.20312 0.168055

-1.20312 0.168054
-1.1875 0.165291

-1.1875 0.16529
-1.17188 0.162523

-1.17188 0.162522
-1.15625 0.159752

-1.125 0.154178
-1.13668 0.15625

-1.15625 0.159753
-1.14062 0.156981

-1.14062 0.157059
-1.13607 0.15625

-1.125 0.154208
-1.10938 0.151437

-1.10938 0.151436
-1.09375 0.148665

-1.09375 0.148665
-1.07812 0.145896

-1.07812 0.145896
-1.0625 0.14313

-1.04688 0.140366
-1.04834 0.140625

-1.0625 0.14313
-1.04831 0.140625

-1.04688 0.140371
-1.03125 0.137623

-1.03125 0.137622
-1.01562 0.134886

-1.01562 0.134885
-1 0.132165

