-4 -0.00441743
-3.61935 0

-3.69292 0
-3.5 0.00247494

-3.5 -0.000164721
-3.4921 0

-3.0625 -0.00165587
-3.06591 0

-3 -0.0682338
-3.00392 -0.0625

-3.0625 -0.00236768
-3.03125 -0.0292257

-3.00387 -0.0625
-3.02991 -0.03125

-3.03125 -0.0277565
-3.02788 -0.03125

-3.5 0.00622307
-3.25 0.0134062

-3.25 0.0365848
-3.125 0.0260984

-3.125 0.0284675
-3.06627 0

-2.9375 -0.136985
-2.95301 -0.125

-2.90625 -0.15859
-2.91 -0.15625

-2.92188 -0.148258
-2.93268 -0.140625

-2.9375 -0.136441
-2.9315 -0.140625

-2.92188 -0.14781
-2.90887 -0.15625

-2.90625 -0.15807
-2.89062 -0.16742

-2.875 -0.176857
-2.88401 -0.171875

-2.89062 -0.16663
-2.88114 -0.171875

-2.96875 -0.113132
-2.98604 -0.09375

-2.98443 -0.09375
-2.99486 -0.078125

-3 -0.0719683
-2.99593 -0.078125

-2.96875 -0.111662
-2.95312 -0.124949

-2.95312 -0.12493
-2.95304 -0.125

-2.84375 -0.192062
-2.85339 -0.1875

-2.84375 -0.191372
-2.82812 -0.198225

-2.8125 -0.205716
-2.81889 -0.203125

-2.82812 -0.197759
-2.8149 -0.203125

-2.875 -0.176026
-2.85938 -0.184006

-2.85938 -0.183236
-2.85036 -0.1875

-2.8125 -0.204561
-2.79688 -0.210396

-2.79688 -0.210382
-2.78125 -0.215728

-2.76562 -0.221427
-2.77416 -0.21875

-2.76562 -0.220617
-2.75 -0.225107

-2.78125 -0.215166
-2.76983 -0.21875

-2.625 -0.250316
-2.62723 -0.25

-2.60938 -0.251787
-2.62319 -0.25

-2.60938 -0.251777
-2.59375 -0.253625

-2.59375 -0.253623
-2.57812 -0.255309

-2.57812 -0.255305
-2.5625 -0.256838

1.5 0.206958
1.51562 0.209057

1.51562 0.209058
1.53125 0.211145

1.53125 0.211145
1.54688 0.213218

1.54688 0.213219
1.5625 0.215279

1.5625 0.215279
1.57812 0.217324

1.57812 0.217319
1.58914 0.21875

1.58901 0.21875
1.59375 0.219366

1.59375 0.219354
1.60938 0.221367

1.60938 0.221367
1.625 0.223363

1.625 0.223363
1.64062 0.225341

1.64062 0.225341
1.65625 0.227302

1.65625 0.227303
1.67188 0.229246

1.67188 0.229246
1.6875 0.23117

1.6875 0.231171
1.70312 0.233076

1.70312 0.233071
1.71394 0.234375

1.71381 0.234375
1.71875 0.234971

1.71875 0.23496
1.73438 0.236822

1.73438 0.236822
1.75 0.238662

0 -0.0147431
0.015625 -0.0122155

-2.5625 -0.256836
-2.54688 -0.258229

-2.54688 -0.258227
-2.53125 -0.259487

-2.53125 -0.259484
-2.51562 -0.260622

-2.51562 -0.260616
-2.5 -0.261648

-2.75 -0.225095
-2.73438 -0.229208

-2.73438 -0.229201
-2.71875 -0.232975

0.015625 -0.0122151
0.03125 -0.00968846

-1 -0.158072
-0.987154 -0.15625

-0.987404 -0.15625
-0.984375 -0.15582

-0.984375 -0.15585
-0.96875 -0.153648

-0.96875 -0.153649
-0.953125 -0.151458

-0.953125 -0.151459
-0.9375 -0.149274

1.75 0.238662
1.76562 0.240477

-2.70312 -0.23667
-2.71348 -0.234375

-2.71875 -0.232637
-2.71091 -0.234375

-2.70312 -0.236429
-2.6875 -0.239602

-0.9375 -0.149275
-0.921875 -0.147091

1.76562 0.240477
1.78125 0.242269

-2.6875 -0.239596
-2.67188 -0.242495

1.78125 0.242269
1.79688 0.244036

0.03125 -0.00968832
0.046875 -0.00716381

-0.921875 -0.147091
-0.90625 -0.144906

0.046875 -0.0071639
0.0625 -0.00464159

1.79688 0.244036
1.8125 0.245778

1.8125 0.245778
1.82812 0.247494

0.0625 -0.00464182
0.078125 -0.00212106

-2.67188 -0.242489
-2.65625 -0.245139

-0.90625 -0.144906
-0.890625 -0.142721

-2.65625 -0.245134
-2.64062 -0.247556

-2.64062 -0.24753
-2.625 -0.249742

-0.890625 -0.142721
-0.875608 -0.140625

-0.875774 -0.140625
-0.875 -0.140517

1.82812 0.247494
1.84375 0.249182

0.078125 -0.00213107
0.0913357 0

1.84375 0.249176
1.85151 0.25

-0.875 -0.140538
-0.859375 -0.138365

0.0909781 0
0.09375 0.000447147

-0.859375 -0.138364
-0.84375 -0.1362

-2.625 -0.249703
-2.6227 -0.25

-0.84375 -0.1362
-0.828125 -0.134048

-0.828125 -0.134048
-0.8125 -0.131908

1.85139 0.25
1.85938 0.250848

0.09375 0.00039867
0.109375 0.00292059

0.109375 0.00291982
0.125 0.0054454

1.85938 0.250842
1.875 0.252473

1.875 0.252473
1.89062 0.254074

-0.8125 -0.131908
-0.796875 -0.129782

-2.5 -0.261645
-2.48438 -0.26259

-2.48438 -0.262586
-2.46875 -0.263459

-0.796875 -0.129782
-0.78125 -0.127668

0.125 0.0054448
0.140625 0.0079768

-0.78125 -0.127669
-0.765625 -0.125568

-0.765625 -0.125575
-0.761326 -0.125

1.89062 0.254074
1.90625 0.255645

-0.761389 -0.125
-0.75 -0.123478

0.140625 0.00797632
0.15625 0.0105169

0.15625 0.0105169
0.171875 0.013067

1.90625 0.255645
1.92188 0.257187

1.92188 0.257187
1.9375 0.258697

-2.46875 -0.263456
-2.45312 -0.264272

-2.45312 -0.264273
-2.4375 -0.265039

-2.42188 -0.265773
-2.42509 -0.265625

-2.4375 -0.26503
-2.42462 -0.265625

-2.42188 -0.265759
-2.40625 -0.266439

-2.40625 -0.26644
-2.39062 -0.26707

1.9375 0.258698
1.95312 0.260178

-2.39062 -0.26707
-2.375 -0.267647

0.171875 0.0130672
0.18749 0.015625

1.95312 0.260178
1.96875 0.261628

0.1875 0.015627
0.203125 0.0181947

1.96875 0.261629
1.98438 0.263048

-0.75 -0.12348
-0.734375 -0.121402

1.98438 0.263048
2 0.264436

0.203125 0.0181949
0.21875 0.0207696

-0.734375 -0.121402
-0.71875 -0.119332

-0.71875 -0.119333
-0.703125 -0.117268

-2.375 -0.267648
-2.35938 -0.268168

-2.35938 -0.268169
-2.34375 -0.268628

0.21875 0.02077
0.234375 0.0233503

0.234375 0.0233507
0.25 0.025935

-0.703125 -0.117269
-0.6875 -0.115207

-0.6875 -0.115208
-0.671875 -0.113147

-0.671875 -0.113147
-0.65625 -0.111087

-0.65625 -0.111093
-0.643238 -0.109375

-0.643475 -0.109375
-0.640625 -0.108999

0.25 0.0259357
0.265625 0.0285217

-2.34375 -0.268628
-2.32812 -0.269022

-0.640625 -0.109024
-0.625 -0.106959

-2.32812 -0.269023
-2.3125 -0.269347

0.265625 0.0285221
0.28125 0.0311076

-2.3125 -0.269348
-2.29688 -0.269601

0.28125 0.0310506
0.282456 0.03125

-2.29688 -0.269602
-2.28125 -0.269777

-0.625 -0.106959
-0.609375 -0.10489

-2.28125 -0.269779
-2.26562 -0.269872

-2.26562 -0.269872
-2.25 -0.269883

-0.609375 -0.104891
-0.59375 -0.102816

-0.59375 -0.102817
-0.578125 -0.100735

0.282083 0.03125
0.296875 0.0336954

0.296875 0.0336915
0.3125 0.0362708

-0.578125 -0.100735
-0.5625 -0.0986453

0.3125 0.0362708
0.328125 0.0388461

-0.5625 -0.0986454
-0.546875 -0.0965463

0.328125 0.038846
0.34375 0.0414174

-2.25 -0.269881
-2.23438 -0.269811

0.34375 0.0414176
0.359375 0.0439851

-0.546875 -0.0965465
-0.53125 -0.0944376

0.359375 0.0439853
0.375 0.046548

-2.23438 -0.26981
-2.21875 -0.269664

-2.21875 -0.269664
-2.20312 -0.269445

-0.53125 -0.0944561
-0.526046 -0.09375

-0.526245 -0.09375
-0.515625 -0.0923091

-0.515625 -0.092318
-0.5 -0.0901859

0.375 0.046446
0.377622 0.046875

0.376889 0.046875
0.390625 0.0491223

-2.20312 -0.269446
-2.1875 -0.26915

-2.1875 -0.26915
-2.17188 -0.268773

0.390625 0.0491055
0.40625 0.0516529

0.40625 0.0516536
0.421875 0.0541895

-2.17188 -0.268771
-2.15625 -0.268314

-2.15625 -0.268311
-2.14062 -0.267785

0.421875 0.0541901
0.4375 0.0567121

-2.14062 -0.267782
-2.125 -0.2672

0.4375 0.0567126
0.453125 0.0592184

-2.125 -0.267197
-2.10938 -0.266573

-0.5 -0.0901863
-0.484375 -0.0880409

-2.10938 -0.266571
-2.09375 -0.265911

0.453125 0.0592185
0.46875 0.0617068

-2.09375 -0.265909
-2.08734 -0.265625

-0.484375 -0.0880413
-0.46875 -0.085881

-2.08724 -0.265625
-2.07812 -0.265221

0.46875 0.0615522
0.474746 0.0625

0.473269 0.0625
0.484375 0.0642557

-0.46875 -0.0858812
-0.453125 -0.0837049

-0.453125 -0.0837049
-0.4375 -0.0815119

-2.07812 -0.265219
-2.0625 -0.264495

-2.0625 -0.264496
-2.04688 -0.263736

0.484375 0.0641772
0.5 0.0666285

-2.04688 -0.263736
-2.03125 -0.262939

-0.4375 -0.0815118
-0.421875 -0.0793022

-0.421875 -0.0793442
-0.413317 -0.078125

-0.413942 -0.078125
-0.40625 -0.0770292

-0.40625 -0.077076
-0.390625 -0.0748343

-2.03125 -0.262939
-2.01562 -0.262103

-2.01562 -0.262103
-2 -0.261229

-0.390625 -0.0748343
-0.375 -0.072577

-0.375 -0.0725768
-0.359375 -0.0703044

-0.359375 -0.0703041
-0.34375 -0.0680174

-0.34375 -0.0680169
-0.328125 -0.0657175

-0.328125 -0.0657172
-0.3125 -0.0634064

-0.3125 -0.0634989
-0.305775 -0.0625

-0.306811 -0.0625
-0.296875 -0.0610242

-0.296875 -0.0610854
-0.28125 -0.0587554

-0.28125 -0.0587557
-0.265625 -0.0564158

-0.265625 -0.0564162
-0.25 -0.054065

0.5 0.0666285
0.515625 0.0690614

0.515625 0.0690613
0.53125 0.0714761

0.53125 0.0714763
0.546875 0.0738728

0.546875 0.073873
0.5625 0.0762505

-0.25 -0.0540654
-0.234375 -0.0517014

-0.234375 -0.0517014
-0.21875 -0.0493239

-0.21875 -0.049324
-0.203125 -0.0469326

-0.203125 -0.0470012
-0.202305 -0.046875

0.5625 0.0762197
0.575126 0.078125

0.5742 0.078125
0.578125 0.0787173

-0.20277 -0.046875
-0.1875 -0.044525

-0.1875 -0.0445278
-0.171875 -0.0421104

-0.171875 -0.0421104
-0.15625 -0.0396798

0.578125 0.0786088
0.59375 0.0809461

0.59375 0.0809461
0.609375 0.0832625

2 0.264436
2.0137 0.265625

-0.15625 -0.0396799
-0.140625 -0.0372358

-0.140625 -0.0372356
-0.125 -0.0347778

0.609375 0.0832623
0.625 0.0855583

-0.125 -0.0347778
-0.109375 -0.0323067

0.625 0.085558
0.640625 0.0878345

0.640625 0.0878342
0.65625 0.0900924

2.01373 0.265625
2.01562 0.26579

-0.109375 -0.0324738
-0.101674 -0.03125

-0.103536 -0.03125
-0.09375 -0.0296948

0.65625 0.090092
0.671875 0.0923332

-0.09375 -0.0298228
-0.078125 -0.0273292

2.01562 0.265792
2.03125 0.267117

-0.078125 -0.0273289
-0.0625 -0.0248259

0.671875 0.0922491
0.682413 0.09375

-0.0625 -0.0248256
-0.046875 -0.0223142

2.03125 0.267117
2.04688 0.268412

0.680844 0.09375
0.6875 0.0946979

2.04688 0.268411
2.0625 0.269676

0.6875 0.0945582
0.703125 0.0967685

2.0625 0.269676
2.07812 0.270912

-0.046875 -0.0223138
-0.03125 -0.0197954

-2 -0.261229
-1.98438 -0.260314

-0.03125 -0.019795
-0.015625 -0.0172712

0.703125 0.0967681
0.71875 0.0989647

-1.98438 -0.260314
-1.96875 -0.259361

2.07812 0.270911
2.09375 0.272118

-0.015625 -0.0173216
-0.00513412 -0.015625

2.09375 0.272118
2.10938 0.273297

0.71875 0.0989643
0.734375 0.101149

2.10938 0.273297
2.125 0.274445

-1.96875 -0.25936
-1.95312 -0.25837

0.734375 0.101148
0.75 0.103323

2.125 0.274446
2.14062 0.275564

-0.00601818 -0.015625
0 -0.0146517

-1.95312 -0.258368
-1.9375 -0.257346

2.14062 0.275564
2.15625 0.276649

2.15625 0.27665
2.17188 0.277701

2.17188 0.277702
2.1875 0.278715

2.1875 0.278716
2.20312 0.279688

2.20312 0.279689
2.21875 0.280616

2.21875 0.280622
2.22992 0.28125

2.23023 0.28125
2.23438 0.281483

2.23438 0.281496
2.25 0.28232

0.75 0.103322
0.765625 0.105488

0.765625 0.105488
0.78125 0.107647

0.78125 0.107614
0.794028 0.109375

0.792935 0.109375
0.796875 0.109918

0.796875 0.1098
0.8125 0.111949

0.8125 0.111948
0.828125 0.114093

0.828125 0.114093
0.84375 0.116236

2.25 0.282321
2.26562 0.283088

2.26562 0.283089
2.28125 0.283796

0.84375 0.116236
0.859375 0.118378

0.859375 0.118378
0.875 0.12052

-1.9375 -0.257345
-1.92188 -0.256295

-1.92188 -0.256295
-1.90625 -0.255219

2.28125 0.283797
2.29688 0.284438

2.29688 0.28444
2.3125 0.285011

2.3125 0.285012
2.32812 0.28551

2.32812 0.285511
2.34375 0.285929

0.875 0.12052
0.890625 0.122664

0.890625 0.122664
0.90625 0.124809

-1.90625 -0.255219
-1.89062 -0.254119

-1.89062 -0.254119
-1.875 -0.252995

2.34375 0.28593
2.35938 0.286264

-1.875 -0.252996
-1.85938 -0.251848

2.35938 0.286265
2.375 0.286508

0.90625 0.124791
0.907772 0.125

0.907627 0.125
0.921875 0.126958

0.921875 0.126956
0.9375 0.129105

-1.85938 -0.251848
-1.84375 -0.250676

-1.84375 -0.250681
-1.83488 -0.25

2.375 0.28651
2.39062 0.286658

2.39062 0.28666
2.40625 0.286707

0.9375 0.129104
0.953125 0.131256

-1.83503 -0.25
-1.82812 -0.24947

2.40625 0.286709
2.42188 0.286651

-1.82812 -0.249476
-1.8125 -0.248249

0.953125 0.131255
0.96875 0.133409

0.96875 0.133409
0.984375 0.135567

2.42188 0.286652
2.4375 0.286482

0.984375 0.135567
1 0.137727

-1.8125 -0.24825
-1.79688 -0.246994

-1.79688 -0.246996
-1.78125 -0.245707

-1.78125 -0.245708
-1.76562 -0.244381

-1.76562 -0.244381
-1.75 -0.243013

2.4375 0.286484
2.45312 0.286196

2.45312 0.286197
2.46875 0.285787

2.46875 0.285789
2.48438 0.28525

2.48438 0.285252
2.5 0.284579

-1.75 -0.243013
-1.73438 -0.241603

-1.73438 -0.241602
-1.71875 -0.240154

-1.71875 -0.240153
-1.70312 -0.238672

-1.70312 -0.238671
-1.6875 -0.237165

-1.6875 -0.237163
-1.67188 -0.235639

-1.67188 -0.23564
-1.65901 -0.234375

-1.65911 -0.234375
-1.65625 -0.234094

-1.65625 -0.234101
-1.64062 -0.232554

-1.64062 -0.232553
-1.625 -0.230997

-1.625 -0.230996
-1.60938 -0.229432

-1.60938 -0.229431
-1.59375 -0.227865

-1.59375 -0.227864
-1.57812 -0.2263

-1.57812 -0.226299
-1.5625 -0.22474

-1.5625 -0.224741
-1.54688 -0.223186

-1.54688 -0.223187
-1.53125 -0.221635

-1.53125 -0.221635
-1.51562 -0.220085

-1.51562 -0.220088
-1.50211 -0.21875

2.75 0.247558
2.74021 0.25

2.5 0.284581
2.51562 0.283768

2.51562 0.283769
2.53125 0.28281

2.5625 0.28038
2.55177 0.28125

2.53125 0.282812
2.54688 0.281701

2.54688 0.281793
2.55357 0.28125

2.5625 0.280436
2.57812 0.279005

2.57812 0.279007
2.59375 0.277404

2.59375 0.277406
2.60938 0.275623

-1.50236 -0.21875
-1.5 -0.218516

1 0.137727
1.01562 0.13989

1.01562 0.139864
1.02111 0.140625

2.60938 0.275625
2.625 0.273654

1.02083 0.140625
1.03125 0.142069

1.03125 0.142056
1.04688 0.144223

2.625 0.273656
2.64062 0.271487

2.64062 0.271489
2.65625 0.269111

2.65625 0.269115
2.67188 0.266516

2.6875 0.263098
2.67355 0.265625

1.04688 0.144222
1.0625 0.146391

1.0625 0.146391
1.07812 0.14856

2.67188 0.267477
2.6821 0.265625

2.6875 0.263522
2.70312 0.260449

1.07812 0.14856
1.09375 0.150732

-1.5 -0.218536
-1.48438 -0.216994

-1.48438 -0.216994
-1.46875 -0.215459

1.09375 0.150732
1.10938 0.152904

1.10938 0.152904
1.125 0.155077

2.6875 0.266646
2.69269 0.265625

1.125 0.155055
1.13359 0.15625

1.13325 0.15625
1.14062 0.157276

-1.46875 -0.21546
-1.45312 -0.213931

2.70312 0.260623
2.71875 0.257292

2.71875 0.257296
2.73438 0.25369

-1.45312 -0.213932
-1.4375 -0.212406

1.14062 0.15725
1.15625 0.159423

1.15625 0.159423
1.17188 0.161594

2.73438 0.25446
2.75 0.250561

1.17188 0.161594
1.1875 0.163765

-1.4375 -0.212407
-1.42188 -0.210877

2.75 0.248571
2.76562 0.244364

2.76562 0.245599
2.78125 0.241062

-1.42188 -0.210878
-1.40625 -0.209343

1.1875 0.163765
1.20312 0.165935

-1.40625 -0.209343
-1.39062 -0.207801

2.79688 0.233118
2.79286 0.234375

-1.39062 -0.207802
-1.375 -0.206248

1.20312 0.165935
1.21875 0.168106

1.21875 0.168106
1.23438 0.170277

1.23438 0.170265
1.24596 0.171875

1.24565 0.171875
1.25 0.172479

2.78125 0.24123
2.79688 0.236341

2.79688 0.233684
2.8125 0.228418

2.79688 0.239507
2.8121 0.234375

1.25 0.172448
1.26562 0.174619

-1.375 -0.20625
-1.35938 -0.204677

1.26562 0.174619
1.28125 0.176789

2.84375 0.215262
2.83527 0.21875

2.8125 0.230839
2.82812 0.225169

1.28125 0.176789
1.29688 0.178959

2.8125 0.235379
2.81524 0.234375

-1.35938 -0.204682
-1.34422 -0.203125

2.82812 0.226212
2.84375 0.220106

1.29688 0.178959
1.3125 0.18113

2.84375 0.216838
2.85938 0.210262

1.3125 0.181131
1.32812 0.183302

1.32812 0.183302
1.34375 0.185474

1.34375 0.185472
1.35835 0.1875

1.35815 0.1875
1.35938 0.187671

1.35938 0.187645
1.375 0.189813

2.85938 0.212606
2.875 0.205516

1.375 0.189813
1.39062 0.191978

-1.34455 -0.203125
-1.34375 -0.203043

2.84375 0.224303
2.85686 0.21875

-1.34375 -0.203078
-1.32812 -0.201425

1.39062 0.191978
1.40625 0.194139

3 0.121711
2.99635 0.125

-1.32812 -0.201429
-1.3125 -0.199715

2.92188 0.180275
2.90925 0.1875

-1.3125 -0.199716
-1.29688 -0.197932

2.9375 0.171111
2.93623 0.171875

1.40625 0.194139
1.42188 0.196295

2.92188 0.18072
2.93613 0.171875

-1.29688 -0.197931
-1.28125 -0.196076

2.89062 0.195597
2.87525 0.203125

1.42188 0.196295
1.4375 0.198445

2.875 0.209031
2.88706 0.203125

-1.28125 -0.196073
-1.26562 -0.194157

2.89062 0.197893
2.90625 0.189629

1.4375 0.198445
1.45312 0.200588

2.90625 0.19075
2.91194 0.1875

-1.26562 -0.194155
-1.25 -0.192191

2.96875 0.149612
2.95963 0.15625

1.45312 0.200588
1.46875 0.202722

1.46875 0.202718
1.47175 0.203125

2.9375 0.171056
2.95312 0.160509

-1.25 -0.19219
-1.23438 -0.190184

1.47171 0.203125
1.48438 0.204847

-1.23438 -0.190185
-1.21875 -0.188139

2.95312 0.159477
2.95769 0.15625

-1.21875 -0.188146
-1.21391 -0.1875

1.48438 0.204846
1.5 0.206958

-1.214 -0.1875
-1.20312 -0.186049

2.96875 0.14959
2.99808 0.125

2.75 0.253216
2.76194 0.25

-1.20312 -0.18605
-1.1875 -0.18393

-1.1875 -0.183925
-1.17188 -0.181787

-1.17188 -0.181782
-1.15625 -0.179646

3 0.121867
3.03125 0.0939081

3.03125 0.0934766
3.0625 0.0673837

-1.15625 -0.179643
-1.14062 -0.177525

-1.14062 -0.177527
-1.125 -0.175431

3.03125 0.0938562
3.03137 0.09375

-1.125 -0.175436
-1.10938 -0.17335

-1.10938 -0.173375
-1.09819 -0.171875

-1.09869 -0.171875
-1.09375 -0.171212

-1.09375 -0.171262
-1.07812 -0.169136

-1.07812 -0.169138
-1.0625 -0.166973

3.125 0.0284951
3.0661 0.0625

-1.0625 -0.166971
-1.04688 -0.164768

-1.04688 -0.164764
-1.03125 -0.162537

3.0625 0.065607
3.06781 0.0625

3.125 0.029659
3.24589 0

-1.03125 -0.162533
-1.01562 -0.160298

3.25 0.0143186
3.41979 0

4 -0.0083038
3.68109 0

-1.01562 -0.160295
-1 -0.158066

3.5 0.00240875
3.59251 0

