-4 -0.00736517
-3.51658 0

-3.62286 0
-3.5 0.00187179

-3.0625 -0.0140991
-3.10444 0

-3.0625 -0.0144963
-3.03125 -0.0214751

-3.03125 -0.021684
-3 -0.0239251

-3.5 0.0142521
-3.25 0.019513

-3.25 0.03275
-3.125 0.0179128

-3.125 0.00955455
-3.09658 0

1.5 0.00995402
1.51562 0.0103003

1.51562 0.0103005
1.53125 0.0106306

1.53125 0.0106307
1.54688 0.0109439

1.54688 0.0109438
1.5625 0.0112403

1.5625 0.01124
1.57812 0.0115202

1.57812 0.0115198
1.59375 0.011785

1.59375 0.0117844
1.60938 0.0120365

1.60938 0.0120358
1.625 0.0122772

1.625 0.0122764
1.64062 0.01251

1.64062 0.0125094
1.65625 0.0127381

1.65625 0.0127376
1.67188 0.0129636

1.67188 0.0129636
1.6875 0.0131878

1.6875 0.0131881
1.70312 0.0134102

1.70312 0.0134103
1.71875 0.0136298

1.71875 0.0136294
1.73438 0.0138468

1.73438 0.0138457
1.75 0.0140642

-3 -0.0230484
-2.98438 -0.0224575

-2.98438 -0.0224609
-2.96875 -0.021905

-2.96875 -0.0219095
-2.95312 -0.0213725

-2.95312 -0.0213694
-2.9375 -0.0208486

1.75 0.0140626
1.76562 0.0142877

-2.9375 -0.0208513
-2.92188 -0.0203474

-2.92188 -0.0203458
-2.90625 -0.0198564

-2.90625 -0.0198582
-2.89062 -0.0193828

-2.89062 -0.019382
-2.875 -0.0189186

1.76562 0.0142859
1.78125 0.0145245

1.78125 0.014523
1.79688 0.0147817

1.79688 0.0147806
1.8125 0.0150646

-2.875 -0.0189197
-2.85938 -0.0184676

-2.85938 -0.018467
-2.84375 -0.0180251

-2.84375 -0.0180257
-2.82812 -0.017594

-2.82812 -0.0175935
-2.8125 -0.0171718

-2.8125 -0.0171721
-2.79688 -0.0167609

-2.79688 -0.0167605
-2.78125 -0.01636

1.8125 0.0150639
1.82812 0.0153771

1.82812 0.0153761
1.83939 0.015625

1.83935 0.015625
1.84375 0.0157222

1.84375 0.0157213
1.85938 0.0161007

-2.78125 -0.0163601
-2.76562 -0.0159709

-2.76562 -0.0159702
-2.7513 -0.015625

1.85938 0.0161009
1.875 0.0165146

-1 -0.0316144
-0.984375 -0.0315909

-0.984375 -0.0315905
-0.96875 -0.0315482

0 -0.0174778
0.015625 -0.0172362

0.015625 -0.0172361
0.03125 -0.0170026

0.03125 -0.0170025
0.046875 -0.0167776

0.046875 -0.0167776
0.0625 -0.0165612

0.0625 -0.0165614
0.078125 -0.0163531

0.078125 -0.0163533
0.09375 -0.0161523

0.09375 -0.0161526
0.109375 -0.0159581

0.109375 -0.0159584
0.125 -0.0157696

0.125 -0.0157698
0.137311 -0.015625

0.137219 -0.015625
0.140625 -0.0155849

0.140625 -0.015586
0.15625 -0.0154069

0.15625 -0.0154069
0.171875 -0.0152322

0.171875 -0.015232
0.1875 -0.0150621

0.1875 -0.0150619
0.203125 -0.0148973

0.203125 -0.0148973
0.21875 -0.0147384

0.21875 -0.0147385
0.234375 -0.0145854

0.234375 -0.0145856
0.25 -0.0144376

0.25 -0.014438
0.265625 -0.0142937

0.265625 -0.0142942
0.28125 -0.0141517

0.28125 -0.0141522
0.296875 -0.0140094

0.296875 -0.0140099
0.3125 -0.0138646

0.3125 -0.0138651
0.328125 -0.0137153

0.328125 -0.0137157
0.34375 -0.0135597

0.34375 -0.01356
0.359375 -0.0133962

0.359375 -0.0133966
0.375 -0.0132236

0.375 -0.0132239
0.390625 -0.0130405

0.390625 -0.0130408
0.40625 -0.0128459

0.40625 -0.0128461
0.421875 -0.0126389

0.421875 -0.012639
0.4375 -0.0124189

0.4375 -0.0124189
0.453125 -0.0121857

0.453125 -0.0121856
0.46875 -0.0119393

0.46875 -0.0119392
0.484375 -0.01168

0.484375 -0.0116799
0.5 -0.0114084

-0.96875 -0.0315479
-0.953125 -0.0314882

-0.953125 -0.0314879
-0.9375 -0.0314123

-2.75127 -0.015625
-2.75 -0.0155943

0.5 -0.0114083
0.515625 -0.011125

0.515625 -0.0111249
0.53125 -0.0108303

0.53125 -0.0108303
0.546875 -0.0105244

0.546875 -0.0105245
0.5625 -0.0102073

0.5625 -0.0102075
0.578125 -0.00987847

0.578125 -0.0098787
0.59375 -0.00953689

0.59375 -0.0095371
0.609375 -0.00918167

0.609375 -0.00918175
0.625 -0.00881213

0.625 -0.00881199
0.640625 -0.00842829

1.875 0.0165153
1.89062 0.0169617

0.640625 -0.00842797
0.65625 -0.00803112

0.65625 -0.00803059
0.671875 -0.00762232

0.671875 -0.00762163
0.6875 -0.00720439

-2.75 -0.0155939
-2.73438 -0.0152306

-2.73438 -0.0152305
-2.71875 -0.0148803

-2.71875 -0.0148801
-2.70312 -0.0145436

-2.70312 -0.0145433
-2.6875 -0.0142213

0.6875 -0.00720362
0.703125 -0.00678035

-2.6875 -0.0142212
-2.67188 -0.0139144

-2.67188 -0.0139142
-2.65625 -0.0136229

-2.65625 -0.0136229
-2.64062 -0.0133473

-2.64062 -0.0133474
-2.625 -0.0130874

-2.625 -0.0130876
-2.60938 -0.0128429

-2.60938 -0.012843
-2.59375 -0.012613

-2.59375 -0.0126132
-2.57812 -0.012397

-2.57812 -0.0123972
-2.5625 -0.0121937

-2.5625 -0.012194
-2.54688 -0.0120022

-2.54688 -0.0120025
-2.53125 -0.0118213

-2.53125 -0.0118215
-2.51562 -0.01165

-2.51562 -0.0116501
-2.5 -0.0114873

0.703125 -0.00677956
0.71875 -0.00635337

0.71875 -0.0063526
0.734375 -0.00592659

0.734375 -0.00592587
0.75 -0.005503

1.89062 0.0169629
1.90625 0.0174384

1.90625 0.0174401
1.92188 0.0179387

1.92188 0.0179406
1.9375 0.0184553

1.9375 0.0184572
1.95312 0.0189805

1.95312 0.0189821
1.96875 0.019507

0.75 -0.00550235
0.765625 -0.00508533

0.765625 -0.00508475
0.78125 -0.00467605

0.78125 -0.00467553
0.796875 -0.00427736

0.796875 -0.0042769
0.8125 -0.00389123

1.96875 0.0195084
1.98438 0.0200287

-2.5 -0.0114874
-2.48438 -0.0113326

1.98438 0.0200297
2 0.0205407

0.8125 -0.00389083
0.828125 -0.00351937

0.828125 -0.00351906
0.84375 -0.00316321

-2.48438 -0.0113328
-2.46875 -0.0111854

-2.46875 -0.0111856
-2.45312 -0.0110452

-2.45312 -0.0110452
-2.4375 -0.0109115

-0.9375 -0.0314119
-0.921875 -0.0313219

-0.921875 -0.0313216
-0.910984 -0.03125

-2.4375 -0.0109115
-2.42188 -0.0107842

-2.42188 -0.0107843
-2.40625 -0.0106629

-2.40625 -0.010663
-2.39062 -0.0105473

-2.39062 -0.0105472
-2.375 -0.0104373

-0.911074 -0.03125
-0.90625 -0.0312183

-2.375 -0.010437
-2.35938 -0.0103338

-2.35938 -0.0103336
-2.34375 -0.0102381

-0.90625 -0.0312185
-0.890625 -0.0311042

-0.890625 -0.0311041
-0.875 -0.0309787

-2.34375 -0.0102379
-2.32812 -0.010151

-0.875 -0.0309783
-0.859375 -0.0308425

-2.32812 -0.0101508
-2.3125 -0.0100731

-0.859375 -0.0308419
-0.84375 -0.0306975

-0.84375 -0.0306971
-0.828125 -0.030546

-0.828125 -0.0305458
-0.8125 -0.0303892

-0.8125 -0.030389
-0.796875 -0.0302278

-0.796875 -0.0302276
-0.78125 -0.0300623

-0.78125 -0.0300624
-0.765625 -0.0298932

-0.765625 -0.0298933
-0.75 -0.0297197

-2.3125 -0.0100727
-2.29688 -0.0100056

-2.29688 -0.010005
-2.28125 -0.00995031

-2.28125 -0.00994965
-2.26562 -0.00991002

-2.26562 -0.00990951
-2.25 -0.00988724

-0.75 -0.0297199
-0.734375 -0.0295413

-0.734375 -0.0295416
-0.71875 -0.0293571

-0.71875 -0.0293573
-0.703125 -0.0291659

-0.703125 -0.0291661
-0.6875 -0.028967

0.84375 -0.00316302
0.859375 -0.0028238

0.859375 -0.00282375
0.875 -0.00250164

-2.25 -0.00988697
-2.23438 -0.00988362

0.875 -0.00250177
0.890625 -0.0021966

-2.23438 -0.00988352
-2.21875 -0.00989984

-2.21875 -0.00989981
-2.20312 -0.00993604

-2.20312 -0.00993605
-2.1875 -0.00999222

-2.1875 -0.00999232
-2.17188 -0.0100682

-2.17188 -0.0100684
-2.15625 -0.0101634

-2.15625 -0.0101638
-2.14062 -0.0102768

0.890625 -0.00219686
0.90625 -0.00190786

0.90625 -0.00190823
0.921875 -0.00163416

0.921875 -0.00163465
0.9375 -0.00137378

-2.14062 -0.0102771
-2.125 -0.0104068

0.9375 -0.00137427
0.953125 -0.00112466

0.953125 -0.00112501
0.96875 -0.00088498

-2.125 -0.0104071
-2.10938 -0.0105522

-0.6875 -0.0289671
-0.671875 -0.0287599

-2.10938 -0.0105524
-2.09375 -0.010712

-0.671875 -0.0287598
-0.65625 -0.0285447

-2.09375 -0.0107121
-2.07812 -0.0108856

-2.07812 -0.0108857
-2.0625 -0.0110728

-0.65625 -0.0285444
-0.640625 -0.0283225

-2.0625 -0.0110729
-2.04688 -0.0112731

-0.640625 -0.0283221
-0.625 -0.0280947

-2.04688 -0.0112733
-2.03125 -0.0114859

-2.03125 -0.0114862
-2.01562 -0.0117104

-2.01562 -0.0117106
-2 -0.0119457

0.96875 -0.000885296
0.984375 -0.000653512

0.984375 -0.000653938
1 -0.000428912

-0.625 -0.0280943
-0.609375 -0.0278632

-0.609375 -0.0278629
-0.59375 -0.0276297

-0.59375 -0.0276295
-0.578125 -0.0273955

-0.578125 -0.0273954
-0.5625 -0.0271611

-0.5625 -0.0271611
-0.546875 -0.0269268

-0.546875 -0.0269268
-0.53125 -0.0266922

-0.53125 -0.0266923
-0.515625 -0.026457

-0.515625 -0.0264571
-0.5 -0.0262207

2 0.0205413
2.01562 0.0210396

2.01562 0.0210398
2.03125 0.0215237

2.03125 0.0215235
2.04688 0.0219928

2.04688 0.0219924
2.0625 0.0224482

2.0625 0.0224476
2.07812 0.022892

2.07812 0.0228913
2.09375 0.0233268

2.09375 0.0233262
2.10938 0.0237554

2.10938 0.0237548
2.125 0.0241799

-0.5 -0.0262209
-0.484375 -0.0259828

-0.484375 -0.025983
-0.46875 -0.0257425

-0.46875 -0.0257427
-0.453125 -0.025499

-0.453125 -0.0254992
-0.4375 -0.0252512

-0.4375 -0.0252514
-0.421875 -0.024998

-0.421875 -0.0249983
-0.40625 -0.0247386

-0.40625 -0.0247387
-0.390625 -0.024472

2.125 0.0241793
2.14062 0.0246028

2.14062 0.0246022
2.15625 0.0250266

-0.390625 -0.0244721
-0.375 -0.024198

1 -0.000429341
1.01562 -0.00020936

1.01562 -0.000209664
1.03076 0

-0.375 -0.0241979
-0.359375 -0.0239167

-0.359375 -0.0239165
-0.34375 -0.0236287

-0.34375 -0.0236284
-0.328125 -0.0233351

-0.328125 -0.0233346
-0.3125 -0.0230375

-0.3125 -0.023037
-0.296875 -0.0227377

-0.296875 -0.0227372
-0.28125 -0.022438

-0.28125 -0.0224375
-0.265625 -0.0221402

-0.265625 -0.0221399
-0.25 -0.0218461

2.15625 0.025026
2.17188 0.0254535

2.17188 0.0254532
2.1875 0.0258857

2.1875 0.0258854
2.20312 0.0263243

2.20312 0.0263241
2.21875 0.0267701

2.21875 0.0267699
2.23438 0.0272238

-0.25 -0.0218459
-0.234375 -0.0215564

-0.234375 -0.0215565
-0.21875 -0.0212714

-0.21875 -0.0212716
-0.203125 -0.0209902

-2 -0.0119458
-1.98438 -0.0121911

-1.98438 -0.0121911
-1.96875 -0.0124462

-1.96875 -0.0124462
-1.95312 -0.012711

-1.95312 -0.0127111
-1.9375 -0.0129855

-1.9375 -0.0129855
-1.92188 -0.0132695

1.03085 0
1.03125 5.55175e-06

-1.92188 -0.0132695
-1.90625 -0.0135628

1.03125 6.62022e-06
1.04688 0.000220577

-1.90625 -0.0135628
-1.89062 -0.0138653

2.23438 0.0272236
2.25 0.0276861

1.04688 0.000220478
1.0625 0.000432426

1.0625 0.000432139
1.07812 0.000642851

-1.89062 -0.0138653
-1.875 -0.0141768

2.25 0.027686
2.26562 0.0281578

-0.203125 -0.0209905
-0.1875 -0.0207115

2.26562 0.0281577
2.28125 0.0286393

-0.1875 -0.0207118
-0.171875 -0.0204342

-0.171875 -0.0204343
-0.15625 -0.0201572

1.07812 0.000642403
1.09375 0.000853351

1.09375 0.000852774
1.10938 0.00106601

1.10938 0.00106534
1.125 0.00128335

-1.875 -0.0141769
-1.85938 -0.0144974

1.125 0.00128264
1.14062 0.00150817

-1.85938 -0.0144975
-1.84375 -0.0148268

-0.15625 -0.0201572
-0.140625 -0.0198801

-0.140625 -0.01988
-0.125 -0.0196031

1.14062 0.00150746
1.15625 0.00174334

1.15625 0.00174268
1.17188 0.00199164

-0.125 -0.019603
-0.109375 -0.0193269

1.17188 0.00199106
1.1875 0.00225557

-1.84375 -0.0148268
-1.82812 -0.0151647

2.28125 0.0286389
2.29688 0.0291312

-0.109375 -0.0193268
-0.09375 -0.0190522

2.29688 0.0291306
2.3125 0.0296355

-1.82812 -0.0151649
-1.8125 -0.015511

1.1875 0.00225509
1.20312 0.00253727

-1.79688 -0.0158647
-1.80747 -0.015625

2.3125 0.0296352
2.32812 0.0301546

1.20312 0.00253692
1.21875 0.00283845

2.32812 0.0301549
2.34375 0.0306888

-0.09375 -0.019052
-0.078125 -0.0187797

-1.8125 -0.0155113
-1.80747 -0.015625

-0.078125 -0.0187795
-0.0625 -0.0185101

-1.79688 -0.0158646
-1.78125 -0.016225

1.21875 0.00283826
1.23438 0.0031602

-1.78125 -0.0162251
-1.76562 -0.0165923

1.23438 0.00316022
1.25 0.0035029

2.34375 0.0306891
2.35938 0.0312361

-0.0625 -0.0185099
-0.046875 -0.0182444

-1.76562 -0.0165925
-1.75 -0.0169662

2.35938 0.031237
2.35974 0.03125

1.25 0.00350316
1.26562 0.00386604

1.26562 0.00386654
1.28125 0.00424813

-0.046875 -0.0182441
-0.03125 -0.0179831

-1.75 -0.0169664
-1.73438 -0.0173456

2.35976 0.03125
2.375 0.031795

-1.73438 -0.017346
-1.71875 -0.0177292

1.28125 0.00424883
1.29688 0.00464672

-0.03125 -0.0179829
-0.015625 -0.0177274

2.375 0.0317952
2.39062 0.0323645

-1.71875 -0.0177296
-1.70312 -0.0181153

2.39062 0.032364
2.40625 0.0329449

-1.70312 -0.0181157
-1.6875 -0.0185023

-0.015625 -0.0177271
0 -0.0174781

-1.6875 -0.0185026
-1.67188 -0.0188886

2.40625 0.0329442
2.42188 0.0335394

1.29688 0.00464759
1.3125 0.00505864

-1.67188 -0.0188888
-1.65625 -0.019273

1.3125 0.00505959
1.32812 0.00548019

-1.65625 -0.0192733
-1.64062 -0.0196544

1.32812 0.00548112
1.34375 0.00590753

2.42188 0.0335388
2.4375 0.0341509

1.34375 0.00590836
1.35938 0.00633708

2.4375 0.0341505
2.45312 0.0347816

2.45312 0.0347812
2.46875 0.0354328

-1.64062 -0.0196546
-1.625 -0.0200318

2.46875 0.0354325
2.48438 0.0361061

2.48438 0.0361057
2.5 0.0368028

-1.625 -0.0200318
-1.60938 -0.0204045

-1.60938 -0.0204042
-1.59375 -0.0207731

1.35938 0.00633778
1.375 0.00676575

-1.59375 -0.0207726
-1.57812 -0.021139

-1.57812 -0.0211385
-1.5625 -0.0215044

1.375 0.00676629
1.39062 0.00719105

1.39062 0.0071914
1.40625 0.0076112

-1.5625 -0.021504
-1.54688 -0.0218713

-1.54688 -0.021871
-1.53125 -0.0222411

-1.53125 -0.0222409
-1.51562 -0.0226145

1.40625 0.0076115
1.42188 0.00802501

1.42188 0.0080253
1.4375 0.00843132

-1.51562 -0.0226144
-1.5 -0.0229921

1.4375 0.00843166
1.45312 0.00882892

1.45312 0.00882932
1.46875 0.00921632

1.46875 0.00921676
1.48438 0.00959183

1.48438 0.00959224
1.5 0.00995368

2.5 0.0368023
2.51562 0.0375247

2.51562 0.0375241
2.53125 0.0382739

2.53125 0.0382731
2.54688 0.0390531

2.54688 0.0390522
2.5625 0.039866

2.5625 0.039865
2.57812 0.0407164

2.57812 0.0407155
2.59375 0.041608

2.59375 0.0416073
2.60938 0.042544

2.60938 0.0425436
2.625 0.0435265

2.625 0.0435264
2.64062 0.0445567

2.64062 0.0445568
2.65625 0.0456345

2.65625 0.0456346
2.67188 0.0467595

2.67188 0.0467599
2.67341 0.046875

2.67342 0.046875
2.6875 0.0479312

2.6875 0.0479311
2.70312 0.0491508

2.70312 0.0491503
2.71875 0.0504189

2.71875 0.0504182
2.73438 0.0517384

2.73438 0.051738
2.75 0.053112

-1.5 -0.022992
-1.48438 -0.0233741

-1.48438 -0.023374
-1.46875 -0.0237608

-1.46875 -0.0237608
-1.45312 -0.0241527

-1.45312 -0.0241527
-1.4375 -0.0245498

-1.4375 -0.0245499
-1.42188 -0.0249521

2.75 0.0531114
2.76562 0.0545411

2.76562 0.0545404
2.78125 0.0560285

-1.42188 -0.0249523
-1.40625 -0.0253591

-1.40625 -0.0253594
-1.39062 -0.0257696

-1.39062 -0.0257701
-1.375 -0.0261822

2.78125 0.0560274
2.79688 0.0575778

2.79688 0.057577
2.8125 0.0591934

-1.375 -0.0261828
-1.35938 -0.0265946

-1.35938 -0.0265953
-1.34375 -0.0270041

-1.34375 -0.0270049
-1.32812 -0.0274077

-1.32812 -0.0274086
-1.3125 -0.0278021

2.8125 0.0591924
2.82812 0.0608782

2.82812 0.0608768
2.84253 0.0625

-1.3125 -0.0278029
-1.29688 -0.0281837

-1.29688 -0.0281845
-1.28125 -0.0285496

2.84255 0.0625
2.84375 0.0626353

2.84375 0.0626357
2.85938 0.0644764

-1.28125 -0.0285502
-1.26562 -0.0288968

-1.26562 -0.0288973
-1.25 -0.0292234

2.85938 0.0644746
2.875 0.0664017

2.875 0.066399
2.89062 0.0684215

2.89062 0.0684204
2.90625 0.0705458

2.90625 0.0705431
2.92188 0.0727787

2.92188 0.0727785
2.9375 0.0751303

2.9375 0.0751273
2.95312 0.0776016

-1.25 -0.0292237
-1.23438 -0.0295277

-1.23438 -0.0295278
-1.21875 -0.0298092

2.95312 0.0776768
2.95582 0.078125

2.95635 0.078125
2.96875 0.0801834

-1.21875 -0.0298091
-1.20312 -0.0300677

-1.20312 -0.0300676
-1.1875 -0.0303039

2.96875 0.0801849
2.98438 0.0829204

2.98438 0.0831791
3 0.085569

-1.1875 -0.0303037
-1.17188 -0.0305185

-1.17188 -0.0305181
-1.15625 -0.0307127

3 0.0861625
3.03125 0.0868421

-1.15625 -0.0307123
-1.14062 -0.0308878

3.03125 0.0864134
3.0625 0.0822321

3.125 0.0549102
3.1025 0.0625

-1.14062 -0.0308876
-1.125 -0.0310454

3.0625 0.0834097
3.12449 0.0625

3.125 0.0503808
3.25 0.0218648

-1.09375 -0.0313085
-1.1012 -0.03125

-1.125 -0.0310453
-1.10938 -0.0311859

-1.10938 -0.0311864
-1.10129 -0.03125

-1.09375 -0.0313092
-1.07812 -0.0314133

3.25 0.0284769
3.5 0.000274513

4 -0.0115807
3.70121 0

-1.07812 -0.0314137
-1.0625 -0.0314976

-1.0625 -0.0314979
-1.04688 -0.0315603

-1.04688 -0.0315604
-1.03125 -0.0316006

-1.03125 -0.0316005
-1.01562 -0.0316184

-1.01562 -0.0316181
-1 -0.0316147

3.5 0.00455438
3.61751 0

