-4 -0.00410185
-3.5 -0.000345053

-3.64628 0
-3.5 0.00124727

-3.25 -8.14701e-05
-3.26579 0

-3.0625 -0.0179439
-3.11787 0

-3.0625 -0.018952
-3.03125 -0.0264612

-3.03125 -0.0266449
-3 -0.0291521

-3.5 0.00844938
-3.25 0.0112436

-3.25 0.0252998
-3.125 0.0118449

-3.125 0.00454906
-3.11096 0

-3 -0.0282527
-2.98438 -0.0277183

-2.98438 -0.0277132
-2.96875 -0.0271998

-2.96875 -0.0272049
-2.95312 -0.0267128

1.5 0.0174198
1.51562 0.0172896

1.51562 0.0172892
1.53125 0.0171539

1.53125 0.0171536
1.54688 0.0170145

1.54688 0.0170141
1.5625 0.0168727

-2.95312 -0.026709
-2.9375 -0.0262358

-2.9375 -0.0262387
-2.92188 -0.025786

-2.92188 -0.025784
-2.90625 -0.0253497

-2.90625 -0.0253513
-2.89062 -0.0249364

1.5625 0.0168723
1.57812 0.01673

1.57812 0.0167297
1.59375 0.0165878

1.59375 0.0165875
1.60938 0.0164472

1.60938 0.016447
1.625 0.0163091

-2.89062 -0.024935
-2.875 -0.0245387

1.625 0.0163089
1.64062 0.016174

1.64062 0.0161739
1.65625 0.0160426

-2.875 -0.02454
-2.85938 -0.0241625

-2.85938 -0.024162
-2.84375 -0.0238019

-2.84375 -0.0238027
-2.82812 -0.0234596

-2.82812 -0.023459
-2.8125 -0.0231322

1.65625 0.0160425
1.67188 0.015915

1.67188 0.0159149
1.6875 0.0157918

1.6875 0.0157916
1.70312 0.0156734

1.71875 0.0155607
1.70983 0.015625

0 -0.00299244
0.015625 -0.0025237

0.015625 -0.00252327
0.03125 -0.00205279

0.03125 -0.00205249
0.046875 -0.00158173

0.046875 -0.00158155
0.0625 -0.00111147

0.0625 -0.00111146
0.078125 -0.000642422

0.078125 -0.000642484
0.09375 -0.000174367

0.09375 -0.000174865
0.0995972 0

0.0995696 0
0.109375 0.00029324

0.109375 0.000292599
0.125 0.00075967

0.125 0.000759599
0.140625 0.00122727

0.140625 0.00122729
0.15625 0.00169566

0.15625 0.00169577
0.171875 0.00216459

0.171875 0.00216487
0.1875 0.00263335

0.1875 0.00263374
0.203125 0.00310054

0.203125 0.00310101
0.21875 0.00356441

0.21875 0.00356487
0.234375 0.00402304

0.234375 0.00402342
0.25 0.00447466

0.25 0.00447488
0.265625 0.004918

0.265625 0.00491804
0.28125 0.0053525

0.28125 0.00535235
0.296875 0.0057784

0.296875 0.00577807
0.3125 0.0061967

0.3125 0.00619625
0.328125 0.006609

0.328125 0.00660855
0.34375 0.00701721

0.34375 0.00701689
0.359375 0.00742298

-1 -0.0311374
-0.984375 -0.0305963

-0.984375 -0.0305965
-0.96875 -0.0300531

-0.96875 -0.0300535
-0.953125 -0.0295068

-0.953125 -0.0295069
-0.9375 -0.0289559

-0.9375 -0.0289558
-0.921875 -0.0284005

-0.921875 -0.0284002
-0.90625 -0.0278412

-0.90625 -0.0278407
-0.890625 -0.0272795

-0.890625 -0.0272789
-0.875 -0.0267178

1.70312 0.0156732
1.7098 0.015625

1.71875 0.0155604
1.73438 0.0154539

0.359375 0.00742293
0.375 0.00782719

1.73438 0.0154538
1.75 0.0153539

0.375 0.00782748
0.390625 0.00822943

0.390625 0.00823
0.40625 0.00862796

0.40625 0.00862861
0.421875 0.00902014

1.75 0.015354
1.76562 0.0152606

1.76562 0.0152609
1.78125 0.0151733

1.78125 0.0151738
1.79688 0.0150905

1.79688 0.0150911
1.8125 0.0150102

0.421875 0.00902058
0.4375 0.00940351

0.4375 0.00940346
0.453125 0.00977701

-2.8125 -0.0231323
-2.79688 -0.0228227

-2.79688 -0.0228222
-2.78125 -0.0225308

0.453125 0.00977633
0.46875 0.0101419

0.46875 0.0101407
0.484375 0.0105021

0.484375 0.0105008
0.5 0.0108629

-2.78125 -0.0225313
-2.76562 -0.0222583

-2.76562 -0.0222583
-2.75 -0.0220027

1.8125 0.0150107
1.82812 0.0149299

1.82812 0.0149304
1.84375 0.0148473

1.84375 0.0148478
1.85938 0.0147604

1.85938 0.0147607
1.875 0.0146674

-2.75 -0.0220026
-2.73438 -0.0217647

-2.73438 -0.0217642
-2.71875 -0.021545

-2.71875 -0.0215454
-2.70312 -0.0213451

-2.70312 -0.021346
-2.6875 -0.0211619

-2.6875 -0.021163
-2.67188 -0.0209911

-2.67188 -0.0209916
-2.65625 -0.0208289

-2.65625 -0.0208289
-2.64062 -0.0206744

-2.64062 -0.0206741
-2.625 -0.0205281

1.875 0.0146676
1.89062 0.0145673

-2.625 -0.020528
-2.60938 -0.0203913

-2.60938 -0.0203913
-2.59375 -0.0202641

-2.59375 -0.0202642
-2.57812 -0.0201465

-2.57812 -0.0201466
-2.5625 -0.0200381

-0.875 -0.0267172
-0.859375 -0.0261584

0.5 0.010862
0.515625 0.0112295

-0.859375 -0.0261579
-0.84375 -0.0256034

1.89062 0.0145674
1.90625 0.0144593

1.90625 0.0144593
1.92188 0.0143434

1.92188 0.0143433
1.9375 0.01422

1.9375 0.0142197
1.95312 0.0140899

1.95312 0.0140895
1.96875 0.0139544

1.96875 0.0139539
1.98438 0.0138153

1.98438 0.0138147
2 0.0136748

-0.84375 -0.0256031
-0.828125 -0.0250546

-0.828125 -0.0250544
-0.8125 -0.0245128

-0.8125 -0.0245127
-0.796875 -0.0239787

-0.796875 -0.0239787
-0.78125 -0.0234525

0.515625 0.0112294
0.53125 0.0116046

0.53125 0.0116055
0.546875 0.0119865

0.546875 0.0119884
0.5625 0.0123695

-0.78125 -0.0234526
-0.765625 -0.0229342

-0.765625 -0.0229344
-0.75 -0.0224235

-2.5625 -0.0200381
-2.54688 -0.0199389

-2.54688 -0.0199387
-2.53125 -0.0198492

0.5625 0.0123719
0.578125 0.0127446

-0.75 -0.0224237
-0.734375 -0.0219196

-0.734375 -0.0219199
-0.71875 -0.0214215

-2.53125 -0.019849
-2.51562 -0.0197701

-2.51562 -0.0197699
-2.5 -0.0197023

-0.71875 -0.0214218
-0.703125 -0.0209279

-0.703125 -0.0209282
-0.6875 -0.0204376

-0.6875 -0.0204378
-0.671875 -0.0199494

0.578125 0.0127466
0.59375 0.0131021

0.59375 0.0131034
0.609375 0.0134349

0.609375 0.0134351
0.625 0.0137399

-0.671875 -0.0199495
-0.65625 -0.0194628

-0.65625 -0.0194628
-0.640625 -0.0189775

-0.640625 -0.0189773
-0.625 -0.0184941

0.625 0.0137389
0.640625 0.0140186

-0.625 -0.0184937
-0.609375 -0.0180137

0.640625 0.0140169
0.65625 0.0142768

2 0.0136741
2.01562 0.0135353

-0.609375 -0.0180131
-0.59375 -0.0175382

-0.59375 -0.0175376
-0.578125 -0.01707

-2.5 -0.0197021
-2.48438 -0.0196467

0.65625 0.0142749
0.671875 0.0145222

2.01562 0.0135345
2.03125 0.0133996

2.03125 0.0133989
2.04688 0.013271

2.04688 0.0132702
2.0625 0.0131527

2.0625 0.0131518
2.07812 0.0130478

2.07812 0.013047
2.09375 0.0129598

2.09375 0.012959
2.10938 0.0128919

2.10938 0.012891
2.125 0.0128473

-2.48438 -0.0196465
-2.46875 -0.019604

-2.46875 -0.0196038
-2.45312 -0.019575

-2.45312 -0.0195748
-2.4375 -0.0195607

0.671875 0.0145205
0.6875 0.0147621

-2.4375 -0.0195605
-2.42188 -0.0195617

0.6875 0.0147609
0.703125 0.0150025

-0.578125 -0.0170694
-0.5625 -0.0166114

0.703125 0.0150022
0.71875 0.0152465

2.125 0.0128464
2.14062 0.0128294

0.71875 0.0152467
0.734375 0.015494

2.14062 0.0128285
2.15625 0.0128414

0.734375 0.0154944
0.742533 0.015625

2.15625 0.0128406
2.17188 0.0128867

0.742598 0.015625
0.75 0.0157435

-2.42188 -0.0195615
-2.40625 -0.0195787

-0.5625 -0.016611
-0.546875 -0.0161646

2.17188 0.012886
2.1875 0.0129682

-2.40625 -0.0195786
-2.39062 -0.0196122

-0.546875 -0.0161644
-0.53125 -0.0157306

0.75 0.0157444
0.765625 0.0159967

-0.53125 -0.0157304
-0.527337 -0.015625

-0.52732 -0.015625
-0.515625 -0.0153101

0.765625 0.0159973
0.78125 0.0162497

0.78125 0.0162504
0.796875 0.0165003

0.796875 0.0165011
0.8125 0.0167455

0.8125 0.0167464
0.828125 0.0169819

0.828125 0.0169829
0.84375 0.0172058

0.84375 0.0172066
0.859375 0.0174132

0.859375 0.0174138
0.875 0.0176014

-2.39062 -0.0196121
-2.375 -0.0196626

0.875 0.0176017
0.890625 0.0177685

0.890625 0.0177685
0.90625 0.0179139

0.90625 0.0179136
0.921875 0.0180381

-0.515625 -0.0153102
-0.5 -0.0149019

-2.375 -0.0196626
-2.35938 -0.0197304

-2.35938 -0.0197303
-2.34375 -0.0198156

-2.34375 -0.0198156
-2.32812 -0.0199185

-2.32812 -0.0199186
-2.3125 -0.0200392

-2.3125 -0.0200392
-2.29688 -0.0201773

-2.29688 -0.0201774
-2.28125 -0.0203325

-2.28125 -0.0203327
-2.26562 -0.0205041

-2.26562 -0.0205044
-2.25 -0.020691

2.1875 0.0129676
2.20312 0.0130888

2.20312 0.0130882
2.21875 0.0132511

-2.25 -0.0206913
-2.23438 -0.0208921

2.21875 0.0132505
2.23438 0.0134575

0.921875 0.0180377
0.9375 0.0181426

2.23438 0.0134569
2.25 0.0137106

-2.23438 -0.0208924
-2.21875 -0.0211059

-0.5 -0.0149022
-0.484375 -0.0145054

-0.484375 -0.0145057
-0.46875 -0.014119

-2.21875 -0.0211063
-2.20312 -0.0213312

-2.20312 -0.0213314
-2.1875 -0.0215666

2.25 0.01371
2.26562 0.0140129

-2.1875 -0.0215668
-2.17188 -0.0218115

-0.46875 -0.0141193
-0.453125 -0.0137413

-0.453125 -0.0137416
-0.4375 -0.0133711

2.26562 0.0140123
2.28125 0.0143668

-0.4375 -0.0133714
-0.421875 -0.013007

0.9375 0.018142
0.953125 0.0182296

0.953125 0.0182289
0.96875 0.0183016

-0.421875 -0.0130073
-0.40625 -0.0126479

-0.40625 -0.0126482
-0.390625 -0.0122927

-0.390625 -0.0122929
-0.375 -0.0119403

-0.375 -0.0119405
-0.359375 -0.01159

-0.359375 -0.0115901
-0.34375 -0.0112412

-0.34375 -0.0112412
-0.328125 -0.0108937

-0.328125 -0.0108936
-0.3125 -0.0105478

0.96875 0.0183009
0.984375 0.0183614

0.984375 0.0183608
1 0.0184117

-2.17188 -0.0218115
-2.15625 -0.0220656

-2.15625 -0.0220655
-2.14062 -0.022329

-0.3125 -0.0105476
-0.296875 -0.0102041

-0.296875 -0.0102039
-0.28125 -0.00986337

-0.28125 -0.00986323
-0.265625 -0.00952627

-0.265625 -0.00952627
-0.25 -0.00919319

-2.14062 -0.0223289
-2.125 -0.0226022

2.28125 0.0143664
2.29688 0.0147747

-0.25 -0.00919342
-0.234375 -0.00886376

-2.125 -0.0226021
-2.10938 -0.0228858

-2.10938 -0.0228858
-2.09375 -0.0231803

-2.09375 -0.0231802
-2.07812 -0.0234859

2.29688 0.0147748
2.3125 0.0152374

-0.234375 -0.00886425
-0.21875 -0.00853657

-0.21875 -0.00853728
-0.203125 -0.00820919

2.3125 0.0152368
2.32423 0.015625

-0.203125 -0.00821002
-0.1875 -0.00787842

-2.07812 -0.0234858
-2.0625 -0.023803

-0.1875 -0.00787927
-0.171875 -0.0075408

2.32419 0.015625
2.32812 0.0157553

-2.0625 -0.0238029
-2.04688 -0.0241323

2.32812 0.0157536
2.34375 0.0163279

-0.171875 -0.00754152
-0.15625 -0.00719301

-0.15625 -0.00719352
-0.140625 -0.00683248

-2.04688 -0.0241321
-2.03125 -0.0244741

-0.140625 -0.00683274
-0.125 -0.00645763

2.34375 0.0163282
2.35938 0.0169604

2.35938 0.0169607
2.375 0.0176495

-0.125 -0.00645768
-0.109375 -0.00606788

2.375 0.0176497
2.39062 0.0183942

-0.109375 -0.00606777
-0.09375 -0.00566342

-2.03125 -0.0244739
-2.01562 -0.024829

-0.09375 -0.0056632
-0.078125 -0.00524498

2.39062 0.0183943
2.40625 0.0191938

-2.01562 -0.0248288
-2 -0.0251978

-0.078125 -0.00524466
-0.0625 -0.00481368

-0.0625 -0.00481328
-0.046875 -0.00437098

-0.046875 -0.00437052
-0.03125 -0.00391863

-0.03125 -0.00391813
-0.015625 -0.00345859

-0.015625 -0.00345807
0 -0.00299293

2.40625 0.019194
2.42188 0.0200478

2.42188 0.0200482
2.4375 0.0209553

2.4375 0.0209558
2.45312 0.0219146

2.45312 0.0219155
2.46875 0.0229233

2.46875 0.0229246
2.48438 0.0239771

2.48438 0.0239783
2.5 0.0250703

1 0.0184112
1.01562 0.0184546

1.01562 0.0184543
1.03125 0.0184918

1.03125 0.0184916
1.04688 0.0185244

1.04688 0.0185244
1.0625 0.018553

1.0625 0.018553
1.07812 0.0185777

1.07812 0.0185777
1.09375 0.0185984

1.09375 0.0185984
1.10938 0.0186152

1.10938 0.0186152
1.125 0.018628

1.125 0.0186279
1.14062 0.0186369

1.14062 0.0186369
1.15625 0.018642

1.15625 0.0186421
1.17188 0.0186434

1.17188 0.0186435
1.1875 0.0186407

1.1875 0.0186409
1.20312 0.0186337

1.20312 0.0186338
1.21875 0.0186218

1.21875 0.0186219
1.23438 0.0186045

1.23438 0.0186045
1.25 0.0185815

1.25 0.0185815
1.26562 0.0185528

1.26562 0.0185528
1.28125 0.0185185

1.28125 0.0185184
1.29688 0.0184788

2.5 0.0250715
2.51562 0.026198

2.51562 0.0261991
2.53125 0.0273556

2.53125 0.027356
2.54688 0.0285395

1.29688 0.0184787
1.3125 0.0184339

2.54688 0.0285401
2.5625 0.0297483

1.3125 0.0184339
1.32812 0.018384

1.32812 0.018384
1.34375 0.0183289

1.34375 0.018329
1.35938 0.0182686

2.5625 0.0297496
2.57812 0.0309786

1.35938 0.0182687
1.375 0.0182026

-2 -0.0251975
-1.98438 -0.0255814

-1.98438 -0.0255813
-1.96875 -0.025981

2.57812 0.03098
2.58151 0.03125

2.58153 0.03125
2.59375 0.0322254

-1.96875 -0.025981
-1.95312 -0.0263967

-1.95312 -0.0263968
-1.9375 -0.0268284

-1.9375 -0.0268285
-1.92188 -0.0272753

-1.92188 -0.0272756
-1.90625 -0.0277367

-1.90625 -0.0277371
-1.89062 -0.0282113

-1.89062 -0.028212
-1.875 -0.0286967

1.375 0.0182028
1.39062 0.0181305

1.39062 0.0181306
1.40625 0.0180517

-1.875 -0.0286977
-1.85938 -0.0291896

1.40625 0.0180518
1.42188 0.0179657

2.59375 0.0322257
2.60938 0.0334917

1.42188 0.0179658
1.4375 0.0178721

2.60938 0.0334917
2.625 0.0347768

-1.85938 -0.0291907
-1.84375 -0.0296856

-1.84375 -0.0296865
-1.82812 -0.0301805

-1.82812 -0.0301811
-1.8125 -0.0306712

-1.78125 -0.0316332
-1.7938 -0.03125

-1.8125 -0.0306717
-1.79688 -0.0311559

-1.79688 -0.0311564
-1.79381 -0.03125

-1.78125 -0.0316327
-1.76562 -0.0321031

2.625 0.0347768
2.64062 0.0360809

2.64062 0.0360806
2.65625 0.0374043

2.65625 0.037404
2.67188 0.0387483

2.67188 0.0387484
2.6875 0.0401136

2.6875 0.0401131
2.70312 0.0415

2.70312 0.041499
2.71875 0.0429102

2.71875 0.0429094
2.73438 0.0443488

2.73438 0.0443487
2.75 0.045818

-1.76562 -0.0321029
-1.75 -0.0325679

1.4375 0.0178722
1.45312 0.0177707

1.45312 0.0177706
1.46875 0.0176613

2.75 0.0458214
2.76097 0.046875

2.76111 0.046875
2.76562 0.0473082

1.46875 0.0176612
1.48438 0.0175443

2.76562 0.0473189
2.78125 0.0488489

2.78125 0.0488489
2.79688 0.0504061

2.79688 0.0504053
2.8125 0.0519912

-1.75 -0.0325681
-1.73438 -0.0330277

-1.73438 -0.033028
-1.71875 -0.0334811

1.48438 0.0175441
1.5 0.0174201

2.8125 0.0519892
2.82812 0.0536091

2.82812 0.0536074
2.84375 0.0552685

-1.71875 -0.0334814
-1.70312 -0.0339267

-1.70312 -0.0339268
-1.6875 -0.0343637

2.84375 0.0552668
2.85938 0.0569762

2.85938 0.0569751
2.875 0.0587383

-1.6875 -0.0343637
-1.67188 -0.0347918

-1.67188 -0.0347919
-1.65625 -0.0352109

2.875 0.0587371
2.89062 0.0605587

2.89062 0.0605576
2.90625 0.0624422

2.90625 0.0624407
2.90672 0.0625

-1.65625 -0.0352111
-1.64062 -0.0356206

-1.64062 -0.0356208
-1.625 -0.0360198

2.90672 0.0625
2.92188 0.0643933

-1.625 -0.0360201
-1.60938 -0.0364076

-1.60938 -0.036408
-1.59375 -0.0367824

-1.59375 -0.0367829
-1.57812 -0.0371423

2.92188 0.0643926
2.9375 0.0664147

2.9375 0.0664117
2.95312 0.0685112

2.95312 0.0685125
2.96875 0.070693

2.96875 0.0706889
2.98438 0.0729559

-1.57812 -0.0371429
-1.5625 -0.0374851

-1.5625 -0.0374858
-1.54688 -0.0378084

-1.54688 -0.0378092
-1.53125 -0.0381093

-1.53125 -0.0381101
-1.51562 -0.0383848

-1.51562 -0.0383854
-1.5 -0.0386318

2.98438 0.0730877
3 0.0751858

3 0.0758227
3.03125 0.0766056

3.03125 0.0760111
3.0625 0.0730795

3.125 0.0479807
3.08166 0.0625

3.0625 0.0763691
3.1039 0.0625

3.125 0.0406091
3.25 0.0121912

3.25 0.0177209
3.43974 0

4 -0.00815949
3.71844 0

3.5 0.00364987
3.62594 0

-1.5 -0.0386323
-1.48438 -0.0388482

-1.48438 -0.0388485
-1.46875 -0.0390322

-1.46875 -0.0390325
-1.45312 -0.0391827

-1.45312 -0.0391829
-1.4375 -0.0392988

-1.4375 -0.0392988
-1.42188 -0.0393802

-1.42188 -0.0393799
-1.40625 -0.0394276

-1.40625 -0.0394271
-1.39062 -0.0394426

-1.39062 -0.039442
-1.375 -0.0394275

-1.375 -0.0394271
-1.35938 -0.0393849

-1.35938 -0.0393846
-1.34375 -0.0393161

-1.34375 -0.0393162
-1.32812 -0.0392215

-1.32812 -0.0392219
-1.3125 -0.0391003

-1.3125 -0.0391007
-1.29688 -0.0389509

-1.29688 -0.0389513
-1.28125 -0.0387716

-1.28125 -0.0387719
-1.26562 -0.0385612

-1.26562 -0.0385612
-1.25 -0.0383188

-1.25 -0.0383188
-1.23438 -0.0380448

-1.23438 -0.0380446
-1.21875 -0.0377395

-1.21875 -0.0377392
-1.20312 -0.0374036

-1.20312 -0.0374033
-1.1875 -0.0370382

-1.1875 -0.0370379
-1.17188 -0.0366447

-1.17188 -0.0366442
-1.15625 -0.0362245

-1.15625 -0.036224
-1.14062 -0.0357797

-1.14062 -0.035779
-1.125 -0.0353127

-1.125 -0.035312
-1.10938 -0.0348264

-1.10938 -0.0348256
-1.09375 -0.034324

-1.09375 -0.0343232
-1.07812 -0.0338087

-1.07812 -0.033808
-1.0625 -0.0332837

-1.0625 -0.0332831
-1.04688 -0.0327518

-1.04688 -0.0327512
-1.03125 -0.0322154

-1.03125 -0.032215
-1.01562 -0.0316769

-1.01562 -0.0316767
-1.00327 -0.03125

-1.00326 -0.03125
-1 -0.0311376

