-4 -0.00622348
-3.70507 0

-3.68904 0
-3.5 0.00398897

-3 -0.0438999
-3.00726 -0.03125

-3.00547 -0.03125
-3.03104 0

-3.5 0.00718796
-3.25 0.0202626

-3.25 0.0382825
-3.125 0.0372242

-3.125 0.0435698
-3.0625 0.0230482

-3.0625 0.023233
-3.03125 0.000412644

-3.03125 0.0068856
-3.02407 0

1.5 0.208825
1.51562 0.210598

1.51562 0.210597
1.53125 0.212328

1.53125 0.212327
1.54688 0.214021

1.54688 0.21402
1.5625 0.215679

1.5625 0.215679
1.57812 0.217306

1.57812 0.217302
1.59228 0.21875

1.59193 0.21875
1.59375 0.218937

1.59375 0.218904
1.60938 0.220476

1.60938 0.220475
1.625 0.222023

1.625 0.222022
1.64062 0.223549

1.64062 0.223548
1.65625 0.225056

1.65625 0.225055
1.67188 0.226548

1.67188 0.226547
1.6875 0.228029

1.6875 0.228028
1.70312 0.229502

1.70312 0.229501
1.71875 0.230971

1.71875 0.23097
1.73438 0.232439

1.73438 0.232439
1.75 0.233911

-2.76562 -0.253145
-2.77336 -0.25

-2.76562 -0.25292
-2.75 -0.258773

1.75 0.233835
1.75571 0.234375

1.75453 0.234375
1.76562 0.235425

1.76562 0.235387
1.78125 0.236873

1.78125 0.236873
1.79688 0.23837

1.79688 0.23837
1.8125 0.239881

-2.9375 -0.140259
-2.95077 -0.125

-2.875 -0.195062
-2.88517 -0.1875

-2.92188 -0.156294
-2.92192 -0.15625

-2.92188 -0.156304
-2.90625 -0.170636

-2.92196 -0.15625
-2.93721 -0.140625

-2.9375 -0.140233
-2.93714 -0.140625

-2.89062 -0.183434
-2.90466 -0.171875

-2.90625 -0.170586
-2.90473 -0.171875

-2.89062 -0.183346
-2.88502 -0.1875

1.8125 0.239881
1.82812 0.241407

-2.96875 -0.0997421
-2.97274 -0.09375

1.82812 0.241407
1.84375 0.242948

1.84375 0.242948
1.85938 0.244502

1.85938 0.244503
1.875 0.246069

-2.98438 -0.073913
-2.99034 -0.0625

1.875 0.24607
1.89062 0.247645

-2.9736 -0.09375
-2.98283 -0.078125

-2.95312 -0.121784
-2.9627 -0.109375

-2.96875 -0.101351
-2.96324 -0.109375

-2.95312 -0.122482
-2.95111 -0.125

-2.99045 -0.0625
-2.99864 -0.046875

1.89062 0.247646
1.90625 0.249226

-2.85938 -0.205726
-2.86335 -0.203125

-2.875 -0.194943
-2.86294 -0.203125

-2.85938 -0.205572
-2.84375 -0.215257

-2.82812 -0.224293
-2.83789 -0.21875

-2.82812 -0.224083
-2.8125 -0.232228

-2.84375 -0.214951
-2.83706 -0.21875

-2.79688 -0.239835
-2.80827 -0.234375

-1 -0.138586
-0.984375 -0.13624

-0.984375 -0.136241
-0.96875 -0.133901

-0.96875 -0.133901
-0.953125 -0.131567

-0.953125 -0.131567
-0.9375 -0.129239

-2.8125 -0.231909
-2.80736 -0.234375

-2.79688 -0.239686
-2.78125 -0.246582

-0.9375 -0.129239
-0.921875 -0.126915

-0.921875 -0.126976
-0.908563 -0.125

-0.910508 -0.125
-0.90625 -0.124368

-0.90625 -0.124595
-0.890625 -0.12228

-0.890625 -0.12228
-0.875 -0.119969

1.90625 0.249228
1.91389 0.25

-2.78125 -0.246388
-2.77237 -0.25

-0.875 -0.119969
-0.859375 -0.11766

-0.859375 -0.11766
-0.84375 -0.115355

-0.84375 -0.115355
-0.828125 -0.113051

-2.75 -0.258759
-2.73438 -0.264156

-0.828125 -0.113051
-0.8125 -0.110749

-0.8125 -0.110821
-0.80268 -0.109375

-0.803865 -0.109375
-0.796875 -0.108346

1.9139 0.25
1.92188 0.250806

1.92188 0.250808
1.9375 0.252383

1.9375 0.252384
1.95312 0.253951

1.95312 0.253951
1.96875 0.255507

1.96875 0.255508
1.98438 0.257048

-0.796875 -0.108448
-0.78125 -0.10615

-0.78125 -0.10615
-0.765625 -0.103854

-0.765625 -0.103853
-0.75 -0.10156

1.98438 0.257049
2 0.258572

-2.71875 -0.26925
-2.73014 -0.265625

-2.73438 -0.263883
-2.7289 -0.265625

-2.71875 -0.269114
-2.70312 -0.273691

-2.70312 -0.273685
-2.6875 -0.277908

-2.67188 -0.281893
-2.67446 -0.28125

-2.67188 -0.281791
-2.65625 -0.285352

-0.75 -0.101559
-0.734375 -0.09927

-0.734375 -0.0992696
-0.71875 -0.0969859

-0.71875 -0.0969854
-0.703125 -0.0947094

-2.6875 -0.277887
-2.67398 -0.28125

-2.65625 -0.285343
-2.64062 -0.288598

-2.64062 -0.288594
-2.625 -0.291568

-0.703125 -0.0947981
-0.6959 -0.09375

-0.696971 -0.09375
-0.6875 -0.092376

-2.625 -0.291564
-2.60938 -0.294272

-0.6875 -0.0924422
-0.671875 -0.0901856

-0.671875 -0.0901863
-0.65625 -0.0879389

-0.65625 -0.0879396
-0.640625 -0.0856985

-2.60938 -0.29427
-2.59375 -0.296727

0 0.00578927
0.015625 0.00794334

0.015625 0.00794386
0.03125 0.0100993

0.03125 0.0100999
0.046875 0.0122544

0.046875 0.0122549
0.0625 0.0144061

0.0625 0.014135
0.073347 0.015625

0.0689283 0.015625
0.078125 0.0168883

0.078125 0.0165529
0.09375 0.0186935

0.09375 0.0186931
0.109375 0.0208285

0.109375 0.020828
0.125 0.0229603

-2.57812 -0.298951
-2.59279 -0.296875

0.125 0.0229596
0.140625 0.0250913

-0.640625 -0.0856994
-0.625 -0.0834611

-2.59375 -0.2966
-2.59181 -0.296875

-2.57812 -0.29893
-2.5625 -0.300914

0.140625 0.0250905
0.15625 0.0272247

0.15625 0.027224
0.171875 0.0293635

-0.625 -0.0834619
-0.609375 -0.0812227

-0.609375 -0.0812234
-0.59375 -0.0789802

-0.59375 -0.0791398
-0.586701 -0.078125

-0.588522 -0.078125
-0.578125 -0.0766282

-0.578125 -0.0767314
-0.5625 -0.0744746

0.171875 0.0292448
0.186464 0.03125

0.182219 0.03125
0.1875 0.0319759

2 0.258573
2.01562 0.260072

0.1875 0.0315102
0.203125 0.0336677

-0.5625 -0.0744747
-0.546875 -0.0722098

2.01562 0.260073
2.03125 0.261547

-2.5625 -0.300908
-2.54688 -0.302691

-2.54688 -0.302685
-2.53125 -0.304288

0.203125 0.0336672
0.21875 0.0358359

0.21875 0.0358361
0.234375 0.0380165

-0.546875 -0.0722091
-0.53125 -0.0699371

0.234375 0.0380171
0.25 0.0402077

-2.53125 -0.304287
-2.51562 -0.305726

2.03125 0.261548
2.04688 0.262994

-2.51562 -0.30573
-2.5 -0.307001

-0.53125 -0.0699361
-0.515625 -0.0676603

2.04688 0.262994
2.0625 0.264409

0.25 0.0402088
0.265625 0.0424061

0.265625 0.0424074
0.28125 0.0446068

-0.515625 -0.0676592
-0.5 -0.0653836

2.0625 0.264409
2.07623 0.265625

2.07623 0.265625
2.07812 0.265792

2.07812 0.265793
2.09375 0.267145

2.09375 0.267146
2.10938 0.268466

2.10938 0.268466
2.125 0.269753

2.125 0.269753
2.14062 0.271004

2.14062 0.271005
2.15625 0.272217

0.28125 0.044564
0.296875 0.0467613

0.293758 0.046875
0.296875 0.0473133

2.15625 0.272218
2.17188 0.273388

2.17188 0.273389
2.1875 0.274512

2.1875 0.274513
2.20312 0.275583

2.20312 0.275585
2.21875 0.276596

2.21875 0.276597
2.23438 0.277543

0.296875 0.0467736
0.297598 0.046875

0.297363 0.046875
0.3125 0.0489995

2.23438 0.277545
2.25 0.278419

0.3125 0.048998
0.328125 0.0511865

0.328125 0.0511859
0.34375 0.0533716

0.34375 0.053371
0.359375 0.0555563

0.359375 0.0555564
0.375 0.0577426

-2.5 -0.307008
-2.48438 -0.30809

2.25 0.27842
2.26562 0.279216

-0.5 -0.065383
-0.484375 -0.0631111

0.375 0.0577434
0.390625 0.0599288

-0.484375 -0.0632935
-0.478904 -0.0625

0.390625 0.0599153
0.40625 0.0620955

-0.480687 -0.0625
-0.46875 -0.0607686

2.26562 0.279217
2.28125 0.27993

-0.46875 -0.0608449
-0.453125 -0.0585836

-2.48438 -0.308094
-2.46875 -0.308967

-0.453125 -0.0585845
-0.4375 -0.0563253

-2.46875 -0.308966
-2.45312 -0.309624

0.40625 0.0619984
0.409862 0.0625

2.28125 0.27993
2.29688 0.280559

0.404423 0.0625
0.40625 0.0627549

2.29688 0.280559
2.3125 0.281102

-2.45312 -0.309618
-2.4375 -0.310075

-0.4375 -0.0563264
-0.421875 -0.0540652

0.408844 0.0625
0.421875 0.0643093

-0.421875 -0.0540661
-0.40625 -0.051799

-2.4375 -0.310067
-2.42188 -0.31035

-0.40625 -0.0517993
-0.390625 -0.0495239

-2.42188 -0.310344
-2.40625 -0.310481

-0.390625 -0.0495238
-0.375 -0.0472395

0.421875 0.064282
0.4375 0.0664367

-2.40625 -0.310476
-2.39062 -0.31049

-2.39062 -0.310488
-2.375 -0.310393

0.4375 0.0664366
0.453125 0.0685752

-2.375 -0.310391
-2.35938 -0.310197

2.3125 0.281105
2.31742 0.28125

-0.375 -0.0474328
-0.371197 -0.046875

0.453125 0.0685738
0.46875 0.0706995

-0.372831 -0.046875
-0.359375 -0.0449015

0.46875 0.0706974
0.484375 0.0728172

2.31759 0.28125
2.32812 0.28156

0.484375 0.0728149
0.5 0.0749375

-0.359375 -0.0449466
-0.34375 -0.0426501

-2.35938 -0.310196
-2.34375 -0.309905

-0.34375 -0.0426493
-0.328125 -0.0403506

-0.328125 -0.0403496
-0.3125 -0.0380524

-0.3125 -0.0380516
-0.296875 -0.0357594

-0.296875 -0.0357586
-0.28125 -0.0334747

-0.28125 -0.0334745
-0.265961 -0.03125

2.32812 0.281563
2.34375 0.281937

-0.265625 -0.0312721
-0.265472 -0.03125

0.5 0.0749357
0.515625 0.0770693

-0.266023 -0.03125
-0.265625 -0.031192

2.34375 0.281936
2.35938 0.282222

-0.265625 -0.0312003
-0.25 -0.0289394

2.35938 0.282223
2.375 0.282418

-2.34375 -0.309906
-2.32812 -0.309517

-2.32812 -0.309519
-2.3125 -0.309028

2.375 0.282419
2.39062 0.282518

2.39062 0.282519
2.40625 0.282516

2.40625 0.282517
2.42188 0.282405

2.42188 0.282407
2.4375 0.28218

-2.3125 -0.30903
-2.29688 -0.308432

-2.29688 -0.308432
-2.28125 -0.307723

0.515625 0.0769891
0.523879 0.078125

0.522747 0.078125
0.53125 0.0792952

0.53125 0.0792183
0.546875 0.0813881

0.546875 0.081388
0.5625 0.0835781

2.4375 0.282182
2.45312 0.281831

2.45312 0.281834
2.46875 0.281352

-2.28125 -0.307721
-2.26562 -0.306904

-2.26562 -0.306901
-2.25 -0.305982

0.5625 0.0835787
0.578125 0.0857879

0.578125 0.0857891
0.59375 0.0880138

2.48438 0.28073
2.47133 0.28125

-2.25 -0.305979
-2.23438 -0.304973

-2.23438 -0.30497
-2.21875 -0.303886

-0.25 -0.0289395
-0.234375 -0.0266919

-2.21875 -0.303884
-2.20312 -0.302729

-0.234375 -0.0266917
-0.21875 -0.0244578

-2.20312 -0.302728
-2.1875 -0.301508

2.48438 0.280732
2.5 0.27996

-2.1875 -0.301507
-2.17188 -0.300225

-2.17188 -0.300224
-2.15625 -0.298883

-2.15625 -0.298882
-2.14062 -0.297485

-2.14062 -0.297456
-2.13436 -0.296875

2.46875 0.281357
2.47143 0.28125

-0.21875 -0.0244578
-0.203125 -0.022238

-0.203125 -0.022238
-0.1875 -0.0200326

0.59375 0.0880155
0.609375 0.0902499

0.609375 0.090252
0.625 0.0924885

0.625 0.0923057
0.635117 0.09375

0.632213 0.09375
0.640625 0.0949508

0.640625 0.0947227
0.65625 0.0969402

0.65625 0.0969413
0.671875 0.0991399

-2.13383 -0.296875
-2.125 -0.296056

-0.1875 -0.0200326
-0.171875 -0.0178416

-2.125 -0.296035
-2.10938 -0.294538

0.671875 0.0991405
0.6875 0.101317

-2.10938 -0.294537
-2.09375 -0.292993

0.6875 0.101317
0.703125 0.103469

-2.09375 -0.292992
-2.07812 -0.291406

-2.07812 -0.291405
-2.0625 -0.28978

-2.0625 -0.289779
-2.04688 -0.288119

-2.04688 -0.288119
-2.03125 -0.286426

2.71875 0.248951
2.71428 0.25

2.71875 0.249581
2.73438 0.245613

-0.171875 -0.0178419
-0.15625 -0.0156647

-0.15625 -0.0158502
-0.154624 -0.015625

0.703125 0.103469
0.71875 0.105598

-0.156047 -0.015625
-0.140625 -0.0134892

2.73438 0.245618
2.75 0.241333

-0.140625 -0.0135017
-0.125 -0.0113493

0.71875 0.105598
0.734375 0.107704

-2.03125 -0.286426
-2.01562 -0.284703

0.734375 0.107633
0.747427 0.109375

-0.125 -0.01135
-0.109375 -0.0092058

2.5 0.279961
2.51562 0.279032

-0.109375 -0.00920668
-0.09375 -0.00706745

0.745204 0.109375
0.75 0.110015

-0.09375 -0.00706815
-0.078125 -0.00493076

2.51562 0.279034
2.53125 0.277944

-0.078125 -0.00493131
-0.0625 -0.00279326

0.75 0.109788
0.765625 0.111857

0.765625 0.111855
0.78125 0.113913

-2.01562 -0.284703
-2 -0.282953

-0.0625 -0.00279362
-0.046875 -0.0006531

-0.046875 -0.000887649
-0.0404053 0

0.78125 0.113911
0.796875 0.115966

0.796875 0.115963
0.8125 0.118026

2.53125 0.277946
2.54688 0.276688

2.54688 0.27669
2.5625 0.275257

0.8125 0.118024
0.828125 0.120102

0.828125 0.120101
0.84375 0.122202

0.84375 0.122202
0.859375 0.124327

0.859375 0.124119
0.865793 0.125

2.5625 0.275258
2.57812 0.273644

0.863488 0.125
0.875 0.12658

2.57812 0.273645
2.59375 0.271842

-0.0429648 0
-0.03125 0.00160728

0.875 0.126475
0.890625 0.128634

0.890625 0.128637
0.90625 0.130802

2.59375 0.271844
2.60938 0.269848

-0.03125 0.00149051
-0.015625 0.00363784

0.90625 0.130804
0.921875 0.132966

0.921875 0.132968
0.9375 0.13512

-0.015625 0.00363788
0 0.00578895

2.60938 0.26985
2.625 0.267651

0.9375 0.135121
0.953125 0.137255

0.953125 0.137257
0.96875 0.139369

0.96875 0.139302
0.978661 0.140625

0.97741 0.140625
0.984375 0.141555

2.64062 0.264981
2.63646 0.265625

2.625 0.26772
2.63856 0.265625

2.64062 0.265242
2.65625 0.262603

2.65625 0.262606
2.67188 0.259734

2.67188 0.259737
2.6875 0.256618

2.6875 0.256622
2.70312 0.25324

0.984375 0.141456
1 0.143514

2.70312 0.253386
2.71755 0.25

2.75 0.241338
2.76562 0.236717

2.78125 0.231361
2.7718 0.234375

2.76562 0.237143
2.77431 0.234375

2.78125 0.231745
2.79688 0.22638

2.79688 0.22639
2.8125 0.220617

2.82812 0.214174
2.81662 0.21875

2.82812 0.214419
2.84375 0.207728

2.8125 0.22112
2.81846 0.21875

2.85938 0.199443
2.8514 0.203125

2.84375 0.208427
2.85523 0.203125

2.85938 0.200538
2.875 0.192746

3 0.101679
2.97435 0.125

2.89062 0.183145
2.88255 0.1875

2.89062 0.184355
2.90625 0.175218

2.9375 0.154169
2.93446 0.15625

2.92188 0.164879
2.91087 0.171875

-2 -0.282952
-1.98502 -0.28125

-1.98494 -0.28125
-1.98438 -0.281186

-1.98438 -0.281178
-1.96875 -0.279379

2.90625 0.175996
2.9128 0.171875

1 0.143514
1.01562 0.145544

2.92188 0.165416
2.9351 0.15625

2.875 0.193555
2.88623 0.1875

1.01562 0.145544
1.03125 0.147547

-1.96875 -0.279379
-1.95312 -0.277558

2.9375 0.154542
2.95312 0.142684

2.96875 0.129709
2.95581 0.140625

-1.95312 -0.277558
-1.9375 -0.275714

-1.9375 -0.275714
-1.92188 -0.273847

-1.92188 -0.273847
-1.90625 -0.271957

1.03125 0.147546
1.04688 0.149526

1.04688 0.149524
1.0625 0.151485

2.95312 0.142279
2.95513 0.140625

2.96875 0.12724
2.97133 0.125

-1.90625 -0.271957
-1.89062 -0.270044

3.0625 0.0464471
3.04111 0.0625

1.0625 0.151483
1.07812 0.15343

3.03125 0.0712689
3.00651 0.09375

-1.89062 -0.270044
-1.875 -0.268106

1.07812 0.153429
1.09375 0.155367

1.09375 0.155276
1.10161 0.15625

1.10027 0.15625
1.10938 0.157378

1.10938 0.1573
1.125 0.159241

3 0.100349
3.007 0.09375

3.03125 0.0714425
3.04259 0.0625

3.0625 0.0445562
3.125 0.0181274

3.125 0.0242221
3.25 0.00434096

-1.875 -0.268106
-1.85938 -0.266143

-1.85938 -0.266152
-1.85523 -0.265625

1.125 0.159239
1.14062 0.161191

1.14062 0.161189
1.15625 0.16316

3.25 0.0162165
3.48829 0

4 -0.00975477
3.59757 0

3.5 0.00111944
3.54618 0

1.15625 0.163158
1.17188 0.165153

1.17188 0.165152
1.1875 0.167174

-1.85532 -0.265625
-1.84375 -0.264153

-1.84375 -0.264156
-1.82812 -0.262144

1.1875 0.167174
1.20312 0.169227

1.20312 0.169227
1.21875 0.171308

1.21875 0.171195
1.22379 0.171875

1.22261 0.171875
1.23438 0.173461

1.23438 0.173416
1.25 0.175545

-1.82812 -0.262144
-1.8125 -0.260107

-1.8125 -0.260107
-1.79688 -0.258044

-1.79688 -0.258044
-1.78125 -0.255953

-1.78125 -0.255953
-1.76562 -0.253835

-1.76562 -0.253835
-1.75 -0.251689

1.25 0.175546
1.26562 0.177696

1.26562 0.177696
1.28125 0.179862

1.28125 0.179863
1.29688 0.182042

1.29688 0.182044
1.3125 0.184231

1.3125 0.184232
1.32812 0.186423

1.32812 0.186399
1.33599 0.1875

1.33562 0.1875
1.34375 0.188639

1.34375 0.188615
1.35938 0.190794

-1.75 -0.251701
-1.73776 -0.25

1.35938 0.190796
1.375 0.192957

1.375 0.19296
1.39062 0.195095

1.39062 0.195097
1.40625 0.197198

1.40625 0.1972
1.42188 0.199259

-1.73813 -0.25
-1.73438 -0.249478

-1.73438 -0.249517
-1.71875 -0.247323

1.42188 0.199259
1.4375 0.201272

1.4375 0.201271
1.45226 0.203125

1.45213 0.203125
1.45312 0.20325

1.45312 0.203235
1.46875 0.205147

1.46875 0.205147
1.48438 0.20701

1.48438 0.20701
1.5 0.208826

-1.71875 -0.247322
-1.70312 -0.245106

-1.70312 -0.245106
-1.6875 -0.242868

-1.6875 -0.242868
-1.67188 -0.24061

-1.67188 -0.240609
-1.65625 -0.238332

-1.65625 -0.238331
-1.64062 -0.236035

-1.64062 -0.236054
-1.62929 -0.234375

-1.62972 -0.234375
-1.625 -0.233677

-1.625 -0.233722
-1.60938 -0.231393

-1.60938 -0.231393
-1.59375 -0.229049

-1.59375 -0.229049
-1.57812 -0.226692

-1.57812 -0.226691
-1.5625 -0.224324

-1.5625 -0.224323
-1.54688 -0.221949

-1.54688 -0.221948
-1.53125 -0.219571

-1.53125 -0.219603
-1.52564 -0.21875

-1.52597 -0.21875
-1.51562 -0.217176

-1.51562 -0.217193
-1.5 -0.214816

-1.5 -0.214817
-1.48438 -0.212442

-1.48438 -0.212442
-1.46875 -0.210066

-1.46875 -0.210066
-1.45312 -0.207685

-1.45312 -0.207685
-1.4375 -0.205299

-1.4375 -0.20532
-1.42317 -0.203125

-1.42433 -0.203125
-1.42188 -0.202749

-1.42188 -0.202904
-1.40625 -0.200506

-1.40625 -0.200506
-1.39062 -0.198106

-1.39062 -0.198105
-1.375 -0.195705

-1.375 -0.195704
-1.35938 -0.193307

-1.35938 -0.193306
-1.34375 -0.190913

-1.34375 -0.190913
-1.32812 -0.188527

-1.32812 -0.188569
-1.3211 -0.1875

-1.32159 -0.1875
-1.3125 -0.186116

-1.3125 -0.186148
-1.29688 -0.183776

-1.29688 -0.183777
-1.28125 -0.181411

-1.28125 -0.181412
-1.26562 -0.179049

-1.26562 -0.17905
-1.25 -0.176685

-1.25 -0.176685
-1.23438 -0.174315

-1.23438 -0.174318
-1.21875 -0.17194

-1.21948 -0.171875
-1.21875 -0.171764

-1.21875 -0.171943
-1.2183 -0.171875

-1.21834 -0.171875
-1.20312 -0.169552

-1.20312 -0.169552
-1.1875 -0.167162

-1.1875 -0.167161
-1.17188 -0.164768

-1.17188 -0.164767
-1.15625 -0.162372

-1.15625 -0.162372
-1.14062 -0.159976

-1.14062 -0.159976
-1.125 -0.157581

-1.125 -0.157629
-1.11599 -0.15625

-1.1167 -0.15625
-1.10938 -0.155129

-1.10938 -0.155188
-1.09375 -0.1528

-1.09375 -0.1528
-1.07812 -0.150417

-1.07812 -0.150417
-1.0625 -0.148039

-1.0625 -0.148039
-1.04688 -0.145666

-1.04688 -0.145666
-1.03125 -0.143299

-1.03125 -0.1433
-1.01562 -0.14094

-1.01608 -0.140625
-1.01562 -0.140556

-1.01562 -0.140974
-1.01331 -0.140625

-1.01358 -0.140625
-1 -0.138581

