-4 -0.00819115
-3.79818 0

-3.66804 0
-3.5 0.00682002

-3.5 0.00173536
-3.25 0.0321873

-3.25 0.0165949
-3.125 0.0506839

-3.125 0.0517278
-3.10585 0.0625

-3.1118 0.0625
-3.0625 0.0906568

-3.0625 0.0902204
-3.05724 0.09375

-3.061 0.09375
-3.03125 0.113897

-3.03125 0.114442
-3.01277 0.125

-3.01552 0.125
-3 0.133769

-3 0.132328
-2.96875 0.145179

-2.96875 0.144704
-2.95312 0.149841

-2.95312 0.149839
-2.9375 0.154641

-2.9375 0.154531
-2.93152 0.15625

-2.93207 0.15625
-2.92188 0.159179

-2.92188 0.159123
-2.90625 0.163321

-2.90625 0.163314
-2.89062 0.167231

-2.89062 0.167229
-2.875 0.170883

-2.875 0.170771
-2.86993 0.171875

1.5 -0.164138
1.51562 -0.165261

1.51562 -0.165261
1.53125 -0.166379

1.53125 -0.166379
1.54688 -0.167493

1.54688 -0.167493
1.5625 -0.168603

0 -0.00906091
0.015625 -0.0107936

-2.87063 0.171875
-2.85938 0.174327

0.015625 -0.0107929
0.03125 -0.0125238

1.5625 -0.168604
1.57812 -0.169709

1.57812 -0.169709
1.59375 -0.170809

1.60938 -0.171903
1.60898 -0.171875

1.59375 -0.170809
1.60899 -0.171875

0.03125 -0.0125232
0.046875 -0.0142548

1.60938 -0.171902
1.625 -0.172986

-2.85938 0.174281
-2.84375 0.177446

1.625 -0.172986
1.64062 -0.17406

1.64062 -0.174061
1.65625 -0.175122

1.65625 -0.175122
1.67188 -0.176169

-2.84375 0.177441
-2.82812 0.180378

1.67188 -0.176169
1.6875 -0.177199

0.0625 -0.0159921
0.0591926 -0.015625

-2.82812 0.180375
-2.8125 0.183101

-1 0.100554
-0.984375 0.098965

-0.984375 0.0989653
-0.96875 0.0973808

-0.96875 0.0973812
-0.953125 0.0957997

-0.953125 0.0958001
-0.9375 0.0942202

-0.921875 0.09264
-0.932853 0.09375

-2.8125 0.183097
-2.79688 0.185625

-2.79688 0.185582
-2.7841 0.1875

-2.78526 0.1875
-2.78125 0.188103

-2.78125 0.187968
-2.76562 0.190142

-2.76562 0.190139
-2.75 0.192145

-2.75 0.192143
-2.73438 0.193991

-2.73438 0.193989
-2.71875 0.19569

-0.921875 0.0926411
-0.90625 0.0910598

-0.9375 0.0942225
-0.932827 0.09375

-0.90625 0.0910601
-0.890625 0.0894761

-0.890625 0.0894765
-0.875 0.0878883

-0.875 0.0878887
-0.859375 0.0862946

-0.859375 0.0862951
-0.84375 0.0846931

-0.84375 0.0846937
-0.828125 0.0830814

-0.828125 0.0830819
-0.8125 0.0814571

-0.8125 0.0814575
-0.796875 0.0798182

1.6875 -0.1772
1.70312 -0.178214

0.046875 -0.0142534
0.0592312 -0.015625

0.0625 -0.0159884
0.078125 -0.0177271

0.078125 -0.0177269
0.09375 -0.0194708

0.09375 -0.0194707
0.109375 -0.0212207

0.109375 -0.0212205
0.125 -0.0229771

-2.71875 0.195689
-2.70312 0.197247

-2.70312 0.197245
-2.6875 0.198667

-2.6875 0.198665
-2.67188 0.19996

-2.67188 0.199959
-2.65625 0.201133

-2.65625 0.201132
-2.64062 0.202188

-2.64062 0.202182
-2.62514 0.203125

-2.62562 0.203125
-2.625 0.203163

-2.625 0.203136
-2.60938 0.203988

-2.60938 0.203987
-2.59375 0.204739

-2.59375 0.204738
-2.57812 0.205393

-2.57812 0.205393
-2.5625 0.205954

-2.5625 0.205953
-2.54688 0.206424

-2.54688 0.206423
-2.53125 0.206807

-2.53125 0.206806
-2.51562 0.207108

-2.51562 0.207107
-2.5 0.207332

-2.5 0.207331
-2.48438 0.207483

-2.48438 0.207482
-2.46875 0.207566

-2.46875 0.207565
-2.45312 0.207583

-2.45312 0.207582
-2.4375 0.207537

-2.4375 0.207536
-2.42188 0.207431

-2.42188 0.20743
-2.40625 0.207267

-2.40625 0.207266
-2.39062 0.207048

-2.39062 0.207047
-2.375 0.206775

-2.375 0.206775
-2.35938 0.206453

-2.35938 0.206453
-2.34375 0.206085

-2.34375 0.206084
-2.32812 0.205673

-2.32812 0.205673
-2.3125 0.20522

-2.3125 0.205219
-2.29688 0.204727

-2.29688 0.204727
-2.28125 0.204198

-2.28125 0.204198
-2.26562 0.203634

-0.796875 0.0798184
-0.78125 0.0781636

1.70312 -0.178214
1.71875 -0.179213

-0.765625 0.076493
-0.780889 0.078125

-2.25 0.203036
-2.25233 0.203125

-0.78125 0.0781637
-0.780888 0.078125

-2.26562 0.203634
-2.25236 0.203125

1.71875 -0.179212
1.73438 -0.180195

1.73438 -0.180196
1.75 -0.181163

-2.25 0.203036
-2.23438 0.202399

0.125 -0.022977
0.140625 -0.0247405

-0.765625 0.076493
-0.75 0.0748068

0.140625 -0.0247404
0.15625 -0.0265112

1.75 -0.181163
1.76562 -0.182114

-0.75 0.0748064
-0.734375 0.0731054

1.76562 -0.182115
1.78125 -0.183046

0.15625 -0.0265112
0.171875 -0.0282893

0.171875 -0.0282894
0.1875 -0.0300748

1.78125 -0.183047
1.79688 -0.183955

0.203125 -0.0318715
0.197706 -0.03125

-0.734375 0.0731051
-0.71875 0.0713906

-2.23438 0.202397
-2.21875 0.201726

-0.71875 0.0713902
-0.703125 0.0696633

1.79688 -0.183956
1.8125 -0.184838

-0.703125 0.0696631
-0.6875 0.067925

0.203125 -0.0318674
0.21875 -0.0336649

-2.21875 0.201726
-2.20312 0.201026

0.1875 -0.0300727
0.197765 -0.03125

-0.625 0.0608715
-0.639311 0.0625

0.21875 -0.0336653
0.234375 -0.035467

-0.6875 0.0679248
-0.671875 0.0661763

1.875 -0.188045
1.86365 -0.1875

-2.20312 0.201026
-2.1875 0.200297

1.8125 -0.184839
1.82812 -0.18569

1.82812 -0.18569
1.84375 -0.186509

-2.1875 0.200297
-2.17188 0.199541

1.84375 -0.18651
1.85938 -0.187295

-2.17188 0.199541
-2.15625 0.198759

-0.671875 0.0661763
-0.65625 0.0644177

-2.15625 0.198759
-2.14062 0.197949

0.234375 -0.0354674
0.25 -0.0372713

1.85938 -0.187293
1.86368 -0.1875

-2.14062 0.197949
-2.125 0.197114

1.875 -0.188044
1.89062 -0.188763

-2.125 0.197113
-2.10938 0.196253

-0.65625 0.0644176
-0.640625 0.0626492

0.25 -0.0372716
0.265625 -0.0390765

1.89062 -0.188762
1.90625 -0.189456

0.265625 -0.0390766
0.28125 -0.0408817

1.90625 -0.189454
1.92188 -0.190127

-2.10938 0.196253
-2.09375 0.195369

-0.640625 0.062645
-0.639351 0.0625

0.28125 -0.0408815
0.296875 -0.0426871

-0.625 0.0608708
-0.609375 0.0590841

0.296875 -0.0426867
0.3125 -0.0444939

1.92188 -0.190126
1.9375 -0.190784

0.3125 -0.0444934
0.328125 -0.046304

1.9375 -0.190783
1.95312 -0.191429

0.34375 -0.0481229
0.33301 -0.046875

1.95312 -0.19143
1.96875 -0.192063

0.328125 -0.0462957
0.333111 -0.046875

-2.09375 0.195369
-2.07812 0.194461

0.34375 -0.0481189
0.359375 -0.0499406

-2.07812 0.194461
-2.0625 0.193529

-0.609375 0.0590835
-0.59375 0.0572899

-2.0625 0.193528
-2.04688 0.192572

-2.04688 0.192572
-2.03125 0.191594

1.96875 -0.192065
1.98438 -0.19268

0.359375 -0.0499405
0.375 -0.0517693

1.98438 -0.192683
2 -0.193272

-2.03125 0.191594
-2.01562 0.190597

-0.59375 0.0572891
-0.578125 0.0554913

0.375 -0.0517693
0.390625 -0.0536054

-2.01562 0.190597
-2 0.18958

-0.578125 0.0554904
-0.5625 0.0536917

-0.5625 0.0536909
-0.546875 0.0518949

0.390625 -0.0536055
0.40625 -0.0554487

0.40625 -0.0554488
0.421875 -0.0572988

0.421875 -0.0572989
0.4375 -0.0591554

0.46875 -0.0628894
0.465492 -0.0625

0.46875 -0.0628858
0.484375 -0.0647568

0.484375 -0.0647573
0.5 -0.0666304

0.4375 -0.0591555
0.453125 -0.0610179

-0.546875 0.0518941
-0.53125 0.0501038

-0.53125 0.0501033
-0.515625 0.0483209

-0.5 0.0465475
-0.502886 0.046875

-0.515625 0.0483207
-0.502885 0.046875

0.453125 -0.0610172
0.465533 -0.0625

-0.078125 -0.000297383
-0.0807391 0

-0.078125 -0.000297319
-0.0625 -0.00206753

-0.0625 -0.00206781
-0.046875 -0.00382922

-0.046875 -0.00382912
-0.03125 -0.00558137

-0.03125 -0.00558108
-0.015625 -0.00732495

-0.015625 -0.00732443
0 -0.00906155

-0.5 0.0465473
-0.484375 0.0447848

-0.484375 0.0447845
-0.46875 0.043034

-0.46875 0.0430339
-0.453125 0.0412961

-0.453125 0.0412962
-0.4375 0.0395708

-0.4375 0.0395714
-0.421875 0.0378568

-0.421875 0.0378577
-0.40625 0.0361512

-0.40625 0.0361522
-0.390625 0.03445

-0.390625 0.0344509
-0.375 0.0327491

-1.96875 0.187487
-1.96894 0.1875

-1.96875 0.187488
-1.95312 0.18641

0.5 -0.0666308
0.515625 -0.0685043

0.515625 -0.0685046
0.53125 -0.0703773

0.53125 -0.0703776
0.546875 -0.0722482

0.546875 -0.0722485
0.5625 -0.0741156

0.5625 -0.0741159
0.578125 -0.0759782

0.578125 -0.0759786
0.59375 -0.0778345

0.609375 -0.079683
0.596199 -0.078125

0.59375 -0.077833
0.596219 -0.078125

2 -0.193275
2.01562 -0.193825

0.609375 -0.0796833
0.625 -0.0815203

-0.359375 0.0310452
-0.361253 0.03125

-0.359375 0.0310458
-0.34375 0.0293382

-1.95312 0.186409
-1.9375 0.18531

0.625 -0.081521
0.640625 -0.0833447

-0.375 0.0327496
-0.361249 0.03125

0.640625 -0.0833453
0.65625 -0.0851534

2.01562 -0.193827
2.03125 -0.194329

0.65625 -0.0851539
0.671875 -0.0869443

-2 0.18958
-1.98438 0.188544

0.671875 -0.0869447
0.6875 -0.0887155

-0.34375 0.029338
-0.328125 0.0276269

0.6875 -0.0887157
0.703125 -0.0904655

0.703125 -0.0904655
0.71875 -0.0921938

-0.328125 0.0276264
-0.3125 0.0259132

-0.3125 0.0259127
-0.296875 0.0241993

-0.296875 0.0241991
-0.28125 0.0224869

-0.28125 0.0224871
-0.265625 0.0207759

0.734375 -0.0939284
0.732742 -0.09375

-0.265625 0.0207766
-0.25 0.0190647

0.734375 -0.0939011
0.75 -0.0955865

-1.98438 0.188544
-1.96894 0.1875

0.71875 -0.0921907
0.733022 -0.09375

-0.25 0.0190656
-0.234375 0.0173495

-0.234375 0.0173504
-0.21875 0.0156268

-0.203125 0.0138935
-0.218729 0.015625

-0.203125 0.0138939
-0.1875 0.0121479

-0.1875 0.0121478
-0.171875 0.0103889

-0.171875 0.0103884
-0.15625 0.00861782

-0.15625 0.00861694
-0.140625 0.00683743

0.75 -0.0955861
0.765625 -0.0972501

-0.140625 0.00683641
-0.125 0.00505172

2.03125 -0.194328
2.04688 -0.194782

-1.9375 0.18531
-1.92188 0.184193

2.04688 -0.194779
2.0625 -0.195192

-1.92188 0.184193
-1.90625 0.18306

0.765625 -0.0972497
0.78125 -0.0988935

0.78125 -0.0988929
0.796875 -0.100518

2.0625 -0.195188
2.07812 -0.195575

2.07812 -0.195571
2.09375 -0.195946

2.09375 -0.195943
2.10938 -0.19632

2.10938 -0.196317
2.125 -0.196707

0.796875 -0.100518
0.8125 -0.102128

0.8125 -0.102127
0.828125 -0.103723

0.828125 -0.103722
0.84375 -0.105306

-0.125 0.00505064
-0.109375 0.00326494

-0.109375 0.00326414
-0.09375 0.00148119

2.125 -0.196705
2.14062 -0.197117

2.14062 -0.197116
2.15625 -0.197556

2.15625 -0.197556
2.17188 -0.198025

2.17188 -0.198025
2.1875 -0.198522

0.84375 -0.105305
0.859375 -0.106881

0.859375 -0.106881
0.875 -0.10845

-0.09375 0.00148078
-0.0807336 0

0.890625 -0.110025
0.884143 -0.109375

0.875 -0.108443
0.884299 -0.109375

0.890625 -0.110015
0.90625 -0.111579

2.1875 -0.198523
2.20312 -0.199045

2.20312 -0.199046
2.21875 -0.19959

2.21875 -0.199592
2.23438 -0.200149

2.23438 -0.200152
2.25 -0.200713

2.25 -0.200716
2.26562 -0.201269

2.26562 -0.201272
2.28125 -0.201805

2.28125 -0.201808
2.29688 -0.202312

2.29688 -0.202318
2.3125 -0.202778

-1.90625 0.18306
-1.89062 0.181911

-1.89062 0.181911
-1.875 0.180749

0.90625 -0.111578
0.921875 -0.113141

0.921875 -0.113141
0.9375 -0.114704

2.32812 -0.203178
2.32605 -0.203125

2.3125 -0.202781
2.32601 -0.203125

2.32812 -0.203179
2.34375 -0.20351

2.34375 -0.203513
2.35938 -0.20377

2.35938 -0.203773
2.375 -0.203943

-1.875 0.180749
-1.85938 0.179575

-1.85938 0.179575
-1.84375 0.178386

0.9375 -0.114704
0.953125 -0.11627

0.953125 -0.11627
0.96875 -0.117839

0.96875 -0.11784
0.984375 -0.119411

0.984375 -0.119411
1 -0.120984

2.375 -0.203944
2.39062 -0.204018

2.39062 -0.204019
2.40625 -0.203991

2.40625 -0.203993
2.42188 -0.203856

-1.84375 0.178386
-1.82812 0.177183

-1.82812 0.177183
-1.8125 0.175964

-1.8125 0.175964
-1.79688 0.174728

-1.79688 0.174728
-1.78125 0.173475

2.42188 -0.203858
2.4375 -0.203607

2.4375 -0.203608
2.45312 -0.203236

2.45312 -0.203234
2.45663 -0.203125

2.45654 -0.203125
2.46875 -0.202745

2.46875 -0.202741
2.48438 -0.202157

2.48438 -0.202164
2.5 -0.201474

-1.78125 0.173475
-1.76562 0.172205

-1.75 0.17092
-1.7616 0.171875

-1.76562 0.172202
-1.76166 0.171875

-1.75 0.170917
-1.73438 0.169615

-1.73438 0.169615
-1.71875 0.1683

-1.71875 0.1683
-1.70312 0.166975

-1.70312 0.166974
-1.6875 0.165641

-1.6875 0.16564
-1.67188 0.164299

-1.67188 0.164299
-1.65625 0.162951

-1.65625 0.162951
-1.64062 0.161596

-1.64062 0.161597
-1.625 0.160235

-1.625 0.160235
-1.60938 0.158866

-1.60938 0.158866
-1.59375 0.15749

-1.57812 0.156106
-1.57976 0.15625

2.5 -0.201474
2.51562 -0.200663

-1.57812 0.156105
-1.5625 0.154713

1.04688 -0.125695
1.03992 -0.125

1.04688 -0.125692
1.0625 -0.127247

-1.59375 0.15749
-1.57976 0.15625

1.0625 -0.127247
1.07812 -0.128791

1.07812 -0.128791
1.09375 -0.130323

1.09375 -0.130323
1.10938 -0.131842

1.10938 -0.131843
1.125 -0.133348

1 -0.120985
1.01562 -0.122557

1.01562 -0.122558
1.03125 -0.124128

2.51562 -0.200665
2.53125 -0.199728

1.03125 -0.124125
1.03999 -0.125

-1.5625 0.154712
-1.54688 0.153311

-1.54688 0.153311
-1.53125 0.151903

1.125 -0.133348
1.14062 -0.134839

1.14062 -0.13484
1.15625 -0.136313

2.53125 -0.19973
2.54688 -0.198658

2.54688 -0.19866
2.5625 -0.197446

2.5625 -0.197447
2.57812 -0.196089

2.57812 -0.196091
2.59375 -0.19458

-1.53125 0.151903
-1.51562 0.150489

1.15625 -0.136314
1.17188 -0.137767

2.59375 -0.194578
2.60938 -0.192915

-1.51562 0.150489
-1.5 0.14907

1.17188 -0.137767
1.1875 -0.139199

2.60938 -0.192916
2.625 -0.191101

1.1875 -0.139199
1.20312 -0.140607

1.21875 -0.141992
1.20333 -0.140625

1.20312 -0.140606
1.20334 -0.140625

2.625 -0.191103
2.64062 -0.189131

2.64062 -0.189135
2.65262 -0.1875

2.65241 -0.1875
2.65625 -0.186976

2.65625 -0.187002
2.67188 -0.184713

2.67188 -0.184717
2.6875 -0.182256

1.21875 -0.141991
1.23438 -0.143355

1.23438 -0.143354
1.25 -0.144698

-1.5 0.14907
-1.48438 0.147648

2.6875 -0.182258
2.70312 -0.17961

2.70312 -0.179614
2.71875 -0.176766

-1.48438 0.147648
-1.46875 0.146222

-1.46875 0.146221
-1.45312 0.144793

-1.45312 0.144792
-1.4375 0.143361

2.71875 -0.176771
2.73438 -0.173707

1.25 -0.144697
1.26562 -0.146022

-1.4375 0.143361
-1.42188 0.141928

-1.40625 0.140492
-1.4077 0.140625

-1.42188 0.141928
-1.4077 0.140625

1.26562 -0.146022
1.28125 -0.147329

1.28125 -0.147329
1.29688 -0.148618

1.29688 -0.148618
1.3125 -0.149888

2.73438 -0.173776
2.74341 -0.171875

2.74267 -0.171875
2.75 -0.170333

1.3125 -0.149888
1.32812 -0.15114

1.32812 -0.15114
1.34375 -0.152376

-1.40625 0.140492
-1.39062 0.139052

-1.39062 0.139052
-1.375 0.137606

1.34375 -0.152375
1.35938 -0.153597

-1.375 0.137606
-1.35938 0.136155

-1.35938 0.136155
-1.34375 0.134698

-1.34375 0.134698
-1.32812 0.133234

2.75 -0.170423
2.76562 -0.166912

-1.32812 0.133234
-1.3125 0.131765

1.35938 -0.153596
1.375 -0.154807

2.76562 -0.166918
2.78125 -0.163165

-1.3125 0.131765
-1.29688 0.130291

1.40625 -0.157197
1.39382 -0.15625

2.78125 -0.163171
2.79688 -0.15915

1.375 -0.154806
1.39062 -0.156007

1.39062 -0.156006
1.39383 -0.15625

1.40625 -0.157197
1.42188 -0.158379

1.42188 -0.15838
1.4375 -0.159552

-1.29688 0.130291
-1.28125 0.128811

-1.28125 0.128811
-1.26562 0.127324

-1.26562 0.127324
-1.25 0.125827

2.79688 -0.159228
2.8077 -0.15625

2.80684 -0.15625
2.8125 -0.154692

1.4375 -0.159552
1.45312 -0.160715

1.45312 -0.160715
1.46875 -0.161867

1.46875 -0.161866
1.48438 -0.163007

1.48438 -0.163007
1.5 -0.164138

2.8125 -0.154856
2.82812 -0.150264

2.82812 -0.15027
2.84375 -0.145361

-1.23438 0.124319
-1.24143 0.125

-1.23438 0.124319
-1.21875 0.122796

-1.21875 0.122796
-1.20312 0.12126

2.84375 -0.145391
2.85795 -0.140625

2.85724 -0.140625
2.85938 -0.139907

2.85938 -0.141801
2.86265 -0.140625

2.85938 -0.140003
2.875 -0.134398

-1.20312 0.12126
-1.1875 0.119709

-1.1875 0.119709
-1.17188 0.118145

2.875 -0.134531
2.89062 -0.128531

2.89062 -0.128784
2.89982 -0.125

-1.17188 0.118145
-1.15625 0.116569

-1.15625 0.116568
-1.14062 0.114982

-1.14062 0.114982
-1.125 0.113387

-1.25 0.125828
-1.24143 0.125

2.8985 -0.125
2.90625 -0.121813

2.90625 -0.122121
2.92188 -0.115234

-1.125 0.113387
-1.10938 0.111786

-1.10938 0.111786
-1.09375 0.11018

2.92188 -0.115373
2.93456 -0.109375

2.93336 -0.109375
2.9375 -0.107416

2.9375 -0.109575
2.9379 -0.109375

2.9375 -0.107866
2.95312 -0.0999372

-1.07812 0.108573
-1.08592 0.109375

-1.09375 0.110179
-1.08594 0.109375

-1.07812 0.108571
-1.0625 0.106962

2.95312 -0.0999989
2.96457 -0.09375

2.9643 -0.09375
2.96875 -0.0913199

-1.0625 0.106961
-1.04688 0.105353

-1.04688 0.105353
-1.03125 0.103748

-1.03125 0.103748
-1.01562 0.102148

-1.01562 0.102148
-1 0.100554

2.96875 -0.0914476
2.98438 -0.0822268

2.98438 -0.0831611
2.99246 -0.078125

2.98965 -0.078125
3 -0.0715513

3 -0.0732432
3.01418 -0.0625

3.01173 -0.0625
3.03125 -0.0471288

3.03125 -0.045196
3.04809 -0.03125

3.04936 -0.03125
3.0625 -0.0208265

3.0625 -0.0169219
3.0934 0

3.5 -6.12326e-05
3.49403 0

3.09503 0
3.125 0.016116

3.125 0.0175479
3.25 0.0352305

3.25 0.0131909
3.5 0.00829432

3.5 -0.00226683
4 -0.00784849

3.5 0.000392631
3.53291 0

