-4 -0.00711645
-3.52139 0

-3.63356 0
-3.5 0.00216271

-3.0625 -0.0131978
-3.08553 0

-3 -0.0722229
-3.0117 -0.0625

-3.03125 -0.0420366
-3.04332 -0.03125

-3.0625 -0.0166395
-3.04505 -0.03125

-3.03125 -0.0449334
-3.01079 -0.0625

-3.5 0.0140356
-3.25 0.0202856

-3.25 0.0421782
-3.125 0.0228923

-3.125 0.0216792
-3.08668 0

-2.90625 -0.128485
-2.91336 -0.125

-2.90625 -0.127822
-2.89062 -0.134953

-2.875 -0.142916
-2.88038 -0.140625

-2.89062 -0.134565
-2.87639 -0.140625

-2.96875 -0.0952413
-2.97105 -0.09375

-2.98438 -0.083978
-2.9926 -0.078125

-3 -0.0711627
-2.99045 -0.078125

-2.98438 -0.0830737
-2.96875 -0.0934766

-2.95312 -0.103133
-2.96843 -0.09375

-2.9375 -0.112995
-2.94388 -0.109375

-1 -0.103314
-0.984375 -0.101706

-0.984375 -0.101706
-0.96875 -0.100101

-0.96875 -0.1001
-0.953125 -0.0985003

-0.953125 -0.0985004
-0.9375 -0.0969059

-0.9375 -0.096906
-0.921875 -0.0953166

-0.921875 -0.0953168
-0.906427 -0.09375

-0.906435 -0.09375
-0.90625 -0.0937313

-0.90625 -0.0937599
-0.906152 -0.09375

-0.90625 -0.0937316
-0.890625 -0.0921518

-0.890625 -0.0921517
-0.875 -0.0905779

-0.875 -0.0905775
-0.859375 -0.0890106

-0.859375 -0.0890103
-0.84375 -0.0874514

-0.84375 -0.0874511
-0.828125 -0.0859014

-0.828125 -0.085901
-0.8125 -0.084362

1.5 0.14296
1.51562 0.144345

1.51562 0.144345
1.53125 0.145713

-2.95312 -0.102618
-2.94122 -0.109375

1.53125 0.145712
1.54688 0.147067

1.54688 0.147066
1.5625 0.148411

-2.96875 -0.0934843
-2.9683 -0.09375

1.5625 0.148411
1.57812 0.149751

0 -0.00358451
0.015625 -0.00193013

0.015625 -0.00192973
0.03125 -0.000282627

0.03125 -0.000290009
0.0340158 0

0.0339266 0
0.046875 0.00135769

0.046875 0.00135628
0.0625 0.00298473

0.0625 0.00298471
0.078125 0.00460287

0.078125 0.0046026
0.09375 0.00621103

0.09375 0.00621058
0.109375 0.00781072

0.109375 0.00781014
0.125 0.00940406

0.125 0.00940347
0.140625 0.0109935

0.140625 0.0109929
0.15625 0.0125814

0.15625 0.0125809
0.171875 0.0141698

0.171875 0.0141685
0.186177 0.015625

0.18609 0.015625
0.1875 0.0157685

0.1875 0.0157602
0.203125 0.0173554

0.203125 0.017355
0.21875 0.0189555

0.21875 0.0189553
0.234375 0.0205621

0.234375 0.0205621
0.25 0.0221758

0.25 0.022176
0.265625 0.0237962

0.265625 0.0237965
0.28125 0.0254222

0.28125 0.0254226
0.296875 0.0270523

0.296875 0.0270528
0.3125 0.0286846

0.3125 0.0286852
0.328125 0.030317

0.328125 0.0303152
0.337084 0.03125

0.337036 0.03125
0.34375 0.0319505

0.34375 0.0319479
0.359375 0.0335754

0.359375 0.0335755
0.375 0.0351995

1.57812 0.14975
1.59375 0.151088

1.59375 0.151088
1.60938 0.152425

1.60938 0.152426
1.625 0.153759

1.625 0.15376
1.64062 0.155086

1.64062 0.155087
1.65446 0.15625

1.65452 0.15625
1.65625 0.156395

1.65625 0.156401
1.67188 0.157698

1.67188 0.157699
1.6875 0.158979

-0.8125 -0.0843616
-0.796875 -0.0828351

-2.9375 -0.111963
-2.92188 -0.120192

-2.92188 -0.119756
-2.91117 -0.125

1.6875 0.158979
1.70312 0.160243

-2.875 -0.141584
-2.85938 -0.14779

-2.85938 -0.147777
-2.84375 -0.153567

-0.796875 -0.0828351
-0.78125 -0.0813219

-2.82812 -0.159284
-2.83688 -0.15625

-2.82812 -0.158973
-2.8125 -0.164031

-0.78125 -0.0813219
-0.765625 -0.0798221

1.70312 0.160243
1.71875 0.161491

-0.765625 -0.0798225
-0.75 -0.0783351

1.71875 0.161491
1.73438 0.162726

1.73438 0.162725
1.75 0.163949

-0.75 -0.0783566
-0.747548 -0.078125

-0.747817 -0.078125
-0.734375 -0.0768554

-2.84375 -0.153247
-2.83509 -0.15625

-0.734375 -0.0768598
-0.71875 -0.0753947

1.75 0.163949
1.76562 0.165164

1.76562 0.165164
1.78125 0.166369

1.78125 0.16637
1.79688 0.167564

1.79688 0.167564
1.8125 0.168743

1.8125 0.168744
1.82812 0.169903

1.82812 0.169904
1.84375 0.171041

-2.8125 -0.164026
-2.79688 -0.168741

1.84375 0.171043
1.85543 0.171875

-0.71875 -0.0753949
-0.703125 -0.0739387

-2.78125 -0.173558
-2.78722 -0.171875

-0.703125 -0.0739391
-0.6875 -0.0724907

0.375 0.0351995
0.390625 0.0368196

0.390625 0.0368196
0.40625 0.038436

0.40625 0.0384358
0.421875 0.0400488

0.421875 0.0400487
0.4375 0.0416587

0.4375 0.0416586
0.453125 0.0432662

1.8555 0.171875
1.85938 0.172151

1.85938 0.172154
1.875 0.173243

-0.6875 -0.0724911
-0.671875 -0.0710491

-0.671875 -0.0710493
-0.65625 -0.0696124

-0.65625 -0.0696127
-0.640625 -0.0681796

-0.640625 -0.0681801
-0.625 -0.0667494

1.875 0.173242
1.89062 0.174309

1.89062 0.174309
1.90625 0.175357

-0.625 -0.0667499
-0.609375 -0.0653195

-2.79688 -0.168538
-2.78504 -0.171875

-2.78125 -0.17314
-2.76562 -0.177256

-2.76562 -0.177249
-2.75 -0.181079

0.453125 0.0432662
0.46875 0.0448713

-2.71875 -0.188258
-2.72232 -0.1875

0.46875 0.0448717
0.484375 0.0464735

0.484375 0.0464728
0.48831 0.046875

1.90625 0.175356
1.92188 0.176389

0.488295 0.046875
0.5 0.0480713

1.92188 0.176389
1.9375 0.177409

-0.609375 -0.0653196
-0.59375 -0.0638886

-2.71875 -0.187954
-2.70312 -0.191043

1.9375 0.177409
1.95312 0.178419

1.95312 0.178419
1.96875 0.179416

-2.70312 -0.191039
-2.6875 -0.193896

-2.75 -0.181075
-2.73438 -0.184637

1.96875 0.179417
1.98438 0.1804

-2.73438 -0.184563
-2.72056 -0.1875

-2.6875 -0.193896
-2.67188 -0.19653

-2.67188 -0.196524
-2.65625 -0.198943

-2.65625 -0.198942
-2.64062 -0.201159

1.98438 0.180401
2 0.181365

-2.625 -0.203319
-2.62649 -0.203125

0.5 0.0480716
0.515625 0.0496618

0.515625 0.0496626
0.53125 0.0512429

-2.64062 -0.201144
-2.6254 -0.203125

-0.59375 -0.063889
-0.578601 -0.0625

-0.578615 -0.0625
-0.578125 -0.0624551

-0.578125 -0.0624564
-0.5625 -0.0610213

-0.5625 -0.0610218
-0.546875 -0.0595828

-0.546875 -0.0595833
-0.53125 -0.0581385

-0.53125 -0.058139
-0.515625 -0.0566866

-0.515625 -0.0566869
-0.5 -0.0552254

0.53125 0.051244
0.546875 0.0528109

0.546875 0.052812
0.5625 0.0543613

-2.625 -0.20319
-2.60938 -0.205044

-2.60938 -0.205039
-2.59375 -0.206713

-2.59375 -0.206713
-2.57812 -0.208217

-2.57812 -0.208217
-2.5625 -0.20955

-2.5625 -0.209549
-2.54688 -0.210711

-2.54688 -0.210709
-2.53125 -0.211706

0.5625 0.0543623
0.578125 0.0558895

0.578125 0.0558903
0.59375 0.0573918

0.59375 0.057392
0.609375 0.0588659

0.609375 0.0588655
0.625 0.060312

-2.53125 -0.211705
-2.51562 -0.212543

0.625 0.0603109
0.640625 0.0617329

0.640625 0.061726
0.649246 0.0625

-2.51562 -0.212543
-2.5 -0.213224

0.649117 0.0625
0.65625 0.0631405

0.65625 0.0631324
0.671875 0.064523

0.671875 0.0645208
0.6875 0.065907

-0.5 -0.0552258
-0.484375 -0.0537539

-0.484375 -0.0537542
-0.46875 -0.0522704

0.6875 0.0659048
0.703125 0.0672953

0.703125 0.0672934
0.71875 0.0686964

0.71875 0.0686952
0.734375 0.0701167

0.734375 0.0701164
0.75 0.0715591

-0.46875 -0.0522706
-0.453125 -0.050774

-0.453125 -0.0507738
-0.4375 -0.0492643

-0.4375 -0.0492644
-0.421875 -0.0477419

-0.421875 -0.0477506
-0.412965 -0.046875

-0.413172 -0.046875
-0.40625 -0.0461948

0.75 0.0715598
0.765625 0.0730226

0.765625 0.0730241
0.78125 0.0745026

0.78125 0.0745043
0.796875 0.0759924

-0.40625 -0.0462062
-0.390625 -0.0446583

-0.390625 -0.0446585
-0.375 -0.0430977

0.796875 0.0759937
0.8125 0.0774853

0.8125 0.0774873
0.819183 0.078125

-0.375 -0.0430977
-0.359375 -0.0415239

-0.359375 -0.0415237
-0.34375 -0.0399372

-2.5 -0.213223
-2.48438 -0.21375

-2.48438 -0.213748
-2.46875 -0.214127

0.819209 0.078125
0.828125 0.0789758

0.828125 0.0789771
0.84375 0.080466

-0.34375 -0.0399373
-0.328125 -0.0383383

-0.328125 -0.038338
-0.3125 -0.0367267

-0.3125 -0.0367261
-0.296875 -0.0351044

2 0.181366
2.01562 0.182307

-0.296875 -0.0351039
-0.28125 -0.0334739

-0.28125 -0.0334737
-0.265625 -0.031837

-0.265625 -0.0318587
-0.259835 -0.03125

-0.260163 -0.03125
-0.25 -0.0301817

-2.46875 -0.214125
-2.45312 -0.214362

-2.45312 -0.214361
-2.4375 -0.214463

-2.4375 -0.214461
-2.42188 -0.214435

-0.25 -0.030194
-0.234375 -0.0285467

-2.42188 -0.214433
-2.40625 -0.214287

-2.40625 -0.214284
-2.39062 -0.21403

2.01562 0.182307
2.03125 0.183222

2.03125 0.183223
2.04688 0.18411

-0.234375 -0.0285465
-0.21875 -0.026895

-0.21875 -0.0268949
-0.203125 -0.0252398

0.84375 0.0804656
0.859375 0.0819528

0.859375 0.081952
0.875 0.0834397

-2.39062 -0.214027
-2.375 -0.213675

0.875 0.0834389
0.890625 0.0849304

0.890625 0.0849299
0.90625 0.0864279

0.90625 0.0864278
0.921875 0.0879335

2.04688 0.18411
2.0625 0.184971

2.0625 0.18497
2.07812 0.185805

2.07812 0.185804
2.09375 0.186616

0.921875 0.0879337
0.9375 0.0894469

2.09375 0.186616
2.10938 0.187404

-0.203125 -0.0252398
-0.1875 -0.0235815

0.9375 0.0894472
0.953125 0.090967

-2.375 -0.213673
-2.35938 -0.213233

2.10938 0.187404
2.11133 0.1875

-0.1875 -0.0235815
-0.171875 -0.0219202

2.11134 0.1875
2.125 0.188171

0.953125 0.0909673
0.96875 0.0924923

-2.35938 -0.21323
-2.34375 -0.212713

-0.171875 -0.0219201
-0.15625 -0.0202559

-2.34375 -0.21271
-2.32812 -0.212126

-0.15625 -0.0202557
-0.140625 -0.018589

-2.32812 -0.212122
-2.3125 -0.211485

-0.140625 -0.0185887
-0.125 -0.0169202

0.96875 0.0924923
0.981602 0.09375

2.125 0.18817
2.14062 0.188917

-0.125 -0.0169231
-0.11285 -0.015625

0.981591 0.09375
0.984375 0.0940225

-0.112977 -0.015625
-0.109375 -0.0152401

2.14062 0.188917
2.15625 0.189644

-0.109375 -0.0152505
-0.09375 -0.0135811

2.15625 0.189644
2.17188 0.19035

-0.09375 -0.0135811
-0.078125 -0.011912

0.984375 0.0940216
1 0.0955544

-0.078125 -0.0119119
-0.0625 -0.0102434

-2.3125 -0.211482
-2.29688 -0.210806

-0.0625 -0.0102433
-0.046875 -0.00857567

-0.046875 -0.00857548
-0.03125 -0.00690929

-0.03125 -0.00690898
-0.015625 -0.00524526

-0.015625 -0.00524489
0 -0.00358499

2.17188 0.19035
2.1875 0.191033

2.1875 0.191033
2.20312 0.191691

2.20312 0.191691
2.21875 0.192323

2.21875 0.192323
2.23438 0.192927

2.23438 0.192927
2.25 0.193503

-2.29688 -0.210803
-2.28125 -0.210097

-2.28125 -0.210094
-2.26562 -0.209372

-2.26562 -0.209369
-2.25 -0.20864

2.25 0.193504
2.26562 0.19405

2.26562 0.194051
2.28125 0.194566

2.28125 0.194566
2.29688 0.195047

2.29688 0.195047
2.3125 0.195494

2.3125 0.195494
2.32812 0.195907

2.32812 0.195908
2.34375 0.196286

2.34375 0.196287
2.35938 0.196625

2.35938 0.196626
2.375 0.196919

-2.25 -0.208639
-2.23438 -0.207911

-2.23438 -0.20791
-2.21875 -0.207186

-2.21875 -0.207185
-2.20312 -0.206466

2.375 0.19692
2.39062 0.197167

2.39062 0.197167
2.40625 0.197367

2.40625 0.197368
2.42188 0.197518

2.42188 0.197518
2.4375 0.197616

2.4375 0.197616
2.45312 0.197659

2.45312 0.19766
2.46875 0.197647

-2.20312 -0.206465
-2.1875 -0.205752

-2.1875 -0.205752
-2.17188 -0.205044

-2.17188 -0.205045
-2.15625 -0.204338

2.46875 0.197648
2.48438 0.197577

2.48438 0.197578
2.5 0.197447

-2.15625 -0.204341
-2.14062 -0.203627

-2.14062 -0.203631
-2.12988 -0.203125

1 0.0955546
1.01562 0.0970903

1.01562 0.0970906
1.03125 0.0986285

1.03125 0.0986289
1.04688 0.100168

1.04688 0.100168
1.0625 0.101705

1.0625 0.101706
1.07812 0.103239

1.07812 0.10324
1.09375 0.104767

-2.12987 -0.203125
-2.125 -0.202896

1.09375 0.104768
1.10938 0.106288

-2.125 -0.202899
-2.10938 -0.202127

1.10938 0.106288
1.125 0.1078

2.5 0.197448
2.51562 0.197254

2.51562 0.197256
2.53125 0.196994

2.53125 0.196996
2.54688 0.196661

-2.10938 -0.202128
-2.09375 -0.201311

2.54688 0.196662
2.5625 0.196249

1.125 0.1078
1.14062 0.109306

2.5625 0.19625
2.57812 0.195754

-2.09375 -0.201314
-2.07812 -0.200444

1.14062 0.109305
1.14135 0.109375

1.14135 0.109375
1.15625 0.110805

2.57812 0.195755
2.59375 0.195173

1.15625 0.110805
1.17188 0.112299

1.17188 0.112299
1.1875 0.113788

2.59375 0.195174
2.60938 0.194504

1.1875 0.113789
1.20312 0.115272

-2.07812 -0.200446
-2.0625 -0.199513

1.20312 0.115272
1.21875 0.116748

2.60938 0.194505
2.625 0.193741

-2.0625 -0.199514
-2.04688 -0.198511

-2.04688 -0.198509
-2.03125 -0.197441

1.21875 0.116748
1.23438 0.118216

1.23438 0.118215
1.25 0.119674

2.625 0.193743
2.64062 0.19288

2.64062 0.192881
2.65625 0.191912

2.65625 0.191915
2.67188 0.190831

2.67188 0.190834
2.6875 0.189626

2.71875 0.186791
2.71123 0.1875

2.71875 0.186817
2.73438 0.1852

2.73438 0.1852
2.75 0.183427

-2.03125 -0.197434
-2.01562 -0.196318

1.25 0.119673
1.26562 0.121125

-2.01562 -0.196309
-2 -0.195178

2.6875 0.189628
2.70312 0.188286

2.70312 0.188302
2.71162 0.1875

1.26562 0.121124
1.28125 0.122572

1.28125 0.122571
1.29688 0.12402

1.29688 0.124018
1.30744 0.125

1.3074 0.125
1.3125 0.125473

2.75 0.183429
2.76562 0.181495

1.3125 0.12547
1.32812 0.126928

1.32812 0.126927
1.34375 0.128392

1.34375 0.128392
1.35938 0.129863

1.35938 0.129863
1.375 0.13134

2.76562 0.181498
2.78125 0.179397

2.78125 0.179399
2.79688 0.177122

2.79688 0.177124
2.8125 0.17466

2.8125 0.174663
2.82812 0.172005

1.375 0.13134
1.39062 0.132819

1.39062 0.13282
1.40625 0.134298

2.84375 0.169115
2.82866 0.171875

2.82812 0.172301
2.83045 0.171875

1.40625 0.134298
1.42188 0.135772

1.42188 0.135773
1.4375 0.137238

2.84375 0.16915
2.85938 0.166083

2.85938 0.166085
2.875 0.162794

1.4375 0.137239
1.45312 0.138693

1.45312 0.138694
1.46875 0.140133

2.90625 0.155391
2.9027 0.15625

2.875 0.1628
2.89062 0.159273

2.89062 0.159303
2.90325 0.15625

2.90625 0.155504
2.92188 0.151462

2.92188 0.151464
2.9375 0.147142

2.9375 0.14715
2.95312 0.142529

1.46875 0.140136
1.47413 0.140625

1.47417 0.140625
1.48438 0.141554

1.48438 0.141556
1.5 0.14296

2.96875 0.13718
2.95774 0.140625

2.95312 0.143146
2.96118 0.140625

2.96875 0.138076
3 0.126022

3.03125 0.109828
3.00264 0.125

3.0625 0.0881223
3.05344 0.09375

3.03125 0.109037
3.05567 0.09375

3.125 0.0501119
3.1024 0.0625

3.0625 0.0878008
3.10856 0.0625

3 0.128065
3.00586 0.125

3.125 0.0484437
3.25 0.0145338

3.25 0.0287199
3.49141 0

4 -0.0119008
3.70336 0

3.5 0.00444772
3.61086 0

-2 -0.195171
-1.98438 -0.194054

-1.98438 -0.194053
-1.96875 -0.192965

-1.96875 -0.192969
-1.95312 -0.191904

-1.95312 -0.191911
-1.9375 -0.190847

-1.9375 -0.190853
-1.92188 -0.189765

-1.92188 -0.189768
-1.90625 -0.188639

-1.90625 -0.188639
-1.89114 -0.1875

-1.89116 -0.1875
-1.89062 -0.187459

-1.89062 -0.18746
-1.875 -0.186235

-1.875 -0.186232
-1.85938 -0.184966

-1.85938 -0.184964
-1.84375 -0.183666

-1.84375 -0.183664
-1.82812 -0.18234

-1.82812 -0.182339
-1.8125 -0.180992

-1.8125 -0.180992
-1.79688 -0.179624

-1.79688 -0.179624
-1.78125 -0.178236

-1.78125 -0.178235
-1.76562 -0.176828

-1.76562 -0.176827
-1.75 -0.175403

-1.75 -0.175402
-1.73438 -0.173963

-1.73438 -0.173962
-1.71875 -0.172511

-1.71875 -0.172511
-1.71196 -0.171875

-1.71197 -0.171875
-1.70312 -0.171048

-1.70312 -0.171047
-1.6875 -0.169576

-1.6875 -0.169575
-1.67188 -0.168097

-1.67188 -0.168096
-1.65625 -0.166613

-1.65625 -0.166612
-1.64062 -0.165128

-1.64062 -0.165127
-1.625 -0.163646

-1.625 -0.163645
-1.60938 -0.16217

-1.60938 -0.16217
-1.59375 -0.160704

-1.59375 -0.160704
-1.57812 -0.159248

-1.57812 -0.159248
-1.5625 -0.157802

-1.5625 -0.157802
-1.54688 -0.156365

-1.54688 -0.156371
-1.54555 -0.15625

-1.54562 -0.15625
-1.53125 -0.154934

-1.53125 -0.154936
-1.51562 -0.153511

-1.51562 -0.153511
-1.5 -0.152089

-1.5 -0.152089
-1.48438 -0.150668

-1.48438 -0.150669
-1.46875 -0.149246

-1.46875 -0.149247
-1.45312 -0.147822

-1.45312 -0.147822
-1.4375 -0.146395

-1.4375 -0.146395
-1.42188 -0.144964

-1.42188 -0.144964
-1.40625 -0.143527

-1.40625 -0.143527
-1.39062 -0.142083

-1.39062 -0.142083
-1.375 -0.140629

-1.375 -0.140643
-1.37481 -0.140625

-1.37496 -0.140625
-1.35938 -0.139164

-1.35938 -0.139164
-1.34375 -0.137688

-1.34375 -0.137688
-1.32812 -0.136199

-1.32812 -0.136199
-1.3125 -0.134697

-1.3125 -0.134697
-1.29688 -0.133182

-1.29688 -0.133182
-1.28125 -0.131655

-1.28125 -0.131655
-1.26562 -0.130118

-1.26562 -0.130118
-1.25 -0.128572

-1.25 -0.128572
-1.23438 -0.127017

-1.23438 -0.127016
-1.21875 -0.125455

-1.21875 -0.125462
-1.21415 -0.125

-1.21425 -0.125
-1.20312 -0.123884

-1.20312 -0.123887
-1.1875 -0.122316

-1.1875 -0.122316
-1.17188 -0.120743

-1.17188 -0.120743
-1.15625 -0.119169

-1.15625 -0.119169
-1.14062 -0.117594

-1.14062 -0.117593
-1.125 -0.116017

-1.125 -0.116017
-1.10938 -0.114441

-1.10938 -0.114441
-1.09375 -0.112865

-1.09375 -0.112866
-1.07812 -0.111288

-1.07812 -0.111289
-1.0625 -0.109707

-1.0625 -0.109724
-1.05907 -0.109375

-1.05927 -0.109375
-1.04688 -0.108115

-1.04688 -0.10812
-1.03125 -0.106525

-1.03125 -0.106525
-1.01562 -0.104923

-1.01562 -0.104922
-1 -0.103315

