-4 -0.0026989
-3.64575 0

-3.76278 0
-3.5 0.00227507

-3.5 -0.000565168
-3.46707 0

-3.0625 -0.00123322
-3.06572 0

-3.0625 -0.0036174
-3.03125 -0.0229889

-3 -0.0470562
-3.0247 -0.03125

-3.03125 -0.0195422
-3.01297 -0.03125

-3.5 0.00206717
-3.25 0.00783391

-3.25 0.0289652
-3.125 0.0225082

-3.125 0.022592
-3.06593 0

-2.96875 -0.0631413
-2.96991 -0.0625

-2.95312 -0.0704513
-2.96812 -0.0625

-2.9375 -0.0802505
-2.94172 -0.078125

-2.95312 -0.0701495
-2.9375 -0.0780167

-2.98438 -0.0527161
-2.99597 -0.046875

-3 -0.0449404
-2.99619 -0.046875

-2.98438 -0.0534001
-2.96875 -0.0621494

-2.96875 -0.062096
-2.96797 -0.0625

-2.90625 -0.0944734
-2.90783 -0.09375

-2.9375 -0.0783004
-2.92188 -0.0857822

-2.9375 -0.0779555
-2.93715 -0.078125

-2.92188 -0.0857284
-2.90625 -0.0928664

-2.89062 -0.0997795
-2.9044 -0.09375

-2.89062 -0.0997269
-2.875 -0.106303

-2.90625 -0.0926284
-2.90369 -0.09375

-2.8125 -0.130364
-2.82714 -0.125

-2.8125 -0.13035
-2.79688 -0.135919

-2.78125 -0.141547
-2.7839 -0.140625

-2.79688 -0.13588
-2.78326 -0.140625

-2.78125 -0.141361
-2.76562 -0.146685

-2.76562 -0.146681
-2.75 -0.151887

-1 -0.162747
-0.984375 -0.159284

-0.984375 -0.159284
-0.970313 -0.15625

-2.85938 -0.112885
-2.86803 -0.109375

-2.875 -0.106036
-2.86677 -0.109375

-2.85938 -0.112634
-2.84375 -0.118742

-2.84375 -0.118732
-2.82812 -0.124637

-2.82812 -0.124593
-2.82701 -0.125

-0.970267 -0.15625
-0.96875 -0.155923

-0.96875 -0.155915
-0.953125 -0.152631

-0.953125 -0.152636
-0.9375 -0.149428

0 -0.00628081
0.015625 -0.00439584

0.015625 -0.00440012
0.03125 -0.00255392

0.03125 -0.00255886
0.046875 -0.000733006

-0.9375 -0.149433
-0.921875 -0.146281

-2.73438 -0.157085
-2.73693 -0.15625

0.046875 -0.000846974
0.0541418 0

-0.921875 -0.146283
-0.90625 -0.143172

-0.90625 -0.143182
-0.893261 -0.140625

-2.73438 -0.156981
-2.71875 -0.161978

-2.75 -0.151867
-2.73657 -0.15625

-2.71875 -0.161968
-2.70312 -0.166888

-2.70312 -0.166893
-2.6875 -0.171749

-0.893518 -0.140625
-0.890625 -0.140055

-0.890625 -0.140095
-0.875 -0.137057

-2.625 -0.190326
-2.63477 -0.1875

-2.67188 -0.176529
-2.6871 -0.171875

-2.6875 -0.171749
-2.68709 -0.171875

-2.67188 -0.176529
-2.65625 -0.181214

-2.65625 -0.181212
-2.64062 -0.185808

-2.64062 -0.185799
-2.63474 -0.1875

-2.625 -0.190322
-2.60938 -0.194769

-0.875 -0.137054
-0.859375 -0.134063

-2.60938 -0.194776
-2.59375 -0.199141

0.0525179 0
0.0625 0.00116346

-2.57812 -0.203514
-2.57955 -0.203125

-2.59375 -0.199137
-2.57911 -0.203125

-2.57812 -0.203405
-2.5625 -0.207541

-2.5625 -0.207521
-2.54688 -0.211571

-2.54688 -0.211576
-2.53125 -0.21557

-2.51562 -0.219824
-2.51988 -0.21875

0.0625 0.00108238
0.078125 0.0029104

0.078125 0.00290893
0.09375 0.00475252

0.09375 0.00475161
0.109375 0.00661552

0.109375 0.00661451
0.125 0.00850259

0.125 0.0085007
0.140625 0.0104188

0.140625 0.0104164
0.15625 0.0123731

0.15625 0.0123709
0.171875 0.0143753

0.171875 0.0143524
0.181535 0.015625

-0.859375 -0.134062
-0.84375 -0.131126

-2.51562 -0.219527
-2.5 -0.223392

-0.84375 -0.131125
-0.828125 -0.128249

0.181115 0.015625
0.1875 0.0164662

-2.53125 -0.215472
-2.51826 -0.21875

0.1875 0.0164327
0.203125 0.0185471

-0.828125 -0.128251
-0.8125 -0.125431

-0.8125 -0.125482
-0.80978 -0.125

0.203125 0.0185481
0.21875 0.0207164

0.21875 0.0207181
0.234375 0.022935

-0.810113 -0.125
-0.796875 -0.122654

-0.796875 -0.122666
-0.78125 -0.119939

-0.78125 -0.11994
-0.765625 -0.117245

0.234375 0.0229368
0.25 0.0251951

-0.765625 -0.117245
-0.75 -0.114582

-2.375 -0.252611
-2.3869 -0.25

0.25 0.0251967
0.265625 0.0274895

0.265625 0.0274912
0.28125 0.0298117

0.28125 0.0298024
0.290908 0.03125

-2.375 -0.25261
-2.35938 -0.255921

-2.35938 -0.25593
-2.34375 -0.2591

0.290721 0.03125
0.296875 0.0321724

-0.75 -0.114579
-0.734375 -0.111955

-2.34375 -0.259107
-2.32812 -0.262108

-2.32812 -0.262107
-2.3125 -0.264925

0.296875 0.0321569
0.3125 0.0345138

0.3125 0.0345151
0.328125 0.0368808

0.328125 0.0368813
0.34375 0.0392522

1.5 0.199776
1.51562 0.201864

1.51562 0.20185
1.52523 0.203125

1.52499 0.203125
1.53125 0.203955

1.53125 0.203935
1.54688 0.205999

1.54688 0.205997
1.5625 0.208057

1.5625 0.208055
1.57812 0.210116

1.57812 0.210116
1.59375 0.212182

1.59375 0.212182
1.60938 0.214254

1.60938 0.214255
1.625 0.216331

0.34375 0.0392516
0.359375 0.0416281

1.625 0.216332
1.64062 0.218407

0.359375 0.041627
0.375 0.0440124

-0.734375 -0.111952
-0.71875 -0.109381

1.64062 0.218406
1.64322 0.21875

-2.29688 -0.267561
-2.30837 -0.265625

1.64321 0.21875
1.65625 0.220476

0.375 0.0440113
0.390625 0.0464101

-0.718734 -0.109375
-0.703125 -0.106873

0.390625 0.0463996
0.393701 0.046875

0.39362 0.046875
0.40625 0.0488272

-2.3125 -0.264921
-2.30832 -0.265625

0.40625 0.0488247
0.421875 0.051257

-2.29688 -0.267564
-2.28125 -0.269995

-2.28125 -0.269996
-2.26562 -0.272211

1.65625 0.220477
1.67188 0.222532

-2.26562 -0.272209
-2.25 -0.274208

1.67188 0.222533
1.6875 0.224572

-0.703125 -0.106869
-0.6875 -0.104443

1.6875 0.224573
1.70312 0.226591

-2.5 -0.223371
-2.48438 -0.227157

-0.6875 -0.104441
-0.671875 -0.102104

-2.48438 -0.227156
-2.46875 -0.230909

-0.671875 -0.102103
-0.65625 -0.0998636

0.421875 0.0512577
0.4375 0.0537059

-0.65625 -0.0998624
-0.640625 -0.0977258

0.4375 0.0537074
0.453125 0.0561671

-2.45312 -0.235236
-2.45671 -0.234375

-2.46875 -0.230799
-2.45386 -0.234375

0.453125 0.0561691
0.46875 0.0586335

-0.640625 -0.0977255
-0.625 -0.0956946

0.46875 0.0586357
0.484375 0.0610967

0.484375 0.0610975
0.493321 0.0625

0.493309 0.0625
0.5 0.063549

1.70312 0.226592
1.71875 0.228585

-0.625 -0.0956965
-0.609375 -0.0937684

-2.45312 -0.234676
-2.4375 -0.238397

1.71875 0.228586
1.73438 0.230551

-2.4375 -0.238385
-2.42188 -0.242039

-0.609375 -0.0937966
-0.608976 -0.09375

1.73438 0.230552
1.75 0.232487

-2.42188 -0.242044
-2.40625 -0.245644

-2.40625 -0.245651
-2.39062 -0.249175

-0.609226 -0.09375
-0.59375 -0.0919392

-0.59375 -0.0919446
-0.578125 -0.0902073

-0.578125 -0.0902119
-0.5625 -0.0885466

-0.5625 -0.0885542
-0.546875 -0.0869364

-0.546875 -0.0869449
-0.53125 -0.0853425

-0.53125 -0.0853512
-0.515625 -0.0837301

-0.515625 -0.0837382
-0.5 -0.0820648

1.75 0.232487
1.76552 0.234375

1.76553 0.234375
1.76562 0.234386

-2.39062 -0.249164
-2.38681 -0.25

1.76562 0.234389
1.78125 0.236255

1.78125 0.236255
1.79688 0.238084

1.79688 0.238085
1.8125 0.239877

0.5 0.0635496
0.515625 0.0659816

0.515625 0.0659826
0.53125 0.0683915

1.8125 0.239877
1.82812 0.241631

1.82812 0.241631
1.84375 0.243348

1.84375 0.243348
1.85938 0.245028

-2.25 -0.274208
-2.23438 -0.275994

0.53125 0.068392
0.546875 0.0707748

0.546875 0.0707745
0.5625 0.0731308

0.5625 0.0731303
0.578125 0.0754614

0.578125 0.0754606
0.59375 0.077769

-0.5 -0.082071
-0.484375 -0.080317

1.85938 0.245028
1.875 0.24667

-0.484375 -0.0803209
-0.46875 -0.0784663

-0.46875 -0.0785531
-0.465341 -0.078125

-0.4662 -0.078125
-0.453125 -0.0764834

0.59375 0.0777639
0.596215 0.078125

-0.453125 -0.0765025
-0.4375 -0.0744375

-2.23438 -0.275994
-2.21875 -0.277571

1.875 0.24667
1.89062 0.248277

0.59618 0.078125
0.609375 0.0800578

-0.4375 -0.0744346
-0.421875 -0.0722754

-2.21875 -0.277568
-2.20312 -0.278944

-0.421875 -0.0722721
-0.40625 -0.070031

-0.40625 -0.0700279
-0.390625 -0.0677177

-2.20312 -0.278939
-2.1875 -0.280131

-0.390625 -0.0677157
-0.375 -0.0653469

-2.15625 -0.282034
-2.17014 -0.28125

-0.375 -0.0653459
-0.359375 -0.0629246

1.89062 0.248276
1.90625 0.249847

-0.359375 -0.0629299
-0.356657 -0.0625

1.90625 0.249847
1.9078 0.25

-2.1875 -0.280125
-2.17188 -0.281154

0.609375 0.0800565
0.625 0.0823282

-0.356698 -0.0625
-0.34375 -0.0604519

0.625 0.0823275
0.640625 0.0845846

0.640625 0.0845838
0.65625 0.0868295

-2.17188 -0.281152
-2.17014 -0.28125

0.65625 0.0868286
0.671875 0.0890663

1.90781 0.25
1.92188 0.251383

-0.34375 -0.0604534
-0.328125 -0.057931

0.671875 0.0890655
0.6875 0.0912986

-0.328125 -0.0579311
-0.3125 -0.0553569

-2.15625 -0.282031
-2.14062 -0.282775

-0.3125 -0.0553558
-0.296875 -0.0527318

-2.14062 -0.282772
-2.125 -0.283393

-0.296875 -0.0527296
-0.28125 -0.0500626

0.6875 0.0912978
0.703125 0.0935296

1.92188 0.251383
1.9375 0.252886

1.9375 0.252886
1.95312 0.254357

1.95312 0.254357
1.96875 0.255798

1.96875 0.255798
1.98438 0.25721

1.98438 0.25721
2 0.258591

-2.125 -0.283391
-2.10938 -0.2839

-2.10938 -0.283899
-2.09375 -0.284301

-2.09375 -0.284302
-2.07812 -0.284595

-2.07812 -0.284597
-2.0625 -0.284776

-0.28125 -0.0500591
-0.265625 -0.0473605

0.703125 0.0935243
0.704704 0.09375

0.704667 0.09375
0.71875 0.0957625

0.71875 0.095762
0.734375 0.0979968

-0.265625 -0.0473541
-0.26287 -0.046875

-0.262846 -0.046875
-0.25 -0.0446408

-2.0625 -0.284778
-2.04688 -0.284835

-2.04688 -0.284837
-2.03125 -0.284766

-2.03125 -0.284766
-2.01562 -0.284563

-0.25 -0.0446372
-0.234375 -0.0419127

-0.234375 -0.0419098
-0.21875 -0.0391895

-0.21875 -0.0391864
-0.203125 -0.0364825

-0.203125 -0.0364791
-0.1875 -0.0338047

-0.1875 -0.0338026
-0.17235 -0.03125

-0.172427 -0.03125
-0.171875 -0.0311571

-0.171875 -0.031167
-0.15625 -0.0285861

-0.15625 -0.0285843
-0.140625 -0.0260636

-0.140625 -0.0260629
-0.125 -0.0236074

-2.01562 -0.284561
-2 -0.284227

0.734375 0.0979972
0.75 0.100233

-0.125 -0.0236078
-0.109375 -0.0212184

-0.109375 -0.021219
-0.09375 -0.0188938

-0.09375 -0.0188942
-0.078125 -0.0166313

-0.078125 -0.0166983
-0.0705077 -0.015625

-0.0713863 -0.015625
-0.0625 -0.0143729

0.75 0.100234
0.765625 0.102468

0.765625 0.10247
0.78125 0.104697

0.78125 0.104699
0.796875 0.106913

0.796875 0.106915
0.8125 0.109107

-0.0625 -0.0144288
-0.046875 -0.0122905

2 0.258591
2.01562 0.259941

-0.046875 -0.0122898
-0.03125 -0.0102183

-0.03125 -0.0102185
-0.015625 -0.00821491

-0.015625 -0.00821654
0 -0.00627736

2.01562 0.259941
2.03125 0.261258

2.03125 0.261258
2.04688 0.262541

2.04688 0.262541
2.0625 0.263787

2.0625 0.263788
2.07812 0.264997

2.07812 0.265003
2.08641 0.265625

2.08658 0.265625
2.09375 0.266163

2.09375 0.26617
2.10938 0.267306

2.10938 0.267306
2.125 0.268406

0.8125 0.109105
0.814448 0.109375

0.81442 0.109375
0.828125 0.111275

2.125 0.268405
2.14062 0.269469

2.14062 0.269469
2.15625 0.270497

0.828125 0.111276
0.84375 0.113412

0.84375 0.113412
0.859375 0.115518

0.859375 0.115517
0.875 0.117595

2.15625 0.270497
2.17188 0.27149

2.17188 0.27149
2.1875 0.272446

0.875 0.117593
0.890625 0.119652

0.890625 0.11965
0.90625 0.121696

0.90625 0.121694
0.921875 0.123735

0.921875 0.123708
0.93178 0.125

0.931238 0.125
0.9375 0.125817

0.9375 0.125774
0.953125 0.12781

0.953125 0.127812
0.96875 0.129842

2.1875 0.272446
2.20312 0.273365

2.20312 0.273365
2.21875 0.274243

2.21875 0.274244
2.23438 0.27508

2.23438 0.275081
2.25 0.27587

0.96875 0.129843
0.984375 0.131861

0.984375 0.131863
1 0.133862

2.25 0.275871
2.26562 0.276609

-2 -0.284224
-1.98438 -0.283769

-1.98438 -0.283766
-1.96875 -0.283201

2.26562 0.27661
2.28125 0.277294

2.28125 0.277295
2.29688 0.27792

2.29688 0.277921
2.3125 0.278482

-1.96875 -0.283199
-1.95312 -0.282535

-1.95312 -0.282536
-1.9375 -0.281774

2.3125 0.278483
2.32812 0.278973

2.32812 0.278975
2.34375 0.27939

2.34375 0.279391
2.35938 0.279725

2.35938 0.279726
2.375 0.279972

-1.9375 -0.281778
-1.92797 -0.28125

-1.92803 -0.28125
-1.92188 -0.280908

-1.92188 -0.280913
-1.90625 -0.279931

-1.90625 -0.279933
-1.89062 -0.278828

-1.89062 -0.278832
-1.875 -0.277593

2.375 0.279974
2.39062 0.280126

2.39062 0.280127
2.40625 0.28018

2.40625 0.280181
2.42188 0.280129

2.42188 0.280131
2.4375 0.279969

-1.875 -0.277599
-1.85938 -0.276207

-1.85938 -0.276215
-1.84375 -0.274639

2.4375 0.279971
2.45312 0.279695

2.45312 0.279696
2.46875 0.279301

2.46875 0.279302
2.48438 0.278782

-1.84375 -0.274645
-1.82812 -0.272855

-1.82812 -0.272852
-1.8125 -0.270844

2.48438 0.278783
2.5 0.278132

-1.8125 -0.270832
-1.79688 -0.268634

-1.79688 -0.268615
-1.78125 -0.266289

-1.78125 -0.266257
-1.7771 -0.265625

-1.77698 -0.265625
-1.76562 -0.263896

-1.76562 -0.263871
-1.75 -0.261511

-1.75 -0.26149
-1.73438 -0.259232

-1.73438 -0.259214
-1.71875 -0.257139

-1.71875 -0.257127
-1.70312 -0.255297

-1.70312 -0.25529
-1.6875 -0.253745

-1.6875 -0.253744
-1.67188 -0.252499

2.73438 0.247976
2.72531 0.25

2.73438 0.248251
2.75 0.244482

1 0.133862
1.01562 0.135839

-1.67188 -0.252505
-1.65625 -0.25155

2.5 0.278133
2.51562 0.277346

1.01562 0.135839
1.03125 0.137794

-1.65625 -0.251562
-1.64062 -0.250859

-1.64062 -0.250875
-1.625 -0.250366

1.03125 0.137792
1.04688 0.139728

1.04688 0.139693
1.05445 0.140625

1.05394 0.140625
1.0625 0.141678

1.0625 0.141647
1.07812 0.143564

-1.625 -0.250383
-1.6094 -0.25

-1.60938 -0.250014
-1.60868 -0.25

1.07812 0.143562
1.09375 0.14548

1.09375 0.145478
1.10938 0.147406

2.51562 0.277347
2.53125 0.276418

2.53125 0.276419
2.54688 0.275342

2.54688 0.275343
2.5625 0.274115

-1.60876 -0.25
-1.59375 -0.249695

1.10938 0.147405
1.125 0.149347

-1.59375 -0.249704
-1.57812 -0.249407

2.5625 0.274117
2.57812 0.272731

2.57812 0.272732
2.59375 0.271182

-1.57812 -0.249416
-1.5625 -0.249102

-1.5625 -0.24911
-1.54688 -0.248748

-1.54688 -0.248755
-1.53125 -0.248314

2.59375 0.271185
2.60938 0.269463

-1.53125 -0.248322
-1.51562 -0.24777

-1.51562 -0.247778
-1.5 -0.247082

2.60938 0.269465
2.625 0.267564

1.125 0.149347
1.14062 0.151307

1.14062 0.151307
1.15625 0.153288

1.15625 0.153288
1.17188 0.155287

2.64062 0.265443
2.63926 0.265625

2.625 0.267569
2.63955 0.265625

2.64062 0.265452
2.65625 0.263166

1.17188 0.155277
1.17941 0.15625

1.17927 0.15625
1.1875 0.157312

2.64062 0.26599
2.64312 0.265625

2.65625 0.263198
2.67188 0.260702

1.1875 0.157304
1.20312 0.159337

1.20312 0.159337
1.21875 0.161386

2.67188 0.260706
2.6875 0.257985

2.6875 0.257989
2.70312 0.255029

1.21875 0.161386
1.23438 0.163451

1.23438 0.163451
1.25 0.165533

2.70312 0.255034
2.71875 0.251817

2.71875 0.25215
2.72839 0.25

2.73438 0.250807
2.73772 0.25

-1.5 -0.24709
-1.48438 -0.246218

-1.48438 -0.246222
-1.46875 -0.245153

-1.46875 -0.245152
-1.45312 -0.243882

-1.45312 -0.243878
-1.4375 -0.242415

1.25 0.165533
1.26562 0.167632

1.26562 0.167632
1.28125 0.169747

1.28125 0.169747
1.29688 0.171875

-1.4375 -0.242409
-1.42188 -0.240772

-1.42188 -0.240765
-1.40625 -0.23898

2.75 0.244571
2.76562 0.240503

2.76562 0.240509
2.78125 0.236122

1.29688 0.171875
1.3125 0.174013

-1.40625 -0.238974
-1.39062 -0.237069

-1.39062 -0.237063
-1.375 -0.235064

2.79688 0.230611
2.78442 0.234375

-1.375 -0.235053
-1.36989 -0.234375

1.3125 0.174013
1.32812 0.176157

1.32812 0.176158
1.34375 0.178306

1.34375 0.178306
1.35938 0.180458

2.78125 0.237272
2.79084 0.234375

2.79688 0.231296
2.8125 0.226224

-1.36982 -0.234375
-1.35938 -0.23299

-1.35938 -0.232984
-1.34375 -0.230854

-1.34375 -0.230852
-1.32812 -0.228673

-1.32812 -0.228674
-1.3125 -0.226449

-1.3125 -0.226453
-1.29688 -0.224171

-1.29688 -0.224178
-1.28125 -0.221818

2.79688 0.235444
2.80017 0.234375

-1.28125 -0.221824
-1.26562 -0.219359

2.84375 0.213927
2.83088 0.21875

2.8125 0.226344
2.82812 0.220893

2.82812 0.222509
2.83815 0.21875

-1.26562 -0.219373
-1.26187 -0.21875

-1.26195 -0.21875
-1.25 -0.216769

2.84375 0.214964
2.85938 0.208673

2.875 0.200989
2.87003 0.203125

2.85938 0.209062
2.87309 0.203125

2.84375 0.219804
2.84639 0.21875

1.35938 0.180458
1.375 0.182613

3 0.123572
2.99841 0.125

2.90625 0.186717
2.90463 0.1875

1.375 0.182614
1.39062 0.184772

1.39062 0.184772
1.40625 0.186932

2.90625 0.186829
2.92188 0.178345

1.40625 0.186929
1.41038 0.1875

1.41034 0.1875
1.42188 0.189095

-1.25 -0.216777
-1.23438 -0.214042

1.42188 0.189095
1.4375 0.191253

2.9375 0.168897
2.93241 0.171875

2.92188 0.178609
2.93333 0.171875

2.875 0.201367
2.89062 0.194085

2.875 0.206197
2.88161 0.203125

-1.23438 -0.214046
-1.21875 -0.211147

2.89062 0.194771
2.90509 0.1875

1.4375 0.191254
1.45312 0.193405

-1.21875 -0.211148
-1.20312 -0.208079

1.45312 0.193406
1.46875 0.195546

2.90625 0.188671
2.90847 0.1875

2.96875 0.148639
2.95791 0.15625

-1.20312 -0.208071
-1.1875 -0.204848

1.46875 0.195547
1.48438 0.19767

1.48438 0.19767
1.5 0.199776

2.9375 0.169292
2.95312 0.159305

2.95312 0.158658
2.9567 0.15625

2.96875 0.148844
2.99748 0.125

-1.1875 -0.204819
-1.17958 -0.203125

-1.17941 -0.203125
-1.17188 -0.201514

-1.17188 -0.201486
-1.15625 -0.198065

-1.15625 -0.198055
-1.14062 -0.194592

-1.14062 -0.194586
-1.125 -0.191112

3.25 -0.00934683
3.21302 0

-1.125 -0.191112
-1.10938 -0.18764

-1.10938 -0.187642
-1.10874 -0.1875

-1.10873 -0.1875
-1.09375 -0.184164

3.5 -0.00365987
3.44648 0

3.0625 0.0586085
3.05813 0.0625

3.03125 0.092159
3.02961 0.09375

3 0.121863
3.02993 0.09375

3.03125 0.09166
3.0625 0.0627935

3.0625 0.0597451
3.125 0.0185227

-1.09375 -0.184171
-1.07812 -0.180667

-1.07812 -0.18067
-1.0625 -0.177122

3.0625 0.0626516
3.0627 0.0625

3.125 0.0175624
3.19409 0

-1.0625 -0.177118
-1.04688 -0.173527

-1.04688 -0.173503
-1.03983 -0.171875

-1.0397 -0.171875
-1.03125 -0.169924

-1.03125 -0.169901
-1.01562 -0.166307

-1.01562 -0.166298
-1 -0.162753

3.25 0.00644354
3.34324 0

4 -0.00560137
3.70683 0

3.5 0.0019972
3.60453 0

