-4 -0.00224098
-3.5 -0.000272461

-3.729 0
-3.5 0.00131959

-3.25 -0.000383396
-3.29859 0

-3.0625 -0.0134571
-3.09452 0

-3.03125 -0.0341561
-3.03596 -0.03125

-3.0625 -0.015536
-3.03704 -0.03125

-3.03125 -0.0352279
-3 -0.0556969

-3.5 0.00354488
-3.25 0.00639863

-3.25 0.0261852
-3.125 0.0142913

-3.125 0.011129
-3.09852 0

1.5 0.126596
1.51562 0.127478

1.51562 0.127477
1.53125 0.128307

1.53125 0.128306
1.54688 0.129087

1.54688 0.129086
1.5625 0.129821

1.5625 0.12982
1.57812 0.130513

1.57812 0.130512
1.59375 0.131167

1.59375 0.131166
1.60938 0.131786

1.60938 0.131785
1.625 0.132374

1.625 0.132373
1.64062 0.132936

1.64062 0.132935
1.65625 0.133476

1.65625 0.133475
1.67188 0.133998

1.67188 0.133997
1.6875 0.134507

1.6875 0.134506
1.70312 0.13501

1.70312 0.135008
1.71875 0.135511

1.71875 0.135509
1.73438 0.136019

1.73438 0.136017
1.75 0.136541

-2.98438 -0.0655686
-2.98913 -0.0625

-2.98438 -0.0661916
-2.96875 -0.075518

-2.9375 -0.0940151
-2.93804 -0.09375

1.75 0.136539
1.76562 0.137085

1.76562 0.137083
1.78125 0.13766

1.78125 0.137658
1.79688 0.138274

-2.95312 -0.0842845
-2.96428 -0.078125

-1 -0.0482432
-0.984778 -0.046875

0 -0.0512992
0.015625 -0.0499043

0.015625 -0.0499027
0.03125 -0.0483704

0.03125 -0.0483669
0.0452873 -0.046875

0.0453458 -0.046875
0.046875 -0.0467125

0.046875 -0.0467058
0.0625 -0.0449248

0.0625 -0.0449226
0.078125 -0.0430279

0.078125 -0.0430257
0.09375 -0.0410264

0.09375 -0.0410238
0.109375 -0.0389292

0.109375 -0.0389262
0.125 -0.0367472

-0.984762 -0.046875
-0.984375 -0.0468402

-0.984375 -0.0468384
-0.96875 -0.0454871

-0.96875 -0.0454865
-0.953125 -0.0441905

1.79688 0.138272
1.8125 0.138934

1.8125 0.138932
1.82812 0.139645

1.82812 0.139644
1.84375 0.140413

1.84375 0.140407
1.84787 0.140625

1.84773 0.140625
1.85938 0.141242

1.85938 0.141239
1.875 0.142128

1.875 0.142127
1.89062 0.143084

1.89062 0.143082
1.90625 0.144112

1.90625 0.144111
1.92188 0.145218

0.125 -0.0367437
0.140625 -0.0344933

0.140625 -0.0344885
0.15625 -0.0321836

0.15625 -0.0321699
0.162387 -0.03125

0.162497 -0.03125
0.171875 -0.0298443

0.171875 -0.0298354
0.1875 -0.0274682

0.1875 -0.027466
0.203125 -0.0250828

0.203125 -0.0250808
0.21875 -0.0226904

0.21875 -0.0226882
0.234375 -0.0202991

-0.953125 -0.0441901
-0.9375 -0.0429512

-0.9375 -0.0429507
-0.921875 -0.0417707

-0.921875 -0.0417701
-0.90625 -0.0406513

-0.90625 -0.0406505
-0.890625 -0.0395956

-2.96875 -0.0751409
-2.96334 -0.078125

-2.95312 -0.0841011
-2.9375 -0.0920953

-3 -0.0564401
-2.99066 -0.0625

-2.92188 -0.0996411
-2.93428 -0.09375

-2.90625 -0.110043
-2.9078 -0.109375

-2.92188 -0.0994638
-2.90625 -0.106354

-2.9375 -0.0916712
-2.93311 -0.09375

-2.89062 -0.113513
-2.90071 -0.109375

-2.90625 -0.105564
-2.89696 -0.109375

0.234375 -0.0202965
0.25 -0.0179183

1.92188 0.145216
1.9375 0.146406

1.9375 0.146406
1.95312 0.147681

1.95312 0.147683
1.96875 0.149037

1.96875 0.149038
1.98438 0.150464

-0.890625 -0.0395949
-0.875 -0.0386067

-0.875 -0.0386062
-0.859375 -0.0376873

-0.859375 -0.0376869
-0.84375 -0.0368395

-0.84375 -0.0368391
-0.828125 -0.0360647

-0.828125 -0.0360643
-0.8125 -0.0353648

-0.8125 -0.0353644
-0.796875 -0.0347411

0.25 -0.0179148
0.265186 -0.015625

0.265286 -0.015625
0.265625 -0.0155738

0.265625 -0.015558
0.28125 -0.0132329

-2.89062 -0.112779
-2.875 -0.118745

0.28125 -0.0132308
0.296875 -0.010943

0.296875 -0.0109413
0.3125 -0.00869841

1.98438 0.150468
2 0.151956

-2.85938 -0.126984
-2.86496 -0.125

-2.84375 -0.129586
-2.85761 -0.125

0.3125 -0.00869697
0.328125 -0.00650509

0.328125 -0.00650414
0.34375 -0.00436808

0.34375 -0.00436729
0.359375 -0.00229055

-2.84375 -0.129445
-2.82812 -0.134261

0.359375 -0.00229028
0.375 -0.000274969

-0.796875 -0.0347408
-0.78125 -0.0341952

-0.78125 -0.0341949
-0.765625 -0.0337282

-0.765625 -0.0337279
-0.75 -0.033341

-2.8125 -0.141721
-2.81632 -0.140625

-0.75 -0.0333409
-0.734375 -0.0330347

-0.734375 -0.0330347
-0.71875 -0.0328098

-0.71875 -0.0328098
-0.703125 -0.0326662

-0.703125 -0.0326664
-0.6875 -0.0326037

-2.82812 -0.134122
-2.8125 -0.138604

-2.79688 -0.14331
-2.80693 -0.140625

-2.8125 -0.138257
-2.80363 -0.140625

-2.79688 -0.142905
-2.78125 -0.146785

-2.78125 -0.14678
-2.76562 -0.150378

-2.76562 -0.150375
-2.75 -0.153707

-2.875 -0.118381
-2.85938 -0.123931

-2.85938 -0.123674
-2.85537 -0.125

-0.6875 -0.0326038
-0.671875 -0.0326214

-0.671875 -0.0326217
-0.65625 -0.0327186

-0.65625 -0.0327189
-0.640625 -0.0328939

-0.640625 -0.0328943
-0.625 -0.0331455

-2.73438 -0.157249
-2.73943 -0.15625

-2.73438 -0.156786
-2.71875 -0.159637

-2.75 -0.153563
-2.73639 -0.15625

0.375 -0.00027227
0.377178 0

-0.625 -0.0331461
-0.609375 -0.0334715

-0.609375 -0.033472
-0.59375 -0.0338694

-0.59375 -0.03387
-0.578125 -0.0343369

-0.578125 -0.0343375
-0.5625 -0.0348716

-2.71875 -0.159632
-2.70312 -0.162255

-0.5625 -0.0348723
-0.546875 -0.0354711

-0.546875 -0.0354719
-0.53125 -0.0361325

-0.53125 -0.0361334
-0.515625 -0.0368524

-2.70312 -0.162254
-2.6875 -0.164661

0.377204 0
0.390625 0.00167801

-2.6875 -0.164658
-2.67188 -0.166859

-0.515625 -0.0368533
-0.5 -0.037627

-2.67188 -0.166856
-2.65625 -0.168861

-2.65625 -0.168859
-2.64062 -0.17068

-2.625 -0.172409
-2.63006 -0.171875

0.390625 0.00167899
0.40625 0.0035698

0.40625 0.00356994
0.421875 0.00539668

0.421875 0.00539692
0.4375 0.00715883

0.4375 0.00715902
0.453125 0.00885527

-2.64062 -0.170641
-2.62894 -0.171875

-2.625 -0.172326
-2.60938 -0.173813

-2.60938 -0.17381
-2.59375 -0.175138

-2.59375 -0.175137
-2.57812 -0.176315

-2.57812 -0.176314
-2.5625 -0.177348

-2.5625 -0.177347
-2.54688 -0.178243

0.453125 0.00885524
0.46875 0.0104855

0.46875 0.0104851
0.484375 0.0120503

0.484375 0.0120495
0.5 0.0135519

-2.54688 -0.178241
-2.53125 -0.179005

-0.5 -0.0376281
-0.484375 -0.0384524

-0.484375 -0.0384534
-0.46875 -0.0393241

-0.46875 -0.0393252
-0.453125 -0.0402385

-0.453125 -0.0402399
-0.4375 -0.0411907

-0.4375 -0.0411919
-0.421875 -0.042175

-0.421875 -0.0421756
-0.40625 -0.0431872

-0.40625 -0.0431889
-0.390625 -0.0442245

-0.390625 -0.0442279
-0.375 -0.0452773

-2.53125 -0.179003
-2.51562 -0.179642

-0.375 -0.0452799
-0.359375 -0.0463312

-0.34375 -0.0473828
-0.351267 -0.046875

-0.359375 -0.0463274
-0.351269 -0.046875

-0.34375 -0.0473833
-0.328125 -0.04845

-0.328125 -0.0484559
-0.3125 -0.049521

-0.3125 -0.0495266
-0.296875 -0.0505671

0.5 0.0135507
0.515625 0.0149943

-2.51562 -0.179641
-2.5 -0.180161

0.515625 0.0149803
0.522875 0.015625

0.522612 0.015625
0.53125 0.0163932

2 0.151959
2.01562 0.153495

2.01562 0.153497
2.03125 0.155069

2.03125 0.15508
2.04274 0.15625

2.04287 0.15625
2.04688 0.156658

2.04688 0.156668
2.0625 0.158265

2.0625 0.158267
2.07812 0.159864

2.07812 0.159867
2.09375 0.161452

0.53125 0.0163817
0.546875 0.0177215

0.546875 0.01772
0.5625 0.0190147

2.09375 0.161455
2.10938 0.163019

-0.296875 -0.0505706
-0.28125 -0.051568

0.5625 0.019013
0.578125 0.020269

-0.28125 -0.0515705
-0.265625 -0.0525127

2.10938 0.163022
2.125 0.164554

0.578125 0.0202672
0.59375 0.0214916

-0.265625 -0.0525155
-0.25 -0.0533918

2.125 0.164556
2.14062 0.166046

2.14062 0.166047
2.15625 0.167486

0.59375 0.02149
0.609375 0.0226896

-2.5 -0.18016
-2.48438 -0.180565

-2.48438 -0.180565
-2.46875 -0.18086

2.15625 0.167487
2.17188 0.168869

2.17188 0.16887
2.1875 0.170192

-0.25 -0.053395
-0.234375 -0.0541932

-0.234375 -0.0541956
-0.21875 -0.0549048

-0.21875 -0.0549067
-0.203125 -0.0555183

-0.203125 -0.0555205
-0.1875 -0.0560261

0.609375 0.0226883
0.625 0.0238689

2.1875 0.170193
2.20312 0.171452

2.20312 0.171462
2.20854 0.171875

2.20873 0.171875
2.21875 0.172641

-0.1875 -0.0560286
-0.171875 -0.056419

-0.171875 -0.0564211
-0.15625 -0.056687

-0.15625 -0.0566879
-0.140625 -0.0568232

-0.140625 -0.0568235
-0.125 -0.0568258

-2.46875 -0.180859
-2.45312 -0.181048

-0.125 -0.0568272
-0.109375 -0.0566932

-2.45312 -0.181047
-2.4375 -0.181132

-2.4375 -0.181131
-2.42188 -0.181117

-2.42188 -0.181116
-2.40625 -0.181005

-2.40625 -0.181005
-2.39062 -0.180801

-2.39062 -0.1808
-2.375 -0.180506

0.625 0.0238676
0.640625 0.0250346

0.640625 0.0250329
0.65625 0.0261925

-0.109375 -0.0566963
-0.09375 -0.0564171

-0.09375 -0.0564205
-0.078125 -0.0559831

-0.078125 -0.0559848
-0.0625 -0.0553789

-2.375 -0.180505
-2.35938 -0.180123

-2.35938 -0.180122
-2.34375 -0.179653

-2.34375 -0.179652
-2.32812 -0.1791

-2.32812 -0.179098
-2.3125 -0.178469

-2.3125 -0.178467
-2.29688 -0.177767

-0.0625 -0.0553783
-0.046875 -0.0546014

-2.29688 -0.177765
-2.28125 -0.177

-0.046875 -0.0545994
-0.03125 -0.0536565

2.21875 0.172647
2.23438 0.173773

0.65625 0.0261903
0.671875 0.0273505

2.23438 0.173773
2.25 0.174829

-0.03125 -0.0536544
-0.015625 -0.0525536

-2.28125 -0.176999
-2.26562 -0.176176

-0.015625 -0.0525519
0 -0.0513008

0.671875 0.0273479
0.6875 0.0285181

0.6875 0.0285156
0.703125 0.029706

-2.26562 -0.176175
-2.25 -0.175296

2.25 0.17483
2.26562 0.175812

2.26562 0.175813
2.28125 0.176719

2.28125 0.176719
2.29688 0.177545

2.29688 0.177546
2.3125 0.178289

2.3125 0.178289
2.32812 0.178947

2.32812 0.178947
2.34375 0.179519

2.34375 0.179519
2.35938 0.180006

2.35938 0.180006
2.375 0.180408

0.703125 0.0297033
0.71875 0.0309243

2.375 0.180408
2.39062 0.180728

0.71875 0.0309053
0.723019 0.03125

-2.25 -0.175296
-2.23438 -0.174364

-2.23438 -0.174364
-2.21875 -0.173382

0.722736 0.03125
0.734375 0.0321898

-2.21875 -0.173381
-2.20312 -0.172351

-2.20312 -0.17234
-2.19638 -0.171875

-2.1961 -0.171875
-2.1875 -0.171282

0.734375 0.0321811
0.75 0.0334928

2.39062 0.180727
2.40625 0.180969

2.40625 0.180968
2.42188 0.181136

0.75 0.0334904
0.765625 0.0348623

-2.1875 -0.171273
-2.17188 -0.170152

2.42188 0.181135
2.4375 0.181234

0.765625 0.0348601
0.78125 0.0363017

2.4375 0.181233
2.45312 0.181267

2.45312 0.181267
2.46875 0.18124

2.46875 0.181239
2.48438 0.181154

0.78125 0.0363001
0.796875 0.0378189

2.48438 0.181154
2.5 0.181011

0.796875 0.0378179
0.8125 0.039419

0.8125 0.0394182
0.828125 0.0411051

0.828125 0.0411046
0.84375 0.0428797

0.84375 0.0428796
0.859375 0.0447442

0.859375 0.0447458
0.875 0.046697

-2.17188 -0.170151
-2.15625 -0.16899

-2.15625 -0.16899
-2.14062 -0.167792

0.875 0.0466953
0.87638 0.046875

0.876366 0.046875
0.890625 0.048732

0.890625 0.0487323
0.90625 0.0508501

0.90625 0.0508508
0.921875 0.0530492

-2.14062 -0.167792
-2.125 -0.166561

0.921875 0.0530502
0.9375 0.0553257

-2.125 -0.16656
-2.10938 -0.165296

0.9375 0.0553275
0.953125 0.0576747

0.953125 0.0576769
0.96875 0.0600877

-2.10938 -0.165296
-2.09375 -0.164

2.5 0.181012
2.51562 0.18081

-2.09375 -0.164
-2.07812 -0.162674

-2.07812 -0.162673
-2.0625 -0.161318

-2.0625 -0.161317
-2.04688 -0.159935

0.96875 0.0600923
0.984033 0.0625

-2.04688 -0.159935
-2.03125 -0.158528

-2.03125 -0.158527
-2.01562 -0.157097

-2.01562 -0.157095
-2.00652 -0.15625

0.984153 0.0625
0.984375 0.062535

0.984375 0.0625533
1 0.0650574

2.51562 0.180811
2.53125 0.180546

2.53125 0.180548
2.54688 0.180214

2.54688 0.180216
2.5625 0.179803

2.5625 0.179806
2.57812 0.179303

2.57812 0.179306
2.59375 0.178701

2.59375 0.178705
2.60938 0.177982

-2.00646 -0.15625
-2 -0.155651

2.60938 0.177986
2.625 0.177126

2.625 0.177128
2.64062 0.176119

2.64062 0.176119
2.65625 0.174957

2.65625 0.174958
2.67188 0.173639

2.67188 0.173642
2.6875 0.172159

2.70312 0.170487
2.68999 0.171875

2.6875 0.172244
2.69099 0.171875

2.70312 0.17051
2.71875 0.168686

2.71875 0.168684
2.73438 0.166686

2.73438 0.166684
2.75 0.164521

2.75 0.16452
2.76562 0.162199

2.76562 0.162197
2.78125 0.159726

2.8125 0.1543
2.8014 0.15625

2.78125 0.159724
2.79688 0.157109

2.79688 0.15723
2.80245 0.15625

2.8125 0.15436
2.82812 0.151491

2.82812 0.151488
2.84375 0.1485

2.84375 0.148497
2.85938 0.145402

2.85938 0.145403
2.875 0.142205

2.95312 0.124555
2.95128 0.125

1 0.0650596
1.01562 0.0676023

1.01562 0.0676037
1.03125 0.0701775

1.03125 0.0701803
1.04688 0.0727765

1.04688 0.0727793
1.0625 0.0753867

1.0625 0.0753906
1.07812 0.0779957

1.07812 0.0779991
1.07888 0.078125

2.95312 0.124594
2.96875 0.120695

2.96875 0.121488
3 0.110367

2.89062 0.138818
2.88206 0.140625

2.875 0.142295
2.88291 0.140625

2.89062 0.138908
2.90625 0.135514

2.90625 0.135516
2.92188 0.132014

2.92188 0.132021
2.9375 0.128391

2.9375 0.128401
2.95159 0.125

2.95312 0.125346
2.95451 0.125

1.0789 0.078125
1.09375 0.0805895

1.09375 0.0805923
1.10938 0.0831653

1.10938 0.0831673
1.125 0.0857113

1.125 0.0857136
1.14062 0.0882202

1.14062 0.0882224
1.15625 0.0906829

-2 -0.155647
-1.98438 -0.15418

3.25 -0.00254477
3.24074 0

-1.98438 -0.15418
-1.96875 -0.152697

1.15625 0.090685
1.17188 0.0930908

-1.96875 -0.152697
-1.95312 -0.151199

-1.95312 -0.151199
-1.9375 -0.149688

1.17188 0.0930971
1.17623 0.09375

-1.9375 -0.149688
-1.92188 -0.148163

-1.92188 -0.148163
-1.90625 -0.146626

3.5 -0.00276726
3.46651 0

-1.90625 -0.146626
-1.89062 -0.14508

-1.89062 -0.14508
-1.875 -0.143525

1.17627 0.09375
1.1875 0.0954345

1.1875 0.0954384
1.20312 0.0977157

3 0.110347
3.03125 0.0943321

1.20312 0.097717
1.21875 0.0999205

-1.875 -0.143524
-1.85938 -0.141962

-1.85938 -0.141962
-1.84606 -0.140625

1.21875 0.0999218
1.23438 0.102046

-1.84604 -0.140625
-1.84375 -0.140395

-1.84375 -0.140393
-1.82812 -0.138821

-1.82812 -0.138821
-1.8125 -0.137246

-1.8125 -0.137246
-1.79688 -0.135669

1.23438 0.102047
1.25 0.104089

-1.79688 -0.135669
-1.78125 -0.134089

-1.78125 -0.134089
-1.76562 -0.132505

3.03125 0.0937359
3.0625 0.0740594

1.25 0.104089
1.26562 0.106045

1.26562 0.106044
1.28125 0.107915

1.28125 0.107917
1.29399 0.109375

1.29409 0.109375
1.29688 0.109694

1.29688 0.109703
1.3125 0.111413

1.3125 0.111412
1.32812 0.113045

-1.76562 -0.132505
-1.75 -0.130918

3.125 0.0337543
3.07627 0.0625

3.0625 0.0736486
3.0814 0.0625

1.32812 0.113044
1.34375 0.114602

1.34375 0.114602
1.35938 0.116087

3.125 0.0279813
3.22675 0

3.25 0.00945571
3.36433 0

1.35938 0.116087
1.375 0.117502

-1.75 -0.130917
-1.73438 -0.129327

-1.73438 -0.129327
-1.71875 -0.127735

-1.71875 -0.127734
-1.70312 -0.12614

1.375 0.117502
1.39062 0.11885

1.39062 0.11885
1.40625 0.120134

4 -0.00563061
3.75542 0

1.40625 0.120133
1.42188 0.121356

-1.70312 -0.126142
-1.69194 -0.125

1.42188 0.121356
1.4375 0.122519

3.5 0.00314453
3.63659 0

-1.69199 -0.125
-1.6875 -0.124541

-1.6875 -0.124545
-1.67188 -0.12295

-1.67188 -0.12295
-1.65625 -0.121354

1.4375 0.122519
1.45312 0.123624

1.45312 0.123624
1.46875 0.124671

-1.65625 -0.121354
-1.64062 -0.119755

-1.64062 -0.119756
-1.625 -0.118152

1.46875 0.124668
1.47398 0.125

1.47393 0.125
1.48438 0.125662

1.48438 0.125661
1.5 0.126596

-1.625 -0.118152
-1.60938 -0.116543

-1.60938 -0.116543
-1.59375 -0.114926

-1.59375 -0.114926
-1.57812 -0.1133

-1.57812 -0.1133
-1.5625 -0.111663

-1.5625 -0.111664
-1.54688 -0.110014

-1.54688 -0.110035
-1.54067 -0.109375

-1.54099 -0.109375
-1.53125 -0.108338

-1.53125 -0.108352
-1.51562 -0.106674

-1.51562 -0.106675
-1.5 -0.104981

-1.5 -0.104981
-1.48438 -0.103269

-1.48438 -0.10327
-1.46875 -0.101538

-1.46875 -0.101538
-1.45312 -0.0997864

-1.45312 -0.0997862
-1.4375 -0.0980143

-1.4375 -0.098014
-1.42188 -0.0962233

-1.42188 -0.0962228
-1.40625 -0.0944148

-1.40625 -0.0943987
-1.40069 -0.09375

-1.40048 -0.09375
-1.39062 -0.0925997

-1.39062 -0.0925903
-1.375 -0.0907521

-1.375 -0.0907517
-1.35938 -0.0889004

-1.35938 -0.0888999
-1.34375 -0.0870373

-1.34375 -0.0870367
-1.32812 -0.0851651

-1.32812 -0.0851646
-1.3125 -0.0832863

-1.3125 -0.0832858
-1.29688 -0.081403

-1.29688 -0.0814023
-1.28125 -0.0795176

-1.28125 -0.0795129
-1.26974 -0.078125

-1.26961 -0.078125
-1.26562 -0.0776446

-1.26562 -0.0776322
-1.25 -0.0757514

-1.25 -0.0757509
-1.23438 -0.0738759

-1.23438 -0.0738754
-1.21875 -0.0720082

-1.21875 -0.0720077
-1.20312 -0.0701502

-1.20312 -0.0701497
-1.1875 -0.0683039

-1.1875 -0.068303
-1.17188 -0.0664719

-1.17188 -0.066471
-1.15625 -0.0646583

-1.15625 -0.0646573
-1.14062 -0.0628667

-1.14062 -0.0628224
-1.13777 -0.0625

-1.13729 -0.0625
-1.125 -0.0611115

-1.125 -0.0610997
-1.10938 -0.0593623

-1.10938 -0.0593616
-1.09375 -0.0576556

-1.09375 -0.0576548
-1.07812 -0.0559834

-1.07812 -0.0559827
-1.0625 -0.054349

-1.0625 -0.0543482
-1.04688 -0.0527549

-1.04688 -0.0527543
-1.03125 -0.0512043

-1.03125 -0.0512037
-1.01562 -0.0496998

-1.01562 -0.0496992
-1 -0.0482439

