-4 -0.00832071
-3.76845 0

-3.64984 0
-3.5 0.0053846

-3.5 0.00274799
-3.25 0.0288557

-3.25 0.0122487
-3.125 0.041481

-3.125 0.0384594
-3.08213 0.0625

-3.08379 0.0625
-3.0625 0.0746097

-3.0625 0.0763579
-3.04196 0.09375

-3.04331 0.09375
-3.03125 0.104937

-3.03125 0.1048
-3.01062 0.125

-3.01165 0.125
-3 0.135804

-3 0.13719
-2.97866 0.15625

-2.97732 0.15625
-2.96875 0.163405

-2.96875 0.164479
-2.95941 0.171875

-2.95824 0.171875
-2.95312 0.175787

-2.95312 0.176421
-2.93768 0.1875

-2.9375 0.187588
-2.92188 0.197846

1.6875 -0.268279
1.70312 -0.270663

1.70312 -0.270662
1.71875 -0.273041

1.71875 -0.27304
1.73438 -0.275415

1.73438 -0.275414
1.75 -0.277788

1.5 -0.238245
1.51562 -0.240878

1.51562 -0.240879
1.53125 -0.243489

1.53125 -0.243489
1.54688 -0.246075

1.54688 -0.246075
1.5625 -0.248635

1.5625 -0.248499
1.57175 -0.25

-2.92188 0.197209
-2.91208 0.203125

-2.91435 0.203125
-2.90625 0.208018

-2.90625 0.207237
-2.89062 0.215945

-2.89062 0.21492
-2.88313 0.21875

1.78125 -0.282577
1.77253 -0.28125

-2.88634 0.21875
-2.875 0.224597

0.03125 -0.000806246
0.0264992 0

1.75 -0.277788
1.76562 -0.280163

1.76562 -0.280119
1.77306 -0.28125

1.78125 -0.28254
1.79688 -0.284921

0.03125 -0.000471699
0.046875 -0.00312248

0.046875 -0.00312237
0.0625 -0.00576989

0.0625 -0.00577056
0.078125 -0.00841369

0.078125 -0.00841364
0.09375 -0.0110511

0.09375 -0.0110515
0.109375 -0.0136827

0.125 -0.0166332
0.118997 -0.015625

1.79688 -0.284921
1.8125 -0.287303

-2.875 0.223837
-2.85938 0.2313

-2.86229 0.234375
-2.85938 0.235765

1.8125 -0.287303
1.82812 -0.289686

0.109375 -0.0135455
0.121757 -0.015625

-2.85938 0.229655
-2.84873 0.234375

1.82812 -0.289687
1.84375 -0.292068

1.84375 -0.292069
1.85938 -0.294447

1.85938 -0.294448
1.875 -0.296822

1.89062 -0.299187
1.87535 -0.296875

-0.96875 0.155135
-0.976078 0.15625

-1 0.159921
-0.984375 0.157541

-0.984375 0.157565
-0.975737 0.15625

-0.96875 0.155163
-0.953125 0.152788

-0.953125 0.152787
-0.9375 0.150418

-0.9375 0.150417
-0.921875 0.148055

0.125 -0.0163081
0.140625 -0.0189231

-2.85595 0.234375
-2.84375 0.239785

-2.84375 0.238334
-2.82812 0.244769

-2.82812 0.243341
-2.8125 0.249324

-0.921875 0.148055
-0.90625 0.145701

0.140625 -0.0189233
0.15625 -0.0215262

-0.90625 0.1457
-0.890625 0.143356

-2.8125 0.249037
-2.8098 0.25

-0.890625 0.143356
-0.875 0.141021

0.15625 -0.021527
0.171875 -0.0241159

-2.82325 0.25
-2.8125 0.254118

-0.765625 0.124965
-0.765867 0.125

-2.8125 0.250819
-2.79688 0.256384

-2.79688 0.256293
-2.78125 0.261468

0.171875 -0.024116
0.1875 -0.0266889

1.875 -0.296822
1.87535 -0.296875

0.21875 -0.0320448
0.213861 -0.03125

1.89062 -0.299188
1.90625 -0.301541

0.1875 -0.0266891
0.203125 -0.0292454

1.90625 -0.301542
1.92188 -0.303878

1.92188 -0.303879
1.9375 -0.306196

0.203125 -0.0291606
0.215977 -0.03125

1.98438 -0.313001
1.98088 -0.3125

0.21875 -0.0317855
0.234375 -0.0343101

-2.78125 0.260414
-2.76562 0.265227

0.234375 -0.0343093
0.25 -0.0368194

-2.77593 0.265625
-2.76562 0.2688

-2.76562 0.265139
-2.76393 0.265625

-2.76562 0.266297
-2.75 0.27077

1.98438 -0.313008
2 -0.315222

1.9375 -0.306197
1.95312 -0.308492

-2.75 0.270737
-2.73438 0.27489

-2.73438 0.274882
-2.71875 0.278738

-2.71945 0.28125
-2.71875 0.281422

-2.71875 0.278317
-2.70594 0.28125

-2.7112 0.28125
-2.70312 0.283099

-2.70312 0.282313
-2.6875 0.285632

-2.6875 0.285627
-2.67188 0.288702

-2.67188 0.288699
-2.65625 0.291546

-2.65625 0.291543
-2.64062 0.294174

0.25 -0.036819
0.265625 -0.0393172

0.265625 -0.0393164
0.28125 -0.0418054

-0.765625 0.124967
-0.75 0.122704

0.28125 -0.0418049
0.296875 -0.0442873

-2.64062 0.294141
-2.625 0.296567

0.296875 -0.044287
0.3125 -0.0467645

-0.859375 0.138683
-0.872431 0.140625

-0.875 0.141081
-0.871932 0.140625

0.328125 -0.0492389
0.313189 -0.046875

0.3125 -0.0467388
0.313361 -0.046875

-2.62745 0.296875
-2.625 0.297256

-0.859375 0.138696
-0.84375 0.136383

-0.84375 0.136383
-0.828125 0.134082

-0.828125 0.134082
-0.8125 0.13179

-0.8125 0.131791
-0.796875 0.129509

-0.796875 0.129509
-0.78125 0.127235

-0.78125 0.127235
-0.765854 0.125

1.95312 -0.308492
1.96875 -0.310763

1.96875 -0.310765
1.98083 -0.3125

-0.75 0.122704
-0.734375 0.120446

-0.734375 0.120446
-0.71875 0.118191

-0.71875 0.118191
-0.703125 0.115938

-0.703125 0.115939
-0.6875 0.113687

-0.6875 0.113687
-0.671875 0.111434

-0.65625 0.109172
-0.657656 0.109375

-0.671875 0.111435
-0.657593 0.109375

-0.65625 0.10918
-0.640625 0.106925

-0.640625 0.106925
-0.625 0.104668

-0.625 0.104668
-0.609375 0.10241

-0.609375 0.10241
-0.59375 0.100149

-0.59375 0.100149
-0.578125 0.0978843

-0.578125 0.0978848
-0.5625 0.0956141

-0.546875 0.0933104
-0.54989 0.09375

-0.546875 0.0933366
-0.53125 0.0910489

-0.5625 0.0956205
-0.549672 0.09375

0.328125 -0.0492376
0.34375 -0.0517056

0.34375 -0.0517058
0.359375 -0.0541683

0.359375 -0.0541683
0.375 -0.0566249

-2.625 0.296523
-2.62254 0.296875

0.421875 -0.064068
0.411836 -0.0625

-0.53125 0.0910496
-0.515625 0.0887506

-2.62312 0.296875
-2.60938 0.298839

-0.515625 0.0887512
-0.5 0.0864382

0.421875 -0.0639623
0.4375 -0.0663969

0.375 -0.0566249
0.390625 -0.0590759

-2.60938 0.298826
-2.59375 0.300874

-2.59375 0.300873
-2.57812 0.302744

-2.57812 0.302742
-2.5625 0.304442

-2.5625 0.30444
-2.54688 0.305973

0.390625 -0.0590758
0.40625 -0.0615216

0.40625 -0.0613696
0.413487 -0.0625

-2.54688 0.305972
-2.53125 0.307346

-2.53125 0.307345
-2.51562 0.308566

-2.51562 0.308564
-2.5 0.309639

0.4375 -0.066397
0.453125 -0.0688252

0.453125 -0.0688253
0.46875 -0.071247

0.46875 -0.0712469
0.484375 -0.0736618

-0.5 0.086439
-0.484375 0.0841094

-0.484375 0.08411
-0.46875 0.0817609

-0.46875 0.0817614
-0.453125 0.0793903

0.484375 -0.0736617
0.5 -0.0760705

0 0.00483155
0.015625 0.00218108

0.015625 0.00227745
0.0290447 0

-0.4375 0.0768707
-0.445685 0.078125

-0.453125 0.0795035
-0.44413 0.078125

-0.4375 0.0769961
-0.421875 0.0745779

-0.421875 0.0745779
-0.40625 0.072136

-0.40625 0.0721357
-0.390625 0.0696708

-0.390625 0.0696704
-0.375 0.0671839

-0.34375 0.0620744
-0.346385 0.0625

-0.34375 0.0621519
-0.328125 0.0596133

-0.328125 0.0596128
-0.3125 0.0570618

-0.375 0.0671833
-0.359375 0.064677

-0.359375 0.0646902
-0.345815 0.0625

-0.3125 0.0570612
-0.296875 0.0545001

-0.296875 0.0544998
-0.28125 0.0519303

-2.5 0.309637
-2.48438 0.310571

-2.48438 0.310569
-2.46875 0.311369

-2.46875 0.311367
-2.45312 0.31204

-0.28125 0.05193
-0.265625 0.0493533

-0.25 0.0467437
-0.250794 0.046875

-2.45312 0.312032
-2.4399 0.3125

-2.44075 0.3125
-2.4375 0.312615

-2.4375 0.31259
-2.42188 0.313028

-2.42188 0.313026
-2.40625 0.313353

-2.40625 0.313352
-2.39062 0.313573

2 -0.315223
2.01562 -0.317405

-0.265625 0.0493545
-0.250627 0.046875

-2.39062 0.313572
-2.375 0.313691

2.01562 -0.317406
2.03125 -0.319552

2.03125 -0.319553
2.04688 -0.321657

-0.25 0.0467697
-0.234375 0.044181

-0.234375 0.044181
-0.21875 0.0415873

-0.21875 0.0415871
-0.203125 0.0389889

2.04688 -0.321658
2.0625 -0.323716

2.0625 -0.323717
2.07812 -0.325725

2.07812 -0.325726
2.09375 -0.327678

-2.375 0.31369
-2.35938 0.313709

-2.35938 0.313708
-2.34375 0.31363

-2.34375 0.313629
-2.32812 0.313456

-2.32812 0.313455
-2.3125 0.313189

-2.28125 0.312391
-2.28507 0.3125

-2.28125 0.312386
-2.26562 0.311856

-2.26562 0.311855
-2.25 0.311242

-2.3125 0.313188
-2.29688 0.312832

-2.29688 0.31283
-2.28527 0.3125

0.515625 -0.078555
0.51283 -0.078125

-2.25 0.311241
-2.23438 0.310551

0.5 -0.0760548
0.513458 -0.078125

2.10938 -0.329566
2.09747 -0.328125

0.515625 -0.0784738
0.53125 -0.0808726

-0.203125 0.038989
-0.1875 0.0363862

-2.23438 0.31055
-2.21875 0.309785

-0.15625 0.0308801
-0.158463 0.03125

0.53125 -0.0808721
0.546875 -0.083267

-2.21875 0.309784
-2.20312 0.308951

0.546875 -0.0832667
0.5625 -0.085659

2.09375 -0.327694
2.09731 -0.328125

-0.1875 0.036386
-0.171875 0.0337787

2.10938 -0.329572
2.125 -0.331397

-0.171875 0.0338045
-0.156593 0.03125

0.5625 -0.0856585
0.578125 -0.0880499

-2.20312 0.30895
-2.1875 0.308053

0.578125 -0.0880495
0.59375 -0.0904417

-0.15625 0.0311665
-0.140625 0.0285508

2.125 -0.331398
2.14062 -0.33315

-0.140625 0.0285512
-0.125 0.025932

-2.1875 0.308052
-2.17188 0.307096

2.14062 -0.333152
2.15625 -0.334824

0.625 -0.0953019
0.614882 -0.09375

-2.17188 0.307095
-2.15625 0.306084

-2.15625 0.306084
-2.14062 0.305021

-0.125 0.0259317
-0.109375 0.0233087

-0.109375 0.0233091
-0.09375 0.020682

-0.09375 0.0206818
-0.078125 0.0180501

-0.0625 0.0149546
-0.0664719 0.015625

0.59375 -0.0904414
0.609375 -0.0928356

0.609375 -0.0927267
0.616047 -0.09375

2.15625 -0.334826
2.17188 -0.336413

0.625 -0.0952325
0.640625 -0.0976304

2.17188 -0.336414
2.1875 -0.337911

-2.14062 0.305021
-2.125 0.303909

2.1875 -0.337912
2.20312 -0.339315

-0.078125 0.0181328
-0.0632663 0.015625

-2.125 0.303909
-2.10938 0.302751

-2.10938 0.30275
-2.09375 0.301547

0.640625 -0.0976308
0.65625 -0.100029

-2.09375 0.301546
-2.07812 0.300298

2.20312 -0.339316
2.21875 -0.340623

-0.0625 0.0154124
-0.046875 0.0127712

-2.07812 0.300298
-2.0625 0.299006

-0.046875 0.0127718
-0.03125 0.0101278

0.65625 -0.100029
0.671875 -0.102426

2.21875 -0.340624
2.23438 -0.34183

0.671875 -0.102426
0.6875 -0.10482

-0.03125 0.0101273
-0.015625 0.00748055

-0.015625 0.00748078
0 0.00483198

2.23438 -0.341831
2.25 -0.342933

0.6875 -0.10482
0.703125 -0.107209

-2.0625 0.299005
-2.04688 0.297669

-2.03125 0.296293
-2.03784 0.296875

-2.04688 0.297666
-2.03792 0.296875

0.71875 -0.109605
0.717244 -0.109375

2.26562 -0.343832
2.26433 -0.34375

-2.03125 0.296289
-2.01562 0.294865

0.703125 -0.107208
0.717331 -0.109375

2.26562 -0.343925
2.28125 -0.344804

2.25 -0.342949
2.26262 -0.34375

-2.01562 0.294865
-2 0.293399

0.71875 -0.109593
0.734375 -0.111969

0.734375 -0.111969
0.75 -0.114339

2.28125 -0.344804
2.29688 -0.34557

2.29688 -0.34557
2.3125 -0.346222

2.3125 -0.346222
2.32812 -0.346762

2.32812 -0.346762
2.34375 -0.347187

2.34375 -0.347188
2.35938 -0.347495

0.828125 -0.126136
0.820533 -0.125

0.828125 -0.126095
0.84375 -0.128425

0.84375 -0.128425
0.859375 -0.130749

0.859375 -0.130748
0.875 -0.133068

0.75 -0.114339
0.765625 -0.116703

0.765625 -0.116703
0.78125 -0.11906

2.35938 -0.347495
2.375 -0.347685

0.78125 -0.11906
0.796875 -0.121412

2.375 -0.347684
2.39062 -0.347756

2.39062 -0.347757
2.40625 -0.347712

2.40625 -0.347713
2.42188 -0.347549

2.42188 -0.347551
2.4375 -0.347263

2.4375 -0.347264
2.45312 -0.346846

2.45312 -0.346847
2.46875 -0.346294

2.46875 -0.346295
2.48438 -0.345602

2.48438 -0.345604
2.5 -0.344764

0.796875 -0.121412
0.8125 -0.123757

0.8125 -0.123721
0.821049 -0.125

0.875 -0.133067
0.890625 -0.135386

0.890625 -0.135385
0.90625 -0.137707

0.90625 -0.137706
0.921875 -0.140035

0.9375 -0.142419
0.925523 -0.140625

0.921875 -0.139914
0.926619 -0.140625

0.9375 -0.142374
0.953125 -0.144727

0.953125 -0.144727
0.96875 -0.147096

0.96875 -0.147095
0.984375 -0.149483

0.984375 -0.149482
1 -0.15189

2.5 -0.344766
2.51562 -0.343772

2.51562 -0.343911
2.51781 -0.34375

2.51575 -0.34375
2.53125 -0.342608

2.53125 -0.342625
2.54688 -0.341307

2.54688 -0.34131
2.5625 -0.339805

2.5625 -0.339809
2.57812 -0.338103

2.57812 -0.338108
2.59375 -0.336181

2.59375 -0.336185
2.60938 -0.33402

2.60938 -0.334024
2.625 -0.331604

-2 0.293399
-1.98438 0.291891

-1.98438 0.291891
-1.96875 0.290343

2.625 -0.331611
2.64062 -0.328912

2.64062 -0.329496
2.64779 -0.328125

2.64333 -0.328125
2.65625 -0.325653

2.65625 -0.328623
2.65861 -0.328125

2.65625 -0.325894
2.67188 -0.322592

2.67188 -0.322637
2.6875 -0.318992

-1.96875 0.290343
-1.95312 0.288755

-1.95312 0.288755
-1.9375 0.287128

2.6875 -0.319
2.70312 -0.314979

2.70312 -0.315745
2.71459 -0.3125

-1.9375 0.287127
-1.92188 0.285463

-1.92188 0.285463
-1.90625 0.283763

2.71875 -0.314372
2.72479 -0.3125

2.70867 -0.3125
2.71875 -0.309649

-1.875 0.280266
-1.88371 0.28125

-1.90625 0.283762
-1.89062 0.282028

-1.89062 0.282023
-1.88378 0.28125

2.71875 -0.310209
2.73438 -0.305366

2.73438 -0.305739
2.75 -0.300431

-1.875 0.280262
-1.85938 0.278469

-1.85938 0.278468
-1.84375 0.276651

-1.84375 0.27665
-1.82812 0.274812

-1.82812 0.274811
-1.8125 0.272954

-1.8125 0.272954
-1.79688 0.27108

-1.79688 0.27108
-1.78125 0.269191

2.75 -0.301277
2.76185 -0.296875

2.7564 -0.296875
2.76562 -0.293449

2.76562 -0.298868
2.77058 -0.296875

2.76562 -0.294328
2.78125 -0.287988

2.78125 -0.28842
2.79688 -0.281488

2.79688 -0.285098
2.80487 -0.28125

-1.78125 0.269191
-1.76562 0.267287

-1.75 0.265367
-1.7521 0.265625

1.03125 -0.156961
1.02673 -0.15625

1 -0.151889
1.01562 -0.154321

2.79417 -0.28125
2.79688 -0.280078

2.79688 -0.280413
2.8125 -0.27284

-1.76562 0.267287
-1.75208 0.265625

2.8125 -0.273953
2.82812 -0.265674

2.82554 -0.265625
2.82812 -0.264338

-1.625 0.249532
-1.6286 0.25

1.01562 -0.154262
1.02826 -0.15625

1.03125 -0.156778
1.04688 -0.159265

2.82812 -0.269363
2.83494 -0.265625

2.82812 -0.264773
2.84375 -0.255704

-1.625 0.24954
-1.60938 0.247494

-1.60938 0.247494
-1.59375 0.245432

1.04688 -0.159264
1.0625 -0.161781

1.0625 -0.161781
1.07812 -0.164329

1.07812 -0.164329
1.09375 -0.166907

2.84375 -0.257306
2.85522 -0.25

1.09375 -0.166907
1.10938 -0.169516

-1.59375 0.245431
-1.57812 0.243353

2.85184 -0.25
2.85938 -0.245395

1.125 -0.172322
1.12235 -0.171875

1.10938 -0.169491
1.12349 -0.171875

2.85938 -0.246634
2.875 -0.235665

1.125 -0.172157
1.14062 -0.174825

1.14062 -0.174825
1.15625 -0.177519

-1.57812 0.243353
-1.5625 0.24126

-1.5625 0.24126
-1.54688 0.239152

2.875 -0.236996
2.87853 -0.234375

2.87639 -0.234375
2.89062 -0.22331

1.15625 -0.17752
1.17188 -0.180239

-1.54688 0.239152
-1.53125 0.237031

1.17188 -0.18024
1.1875 -0.18298

2.89062 -0.223945
2.89699 -0.21875

1.21875 -0.188589
1.21262 -0.1875

1.21875 -0.188519
1.23438 -0.191309

2.89587 -0.21875
2.90625 -0.209845

2.90625 -0.211069
2.91467 -0.203125

-1.53125 0.237031
-1.51562 0.234898

2.91273 -0.203125
2.92188 -0.193741

1.23438 -0.19131
1.25 -0.194108

1.1875 -0.182981
1.20312 -0.185741

-1.5 0.232746
-1.51188 0.234375

1.20312 -0.185699
1.21326 -0.1875

2.92188 -0.195846
2.9295 -0.1875

2.92808 -0.1875
2.9375 -0.176237

-1.51562 0.234921
-1.51165 0.234375

2.9375 -0.178045
2.94236 -0.171875

2.94161 -0.171875
2.95298 -0.15625

2.95289 -0.15625
2.95312 -0.1559

2.95312 -0.155748
2.96277 -0.140625

-1.75 0.265369
-1.73438 0.263437

-1.73438 0.263437
-1.71875 0.261492

-1.71875 0.261492
-1.70312 0.259534

-1.70312 0.259534
-1.6875 0.257563

2.96344 -0.140625
2.96875 -0.131543

2.96875 -0.125943
2.96931 -0.125

1.25 -0.194109
1.26562 -0.196913

1.26562 -0.196913
1.28125 -0.19972

-1.6875 0.257564
-1.67188 0.25558

1.28125 -0.19972
1.29688 -0.202528

1.3125 -0.205344
1.30015 -0.203125

2.97181 -0.125
2.98881 -0.09375

-1.67188 0.25558
-1.65625 0.253583

2.98829 -0.09375
2.99636 -0.078125

2.99719 -0.078125
3 -0.0731515

1.29688 -0.202501
1.30035 -0.203125

1.3125 -0.205337
1.32812 -0.20814

1.32812 -0.208141
1.34375 -0.210938

1.34375 -0.210939
1.35938 -0.213728

1.35938 -0.213729
1.375 -0.216508

-1.65625 0.253583
-1.64062 0.25157

-1.64062 0.251572
-1.62852 0.25

1.39062 -0.219616
1.38574 -0.21875

1.39062 -0.219278
1.40625 -0.222034

1.375 -0.216405
1.38823 -0.21875

1.40625 -0.222034
1.42188 -0.224777

1.42188 -0.224778
1.4375 -0.227506

3 -0.0703995
3.00451 -0.0625

3.00397 -0.0625
3.02802 -0.03125

3.02666 -0.03125
3.03125 -0.0263199

3.03125 -0.0272397
3.0625 -0.000202684

3.0625 -0.000197956
3.06291 0

1.4375 -0.227506
1.45312 -0.230218

1.45312 -0.230218
1.46875 -0.232912

1.48438 -0.235794
1.47609 -0.234375

3.5 -7.98495e-05
3.49719 0

3.06298 0
3.125 0.0294509

3.125 0.026462
3.25 0.0368457

1.46875 -0.232737
1.47831 -0.234375

3.25 0.0148982
3.5 0.0064237

-1.5 0.232753
-1.48438 0.230601

-1.48438 0.2306
-1.46875 0.22844

1.48438 -0.235589
1.5 -0.238244

-1.46875 0.22844
-1.45312 0.226273

3.5 -0.000592617
4 -0.00843328

3.5 0.00110849
3.57069 0

-1.45312 0.226273
-1.4375 0.2241

-1.4375 0.2241
-1.42188 0.22192

-1.42188 0.221921
-1.40625 0.219733

-1.39062 0.217525
-1.39935 0.21875

-1.39062 0.217538
-1.375 0.215336

-1.40625 0.21975
-1.39913 0.21875

-1.375 0.215335
-1.35938 0.213125

-1.35938 0.213125
-1.34375 0.210906

-1.34375 0.210906
-1.32812 0.208681

-1.32812 0.208681
-1.3125 0.206447

-1.3125 0.206447
-1.29688 0.204206

-1.28125 0.201939
-1.28949 0.203125

-1.29688 0.204225
-1.28924 0.203125

1.57812 -0.251326
1.56995 -0.25

1.57812 -0.25117
1.59375 -0.25368

-1.28125 0.201956
-1.26562 0.199699

-1.26562 0.199699
-1.25 0.197434

1.59375 -0.253679
1.60938 -0.256164

1.60938 -0.256163
1.625 -0.258624

1.625 -0.258624
1.64062 -0.261063

-1.25 0.197434
-1.23438 0.19516

-1.23438 0.195161
-1.21875 0.192877

-1.21875 0.192878
-1.20312 0.190583

1.64062 -0.261062
1.65625 -0.263482

1.67188 -0.265913
1.67 -0.265625

1.65625 -0.263478
1.6702 -0.265625

1.67188 -0.265886
1.6875 -0.26828

-1.20312 0.190583
-1.1875 0.188276

-1.17188 0.185936
-1.18241 0.1875

-1.17188 0.185956
-1.15625 0.183624

-1.15625 0.183623
-1.14062 0.181279

-1.14062 0.181279
-1.125 0.178926

-1.1875 0.188314
-1.18202 0.1875

-1.125 0.178925
-1.10938 0.176563

-1.10938 0.176563
-1.09375 0.174194

-1.07812 0.171817
-1.0785 0.171875

-1.09375 0.174194
-1.07849 0.171875

-1.07812 0.171819
-1.0625 0.169441

-1.0625 0.169441
-1.04688 0.167062

-1.04688 0.167061
-1.03125 0.164681

-1.03125 0.164681
-1.01562 0.162301

-1.01562 0.162301
-1 0.159921

