-3.7566 0
-3.5 0.00693527

-3.39137 0
-3.25 0.0141528

-3.2394 0
-3.125 0.0375848

-3.125 0.0365012
-3.08749 0.0625

-3.09308 0.0625
-3.0625 0.0852592

-3.0625 0.0857805
-3.05442 0.09375

-3.05664 0.09375
-3.03125 0.119787

-3.03125 0.12006
-3.02651 0.125

-3.02897 0.125
-3 0.150139

1.73438 -0.250625
1.73149 -0.25

1.73438 -0.250621
1.75 -0.254003

1.5 -0.199581
1.51562 -0.202928

1.53125 -0.206292
1.51654 -0.203125

1.51562 -0.202927
1.51654 -0.203125

1.53125 -0.206292
1.54688 -0.209671

1.54688 -0.209672
1.5625 -0.213064

-3 0.150999
-2.99258 0.15625

1.59375 -0.219885
1.58855 -0.21875

1.5625 -0.213064
1.57812 -0.216468

1.57812 -0.216467
1.58858 -0.21875

1.59375 -0.219883
1.60938 -0.223302

-2.99259 0.15625
-2.96875 0.172623

-2.96875 0.172045
-2.95312 0.179985

-2.95312 0.179748
-2.9375 0.186423

-2.93937 0.1875
-2.9375 0.18839

-2.9375 0.186043
-2.93371 0.1875

1.60938 -0.223302
1.625 -0.226724

-2.93475 0.1875
-2.92188 0.192456

-2.92188 0.19236
-2.90625 0.197973

-2.90625 0.197957
-2.89087 0.203125

-2.89165 0.203125
-2.89062 0.203468

1.625 -0.226725
1.64062 -0.230148

1.64062 -0.230148
1.65625 -0.233571

-2.89062 0.203214
-2.875 0.208121

1.67188 -0.236993
1.65992 -0.234375

1.65625 -0.233571
1.65992 -0.234375

1.67188 -0.236993
1.6875 -0.240411

-2.875 0.208118
-2.85938 0.212694

-2.85938 0.21269
-2.84375 0.216947

-2.84375 0.216836
-2.83621 0.21875

-2.83695 0.21875
-2.82812 0.22099

-2.82812 0.220903
-2.8125 0.224598

1.6875 -0.240412
1.70312 -0.243824

-2.8125 0.224591
-2.79688 0.228029

-2.79688 0.228027
-2.78125 0.231225

-2.78125 0.231217
-2.76562 0.234196

-2.7659 0.234375
-2.76562 0.234427

1.70312 -0.243825
1.71875 -0.247228

1.71875 -0.247227
1.73152 -0.25

-2.76562 0.234183
-2.76455 0.234375

-2.76463 0.234375
-2.75 0.236973

0.328125 -0.000189772
0.32672 0

0.328125 -0.00018818
0.34375 -0.00231134

0.34375 -0.00231154
0.359375 -0.00444673

0.359375 -0.00444694
0.375 -0.00659333

1.75 -0.254003
1.76562 -0.257373

0.375 -0.00659348
0.390625 -0.00875037

-2.75 0.236968
-2.73438 0.239545

0.390625 -0.00875049
0.40625 -0.0109173

0.40625 -0.0109174
0.421875 -0.0130937

0.421875 -0.013094
0.4375 -0.0152791

0.453125 -0.0174725
0.439961 -0.015625

0.4375 -0.0152778
0.439974 -0.015625

0.453125 -0.0174725
0.46875 -0.0196721

0.46875 -0.0196722
0.484375 -0.021878

0.484375 -0.0218778
0.5 -0.02409

0 0.0424496
0.015625 0.0404441

0.015625 0.0404434
0.03125 0.0384381

0.03125 0.0384377
0.046875 0.0364346

1.76562 -0.257373
1.78125 -0.260731

1.78125 -0.260731
1.79688 -0.264076

-2.73438 0.239544
-2.71875 0.241933

-0.96875 0.155007
-0.981788 0.15625

0.046875 0.0364346
0.0625 0.0344345

-1 0.157958
-0.984375 0.156495

0.09375 0.0304406
0.0874156 0.03125

-0.984375 0.156497
-0.981787 0.15625

-0.96875 0.155008
-0.953125 0.153488

-2.71875 0.24193
-2.70312 0.24414

-2.70312 0.244136
-2.6875 0.24618

-2.6875 0.246178
-2.67188 0.248069

-2.67188 0.248064
-2.65625 0.249813

0.0625 0.0344348
0.078125 0.0324372

0.078125 0.032438
0.087422 0.03125

0.09375 0.0304415
0.109375 0.0284441

0.109375 0.0284444
0.125 0.0264448

0.125 0.0264451
0.140625 0.0244423

0.140625 0.0244424
0.15625 0.0224355

0.15625 0.0224357
0.171875 0.0204239

0.171875 0.0204243
0.1875 0.0184065

0.1875 0.0184069
0.203125 0.0163814

0.21875 0.0143459
0.208926 0.015625

0.203125 0.016384
0.208954 0.015625

-0.953125 0.153488
-0.9375 0.151935

-0.9375 0.151936
-0.921875 0.150348

-0.921875 0.150348
-0.90625 0.148724

-0.90625 0.148723
-0.890625 0.147064

-0.890625 0.147063
-0.875 0.145373

-0.875 0.145371
-0.859375 0.143657

-0.859375 0.143655
-0.84375 0.141922

-0.828125 0.140177
-0.832137 0.140625

-0.84375 0.14192
-0.832141 0.140625

-0.828125 0.140175
-0.8125 0.138428

-0.8125 0.138426
-0.796875 0.136684

-0.796875 0.136682
-0.78125 0.134954

-0.78125 0.134953
-0.765625 0.133246

-0.765625 0.133245
-0.75 0.131565

-0.671875 0.123461
-0.686786 0.125

-0.671875 0.123464
-0.65625 0.121833

-0.65625 0.121836
-0.640625 0.120177

-0.640625 0.120179
-0.625 0.118482

-0.75 0.131565
-0.734375 0.129912

-0.734375 0.129914
-0.71875 0.128285

-0.71875 0.128287
-0.703125 0.126675

-0.703125 0.126678
-0.6875 0.125071

-0.6875 0.12507
-0.686823 0.125

-0.625 0.118484
-0.609375 0.116744

-0.609375 0.116744
-0.59375 0.114958

-0.59375 0.114956
-0.578125 0.113129

1.8125 -0.267408
1.80414 -0.265625

1.79688 -0.264076
1.80414 -0.265625

1.8125 -0.267407
1.82812 -0.27072

1.82812 -0.270721
1.84375 -0.274018

1.84375 -0.274018
1.85938 -0.277298

1.85938 -0.277297
1.875 -0.280561

1.89062 -0.283812
1.87832 -0.28125

1.89062 -0.28381
1.90625 -0.287057

1.875 -0.28056
1.87832 -0.28125

1.90625 -0.287057
1.92188 -0.290304

1.92188 -0.290305
1.9375 -0.293553

1.9375 -0.293555
1.95312 -0.296795

1.96875 -0.300022
1.95351 -0.296875

1.95312 -0.296796
1.95351 -0.296875

1.96875 -0.300024
1.98438 -0.303232

1.98438 -0.303234
2 -0.306417

0.21875 0.0143474
0.234375 0.0123028

0.234375 0.0123028
0.25 0.0102479

0.25 0.0102479
0.265625 0.0081827

0.265625 0.0081828
0.28125 0.00610716

0.28125 0.00610735
0.296875 0.00402072

0.296875 0.00402094
0.3125 0.00192252

0.3125 0.00192272
0.326733 0

0.5 -0.0240896
0.515625 -0.0263094

0.515625 -0.0263091
0.53125 -0.0285379

0.5625 -0.033027
0.550154 -0.03125

0.53125 -0.0285378
0.546875 -0.0307767

0.546875 -0.0307715
0.5502 -0.03125

0.5625 -0.0330257
0.578125 -0.0352847

0.578125 -0.0352845
0.59375 -0.0375538

0.59375 -0.0375535
0.609375 -0.0398339

0.609375 -0.0398337
0.625 -0.0421262

0.625 -0.042126
0.640625 -0.0444317

0.640625 -0.0444315
0.65625 -0.0467509

0.671875 -0.0490854
0.657086 -0.046875

0.65625 -0.0467495
0.657089 -0.046875

0.671875 -0.0490852
0.6875 -0.0514385

0.6875 -0.0514386
0.703125 -0.05381

0.703125 -0.0538099
0.71875 -0.0561993

0.71875 -0.0561991
0.734375 -0.0586073

0.734375 -0.0586071
0.75 -0.0610352

0.765625 -0.0634988
0.759251 -0.0625

-0.578125 0.113125
-0.5625 0.111268

2.03125 -0.312669
2.0304 -0.3125

2.03125 -0.312679
2.04688 -0.315751

2.04688 -0.315753
2.0625 -0.318785

2 -0.306418
2.01562 -0.309568

2.01562 -0.30957
2.03034 -0.3125

2.0625 -0.318785
2.07812 -0.321774

-2.65625 0.249806
-2.65438 0.25

-0.5625 0.111263
-0.546875 0.109392

-0.53125 0.10752
-0.546762 0.109375

-0.53125 0.107517
-0.515625 0.105664

-0.515625 0.105664
-0.5 0.103833

-0.5 0.103835
-0.484375 0.102023

-0.484375 0.102027
-0.46875 0.100222

-0.46875 0.100226
-0.453125 0.098413

-0.453125 0.0984156
-0.4375 0.0965823

-0.40625 0.092833
-0.413839 0.09375

-0.4375 0.0965831
-0.421875 0.0947225

-0.421875 0.0947226
-0.413826 0.09375

-0.40625 0.0928315
-0.390625 0.0909218

-0.390625 0.0909191
-0.375 0.0889977

-0.375 0.0889956
-0.359375 0.0870723

-0.359375 0.087071
-0.34375 0.0851523

-0.34375 0.0851521
-0.328125 0.0832411

-0.328125 0.0832415
-0.3125 0.081338

-0.3125 0.0813389
-0.296875 0.07944

-0.28125 0.0775442
-0.286032 0.078125

-0.296875 0.0794405
-0.286044 0.078125

0.765625 -0.0634841
0.78125 -0.0659518

-0.28125 0.0775435
-0.265625 0.0756442

-0.265625 0.0756445
-0.25 0.0737425

0.78125 -0.0659518
0.796875 -0.0684379

-2.65446 0.25
-2.64062 0.251431

-0.25 0.0737428
-0.234375 0.0718366

-0.234375 0.0718368
-0.21875 0.0699252

-0.21875 0.0699255
-0.203125 0.0680078

0.796875 -0.068438
0.8125 -0.0709424

-2.64062 0.251428
-2.625 0.252914

0.75 -0.061025
0.759413 -0.0625

2.07812 -0.321773
2.09375 -0.324718

-2.625 0.252914
-2.60938 0.254275

2.09375 -0.324718
2.10938 -0.327622

-2.60938 0.254273
-2.59375 0.255511

0.8125 -0.0709425
0.828125 -0.0734648

2.125 -0.330485
2.11212 -0.328125

-0.203125 0.068008
-0.1875 0.0660833

-0.15625 0.0622118
-0.158571 0.0625

-0.15625 0.0622109
-0.140625 0.0602628

2.10938 -0.327626
2.1121 -0.328125

0.828125 -0.0734654
0.84375 -0.0760042

-0.140625 0.0602624
-0.125 0.0583071

-0.1875 0.0660834
-0.171875 0.0641511

-0.171875 0.064151
-0.158579 0.0625

-2.59375 0.25551
-2.57812 0.256632

-2.57812 0.256631
-2.5625 0.257641

0.859375 -0.0785864
0.856553 -0.078125

0.84375 -0.0759983
0.856759 -0.078125

2.125 -0.330485
2.14062 -0.333305

2.14062 -0.333304
2.15625 -0.336081

-0.125 0.0583069
-0.109375 0.0563454

-0.109375 0.0563453
-0.09375 0.0543782

-0.09375 0.0543782
-0.078125 0.0524058

-0.078125 0.0524059
-0.0625 0.0504278

-0.0625 0.050428
-0.046875 0.0484436

-0.03125 0.0464528
-0.0345627 0.046875

2.15625 -0.336081
2.17188 -0.338817

2.17188 -0.338818
2.1875 -0.341513

0.859375 -0.078559
0.875 -0.0811276

-0.046875 0.0484436
-0.0345673 0.046875

-0.03125 0.0464521
-0.015625 0.0444539

0.875 -0.0811272
0.890625 -0.0837097

0.890625 -0.0837101
0.90625 -0.0863064

2.20312 -0.344145
2.2008 -0.34375

2.20312 -0.344164
2.21875 -0.346768

-2.5625 0.257639
-2.54688 0.258543

0.90625 -0.086306
0.921875 -0.0889164

-0.015625 0.0444533
0 0.0424502

2.1875 -0.341519
2.20065 -0.34375

-2.54688 0.258541
-2.53125 0.259349

0.921875 -0.088916
0.9375 -0.0915419

2.21875 -0.34677
2.23438 -0.349328

2.23438 -0.349327
2.25 -0.351836

0.953125 -0.0942146
0.950379 -0.09375

-2.53125 0.259347
-2.51562 0.260067

-2.51562 0.260065
-2.5 0.260702

0.953125 -0.0941855
0.96875 -0.0968444

0.9375 -0.0915354
0.950592 -0.09375

2.25 -0.35184
2.26562 -0.354295

2.26562 -0.354302
2.28125 -0.35668

0.96875 -0.0968438
0.984375 -0.0995178

0.984375 -0.0995172
1 -0.102209

2.28125 -0.356686
2.29688 -0.358959

2.3125 -0.361114
2.29989 -0.359375

2.29688 -0.358965
2.29985 -0.359375

2.3125 -0.361113
2.32812 -0.36315

2.32812 -0.363144
2.34375 -0.36508

2.34375 -0.365081
2.35938 -0.366924

2.35938 -0.366926
2.375 -0.368671

2.45312 -0.375581
2.44481 -0.375

2.45312 -0.375585
2.46875 -0.376514

-2.5 0.2607
-2.48438 0.261261

-2.48438 0.26126
-2.46875 0.261752

-2.46875 0.261751
-2.45312 0.262181

-2.45312 0.26218
-2.4375 0.262551

-2.4375 0.262549
-2.42188 0.262867

-2.42188 0.262867
-2.40625 0.263138

-2.40625 0.263138
-2.39062 0.263363

-2.39062 0.263362
-2.375 0.263545

2.46875 -0.376518
2.48438 -0.377284

-2.375 0.263544
-2.35938 0.263691

-2.35938 0.263692
-2.34375 0.263802

2.48438 -0.377288
2.5 -0.377877

2.375 -0.368674
2.39062 -0.37031

-2.34375 0.263804
-2.32812 0.263869

-2.32812 0.26387
-2.3125 0.263884

2.39062 -0.370312
2.40625 -0.37183

2.40625 -0.371829
2.42188 -0.373226

-2.3125 0.263884
-2.29688 0.263844

-2.29688 0.263845
-2.28125 0.263747

-2.28125 0.263748
-2.26562 0.263588

-2.26562 0.263588
-2.25 0.263367

2.42188 -0.373237
2.4375 -0.374494

2.4375 -0.374504
2.4446 -0.375

-2.25 0.263367
-2.23438 0.263086

-2.23438 0.263087
-2.21875 0.262745

-2.21875 0.262745
-2.20312 0.262337

-2.20312 0.262338
-2.1875 0.261863

-2.1875 0.261863
-2.17188 0.261319

-2.17188 0.261319
-2.15625 0.260703

-2.15625 0.260703
-2.14062 0.260013

-2.14062 0.260013
-2.125 0.259247

1 -0.102208
1.01562 -0.104919

1.01562 -0.104919
1.03125 -0.107651

1.04688 -0.110416
1.04097 -0.109375

-2.125 0.259247
-2.10938 0.258406

-2.10938 0.258405
-2.09375 0.257493

-2.09375 0.257492
-2.07812 0.256511

-2.07812 0.25651
-2.0625 0.255465

-2.0625 0.255463
-2.04688 0.25436

-2.04688 0.254358
-2.03125 0.253204

-2.03125 0.253202
-2.01562 0.252006

-2.01562 0.252004
-2 0.250772

2.5 -0.377879
2.51562 -0.378279

2.51562 -0.378283
2.53125 -0.378481

1.03125 -0.107643
1.04108 -0.109375

1.04688 -0.110404
1.0625 -0.11318

2.53125 -0.378485
2.54688 -0.378464

1.0625 -0.11318
1.07812 -0.115977

1.07812 -0.115977
1.09375 -0.118797

1.09375 -0.118797
1.10938 -0.121641

1.10938 -0.121642
1.125 -0.12451

2.54688 -0.378469
2.5625 -0.378213

1.14062 -0.1274
1.12765 -0.125

2.5625 -0.378215
2.57812 -0.377709

2.57812 -0.377715
2.59375 -0.376941

2.59375 -0.376942
2.60938 -0.375885

2.60938 -0.375894
2.61981 -0.375

1.14062 -0.1274
1.15625 -0.130315

1.15625 -0.130316
1.17188 -0.133253

1.17188 -0.133253
1.1875 -0.136213

1.1875 -0.136213
1.20312 -0.139196

1.21875 -0.142207
1.21053 -0.140625

1.20312 -0.139194
1.21056 -0.140625

2.6195 -0.375
2.625 -0.374529

1.21875 -0.142204
1.23438 -0.145233

1.23438 -0.145233
1.25 -0.148281

2.625 -0.374545
2.64062 -0.37293

2.64062 -0.372952
2.65625 -0.371022

2.65625 -0.371029
2.67188 -0.368724

2.67188 -0.368732
2.6875 -0.366022

2.6875 -0.366024
2.70312 -0.362889

2.70312 -0.36291
2.71844 -0.359375

2.71841 -0.359375
2.71875 -0.359296

2.71875 -0.359755
2.7202 -0.359375

2.71875 -0.359277
2.73438 -0.355178

2.73438 -0.355226
2.75 -0.350593

-1.98438 0.249515
-1.99039 0.25

-1.98438 0.249508
-1.96875 0.24823

-1.96875 0.248228
-1.95312 0.246938

2.75 -0.350608
2.76562 -0.345351

2.76562 -0.346266
2.77228 -0.34375

2.76875 -0.34375
2.78125 -0.339021

2.78125 -0.339499
2.79688 -0.332818

-1.95312 0.246938
-1.9375 0.24564

-1.9375 0.24564
-1.92188 0.244337

1.125 -0.124507
1.12766 -0.125

2.79688 -0.33366
2.80823 -0.328125

2.80409 -0.328125
2.8125 -0.324023

-1.92188 0.244337
-1.90625 0.243027

1.25 -0.148281
1.26562 -0.151349

1.26562 -0.151349
1.28125 -0.154439

2.8125 -0.329272
2.81468 -0.328125

1.29688 -0.157555
1.29032 -0.15625

-1.90625 0.243027
-1.89062 0.241709

-1.89062 0.24171
-1.875 0.240384

2.8125 -0.325259
2.82812 -0.316432

2.82812 -0.317877
2.83629 -0.3125

-1.875 0.240385
-1.85938 0.239043

-1.85938 0.239045
-1.84375 0.237681

2.83295 -0.3125
2.84375 -0.305184

1.29688 -0.15755
1.3125 -0.160682

2.84375 -0.30648
2.85504 -0.296875

2.8546 -0.296875
2.85938 -0.292516

-1.84375 0.237682
-1.82812 0.23629

-1.82812 0.236289
-1.8125 0.23487

1.28125 -0.154435
1.29036 -0.15625

1.3125 -0.160683
1.32812 -0.163834

1.32812 -0.163834
1.34375 -0.167004

-1.79688 0.233428
-1.80712 0.234375

-1.8125 0.234865
-1.8072 0.234375

2.85938 -0.291796
2.86989 -0.28125

2.87005 -0.28125
2.875 -0.2763

1.34375 -0.167004
1.35938 -0.170192

1.375 -0.173401
1.36756 -0.171875

-1.79688 0.233422
-1.78125 0.231963

-1.78125 0.231961
-1.76562 0.230498

-1.76562 0.230497
-1.75 0.229036

-2 0.250767
-1.99048 0.25

1.35938 -0.17019
1.36759 -0.171875

2.875 -0.276564
2.88508 -0.265625

-1.75 0.229035
-1.73438 0.227579

2.88654 -0.265625
2.89062 -0.260713

1.375 -0.173398
1.39062 -0.176617

1.39062 -0.176617
1.40625 -0.17985

-1.73438 0.227579
-1.71875 0.22613

1.40625 -0.179849
1.42188 -0.183096

2.89062 -0.257624
2.89702 -0.25

1.42188 -0.183095
1.4375 -0.186358

-1.71875 0.22613
-1.70312 0.224685

-1.70312 0.224685
-1.6875 0.223245

1.45312 -0.18964
1.44293 -0.1875

2.89795 -0.25
2.90625 -0.239945

1.45312 -0.189638
1.46875 -0.192936

-1.6875 0.223245
-1.67188 0.221808

1.46875 -0.192936
1.48438 -0.196251

2.90625 -0.24129
2.92338 -0.21875

1.48438 -0.19625
1.5 -0.199581

-1.67188 0.221809
-1.65625 0.220374

1.4375 -0.186356
1.44295 -0.1875

2.92253 -0.21875
2.93258 -0.203125

2.93437 -0.203125
2.9375 -0.198271

-1.625 0.217508
-1.63853 0.21875

2.9375 -0.1926
2.94078 -0.1875

2.94272 -0.1875
2.95272 -0.171875

-1.65625 0.220374
-1.64062 0.218941

-1.64062 0.218937
-1.63859 0.21875

2.95307 -0.171875
2.95312 -0.17178

-1.625 0.217506
-1.60938 0.216071

-1.60938 0.216071
-1.59375 0.214638

-1.59375 0.214638
-1.57812 0.213209

-1.57812 0.213209
-1.5625 0.211784

2.95312 -0.170958
2.96253 -0.15625

2.96267 -0.15625
2.96875 -0.1471

-1.5625 0.211783
-1.54688 0.210363

-1.54688 0.210363
-1.53125 0.208946

-1.53125 0.208947
-1.51562 0.207532

2.96875 -0.146328
2.98384 -0.125

-1.51562 0.207533
-1.5 0.206115

2.98459 -0.125
3 -0.10611

3 -0.104218
3.00904 -0.09375

3.00978 -0.09375
3.03125 -0.0726529

3.03125 -0.0717028
3.04304 -0.0625

3.04403 -0.0625
3.0625 -0.0486903

3.0625 -0.0478377
3.125 -0.0155304

-1.5 0.206116
-1.48438 0.204693

-1.48438 0.204694
-1.46875 0.203263

-1.45312 0.201823
-1.46724 0.203125

-1.46875 0.203261
-1.46728 0.203125

-1.45312 0.201822
-1.4375 0.200368

-1.4375 0.200367
-1.42188 0.198902

3.125 -0.0158375
3.20274 0

3.25 -0.00492942
3.34904 0

3.5 -0.00557481
3.94803 0

-1.42188 0.198902
-1.40625 0.197425

-1.40625 0.197425
-1.39062 0.195935

-1.39062 0.195935
-1.375 0.194428

-1.375 0.194429
-1.35938 0.192904

-1.35938 0.192904
-1.34375 0.191362

-1.34375 0.191361
-1.32812 0.189803

-1.32812 0.189802
-1.3125 0.18823

-1.29688 0.186647
-1.30529 0.1875

-1.29688 0.186644
-1.28125 0.185052

-1.28125 0.185051
-1.26562 0.183456

-1.26562 0.183456
-1.25 0.181862

-1.3125 0.188227
-1.30533 0.1875

-1.25 0.181861
-1.23438 0.180272

-1.23438 0.180271
-1.21875 0.17869

-1.21875 0.178689
-1.20312 0.177118

-1.20312 0.177117
-1.1875 0.175559

-1.1875 0.175559
-1.17188 0.174014

-1.17188 0.174014
-1.15625 0.172485

-1.14062 0.170978
-1.14991 0.171875

-1.15625 0.172479
-1.15 0.171875

-1.14062 0.170974
-1.125 0.169482

-1.125 0.169482
-1.10938 0.168009

-1.10938 0.168009
-1.09375 0.166553

-1.09375 0.166554
-1.07812 0.165112

-1.07812 0.165113
-1.0625 0.163682

-1.0625 0.163683
-1.04688 0.162257

-1.04688 0.162258
-1.03125 0.160832

-1.03125 0.160833
-1.01562 0.1594

-1.01562 0.159402
-1 0.157957

