-4 -0.0085644
-3.61458 0

-3.60952 0
-3.5 0.00243363

-3.5 0.0112957
-3.25 0.0222395

-3.25 0.0209487
-3.125 0.0220523

-3.125 0.0111533
-3.0625 0.01535

-3.0625 0.0170578
-3.03125 0.0286502

-3.03125 0.0291984
-3.02736 0.03125

-3.02741 0.03125
-3 0.0457599

-2.99928 0.046875
-2.98438 0.05596

-2.98438 0.0564145
-2.97396 0.0625

-2.97203 0.0625
-2.96875 0.0644167

-2.96875 0.0652153
-2.95312 0.0737094

1.5 -0.144306
1.51562 -0.145139

1.51562 -0.14514
1.53125 -0.145971

1.53125 -0.145971
1.54688 -0.146799

1.54688 -0.1468
1.5625 -0.147623

-2.95312 0.073539
-2.94407 0.078125

1.5625 -0.147624
1.57812 -0.148442

1.57812 -0.148442
1.59375 -0.149254

1.59375 -0.149254
1.60938 -0.150058

1.60938 -0.150059
1.625 -0.150856

-2.9448 0.078125
-2.9375 0.0818236

1.625 -0.150856
1.64062 -0.151645

1.64062 -0.151645
1.65625 -0.152427

-2.9375 0.0816047
-2.92188 0.0889868

-2.92188 0.088903
-2.91089 0.09375

-2.91143 0.09375
-2.90625 0.0960355

-2.90625 0.095863
-2.89062 0.102302

-2.89062 0.102294
-2.875 0.108312

1.65625 -0.152427
1.67188 -0.153203

-2.875 0.107934
-2.87099 0.109375

-2.87232 0.109375
-2.85938 0.114031

-2.85938 0.11392
-2.84375 0.119168

-2.84375 0.11916
-2.82812 0.124067

-2.82812 0.123814
-2.82408 0.125

-2.82518 0.125
-2.8125 0.12872

-2.8125 0.12864
-2.79688 0.132918

-2.79688 0.132914
-2.78125 0.13691

-2.78125 0.136904
-2.76567 0.140625

1.67188 -0.153203
1.6875 -0.153975

1.6875 -0.153975
1.70312 -0.154741

1.70312 -0.154742
1.71875 -0.155499

1.75 -0.156979
1.73445 -0.15625

1.71875 -0.155499
1.73438 -0.156245

1.73438 -0.156245
1.73448 -0.15625

-2.76562 0.140426
-2.76473 0.140625

-2.76562 0.140641
-2.75 0.14412

1.75 -0.156979
1.76562 -0.157698

1.76562 -0.157699
1.78125 -0.158402

1.78125 -0.158403
1.79688 -0.159089

1.79688 -0.159089
1.8125 -0.159757

0.015625 -0.0170002
0.00373954 -0.015625

0 -0.0151813
0.0038348 -0.015625

0.015625 -0.0169978
0.03125 -0.0188151

0.03125 -0.0188153
0.046875 -0.0206409

0.046875 -0.020641
0.0625 -0.0224744

1.8125 -0.159757
1.82812 -0.160404

1.82812 -0.160404
1.84375 -0.161029

1.84375 -0.161029
1.85938 -0.16163

1.85938 -0.16163
1.875 -0.162207

1.875 -0.162207
1.89062 -0.162759

-1 0.0863335
-0.984375 0.0849023

-0.984375 0.0849026
-0.96875 0.0834679

-0.96875 0.0834683
-0.953125 0.0820286

-0.953125 0.0820292
-0.9375 0.0805827

-0.9375 0.0805835
-0.921875 0.0791275

-0.90625 0.0776497
-0.911306 0.078125

-0.921875 0.0791331
-0.911151 0.078125

-0.90625 0.0776593
-0.890625 0.0761766

-0.890625 0.0761765
-0.875 0.074681

0.0625 -0.0224744
0.078125 -0.0243153

-0.875 0.0746805
-0.859375 0.0731733

-0.859375 0.0731731
-0.84375 0.0716557

-0.84375 0.0716553
-0.828125 0.0701286

-0.828125 0.0701283
-0.8125 0.0685936

-0.75 0.0623747
-0.751256 0.0625

-0.8125 0.0685935
-0.796875 0.0670518

-0.796875 0.0670516
-0.78125 0.0655035

-0.78125 0.0655032
-0.765625 0.0639497

-0.765625 0.0639515
-0.751079 0.0625

0.078125 -0.0243153
0.09375 -0.0261634

0.09375 -0.0261635
0.109375 -0.0280187

0.109375 -0.0280189
0.125 -0.0298807

0.140625 -0.0317732
0.136249 -0.03125

0.140625 -0.0317497
0.15625 -0.0336219

0.125 -0.0298716
0.136529 -0.03125

0.15625 -0.0336225
0.171875 -0.0354959

0.171875 -0.0354966
0.1875 -0.0373685

0.1875 -0.0373691
0.203125 -0.039237

0.203125 -0.0392376
0.21875 -0.041099

-0.75 0.0623896
-0.734375 0.0608266

-0.734375 0.060826
-0.71875 0.059263

0.21875 -0.0410994
0.234375 -0.0429523

0.234375 -0.0429528
0.25 -0.0447956

-0.71875 0.0592625
-0.703125 0.0577017

-0.703125 0.0577013
-0.6875 0.0561446

-0.6875 0.0561442
-0.671875 0.0545931

-0.671875 0.0545932
-0.65625 0.0530485

-0.65625 0.0530489
-0.640625 0.0515099

-0.640625 0.0515104
-0.625 0.0499753

0.25 -0.0447955
0.265625 -0.0466274

-0.625 0.0499756
-0.609375 0.0484429

-2.75 0.144107
-2.73438 0.147348

-2.73438 0.147346
-2.71875 0.150368

-0.609375 0.0484442
-0.59375 0.0469108

-0.578125 0.0453747
-0.59339 0.046875

-0.59375 0.0469108
-0.593385 0.046875

-0.578125 0.0453751
-0.5625 0.0438374

-0.5625 0.0438374
-0.546875 0.0422969

-0.546875 0.042297
-0.53125 0.0407532

-0.53125 0.0407533
-0.515625 0.0392058

-0.515625 0.0392058
-0.5 0.0376545

-0.125 -0.0010659
-0.134646 0

-0.125 -0.00105838
-0.109375 -0.00279513

-0.109375 -0.00279531
-0.09375 -0.00454089

-0.09375 -0.00454102
-0.078125 -0.00629483

-0.078125 -0.00629482
-0.0625 -0.00805662

-0.0625 -0.00805655
-0.046875 -0.00982649

1.89062 -0.162759
1.90625 -0.163285

-0.046875 -0.00982633
-0.03125 -0.0116048

-0.03125 -0.0116048
-0.015625 -0.0133923

-0.015625 -0.0133919
0 -0.0151894

-0.5 0.0376543
-0.484375 0.0360996

-0.484375 0.0360995
-0.46875 0.0345419

-0.46875 0.0345416
-0.453125 0.032982

1.90625 -0.163285
1.92188 -0.163784

1.92188 -0.163784
1.9375 -0.164257

-0.453125 0.0329822
-0.4375 0.031421

0.28125 -0.0484488
0.267737 -0.046875

0.265625 -0.0466221
0.267796 -0.046875

0.28125 -0.0484482
0.296875 -0.0502539

0.296875 -0.0502542
0.3125 -0.0520444

0.3125 -0.0520445
0.328125 -0.0538184

0.328125 -0.0538184
0.34375 -0.0555759

0.34375 -0.0555758
0.359375 -0.0573172

0.359375 -0.0573169
0.375 -0.0590433

0.421875 -0.0641452
0.406652 -0.0625

0.421875 -0.0641454
0.4375 -0.0658208

0.375 -0.059043
0.390625 -0.0607559

-0.421875 0.0298575
-0.435798 0.03125

0.390625 -0.0607554
0.40625 -0.0624561

0.40625 -0.0624542
0.406674 -0.0625

0.4375 -0.0658212
0.453125 -0.0674818

-0.421875 0.0298578
-0.40625 0.0282948

-0.4375 0.0314258
-0.435742 0.03125

-2.71875 0.150365
-2.70312 0.153177

-2.70312 0.153173
-2.6875 0.15579

-2.6875 0.155725
-2.68412 0.15625

-2.68465 0.15625
-2.67188 0.158234

-2.67188 0.158213
-2.65625 0.160461

0.453125 -0.0674822
0.46875 -0.0691265

0.46875 -0.0691269
0.484375 -0.0707532

0.484375 -0.0707536
0.5 -0.0723604

0.5 -0.0723607
0.515625 -0.0739468

0.515625 -0.073947
0.53125 -0.0755115

0.53125 -0.0755113
0.546875 -0.0770543

0.5625 -0.0786035
0.557587 -0.078125

0.546875 -0.0770425
0.557989 -0.078125

0.5625 -0.0785765
0.578125 -0.0800768

0.578125 -0.0800769
0.59375 -0.0815546

0.59375 -0.0815545
0.609375 -0.0830096

0.609375 -0.0830093
0.625 -0.0844426

1.9375 -0.164257
1.95312 -0.164703

1.95312 -0.164703
1.96875 -0.165122

1.96875 -0.165122
1.98438 -0.165512

1.98438 -0.165512
2 -0.165875

-0.40625 0.0282947
-0.390625 0.0267323

-0.390625 0.0267326
-0.375 0.0251702

0.625 -0.0844421
0.640625 -0.0858554

0.640625 -0.085855
0.65625 -0.0872499

-0.375 0.0251707
-0.359375 0.0236066

-0.359375 0.0236074
-0.34375 0.0220394

0.65625 -0.0872494
0.671875 -0.0886277

-2.65625 0.160458
-2.64062 0.162541

-0.34375 0.02204
-0.328125 0.0204653

-0.328125 0.020466
-0.3125 0.0188819

-0.3125 0.0188821
-0.296875 0.0172869

-0.296875 0.0172874
-0.28125 0.0156793

-0.265625 0.0140578
-0.280731 0.015625

-0.28125 0.015681
-0.28071 0.015625

-2.64062 0.162537
-2.625 0.164467

-0.265625 0.0140578
-0.25 0.0124249

-2.625 0.164466
-2.60938 0.166251

-2.60938 0.166251
-2.59375 0.167897

-2.59375 0.167896
-2.57812 0.169409

-2.57812 0.169408
-2.5625 0.170794

-2.5625 0.170793
-2.5491 0.171875

0.671875 -0.0886273
0.6875 -0.0899907

-0.25 0.0124247
-0.234375 0.0107803

-0.234375 0.0107803
-0.21875 0.00912453

-0.21875 0.00912461
-0.203125 0.00745725

-0.203125 0.00745729
-0.1875 0.00577812

-0.1875 0.00577818
-0.171875 0.004087

-0.171875 0.00408691
-0.15625 0.00238379

-2.54914 0.171875
-2.54688 0.172058

-2.54688 0.172055
-2.53125 0.173196

-2.53125 0.173193
-2.51562 0.174218

-2.51562 0.174217
-2.5 0.175134

0.6875 -0.0899903
0.703125 -0.0913403

0.703125 -0.0913405
0.71875 -0.0926775

0.734375 -0.0940074
0.731335 -0.09375

0.734375 -0.0939999
0.75 -0.0953112

0.71875 -0.092676
0.731432 -0.09375

0.75 -0.0953117
0.765625 -0.0966116

0.765625 -0.0966123
0.78125 -0.0978983

0.78125 -0.0978983
0.796875 -0.0991691

0.796875 -0.0991692
0.8125 -0.100424

0.8125 -0.100424
0.828125 -0.101663

0.828125 -0.101663
0.84375 -0.102885

0.84375 -0.102885
0.859375 -0.104091

0.859375 -0.10409
0.875 -0.105281

0.875 -0.105281
0.890625 -0.106458

0.890625 -0.106457
0.90625 -0.107621

0.90625 -0.107621
0.921875 -0.108775

-2.5 0.175134
-2.48438 0.175947

-2.48438 0.175947
-2.46875 0.176658

-2.46875 0.176656
-2.45312 0.177269

0.9375 -0.10992
0.930041 -0.109375

0.921875 -0.108773
0.930104 -0.109375

0.9375 -0.109917
0.953125 -0.11105

0.953125 -0.11105
0.96875 -0.112176

0.96875 -0.112176
0.984375 -0.113293

0.984375 -0.113293
1 -0.1144

-0.15625 0.00238384
-0.140625 0.000668868

-0.140625 0.000681291
-0.134459 0

2 -0.165876
2.01562 -0.166211

2.01562 -0.166211
2.03125 -0.166517

2.03125 -0.166517
2.04688 -0.166792

2.04688 -0.166793
2.0625 -0.167034

2.0625 -0.167035
2.07812 -0.167241

2.07812 -0.167242
2.09375 -0.167411

2.09375 -0.167411
2.10938 -0.167542

2.10938 -0.167542
2.125 -0.167632

-2.45312 0.177268
-2.4375 0.177786

2.125 -0.167632
2.14062 -0.167679

2.14062 -0.167679
2.15625 -0.16768

1 -0.1144
1.01562 -0.115497

2.15625 -0.16768
2.17188 -0.167634

-2.4375 0.177785
-2.42188 0.178215

2.17188 -0.167634
2.1875 -0.167539

1.01562 -0.115497
1.03125 -0.116583

1.03125 -0.116583
1.04688 -0.117659

1.04688 -0.117659
1.0625 -0.118726

1.0625 -0.118725
1.07812 -0.119784

2.1875 -0.16754
2.20312 -0.167394

2.20312 -0.167395
2.21875 -0.167194

-2.42188 0.178214
-2.40625 0.178558

1.07812 -0.119784
1.09375 -0.120833

2.21875 -0.167195
2.23438 -0.166938

-2.40625 0.178557
-2.39062 0.178818

2.23438 -0.166938
2.25 -0.166621

1.09375 -0.120834
1.10938 -0.121873

-2.39062 0.178817
-2.375 0.178999

1.10938 -0.121873
1.125 -0.1229

-2.375 0.178998
-2.35938 0.179103

-2.35938 0.179103
-2.34375 0.179134

1.17188 -0.125905
1.15755 -0.125

2.25 -0.166621
2.26562 -0.166243

-2.34375 0.179134
-2.32812 0.179095

2.26562 -0.166243
2.28125 -0.165803

1.17188 -0.125904
1.1875 -0.126877

2.28125 -0.165804
2.29688 -0.165301

1.1875 -0.126878
1.20312 -0.127837

2.29688 -0.165302
2.3125 -0.164736

1.20312 -0.127838
1.21875 -0.128783

1.21875 -0.128783
1.23438 -0.129713

1.23438 -0.129712
1.25 -0.130628

1.125 -0.1229
1.14062 -0.123914

1.14062 -0.123914
1.15625 -0.124916

-2.32812 0.179094
-2.3125 0.178986

-2.3125 0.178986
-2.29688 0.178812

2.3125 -0.164736
2.32812 -0.164105

-2.29688 0.178812
-2.28125 0.178574

1.15625 -0.124911
1.15766 -0.125

2.32812 -0.164106
2.34375 -0.163405

2.34375 -0.163406
2.35938 -0.16263

2.35938 -0.162631
2.375 -0.161777

-2.28125 0.178574
-2.26562 0.178276

-2.26562 0.178275
-2.25 0.177919

2.375 -0.161777
2.39062 -0.160841

2.39062 -0.160841
2.40625 -0.159819

2.40625 -0.15982
2.42188 -0.158709

2.42188 -0.158711
2.4375 -0.157504

2.4375 -0.157509
2.45246 -0.15625

1.25 -0.130628
1.26562 -0.131529

-2.25 0.177918
-2.23438 0.177506

2.45233 -0.15625
2.45312 -0.156183

1.26562 -0.131529
1.28125 -0.132419

-2.23438 0.177505
-2.21875 0.17704

1.28125 -0.132418
1.29688 -0.133297

1.29688 -0.133296
1.3125 -0.134166

-2.21875 0.177039
-2.20312 0.176523

1.3125 -0.134166
1.32812 -0.135028

1.32812 -0.135028
1.34375 -0.135884

2.45312 -0.156193
2.46875 -0.154761

2.46875 -0.154762
2.48438 -0.153212

1.34375 -0.135884
1.35938 -0.136736

1.35938 -0.136736
1.375 -0.137585

-2.20312 0.176523
-2.1875 0.175959

1.375 -0.137584
1.39062 -0.138431

2.48438 -0.153213
2.5 -0.151544

1.39062 -0.138431
1.40625 -0.139275

-2.1875 0.175958
-2.17188 0.175347

-2.17188 0.175347
-2.15625 0.174693

-2.15625 0.174692
-2.14062 0.173999

1.40625 -0.139275
1.42188 -0.140119

1.4375 -0.140961
1.43126 -0.140625

-2.14062 0.173998
-2.125 0.173267

1.42188 -0.140118
1.43129 -0.140625

1.4375 -0.14096
1.45312 -0.141798

-2.125 0.173267
-2.10938 0.1725

-2.09375 0.171696
-2.09723 0.171875

-2.10938 0.1725
-2.09721 0.171875

-2.09375 0.171697
-2.07812 0.170861

-2.07812 0.17086
-2.0625 0.169994

-2.0625 0.169993
-2.04688 0.169098

1.45312 -0.141798
1.46875 -0.142635

1.46875 -0.142635
1.48438 -0.143471

1.48438 -0.143471
1.5 -0.144306

-2.04688 0.169097
-2.03125 0.168175

-2.03125 0.168174
-2.01562 0.167228

2.5 -0.151546
2.51562 -0.149751

2.51562 -0.149752
2.53125 -0.147827

-2.01562 0.167227
-2 0.166259

2.53125 -0.147827
2.54688 -0.145767

2.54688 -0.145767
2.5625 -0.143572

2.5625 -0.143574
2.57812 -0.141238

2.57812 -0.141255
2.58208 -0.140625

2.58197 -0.140625
2.59375 -0.138749

2.59375 -0.138753
2.60938 -0.136107

2.60938 -0.136109
2.625 -0.133303

2.625 -0.133305
2.64062 -0.130333

2.64062 -0.130334
2.65625 -0.12719

2.65625 -0.127225
2.66669 -0.125

2.66629 -0.125
2.67188 -0.123809

2.67188 -0.123864
2.6875 -0.120337

2.6875 -0.12034
2.70312 -0.116612

2.70312 -0.116614
2.71875 -0.112673

2.71875 -0.112715
2.73125 -0.109375

2.73068 -0.109375
2.73438 -0.108388

2.73438 -0.108507
2.75 -0.104082

2.75 -0.104087
2.76562 -0.0994043

2.76562 -0.09941
2.78125 -0.0944488

2.78125 -0.0944962
2.78346 -0.09375

2.78333 -0.09375
2.79688 -0.0891833

2.79688 -0.089187
2.8125 -0.0836034

2.8125 -0.0836369
2.82703 -0.078125

2.82648 -0.078125
2.82812 -0.0775015

2.82812 -0.0776927
2.84375 -0.0713957

2.84375 -0.0714068
2.85938 -0.0647169

2.85938 -0.06483
2.86449 -0.0625

2.86415 -0.0625
2.875 -0.0575546

2.875 -0.0576123
2.89062 -0.0500164

2.89062 -0.0501403
2.89691 -0.046875

2.89656 -0.046875
2.90625 -0.0418442

2.90625 -0.0419269
2.92188 -0.0332392

2.92188 -0.0333217
2.92538 -0.03125

2.9252 -0.03125
2.9375 -0.0239185

2.9375 -0.0239612
2.9505 -0.015625

2.95048 -0.015625
2.95312 -0.0139511

2.95312 -0.0139615
2.96875 -0.00314631

2.96875 -0.0030952
2.97286 0

-2 0.166258
-1.98438 0.165272

-1.98438 0.165271
-1.96875 0.164268

-1.96875 0.164268
-1.95312 0.163249

-1.95312 0.163249
-1.9375 0.162215

-1.9375 0.162215
-1.92188 0.161166

-1.92188 0.161166
-1.90625 0.160103

-1.90625 0.160103
-1.89062 0.159025

2.97303 0
2.98438 0.00850318

-1.89062 0.159025
-1.875 0.157931

2.98438 0.0101278
2.99115 0.015625

2.99588 0.015625
3 0.0189306

-1.84375 0.155699
-1.85141 0.15625

-1.875 0.157931
-1.85938 0.156823

-1.85938 0.156825
-1.85137 0.15625

-1.84375 0.1557
-1.82812 0.154563

-1.82812 0.154562
-1.8125 0.153413

3 0.0231824
3.01246 0.03125

3.01335 0.03125
3.03125 0.0427786

-1.8125 0.153412
-1.79688 0.152252

-1.79688 0.152252
-1.78125 0.151082

-1.78125 0.151082
-1.76562 0.149903

-1.76562 0.149902
-1.75 0.148715

3.03125 0.0434369
3.0625 0.0550326

3.0625 0.0560554
3.125 0.056371

3.125 0.0453394
3.25 0.0308621

3.25 0.0250782
3.5 0.00355102

4 -0.0110079
3.6579 0

-1.75 0.148714
-1.73438 0.147521

-1.73438 0.147521
-1.71875 0.146324

-1.71875 0.146324
-1.70312 0.145121

-1.70312 0.145121
-1.6875 0.143912

3.5 0.00373562
3.61609 0

-1.6875 0.143912
-1.67188 0.142697

-1.67188 0.142697
-1.65625 0.141478

-1.64062 0.140247
-1.64545 0.140625

-1.65625 0.141481
-1.64533 0.140625

-1.64062 0.140252
-1.625 0.139021

-1.625 0.139021
-1.60938 0.137785

-1.60938 0.137784
-1.59375 0.136545

-1.59375 0.136545
-1.57812 0.135304

-1.57812 0.135304
-1.5625 0.134061

-1.5625 0.134061
-1.54688 0.132819

-1.54688 0.132819
-1.53125 0.131576

-1.53125 0.131576
-1.51562 0.130333

-1.51562 0.130334
-1.5 0.12909

-1.4375 0.124078
-1.44893 0.125

-1.4375 0.124078
-1.42188 0.122814

-1.42188 0.122814
-1.40625 0.121547

-1.40625 0.121548
-1.39062 0.120278

-1.39062 0.120278
-1.375 0.119005

-1.5 0.12909
-1.48438 0.127844

-1.48438 0.127844
-1.46875 0.126594

-1.46875 0.126594
-1.45312 0.125339

-1.45312 0.125342
-1.44888 0.125

-1.375 0.119005
-1.35938 0.117729

-1.35938 0.117729
-1.34375 0.116448

-1.34375 0.116448
-1.32812 0.115163

-1.32812 0.115163
-1.3125 0.113871

-1.3125 0.113871
-1.29688 0.112572

-1.29688 0.112572
-1.28125 0.111264

-1.28125 0.111264
-1.26562 0.109948

-1.25 0.108617
-1.25891 0.109375

-1.26562 0.109953
-1.25882 0.109375

-1.25 0.10862
-1.23438 0.107281

-1.23438 0.107281
-1.21875 0.105932

-1.21875 0.105932
-1.20312 0.104575

-1.20312 0.104575
-1.1875 0.10321

-1.1875 0.10321
-1.17188 0.101838

-1.17188 0.101838
-1.15625 0.100458

-1.15625 0.100458
-1.14062 0.0990703

-1.14062 0.09907
-1.125 0.0976761

-1.125 0.097676
-1.10938 0.0962764

-1.10938 0.0962765
-1.09375 0.0948709

-1.07812 0.0934479
-1.08147 0.09375

-1.07812 0.0934577
-1.0625 0.0920383

-1.09375 0.0948743
-1.08132 0.09375

-1.0625 0.0920379
-1.04688 0.0906147

-1.04688 0.0906142
-1.03125 0.0891888

-1.03125 0.0891888
-1.01562 0.0877619

-1.01562 0.087762
-1 0.0863333

