0 0 
0.31305 0.00299733 
0.626099 0.00617207 
0.939149 0.0132506 
1.2522 0.0228259 
1.56525 0.0347583 
1.8783 0.0489174 
2.19135 0.0648544 
2.5044 0.0827747 
2.81745 0.102171 
3.1305 0.123232 
3.44354 0.145256 
3.75659 0.168069 
4.06964 0.190988 
4.38269 0.212646 
4.69574 0.233161 
5.00879 0.250755 
5.32184 0.266643 
5.63489 0.277222 
5.94794 0.285991 
6.26099 0.348257 
6.57404 0.296618 
6.88709 0.284732 
7.20014 0.268975 
7.51319 0.253708 
7.82624 0.234317 
8.13929 0.207856 
8.45234 0.181186 
8.76539 0.159307 
9.07844 0.134442 
9.39149 0.11573 
9.70454 0.115377 
10.0176 0.110055 
10.3306 0.106208 
10.6437 0.105863 
10.9567 0.126336 
11.2698 0.140444 
11.5828 0.170793 
11.8959 0.201249 
12.2089 0.223667 
12.522 0.255578 
12.835 0.307591 
13.1481 0.345241 
13.4611 0.400043 
13.7742 0.422776 
14.0872 0.493809 
14.4003 0.52552 
14.7133 0.520812 
15.0264 0.500724 
15.3394 0.464274 
15.6525 0.501188 
15.9655 0.515591 
16.2786 0.533041 
16.5916 0.547046 
16.9047 0.545596 
17.2177 0.551145 
17.5308 0.569524 
17.8438 0.552951 
18.1569 0.560895 
18.4699 0.572501 
18.783 0.573616 
19.096 0.572624 
19.4091 0.555368 
19.7221 0.55636 
20.0352 0.555936 
20.3482 0.535731 
20.6613 0.547181 
20.9743 0.533276 
21.2874 0.538323 
21.6004 0.557416 
21.9135 0.672614 
22.2265 0.595694 
22.5396 0.64115 
22.8526 0.869825 
23.1657 0.818117 
23.4787 0.752011 
23.7918 0.586385 
24.1048 0.468774 
24.4179 0.359437 
24.7309 0.347301 
25.044 0.387693 
25.357 0.397835 
25.6701 0.369463 
25.9831 0.34057 
26.2962 0.313274 
26.6092 0.290848 
26.9223 0.272863 
27.2353 0.247595 
27.5484 0.235333 
27.8614 0.213045 
28.1745 0.221939 
28.4875 0.223606 
28.8006 0.223442 
29.1136 0.225995 
29.4267 0.228988 
29.7397 0.214445 
30.0528 0.215337 
30.3658 0.210277 
30.6789 0.206054 
30.9919 0.200128 
31.305 0.205359 
31.618 0.209319 
31.9311 0.212811 
32.2441 0.221486 
32.5571 0.221676 
32.8702 0.220046 
33.1832 0.218902 
33.4963 0.211908 
33.8093 0.212761 
34.1224 0.208583 
34.4354 0.210296 
34.7485 0.199354 
35.0615 0.190642 
35.3746 0.187848 
35.6876 0.1963 
36.0007 0.192479 
36.3137 0.188763 
36.6268 0.184485 
36.9398 0.18167 
37.2529 0.203274 
37.5659 0.173441 
37.879 0.151557 
38.192 0.144855 
38.5051 0.134602 
38.8181 0.125611 
39.1312 0.168649 
39.4442 0.119518 
39.7573 0.114157 
40.0703 0.13871 
40.3834 0.106113 
40.6964 0.0850878 
41.0095 0.157296 
41.3225 0.132605 
41.6356 0.12595 
41.9486 0.142923 
42.2617 0.15459 
42.5747 0.154891 
42.8878 0.171928 
43.2008 0.17423 
43.5139 0.174009 
43.8269 0.205668 
44.14 0.208282 
44.453 0.210739 
44.7661 0.22317 
45.0791 0.226185 
45.3922 0.224842 
45.7052 0.255722 
46.0183 0.255305 
46.3313 0.234019 
46.6444 0.232285 
46.9574 0.223917 
47.2705 0.216656 
47.5835 0.215798 
47.8966 0.199147 
48.2096 0.197584 
48.5227 0.201071 
48.8357 0.190519 
49.1488 0.183951 
49.4618 0.176312 
49.7749 0.172981 
50.0879 0.191844 
50.401 0.184047 
50.714 0.184208 
51.0271 0.190693 
51.3401 0.193252 
51.6532 0.217696 
51.9662 0.239514 
52.2793 0.254898 
52.5923 0.242815 
52.9054 0.249079 
53.2184 0.262369 
53.5315 0.252801 
53.8445 0.232104 
54.1576 0.206498 
54.4706 0.196432 
54.7837 0.184156 
55.0967 0.185898 
55.4098 0.162983 
55.7228 0.153585 
56.0359 0.177946 
56.3489 0.178788 
56.662 0.164686 
56.975 0.151827 
57.2881 0.146114 
57.6011 0.141748 
57.9142 0.138015 
58.2272 0.142204 
58.5403 0.143241 
58.8533 0.151261 
59.1664 0.157806 
59.4794 0.170768 
59.7925 0.179986 
60.1055 0.185511 
60.4186 0.190906 
60.7316 0.19654 
61.0447 0.198316 
61.3577 0.198065 
61.6708 0.201655 
61.9838 0.208459 
62.2969 0.215456 
62.6099 0.221948 
62.923 0.228435 
63.236 0.234247 
63.5491 0.235938 
63.8621 0.239629 
64.1752 0.239446 
64.4882 0.238096 
64.8012 0.236257 
65.1143 0.23089 
65.4273 0.224479 
65.7404 0.218427 
66.0534 0.2125 
66.3665 0.20055 
66.6795 0.193704 
66.9926 0.182952 
67.3056 0.181494 
67.6187 0.179163 
67.9317 0.193018 
68.2448 0.158383 
68.5578 0.144654 
68.8709 0.13068 
69.1839 0.124208 
69.497 0.12724 
69.81 0.13435 
70.1231 0.124613 
70.4361 0.117814 
70.7492 0.113246 
71.0622 0.100319 
71.3753 0.089397 
71.6883 0.115012 
72.0014 0.116554 
72.3144 0.133274 
72.6275 0.142451 
72.9405 0.152425 
73.2536 0.145774 
73.5666 0.15343 
73.8797 0.156114 
74.1927 0.161857 
74.5058 0.168474 
74.8188 0.175156 
75.1319 0.179456 
75.4449 0.184546 
75.758 0.188059 
76.071 0.195228 
76.3841 0.204482 
76.6971 0.210507 
77.0102 0.211655 
77.3232 0.209279 
77.6363 0.205441 
77.9493 0.200324 
78.2624 0.197747 
78.5754 0.191411 
78.8885 0.185425 
79.2015 0.182529 
79.5146 0.181972 
79.8276 0.173838 
80.1407 0.175285 
80.4537 0.175542 
80.7668 0.178226 
81.0798 0.163291 
81.3929 0.166052 
81.7059 0.172127 
82.019 0.184955 
82.332 0.198292 
82.6451 0.210059 
82.9581 0.218615 
83.2712 0.255181 
83.5842 0.228205 
83.8973 0.220652 
84.2103 0.220216 
84.5234 0.221723 
84.8364 0.219607 
85.1495 0.213997 
85.4625 0.208851 
85.7756 0.204105 
86.0886 0.196225 
86.4017 0.185316 
86.7147 0.174141 
87.0278 0.167916 
87.3408 0.169627 
87.6539 0.176669 
87.9669 0.175289 
88.28 0.163621 
88.593 0.157202 
88.9061 0.150621 
89.2191 0.154739 
89.5322 0.157603 
89.8452 0.152386 
90.1583 0.146074 
90.4713 0.154771 
90.7844 0.161867 
91.0974 0.17499 
91.4105 0.182682 
91.7235 0.188183 
92.0366 0.195922 
92.3496 0.203329 
92.6627 0.210077 
92.9757 0.2163 
93.2888 0.220702 
93.6018 0.223799 
93.9149 0.228569 
94.2279 0.232626 
94.541 0.23654 
94.854 0.23811 
95.1671 0.238166 
95.4801 0.235247 
95.7932 0.234535 
96.1062 0.229895 
96.4193 0.225683 
96.7323 0.223836 
97.0454 0.215003 
97.3584 0.210222 
97.6714 0.195226 
97.9845 0.186567 
98.2975 0.174845 
98.6106 0.169003 
98.9236 0.190195 
99.2367 0.171413 
99.5497 0.140086 
99.8628 0.130763 
100.176 0.122237 
100.489 0.120803 
100.802 0.130687 
101.115 0.124798 
101.428 0.11491 
101.741 0.111407 
102.054 0.0992995 
102.367 0.0855777 
102.68 0.0788083 
102.993 0.0948698 
103.306 0.108977 
103.619 0.115686 
103.932 0.118842 
104.245 0.123526 
104.559 0.141534 
104.872 0.14345 
105.185 0.146938 
105.498 0.150186 
105.811 0.156876 
106.124 0.168845 
106.437 0.16747 
106.75 0.176156 
107.063 0.179335 
107.376 0.1851 
107.689 0.187455 
108.002 0.195326 
108.315 0.194509 
108.628 0.19298 
108.941 0.187301 
109.254 0.183433 
109.567 0.180153 
109.88 0.175955 
110.193 0.173118 
110.506 0.170266 
110.82 0.167265 
111.133 0.164989 
111.446 0.163497 
111.759 0.159496 
112.072 0.16167 
112.385 0.154164 
112.698 0.165341 
113.011 0.174379 
113.324 0.183307 
113.637 0.193643 
113.95 0.198762 
114.263 0.220832 
114.576 0.249602 
114.889 0.222612 
115.202 0.215159 
115.515 0.218055 
115.828 0.224211 
116.141 0.225036 
116.454 0.220014 
116.767 0.211752 
117.081 0.210804 
117.394 0.203458 
117.707 0.191543 
118.02 0.181315 
118.333 0.171027 
118.646 0.166219 
118.959 0.173939 
119.272 0.168192 
119.585 0.175731 
119.898 0.169898 
120.211 0.16144 
120.524 0.16264 
120.837 0.160058 
121.15 0.149325 
121.463 0.148821 
121.776 0.163049 
122.089 0.170224 
122.402 0.182209 
122.715 0.190413 
123.028 0.197667 
123.342 0.20594 
123.655 0.211822 
123.968 0.217621 
124.281 0.224293 
124.594 0.229095 
124.907 0.232993 
125.22 0.234729 
125.533 0.237792 
125.846 0.239084 
126.159 0.24059 
126.472 0.238266 
126.785 0.234896 
127.098 0.23181 
127.411 0.22945 
127.724 0.22484 
128.037 0.219289 
128.35 0.211067 
128.663 0.200419 
128.976 0.189081 
129.289 0.179291 
129.602 0.165512 
129.916 0.162173 
130.229 0.20124 
130.542 0.154084 
130.855 0.134468 
131.168 0.125106 
131.481 0.119021 
131.794 0.123062 
132.107 0.122616 
132.42 0.11565 
132.733 0.110177 
133.046 0.100769 
133.359 0.090184 
133.672 0.081825 
133.985 0.0765079 
134.298 0.0851319 
134.611 0.0938916 
134.924 0.105889 
135.237 0.109586 
135.55 0.119652 
135.863 0.130159 
136.177 0.132635 
136.49 0.139539 
136.803 0.142732 
137.116 0.150594 
137.429 0.159954 
137.742 0.159105 
138.055 0.166672 
138.368 0.170639 
138.681 0.175376 
138.994 0.18056 
139.307 0.184292 
139.62 0.184425 
139.933 0.185104 
140.246 0.181805 
140.559 0.177631 
140.872 0.172469 
141.185 0.167759 
141.498 0.167433 
141.811 0.165387 
142.124 0.162649 
142.438 0.160977 
142.751 0.158052 
143.064 0.156847 
143.377 0.157678 
143.69 0.151946 
144.003 0.162188 
144.316 0.171555 
144.629 0.178596 
144.942 0.189047 
145.255 0.19584 
145.568 0.206797 
145.881 0.233702 
146.194 0.214055 
146.507 0.215672 
146.82 0.219407 
147.133 0.227884 
147.446 0.231822 
147.759 0.227359 
148.072 0.218739 
148.385 0.210661 
148.699 0.206065 
149.012 0.1973 
149.325 0.189754 
149.638 0.179185 
149.951 0.170178 
150.264 0.172322 
150.577 0.165575 
150.89 0.172109 
151.203 0.165155 
151.516 0.160678 
151.829 0.167856 
152.142 0.157166 
152.455 0.145162 
152.768 0.151613 
153.081 0.168434 
153.394 0.176018 
153.707 0.187196 
154.02 0.195787 
154.333 0.203915 
154.646 0.212232 
154.96 0.218788 
155.273 0.224532 
155.586 0.230366 
155.899 0.235391 
156.212 0.237688 
156.525 0.238214 
