0 0 
0.31305 0.00275532 
0.626099 0.0054467 
0.939149 0.0118341 
1.2522 0.0205249 
1.56525 0.0314625 
1.8783 0.0445576 
2.19135 0.0596892 
2.5044 0.0767107 
2.81745 0.0953965 
3.1305 0.115351 
3.44354 0.136799 
3.75659 0.158872 
4.06964 0.180838 
4.38269 0.201821 
4.69574 0.22104 
5.00879 0.237683 
5.32184 0.251099 
5.63489 0.260822 
5.94794 0.266564 
6.26099 0.267668 
6.57404 0.263094 
6.88709 0.252945 
7.20014 0.237524 
7.51319 0.218453 
7.82624 0.197725 
8.13929 0.175172 
8.45234 0.153862 
8.76539 0.133188 
9.07844 0.114242 
9.39149 0.101225 
9.70454 0.0991076 
10.0176 0.0975567 
10.3306 0.0948811 
10.6437 0.0920655 
10.9567 0.105293 
11.2698 0.11682 
11.5828 0.136131 
11.8959 0.155648 
12.2089 0.175477 
12.522 0.209689 
12.835 0.249948 
13.1481 0.278971 
13.4611 0.301209 
13.7742 0.317882 
14.0872 0.378602 
14.4003 0.418536 
14.7133 0.445346 
15.0264 0.413893 
15.3394 0.366147 
15.6525 0.390606 
15.9655 0.40305 
16.2786 0.424723 
16.5916 0.435004 
16.9047 0.435132 
17.2177 0.43195 
17.5308 0.457007 
17.8438 0.440341 
18.1569 0.436256 
18.4699 0.44644 
18.783 0.456148 
19.096 0.458063 
19.4091 0.435782 
19.7221 0.442058 
20.0352 0.4392 
20.3482 0.425289 
20.6613 0.4315 
20.9743 0.422858 
21.2874 0.422551 
21.6004 0.447562 
21.9135 0.586677 
22.2265 0.478003 
22.5396 0.531154 
22.8526 0.764872 
23.1657 0.705617 
23.4787 0.641449 
23.7918 0.50267 
24.1048 0.351259 
24.4179 0.288026 
24.7309 0.291114 
25.044 0.32787 
25.357 0.348809 
25.6701 0.33564 
25.9831 0.308456 
26.2962 0.275913 
26.6092 0.256656 
26.9223 0.23714 
27.2353 0.208604 
27.5484 0.19208 
27.8614 0.168324 
28.1745 0.176775 
28.4875 0.183524 
28.8006 0.188162 
29.1136 0.192503 
29.4267 0.194803 
29.7397 0.192916 
30.0528 0.191573 
30.3658 0.18558 
30.6789 0.182124 
30.9919 0.173864 
31.305 0.182812 
31.618 0.189137 
31.9311 0.195516 
32.2441 0.19874 
32.5571 0.202741 
32.8702 0.205417 
33.1832 0.203497 
33.4963 0.197878 
33.8093 0.198528 
34.1224 0.196482 
34.4354 0.191538 
34.7485 0.184493 
35.0615 0.175415 
35.3746 0.170448 
35.6876 0.167005 
36.0007 0.173947 
36.3137 0.174979 
36.6268 0.171451 
36.9398 0.165673 
37.2529 0.157566 
37.5659 0.147115 
37.879 0.136669 
38.192 0.126511 
38.5051 0.114537 
38.8181 0.105918 
39.1312 0.133294 
39.4442 0.0907671 
39.7573 0.103014 
40.0703 0.121012 
40.3834 0.0933155 
40.6964 0.0684458 
41.0095 0.13132 
41.3225 0.111366 
41.6356 0.103709 
41.9486 0.117204 
42.2617 0.119285 
42.5747 0.127567 
42.8878 0.135878 
43.2008 0.136822 
43.5139 0.145968 
43.8269 0.161543 
44.14 0.159766 
44.453 0.172262 
44.7661 0.196161 
45.0791 0.202999 
45.3922 0.195644 
45.7052 0.220808 
46.0183 0.223746 
46.3313 0.214874 
46.6444 0.201702 
46.9574 0.193522 
47.2705 0.185262 
47.5835 0.181902 
47.8966 0.177042 
48.2096 0.175507 
48.5227 0.175283 
48.8357 0.167595 
49.1488 0.164279 
49.4618 0.161143 
49.7749 0.162095 
50.0879 0.184331 
50.401 0.176521 
50.714 0.174665 
51.0271 0.181304 
51.3401 0.185913 
51.6532 0.208704 
51.9662 0.233219 
52.2793 0.235145 
52.5923 0.226566 
52.9054 0.240992 
53.2184 0.255165 
53.5315 0.24622 
53.8445 0.226385 
54.1576 0.198134 
54.4706 0.187164 
54.7837 0.173044 
55.0967 0.16775 
55.4098 0.1448 
55.7228 0.137243 
56.0359 0.156537 
56.3489 0.158124 
56.662 0.149555 
56.975 0.142232 
57.2881 0.140794 
57.6011 0.131666 
57.9142 0.125807 
58.2272 0.130105 
58.5403 0.132012 
58.8533 0.138099 
59.1664 0.147906 
59.4794 0.157672 
59.7925 0.165806 
60.1055 0.171726 
60.4186 0.176707 
60.7316 0.179415 
61.0447 0.17811 
61.3577 0.174933 
61.6708 0.176613 
61.9838 0.18586 
62.2969 0.194959 
62.6099 0.204656 
62.923 0.213795 
63.236 0.220174 
63.5491 0.224133 
63.8621 0.227293 
64.1752 0.228656 
64.4882 0.227969 
64.8012 0.225713 
65.1143 0.220137 
65.4273 0.212339 
65.7404 0.206137 
66.0534 0.19844 
66.3665 0.187739 
66.6795 0.177699 
66.9926 0.170218 
67.3056 0.164176 
67.6187 0.157896 
67.9317 0.149281 
68.2448 0.138595 
68.5578 0.127886 
68.8709 0.117149 
69.1839 0.109316 
69.497 0.108722 
69.81 0.10877 
70.1231 0.108593 
70.4361 0.106337 
70.7492 0.0989281 
71.0622 0.0845152 
71.3753 0.0720339 
71.6883 0.0947257 
72.0014 0.0976674 
72.3144 0.0988488 
72.6275 0.112582 
72.9405 0.121882 
73.2536 0.119288 
73.5666 0.124876 
73.8797 0.125829 
74.1927 0.130511 
74.5058 0.135722 
74.8188 0.138553 
75.1319 0.149219 
75.4449 0.158066 
75.758 0.163436 
76.071 0.169632 
76.3841 0.177904 
76.6971 0.186335 
77.0102 0.189107 
77.3232 0.188702 
77.6363 0.185645 
77.9493 0.182201 
78.2624 0.180824 
78.5754 0.174024 
78.8885 0.168644 
79.2015 0.16623 
79.5146 0.168149 
79.8276 0.157961 
80.1407 0.161883 
80.4537 0.162382 
80.7668 0.160516 
81.0798 0.151032 
81.3929 0.149187 
81.7059 0.160635 
82.019 0.172447 
82.332 0.187439 
82.6451 0.201561 
82.9581 0.20666 
83.2712 0.227678 
83.5842 0.207479 
83.8973 0.210458 
84.2103 0.209679 
84.5234 0.21361 
84.8364 0.212816 
85.1495 0.209037 
85.4625 0.203091 
85.7756 0.197208 
86.0886 0.188611 
86.4017 0.178745 
86.7147 0.169038 
87.0278 0.162609 
87.3408 0.162398 
87.6539 0.169255 
87.9669 0.16588 
88.28 0.156149 
88.593 0.15011 
88.9061 0.140701 
89.2191 0.143438 
89.5322 0.146072 
89.8452 0.141261 
90.1583 0.133624 
90.4713 0.140691 
90.7844 0.148069 
91.0974 0.156149 
91.4105 0.163312 
91.7235 0.169832 
92.0366 0.176077 
92.3496 0.181984 
92.6627 0.18856 
92.9757 0.195424 
93.2888 0.20121 
93.6018 0.206001 
93.9149 0.213671 
94.2279 0.220174 
94.541 0.224745 
94.854 0.226902 
95.1671 0.22653 
95.4801 0.22488 
95.7932 0.222854 
96.1062 0.22024 
96.4193 0.215536 
96.7323 0.209384 
97.0454 0.2026 
97.3584 0.194479 
97.6714 0.184487 
97.9845 0.173222 
98.2975 0.161649 
98.6106 0.150782 
98.9236 0.140867 
99.2367 0.129596 
99.5497 0.118044 
99.8628 0.108678 
100.176 0.105448 
100.489 0.105181 
100.802 0.104751 
101.115 0.103533 
101.428 0.10085 
101.741 0.0962412 
102.054 0.0869813 
102.367 0.0734826 
102.68 0.0645991 
102.993 0.0763156 
103.306 0.0880712 
103.619 0.0911816 
103.932 0.100174 
104.245 0.103074 
104.559 0.111329 
104.872 0.11435 
105.185 0.117986 
105.498 0.123977 
105.811 0.129086 
106.124 0.134247 
106.437 0.139465 
106.75 0.146227 
107.063 0.153531 
107.376 0.158605 
107.689 0.160035 
108.002 0.168594 
108.315 0.169286 
108.628 0.170677 
108.941 0.167396 
109.254 0.166915 
109.567 0.164783 
109.88 0.160417 
110.193 0.158123 
110.506 0.156257 
110.82 0.155397 
111.133 0.149634 
111.446 0.150897 
111.759 0.145852 
112.072 0.143453 
112.385 0.139818 
112.698 0.147578 
113.011 0.161807 
113.324 0.169367 
113.637 0.179788 
113.95 0.190058 
114.263 0.206754 
114.576 0.199698 
114.889 0.200607 
115.202 0.20328 
115.515 0.208245 
115.828 0.21602 
116.141 0.218531 
116.454 0.214114 
116.767 0.205471 
117.081 0.202508 
117.394 0.196591 
117.707 0.186636 
118.02 0.177221 
118.333 0.167231 
118.646 0.160996 
118.959 0.167706 
119.272 0.15881 
119.585 0.168087 
119.898 0.160662 
120.211 0.150244 
120.524 0.151236 
120.837 0.147989 
121.15 0.136634 
121.463 0.133701 
121.776 0.14332 
122.089 0.152222 
122.402 0.16125 
122.715 0.169666 
123.028 0.177527 
123.342 0.184584 
123.655 0.190673 
123.968 0.19717 
124.281 0.204807 
124.594 0.211248 
124.907 0.216482 
125.22 0.221462 
125.533 0.225491 
125.846 0.227914 
126.159 0.228441 
126.472 0.227017 
126.785 0.22473 
127.098 0.222888 
127.411 0.219992 
127.724 0.214053 
128.037 0.205729 
128.35 0.196322 
128.663 0.186563 
128.976 0.175643 
129.289 0.163954 
129.602 0.15202 
129.916 0.140619 
130.229 0.143547 
130.542 0.121914 
130.855 0.110288 
131.168 0.103243 
131.481 0.102512 
131.794 0.102154 
132.107 0.100679 
132.42 0.0980969 
132.733 0.0931719 
133.046 0.0867536 
133.359 0.0786269 
133.672 0.0693505 
133.985 0.062221 
134.298 0.0692323 
134.611 0.0775043 
134.924 0.0848403 
135.237 0.0906627 
135.55 0.0972786 
135.863 0.102544 
136.177 0.106209 
136.49 0.111979 
136.803 0.118362 
137.116 0.123588 
137.429 0.127214 
137.742 0.129888 
138.055 0.135529 
138.368 0.144687 
138.681 0.149216 
138.994 0.15296 
139.307 0.15628 
139.62 0.159066 
139.933 0.162768 
140.246 0.161689 
140.559 0.160143 
140.872 0.156511 
141.185 0.152195 
141.498 0.151593 
141.811 0.150369 
142.124 0.149177 
142.438 0.145271 
142.751 0.145632 
143.064 0.142723 
143.377 0.138931 
143.69 0.134716 
144.003 0.145255 
144.316 0.157432 
144.629 0.16476 
144.942 0.176807 
145.255 0.185529 
145.568 0.191069 
145.881 0.194646 
146.194 0.197392 
146.507 0.204105 
146.82 0.209675 
147.133 0.219839 
147.446 0.22609 
147.759 0.220855 
148.072 0.212113 
148.385 0.205314 
148.699 0.200485 
149.012 0.191712 
149.325 0.18552 
149.638 0.175328 
149.951 0.16563 
150.264 0.16608 
150.577 0.156382 
150.89 0.164192 
151.203 0.154802 
151.516 0.146756 
151.829 0.155046 
152.142 0.143328 
152.455 0.131279 
152.768 0.135709 
153.081 0.14696 
153.394 0.157095 
153.707 0.166425 
154.02 0.174986 
154.333 0.183182 
154.646 0.190831 
154.96 0.197921 
155.273 0.204771 
155.586 0.211174 
155.899 0.217265 
156.212 0.221473 
156.525 0.224959 
