0 0 
0.31305 0.00117991 
0.626099 0.00290307 
0.939149 0.0059609 
1.2522 0.00998752 
1.56525 0.0147734 
1.8783 0.0201874 
2.19135 0.0253632 
2.5044 0.0310984 
2.81745 0.0365846 
3.1305 0.0433627 
3.44354 0.0488385 
3.75659 0.0548366 
4.06964 0.0614348 
4.38269 0.0669811 
4.69574 0.0741971 
5.00879 0.0799043 
5.32184 0.0897098 
5.63489 0.0939365 
5.94794 0.103608 
6.26099 0.222794 
6.57404 0.136982 
6.88709 0.130733 
7.20014 0.126214 
7.51319 0.129018 
7.82624 0.125735 
8.13929 0.111888 
8.45234 0.0956812 
8.76539 0.0874059 
9.07844 0.0708752 
9.39149 0.0560968 
9.70454 0.0590728 
10.0176 0.0509391 
10.3306 0.0477259 
10.6437 0.0522587 
10.9567 0.0698166 
11.2698 0.0779604 
11.5828 0.103145 
11.8959 0.127572 
12.2089 0.13869 
12.522 0.14612 
12.835 0.179272 
13.1481 0.203388 
13.4611 0.263263 
13.7742 0.278731 
14.0872 0.317031 
14.4003 0.317803 
14.7133 0.270023 
15.0264 0.281809 
15.3394 0.285459 
15.6525 0.314032 
15.9655 0.321535 
16.2786 0.322091 
16.5916 0.331709 
16.9047 0.329142 
17.2177 0.342316 
17.5308 0.339857 
17.8438 0.334447 
18.1569 0.35254 
18.4699 0.358397 
18.783 0.347799 
19.096 0.343622 
19.4091 0.344279 
19.7221 0.337818 
20.0352 0.340834 
20.3482 0.325786 
20.6613 0.336474 
20.9743 0.324922 
21.2874 0.33353 
21.6004 0.332265 
21.9135 0.328968 
22.2265 0.355479 
22.5396 0.359094 
22.8526 0.414206 
23.1657 0.414031 
23.4787 0.39251 
23.7918 0.301943 
24.1048 0.310429 
24.4179 0.215026 
24.7309 0.189395 
25.044 0.206899 
25.357 0.191324 
25.6701 0.154431 
25.9831 0.144371 
26.2962 0.148368 
26.6092 0.136822 
26.9223 0.134977 
27.2353 0.133369 
27.5484 0.135966 
27.8614 0.130594 
28.1745 0.134192 
28.4875 0.127744 
28.8006 0.120505 
29.1136 0.118391 
29.4267 0.120364 
29.7397 0.0936475 
30.0528 0.0983352 
30.3658 0.0988772 
30.6789 0.0963781 
30.9919 0.099108 
31.305 0.0935526 
31.618 0.0896755 
31.9311 0.0840347 
32.2441 0.0977673 
32.5571 0.0896453 
32.8702 0.0788936 
33.1832 0.0806661 
33.4963 0.0758246 
33.8093 0.0765113 
34.1224 0.0700117 
34.4354 0.0868196 
34.7485 0.0755272 
35.0615 0.0746581 
35.3746 0.0789577 
35.6876 0.103164 
36.0007 0.0824031 
36.3137 0.0708079 
36.6268 0.0681124 
36.9398 0.0745403 
37.2529 0.128427 
37.5659 0.0918633 
37.879 0.0655077 
38.192 0.0705558 
38.5051 0.0707027 
38.8181 0.067525 
39.1312 0.10332 
39.4442 0.077756 
39.7573 0.0491929 
40.0703 0.067798 
40.3834 0.0505199 
40.6964 0.0505481 
41.0095 0.0865846 
41.3225 0.0719834 
41.6356 0.0714698 
41.9486 0.0817943 
42.2617 0.0983318 
42.5747 0.0878511 
42.8878 0.10534 
43.2008 0.107869 
43.5139 0.0947231 
43.8269 0.127292 
44.14 0.133628 
44.453 0.121395 
44.7661 0.106422 
45.0791 0.0997549 
45.3922 0.110803 
45.7052 0.128988 
46.0183 0.122956 
46.3313 0.0927058 
46.6444 0.115207 
46.9574 0.112641 
47.2705 0.11233 
47.5835 0.116105 
47.8966 0.0911904 
48.2096 0.090756 
48.5227 0.0985162 
48.8357 0.0906043 
49.1488 0.082767 
49.4618 0.071547 
49.7749 0.0603962 
50.0879 0.0531589 
50.401 0.0520929 
50.714 0.0585204 
51.0271 0.0590999 
51.3401 0.0527509 
51.6532 0.0619186 
51.9662 0.0545534 
52.2793 0.0983869 
52.5923 0.0873334 
52.9054 0.0629538 
53.2184 0.0610638 
53.5315 0.0573055 
53.8445 0.0512065 
54.1576 0.0581776 
54.4706 0.059624 
54.7837 0.0630022 
55.0967 0.0801105 
55.4098 0.0748092 
55.7228 0.0689402 
56.0359 0.0846232 
56.3489 0.0834393 
56.662 0.0689548 
56.975 0.0531176 
57.2881 0.0390711 
57.6011 0.0525033 
57.9142 0.0567505 
58.2272 0.0574003 
58.5403 0.0555947 
58.8533 0.0617127 
59.1664 0.0550142 
59.4794 0.0655825 
59.7925 0.0700245 
60.1055 0.070174 
60.4186 0.0722479 
60.7316 0.0802384 
61.0447 0.0872122 
61.3577 0.0928883 
61.6708 0.0973273 
61.9838 0.0943987 
62.2969 0.0917194 
62.6099 0.0858886 
62.923 0.0804636 
63.236 0.079967 
63.5491 0.0736974 
63.8621 0.0758933 
64.1752 0.0710688 
64.4882 0.068702 
64.8012 0.0697931 
65.1143 0.0696422 
65.4273 0.0728198 
65.7404 0.072233 
66.0534 0.0760136 
66.3665 0.0705298 
66.6795 0.0770999 
66.9926 0.0670633 
67.3056 0.0773727 
67.6187 0.0846647 
67.9317 0.122357 
68.2448 0.0766601 
68.5578 0.0676016 
68.8709 0.0579076 
69.1839 0.0589713 
69.497 0.0661025 
69.81 0.0788612 
70.1231 0.061123 
70.4361 0.050722 
70.7492 0.0551174 
71.0622 0.0540478 
71.3753 0.0529428 
71.6883 0.0652287 
72.0014 0.0636078 
72.3144 0.0893912 
72.6275 0.0872789 
72.9405 0.0915317 
73.2536 0.0837875 
73.5666 0.0891444 
73.8797 0.0924041 
74.1927 0.095732 
74.5058 0.0998156 
74.8188 0.107158 
75.1319 0.0996899 
75.4449 0.0952486 
75.758 0.093032 
76.071 0.0966373 
76.3841 0.100811 
76.6971 0.0979416 
77.0102 0.0950588 
77.3232 0.0904941 
77.6363 0.0879884 
77.9493 0.0832633 
78.2624 0.0800411 
78.5754 0.0797099 
78.8885 0.0770829 
79.2015 0.0753955 
79.5146 0.0695674 
79.8276 0.072581 
80.1407 0.0672225 
80.4537 0.0666872 
80.7668 0.0774546 
81.0798 0.062077 
81.3929 0.0729137 
81.7059 0.061841 
82.019 0.0668618 
82.332 0.064702 
82.6451 0.0591427 
82.9581 0.0713055 
83.2712 0.11524 
83.5842 0.0950265 
83.8973 0.0662953 
84.2103 0.0673056 
84.5234 0.0594286 
84.8364 0.0541918 
85.1495 0.0458069 
85.4625 0.0487096 
85.7756 0.0526104 
86.0886 0.0541324 
86.4017 0.0489122 
86.7147 0.0418494 
87.0278 0.0418821 
87.3408 0.0489891 
87.6539 0.0506438 
87.9669 0.0566576 
88.28 0.0488806 
88.593 0.0466831 
88.9061 0.0537583 
89.2191 0.0580486 
89.5322 0.0591729 
89.8452 0.0571578 
90.1583 0.0590089 
90.4713 0.0644994 
90.7844 0.0653941 
91.0974 0.0789856 
91.4105 0.081865 
91.7235 0.0810552 
92.0366 0.0859218 
92.3496 0.0906909 
92.6627 0.0926153 
92.9757 0.0927093 
93.2888 0.0906856 
93.6018 0.0874606 
93.9149 0.08117 
94.2279 0.0750876 
94.541 0.0737618 
94.854 0.0721923 
95.1671 0.0735327 
95.4801 0.0690642 
95.7932 0.0730937 
96.1062 0.0659247 
96.4193 0.0669097 
96.7323 0.0791268 
97.0454 0.0719675 
97.3584 0.0798195 
97.6714 0.0638569 
97.9845 0.0692918 
98.2975 0.0666349 
98.6106 0.0763348 
98.9236 0.127791 
99.2367 0.112193 
99.5497 0.0754292 
99.8628 0.0727193 
100.176 0.061827 
100.489 0.0594177 
100.802 0.078143 
101.115 0.0696813 
101.428 0.0550771 
101.741 0.0561178 
102.054 0.0479024 
102.367 0.0438618 
102.68 0.0451409 
102.993 0.0563578 
103.306 0.0641835 
103.619 0.0711979 
103.932 0.0639425 
104.245 0.0680766 
104.559 0.0873929 
104.872 0.0866134 
105.185 0.0875784 
105.498 0.0847668 
105.811 0.0891458 
106.124 0.102404 
106.437 0.0927141 
106.75 0.0982267 
107.063 0.0926795 
107.376 0.095428 
107.689 0.0976133 
108.002 0.0986333 
108.315 0.0957917 
108.628 0.0900582 
108.941 0.0840247 
109.254 0.0760723 
109.567 0.0728127 
109.88 0.0722964 
110.193 0.0704768 
110.506 0.0676329 
110.82 0.0618824 
111.133 0.0695067 
111.446 0.0629394 
111.759 0.0645451 
112.072 0.0745556 
112.385 0.0649402 
112.698 0.0745545 
113.011 0.0650113 
113.324 0.0701154 
113.637 0.0719297 
113.95 0.0581757 
114.263 0.0775863 
114.576 0.149739 
114.889 0.0965051 
115.202 0.0705046 
115.515 0.0646679 
115.828 0.0600488 
116.141 0.0537168 
116.454 0.0506067 
116.767 0.0511899 
117.081 0.0585569 
117.394 0.0524119 
117.707 0.0430815 
118.02 0.0383114 
118.333 0.0358369 
118.646 0.0413411 
118.959 0.0461436 
119.272 0.055387 
119.585 0.0512647 
119.898 0.0552547 
120.211 0.0590734 
120.524 0.0598273 
120.837 0.060973 
121.15 0.0602429 
121.463 0.0653589 
121.776 0.0777459 
122.089 0.0761865 
122.402 0.0848438 
122.715 0.0864314 
123.028 0.0869282 
123.342 0.0913233 
123.655 0.0922616 
123.968 0.0921022 
124.281 0.0914405 
124.594 0.0886491 
124.907 0.0861469 
125.22 0.077795 
125.533 0.0754892 
125.846 0.0722253 
126.159 0.0754878 
126.472 0.0723446 
126.785 0.068355 
127.098 0.0636935 
127.411 0.0652008 
127.724 0.0688058 
128.037 0.0759166 
128.35 0.077506 
128.663 0.0732255 
128.976 0.0700076 
129.289 0.0725559 
129.602 0.0654523 
129.916 0.0807869 
130.229 0.141038 
130.542 0.0942275 
130.855 0.0769294 
131.168 0.0706561 
131.481 0.0604759 
131.794 0.0686202 
132.107 0.0699892 
132.42 0.0612534 
132.733 0.0588047 
133.046 0.051266 
133.359 0.0441696 
133.672 0.0434262 
133.985 0.0445197 
134.298 0.0495411 
134.611 0.0529974 
134.924 0.0633617 
135.237 0.0615576 
135.55 0.0696664 
135.863 0.0801628 
136.177 0.0794468 
136.49 0.0832583 
136.803 0.079768 
137.116 0.0860496 
137.429 0.0969633 
137.742 0.091889 
138.055 0.0970127 
138.368 0.0904619 
138.681 0.0921485 
138.994 0.0959434 
139.307 0.0976729 
139.62 0.0933296 
139.933 0.0881473 
140.246 0.0831249 
140.559 0.0768576 
140.872 0.0724567 
141.185 0.0705683 
141.498 0.0710876 
141.811 0.0688612 
142.124 0.0648154 
142.438 0.0693539 
142.751 0.0614142 
143.064 0.0650478 
143.377 0.0745682 
143.69 0.0702786 
144.003 0.0721541 
144.316 0.068164 
144.629 0.0689246 
144.942 0.0669202 
145.255 0.0627071 
145.568 0.079106 
145.881 0.129343 
146.194 0.0828015 
146.507 0.0696829 
146.82 0.0646216 
147.133 0.0600171 
147.446 0.051235 
147.759 0.0539902 
148.072 0.0534279 
148.385 0.0471643 
148.699 0.0476318 
149.012 0.0466253 
149.325 0.0398626 
149.638 0.0369775 
149.951 0.0390801 
150.264 0.0459589 
150.577 0.0544053 
150.89 0.0515995 
151.203 0.0575541 
151.516 0.0654226 
151.829 0.0643153 
152.142 0.0644834 
152.455 0.0619497 
152.768 0.0675974 
153.081 0.0822965 
153.394 0.0793942 
153.707 0.0857032 
154.02 0.0878203 
154.333 0.0895852 
154.646 0.0928778 
154.96 0.0932487 
155.273 0.0921067 
155.586 0.0920545 
155.899 0.0905827 
156.212 0.0862838 
156.525 0.0783532 
