0 0 
0.0989949 0.000193122 
0.19799 0.00026129 
0.296985 0.000459586 
0.39598 0.000688116 
0.494975 0.000946076 
0.59397 0.00124492 
0.692965 0.00160311 
0.79196 0.00201186 
0.890955 0.00250262 
0.989949 0.00302565 
1.08894 0.00353904 
1.18794 0.00410833 
1.28693 0.00473896 
1.38593 0.00538684 
1.48492 0.0060691 
1.58392 0.00698204 
1.68291 0.00744385 
1.78191 0.00873177 
1.8809 0.00944319 
1.9799 0.0100568 
2.07889 0.0112585 
2.17789 0.0112787 
2.27688 0.0124728 
2.37588 0.0134821 
2.47487 0.0148242 
2.57387 0.0160454 
2.67286 0.0158267 
2.77186 0.016326 
2.87085 0.0166587 
2.96985 0.016836 
3.06884 0.0174843 
3.16784 0.0186625 
3.26683 0.0188888 
3.36583 0.0191612 
3.46482 0.019712 
3.56382 0.0203704 
3.66281 0.0208191 
3.76181 0.0212746 
3.8608 0.0215842 
3.9598 0.0217707 
4.05879 0.021969 
4.15779 0.0218455 
4.25678 0.021809 
4.35578 0.0214727 
4.45477 0.0211403 
4.55377 0.0206257 
4.65276 0.0201425 
4.75176 0.019766 
4.85075 0.0190718 
4.94975 0.0188603 
5.04874 0.0190741 
5.14774 0.0192245 
5.24673 0.0195836 
5.34573 0.0202005 
5.44472 0.020963 
5.54372 0.0218592 
5.64271 0.0227239 
5.74171 0.0238744 
5.8407 0.0247928 
5.9397 0.0251975 
6.03869 0.0264937 
6.13769 0.0278833 
6.23668 0.0280936 
6.33568 0.0297186 
6.43467 0.0304779 
6.53367 0.0316555 
6.63266 0.0330162 
6.73166 0.0342557 
6.83065 0.0331582 
6.92965 0.0356526 
7.02864 0.0363439 
7.12764 0.0361202 
7.22663 0.0359258 
7.32563 0.037187 
7.42462 0.0382879 
7.52362 0.0394431 
7.62261 0.0402681 
7.72161 0.0405256 
7.8206 0.0404526 
7.9196 0.0409646 
8.01859 0.0421064 
8.11759 0.0434693 
8.21658 0.0443004 
8.31558 0.0443695 
8.41457 0.046273 
8.51357 0.0493987 
8.61256 0.0475928 
8.71156 0.0472498 
8.81055 0.0468546 
8.90955 0.0464862 
9.00854 0.0470904 
9.10754 0.0488234 
9.20653 0.050254 
9.30553 0.0500305 
9.40452 0.0495071 
9.50352 0.0510398 
9.60251 0.051985 
9.70151 0.0544725 
9.8005 0.0568786 
9.89949 0.0593077 
9.99849 0.0608967 
10.0975 0.0618139 
10.1965 0.0622017 
10.2955 0.0615224 
10.3945 0.0599838 
10.4935 0.057574 
10.5925 0.0552001 
10.6915 0.0521134 
10.7904 0.0497198 
10.8894 0.0591304 
10.9884 0.0710035 
11.0874 0.0827909 
11.1864 0.0953021 
11.2854 0.104774 
11.3844 0.111955 
11.4834 0.11702 
11.5824 0.120092 
11.6814 0.124297 
11.7804 0.129009 
11.8794 0.13232 
11.9784 0.136052 
12.0774 0.141433 
12.1764 0.151436 
12.2754 0.19926 
12.3744 0.217614 
12.4734 0.291761 
12.5724 0.335168 
12.6714 0.375568 
12.7703 0.237831 
12.8693 0.253541 
12.9683 0.203357 
13.0673 0.24557 
13.1663 0.203529 
13.2653 0.229609 
13.3643 0.199879 
13.4633 0.199112 
13.5623 0.208468 
13.6613 0.250801 
13.7603 0.269332 
13.8593 0.314507 
13.9583 0.253504 
14.0573 0.241408 
14.1563 0.265843 
14.2553 0.264663 
14.3543 0.316802 
14.4533 0.228995 
14.5523 0.235056 
14.6513 0.214968 
14.7502 0.201251 
14.8492 0.206315 
14.9482 0.197762 
15.0472 0.20795 
15.1462 0.202487 
15.2452 0.227265 
15.3442 0.227047 
15.4432 0.220256 
15.5422 0.219508 
15.6412 0.210265 
15.7402 0.214143 
15.8392 0.215761 
15.9382 0.207805 
16.0372 0.214144 
16.1362 0.196207 
16.2352 0.196732 
16.3342 0.202767 
16.4332 0.168216 
16.5322 0.157257 
16.6312 0.158029 
16.7301 0.159661 
16.8291 0.162481 
16.9281 0.165449 
17.0271 0.167424 
17.1261 0.201283 
17.2251 0.200183 
17.3241 0.190109 
17.4231 0.19694 
17.5221 0.19728 
17.6211 0.202151 
17.7201 0.229034 
17.8191 0.223691 
17.9181 0.177103 
18.0171 0.172772 
18.1161 0.182997 
18.2151 0.205867 
18.3141 0.198844 
18.4131 0.189668 
18.5121 0.229116 
18.6111 0.270906 
18.71 0.263259 
18.809 0.242995 
18.908 0.26841 
19.007 0.276791 
19.106 0.290181 
19.205 0.227512 
19.304 0.212457 
19.403 0.238826 
19.502 0.258124 
19.601 0.243478 
19.7 0.226199 
19.799 0.236978 
19.898 0.264215 
19.997 0.244311 
20.096 0.214393 
20.195 0.189623 
20.294 0.171105 
20.393 0.160411 
20.492 0.141275 
20.5909 0.134225 
20.6899 0.142383 
20.7889 0.13995 
20.8879 0.139855 
20.9869 0.134793 
21.0859 0.145304 
21.1849 0.146224 
21.2839 0.140749 
21.3829 0.134558 
21.4819 0.114994 
21.5809 0.111408 
21.6799 0.115917 
21.7789 0.119223 
21.8779 0.143172 
21.9769 0.115848 
22.0759 0.1307 
22.1749 0.165093 
22.2739 0.166187 
22.3729 0.121468 
22.4719 0.114775 
22.5708 0.116336 
22.6698 0.114338 
22.7688 0.113272 
22.8678 0.112886 
22.9668 0.115393 
23.0658 0.110938 
23.1648 0.109468 
23.2638 0.107515 
23.3628 0.105115 
23.4618 0.102726 
23.5608 0.100049 
23.6598 0.0962568 
23.7588 0.0930881 
23.8578 0.0892488 
23.9568 0.0859049 
24.0558 0.0869583 
24.1548 0.0843504 
24.2538 0.0891714 
24.3528 0.0856397 
24.4518 0.0920853 
24.5507 0.0963751 
24.6497 0.092411 
24.7487 0.0984085 
24.8477 0.100105 
24.9467 0.0931758 
25.0457 0.0869607 
25.1447 0.0809722 
25.2437 0.103477 
25.3427 0.0918373 
25.4417 0.0843168 
25.5407 0.0890699 
25.6397 0.0870519 
25.7387 0.0823429 
25.8377 0.0793415 
25.9367 0.0776296 
26.0357 0.0756059 
26.1347 0.0729675 
26.2337 0.0719062 
26.3327 0.0705102 
26.4317 0.068302 
26.5306 0.0655241 
26.6296 0.0624176 
26.7286 0.0604468 
26.8276 0.0587399 
26.9266 0.0568928 
27.0256 0.0549277 
27.1246 0.0529027 
27.2236 0.0519699 
27.3226 0.0512992 
27.4216 0.0505914 
27.5206 0.0496232 
27.6196 0.0484182 
27.7186 0.047011 
27.8176 0.0454208 
27.9166 0.0436978 
28.0156 0.0425089 
28.1146 0.0449023 
28.2136 0.0458386 
28.3126 0.0420619 
28.4116 0.0393865 
28.5105 0.0386668 
28.6095 0.0430997 
28.7085 0.0434836 
28.8075 0.0377288 
28.9065 0.0389009 
29.0055 0.0393585 
29.1045 0.0400174 
29.2035 0.0400758 
29.3025 0.0394077 
29.4015 0.0400762 
29.5005 0.0405763 
29.5995 0.0403793 
29.6985 0.0402154 
29.7975 0.040165 
29.8965 0.0404743 
29.9955 0.0410678 
30.0945 0.0418528 
30.1935 0.0416315 
30.2925 0.0401438 
30.3914 0.0387948 
30.4904 0.0394334 
30.5894 0.0373536 
30.6884 0.0371985 
30.7874 0.0360488 
30.8864 0.0352342 
30.9854 0.0343961 
31.0844 0.0342662 
31.1834 0.0343109 
31.2824 0.0345493 
31.3814 0.0347746 
31.4804 0.0349906 
31.5794 0.0352036 
31.6784 0.0356347 
31.7774 0.0356769 
31.8764 0.0359362 
31.9754 0.0361537 
32.0744 0.0363802 
32.1734 0.0365582 
32.2724 0.0367859 
32.3713 0.0369893 
32.4703 0.037386 
32.5693 0.0377093 
32.6683 0.0382406 
32.7673 0.0387189 
32.8663 0.0391191 
32.9653 0.0394293 
33.0643 0.0396149 
33.1633 0.0396506 
33.2623 0.0395569 
33.3613 0.0393025 
33.4603 0.0402335 
33.5593 0.0411881 
33.6583 0.0416559 
33.7573 0.040962 
33.8563 0.0405187 
33.9553 0.040477 
34.0543 0.0407886 
34.1533 0.04165 
34.2523 0.0436092 
34.3512 0.0421319 
34.4502 0.0426623 
34.5492 0.0431383 
34.6482 0.0435097 
34.7472 0.044454 
34.8462 0.0480433 
34.9452 0.0457698 
35.0442 0.0417052 
35.1432 0.0404125 
35.2422 0.0397563 
35.3412 0.0386513 
35.4402 0.0376519 
35.5392 0.0362063 
35.6382 0.0365222 
35.7372 0.0373477 
35.8362 0.0358897 
35.9352 0.0326801 
36.0342 0.0290244 
36.1332 0.0275105 
36.2322 0.0255836 
36.3311 0.0272325 
36.4301 0.0264316 
36.5291 0.0227473 
36.6281 0.0197897 
36.7271 0.0225232 
36.8261 0.0231313 
36.9251 0.0247688 
37.0241 0.0242154 
37.1231 0.025415 
37.2221 0.0270627 
37.3211 0.0286506 
37.4201 0.0298741 
37.5191 0.0305699 
37.6181 0.0309573 
37.7171 0.0324483 
37.8161 0.0335014 
37.9151 0.0343336 
38.0141 0.0354911 
38.1131 0.0371713 
38.2121 0.0391555 
38.311 0.0410754 
38.41 0.0424851 
38.509 0.044927 
38.608 0.0476796 
38.707 0.0486933 
38.806 0.0489882 
38.905 0.0491989 
39.004 0.0483713 
39.103 0.0468485 
39.202 0.046044 
39.301 0.0473895 
39.4 0.0489968 
39.499 0.0499802 
39.598 0.0521532 
39.697 0.053775 
39.796 0.0576607 
39.895 0.0616104 
39.994 0.0649041 
40.093 0.0713405 
40.1919 0.0845396 
40.2909 0.118915 
40.3899 0.072601 
40.4889 0.0541203 
40.5879 0.0460417 
40.6869 0.0442039 
40.7859 0.0410513 
40.8849 0.0455476 
40.9839 0.0533374 
41.0829 0.0530663 
41.1819 0.0514121 
41.2809 0.0707999 
41.3799 0.0926778 
41.4789 0.110261 
41.5779 0.122731 
41.6769 0.139083 
41.7759 0.155634 
41.8749 0.157498 
41.9739 0.167591 
42.0729 0.147253 
42.1718 0.117921 
42.2708 0.11291 
42.3698 0.107006 
42.4688 0.116885 
42.5678 0.119065 
42.6668 0.119287 
42.7658 0.111528 
42.8648 0.0974694 
42.9638 0.0955512 
43.0628 0.0954338 
43.1618 0.0973374 
43.2608 0.10069 
43.3598 0.0978562 
43.4588 0.0893737 
43.5578 0.0954137 
43.6568 0.102087 
43.7558 0.102756 
43.8548 0.0903924 
43.9538 0.0817237 
44.0528 0.08245 
44.1517 0.0833461 
44.2507 0.0811356 
44.3497 0.0782227 
44.4487 0.0746758 
44.5477 0.0756695 
44.6467 0.0733039 
44.7457 0.0683525 
44.8447 0.0676087 
44.9437 0.0641827 
45.0427 0.0613871 
45.1417 0.06632 
45.2407 0.0777411 
45.3397 0.0685911 
45.4387 0.0632015 
45.5377 0.0628329 
45.6367 0.0659173 
45.7357 0.0635047 
45.8347 0.0616341 
45.9337 0.0600709 
46.0327 0.0684829 
46.1316 0.0820691 
46.2306 0.104168 
46.3296 0.0764226 
46.4286 0.0660445 
46.5276 0.0635662 
46.6266 0.0631262 
46.7256 0.0669955 
46.8246 0.0752661 
46.9236 0.0925735 
47.0226 0.0779743 
47.1216 0.0643304 
47.2206 0.0572869 
47.3196 0.0557399 
47.4186 0.0568137 
47.5176 0.0608764 
47.6166 0.0625191 
47.7156 0.0654852 
47.8146 0.0692081 
47.9136 0.0693254 
48.0126 0.0661575 
48.1115 0.0703164 
48.2105 0.0762309 
48.3095 0.080404 
48.4085 0.0909091 
48.5075 0.0946643 
48.6065 0.106462 
48.7055 0.11626 
48.8045 0.123534 
48.9035 0.108204 
49.0025 0.109223 
49.1015 0.105006 
49.2005 0.101908 
49.2995 0.101076 
49.3985 0.104488 
49.4975 0.109235 
