-4 -0.00238278
-3.78423 0

-3.62407 0
-3.5 0.00137018

-3.5 -0.00164326
-3.45797 0

-3.25 -0.00209346
-3.23382 0

-3.125 -0.00203577
-3.11748 0

-3 -0.0647864
-3.00107 -0.0625

-3.39501 0
-3.25 0.0056862

-3.20987 0
-3.125 0.0111641

-3.10309 0
-3.0625 0.0188756

-3.0625 0.00744314
-3.03208 0.03125

-3.03844 0.03125
-3.03125 0.0458194

-3.03125 0.0269757
-3.02608 0.03125

-3.03125 0.0452856
-3.02537 0.0625

-3.03592 0.0625
-3.03125 0.0831953

-3.03125 0.0797166
-3.02461 0.09375

-3.02964 0.09375
-3.00474 0.125

-3.00821 0.125
-3 0.141293

1.5 -0.197651
1.51529 -0.203125

1.51562 -0.201942
1.53064 -0.203125

1.53125 -0.202775
1.54688 -0.203043

1.5625 -0.203483
1.55463 -0.203125

-2.96875 -0.18773
-2.96973 -0.1875

-2.96936 -0.1875
-2.96875 -0.182632

1.54688 -0.202711
1.55598 -0.203125

1.5625 -0.203192
1.57812 -0.205467

1.57812 -0.205812
1.59375 -0.209475

1.59375 -0.209815
1.60938 -0.213496

-2.96875 -0.174735
-2.96832 -0.171875

1.60938 -0.213483
1.625 -0.216526

-2.96875 -0.171315
-2.96772 -0.171875

1.64062 -0.218809
1.64027 -0.21875

1.64062 -0.219044
1.65625 -0.221291

-3 -0.0805091
-2.98438 -0.0804087

-3 -0.0770337
-2.98438 -0.0720484

-2.98438 -0.0720136
-2.98427 -0.0625

-2.98454 -0.0625
-2.98772 -0.046875

-2.98607 -0.046875
-2.98438 -0.0358622

-2.98438 -0.0494682
-2.98014 -0.046875

1.625 -0.216466
1.63882 -0.21875

1.65625 -0.221265
1.67188 -0.223205

-2.97601 -0.046875
-2.97712 -0.03125

-2.98478 -0.03125
-2.98438 -0.025308

-2.98438 -0.0101029
-2.99524 0

-2.98438 -0.0267698
-2.97682 -0.03125

-2.98438 -0.0145457
-2.97845 0

-2.99151 0
-2.98567 0.015625

-3 0.0291845
-2.98438 0.0255493

-2.98438 0.0112588
-2.98071 0

-3 0.0396256
-2.98438 0.0386805

-2.99863 0.046875
-2.98748 0.0625

-2.98438 0.0458136
-2.98415 0.046875

-2.9842 0.046875
-2.98334 0.0625

-2.99991 0.0625
-2.98438 0.0739471

-3 0.0891054
-2.98438 0.0864127

-2.98136 0.0625
-2.98365 0.078125

-2.98438 0.0914855
-2.98385 0.09375

-2.98971 0.09375
-2.97178 0.125

-2.99896 0.125
-2.98739 0.15625

-2.98727 0.15625
-2.97452 0.1875

-2.96875 0.140061
-2.95369 0.125

-2.95312 0.144749
-2.95005 0.140625

-2.96875 0.170406
-2.95905 0.171875

-2.96336 0.171875
-2.95827 0.1875

-2.95312 0.168628
-2.94811 0.171875

-2.95312 0.174581
-2.94521 0.1875

-2.98139 0.1875
-2.96875 0.211924

-2.97217 0.21875
-2.96875 0.222269

-2.96875 0.204792
-2.94861 0.21875

-2.96875 0.218778
-2.9375 0.229707

-2.9375 0.195315
-2.92188 0.196662

-2.9375 0.208122
-2.92188 0.206556

-2.92188 0.197214
-2.91888 0.203125

-2.92188 0.212446
-2.91791 0.21875

1.67188 -0.22319
1.6875 -0.224904

-2.9266 0.21875
-2.90625 0.228862

0 -0.126836
0.015625 -0.129005

1.6875 -0.224937
1.70312 -0.22639

1.70312 -0.226378
1.71875 -0.227528

1.71875 -0.227529
1.73438 -0.228395

0.015625 -0.128902
0.03125 -0.130706

0.03125 -0.130623
0.046875 -0.132435

0.046875 -0.132312
0.0625 -0.134544

-2.90625 0.227938
-2.89834 0.234375

-2.89895 0.234375
-2.89062 0.241887

-2.89062 0.245917
-2.88649 0.25

1.73438 -0.228402
1.75 -0.228967

-2.91696 0.25
-2.90625 0.264035

-2.90931 0.28125
-2.90842 0.3125

-2.89192 0.25
-2.89062 0.252663

-2.89062 0.265764
-2.90429 0.28125

-2.88453 0.25
-2.875 0.259781

0.0625 -0.134461
0.078125 -0.137527

0.09375 -0.141487
0.0902958 -0.140625

0.078125 -0.137616
0.0901832 -0.140625

1.75 -0.228908
1.76562 -0.229275

0.09375 -0.141733
0.109375 -0.145852

-2.88833 0.28125
-2.875 0.305287

-2.90661 0.3125
-2.90625 0.314164

-2.88774 0.3125
-2.88032 0.34375

-2.89483 0.34375
-2.875 0.357662

-2.875 0.255507
-2.8661 0.265625

-2.86928 0.265625
-2.85938 0.281202

0.109375 -0.146191
0.125 -0.149405

-0.53125 -0.000918226
-0.533049 0

1.76562 -0.229312
1.78125 -0.229526

-2.85938 0.28121
-2.85934 0.28125

1.78125 -0.229512
1.79688 -0.229526

0.125 -0.14904
0.140625 -0.151404

1.79688 -0.229518
1.8125 -0.229374

0.140625 -0.151053
0.15625 -0.153998

-0.53125 -0.00251176
-0.515625 -0.0103052

0.171875 -0.157992
0.165972 -0.15625

-0.5 -0.0163976
-0.501641 -0.015625

-2.86332 0.28125
-2.85938 0.283561

-2.87439 0.296875
-2.87094 0.3125

-2.85938 0.282705
-2.84375 0.294876

-2.84375 0.294036
-2.83465 0.296875

-2.83625 0.296875
-2.82812 0.29941

-2.82812 0.298327
-2.8125 0.298757

-2.875 0.32295
-2.86078 0.3125

-2.875 0.365769
-2.858 0.34375

-2.79688 0.296765
-2.79793 0.296875

-2.8125 0.298385
-2.79807 0.296875

-2.79688 0.296708
-2.78125 0.293835

-2.78125 0.293809
-2.76562 0.289835

-2.76562 0.289524
-2.75 0.285126

-2.75 0.415606
-2.75811 0.4375

-2.75273 0.4375
-2.75 0.441589

-2.65625 0.211473
-2.66341 0.21875

-2.66226 0.21875
-2.65974 0.234375

-2.65873 0.234375
-2.65625 0.236318

-2.65625 0.217644
-2.64062 0.209948

-2.64062 0.211291
-2.625 0.212872

-2.65625 0.226006
-2.65218 0.234375

-2.65437 0.234375
-2.64062 0.239269

-2.625 0.231468
-2.6302 0.234375

-2.64062 0.237439
-2.63156 0.234375

-2.59375 0.15095
-2.59845 0.15625

-2.59466 0.15625
-2.59824 0.171875

-2.59375 0.154419
-2.57812 0.149986

-2.57812 0.152703
-2.57242 0.15625

-2.59375 0.157854
-2.59231 0.15625

-2.59034 0.171875
-2.58991 0.1875

-2.57298 0.15625
-2.5625 0.167914

0.171875 -0.158834
0.1875 -0.164659

-0.515625 -0.010063
-0.503814 -0.015625

0.15625 -0.154178
0.163271 -0.15625

-2.625 0.205649
-2.60938 0.211436

0.1875 -0.165396
0.203125 -0.17013

0.21875 -0.17206
0.217624 -0.171875

-1 0.117185
-0.984375 0.114576

0.203125 -0.170025
0.214387 -0.171875

-0.984375 0.11467
-0.96875 0.111834

-2.59375 0.192728
-2.60045 0.203125

-0.953125 0.108457
-0.956773 0.109375

0.21875 -0.172181
0.234375 -0.17361

-2.60938 0.205623
-2.59375 0.217441

0.234375 -0.174679
0.25 -0.173467

-0.96875 0.112096
-0.957938 0.109375

-2.625 0.231467
-2.60996 0.21875

-2.60938 0.219656
-2.6064 0.21875

1.8125 -0.229374
1.82812 -0.229089

-0.953125 0.107814
-0.9375 0.102963

-2.59314 0.1875
-2.59062 0.203125

-2.59375 0.21219
-2.57812 0.21586

-2.5625 0.194667
-2.56734 0.203125

-0.9375 0.102757
-0.921875 0.0982575

0.25 -0.174349
0.257306 -0.171875

1.82812 -0.229036
1.84375 -0.228715

0.2521 -0.171875
0.265625 -0.167295

1.84375 -0.228667
1.85938 -0.22851

-0.921875 0.098571
-0.90625 0.0942066

-2.57812 0.212912
-2.56615 0.203125

-0.890625 0.0894555
-0.905052 0.09375

0.265625 -0.16692
0.28125 -0.160063

-2.5625 0.168689
-2.56075 0.171875

0.28125 -0.16042
0.295464 -0.15625

-0.890625 0.0890367
-0.875 0.0851369

0.296875 -0.156872
0.302149 -0.15625

-0.90625 0.0940738
-0.905162 0.09375

0.284707 -0.15625
0.296875 -0.15268

-2.56105 0.171875
-2.55959 0.1875

0.296875 -0.155139
0.3125 -0.153297

-0.875 0.0853549
-0.859375 0.082603

1.85938 -0.228492
1.875 -0.228633

-2.5625 0.193403
-2.55985 0.1875

-2.5 0.24838
-2.5043 0.25

1.875 -0.228587
1.89062 -0.229153

-2.75 0.283543
-2.73438 0.282509

-2.7271 0.28125
-2.71875 0.288683

1.89062 -0.229322
1.90625 -0.230068

-0.859375 0.0826908
-0.84375 0.0804753

0.3125 -0.153935
0.328125 -0.152207

-0.84375 0.08044
-0.828125 0.078656

0.328125 -0.151805
0.34375 -0.149928

-0.8125 0.0774283
-0.821381 0.078125

-0.828125 0.0785895
-0.822204 0.078125

-0.8125 0.0768204
-0.796875 0.0773728

-0.796875 0.0762225
-0.791612 0.078125

-0.790858 0.078125
-0.78125 0.0824025

-2.7258 0.296875
-2.72035 0.3125

-0.78125 0.0817924
-0.767251 0.09375

-2.71875 0.279608
-2.71631 0.28125

1.90625 -0.230103
1.92188 -0.230618

0.34375 -0.149812
0.359375 -0.148825

-0.765625 0.0935892
-0.76536 0.09375

0.359375 -0.148716
0.375 -0.149067

-0.774905 0.09375
-0.765625 0.102557

-0.765625 0.101302
-0.75 0.107454

1.92188 -0.230433
1.9375 -0.231013

0.40625 -0.156293
0.406114 -0.15625

1.9375 -0.230965
1.95312 -0.232075

1.96875 -0.235549
1.96233 -0.234375

1.95312 -0.231274
1.96875 -0.234132

0.375 -0.148899
0.390625 -0.151142

1.96875 -0.235162
1.98438 -0.239345

-2.71875 0.282825
-2.71139 0.296875

1.96875 -0.233993
1.97018 -0.234375

0.390625 -0.150903
0.40625 -0.155851

-2.71875 0.306452
-2.71145 0.3125

-2.70312 0.307398
-2.6875 0.310017

-0.75 0.104249
-0.734375 0.102375

0.40625 -0.15629
0.421875 -0.163541

1.98438 -0.239485
2 -0.243135

0.4375 -0.172069
0.437134 -0.171875

-0.734375 0.102429
-0.71875 0.0988278

0.421875 -0.163744
0.437236 -0.171875

0.46875 -0.189478
0.465093 -0.1875

0.46875 -0.189824
0.484375 -0.196897

0.484375 -0.196283
0.5 -0.202421

-2.72502 0.3125
-2.71875 0.31857

0.4375 -0.172126
0.453125 -0.180789

-2.71875 0.314889
-2.70312 0.318032

0.453125 -0.180966
0.465204 -0.1875

-0.6875 0.0863658
-0.702859 0.09375

0.03125 0.695874
0.0396238 0.6875

-0.71875 0.0987298
-0.70394 0.09375

-2.6875 0.3087
-2.68153 0.3125

0.078125 0.841933
0.0740407 0.84375

-0.640625 0.0603557
-0.644166 0.0625

-2.6839 0.3125
-2.67188 0.326018

-0.640625 0.0584332
-0.625 0.049555

-2.67358 0.328125
-2.67188 0.333834

0.078125 0.841629
0.0873014 0.84375

-2.67188 0.331733
-2.66828 0.34375

0.109375 0.340047
0.103531 0.34375

0.0734164 0.84375
0.0637446 0.859375

0.0695287 0.859375
0.0775638 0.875

-2.6688 0.34375
-2.66665 0.359375

0.078125 0.845327
0.09375 0.847328

-2.66712 0.359375
-2.66588 0.375

-0.671875 0.0778478
-0.672379 0.078125

0.09375 0.850292
0.102559 0.859375

-0.6875 0.0852669
-0.674525 0.078125

-2.71875 0.427473
-2.72715 0.4375

-0.671875 0.0771899
-0.65625 0.0686502

0.109375 0.338067
0.125 0.343015

-2.71875 0.432762
-2.70312 0.426626

0.1031 0.34375
0.0991082 0.359375

0.0987127 0.359375
0.109375 0.370229

0.118054 0.34375
0.122872 0.359375

0.101701 0.859375
0.109375 0.871075

0.109375 0.36973
0.124264 0.359375

0.109375 0.87137
0.111832 0.875

-0.65625 0.068254
-0.646749 0.0625

0.0623377 0.46875
0.0625 0.469123

-2.70312 0.431677
-2.69448 0.4375

0.0915192 0.421875
0.09375 0.426979

0.102083 0.375
0.109375 0.383144

0.102097 0.390625
0.109375 0.398994

0.109375 0.381796
0.1169 0.375

0 0.996987
0.00803253 1

0.109375 0.396626
0.112379 0.390625

0.0794182 0.875
0.09375 0.889221

-2.72645 0.4375
-2.71875 0.445753

0.109375 0.889707
0.106647 0.890625

-2.6996 0.4375
-2.6875 0.461955

0.09375 0.893748
0.109375 0.89648

-2.66598 0.375
-2.66451 0.390625

-0.609375 0.0419938
-0.617605 0.046875

0.118879 0.875
0.116196 0.890625

-0.625 0.050374
-0.619101 0.046875

0.09375 0.407153
0.109375 0.408321

0.09375 0.423891
0.0994556 0.421875

0.109375 0.407345
0.109941 0.40625

0.0769604 0.453125
0.078125 0.455048

0.0885066 0.4375
0.09375 0.439035

0.109375 0.899372
0.120742 0.890625

0.078125 0.993076
0.0755547 1

-0.609375 0.0402405
-0.594745 0.03125

-0.578125 0.0227271
-0.593537 0.03125

-0.5625 0.0148794
-0.563831 0.015625

-0.578125 0.0223519
-0.566116 0.015625

0.078125 0.992721
0.0825096 1

-2.66452 0.390625
-2.66263 0.40625

0.218556 0.859375
0.214292 0.875

0.21875 0.860259
0.229347 0.875

0.078125 0.453409
0.0788255 0.453125

0.213309 0.875
0.21875 0.879577

-0.59375 0.0313078
-0.593645 0.03125

-2.66298 0.40625
-2.66027 0.421875

0.21875 0.878938
0.23113 0.875

-2.65625 0.4245
-2.66092 0.4375

0.203125 0.977379
0.196984 0.984375

-2.65625 0.416663
-2.65535 0.421875

0.198036 0.984375
0.203125 0.989377

-0.5625 0.0135802
-0.546875 0.00550284

-2.67188 0.441028
-2.67886 0.453125

-0.546875 0.0057549
-0.5356 0

0.203125 0.978674
0.208723 0.984375

0.0687676 0.46875
0.078125 0.468905

-2.68035 0.453125
-2.67188 0.460419

-2.67188 0.450927
-2.6675 0.4375

-2.67178 0.453125
-2.6606 0.46875

0.203125 0.990448
0.210034 0.984375

0.125 0.343157
0.125376 0.34375

-2.6597 0.46875
-2.65625 0.471846

-2.65625 0.472185
-2.625 0.496616

0.3125 0.737667
0.310573 0.75

-2.59375 0.297397
-2.60542 0.3125

0.3125 0.739051
0.313507 0.75

-2.57812 0.286526
-2.59311 0.296875

0.484375 0.556085
0.482061 0.5625

0.5 0.539388
0.487035 0.546875

-2.59375 0.299009
-2.5913 0.296875

-2.57812 0.285657
-2.5625 0.28489

0.484375 0.553868
0.489582 0.546875

0.482966 0.5625
0.484375 0.566462

-2.60938 0.326187
-2.61012 0.328125

-0.5 -0.01762
-0.484375 -0.0246282

-0.484375 -0.0245489
-0.46875 -0.0306105

-2.60995 0.328125
-2.61297 0.34375

-2.60938 0.325707
-2.6042 0.3125

-2.61278 0.34375
-2.61379 0.359375

0.484375 0.568989
0.489246 0.578125

-0.453125 -0.0360958
-0.466368 -0.03125

-2.61362 0.359375
-2.61335 0.375

-2.5625 0.28454
-2.54688 0.296244

0.487728 0.578125
0.5 0.587859

-2.54892 0.296875
-2.54688 0.29934

-2.54688 0.298855
-2.53813 0.3125

-0.453125 -0.0362639
-0.4375 -0.041765

0.515625 -0.208614
0.500708 -0.203125

-0.46875 -0.0304486
-0.46656 -0.03125

-0.4375 -0.0416332
-0.421875 -0.0468659

-0.40625 -0.0521251
-0.421755 -0.046875

-0.421875 -0.0468477
-0.421794 -0.046875

0.310501 0.75
0.3125 0.750495

0.3125 0.750988
0.314258 0.75

-2.51562 0.256931
-2.51742 0.265625

-2.51669 0.265625
-2.51562 0.267606

-0.40625 -0.0524403
-0.390625 -0.0572215

0.5 -0.202008
0.503037 -0.203125

-0.390625 -0.0577892
-0.375 -0.0602953

0.515625 -0.208747
0.53125 -0.212953

0.53125 -0.212959
0.546875 -0.215138

0.00781036 1
0.00180709 1.03125

0 1.03147
0.000910819 1.03125

-2.50465 0.25
-2.51187 0.265625

-2.51562 0.266305
-2.5 0.273902

0.546875 -0.215536
0.5625 -0.214884

0.03125 1.0003
0.031291 1

0.5625 -0.214592
0.578125 -0.210899

0.0625 1.00029
0.09375 1.00028

-2.53859 0.3125
-2.53338 0.328125

-0.375 -0.0608452
-0.359375 -0.0588412

-0.359375 -0.0574994
-0.34375 -0.0525689

-0.34375 -0.0509875
-0.328125 -0.0489769

-0.328125 -0.0497135
-0.3125 -0.0523128

0.5 0.539403
0.515178 0.546875

0.510841 0.546875
0.515625 0.551661

0.578125 -0.209656
0.59375 -0.205991

0.59375 -0.206842
0.609375 -0.204046

-2.53371 0.328125
-2.53186 0.34375

-2.53264 0.34375
-2.53192 0.359375

-2.53179 0.359375
-2.53125 0.370396

-2.53125 0.367071
-2.53086 0.375

0.515625 0.550726
0.521419 0.5625

-2.61331 0.375
-2.61218 0.390625

-2.61238 0.390625
-2.61009 0.40625

-0.265625 -0.0673277
-0.27816 -0.0625

0.607142 -0.203125
0.609375 -0.202725

-0.265625 -0.067784
-0.25 -0.0748698

0.609375 -0.205835
0.616199 -0.203125

-0.3125 -0.0531114
-0.296875 -0.0572505

0.5 0.590851
0.515625 0.584084

0.614192 -0.203125
0.625 -0.198833

-2.61066 0.40625
-2.60938 0.409933

-0.296875 -0.0570037
-0.28125 -0.0615789

0.520663 0.5625
0.51735 0.578125

-0.28125 -0.0613755
-0.27833 -0.0625

0.625 -0.197186
0.640625 -0.188824

-2.60938 0.410831
-2.60552 0.421875

-2.60732 0.421875
-2.59375 0.437043

0.6875 -0.188081
0.682175 -0.1875

0.640625 -0.187487
0.65625 -0.183528

0.515625 0.585408
0.520377 0.578125

0.650923 -0.171875
0.65625 -0.169477

-2.59375 0.437336
-2.59324 0.4375

-2.5625 0.43443
-2.57112 0.4375

-2.625 0.493448
-2.61036 0.5

-2.60938 0.499723
-2.60891 0.5

-0.234375 -0.0819441
-0.243028 -0.078125

-0.25 -0.0750636
-0.243064 -0.078125

-0.234375 -0.0822978
-0.21875 -0.0879406

-0.21875 -0.0881029
-0.203125 -0.0914744

0.765625 0.939715
0.754939 0.953125

-2.59342 0.4375
-2.57812 0.441735

0.761397 0.953125
0.765625 0.95689

-2.57812 0.439762
-2.57177 0.4375

0.65625 -0.184844
0.671875 -0.185974

-2.53125 0.396695
-2.53382 0.40625

0.65625 -0.169866
0.66126 -0.171875

0.671875 -0.186556
0.679779 -0.1875

-2.5625 0.434228
-2.54688 0.422658

0.6875 -0.188281
0.703125 -0.189354

-2.53318 0.40625
-2.54516 0.421875

-0.203125 -0.0913827
-0.1875 -0.0923415

-0.1875 -0.092152
-0.171875 -0.0912604

-0.171875 -0.0910461
-0.15625 -0.0891117

-0.15625 -0.0888949
-0.140625 -0.0867799

0.765625 0.946742
0.771262 0.953125

0.765625 0.963235
0.778052 0.953125

-2.54688 0.422585
-2.54611 0.421875

-2.5306 0.375
-2.53092 0.390625

-2.53125 0.393376
-2.53051 0.390625

-0.140625 -0.0865256
-0.125 -0.0851723

0.703125 -0.188724
0.71875 -0.190289

0.71875 -0.19046
0.734375 -0.193433

0 -0.126773
-0.0103921 -0.125

-0.125 -0.0847959
-0.109375 -0.0854656

0.734375 -0.193915
0.75 -0.196991

-0.109375 -0.0852158
-0.09375 -0.0891607

-0.078125 -0.0967201
-0.0843824 -0.09375

-0.078125 -0.097437
-0.0625 -0.106606

-0.09375 -0.089318
-0.0844127 -0.09375

0.734375 -0.169362
0.727069 -0.15625

0.734375 -0.160881
0.75 -0.158249

-2.5 0.249437
-2.4911 0.25

0.734375 -0.150068
0.75 -0.145745

-2.48438 0.246396
-2.47712 0.25

-0.046875 -0.115396
-0.0585404 -0.109375

-0.0625 -0.107307
-0.0584945 -0.109375

-2.49532 0.25
-2.48438 0.26445

0.745511 -0.140625
0.75 -0.139943

-0.046875 -0.115344
-0.03125 -0.120959

-2.5 0.269802
-2.48697 0.265625

-2.47893 0.25
-2.47848 0.265625

-2.48438 0.267389
-2.48162 0.265625

-0.03125 -0.12076
-0.015625 -0.124418

-0.015625 -0.124189
-0.0108689 -0.125

-2.4375 0.259965
-2.44343 0.265625

-2.44312 0.265625
-2.45184 0.28125

-2.45061 0.28125
-2.44853 0.296875

-2.44831 0.296875
-2.43835 0.3125

-0.46875 0.489855
-0.474796 0.5

2.07812 -0.250769
2.06575 -0.25

-2.43831 0.3125
-2.4375 0.313422

2.07812 -0.250907
2.09375 -0.251562

0.75 -0.196918
0.765625 -0.199282

-0.453125 0.480445
-0.460357 0.484375

0.765625 -0.199202
0.78125 -0.201162

-2.4375 0.261152
-2.42188 0.251753

2.09375 -0.251831
2.10938 -0.251341

-2.42188 0.252359
-2.40625 0.250442

-0.46875 0.489469
-0.46326 0.484375

0.78125 -0.201201
0.796875 -0.202837

-0.453125 0.480949
-0.4375 0.481164

0.8125 -0.204073
0.801146 -0.203125

2.10938 -0.250973
2.11917 -0.25

-2.40625 0.250943
-2.39062 0.254295

2.21875 -0.315396
2.21636 -0.3125

-2.39062 0.253609
-2.375 0.262598

0.796875 -0.202937
0.799124 -0.203125

-2.4375 0.313753
-2.42188 0.326738

-0.4375 0.481306
-0.430025 0.484375

2.21875 -0.314679
2.23372 -0.328125

-0.431225 0.484375
-0.421875 0.488216

2.25 -0.335063
2.23519 -0.328125

0.75 -0.157395
0.751063 -0.15625

0.753985 -0.15625
0.751565 -0.140625

0.75 -0.139305
0.752148 -0.140625

2.23438 -0.327739
2.2352 -0.328125

2.21699 -0.3125
2.20803 -0.296875

2.20695 -0.296875
2.20715 -0.28125

2.20312 -0.252817
2.19146 -0.25

-0.421875 0.487526
-0.40656 0.5

2.20846 -0.28125
2.2174 -0.265625

2.21875 -0.253131
2.21511 -0.25

-2.42188 0.326037
-2.41569 0.328125

0.8125 -0.204096
0.828125 -0.205157

-2.4158 0.328125
-2.40625 0.331352

2.22865 -0.265625
2.22404 -0.25

-2.40625 0.33066
-2.39062 0.330939

0.828125 -0.205235
0.84375 -0.20592

2 -0.243177
2.01562 -0.245894

-2.375 0.327037
-2.38199 0.328125

2.01562 -0.245821
2.03125 -0.247665

0.84375 -0.205938
0.859375 -0.206053

-2.39062 0.330716
-2.375 0.328284

0.859375 -0.206069
0.875 -0.205548

-2.375 0.262631
-2.37142 0.265625

-2.3721 0.265625
-2.35938 0.278679

0.875 -0.205513
0.890625 -0.204393

0.890625 -0.204266
0.903934 -0.203125

-2 0.526616
-1.99526 0.53125

0.90236 -0.203125
0.90625 -0.202792

-1.99503 0.53125
-1.98438 0.545846

-2.35938 0.278502
-2.35717 0.28125

-1.9846 0.546875
-1.98438 0.547526

-2.35693 0.28125
-2.34767 0.296875

-2.34656 0.296875
-2.34539 0.3125

-1.98438 0.54638
-1.9841 0.546875

0.90625 -0.202841
0.921875 -0.201708

2.03125 -0.247585
2.04688 -0.24886

0.921875 -0.201762
0.9375 -0.200844

-1.98438 0.547506
-1.97913 0.5625

0.9375 -0.200925
0.953125 -0.199952

-1.97893 0.5625
-1.97791 0.578125

0.953125 -0.200035
0.96875 -0.198678

-1.97791 0.578125
-1.98176 0.59375

2.04688 -0.24878
2.0625 -0.249807

-1.98438 0.598727
-1.99038 0.609375

-2.375 0.327686
-2.35938 0.323591

-2.375 0.329458
-2.36802 0.328125

-2.34375 0.315439
-2.35629 0.328125

-2.35938 0.329966
-2.35508 0.328125

-2.34375 0.314229
-2.34302 0.3125

2.0625 -0.249764
2.0663 -0.25

-2.25 0.420081
-2.25257 0.421875

-2.25079 0.421875
-2.25925 0.4375

-2.2625 0.4375
-2.25159 0.453125

-2 0.619715
-1.99121 0.609375

-1.98438 0.597912
-1.98208 0.59375

2.12101 -0.25
2.125 -0.249604

-2 0.710975
-1.98438 0.71019

0.96875 -0.198701
0.984375 -0.196747

0.984375 -0.196716
1 -0.194182

-2.25208 0.453125
-2.25 0.45401

-1.98438 0.711064
-1.97102 0.71875

-2 0.731443
-1.99439 0.734375

-1.98866 0.734375
-1.98438 0.735247

2.125 -0.249355
2.14062 -0.24761

2.14062 -0.247479
2.15625 -0.24605

2.15625 -0.245262
2.17188 -0.245986

-1.96947 0.71875
-1.96875 0.719438

-2.15625 0.350637
-2.16877 0.359375

-2.17177 0.359375
-2.17045 0.375

0.546875 0.434352
0.541603 0.4375

-1.98438 0.737371
-1.96875 0.743662

2.17188 -0.246857
2.1875 -0.249567

-1.96875 0.726023
-1.95312 0.732154

2.1875 -0.249888
2.18953 -0.25

0.546875 0.431788
0.5625 0.435208

-2.15625 0.351439
-2.14062 0.354681

-2.14062 0.369707
-2.14141 0.375

2.20312 -0.248288
2.21097 -0.25

-2.14062 0.352503
-2.125 0.358286

-2.13684 0.359375
-2.12861 0.375

0.53125 0.446185
0.526894 0.453125

-2.25 0.420113
-2.23438 0.421304

2.21875 -0.248347
2.22187 -0.25

-2.23744 0.421875
-2.23438 0.423225

0.524682 0.453125
0.528781 0.46875

-1.96875 0.748892
-1.96281 0.75

0.529334 0.46875
0.53125 0.470861

0.53125 0.446137
0.540258 0.4375

0.5625 0.467593
0.561311 0.46875

-2.23438 0.421404
-2.23382 0.421875

-2.234 0.421875
-2.2292 0.4375

2.35938 -0.376619
2.35499 -0.375

2.35938 -0.377028
2.375 -0.377225

2.25 -0.334399
2.26562 -0.338245

2.26562 -0.337633
2.28125 -0.340556

2.29688 -0.344212
2.29518 -0.34375

0.53125 0.470738
0.546875 0.478313

0.546875 0.477341
0.562221 0.46875

-2.25 0.451111
-2.23438 0.444763

-2.23438 0.44171
-2.23191 0.4375

-1.95312 0.729595
-1.9375 0.731384

-1.95312 0.749188
-1.9375 0.747798

2.29688 -0.344177
2.3125 -0.351102

2.28125 -0.340044
2.2948 -0.34375

0.5625 0.435016
0.565527 0.4375

0.565275 0.4375
0.572898 0.453125

-2.21875 0.483496
-2.21934 0.484375

-2.21875 0.493029
-2.22334 0.5

-1.9375 0.730625
-1.92188 0.733622

-1.9375 0.736862
-1.92805 0.734375

2.32812 -0.360783
2.32567 -0.359375

2.3125 -0.351488
2.32623 -0.359375

2.32812 -0.361179
2.34375 -0.369994

2.34375 -0.370733
2.3553 -0.375

-2.21875 0.484107
-2.20312 0.475196

2.375 -0.377389
2.38158 -0.375

-2.21875 0.493112
-2.20925 0.484375

2.37941 -0.375
2.39062 -0.370931

2.39062 -0.370337
2.40625 -0.361235

0.5625 0.467686
0.570884 0.453125

-1.92188 0.734256
-1.9211 0.734375

-1.92188 0.739631
-1.90625 0.736355

-2.20312 0.48128
-2.1875 0.480747

-2.20312 0.484794
-2.19383 0.484375

2.40625 -0.359795
2.4071 -0.359375

2.40694 -0.359375
2.42188 -0.351956

-2.16722 0.375
-2.15625 0.38458

-2.15625 0.419153
-2.15641 0.421875

2.42188 -0.352339
2.4375 -0.348183

-2.15246 0.375
-2.14062 0.385049

-2.14516 0.390625
-2.15358 0.40625

-1.90625 0.737181
-1.89062 0.738113

2.4375 -0.348326
2.45312 -0.346731

2.45312 -0.346911
2.46875 -0.347231

-1.89062 0.736824
-1.875 0.745794

-2.14062 0.386485
-2.125 0.379186

-2.15625 0.417706
-2.1556 0.40625

2.46875 -0.347433
2.48438 -0.348905

2.48438 -0.349111
2.5 -0.350919

-1.875 0.746144
-1.87049 0.75

-2.15576 0.421875
-2.14654 0.4375

-1.95247 0.75
-1.9375 0.752431

-1.9375 0.750428
-1.92188 0.756078

-2.1875 0.48055
-2.17188 0.481935

-2.17188 0.481512
-2.16223 0.484375

-1.92188 0.759252
-1.90625 0.76539

-1.90625 0.76379
-1.89062 0.765363

-2.16356 0.484375
-2.15625 0.486166

-2.14475 0.4375
-2.14062 0.442125

-2.14062 0.44213
-2.13022 0.453125

-1.875 0.764287
-1.87671 0.765625

-2.12981 0.453125
-2.125 0.457844

-2.15625 0.486915
-2.14062 0.494117

-1.88668 0.765625
-1.875 0.769092

-1.87488 0.75
-1.85938 0.764494

-1.875 0.774924
-1.85938 0.77853

-2.14062 0.494671
-2.12894 0.5

-1.85938 0.759167
-1.84585 0.765625

2.5 -0.351049
2.51562 -0.352524

2.51562 -0.352584
2.53125 -0.353345

-1.84375 0.769747
-1.85433 0.78125

-1.84504 0.78125
-1.84375 0.78152

-1.84375 0.762557
-1.83443 0.765625

-1.84375 0.775436
-1.82812 0.772911

-1.82812 0.775364
-1.8125 0.773892

-2.10938 0.342883
-2.11263 0.34375

-2.10938 0.342792
-2.09375 0.339877

2.53125 -0.353348
2.54688 -0.353269

2.54688 -0.353247
2.5625 -0.352366

-2.125 0.352863
-2.10938 0.347016

2.5625 -0.352331
2.57812 -0.350762

-1.84375 0.785905
-1.8125 0.796984

1 -0.19428
1.01562 -0.191029

-2.10938 0.373009
-2.12059 0.375

-2.10938 0.344106
-2.0948 0.359375

2.57812 -0.350792
2.59375 -0.348545

-2.10938 0.374318
-2.09375 0.370183

2.59375 -0.348594
2.60938 -0.345513

1.01562 -0.191137
1.02839 -0.1875

2.60938 -0.34541
2.61771 -0.34375

1.02919 -0.1875
1.03125 -0.186912

-1.81261 0.8125
-1.8125 0.812539

1.03125 -0.186885
1.04688 -0.180619

-1.8125 0.775435
-1.79688 0.772539

2.61463 -0.34375
2.625 -0.341683

-2.07812 0.327191
-2.0801 0.328125

-2.07995 0.328125
-2.09002 0.34375

2.625 -0.341814
2.64062 -0.339839

1.04688 -0.182137
1.06134 -0.171875

-2.0625 0.322295
-2.07705 0.328125

1.05974 -0.171875
1.0625 -0.169507

2.64062 -0.339856
2.65625 -0.339256

1.0625 -0.172365
1.06301 -0.171875

2.65625 -0.339286
2.67188 -0.339964

1.0625 -0.168885
1.07567 -0.15625

2.67188 -0.339948
2.6875 -0.341875

-2.07812 0.335336
-2.0625 0.338441

2.70312 -0.345124
2.69734 -0.34375

-1.78125 0.765477
-1.78159 0.765625

1.0709 -0.15625
1.07812 -0.149768

-1.79688 0.773363
-1.7818 0.765625

1.07812 -0.15008
1.09375 -0.14513

-1.8125 0.791529
-1.79688 0.793168

1.125 -0.157947
1.11861 -0.15625

-1.8125 0.796958
-1.81119 0.796875

2.70312 -0.345738
2.71875 -0.350932

-2.09375 0.359049
-2.07812 0.359105

-2.09375 0.366929
-2.07812 0.365436

-2.0625 0.355755
-2.07354 0.359375

-2.07812 0.368557
-2.0625 0.365293

2.6875 -0.341775
2.69581 -0.34375

2.71875 -0.351563
2.73438 -0.356172

2.73438 -0.356313
2.75 -0.358792

-1.79688 0.791152
-1.78125 0.793295

-1.78125 0.759999
-1.76562 0.760727

-2.0625 0.323802
-2.04688 0.318212

2.75 -0.359009
2.76562 -0.358643

2.76562 -0.359154
2.78125 -0.354489

1.09375 -0.148097
1.10938 -0.152254

2.78125 -0.354878
2.79688 -0.344212

2.79548 -0.34375
2.79688 -0.342658

1.10938 -0.153879
1.1183 -0.15625

-1.76562 0.755686
-1.75445 0.765625

1.125 -0.156483
1.14062 -0.16048

-1.75777 0.765625
-1.75971 0.78125

-1.78125 0.792347
-1.76562 0.784017

-2.0625 0.334301
-2.04688 0.330333

-2.04688 0.319916
-2.03125 0.31733

1.14062 -0.160255
1.15625 -0.167573

1.17188 -0.177186
1.16169 -0.171875

2.79688 -0.342687
2.8125 -0.328293

2.8125 -0.328272
2.81266 -0.328125

2.81265 -0.328125
2.82812 -0.313143

-2.04688 0.328772
-2.03125 0.331606

-2.04688 0.358312
-2.05949 0.359375

-2.0625 0.36182
-2.0537 0.359375

-2.04688 0.357929
-2.03125 0.356217

-1.78125 0.797938
-1.77849 0.796875

-1.76562 0.782233
-1.7647 0.78125

2.82812 -0.312633
2.82826 -0.3125

2.82829 -0.3125
2.84375 -0.297801

1.15625 -0.169051
1.16167 -0.171875

1.17188 -0.177071
1.1875 -0.183342

-2.04688 0.359423
-2.04582 0.359375

-2.03125 0.318867
-2.01562 0.322742

-2.03042 0.328125
-2.01562 0.341196

-2.01562 0.324897
-2 0.326477

2.84375 -0.298829
2.84586 -0.296875

2.8455 -0.296875
2.85938 -0.283338

1.20312 -0.188054
1.20134 -0.1875

2.85938 -0.282235
2.86034 -0.28125

2.86063 -0.28125
2.875 -0.267035

-2.00469 0.328125
-2.01552 0.34375

2.875 -0.268518
2.87799 -0.265625

-1.76562 0.80161
-1.76103 0.796875

1.20312 -0.188064
1.21875 -0.1917

-1.8125 0.812622
-1.8118 0.8125

2.8777 -0.265625
2.89062 -0.251252

-2.01562 0.355332
-2.02471 0.359375

1.21875 -0.191619
1.23438 -0.194243

-2.03125 0.359558
-2.02995 0.359375

1.23438 -0.1941
1.25 -0.196161

2.89001 -0.25
2.89062 -0.24923

-1.78125 0.813355
-1.77979 0.8125

2.89062 -0.249128
2.90381 -0.234375

-2 0.344392
-2.01402 0.359375

-2.125 0.3789
-2.10938 0.375813

-2.10938 0.376707
-2.10428 0.375

-1.75 0.813976
-1.74854 0.8125

-1.65625 0.81083
-1.65708 0.8125

-1.64171 0.796875
-1.65538 0.8125

-1.64062 0.801489
-1.625 0.797618

-2.125 0.458103
-2.11339 0.46875

-2.11368 0.46875
-2.10938 0.472536

2.90625 -0.23481
2.91864 -0.21875

2.9189 -0.21875
2.92188 -0.214149

1.1875 -0.183244
1.20125 -0.1875

-1.66023 0.8125
-1.65625 0.825424

-1.65625 0.813068
-1.64261 0.828125

-1.64075 0.828125
-1.64062 0.828165

2.92188 -0.209593
2.92606 -0.203125

1.25 -0.196105
1.26562 -0.198001

2.92762 -0.203125
2.9375 -0.188292

-2.10938 0.472672
-2.0946 0.484375

2.9375 -0.188435
2.93808 -0.1875

-1.64062 0.822011
-1.625 0.825189

-2.09459 0.484375
-2.09375 0.485166

-1.625 0.798325
-1.60938 0.802488

2.96875 -0.189419
2.97067 -0.1875

2.93851 -0.1875
2.94773 -0.171875

1.26562 -0.198107
1.28125 -0.199736

1.28125 -0.199743
1.29688 -0.200876

1.29688 -0.200619
1.3125 -0.201755

2.94857 -0.171875
2.95312 -0.159127

2.95178 -0.15625
2.95312 -0.153294

-1.60938 0.801809
-1.59375 0.809224

-1.59375 0.810744
-1.58446 0.8125

-2.09375 0.485179
-2.07812 0.494953

-2.07812 0.496232
-2.07024 0.5

1.32812 -0.203325
1.32602 -0.203125

-2.60882 0.5
-2.59375 0.509332

1.3125 -0.201835
1.32604 -0.203125

2.95312 -0.150011
2.95741 -0.140625

1.32812 -0.203231
1.34375 -0.205096

2.96126 -0.140625
2.96875 -0.127153

-2.59375 0.516405
-2.5625 0.529719

-1.57812 0.812016
-1.5748 0.8125

1.34375 -0.204854
1.35938 -0.207764

2.96748 -0.125
2.96875 -0.122191

1.35938 -0.208248
1.375 -0.21172

-2.56466 0.53125
-2.5625 0.532115

-1.625 0.825028
-1.60938 0.822429

2.96875 -0.123034
2.98357 -0.09375

-1.61146 0.828125
-1.60938 0.828195

2.98309 -0.09375
2.98438 -0.0797572

2.98315 -0.078125
2.9804 -0.0625

-2.5625 0.529376
-2.54688 0.52892

1.375 -0.212218
1.39062 -0.214288

-1.60938 0.825393
-1.59375 0.821851

1.39062 -0.214532
1.40625 -0.213714

-1.60421 0.828125
-1.59375 0.830343

1.40625 -0.213594
1.42188 -0.209643

1.42188 -0.20917
1.4375 -0.203275

-2.54688 0.526295
-2.53125 0.524667

-2.53528 0.53125
-2.53125 0.531695

-1.59375 0.821815
-1.58339 0.8125

-1.59375 0.830494
-1.57812 0.834215

-1.56603 0.8125
-1.5625 0.815731

2.98663 -0.09375
2.99206 -0.078125

-1.57812 0.833961
-1.5625 0.830383

2.98438 -0.0707659
2.98637 -0.078125

-2.53125 0.523758
-2.51562 0.528037

2.98305 -0.0625
2.98349 -0.046875

-2.51562 0.530799
-2.51494 0.53125

-2.51483 0.53125
-2.5 0.53727

1.4375 -0.203294
1.43786 -0.203125

2.98292 -0.046875
2.98287 -0.03125

-1.5 0.809684
-1.50477 0.8125

-2.5 0.543271
-2.49522 0.546875

-1.55547 0.8125
-1.5525 0.828125

2.98306 -0.03125
2.98328 -0.015625

-1.5625 0.833034
-1.55552 0.828125

2.9833 -0.015625
2.98338 0

-1.54688 0.831499
-1.54384 0.828125

1.43826 -0.203125
1.45312 -0.196194

-1.52 0.828125
-1.51562 0.83254

1.45312 -0.195475
1.46875 -0.187826

-1.51408 0.8125
-1.51412 0.828125

2.98438 -0.00151322
2.98438 0

1.48438 -0.187561
1.47934 -0.1875

-2.49193 0.546875
-2.48438 0.552589

1.48438 -0.188625
1.5 -0.196582

1.46875 -0.184745
1.48438 -0.1843

1.48438 -0.183066
1.49308 -0.1875

2.9834 0
2.98327 0.015625

-2.48438 0.553453
-2.46875 0.561882

2.98321 0.015625
2.98294 0.03125

-1.50468 0.828125
-1.5 0.830718

-2.46875 0.560052
-2.46398 0.5625

2.98293 0.03125
2.98269 0.046875

2.98272 0.046875
2.98244 0.0625

-2.47071 0.5625
-2.46875 0.563646

-2.4645 0.5625
-2.4375 0.578391

2.96875 0.122143
2.96725 0.125

2.9825 0.0625
2.98198 0.078125

2.98225 0.078125
2.98085 0.09375

2.98198 0.09375
2.97181 0.125

-2.4375 0.577676
-2.4368 0.578125

2.90625 0.244215
2.90249 0.25

-1.5 0.809153
-1.48438 0.807999

2.9375 0.202341
2.93729 0.203125

-2.43535 0.578125
-2.42188 0.587983

2.92188 0.217414
2.93724 0.203125

-1.48438 0.808194
-1.46875 0.811956

2.90625 0.230497
2.92703 0.21875

-1.46875 0.812022
-1.46742 0.8125

-2.42188 0.59275
-2.42077 0.59375

2.95312 0.149839
2.94989 0.15625

-2.41766 0.59375
-2.40625 0.601788

-1.5 0.820837
-1.49583 0.8125

2.96796 0.125
2.95895 0.140625

2.95312 0.155822
2.9608 0.140625

-2.40625 0.606349
-2.375 0.619598

2.95109 0.15625
2.94425 0.171875

-1.5 0.82917
-1.48438 0.833937

-1.48438 0.814619
-1.46875 0.812925

2.94506 0.171875
2.93998 0.1875

3 0.163313
2.98439 0.1875

2.9375 0.207383
2.96875 0.216706

2.95304 0.21875
2.93814 0.25

2.96875 0.213734
2.99185 0.1875

-2.34375 0.559583
-2.34698 0.5625

2.8125 0.35738
2.81246 0.359375

2.80838 0.359375
2.8125 0.363345

-1.48438 0.834441
-1.46875 0.839865

-2.34375 0.559738
-2.32812 0.548507

2.875 0.279679
2.87378 0.28125

-2.3125 0.541343
-2.32354 0.546875

-1.46875 0.815179
-1.45312 0.819283

-2.32812 0.549178
-2.32353 0.546875

2.85938 0.294216
2.85689 0.296875

2.85628 0.296875
2.84846 0.3125

2.87374 0.28125
2.8603 0.296875

2.82812 0.327968
2.82798 0.328125

-2.34907 0.5625
-2.35863 0.578125

-2.35938 0.578641
-2.3522 0.59375

-1.46875 0.84083
-1.45499 0.84375

-1.45312 0.820679
-1.4375 0.824396

2.82774 0.328125
2.82647 0.34375

2.84375 0.320771
2.83737 0.328125

-2.375 0.618459
-2.35938 0.621448

-2.34885 0.59375
-2.34375 0.598943

-1.45958 0.84375
-1.45312 0.845837

-1.45312 0.845472
-1.4375 0.849031

2.82812 0.338088
2.83142 0.34375

2.82477 0.34375
2.84375 0.350403

-2.35938 0.619954
-2.34452 0.625

-2.34375 0.599277
-2.32812 0.608304

-1.4375 0.821877
-1.42259 0.828125

-2.32812 0.608483
-2.32513 0.609375

2.84375 0.324833
2.875 0.319061

2.84375 0.346549
2.84983 0.34375

-2.3213 0.609375
-2.3125 0.614475

2.89062 0.258558
2.88401 0.265625

-2.28125 0.528561
-2.28743 0.53125

-2.3125 0.541704
-2.29688 0.535213

-2.29688 0.535341
-2.28496 0.53125

-1.41502 0.828125
-1.41249 0.84375

-1.4375 0.852359
-1.42188 0.84767

2.875 0.280075
2.88524 0.265625

2.89062 0.262412
2.90099 0.25

-2.28125 0.526789
-2.26562 0.522914

-1.42188 0.850454
-1.41429 0.84375

2.875 0.297551
2.90625 0.288992

2.9375 0.263628
2.91573 0.28125

-2.26562 0.519999
-2.25 0.522396

-2.27131 0.546875
-2.26579 0.5625

-2.26248 0.53125
-2.25211 0.546875

-2.26562 0.55551
-2.25 0.55745

2.90625 0.282563
2.90844 0.28125

2.875 0.314242
2.87698 0.3125

2.9375 0.259885
2.9454 0.25

-1.34375 0.775215
-1.34738 0.78125

-1.34952 0.78125
-1.34418 0.796875

-2.30949 0.609375
-2.29688 0.618597

-2.29688 0.616043
-2.28125 0.614658

3 -0.188501
3.001 -0.1875

-1.34375 0.775222
-1.32812 0.766765

-1.3272 0.765625
-1.3125 0.779881

3 -0.0961124
3.00222 -0.09375

3.0013 -0.09375
3.01075 -0.0625

-2.26683 0.5625
-2.26562 0.563248

-2.26832 0.609375
-2.26562 0.612917

-2.25723 0.609375
-2.25688 0.625

-2.34454 0.625
-2.34375 0.625182

3.00791 -0.0625
3.00143 -0.03125

3 -0.00323279
3.00198 0

3.0625 -0.00602491
3.04075 0

3.125 -0.00325728
3.10456 0

-2.34375 0.639381
-2.3125 0.633183

-2.3125 0.63516
-2.29688 0.628101

-2.29688 0.627664
-2.28232 0.625

-2.28125 0.626242
-2.26562 0.625088

3.25 -0.00270383
3.22172 0

3.5 -0.00199197
3.43801 0

-1.34375 0.794204
-1.34046 0.796875

-1.33386 0.796875
-1.32812 0.798329

-2.26562 0.625434
-2.26478 0.625

3.03125 0.0263541
3.0244 0.03125

3.02979 0.03125
3.02359 0.0625

3.03125 0.0168707
3.05291 0

3.0292 0.0625
3.02414 0.09375

-2.23438 0.511185
-2.24174 0.515625

-2.25 0.530635
-2.23438 0.517092

-2.22126 0.5
-2.23349 0.515625

-2.23438 0.518708
-2.2326 0.515625

-2.23984 0.53125
-2.2465 0.546875

-2.25 0.547294
-2.24967 0.546875

-2.19713 0.5
-2.1875 0.502546

-1.3125 0.78178
-1.32253 0.796875

-1.32812 0.798839
-1.32419 0.796875

3.01997 0.09375
3.01521 0.125

3.0625 0.0142694
3.10204 0

-1.3125 0.779647
-1.3119 0.78125

-1.25 0.809443
-1.2533 0.8125

-1.25535 0.8125
-1.25832 0.828125

-2.1875 0.59243
-2.18986 0.59375

-2.20377 0.609375
-2.20312 0.611237

3 0.178971
3.01804 0.125

-1.25441 0.828125
-1.25 0.833855

-2.19302 0.59375
-2.20246 0.609375

-2.20312 0.612966
-2.18791 0.625

-2.1875 0.511209
-2.18273 0.5

3.125 0.00872574
3.20274 0

3.25 0.00382009
3.36236 0

-2.12949 0.5
-2.125 0.502124

4 -0.00310139
3.66679 0

-2.1875 0.589516
-2.17188 0.593574

-2.17188 0.593673
-2.17177 0.59375

-1.25 0.812351
-1.23438 0.801167

-1.21875 0.796492
-1.21982 0.796875

-2.1749 0.59375
-2.17188 0.597454

-2.1875 0.619257
-2.17188 0.612579

3.5 0.000341189
3.53649 0

-1.23438 0.80094
-1.22103 0.796875

-1.21875 0.793199
-1.20691 0.796875

-1.20527 0.796875
-1.20312 0.798866

-2.17188 0.601468
-2.16308 0.609375

-2.15625 0.617142
-2.16237 0.625

-2.125 0.592176
-2.12851 0.59375

-2.14062 0.600991
-2.1508 0.609375

-2.15625 0.616538
-2.15046 0.609375

-2.14062 0.599153
-2.12962 0.59375

-1.20312 0.796662
-1.20285 0.796875

-1.20168 0.796875
-1.19617 0.8125

-1.25 0.834157
-1.23559 0.84375

-2.16468 0.625
-2.16911 0.640625

-2.16983 0.640625
-2.16642 0.65625

-2.16912 0.65625
-2.15625 0.6703

-1.21875 0.837982
-1.23396 0.84375

-1.23438 0.843821
-1.23411 0.84375

-1.20312 0.814834
-1.21084 0.828125

-2.15625 0.665852
-2.14605 0.671875

-2.14167 0.671875
-2.14062 0.672365

-1.21875 0.837281
-1.20977 0.828125

-1.20312 0.814674
-1.20194 0.8125

-2.14062 0.672202
-2.125 0.681305

-2.125 0.502051
-2.10938 0.508527

-2.10938 0.508867
-2.09375 0.513704

-2.07812 0.515215
-2.08042 0.515625

-1 0.777587
-1.0045 0.78125

-1.00572 0.78125
-1.01065 0.796875

-2.0929 0.515625
-2.07812 0.519909

-1.00593 0.796875
-1 0.805005

-2.0686 0.5
-2.0625 0.507505

-2.07812 0.52069
-2.0625 0.522932

-2.125 0.592928
-2.10938 0.592334

-2.10938 0.59373
-2.09375 0.593577

-2.10938 0.594438
-2.09375 0.594334

-0.875 0.698389
-0.878603 0.703125

-0.8809 0.703125
-0.878376 0.71875

-2.07812 0.590044
-2.09084 0.59375

-2.07812 0.589542
-2.0625 0.580819

-2.09375 0.595034
-2.08935 0.59375

-2.0625 0.503201
-2.04688 0.506865

-2.0625 0.522138
-2.04688 0.525985

-0.875 0.699151
-0.859375 0.689991

-0.859375 0.689311
-0.84375 0.700903

-2.04688 0.507928
-2.03125 0.511197

-2.04688 0.523661
-2.04307 0.53125

-2.03652 0.53125
-2.03125 0.537268

-2.03125 0.558442
-2.03347 0.5625

-2.03125 0.51178
-2.01983 0.515625

-2.03125 0.515714
-2.03057 0.515625

-2.01562 0.516101
-2 0.525912

-2.03125 0.532153
-2.02563 0.546875

-2.03125 0.561364
-2.025 0.546875

-2.04688 0.570032
-2.06005 0.578125

-0.84375 0.71477
-0.84484 0.71875

-0.875 0.71894
-0.859375 0.726663

-0.859375 0.728054
-0.843939 0.71875

-0.84375 0.70015
-0.842129 0.703125

-0.84375 0.71828
-0.842015 0.703125

-2.0625 0.580354
-2.05882 0.578125

-1 0.779604
-0.984375 0.772477

-0.984375 0.774667
-0.96875 0.773144

-1 0.805948
-0.992521 0.8125

-2.04688 0.572246
-2.03479 0.5625

-2 0.621499
-2.00338 0.625

-2.125 0.682661
-2.11807 0.6875

-2.11811 0.6875
-2.10938 0.693601

-2.10938 0.693997
-2.09385 0.703125

-2.09375 0.702272
-2.0923 0.703125

-0.96875 0.774218
-0.953125 0.771769

-0.953125 0.765487
-0.951368 0.765625

-0.953125 0.766481
-0.9375 0.77155

-2.09158 0.703125
-2.07812 0.711064

-2.07812 0.712828
-2.06883 0.71875

-0.953125 0.809248
-0.959669 0.8125

-0.953125 0.809397
-0.938027 0.796875

-2.06432 0.71875
-2.0625 0.719485

-2.03125 0.646384
-2.04136 0.65625

-0.991501 0.8125
-0.984375 0.817027

-0.984375 0.817485
-0.96875 0.819058

-2.04688 0.662281
-2.05186 0.671875

-2.05147 0.671875
-2.04989 0.6875

-2.04688 0.662544
-2.04339 0.65625

-0.96875 0.819605
-0.954281 0.8125

-0.9375 0.766051
-0.925563 0.78125

-2.01562 0.634723
-2.02286 0.640625

-2.03125 0.6459
-2.02486 0.640625

-2.01562 0.634093
-2.0055 0.625

-0.926563 0.78125
-0.932558 0.796875

-2.0495 0.6875
-2.04688 0.692561

-2.04688 0.692142
-2.03904 0.703125

-2.03529 0.703125
-2.03125 0.714574

-2.0625 0.727753
-2.03125 0.724104

-2.03125 0.711144
-2.01562 0.717661

-2.01562 0.718293
-2 0.714841

-2.03125 0.728862
-2.01562 0.732669

-2.01562 0.731308
-2.01069 0.734375

-2.00872 0.734375
-2 0.735268

-0.474057 0.5
-0.47126 0.515625

-0.470049 0.515625
-0.46875 0.517726

-0.46875 0.518851
-0.457125 0.53125

-0.456166 0.53125
-0.453125 0.533413

-0.453125 0.533599
-0.4375 0.540201

-0.4375 0.582059
-0.445427 0.59375

-0.447093 0.59375
-0.444483 0.609375

-0.44469 0.609375
-0.4375 0.617772

-0.406641 0.5
-0.40625 0.500493

-0.4375 0.539639
-0.421875 0.540466

-0.421875 0.541659
-0.40625 0.535448

-0.406022 0.5
-0.395712 0.515625

-0.391941 0.515625
-0.398342 0.53125

-0.40625 0.535981
-0.400328 0.53125

-0.421875 0.570816
-0.433523 0.578125

-0.4375 0.581726
-0.433612 0.578125

-0.421875 0.568544
-0.40625 0.573804

-0.4375 0.617526
-0.421875 0.623205

-0.40625 0.608234
-0.407015 0.609375

-0.421875 0.621282
-0.40625 0.609429

-0.40625 0.573317
-0.401538 0.578125

-0.402301 0.578125
-0.396886 0.59375

-0.40625 0.606952
-0.399364 0.59375

-0.46875 0.820141
-0.476869 0.828125

-0.474601 0.828125
-0.48137 0.84375

-0.480871 0.84375
-0.474514 0.859375

-0.477113 0.859375
-0.46875 0.868163

-0.46875 0.819291
-0.453125 0.819052

-0.453125 0.819272
-0.444201 0.828125

-0.447047 0.828125
-0.441029 0.84375

-0.46875 0.869371
-0.453125 0.868966

-1.96875 0.30693
-1.95312 0.30912

-1.95312 0.306733
-1.9375 0.309319

-2 0.32711
-1.98438 0.32345

-0.44215 0.84375
-0.448314 0.859375

-0.453125 0.868903
-0.444625 0.859375

-2 0.335342
-1.98438 0.329508

-0.421875 0.984044
-0.421973 0.984375

-0.40625 0.979607
-0.415535 0.984375

-1.98438 0.320422
-1.96875 0.31811

-1.98438 0.333716
-1.96875 0.340887

-2 0.352224
-1.98605 0.34375

-0.412632 0.984375
-0.40625 0.990248

-0.390625 0.983123
-0.398176 0.984375

-1.96053 0.3125
-1.9631 0.328125

-1.96875 0.333313
-1.96315 0.34375

-1.95312 0.312736
-1.95244 0.3125

-0.396735 0.984375
-0.390625 0.990987

-0.375 0.980355
-0.38324 0.984375

-0.383045 0.984375
-0.375 0.996204

-1.96052 0.34375
-1.95312 0.353282

-1.95312 0.355201
-1.95111 0.359375

-1.95312 0.362862
-1.94978 0.375

-1.92188 0.30361
-1.93714 0.3125

-1.92188 0.310998
-1.90625 0.304406

-1.90625 0.306856
-1.89062 0.303216

-1.89062 0.304767
-1.875 0.301453

-1.93242 0.3125
-1.92188 0.327878

-1.92188 0.318506
-1.91314 0.328125

-0.359375 0.976691
-0.366756 0.984375

-0.372402 0.984375
-0.359375 0.993135

-0.359375 0.980068
-0.34375 0.972584

-1.90625 0.325773
-1.9013 0.328125

-1.89591 0.328125
-1.89062 0.329008

-1.89062 0.329016
-1.875 0.332281

-1.875 0.35882
-1.87561 0.359375

-1.89062 0.371566
-1.8759 0.359375

-0.359375 0.987792
-0.34375 0.988627

-0.34001 0.96875
-0.33534 0.984375

-1.95264 0.375
-1.94037 0.390625

-1.94036 0.390625
-1.9375 0.392839

-0.34375 0.989457
-0.337219 0.984375

-1.9375 0.393247
-1.92188 0.39843

-1.92188 0.39744
-1.90625 0.391712

-1.89062 0.377063
-1.90501 0.390625

-1.90625 0.390695
-1.90615 0.390625

-1.875 0.301616
-1.86244 0.296875

-1.85938 0.294628
-1.84375 0.287989

-1.84375 0.287985
-1.82812 0.28302

-1.82812 0.282282
-1.82425 0.28125

-1.875 0.329097
-1.85938 0.338029

-1.85938 0.336221
-1.85229 0.34375

-1.85938 0.354108
-1.86453 0.359375

-1.84729 0.34375
-1.85317 0.359375

-1.85938 0.360722
-1.85652 0.359375

-1.8125 0.279351
-1.79688 0.275016

-1.79688 0.274867
-1.78125 0.27055

-1.78125 0.270726
-1.76562 0.266371

-0.03125 0.886657
-0.0424406 0.890625

-0.0445977 0.890625
-0.0442298 0.90625

-0.048868 0.90625
-0.046875 0.908763

-0.0448692 0.90625
-0.03125 0.910188

-1.75 0.261628
-1.7628 0.265625

-1.76562 0.265926
-1.76466 0.265625

-0.03125 0.884941
-0.0205754 0.890625

-0.02225 0.890625
-0.023357 0.90625

-0.03125 0.909848
-0.024734 0.90625

-1.70312 0.245383
-1.71615 0.25

0 0.995749
-0.00789074 1

-1.70312 0.245035
-1.6875 0.239398

-1.6875 0.238825
-1.67188 0.234847

-1.65625 0.233068
-1.66452 0.234375

-1.67188 0.235446
-1.6651 0.234375

-0.00523273 1
-0.00085252 1.03125

-0.00196628 1.03125
0 1.03212

-1.65625 0.234201
-1.64062 0.229589

-1.64062 0.228243
-1.625 0.221832

-1.60938 0.216488
-1.61576 0.21875

-1.60938 0.216692
-1.59375 0.211256

-1.625 0.221696
-1.61668 0.21875

-1.59375 0.210878
-1.57812 0.205523

-1.5625 0.201283
-1.56955 0.203125

-1.57812 0.205249
-1.56999 0.203125

-1.5625 0.201509
-1.54688 0.198566

-1.54688 0.198784
-1.53125 0.195969

-1.53125 0.195807
-1.51562 0.193007

-1.51562 0.192943
-1.5 0.190609

-1.75 0.261462
-1.73438 0.256111

-1.73438 0.255964
-1.71875 0.250625

-1.71875 0.250606
-1.71704 0.25

-1.46875 0.186482
-1.47538 0.1875

-1.46875 0.186478
-1.45312 0.1834

-1.45312 0.183175
-1.4375 0.179914

-1.5 0.190758
-1.48438 0.18872

-1.48438 0.188914
-1.47517 0.1875

-1.4375 0.179778
-1.42188 0.177057

-1.42188 0.177087
-1.40625 0.175119

-1.40625 0.175185
-1.39062 0.173778

-1.39062 0.173779
-1.375 0.172801

-1.375 0.172791
-1.35938 0.17226

-1.35938 0.172293
-1.34375 0.172164

-1.34375 0.17226
-1.32812 0.172274

-1.32812 0.17239
-1.3125 0.172126

-1.29688 0.171308
-1.30721 0.171875

-1.3125 0.172176
-1.30702 0.171875

-1.29688 0.17124
-1.28125 0.169845

-1.28125 0.169754
-1.26562 0.168149

-1.26562 0.168107
-1.25 0.16656

-1.25 0.166577
-1.23438 0.165139

-1.23438 0.165115
-1.21875 0.163796

-1.21875 0.163739
-1.20312 0.162701

-1.20312 0.162509
-1.1875 0.162253

-1.1875 0.162137
-1.17188 0.163276

-1.17188 0.163449
-1.15625 0.165869

-1.15625 0.166658
-1.14062 0.168438

-1.14062 0.1692
-1.125 0.167235

-1.03125 0.123066
-1.03742 0.125

-1.03125 0.123032
-1.01562 0.119662

-1.01562 0.119836
-1 0.117103

-1.09375 0.151664
-1.10326 0.15625

-1.125 0.166507
-1.10938 0.160728

-1.10938 0.161355
-1.09833 0.15625

-1.07812 0.137363
-1.08415 0.140625

-1.09375 0.152728
-1.07812 0.145618

-1.0625 0.134257
-1.07361 0.140625

-1.07812 0.149048
-1.063 0.140625

-1.0625 0.13545
-1.04688 0.126836

-1.04688 0.127408
-1.03919 0.125

