-4 -0.0024051
-3.80687 0

-3.63821 0
-3.5 0.00172114

-3.5 -0.00097923
-3.47749 0

-3.25 -0.000966654
-3.24298 0

-3.125 -0.00116804
-3.12088 0

-3 -0.0939356
-3.0002 -0.09375

-3 -0.0728676
-3.00327 -0.0625

-3.00009 -0.0625
-3 -0.0588268

-3 -0.00358786
-3.00062 0

-3.41151 0
-3.25 0.00704153

-3.22161 0
-3.125 0.013501

-3.10951 0
-3.0625 0.02262

-3.0625 0.0122209
-3.03671 0.03125

-3.04467 0.03125
-3.03125 0.0545492

-3 0.0283322
-3.00449 0.03125

-3.03125 0.0547319
-3.02296 0.0625

-3.03949 0.0625
-3.03125 0.088483

-3.03125 0.0826893
-3.02484 0.09375

-3.02407 0.09375
-3.00675 0.125

-3.00797 0.125
-3 0.141119

-2.90625 -0.252039
-2.90838 -0.25

-2.90625 -0.252778
-2.90614 -0.25

-2.90915 -0.25
-2.90625 -0.24989

-2.90625 -0.249863
-2.90611 -0.25

-2.92188 -0.126257
-2.9235 -0.125

-2.92188 -0.128665
-2.90625 -0.139892

-2.89062 -0.147301
-2.90392 -0.140625

-2.90625 -0.140099
-2.90517 -0.140625

-2.89062 -0.14688
-2.875 -0.153061

1.5 0.0990722
1.51562 0.102277

1.51562 0.102215
1.53125 0.1056

1.53125 0.10554
1.54688 0.109348

1.54688 0.10935
1.54697 0.109375

1.54688 0.109538
1.5625 0.113508

1.5625 0.113517
1.57812 0.117251

1.57812 0.117228
1.59375 0.120755

1.59375 0.120692
1.60938 0.12418

1.60938 0.124196
1.61302 0.125

-2.98438 -0.0907511
-2.99777 -0.078125

1.61275 0.125
1.625 0.127706

-2.98917 -0.078125
-2.99072 -0.0625

-2.96875 -0.0903402
-2.98388 -0.078125

-2.98067 -0.078125
-2.98431 -0.0625

-2.95312 -0.105596
-2.96672 -0.09375

-2.9375 -0.116291
-2.94807 -0.109375

-2.95312 -0.106597
-2.94808 -0.109375

-2.96875 -0.0909107
-2.96602 -0.09375

1.625 0.127733
1.64062 0.130942

1.64062 0.13094
1.65625 0.133833

1.65625 0.133832
1.67188 0.136415

1.67188 0.13641
1.6875 0.138692

1.6875 0.138667
1.70247 0.140625

1.70251 0.140625
1.70312 0.140706

1.70312 0.140701
1.71875 0.142574

1.71875 0.142519
1.73438 0.144347

1.73438 0.144273
1.75 0.146314

-2.94166 -0.078125
-2.93767 -0.0625

-2.98772 -0.0625
-2.98438 -0.0481389

-2.98445 -0.046875
-2.98438 -0.044323

-2.98299 -0.0625
-2.98024 -0.046875

-2.98234 -0.046875
-2.98275 -0.03125

-2.98438 -0.0160447
-2.9844 -0.015625

-2.98519 -0.015625
-2.98534 0

-2.98279 -0.03125
-2.9836 -0.015625

-2.98323 -0.015625
-2.98331 0

-2.94099 -0.0625
-2.9375 -0.0594793

-2.9375 -0.115598
-2.92397 -0.125

-2.92188 -0.101636
-2.92838 -0.09375

-2.92188 -0.103233
-2.90625 -0.0974006

1.75 0.146225
1.76562 0.148804

-1 -0.125828
-0.984375 -0.127919

-0.984375 -0.128
-0.96875 -0.129696

-0.96875 -0.129789
-0.953125 -0.130744

-0.953125 -0.130854
-0.9375 -0.130661

1.76562 0.148738
1.78125 0.152167

1.78125 0.151989
1.79523 0.15625

1.7951 0.15625
1.79688 0.156792

1.79688 0.156913
1.8125 0.163037

-0.9375 -0.130811
-0.921875 -0.12895

-2.92719 -0.09375
-2.93492 -0.078125

-0.921875 -0.129043
-0.90625 -0.125029

0 -0.0534287
0.015625 -0.0514317

0.015625 -0.0514143
0.03125 -0.0491929

0.03125 -0.0491686
0.0464081 -0.046875

0.0467181 -0.046875
0.046875 -0.0468513

0.046875 -0.0467291
0.0625 -0.044421

0.0625 -0.0441922
0.078125 -0.0425506

0.078125 -0.0423634
0.09375 -0.0422202

0.09375 -0.042404
0.109375 -0.0437663

0.109375 -0.0441973
0.125 -0.0458356

0.125 -0.0460785
0.140625 -0.0466453

0.140625 -0.0466006
0.15625 -0.0456997

0.15625 -0.0455703
0.171875 -0.0435498

0.171875 -0.0434701
0.1875 -0.0407484

0.1875 -0.0407426
0.203125 -0.0374907

0.203125 -0.0375044
0.21875 -0.0337066

0.21875 -0.0336828
0.227139 -0.03125

0.227958 -0.03125
0.234375 -0.0293891

0.234375 -0.0297807
0.25 -0.0233047

0.25 -0.023912
0.262815 -0.015625

0.261119 -0.015625
0.265625 -0.0124733

0.265625 -0.0129302
0.280935 0

0.275093 0
0.28125 0.00546024

0.28125 0.00368187
0.296875 0.0118852

0.296875 0.00997961
0.3125 0.0123154

0.3125 0.0118913
0.328125 0.013019

0.328125 0.013
0.34375 0.013806

0.34375 0.0138222
0.359375 0.0143117

0.359375 0.0142645
0.375 0.0144996

-0.90625 -0.125019
-0.906201 -0.125

-0.906547 -0.125
-0.90625 -0.124924

-0.90625 -0.124858
-0.890625 -0.118848

-0.890625 -0.118802
-0.875 -0.111273

-0.876184 -0.109375
-0.875 -0.108804

-2.9375 -0.0694933
-2.92188 -0.0643654

-2.90771 -0.09375
-2.91096 -0.078125

-2.92188 -0.075557
-2.91916 -0.078125

-2.90625 -0.0985776
-2.89062 -0.0939975

-2.875 -0.111697
-2.8811 -0.109375

-2.88351 -0.109375
-2.88718 -0.09375

-2.90625 -0.0892299
-2.90148 -0.09375

-2.87979 -0.09375
-2.875 -0.0908294

-2.9375 -0.0605577
-2.92188 -0.0622089

-2.85938 -0.157946
-2.86568 -0.15625

-2.85938 -0.157683
-2.84375 -0.159068

-2.875 -0.153685
-2.86546 -0.15625

-2.84375 -0.158217
-2.82812 -0.158943

-2.82812 -0.159614
-2.8125 -0.160579

-2.82821 -0.15625
-2.82812 -0.156212

-2.82812 -0.135632
-2.8392 -0.125

-2.8125 -0.15078
-2.81424 -0.140625

-2.82812 -0.136396
-2.82044 -0.140625

-2.8125 -0.162891
-2.79688 -0.164743

-2.79688 -0.169041
-2.78125 -0.166406

-2.8125 -0.144225
-2.79688 -0.151275

-2.79688 -0.126793
-2.79843 -0.125

-2.79688 -0.150458
-2.78125 -0.153864

-2.79688 -0.126905
-2.78125 -0.130966

-2.78125 -0.169496
-2.76562 -0.163646

-2.76562 -0.164135
-2.75 -0.166607

-2.77133 -0.15625
-2.76562 -0.153636

-2.78125 -0.131073
-2.76562 -0.13482

-2.75214 -0.15625
-2.75791 -0.140625

-2.76562 -0.13048
-2.75 -0.139032

-2.875 -0.103339
-2.86893 -0.109375

-2.84375 -0.114725
-2.85325 -0.109375

-2.85938 -0.106167
-2.85654 -0.109375

-2.875 -0.0904403
-2.85938 -0.0846316

-2.85938 -0.0845543
-2.84375 -0.0887917

-2.84375 -0.117951
-2.83825 -0.125

-2.82812 -0.1027
-2.84103 -0.09375

-2.8125 -0.116555
-2.82373 -0.109375

-2.82812 -0.105062
-2.82281 -0.109375

-2.84375 -0.0913181
-2.84037 -0.09375

-2.8125 -0.117639
-2.79871 -0.125

1.8125 0.163293
1.82812 0.169955

1.82812 0.170112
1.83272 0.171875

1.83204 0.171875
1.84375 0.176367

0.375 0.0144649
0.390625 0.0146094

0.390625 0.0146047
0.40625 0.0147375

0.40625 0.0147422
0.421875 0.0148633

0.421875 0.0148795
0.4375 0.014947

0.4375 0.0149707
0.453125 0.0149047

0.453125 0.0149112
0.46875 0.0146512

0.46875 0.0146791
0.484375 0.0141564

0.484375 0.0142003
0.5 0.0132713

-0.875 -0.111124
-0.870952 -0.109375

0.625 -0.0887867
0.615433 -0.078125

0.614217 -0.078125
0.61948 -0.0625

0.625 -0.00515959
0.611677 0

-2.75 -0.166241
-2.73438 -0.157807

0.625 -0.0849651
0.640625 -0.0912429

-2.73438 -0.157622
-2.73264 -0.15625

1.84375 0.1765
1.85938 0.180717

-2.75 -0.151095
-2.73438 -0.150095

-2.75 -0.13717
-2.74159 -0.140625

0.640625 -0.0881633
0.65625 -0.0847797

1.85938 0.180545
1.875 0.18292

0.65625 -0.0836094
0.671875 -0.0790645

-0.873625 -0.109375
-0.859375 -0.103218

-0.859375 -0.104121
-0.84375 -0.0989082

-2.73438 -0.150724
-2.71875 -0.143046

-2.72123 -0.140625
-2.71875 -0.139865

1.875 0.182658
1.89062 0.184062

-2.71875 -0.144759
-2.70312 -0.140693

-0.84375 -0.0991942
-0.828368 -0.09375

0.6875 -0.0783107
0.683958 -0.078125

-0.830441 -0.09375
-0.828125 -0.0929303

1.89062 0.183905
1.90625 0.185178

-2.71875 -0.140198
-2.70312 -0.13577

0.677641 -0.078125
0.6875 -0.0757025

-2.70312 -0.143182
-2.69686 -0.140625

1.90625 0.185197
1.92188 0.186612

-0.828125 -0.0936529
-0.8125 -0.0872553

1.92188 0.186762
1.93126 0.1875

-2.69678 -0.140625
-2.6875 -0.132648

-0.8125 -0.0873669
-0.796875 -0.0797807

-0.796875 -0.0795572
-0.794103 -0.078125

-2.625 -0.223246
-2.62809 -0.21875

1.93142 0.1875
1.9375 0.187978

-2.64062 -0.198817
-2.64637 -0.1875

0.627633 -0.0625
0.640625 -0.0559661

0.640625 -0.0560531
0.65625 -0.0524599

0.625 -0.0048957
0.640625 -0.00748584

0.640625 -0.00723734
0.65625 -0.00709101

0.65625 -0.0523655
0.671875 -0.0528288

0.671875 -0.0527079
0.6875 -0.0561298

0.65625 -0.00683651
0.671875 -0.00495972

0.671875 -0.00461642
0.6875 -0.00220481

-2.62952 -0.21875
-2.62738 -0.203125

1.98438 0.186152
1.97341 0.1875

-2.63721 -0.203125
-2.625 -0.199219

-0.794654 -0.078125
-0.78125 -0.0711999

-0.78125 -0.0712942
-0.765625 -0.0635635

-2.65625 -0.158172
-2.66146 -0.15625

-0.765625 -0.0633592
-0.763694 -0.0625

1.98438 0.186142
2 0.183013

0.71875 -0.110005
0.718071 -0.109375

1.9375 0.188102
1.95312 0.188626

1.95312 0.188728
1.96875 0.188111

-0.763855 -0.0625
-0.75 -0.0563362

1.96875 0.188127
1.97385 0.1875

0.703125 -0.0947069
0.711728 -0.09375

0.6875 -0.0802652
0.703125 -0.085753

0.703125 -0.0634283
0.697884 -0.0625

0.703434 -0.09375
0.71875 -0.0846749

-2.67188 -0.141658
-2.67496 -0.140625

0.71875 -0.0739262
0.710913 -0.0625

-2.6875 -0.134429
-2.68009 -0.125

0.71875 -0.112279
0.72138 -0.109375

-2.67188 -0.147521
-2.65625 -0.146366

0 0.989197
0.00975106 1

-2.67188 -0.125975
-2.65625 -0.133742

-2.65625 -0.186261
-2.64062 -0.182046

-2.64062 -0.185053
-2.63908 -0.1875

-2.65625 -0.145163
-2.65385 -0.140625

0.71875 -0.0887137
0.723106 -0.078125

-0.75 -0.0562636
-0.734375 -0.0507889

-0.734375 -0.0507216
-0.71875 -0.0470204

-2.65625 -0.126681
-2.65569 -0.125

-0.71875 -0.0470003
-0.717644 -0.046875

0.71875 -0.0728432
0.720884 -0.078125

0.3125 0.971081
0.301683 0.984375

0.6875 -0.0566397
0.703125 -0.0617178

0.302265 0.984375
0.3125 0.994334

0.703125 -0.061804
0.704305 -0.0625

-2.625 -0.132406
-2.63067 -0.125

0.6875 -0.00190825
0.703125 -0.000241533

-2.71875 -0.0657282
-2.72022 -0.0625

0.703125 -0.000234358
0.714687 0

-2.6875 -0.120782
-2.68969 -0.109375

0.3125 0.972317
0.324201 0.984375

0.71875 -0.000195631
0.734375 -0.000691352

0.3125 0.994989
0.325504 0.984375

-2.69052 -0.109375
-2.70008 -0.09375

0.734375 -0.00108744
0.75 -0.00104979

0 1.01222
0.0140611 1

-2.70312 -0.0916593
-2.71194 -0.078125

-2.71875 -0.0662836
-2.71519 -0.078125

-0.717566 -0.046875
-0.703125 -0.0452397

-0.703125 -0.0452469
-0.6875 -0.0454179

-2.70312 -0.0915841
-2.70228 -0.09375

-0.671875 -0.0474817
-0.676575 -0.046875

-0.6875 -0.0454541
-0.676493 -0.046875

0.53125 0.993773
0.525648 1

0.75 -0.00124197
0.761245 0

0.53125 0.997629
0.533697 1

-2.6875 -0.0722584
-2.69733 -0.0625

-2.72616 -0.0625
-2.71934 -0.046875

0.5 0.0132569
0.515625 0.0118627

-2.72044 -0.046875
-2.71875 -0.0456866

0.640625 0.968729
0.65625 0.953176

0.515625 0.0118048
0.53125 0.0100897

0.643852 0.96875
0.65625 0.986768

-2.71875 -0.0511286
-2.70703 -0.046875

0.65625 0.952583
0.65776 0.953125

0.53125 0.00959739
0.546875 0.00866166

-0.671875 -0.0476367
-0.65625 -0.0510963

0.546875 0.0085502
0.5625 0.00960143

0.65625 0.956243
0.671875 0.967382

0.671875 0.967909
0.672297 0.96875

0.65625 0.988999
0.67618 0.96875

0.5625 0.0105923
0.578125 0.0118717

0.529431 1
0.53125 1.00188

-2.71875 -0.0458889
-2.70312 -0.0464196

0.53125 1.00569
0.537589 1

-2.70312 -0.0529092
-2.69335 -0.0625

0.578125 0.0129646
0.59375 0.0103046

0.59375 0.00931642
0.609375 0.00250717

-0.65625 -0.0514124
-0.640625 -0.0553577

-0.640625 -0.0555872
-0.625 -0.0589268

-2.6875 -0.115779
-2.68206 -0.125

-2.67188 -0.0825858
-2.67935 -0.078125

0.609375 0.00161593
0.613547 0

-2.6875 -0.07366
-2.67852 -0.078125

0.714915 0
0.71875 7.77282e-05

0.71875 4.46329e-05
0.720157 0

-2.67188 -0.082643
-2.6571 -0.09375

-0.578125 -0.0625758
-0.581234 -0.0625

-0.5625 -0.0625087
-0.568128 -0.0625

-2.65625 -0.0735164
-2.66855 -0.0625

-2.64062 -0.111911
-2.64212 -0.109375

-0.625 -0.0589533
-0.609375 -0.0611751

0.760846 0
0.765625 0.000527849

-2.64062 -0.108713
-2.65488 -0.09375

-0.609375 -0.0611213
-0.59375 -0.0622798

-0.59375 -0.0621899
-0.581027 -0.0625

0.765625 0.000765176
0.78125 0.00400069

0.78125 0.00450407
0.796875 0.00770564

-2.64062 -0.111534
-2.63075 -0.125

-2.65625 -0.0781786
-2.65621 -0.078125

-0.578125 -0.0624541
-0.5625 -0.0624672

-0.546875 -0.0628774
-0.55325 -0.0625

-0.546875 -0.0627698
-0.53125 -0.0658549

-2.65625 -0.0727959
-2.64062 -0.0752491

-2.64062 -0.0807762
-2.63341 -0.078125

0.796875 0.00796769
0.8125 0.00960446

0.8125 0.00952708
0.828125 0.0092297

-0.53125 -0.066374
-0.515625 -0.0707816

0.828125 0.00883368
0.84375 0.00754896

-2.63172 -0.078125
-2.625 -0.0756446

0.84375 0.00710014
0.859375 0.00651774

-0.515625 -0.0710619
-0.5 -0.0751931

0.859375 0.00634034
0.875 0.00771273

-2.67515 -0.0625
-2.67188 -0.0501613

-2.67501 -0.046875
-2.67188 -0.0410558

0.875 0.00813035
0.890625 0.0109771

-0.5625 -0.0619402
-0.553045 -0.0625

0.890625 0.011341
0.90625 0.0140991

-2.67188 -0.0558061
-2.67041 -0.0625

2.10938 0.109624
2.09747 0.125

0.90625 0.0133209
0.921309 0.015625

2.10938 0.112144
2.11671 0.109375

-2.67188 -0.0435972
-2.66023 -0.03125

-2.66742 -0.03125
-2.65625 -0.0234951

-2.64062 -0.0543683
-2.64586 -0.046875

-0.484375 -0.0786233
-0.486643 -0.078125

-0.5 -0.0751131
-0.486292 -0.078125

-2.64062 -0.0464927
-2.65503 -0.03125

-2.64062 -0.0527685
-2.625 -0.0617048

0.911226 0.015625
0.921875 0.0172543

0.921875 0.0155032
0.923002 0.015625

-0.484375 -0.078839
-0.46875 -0.0811488

-0.46875 -0.0810408
-0.453125 -0.0818784

2 0.183021
2.01562 0.178721

2.01562 0.178668
2.03125 0.173284

2.04688 0.167246
2.03383 0.171875

0.921875 0.0166616
0.9375 0.0183501

2.03125 0.173207
2.035 0.171875

-0.453125 -0.0816884
-0.4375 -0.0816499

-2.64062 -0.0456434
-2.63958 -0.046875

-0.4375 -0.0815863
-0.421875 -0.0811789

2.04688 0.167019
2.0625 0.162757

0.9375 0.0179354
0.953125 0.0189584

2.0625 0.161011
2.07812 0.162147

0.953125 0.018322
0.96875 0.0203668

-0.421875 -0.0809442
-0.40625 -0.0807645

0.964578 0.03125
0.96875 0.0327708

-0.40625 -0.08017
-0.390625 -0.0818766

-2.65625 -0.0199266
-2.64062 -0.0289088

-0.390625 -0.0823785
-0.375 -0.0861568

0.96875 0.0197492
0.984375 0.0221436

2.07812 0.164166
2.09375 0.170152

0.984375 0.0222418
1 0.0251733

-2.64062 -0.027912
-2.63932 -0.03125

-0.359375 -0.0941729
-0.360509 -0.09375

-2.625 -0.219949
-2.60938 -0.232968

2.10097 0.125
2.10064 0.140625

0.976083 0.03125
0.984375 0.0372427

2.10122 0.140625
2.10579 0.15625

2.10938 0.169244
2.10725 0.171875

-0.359375 -0.0957116
-0.34375 -0.0994386

2.09375 0.178535
2.10938 0.175817

-2.60938 -0.235022
-2.59375 -0.235787

0.994563 0.03125
1 0.0339216

-2.60102 -0.234375
-2.59375 -0.220904

2.11378 0.15625
2.11243 0.171875

-0.375 -0.0857289
-0.359375 -0.0914002

2.10938 0.179745
2.1163 0.171875

0.990464 0.046875
0.996377 0.0625

-2.625 -0.208803
-2.60938 -0.204994

-0.359375 -0.0905112
-0.34375 -0.0930588

-2.625 -0.201801
-2.61899 -0.203125

2.125 0.109342
2.12508 0.109375

0.994653 0.0625
1 0.0637304

2.125 0.109916
2.14062 0.118889

-0.328125 -0.115725
-0.335466 -0.109375

-2.60938 -0.215351
-2.60435 -0.21875

2.14062 0.119487
2.14652 0.125

-0.328125 -0.100783
-0.34184 -0.09375

-0.328125 -0.113537
-0.3125 -0.116001

-0.328125 -0.105023
-0.3125 -0.107462

-0.34375 -0.0911674
-0.328125 -0.0917437

2.14611 0.125
2.15625 0.137363

2.15625 0.137201
2.15853 0.140625

-2.59375 -0.241577
-2.58302 -0.234375

-2.58757 -0.234375
-2.59075 -0.21875

-0.331294 -0.078125
-0.328125 -0.0695737

-0.320577 -0.09375
-0.3125 -0.0913849

-0.328125 -0.0693579
-0.3125 -0.0662035

-0.3125 -0.116149
-0.30436 -0.109375

-2.59375 -0.203728
-2.59343 -0.203125

-0.309462 -0.109375
-0.300054 -0.09375

2.15842 0.140625
2.1661 0.15625

2.16565 0.15625
2.17003 0.171875

-2.57961 -0.203125
-2.58898 -0.1875

-0.308383 -0.09375
-0.29689 -0.078125

2.16951 0.171875
2.17188 0.184204

-2.57712 -0.203125
-2.5625 -0.192827

2.17188 0.184169
2.17252 0.1875

-0.3125 -0.0775125
-0.308919 -0.078125

-0.296875 -0.0834508
-0.291326 -0.078125

-2.60938 -0.14946
-2.62027 -0.140625

-2.625 -0.132828
-2.61766 -0.140625

-2.60938 -0.148357
-2.59375 -0.154731

-2.58965 -0.1875
-2.57812 -0.174019

-0.288005 -0.078125
-0.28125 -0.0734192

-0.28125 -0.0714264
-0.267882 -0.0625

2.17195 0.1875
2.17574 0.203125

-0.268519 -0.0625
-0.265625 -0.0606552

1 0.0256319
1.01562 0.0285763

-0.265625 -0.0603361
-0.25 -0.0540383

1.01562 0.0283564
1.03125 0.0305956

-2.57812 -0.175479
-2.5625 -0.183266

-2.59375 -0.153759
-2.57812 -0.155488

2.17475 0.203125
2.18241 0.21875

2.18223 0.21875
2.1875 0.225409

1 0.0319468
1.01562 0.0314423

-2.57812 -0.155615
-2.5625 -0.15439

1.00482 0.046875
1.00305 0.0625

-0.25 -0.0551781
-0.234375 -0.0519265

-2.5625 -0.195137
-2.56006 -0.1875

-0.234375 -0.0513659
-0.21875 -0.050002

-2.5 -0.239694
-2.509 -0.234375

2.1875 0.225768
2.19761 0.234375

-2.50974 -0.234375
-2.50009 -0.21875

1.01562 0.0314817
1.03125 0.0317759

-0.21875 -0.0505661
-0.203125 -0.051083

1.03125 0.0306665
1.03543 0.03125

1.03303 0.03125
1.04688 0.0331806

-0.203125 -0.0510318
-0.1875 -0.0524036

1.04688 0.033155
1.0625 0.0352708

-2.5625 -0.180547
-2.55942 -0.1875

1.0625 0.0353159
1.07812 0.0372016

1.07812 0.0370876
1.09375 0.0388813

1.09375 0.0386305
1.10938 0.0410619

1.10938 0.0409832
1.125 0.0447113

2.19857 0.234375
2.20312 0.237273

1.125 0.0450557
1.13229 0.046875

2.20312 0.236781
2.21875 0.242737

-2.5625 -0.153904
-2.54688 -0.150443

2.21875 0.242586
2.23438 0.245258

-0.1875 -0.0526088
-0.171875 -0.0545276

1.1303 0.046875
1.14062 0.0494526

-2.54688 -0.150149
-2.53125 -0.146014

1.14062 0.0492847
1.15625 0.0520054

-2.53125 -0.145208
-2.51562 -0.142599

1.15625 0.0517665
1.17188 0.0537214

2.23438 0.245124
2.25 0.245081

1.17188 0.0535689
1.1875 0.055541

-0.171875 -0.0545428
-0.15625 -0.0565677

1.1875 0.0555456
1.20312 0.0578304

1.20312 0.0579338
1.21875 0.0603155

-0.15625 -0.056703
-0.140625 -0.0585333

1.21875 0.0603945
1.23432 0.0625

2.25 0.244876
2.26562 0.242796

1.23438 0.0624824
1.23453 0.0625

-0.140625 -0.0585483
-0.125 -0.0598833

1.23419 0.0625
1.23438 0.0625255

-2.51562 -0.143355
-2.5 -0.142371

2.26562 0.242528
2.28125 0.239357

-2.625 -0.0752756
-2.60938 -0.0673943

1.23475 0.0625
1.25 0.0642456

-0.125 -0.0599041
-0.109375 -0.0606722

-0.109375 -0.0606658
-0.09375 -0.060838

2.28125 0.239148
2.29688 0.235837

-0.09375 -0.0608354
-0.078125 -0.0604299

-2.60938 -0.0670034
-2.59375 -0.0676172

1.04688 0.258003
1.03846 0.265625

-2.57812 -0.0984412
-2.58201 -0.09375

2.3125 0.232707
2.30435 0.234375

-0.078125 -0.0603974
-0.0625 -0.0594845

-2.57812 -0.0952106
-2.5625 -0.0954761

-0.0625 -0.0594367
-0.046875 -0.0581767

-2.57812 -0.0810784
-2.58051 -0.078125

2.29688 0.235935
2.3045 0.234375

-2.59375 -0.06633
-2.57812 -0.0732985

-2.57812 -0.0933817
-2.5625 -0.0883676

-0.046875 -0.0581417
-0.03125 -0.0567005

-2.56763 -0.078125
-2.5745 -0.0625

1.03931 0.265625
1.04416 0.28125

2.3125 0.233062
2.32812 0.229134

1.04688 0.25746
1.0625 0.265137

-2.625 -0.0532165
-2.60938 -0.055699

-2.60938 -0.0529475
-2.59375 -0.0508106

-0.03125 -0.0567052
-0.015625 -0.0551434

-2.59375 -0.0480811
-2.57812 -0.0557893

1.05848 0.265625
1.04895 0.28125

2.32812 0.229019
2.34375 0.223911

1.03985 0.28125
1.04688 0.284833

-2.57812 -0.0514267
-2.56978 -0.0625

1.04688 0.284502
1.05594 0.28125

-2.5625 -0.093943
-2.56231 -0.09375

-2.5625 -0.0935891
-2.55979 -0.078125

2.35938 0.218143
2.35745 0.21875

2.35938 0.218219
2.375 0.214973

-0.015625 -0.055171
0 -0.0534239

1.25 0.0641637
1.26562 0.0658936

2.34375 0.223376
2.3584 0.21875

1.26562 0.0658912
1.28125 0.067732

2.375 0.215195
2.39062 0.213583

2.39062 0.213753
2.40625 0.212994

-2.98493 0
-2.9846 0.015625

1.28125 0.0677642
1.29688 0.0696566

1.29688 0.069683
1.3125 0.0715097

-2.98438 0.0251425
-2.98497 0.03125

-2.98316 0
-2.98278 0.015625

1.3125 0.071511
1.32812 0.0732168

1.32812 0.0731997
1.34375 0.074816

1.34375 0.0747913
1.35938 0.0764016

1.35938 0.0763946
1.375 0.0780621

2.40625 0.213126
2.42188 0.212616

1.375 0.0780578
1.3756 0.078125

2.42188 0.212706
2.4375 0.211999

-2.98256 0.015625
-2.98401 0.03125

2.4375 0.212073
2.45312 0.21084

1.37564 0.078125
1.39062 0.0798089

-2.98604 0.03125
-2.98878 0.046875

2.45312 0.21092
2.46875 0.208854

-1.0625 0.538901
-1.06649 0.546875

-2.99046 0.046875
-2.99018 0.0625

1.39062 0.0797876
1.40625 0.0816912

2.46875 0.208931
2.48438 0.205719

1.40625 0.0816776
1.42188 0.0837995

2.5 0.201233
2.49316 0.203125

1.42188 0.0837793
1.4375 0.086187

1.4375 0.0861882
1.45312 0.0889196

-2.98212 0.03125
-2.98436 0.046875

-2.98233 0.046875
-2.98155 0.0625

-1.06643 0.546875
-1.0625 0.553496

-1.0625 0.540317
-1.04803 0.546875

-1.0625 0.552581
-1.04743 0.546875

1.45312 0.0888416
1.46875 0.0920504

1.46875 0.0920231
1.4764 0.09375

2.48438 0.205674
2.49359 0.203125

-2.99008 0.0625
-2.98686 0.078125

1.47493 0.09375
1.48438 0.0958819

1.48438 0.0958217
1.5 0.0991732

-2.98446 0.078125
-2.98438 0.0789049

-2.98287 0.0625
-2.98038 0.078125

-2.98348 0.078125
-2.9823 0.09375

-2.98491 0.09375
-2.97871 0.125

-3 0.134165
-2.99869 0.125

-2.99751 0.15625
-2.97441 0.1875

-2.96875 0.126365
-2.95821 0.140625

-2.96144 0.140625
-2.95422 0.15625

-2.95312 0.149545
-2.95002 0.15625

-2.95452 0.15625
-2.95312 0.165085

-0.4375 0.654043
-0.451094 0.65625

-0.453535 0.671875
-0.453125 0.672413

3 -0.156262
2.99983 -0.15625

3 -0.125188
2.99978 -0.125

-0.44775 0.65625
-0.451331 0.671875

-0.453125 0.67238
-0.4375 0.675121

3 -0.0940171
2.99826 -0.09375

-2.95558 0.171875
-2.95537 0.1875

-0.4375 0.653982
-0.434213 0.65625

-0.433779 0.65625
-0.433026 0.671875

2.98438 -0.083413
2.97225 -0.078125

-2.95125 0.15625
-2.94693 0.171875

-0.4375 0.675111
-0.433353 0.671875

-2.94689 0.171875
-2.94546 0.1875

2.97421 -0.078125
2.97025 -0.0625

2.98438 -0.0854491
3 -0.0801447

-2.99131 0.1875
-2.96875 0.210895

-2.97415 0.21875
-2.96875 0.223097

2.98593 -0.078125
2.98717 -0.0625

2.96875 -0.0600315
2.98438 -0.0557288

-2.96875 0.211742
-2.9375 0.188267

0 0.984968
-0.0129428 1

-2.96875 0.228182
-2.9375 0.219756

-0.00931406 1
0 1.00846

2.98363 -0.046875
2.98438 -0.0466964

2.98438 -0.057056
2.99841 -0.0625

2.98438 -0.0462124
2.99257 -0.046875

-2.94375 0.25
-2.9375 0.254014

-2.9375 0.276056
-2.93106 0.28125

2.5 0.0404941
2.51562 0.0338991

2.5 0.0539637
2.5117 0.0625

-2.90625 0.29633
-2.91339 0.3125

-2.90625 0.26494
-2.89062 0.264939

2.51562 0.0352032
2.52481 0.046875

2.5255 0.046875
2.51832 0.0625

-2.90625 0.268219
-2.89062 0.268179

-2.89062 0.265578
-2.89059 0.265625

2.51043 0.0625
2.51562 0.0636146

2.51562 0.0642905
2.51912 0.0625

-2.89062 0.265919
-2.89059 0.265625

2.60938 0.0737605
2.60337 0.078125

-2.90625 0.309363
-2.875 0.311217

-2.90661 0.3125
-2.90625 0.315876

-2.8773 0.3125
-2.89259 0.34375

-2.89577 0.34375
-2.875 0.353418

2.60379 0.078125
2.59893 0.09375

2.60938 0.0779479
2.625 0.0709213

2.59932 0.09375
2.60938 0.105381

2.60938 0.100063
2.625 0.108452

-2.875 0.311283
-2.87404 0.3125

-2.875 0.319991
-2.86692 0.34375

-2.875 0.359342
-2.85968 0.34375

2.5 0.200895
2.51562 0.196457

2.51562 0.195848
2.53125 0.193326

-2.75 0.384407
-2.75712 0.40625

-2.75573 0.40625
-2.75 0.419168

-2.75565 0.4375
-2.75 0.442642

2.53125 0.192938
2.54688 0.19433

2.54688 0.194546
2.5625 0.200196

2.5625 0.200793
2.56722 0.203125

2.56644 0.203125
2.57812 0.208901

-2.75 0.38803
-2.73438 0.385309

-2.75 0.395613
-2.74251 0.390625

-2.73438 0.388333
-2.73081 0.390625

-2.72866 0.390625
-2.71978 0.40625

-2.75 0.41955
-2.71875 0.413768

2.57812 0.209688
2.59375 0.215945

2.59375 0.216334
2.60938 0.218564

2.60938 0.218002
2.625 0.216552

2.625 0.0722801
2.64062 0.0694011

-2.71875 0.405443
-2.71851 0.40625

-2.71875 0.408026
-2.71812 0.40625

2.64062 0.0696248
2.65625 0.0677281

2.625 0.106347
2.64062 0.106975

2.64062 0.10695
2.65625 0.104078

2.65625 0.0682482
2.67188 0.0658461

2.67188 0.0652047
2.6875 0.062532

-2.71875 0.424066
-2.71736 0.421875

-2.75 0.440555
-2.71875 0.438371

-2.71875 0.442031
-2.71527 0.4375

-2.6875 0.457433
-2.68319 0.453125

2.6875 0.0935976
2.68565 0.09375

2.65625 0.103582
2.67188 0.098253

2.67188 0.0962997
2.68553 0.09375

2.70312 0.0604122
2.69032 0.0625

2.70312 0.0602502
2.71875 0.0572939

-2.40625 -0.403082
-2.4145 -0.390625

-2.41392 -0.390625
-2.41541 -0.375

-2.39062 -0.414944
-2.40267 -0.40625

-2.39062 -0.41498
-2.375 -0.417936

-2.40625 -0.403345
-2.4036 -0.40625

-2.41608 -0.375
-2.40846 -0.359375

-2.40886 -0.359375
-2.40625 -0.356293

2.71875 0.0569104
2.73438 0.0546615

2.73438 0.0547437
2.75 0.0538049

-2.40625 -0.356335
-2.39062 -0.345343

-2.39062 -0.347448
-2.375 -0.346035

2.6875 0.0630247
2.69071 0.0625

2.6875 0.0936973
2.68926 0.09375

2.69694 0.09375
2.70312 0.0942511

2.70312 0.117684
2.69012 0.125

2.7093 0.09375
2.71875 0.0959807

-2.37598 -0.34375
-2.375 -0.343661

-2.375 -0.420197
-2.35938 -0.410336

-2.35938 -0.411119
-2.35552 -0.40625

-2.3576 -0.40625
-2.35013 -0.390625

2.70312 0.124758
2.71875 0.11932

2.72851 0.09375
2.73438 0.102596

-2.35104 -0.390625
-2.34985 -0.375

-2.35938 -0.352877
-2.37429 -0.34375

-2.34849 -0.375
-2.3545 -0.359375

-2.35938 -0.352435
-2.3537 -0.359375

-2.375 -0.342719
-2.37217 -0.34375

2.71875 0.123134
2.73412 0.109375

-2.5 -0.241439
-2.49002 -0.234375

-2.5 -0.220707
-2.49273 -0.234375

-2.5 -0.143058
-2.48438 -0.14087

-2.48689 -0.140625
-2.48438 -0.140273

-2.48438 -0.139674
-2.46875 -0.137299

-2.45312 -0.14069
-2.45418 -0.140625

-2.46875 -0.136702
-2.45312 -0.137664

-2.45312 -0.140871
-2.4375 -0.14134

-2.45312 -0.139696
-2.4375 -0.140165

-2.4375 -0.142016
-2.43175 -0.140625

2.73438 0.096248
2.73731 0.109375

2.73438 0.112819
2.73643 0.109375

-2.4375 -0.139756
-2.42188 -0.135979

2.65625 0.163644
2.65181 0.171875

2.65286 0.171875
2.65447 0.1875

-2.42188 -0.13428
-2.40625 -0.131433

-2.40625 -0.13246
-2.39062 -0.132402

2.67188 0.150347
2.66473 0.15625

2.6875 0.138791
2.68589 0.140625

2.67188 0.151573
2.68426 0.140625

2.65625 0.163763
2.66135 0.15625

-2.39062 -0.13296
-2.375 -0.132519

2.625 0.216114
2.64062 0.212982

2.65625 0.202313
2.65601 0.203125

2.64062 0.216899
2.65625 0.205137

2.66075 0.1875
2.6583 0.203125

2.65625 0.206445
2.65859 0.203125

2.6875 0.134131
2.69949 0.125

-2.375 -0.132587
-2.35938 -0.130508

-2.35938 -0.130428
-2.34375 -0.126735

2.70312 0.127104
2.71018 0.125

2.73438 0.216628
2.72716 0.21875

2.73438 0.218235
2.73561 0.21875

-2.34375 -0.126312
-2.33894 -0.125

-2.33906 -0.125
-2.32812 -0.122021

-2.32812 -0.122034
-2.3125 -0.118096

2.73104 0.21875
2.7191 0.234375

2.72004 0.234375
2.73438 0.246448

2.7359 0.21875
2.74825 0.234375

2.73438 0.248052
2.75 0.235161

-2.3125 -0.117957
-2.29688 -0.11461

-2.29688 -0.114511
-2.28125 -0.112233

2.60794 0.484375
2.60938 0.487388

2.60938 0.4787
2.625 0.468889

-2.28125 -0.112274
-2.26562 -0.111182

-2.26562 -0.111317
-2.25 -0.111059

2.60938 0.487148
2.625 0.493213

-2.15625 -0.267378
-2.15694 -0.265625

-2.15815 -0.265625
-2.15625 -0.259666

-2.15625 -0.270768
-2.14062 -0.280459

-2.15625 -0.25927
-2.14334 -0.25

2.62812 0.46875
2.62826 0.5

2.75 0.390571
2.74996 0.390625

2.74956 0.390625
2.74842 0.40625

2.74171 0.40625
2.75 0.415496

2.75 0.0540192
2.76562 0.0537977

2.76562 0.0538806
2.78125 0.0537824

-2.14038 -0.28125
-2.12808 -0.265625

-2.12875 -0.265625
-2.13928 -0.25

2.78125 0.0538039
2.79688 0.0536204

2.79688 0.0535599
2.8125 0.0533692

2.8125 0.0534198
2.82812 0.0532414

2.82812 0.0533903
2.84375 0.0528248

2.85938 0.0468528
2.8589 0.046875

2.84375 0.0525659
2.85938 0.051834

2.85938 0.0467821
2.8611 0.046875

2.85938 0.0512198
2.875 0.0520783

-2.14313 -0.25
-2.14062 -0.249482

-2.14062 -0.249285
-2.13912 -0.25

2.875 0.0461948
2.87767 0.046875

2.875 0.0517241
2.89062 0.0561641

2.89062 0.0561962
2.90542 0.0625

2.89764 0.0625
2.90625 0.0661551

2.90625 0.0653
2.92188 0.0691106

-2.25 -0.111188
-2.23438 -0.111238

-2.23438 -0.111349
-2.21875 -0.111228

2.92188 0.0678385
2.9375 0.0684517

2.9375 0.0680026
2.95312 0.0688607

2.95312 0.0673804
2.96875 0.0723419

-2.21875 -0.11134
-2.20312 -0.110601

-2.20312 -0.110351
-2.18911 -0.109375

-2.18858 -0.109375
-2.1875 -0.1093

-2.1875 -0.108988
-2.17188 -0.108599

2.96875 0.104529
2.96709 0.109375

2.968 0.109375
2.96209 0.125

-2.17188 -0.109141
-2.15625 -0.108923

-2.15625 -0.108727
-2.14062 -0.107989

2.96875 0.0647563
2.98298 0.078125

2.97632 0.078125
2.97979 0.09375

-2.14062 -0.10705
-2.125 -0.108065

2.97572 0.09375
2.97159 0.125

2.90625 0.244344
2.9044 0.25

2.92188 0.215164
2.91925 0.21875

2.92188 0.196556
2.9375 0.195042

2.92769 0.203125
2.9375 0.205678

-2.10938 -0.112619
-2.12278 -0.109375

-2.125 -0.107686
-2.11802 -0.109375

2.90625 0.220918
2.9208 0.21875

2.95312 0.154136
2.95242 0.15625

-2.10938 -0.113264
-2.09375 -0.116969

-2.09375 -0.116744
-2.07812 -0.118854

-2.07812 -0.118825
-2.0625 -0.119848

-2.0625 -0.11969
-2.04688 -0.119998

-2.04688 -0.119929
-2.03125 -0.119974

2.96481 0.125
2.95919 0.140625

2.96045 0.140625
2.95488 0.15625

-2.03125 -0.119913
-2.01562 -0.119957

-2.01562 -0.119933
-2 -0.120147

2.95269 0.15625
2.95054 0.171875

2.94902 0.171875
2.95312 0.185798

2.95312 0.177816
2.95958 0.1875

2.96875 0.146704
2.96992 0.125

3 0.182897
2.98118 0.1875

2.9375 0.189788
2.94568 0.1875

2.94152 0.21875
2.95018 0.25

2.96875 0.202508
3 0.191629

2.8125 0.357922
2.80961 0.359375

2.79688 0.360394
2.8125 0.359824

2.85938 0.302801
2.85509 0.3125

2.875 0.288993
2.86195 0.296875

2.85938 0.308865
2.875 0.310647

2.82812 0.327163
2.82791 0.328125

2.82531 0.328125
2.82812 0.333493

2.82812 0.319707
2.84375 0.315867

2.82812 0.332881
2.84375 0.332619

2.8125 0.34384
2.81456 0.34375

2.84375 0.315022
2.85137 0.3125

-2.375 0.590949
-2.37793 0.59375

-2.37548 0.59375
-2.375 0.61568

-2.375 0.593619
-2.37109 0.59375

-2.36096 0.59375
-2.36445 0.609375

-2.375 0.609497
-2.36671 0.609375

-2.35938 0.601622
-2.35937 0.609375

2.84375 0.344208
2.84424 0.34375

2.75 0.38317
2.78125 0.395631

2.75 0.409074
2.78125 0.406501

2.78125 0.385585
2.78164 0.40625

2.78125 0.406316
2.78131 0.40625

2.89062 0.261943
2.88776 0.265625

2.8873 0.265625
2.883 0.28125

2.90256 0.25
2.89219 0.265625

2.89062 0.280318
2.89089 0.28125

2.875 0.282914
2.90625 0.294106

2.9375 0.278608
2.92596 0.28125

2.90625 0.284584
2.91902 0.28125

2.875 0.312732
2.87564 0.3125

-2.01562 0.726882
-2.02227 0.734375

-2.02756 0.734375
-2.01562 0.743461

-2.01562 0.721479
-2.00603 0.734375

-2.01562 0.738934
-2.01055 0.734375

2.9375 0.280138
2.95339 0.25

3 -0.0956305
3.00316 -0.09375

3 -0.0906106
3.00797 -0.0625

3 -0.0519095
3.01054 -0.0625

3.0625 -0.00774383
3.03911 0

3.125 -0.00486409
3.09599 0

3.25 -0.00405143
3.20922 0

3.5 -0.00294634
3.41323 0

3.03125 0.0173772
3.0237 0.03125

3.02932 0.03125
3.02182 0.0625

3.03125 0.0137347
3.04912 0

3.02812 0.0625
3.02428 0.09375

3.02393 0.09375
3.02168 0.125

3.0625 0.0130052
3.09687 0

3 0.17438
3.02736 0.125

3 0.191774
3.00399 0.1875

3.125 0.00817964
3.19246 0

3.25 0.00340501
3.34638 0

4 -0.00386244
3.6089 0

2.625 0.501147
2.62703 0.5

-1.92188 -0.126174
-1.93053 -0.125

-1.92188 -0.126263
-1.90625 -0.12893

-1.90625 -0.12898
-1.89062 -0.131863

-1.89062 -0.131909
-1.875 -0.134818

-2 -0.120125
-1.98438 -0.120602

-1.98438 -0.120586
-1.96875 -0.121402

-1.96875 -0.121403
-1.95312 -0.122586

-1.95312 -0.122586
-1.9375 -0.124133

-1.9375 -0.123996
-1.9301 -0.125

-1.875 -0.134877
-1.85938 -0.137602

-1.85938 -0.137698
-1.84375 -0.13993

-1.82812 -0.141353
-1.83787 -0.140625

-1.84375 -0.140037
-1.83588 -0.140625

-1.82812 -0.141442
-1.8125 -0.140856

-1.8125 -0.140857
-1.81133 -0.140625

-1.81007 -0.140625
-1.79688 -0.138018

-1.79688 -0.137992
-1.78125 -0.131951

-1.78125 -0.131513
-1.76868 -0.125

-1.76883 -0.125
-1.76562 -0.123341

-1.76562 -0.123597
-1.75 -0.113965

-1.75 -0.114003
-1.74343 -0.109375

-1.7439 -0.109375
-1.73438 -0.102278

-1.73438 -0.102598
-1.72369 -0.09375

-1.72393 -0.09375
-1.71875 -0.0860243

-1.71875 -0.0936128
-1.71029 -0.078125

-1.71203 -0.078125
-1.71654 -0.0625

-1.72411 -0.0625
-1.72564 -0.046875

-1.72974 -0.046875
-1.71875 -0.03477

-1.71875 -0.0472626
-1.7186 -0.046875

-1.71875 -0.041924
-1.70312 -0.0367641

-1.70312 -0.0430964
-1.6875 -0.0405068

-1.6875 -0.0379781
-1.67314 -0.03125

-1.67529 -0.03125
-1.67188 -0.0296501

-1.67188 -0.0298798
-1.65625 -0.0244379

-1.65625 -0.0253029
-1.64062 -0.0212628

-1.64062 -0.0214255
-1.625 -0.0167318

-1.625 -0.0157458
-1.62449 -0.015625

-1.62453 -0.015625
-1.60938 -0.0120545

-1.60938 -0.0121847
-1.59375 -0.0112482

-1.59375 -0.0110557
-1.57812 -0.0129888

-1.5625 -0.0177175
-1.57007 -0.015625

-1.57812 -0.0134472
-1.57024 -0.015625

-1.5625 -0.0185927
-1.54688 -0.0227242

-1.54688 -0.0228282
-1.53125 -0.0248635

-1.53125 -0.0245544
-1.51562 -0.0249038

-1.51562 -0.0246247
-1.5 -0.0244648

-1.67188 0.452859
-1.67214 0.453125

-1.67188 0.468526
-1.67195 0.46875

-1.67188 0.456197
-1.65625 0.456199

-1.67188 0.478951
-1.65625 0.47895

-1.5 -0.0239176
-1.48438 -0.024901

-1.48438 -0.0249205
-1.46875 -0.0281026

-1.45312 -0.0329287
-1.45948 -0.03125

-1.45312 -0.0332704
-1.4375 -0.0362624

-1.46875 -0.0286516
-1.45891 -0.03125

-1.4375 -0.0360254
-1.42188 -0.0374895

-1.42188 -0.037297
-1.40625 -0.0380924

-1.40625 -0.0379227
-1.39062 -0.0387736

-1.39062 -0.038749
-1.375 -0.040044

-1.375 -0.0400591
-1.35938 -0.0418176

-1.35938 -0.0417581
-1.34375 -0.044069

-1.32812 -0.0471683
-1.32956 -0.046875

-1.34375 -0.0439625
-1.3295 -0.046875

-1.32812 -0.04725
-1.3125 -0.0513499

-1.28125 -0.0635538
-1.28348 -0.0625

-1.25 -0.0948485
-1.25157 -0.09375

-1.26562 -0.0804314
-1.26753 -0.078125

-1.26562 -0.0752438
-1.28011 -0.0625

-1.26562 -0.0796348
-1.25049 -0.09375

-1.26562 -0.0744685
-1.26257 -0.078125

-1.3125 -0.0513176
-1.29688 -0.0562024

-1.29688 -0.0553341
-1.28159 -0.0625

-1.25 -0.0938177
-1.23438 -0.101573

-1.23438 -0.100606
-1.21875 -0.104352

-1.21875 -0.103997
-1.20312 -0.106377

-1.20312 -0.106258
-1.1875 -0.108219

-1.17188 -0.110128
-1.17798 -0.109375

-1.1875 -0.108114
-1.17726 -0.109375

-1.17188 -0.110225
-1.15625 -0.111952

-1.15625 -0.111912
-1.14062 -0.113215

-1.14062 -0.11318
-1.125 -0.114209

-1 -0.125752
-1.00538 -0.125

-1.125 -0.11418
-1.10938 -0.115063

-1.10938 -0.115017
-1.09375 -0.115902

-1.09375 -0.0702125
-1.10156 -0.0625

-1.09375 -0.115877
-1.07812 -0.116908

-1.07812 -0.116897
-1.0625 -0.118143

-1.09375 -0.0706525
-1.07812 -0.0671756

-1.07812 -0.0700414
-1.07378 -0.0625

-1.1021 -0.0625
-1.09858 -0.046875

-1.10118 -0.046875
-1.09375 -0.0427502

-1.07812 -0.0512551
-1.08256 -0.046875

-1.09375 -0.0453695
-1.08708 -0.046875

-1.07812 -0.0540923
-1.0762 -0.0625

-1.0625 -0.118132
-1.04688 -0.119638

-1.04688 -0.119629
-1.03125 -0.121437

-1.03125 -0.12147
-1.01562 -0.123536

-1.01562 -0.123577
-1.00545 -0.125

-1.28125 0.215511
-1.28356 0.21875

-1.28352 0.21875
-1.28125 0.228718

-1.28125 0.215865
-1.26562 0.21793

-1.26562 0.218702
-1.2656 0.21875

-1.28125 0.226286
-1.26562 0.219597

