-4 -0.00518439
-3.68541 0

-3.5527 0
-3.5 0.000868419

-3.5 -0.00220804
-3.45952 0

-3.25 -0.00256476
-3.23404 0

-3.125 -0.00327559
-3.11402 0

-3 -0.09384
-3.0001 -0.09375

-3.00006 -0.09375
-3.00027 -0.0625

-3.0625 -0.000757288
-3.06083 0

-3.00055 -0.0625
-3 -0.0615579

-3.03125 -0.00137629
-3.02611 0

-3.40829 0
-3.25 0.00864929

-3.22213 0
-3.125 0.0166719

-3.10857 0
-3.0625 0.0259201

-3.0625 0.0126264
-3.0396 0.03125

-3.05164 0.03125
-3.03557 0.0625

-3.03125 0.0250231
-3.02246 0.03125

-3.03125 0.0501164
-3.02681 0.0625

-3.04462 0.0625
-3.0363 0.09375

-3.03847 0.09375
-3.03125 0.109388

-3.03125 0.081983
-3.02773 0.09375

-3.03125 0.0993215
-3.01426 0.125

-3.02272 0.125
-3 0.155143

1.5 -0.189261
1.51562 -0.189711

1.51562 -0.189705
1.53125 -0.189893

1.53125 -0.189886
1.54688 -0.189839

1.54688 -0.189822
1.5625 -0.189587

1.5625 -0.189567
1.57812 -0.189215

1.57812 -0.189207
1.59375 -0.188794

1.59375 -0.188801
1.60938 -0.188331

-3 -0.0823167
-2.98438 -0.0797932

-3 -0.0761132
-2.98438 -0.0776004

-3 -0.0623792
-2.99869 -0.0625

-3 -0.0313639
-2.99473 -0.03125

-3 -0.0160189
-2.98438 -0.0160189

-3 -0.000828004
-2.98438 -0.000828004

0 -0.0366979
0.015625 -0.0388508

0.015625 -0.038896
0.03125 -0.0413136

0.03125 -0.0414066
0.046875 -0.0438125

1.60938 -0.188343
1.625 -0.187776

0.046875 -0.0439426
0.0625 -0.0458907

0.078125 -0.0471675
0.0746378 -0.046875

0.0625 -0.0458486
0.0747373 -0.046875

0.078125 -0.0469747
0.09375 -0.0481005

0.09375 -0.0479561
0.109375 -0.0495584

0.109375 -0.0495707
0.125 -0.0519139

-3 0.0146873
-2.98438 0.0146873

1.625 -0.187771
1.63119 -0.1875

0.1875 -0.0627
0.185941 -0.0625

0.125 -0.0519817
0.140625 -0.0549056

0.140625 -0.0550564
0.15625 -0.058124

1.63129 -0.1875
1.64062 -0.18709

-3 0.0269198
-2.98438 0.0269198

-3 0.0367125
-2.98438 0.0367125

1.64062 -0.187096
1.65625 -0.186282

1.65625 -0.186289
1.67188 -0.185317

1.67188 -0.185306
1.6875 -0.184184

-3 0.0515197
-2.98438 0.0515197

0.15625 -0.0582797
0.171875 -0.060878

-0.625 -0.00139685
-0.633459 0

1.6875 -0.184159
1.70312 -0.182958

-0.625 -0.00166137
-0.609375 -0.00391995

0.171875 -0.060797
0.185147 -0.0625

-0.609375 -0.00379
-0.59375 -0.00546545

1.70312 -0.182931
1.71875 -0.181754

0.1875 -0.062646
0.203125 -0.0645311

-3 0.0746988
-2.98438 0.0746988

-0.59375 -0.00525458
-0.578125 -0.00702855

1.71875 -0.181729
1.73438 -0.180679

1.73438 -0.180665
1.75 -0.179817

-0.578125 -0.0070255
-0.5625 -0.00932581

-0.5625 -0.00942982
-0.546875 -0.0120546

-3 0.0827995
-2.98438 0.0827995

-3 0.106169
-2.9804 0.125

-0.546875 -0.0121287
-0.53125 -0.0147216

-3 0.125729
-2.97622 0.15625

-3 0.157669
-2.9736 0.1875

0.203125 -0.0645244
0.21875 -0.0665896

1.75 -0.179807
1.76562 -0.179208

0.21875 -0.0666113
0.234375 -0.0688265

0.234375 -0.0687816
0.25 -0.0711932

1.76562 -0.179188
1.78125 -0.178897

1.78125 -0.178878
1.79688 -0.178973

1.79688 -0.178991
1.8125 -0.179473

1.8125 -0.179526
1.82812 -0.180254

0.25 -0.0711659
0.265625 -0.0739183

-2.96875 0.152524
-2.95571 0.15625

1.82812 -0.1803
1.84375 -0.181073

-0.515625 -0.0171063
-0.525395 -0.015625

1.84375 -0.181083
1.85938 -0.181789

1.85938 -0.181774
1.875 -0.182426

1.875 -0.182412
1.89062 -0.183067

-0.53125 -0.014754
-0.525505 -0.015625

-2.96875 0.160726
-2.95312 0.16416

-0.515625 -0.0171443
-0.5 -0.0191818

-0.96875 0.0294919
-0.978724 0.03125

0.265625 -0.0740211
0.28125 -0.0769635

1.89062 -0.183068
1.90625 -0.183748

0.296875 -0.0798951
0.287552 -0.078125

0.28125 -0.0769666
0.287351 -0.078125

-2.95402 0.171875
-2.95312 0.173327

1.90625 -0.183763
1.92188 -0.184437

0.296875 -0.0798476
0.3125 -0.083003

-1 0.0350125
-0.984375 0.0320994

-2.95312 0.169877
-2.95221 0.171875

-0.984375 0.0321791
-0.979104 0.03125

-2.95276 0.171875
-2.95296 0.1875

1.92188 -0.184455
1.9375 -0.185059

0.3125 -0.0830187
0.328125 -0.0864572

0.328125 -0.0866719
0.34375 -0.0899326

0.375 -0.0940493
0.372328 -0.09375

0.34375 -0.0900247
0.359375 -0.0924939

1.9375 -0.185072
1.95312 -0.185545

-0.96875 0.0294173
-0.953125 0.0266784

1.95312 -0.185548
1.96875 -0.185856

-0.953125 0.026585
-0.9375 0.0241505

-0.9375 0.0239142
-0.921875 0.0224435

-0.921875 0.0220943
-0.90625 0.0227585

1.96875 -0.185852
1.98438 -0.185996

1.98438 -0.185984
2 -0.185996

-2.97518 0.1875
-2.96875 0.19323

-2.96626 0.1875
-2.93991 0.21875

-2.93918 0.21875
-2.9375 0.220406

-2.9375 0.212521
-2.93054 0.21875

-2.93636 0.21875
-2.90761 0.25

-2.90625 0.248256
-2.90437 0.25

-2.90725 0.25
-2.90625 0.251887

-2.9101 0.28125
-2.90625 0.295792

-2.90375 0.25
-2.89227 0.265625

-2.89198 0.265625
-2.89148 0.28125

-2.90214 0.28125
-2.87826 0.3125

-2.90911 0.3125
-2.90625 0.316722

-2.90129 0.3125
-2.875 0.324219

-2.875 0.302178
-2.85938 0.300692

-2.85938 0.304462
-2.848 0.3125

-2.85486 0.3125
-2.84375 0.317525

-2.84375 0.317556
-2.83015 0.328125

-2.83012 0.328125
-2.82812 0.329584

-2.82812 0.329627
-2.8125 0.341676

-2.8125 0.34097
-2.80889 0.34375

-2.80873 0.34375
-2.79688 0.355054

-2.79752 0.359375
-2.79688 0.362448

-2.79688 0.352276
-2.79104 0.359375

-2.79247 0.359375
-2.78481 0.375

-2.80089 0.375
-2.78125 0.399523

-2.79965 0.40625
-2.78125 0.421923

-2.78125 0.37841
-2.75 0.386859

-2.78125 0.414977
-2.75 0.409516

-2.71875 0.374406
-2.71953 0.375

-2.71875 0.37381
-2.70312 0.364388

-2.6875 0.359172
-2.68803 0.359375

-0.90625 0.0230642
-0.890625 0.0259501

-2.70312 0.365131
-2.68811 0.359375

0.359375 -0.0923814
0.371591 -0.09375

-2.67188 0.354524
-2.68645 0.359375

-2.6875 0.359695
-2.68654 0.359375

-0.890625 0.0269805
-0.875 0.029416

-2.67188 0.354247
-2.65625 0.349232

0.375 -0.0939618
0.390625 -0.095559

0.390625 -0.0955107
0.40625 -0.0973596

0.40625 -0.0974138
0.421875 -0.0995023

-0.875 0.0291787
-0.859375 0.0295777

-0.859375 0.0293452
-0.84375 0.0286474

-2.625 0.341701
-2.63472 0.34375

-2.65625 0.349195
-2.64062 0.344989

0.421875 -0.0995589
0.4375 -0.101665

-2.64062 0.344941
-2.63498 0.34375

-2.73438 0.389363
-2.7446 0.390625

0.4375 -0.101675
0.453125 -0.103668

0.453125 -0.10365
0.46875 -0.105546

-0.84375 0.0287033
-0.828125 0.0272615

-0.828125 0.0271739
-0.8125 0.0250515

0.46875 -0.105536
0.484375 -0.10739

0.484375 -0.107374
0.5 -0.109238

-2.75 0.393201
-2.7404 0.390625

-2.73438 0.386472
-2.71875 0.37552

0 0.983716
0.000824776 0.984375

-2.625 0.341743
-2.60938 0.339267

-2.60938 0.339357
-2.59375 0.337395

0 0.993004
0.00495445 1

-0.8125 0.0250238
-0.796875 0.0224515

-0.796875 0.0223001
-0.78125 0.0196365

-2.59375 0.337472
-2.57812 0.33569

-2.57812 0.335737
-2.5625 0.333887

-0.78125 0.0195472
-0.765625 0.0172739

-2.5625 0.333882
-2.54688 0.33188

-2.54688 0.331875
-2.53125 0.329741

-2.51562 0.327567
-2.51977 0.328125

-2.53125 0.329663
-2.51982 0.328125

-2.51562 0.327533
-2.5 0.325673

-0.75 0.0155251
-0.750738 0.015625

-0.765625 0.0174632
-0.75204 0.015625

0.3125 0.971419
0.300678 0.984375

0.300922 0.984375
0.3125 0.994372

0.3125 0.968737
0.312537 0.96875

0.3125 0.971936
0.323173 0.984375

0.3125 0.995014
0.32408 0.984375

0 1.01438
0.013038 1

-0.75 0.0154461
-0.734375 0.0129178

-0.734375 0.0127461
-0.71875 0.00998415

-0.71875 0.00986768
-0.703125 0.0074483

0.515625 -0.111127
0.501018 -0.109375

0.5 -0.109262
0.500939 -0.109375

-0.703125 0.00741151
-0.6875 0.00564124

-0.6875 0.00574767
-0.671875 0.00448724

0.53125 0.993889
0.525811 1

0.53125 0.996944
0.53418 1

-0.671875 0.00469241
-0.65625 0.0033186

0.515625 -0.111166
0.53125 -0.112941

0.65625 0.963796
0.651638 0.96875

-0.65625 0.00339886
-0.640625 0.00134083

-0.640625 0.00117502
-0.63351 0

0.53125 -0.11291
0.546875 -0.11457

0.546875 -0.114535
0.5625 -0.116213

0.651989 0.96875
0.65625 0.972776

0.65625 0.964237
0.660506 0.96875

0.5625 -0.116199
0.578125 -0.117995

0.578125 -0.118009
0.59375 -0.119923

0.65625 0.973182
0.661001 0.96875

0.59375 -0.119951
0.609375 -0.121898

0.609375 -0.121922
0.625 -0.123799

0.640625 -0.12553
0.636091 -0.125

0.640625 -0.125643
0.65625 -0.127385

0.65625 -0.12741
0.671875 -0.128917

0.671875 -0.128901
0.6875 -0.130158

0.6875 -0.130121
0.703125 -0.131232

0.703125 -0.131194
0.71875 -0.132308

-2.5 0.325649
-2.48438 0.324135

0.528703 1
0.53125 1.00245

-2.48438 0.324152
-2.46875 0.322996

-2.46875 0.323018
-2.45312 0.322139

-2.45312 0.322164
-2.4375 0.321465

-2.4375 0.321475
-2.42188 0.320889

-2.42188 0.320904
-2.40625 0.320383

0.71875 -0.132294
0.734375 -0.133513

0.734375 -0.133528
0.75 -0.134849

0.53125 1.00532
0.53721 1

-0.5 -0.019194
-0.484375 -0.0208119

-0.484375 -0.0208026
-0.46875 -0.0219953

-0.46875 -0.0219399
-0.453125 -0.0228369

-0.453125 -0.0228018
-0.4375 -0.0235842

0.625 -0.123795
0.635308 -0.125

-0.4375 -0.0236008
-0.421875 -0.0243056

-0.421875 -0.0243113
-0.40625 -0.0248939

-0.40625 -0.0248903
-0.390625 -0.0253464

-0.390625 -0.0253541
-0.375 -0.0256754

-2.40625 0.320397
-2.39062 0.319882

-0.375 -0.0256809
-0.359375 -0.0258411

-0.359375 -0.0258432
-0.34375 -0.0258275

-0.34375 -0.0258096
-0.328125 -0.0256496

-0.328125 -0.0256132
-0.3125 -0.0254175

-0.3125 -0.0253714
-0.296875 -0.0253052

-0.296875 -0.025319
-0.28125 -0.0254469

-0.28125 -0.0255744
-0.265625 -0.0256139

-0.265625 -0.0258466
-0.25 -0.0250773

-2.39062 0.319895
-2.375 0.319334

0.75 -0.134879
0.765625 -0.136211

0.765625 -0.136238
0.78125 -0.137468

0.78125 -0.13748
0.796875 -0.13853

-2.375 0.319336
-2.35938 0.318701

-0.25 -0.0249768
-0.234375 -0.0231342

-2.35938 0.318691
-2.34375 0.317998

-2.34375 0.317989
-2.32812 0.317274

-2.32812 0.317267
-2.3125 0.316562

-0.234375 -0.0225664
-0.21875 -0.0209869

-0.21875 -0.0206709
-0.203125 -0.0211219

0.796875 -0.138525
0.8125 -0.139383

0.8125 -0.13937
0.828125 -0.140071

-2.25 0.311998
-2.25414 0.3125

-0.203125 -0.0214684
-0.1875 -0.0238889

-2.3125 0.316582
-2.29688 0.315863

-2.29688 0.315919
-2.28125 0.315036

0.84375 -0.140636
0.843468 -0.140625

-2.28125 0.315091
-2.26562 0.313822

2 -0.18598
2.01562 -0.185916

-2.26562 0.313883
-2.25422 0.3125

-0.1875 -0.0243635
-0.171875 -0.0271115

-0.171875 -0.027128
-0.15625 -0.0292211

0.828125 -0.140053
0.842854 -0.140625

-0.125 -0.0319643
-0.134056 -0.03125

2.01562 -0.185902
2.03125 -0.185823

-0.15625 -0.0291291
-0.140625 -0.0307182

0.84375 -0.140646
0.859375 -0.141222

2.03125 -0.185818
2.04688 -0.185761

-2.10938 0.241711
-2.11886 0.25

0.859375 -0.141214
0.875 -0.141799

-2.09375 0.225483
-2.10167 0.234375

2.04688 -0.185765
2.0625 -0.18573

0.875 -0.141799
0.890625 -0.142411

2.0625 -0.185734
2.07812 -0.185705

-0.140625 -0.0307431
-0.134199 -0.03125

0.890625 -0.142418
0.90625 -0.143043

2.07812 -0.185707
2.09375 -0.185669

-0.125 -0.0319907
-0.109375 -0.0327864

-2.10938 0.241396
-2.10219 0.234375

0.90625 -0.14303
0.921875 -0.143683

-2.07812 0.20536
-2.08882 0.21875

-0.109375 -0.0327795
-0.09375 -0.0331091

-2.0625 0.187636
-2.07747 0.203125

-0.09375 -0.0330362
-0.078125 -0.0330593

-2.07812 0.205212
-2.07646 0.203125

0.921875 -0.143651
0.9375 -0.14442

-2.09375 0.225275
-2.08837 0.21875

2.09375 -0.185669
2.10938 -0.185617

-0.078125 -0.0330063
-0.0625 -0.0329744

2.10938 -0.185622
2.125 -0.185544

-2.04688 0.176162
-2.06207 0.1875

2.125 -0.185556
2.14062 -0.185418

2.14062 -0.185449
2.15625 -0.185165

2.15625 -0.185197
2.17188 -0.184642

-0.0625 -0.0328858
-0.046875 -0.0330823

2.17188 -0.184655
2.1875 -0.183741

0.9375 -0.144396
0.953125 -0.145391

2.1875 -0.183689
2.20312 -0.182496

-2.03125 0.168499
-2.03845 0.171875

-0.046875 -0.0330444
-0.03125 -0.0337223

-2.04688 0.17621
-2.03763 0.171875

0.953125 -0.14539
0.96875 -0.146663

-2.03125 0.169095
-2.01562 0.165574

0.96875 -0.146688
0.984375 -0.14819

-2.01562 0.168607
-2 0.162072

-2.0625 0.187621
-2.06235 0.1875

-2.25 0.312055
-2.23438 0.309278

-2.23438 0.309315
-2.21875 0.305451

-2.21875 0.305474
-2.20312 0.300401

-2.1875 0.294133
-2.19432 0.296875

-2.20312 0.300348
-2.19448 0.296875

2.20312 -0.182442
2.21875 -0.181181

-2.15625 0.277543
-2.16268 0.28125

-2.1875 0.294189
-2.17188 0.286572

0.984375 -0.14823
1 -0.149829

-2.17188 0.286476
-2.16281 0.28125

-0.03125 -0.0337359
-0.015625 -0.0349438

2.21875 -0.181186
2.23438 -0.179955

-2.15625 0.27758
-2.14062 0.267135

-0.015625 -0.0349404
0 -0.0366577

-2.125 0.255143
-2.13866 0.265625

-2.14062 0.266905
-2.13887 0.265625

2.23438 -0.180049
2.25 -0.178652

-2.125 0.254844
-2.11919 0.25

2.25 -0.178622
2.26562 -0.176932

2.26562 -0.176769
2.28125 -0.175172

2.28125 -0.175036
2.29688 -0.174129

2.29688 -0.173977
2.3125 -0.174334

2.3125 -0.174626
2.32812 -0.17597

2.32812 -0.176119
2.34375 -0.177569

2.34375 -0.177912
2.35938 -0.178487

2.35938 -0.178727
2.375 -0.177263

2.375 -0.17713
2.39062 -0.173413

2.39062 -0.173333
2.39492 -0.171875

2.39445 -0.171875
2.40625 -0.167868

2.40625 -0.167532
2.42188 -0.161794

2.42188 -0.161615
2.4375 -0.156746

2.43442 -0.15625
2.4375 -0.155289

-2.01562 0.728411
-2.02114 0.734375

-2.02758 0.734375
-2.01562 0.744553

-2.01562 0.721841
-2.00506 0.734375

-2.01562 0.738479
-2.0112 0.734375

2.4375 -0.156928
2.4418 -0.15625

2.45312 -0.156436
2.45972 -0.15625

2.4375 -0.156063
2.45312 -0.153601

2.45312 -0.154343
2.46875 -0.153902

2.46875 -0.154314
2.48438 -0.153772

2.48438 -0.1539
2.5 -0.152258

1 -0.149862
1.01562 -0.151412

1.01562 -0.151424
1.03125 -0.152835

1.03125 -0.152826
1.04688 -0.154094

1.04688 -0.154074
1.0625 -0.155259

1.07812 -0.156439
1.07567 -0.15625

1.07812 -0.156403
1.09375 -0.15775

1.0625 -0.155227
1.07577 -0.15625

1.09375 -0.15775
1.10938 -0.159301

1.10938 -0.159345
1.125 -0.161014

1.125 -0.161062
1.14062 -0.162665

2.5 -0.152199
2.51562 -0.149319

1.14062 -0.162673
1.15625 -0.164097

1.15625 -0.164073
1.17188 -0.165349

2.51562 -0.149285
2.53125 -0.145354

2.53125 -0.145549
2.54688 -0.140683

2.54218 -0.140625
2.54688 -0.139162

2.54688 -0.141344
2.54951 -0.140625

1.17188 -0.165322
1.1875 -0.166552

2.54688 -0.139658
2.5625 -0.135396

1.1875 -0.166537
1.20312 -0.167806

1.20312 -0.16781
1.21875 -0.169142

2.5625 -0.136131
2.57812 -0.132614

2.57812 -0.132376
2.59375 -0.128734

1.21875 -0.169164
1.23438 -0.170508

1.23438 -0.170533
1.25 -0.171794

2.59375 -0.12903
2.60938 -0.125173

2.60938 -0.125108
2.60985 -0.125

2.60809 -0.125
2.60938 -0.124682

2.60938 -0.124626
2.625 -0.121051

2.625 -0.120859
2.64062 -0.119017

2.64062 -0.119319
2.65625 -0.118992

2.65625 -0.119554
2.67188 -0.119015

2.67188 -0.119329
2.6875 -0.116825

1.26562 -0.172914
1.25106 -0.171875

2.6875 -0.116716
2.70312 -0.111838

2.70312 -0.112452
2.7125 -0.109375

2.70503 -0.109375
2.71875 -0.104873

2.71875 -0.105882
2.73438 -0.102168

1.25 -0.171798
1.25108 -0.171875

-1.96875 0.122116
-1.97325 0.125

1.26562 -0.172896
1.28125 -0.17389

2.73438 -0.102605
2.75 -0.0991792

1.28125 -0.173874
1.29688 -0.174816

-1.96875 0.124946
-1.95312 0.116291

1.29688 -0.174809
1.3125 -0.175746

-1.9375 0.102719
-1.94594 0.109375

1.3125 -0.175741
1.32812 -0.176698

-1.95312 0.117326
-1.94131 0.109375

-0.125 0.973604
-0.134493 0.984375

-1.92188 0.092491
-1.92432 0.09375

-0.128957 0.984375
-0.125 0.988178

2.75 -0.0994516
2.76562 -0.0948945

1.32812 -0.176689
1.34375 -0.177691

-0.125 0.979409
-0.120236 0.984375

-1.92188 0.0911863
-1.90625 0.0917769

2.76562 -0.0955868
2.7717 -0.09375

-1.9375 0.101847
-1.92425 0.09375

1.34375 -0.177683
1.35938 -0.178766

-0.125 0.993678
-0.114487 0.984375

-1.9375 0.122107
-1.93168 0.125

-0.015625 0.999611
-0.0156592 1

1.35938 -0.178774
1.375 -0.179936

-0.015625 0.998071
-4.0226e-05 0.984375

-1.90625 0.0919927
-1.90313 0.09375

-1.90366 0.09375
-1.89062 0.104992

-0.00868886 1
0 1.00609

-1.89062 0.105905
-1.88804 0.109375

2.76574 -0.09375
2.78125 -0.0890584

-1.88899 0.109375
-1.87969 0.125

2.78125 -0.0892913
2.79688 -0.0861542

2.79688 -0.0869947
2.8125 -0.0840125

1.375 -0.179966
1.39062 -0.181132

2.8125 -0.0847387
2.82812 -0.0788592

2.82629 -0.078125
2.82812 -0.0774327

-1.98438 0.139175
-1.98528 0.140625

1.39062 -0.18114
1.40625 -0.182235

2.82812 -0.080015
2.83195 -0.078125

-1.98438 0.142984
-1.99465 0.15625

2.82812 -0.0774146
2.84375 -0.0696113

1.40625 -0.182182
1.42188 -0.183294

2.84375 -0.0703997
2.8589 -0.0625

2.85938 -0.0637804
2.86224 -0.0625

1.42188 -0.183258
1.4375 -0.184563

2.85608 -0.0625
2.85938 -0.0608086

1.48438 -0.188527
1.46907 -0.1875

1.48438 -0.188529
1.5 -0.18927

-1.98438 0.136897
-1.97269 0.125

-1.98438 0.143168
-1.98294 0.140625

2.85938 -0.0608301
2.875 -0.0538355

-2 0.16433
-1.99082 0.15625

-1.96875 0.125131
-1.96849 0.125

1.4375 -0.184625
1.45312 -0.18607

1.45312 -0.186138
1.46875 -0.187466

1.46875 -0.187479
1.46906 -0.1875

2.875 -0.0540532
2.89062 -0.0502715

2.89062 -0.0502596
2.90625 -0.0495135

-1.9425 0.125
-1.9375 0.132115

-1.93883 0.140625
-1.9375 0.142798

2.90625 -0.0491051
2.92188 -0.0522352

-1.9375 0.139992
-1.92854 0.125

-1.93454 0.140625
-1.92188 0.153991

-1.92188 0.129077
-1.90625 0.126198

-1.92188 0.151178
-1.90927 0.15625

2.92188 -0.0527671
2.9375 -0.0595261

2.96875 -0.0938552
2.96869 -0.09375

2.95312 -0.0694914
2.94328 -0.0625

-1.90625 0.127225
-1.89062 0.138233

-1.89062 0.151844
-1.89402 0.15625

-1.88352 0.125
-1.875 0.130446

-1.89062 0.14872
-1.88402 0.140625

-1.90625 0.160533
-1.89497 0.15625

2.96875 -0.0863885
2.96213 -0.078125

-1.79688 0.124295
-1.79868 0.125

-1.78125 0.12266
-1.79538 0.125

2.95312 -0.072038
2.96104 -0.078125

2.96875 -0.103404
3 -0.0963161

2.96875 -0.0936829
2.98438 -0.0882688

-1.78125 0.12293
-1.76562 0.121631

-1.76562 0.121623
-1.75 0.121068

2.97906 -0.078125
2.98438 -0.0642379

2.98685 -0.09375
2.98775 -0.078125

2.98438 -0.0696849
2.98516 -0.078125

2.9375 -0.0592559
2.94246 -0.0625

2.98187 -0.0625
2.98337 -0.046875

-1.875 0.130704
-1.86477 0.140625

-1.8634 0.140625
-1.85938 0.143539

2.98325 -0.046875
2.98412 -0.03125

2.98438 -0.0314867
2.98439 -0.03125

-1.85938 0.146745
-1.84375 0.15408

-1.84375 0.15497
-1.82812 0.148564

-1.8125 0.130221
-1.82587 0.140625

-1.82812 0.146983
-1.82111 0.140625

-1.84375 0.158593
-1.83499 0.15625

2.98406 -0.03125
2.98438 -0.0277817

2.98438 -0.0171584
2.98451 -0.015625

2.98505 -0.015625
2.98792 0

-1.8125 0.130841
-1.79914 0.125

-1.75 0.121055
-1.73438 0.121288

-1.73438 0.12129
-1.71875 0.122334

-1.71875 0.122341
-1.70312 0.124181

-1.70312 0.124196
-1.69825 0.125

-1.69833 0.125
-1.6875 0.126786

-1.6875 0.126769
-1.67188 0.130063

2.98438 0.0121342
2.9842 0.015625

2.98431 0.015625
2.98124 0.03125

-1.67188 0.130032
-1.65625 0.134132

-1.65625 0.13414
-1.64062 0.13909

-1.64062 0.139187
-1.63651 0.140625

-1.63676 0.140625
-1.625 0.144735

2.98999 0
2.99024 0.015625

-1.51562 0.123216
-1.51711 0.125

-1.5 0.113372
-1.51475 0.125

2.98899 0.015625
2.9859 0.03125

2.98383 0.03125
2.9828 0.046875

-1.625 0.144781
-1.60938 0.150297

-1.60938 0.150604
-1.59375 0.155423

2.98382 0.046875
2.98371 0.0625

2.98438 0.0453202
2.98579 0.03125

-1.59375 0.155721
-1.59044 0.15625

-1.59198 0.15625
-1.57812 0.158466

-1.57812 0.158325
-1.5625 0.157701

-1.54688 0.154779
-1.55842 0.15625

2.98371 0.0625
2.98375 0.078125

2.98371 0.078125
2.98401 0.09375

-1.54688 0.155205
-1.53125 0.152858

2.98399 0.09375
2.98534 0.125

2.92188 0.214317
2.9375 0.203253

2.92987 0.21875
2.92747 0.25

2.95312 0.140446
2.96875 0.132784

2.96844 0.140625
2.95437 0.15625

2.95312 0.16421
2.95027 0.171875

2.95133 0.171875
2.94819 0.1875

2.95312 0.170549
2.9616 0.15625

-1.5625 0.157189
-1.55513 0.15625

-1.51845 0.125
-1.51935 0.140625

2.98773 0.125
2.9716 0.15625

3 0.186984
2.99967 0.1875

-1.51562 0.151963
-1.52832 0.15625

-1.51562 0.138037
-1.51526 0.140625

2.94891 0.1875
2.95336 0.21875

2.96875 0.236381
2.94786 0.25

-1.50726 0.140625
-1.5 0.149539

-1.51442 0.15625
-1.5 0.166854

2.99327 0.1875
2.97265 0.21875

2.96875 0.240739
2.97594 0.21875

-1.50079 0.171875
-1.5 0.172796

2.89062 0.276743
2.88846 0.28125

2.90625 0.267382
2.9044 0.28125

2.89902 0.28125
2.90625 0.287788

2.91313 0.25
2.9375 0.277332

2.93691 0.28125
2.9375 0.281423

2.9375 0.266387
2.99647 0.25

3 -0.0726554
3.00169 -0.0625

3 -0.0320179
3.00003 -0.03125

3 -0.000317043
3.00018 0

3.0625 -0.00352367
3.05254 0

3.125 -0.00670188
3.09738 0

3.25 -0.00497253
3.21698 0

3.5 -0.00335217
3.43418 0

3 0.030123
3.01797 0.03125

3.03125 0.024521
3.05863 0

3.03814 0.03125
3.03272 0.0625

3.03125 0.111674
3.01942 0.125

3.03773 0.0625
3.04155 0.09375

3.04941 0.09375
3.03896 0.125

3.0625 0.017704
3.09362 0

3 0.174224
3.02746 0.125

3.125 0.0131788
3.20153 0

3.25 0.0064066
3.37515 0

4 -0.00610848
3.60347 0

3.5 0.000344233
3.52235 0

-1.5 0.11542
-1.48438 0.109843

-1.46875 0.106543
-1.48033 0.109375

-1.48438 0.110063
-1.48156 0.109375

-1.46875 0.106453
-1.45312 0.103525

-1.45312 0.103615
-1.4375 0.101448

-1.4375 0.101649
-1.42188 0.0996602

-1.42188 0.0997634
-1.40625 0.0973443

-1.39062 0.0934073
-1.39224 0.09375

-1.39062 0.093648
-1.375 0.0901424

-1.40625 0.097493
-1.39062 0.0941754

-1.39062 0.0941557
-1.38882 0.09375

-1.5 0.146347
-1.48552 0.15625

-1.48438 0.167611
-1.48652 0.171875

-1.5 0.177677
-1.48438 0.180047

-1.48141 0.15625
-1.47814 0.171875

-1.48438 0.182831
-1.47521 0.171875

-1.375 0.0902419
-1.35938 0.0873685

-1.35938 0.0875352
-1.34375 0.0848085

-1.34375 0.0849029
-1.32812 0.0818008

-1.3125 0.0776828
-1.31436 0.078125

-1.32812 0.0818544
-1.3125 0.0781335

-1.3125 0.077762
-1.29688 0.074058

-1.29688 0.0739512
-1.28125 0.0711684

-1.28125 0.0710686
-1.26562 0.0696203

-1.26562 0.0696799
-1.25 0.0696464

-1.25 0.0698338
-1.23438 0.0707208

-1.23438 0.0708954
-1.21875 0.0719791

-1.21875 0.0720703
-1.20312 0.0728192

-1.20312 0.0728187
-1.1875 0.0730514

-1.1875 0.0729809
-1.17188 0.0728394

-1.17188 0.0728023
-1.15625 0.0725017

-1.15625 0.0726043
-1.14062 0.0720137

-1.14062 0.0721936
-1.125 0.0707482

-1.07812 0.0593952
-1.08833 0.0625

-1.07812 0.0592424
-1.0625 0.0537667

-1.125 0.0707833
-1.10938 0.068053

-1.10938 0.0679241
-1.09375 0.0640966

-1.09375 0.0641236
-1.08841 0.0625

-1.0625 0.053529
-1.04688 0.0480944

-1.03125 0.0431354
-1.04283 0.046875

-1.04688 0.0480892
-1.04312 0.046875

-1.03125 0.04296
-1.01562 0.0384781

-1.01562 0.0384625
-1 0.0348809

