-4 -0.00480646
-3.66491 0

-3.54554 0
-3.5 0.000653247

-3.5 -0.00284936
-3.44034 0

-3.25 -0.00395864
-3.22252 0

-3.125 -0.00592006
-3.10486 0

-3 -0.0679265
-3.00038 -0.0625

-3.0625 -0.000554625
-3.06129 0

-3.39894 0
-3.25 0.0071611

-3.21415 0
-3.125 0.0138396

-3.10382 0
-3.0625 0.0215499

-3.0625 0.00734235
-3.03494 0.03125

-3.04667 0.03125
-3.03249 0.0625

-3 0.0609693
-3.00192 0.0625

-3.04235 0.0625
-3.03253 0.09375

-3.03562 0.09375
-3.03125 0.104327

-3.03125 0.089943
-3.02393 0.09375

-3.03125 0.104348
-3 0.121448

-3.0339 0.125
-3 0.145638

1.5 -0.00525479
1.51562 -0.00468132

1.51562 -0.00466308
1.53125 -0.00398131

1.53125 -0.00397513
1.54688 -0.0032339

1.54688 -0.00323377
1.5625 -0.00244572

1.5625 -0.00244589
1.57812 -0.00161095

-2.96875 -0.125948
-2.95312 -0.130453

-2.96875 -0.124058
-2.99174 -0.09375

-2.98917 -0.09375
-2.98841 -0.078125

-2.98663 -0.078125
-2.98438 -0.0631572

-2.98438 -0.0850786
-2.98403 -0.078125

-2.9843 -0.078125
-2.98202 -0.0625

-2.96875 -0.124254
-2.96657 -0.125

-2.95286 -0.125
-2.9375 -0.12219

-2.98398 -0.0625
-2.98431 -0.046875

-2.98438 -0.0421357
-2.9842 -0.046875

-2.98438 -0.0296003
-2.98637 -0.015625

-2.98704 -0.015625
-2.99057 0

1.57812 -0.00160839
1.59375 -0.000731323

1.59375 -0.000721786
1.60639 0

-2.98438 -0.0310445
-2.98435 -0.03125

-2.9375 -0.123574
-2.92188 -0.121287

-2.92188 -0.120592
-2.90625 -0.117496

-2.90625 -0.117761
-2.89062 -0.114714

-2.89062 -0.114421
-2.875 -0.111478

-2.875 -0.111703
-2.86158 -0.109375

-2.86148 -0.109375
-2.85938 -0.109011

-2.85938 -0.108858
-2.84375 -0.1062

-2.84375 -0.106263
-2.82812 -0.103805

-2.82812 -0.10363
-2.8125 -0.101593

-2.8125 -0.101634
-2.79688 -0.100285

-2.79688 -0.100334
-2.78125 -0.0994918

1.8125 -0.00485739
1.80414 0

1.8125 -0.00482292
1.82796 -0.015625

1.84375 -0.0214933
1.82874 -0.015625

1.82812 -0.0149346
1.82989 -0.015625

-1 0.0101837
-0.984375 0.0142602

-0.984375 0.0143096
-0.979469 0.015625

-0.979271 0.015625
-0.96875 0.0184458

-0.96875 0.0184382
-0.953125 0.0227627

-0.953125 0.0228122
-0.9375 0.027222

-2.78125 -0.0996531
-2.76562 -0.0988966

-0.9375 0.027307
-0.922926 0.03125

1.84375 -0.0208424
1.85938 -0.0241532

-0.922895 0.03125
-0.921875 0.031526

-0.921875 0.0315385
-0.90625 0.0354049

1.85938 -0.023819
1.875 -0.0262346

-0.90625 0.0354554
-0.890625 0.0388505

-0.890625 0.0387667
-0.875 0.0417571

0 0.091396
0.015625 0.0901263

0.015625 0.0901287
0.03125 0.0883028

0.03125 0.0882258
0.046875 0.0859929

1.875 -0.0262305
1.89062 -0.0284272

1.89062 -0.0284165
1.90625 -0.030424

1.92188 -0.0322911
1.91316 -0.03125

1.92188 -0.032303
1.9375 -0.0340007

-2.76562 -0.098931
-2.75 -0.0978689

0.046875 0.08586
0.0625 0.0836395

0.0625 0.0835216
0.078125 0.0818151

-0.875 0.0414645
-0.859375 0.0448027

-0.859375 0.0446537
-0.851481 0.046875

-0.852077 0.046875
-0.84375 0.0492182

-0.84375 0.0498385
-0.828125 0.0540149

-0.828125 0.0545574
-0.8125 0.0560249

-0.8125 0.0557616
-0.796875 0.0539616

-0.796875 0.0534098
-0.78125 0.0499724

-0.765625 0.0462511
-0.768583 0.046875

-0.78125 0.0496531
-0.76808 0.046875

0.078125 0.0817491
0.09375 0.0809243

0.09375 0.0809113
0.109375 0.0811262

0.109375 0.0811563
0.125 0.0823769

0.125 0.0824409
0.140625 0.0844791

0.140625 0.0845784
0.15625 0.0871076

1.90625 -0.0303931
1.91343 -0.03125

0.15625 0.0872204
0.171875 0.0898167

1.9375 -0.0339932
1.95312 -0.0354853

-2.75 -0.097945
-2.73438 -0.0963562

1.95312 -0.0354757
1.96875 -0.0367966

-2.73438 -0.0963517
-2.71875 -0.0940928

-2.71875 -0.0940468
-2.71719 -0.09375

1.96875 -0.0367883
1.98438 -0.0379739

1.98438 -0.0379661
2 -0.0390486

1.60626 0
1.60938 0.000178072

1.60938 0.000179033
1.625 0.00104897

-0.765625 0.0462221
-0.75 0.0439766

-2.71676 -0.09375
-2.70312 -0.0911552

1.625 0.00106029
1.64062 0.00187091

0.171875 0.0899503
0.1875 0.092121

-2.70312 -0.0911061
-2.6875 -0.0874416

-2.6875 -0.0873139
-2.67188 -0.0832935

-2.67188 -0.0830441
-2.65625 -0.079422

1.64062 0.00188256
1.65625 0.00258793

0.1875 0.0922617
0.203125 0.0934583

1.65625 0.00259259
1.67188 0.00316006

0.203125 0.0934855
0.21875 0.0933723

0.21875 0.0934042
0.234375 0.0918633

0.234375 0.0918609
0.25 0.0888333

1.67188 0.00315595
1.6875 0.00358443

1.6875 0.00357707
1.70312 0.0038895

1.70312 0.00387949
1.71875 0.00411061

-0.75 0.0438506
-0.734375 0.043141

-0.734375 0.0430745
-0.71875 0.0442857

-0.71875 0.0442497
-0.706313 0.046875

-0.706734 0.046875
-0.703125 0.0476368

0.25 0.0886881
0.265625 0.0844689

-0.703125 0.0478674
-0.6875 0.0526861

1.71875 0.00409768
1.73438 0.00429336

0.265625 0.0842492
0.28125 0.0795684

-2.65625 -0.0793164
-2.64882 -0.078125

0.296875 0.0749833
0.285941 0.078125

1.73438 0.00424833
1.75 0.00452453

-2.64887 -0.078125
-2.64062 -0.0768033

-0.6875 0.0530043
-0.671875 0.0581068

0.28125 0.0794354
0.28581 0.078125

-0.671875 0.0581807
-0.657225 0.0625

-0.657089 0.0625
-0.65625 0.0627475

0.296875 0.0749726
0.3125 0.0708862

-0.65625 0.0626885
-0.640625 0.0668497

0.359375 0.0623502
0.357917 0.0625

-2.64062 -0.0769826
-2.625 -0.0754601

0.359375 0.0622878
0.368014 0.0625

-2.625 -0.0757239
-2.60938 -0.0743055

0.3125 0.070857
0.328125 0.0672315

1.75 0.00447424
1.76562 0.0050216

-2.60938 -0.0742188
-2.59375 -0.0725505

-2.59375 -0.0720787
-2.57812 -0.0712775

0.328125 0.067133
0.34375 0.0642239

1.76562 0.00504603
1.78125 0.00591625

-0.640625 0.0667143
-0.625 0.070894

-2.57812 -0.0711928
-2.5625 -0.0723717

1.78125 0.00700027
1.79688 0.00597644

-0.625 0.0707898
-0.609375 0.0754671

1.79688 0.00892121
1.8125 0.000544561

-0.609375 0.0754787
-0.601362 0.078125

0.34375 0.0640343
0.358678 0.0625

0.369332 0.0625
0.375 0.0626392

-0.601961 0.078125
-0.59375 0.0808365

0.4375 0.0620614
0.435935 0.0625

-0.59375 0.0811581
-0.578125 0.0857388

1.8125 0.000708999
1.81325 0

-0.578125 0.0860198
-0.5625 0.0886206

0.375 0.0629175
0.390625 0.0650698

-0.5625 0.0885708
-0.546875 0.0887293

-0.546875 0.0884292
-0.53125 0.0868449

0.390625 0.0658583
0.40625 0.0676841

0.40625 0.0682204
0.421875 0.0670698

0.421875 0.0666764
0.43678 0.0625

-0.53125 0.0864873
-0.515625 0.0844754

-0.515625 0.0841428
-0.5 0.0830837

0.4375 0.061855
0.453125 0.0559224

0.453125 0.0556093
0.46875 0.0496005

0.484375 0.0443175
0.476735 0.046875

-2.5625 -0.0728224
-2.54688 -0.0752496

0.46875 0.0494246
0.476366 0.046875

0.484375 0.0443847
0.5 0.0399038

0 0.984991
0.0127072 1

-2.54688 -0.0756825
-2.53125 -0.0775908

-2.51562 -0.0781321
-2.51583 -0.078125

-2.53125 -0.0775871
-2.51562 -0.0781179

-2.51562 -0.0778964
-2.5 -0.0775

-2.99116 0
-2.99351 0.015625

-2.99344 0.015625
-2.99358 0.03125

-2.99323 0.03125
-2.99199 0.046875

-2.99183 0.046875
-2.99015 0.0625

-2.98972 0.0625
-2.98881 0.078125

-2.98938 0.078125
-2.98917 0.09375

-2.98596 0.09375
-2.99753 0.125

-2.99709 0.125
-2.98838 0.15625

-3 0.186408
-2.96875 0.17314

0.3125 0.968736
0.312465 0.96875

-2.96875 0.168885
-2.96829 0.171875

0.3125 0.972244
0.302164 0.984375

0.30028 0.984375
0.3125 0.995232

-0.5 0.0828516
-0.484375 0.0838744

-0.484375 0.0840527
-0.46875 0.087265

-0.46875 0.0878442
-0.453125 0.0917312

0.3125 0.970692
0.324529 0.984375

0.3125 0.993748
0.323404 0.984375

-2.96875 0.174923
-2.96682 0.171875

-2.97363 0.1875
-2.96875 0.187512

0.5 0.0398282
0.515625 0.0359903

-0.453125 0.0920412
-0.443597 0.09375

-2.90625 0.276242
-2.91196 0.28125

0 1.00857
0.00946683 1

0.515625 0.0358522
0.53125 0.0330846

-0.44346 0.09375
-0.4375 0.0948189

-2.90625 0.286263
-2.90907 0.3125

-2.90625 0.280008
-2.90448 0.28125

-0.4375 0.0943754
-0.421875 0.0964091

-0.421875 0.0956893
-0.40625 0.0993115

0.53125 0.996597
0.527836 1

0.53125 0.0329968
0.546875 0.0317513

-2.90625 0.295331
-2.875 0.297117

-0.40625 0.0998394
-0.390625 0.105434

0.546875 0.0318585
0.5625 0.0320965

-2.90857 0.3125
-2.90625 0.315698

0.65625 0.963058
0.651087 0.96875

0.653024 0.96875
0.65625 0.971873

0.65625 0.965147
0.659734 0.96875

0.65625 0.973817
0.661825 0.96875

-0.390625 0.106861
-0.378986 0.109375

0.5625 0.0324166
0.578125 0.0332833

-0.381022 0.109375
-0.375 0.110676

-2.90625 0.316435
-2.875 0.318027

-0.359375 0.108419
-0.366561 0.109375

-0.375 0.110354
-0.36764 0.109375

-0.359375 0.107272
-0.34375 0.101796

-0.3125 0.091066
-0.320943 0.09375

-0.34375 0.101223
-0.328125 0.095643

-0.328125 0.0956129
-0.322265 0.09375

0.578125 0.0335741
0.59375 0.0338477

0.531112 1
0.53125 1.00082

0.53125 1.00835
0.539444 1

-2.875 0.301592
-2.87198 0.3125

0.625 0.0311442
0.623857 0.03125

-0.3125 0.0910741
-0.296875 0.0859241

-0.28125 0.0772818
-0.284272 0.078125

-0.296875 0.0853356
-0.28125 0.0809756

0.59375 0.0338298
0.609375 0.0329647

0.609375 0.0327075
0.625 0.0312617

-0.28125 0.0771063
-0.271599 0.078125

-0.28125 0.0792579
-0.265625 0.0809293

-0.265625 0.0820103
-0.25 0.090735

0.625 0.0311005
0.640625 0.0299108

0.640625 0.0300308
0.65625 0.0291719

0.65625 0.0294293
0.671875 0.0281465

-0.251495 0.09375
-0.25 0.0946752

-2.875 0.323522
-2.86761 0.3125

-2.875 0.344927
-2.87317 0.34375

0.671875 0.0282315
0.6875 0.0258398

-0.25 0.0918795
-0.245042 0.09375

-0.25 0.0946017
-0.234375 0.100449

0.6875 0.0256307
0.703125 0.0223783

0.703125 0.0220956
0.71875 0.0189658

0.71875 0.0188431
0.734375 0.0166467

-0.234375 0.0985528
-0.21875 0.0976685

-0.1875 0.0936309
-0.189 0.09375

-0.21875 0.0966079
-0.203125 0.0946256

0.75 0.0156183
0.749905 0.015625

0.734375 0.016684
0.749508 0.015625

-0.203125 0.0947487
-0.190549 0.09375

-0.1875 0.0936717
-0.171875 0.0925985

0.765625 0.0154307
0.75373 0.015625

2 -0.0390414
2.01562 -0.0400504

-2.78344 0.375
-2.79925 0.40625

2.01562 -0.040044
2.03125 -0.0410067

0.75 0.0156849
0.75367 0.015625

2.03125 -0.0410014
2.04688 -0.0419412

0.765625 0.0155173
0.773443 0.015625

-0.171875 0.0925721
-0.15625 0.0914273

-0.15625 0.0913544
-0.140625 0.0903368

-0.140625 0.0902666
-0.125 0.0896624

0.773078 0.015625
0.78125 0.0157376

-2.80211 0.40625
-2.78125 0.423467

2.04688 -0.0419375
2.0625 -0.0428725

0.78125 0.0158045
0.796875 0.0161728

2.0625 -0.0428707
2.07812 -0.0438119

0.796875 0.0162156
0.8125 0.0165129

-0.125 0.0896449
-0.109375 0.0896296

2.07812 -0.0438123
2.09375 -0.0447624

-0.109375 0.0896813
-0.09375 0.0901865

2.09375 -0.0447648
2.10938 -0.0457182

-0.09375 0.0902657
-0.078125 0.0910301

0.8125 0.0165311
0.828125 0.0166353

2.10938 -0.0457188
2.125 -0.0466697

0.828125 0.0166341
0.84375 0.0165111

-0.078125 0.0910977
-0.0625 0.0918277

-0.0625 0.0918703
-0.046875 0.0923454

-0.046875 0.092365
-0.03125 0.0924609

-0.03125 0.0924642
-0.015625 0.0921353

-0.015625 0.0921398
0 0.0913704

2.14062 -0.0476157
2.12833 -0.046875

2.125 -0.0466665
2.12846 -0.046875

-2.7784 0.375
-2.75451 0.40625

2.14062 -0.0476267
2.15625 -0.0485259

2.15625 -0.0485334
2.17188 -0.0493504

-2.78125 0.421715
-2.75282 0.40625

2.17188 -0.0493577
2.1875 -0.050063

-0.078125 0.434596
-0.0830149 0.4375

-0.078125 0.433734
-0.0637946 0.4375

-0.0828361 0.4375
-0.0891946 0.453125

-0.0898849 0.453125
-0.078125 0.465985

-0.0680561 0.4375
-0.0625 0.443413

-2.5 -0.077304
-2.48438 -0.0768154

-2.48438 -0.0768545
-2.46875 -0.0765876

0.84375 0.0164981
0.859375 0.0161763

-2.46875 -0.0767439
-2.45312 -0.0763075

2.1875 -0.0500697
2.20312 -0.0506353

-0.078125 0.466099
-0.0625 0.45877

2.20312 -0.0506392
2.21875 -0.051044

-0.0625 0.44898
-0.0614942 0.453125

-2.45312 -0.0763878
-2.4375 -0.0753084

-2.4375 -0.0753311
-2.42188 -0.0734028

0.859375 0.0161587
0.875 0.0156991

2.21875 -0.0510422
2.23438 -0.0512822

2.23438 -0.0512716
2.25 -0.0513718

0.890625 0.0151505
0.876796 0.015625

0.875 0.0156828
0.876685 0.015625

0.890625 0.0151461
0.90625 0.0145674

0.90625 0.0145695
0.921875 0.0139518

0.921875 0.0139574
0.9375 0.0132852

2.25 -0.051351
2.26562 -0.051374

2.26562 -0.0513467
2.28125 -0.0513886

2.28125 -0.0513638
2.29688 -0.0515285

2.29688 -0.0515173
2.3125 -0.0518768

2.3125 -0.051886
2.32812 -0.052444

2.32812 -0.0524718
2.34375 -0.053154

2.34375 -0.0531889
2.35938 -0.0538701

-2.42188 -0.0732733
-2.40625 -0.0707098

2.35938 -0.0538967
2.375 -0.0544538

-2.40625 -0.0704898
-2.39062 -0.0679898

2.375 -0.0544615
2.39062 -0.054826

0.9375 0.0132929
0.953125 0.0125397

0.953125 0.0125466
0.96875 0.0116832

0.96875 0.0116888
0.984375 0.0106899

0.984375 0.0106932
1 0.00954098

-2.39062 -0.0680723
-2.375 -0.0659109

2.39062 -0.0548141
2.40625 -0.0549943

2.40625 -0.0549734
2.42188 -0.0550346

-2.375 -0.0660425
-2.35938 -0.0637914

-2.35938 -0.0634922
-2.35154 -0.0625

-2.35175 -0.0625
-2.34375 -0.0614871

2.42188 -0.05502
2.4375 -0.0550331

2.4375 -0.0550352
2.45312 -0.0550255

-2.34375 -0.0614459
-2.32812 -0.0604755

-2.32812 -0.060702
-2.3125 -0.0603957

-2.3125 -0.0605855
-2.29688 -0.0601106

-2.29688 -0.0601015
-2.28125 -0.0590966

2.45312 -0.0550428
2.46875 -0.0549716

2.46875 -0.0549915
2.48438 -0.0547841

2.48438 -0.0547914
2.5 -0.0543936

-0.125 0.973636
-0.134327 0.984375

-0.12923 0.984375
-0.125 0.988404

-2.28125 -0.0589843
-2.26562 -0.0576923

-0.125 0.979065
-0.119954 0.984375

-0.125 0.993471
-0.114583 0.984375

-2.26562 -0.0576595
-2.25 -0.0563706

0 0.98889
-0.00999469 1

-0.0139945 1
0 1.01197

-2.25 -0.0563215
-2.23438 -0.0551994

-2.23438 -0.0551301
-2.21875 -0.0544116

-2.21875 -0.0544134
-2.20312 -0.0542333

-2.20312 -0.0543184
-2.1875 -0.0545028

-2.1875 -0.0546171
-2.17188 -0.0547673

-2.17188 -0.054843
-2.15625 -0.0545791

-2.15625 -0.0545785
-2.14062 -0.0537505

-2.14062 -0.0536996
-2.125 -0.0524103

-2.125 -0.0523666
-2.10938 -0.0508054

-2.10938 -0.0507866
-2.09375 -0.0490786

-2.09375 -0.0490504
-2.07812 -0.0472896

-2.07812 -0.0472313
-2.07474 -0.046875

-2.07472 -0.046875
-2.0625 -0.0455892

-2.0625 -0.0455224
-2.04688 -0.04424

-2.04688 -0.0442027
-2.03125 -0.0434895

1.10938 -0.000608445
1.10164 0

1.10938 -0.000602174
1.125 -0.00164284

-2.03125 -0.0435393
-2.01562 -0.0433701

-2.01562 -0.0434799
-2 -0.0435356

2.5 -0.0543824
2.51562 -0.0538022

2.51562 -0.0537822
2.53125 -0.0530819

1.125 -0.00164473
1.14062 -0.00251274

2.53125 -0.0530692
2.54688 -0.0523143

2.54688 -0.0523162
2.5625 -0.0515284

2.5625 -0.0515413
2.57812 -0.0506911

1.14062 -0.00252101
1.15625 -0.00319603

1.15625 -0.00320768
1.17188 -0.00364983

1.17188 -0.00366211
1.1875 -0.00382352

2.57812 -0.0507062
2.59375 -0.0497375

2.59375 -0.049749
2.60938 -0.0486084

2.60938 -0.0486131
2.625 -0.0472683

-2.01562 0.728377
-2.02127 0.734375

-2.02786 0.734375
-2.01562 0.744457

2.625 -0.0472647
2.62892 -0.046875

1.1875 -0.00382982
1.20312 -0.00367335

-2.01562 0.721681
-2.00526 0.734375

-2.01562 0.738303
-2.01147 0.734375

1.20312 -0.00366747
1.21875 -0.00319225

2.62893 -0.046875
2.64062 -0.0457128

2.64062 -0.0456974
2.65625 -0.0439713

2.65625 -0.0439613
2.67188 -0.0421124

1.21875 -0.0031685
1.23438 -0.00243377

1.23438 -0.00239272
1.25 -0.0015281

2.67188 -0.0421151
2.6875 -0.0401581

2.6875 -0.0401812
2.70312 -0.0380644

2.70312 -0.0380955
2.71875 -0.0357104

2.71875 -0.0357228
2.73438 -0.0329825

2.73438 -0.0329314
2.74309 -0.03125

1.25 -0.00147954
1.26562 -0.000664222

1.26562 -0.000625022
1.28125 -3.45368e-05

1.28125 -3.40197e-05
1.28317 0

-2 -0.0436202
-1.98438 -0.043512

-1.98438 -0.0435294
-1.96875 -0.0430533

2.74307 -0.03125
2.75 -0.0299131

1.32812 -7.93398e-05
1.32358 0

1.32812 -0.000100296
1.34375 -0.000542144

1.34375 -0.000552418
1.35938 -0.00110586

2.75 -0.0297934
2.76562 -0.026847

2.76562 -0.0266908
2.78125 -0.0243683

2.78125 -0.0242537
2.79688 -0.0230969

2.79688 -0.0230817
2.8125 -0.02335

1.35938 -0.00111271
1.375 -0.00174349

-1.96875 -0.0430278
-1.95312 -0.0422001

1.375 -0.00174546
1.39062 -0.00243594

-1.95312 -0.0421714
-1.9375 -0.0411006

2.8125 -0.0235109
2.82812 -0.0249129

2.82812 -0.0251912
2.84375 -0.0268483

2.84375 -0.0270786
2.85938 -0.0279737

2.85938 -0.0280579
2.875 -0.027562

-1.9375 -0.0410868
-1.92188 -0.0398579

-1.92188 -0.0398515
-1.90625 -0.0385048

-1.90625 -0.0384815
-1.89062 -0.0370764

2.875 -0.027562
2.89062 -0.0255067

2.89062 -0.0255077
2.90625 -0.0218911

2.90625 -0.0219937
2.92188 -0.0166087

2.92188 -0.0169497
2.9245 -0.015625

2.92448 -0.015625
2.9375 -0.00888811

3 -0.0819977
2.98977 -0.078125

2.99432 -0.078125
3 -0.0745451

2.9375 -0.00930854
2.94942 0

-1.89062 -0.0370176
-1.875 -0.0357182

2.99942 -0.0625
3 -0.0619862

-1.875 -0.0356368
-1.85938 -0.034724

3 -0.0319787
2.99338 -0.03125

2.98438 -0.0196696
2.98323 -0.015625

2.98438 -0.000554657
2.98428 0

2.98438 -0.0185095
3 -0.0189186

2.98438 -0.0127232
3 -0.013098

-1.85938 -0.0346724
-1.84375 -0.0344122

-1.84375 -0.0344358
-1.82812 -0.0348842

-1.82812 -0.0349598
-1.8125 -0.0359187

-1.8125 -0.0359616
-1.79688 -0.0371941

-1.79688 -0.0371586
-1.78125 -0.0386499

1.39062 -0.00243582
1.40625 -0.0031823

1.40625 -0.00318948
1.42188 -0.00397783

1.42188 -0.00400417
1.4375 -0.00476735

-1.78125 -0.0386432
-1.76562 -0.0404777

2.94942 0
2.95312 0.00352029

1.4375 -0.00480859
1.45312 -0.00541143

1.45312 -0.00544138
1.46875 -0.00574149

2.95312 0.00298182
2.96336 0.015625

2.96315 0.015625
2.96875 0.0289663

-1.76562 -0.0406681
-1.75 -0.0424782

2.96875 0.034008
2.97172 0.046875

2.97196 0.046875
2.97508 0.0625

-1.75 -0.0427824
-1.73438 -0.0435788

-1.73438 -0.0436289
-1.71875 -0.0427031

2.98438 0.0601963
2.98524 0.0625

2.97475 0.0625
2.97684 0.078125

2.97626 0.078125
2.97774 0.09375

2.98438 0.0695654
2.98592 0.078125

2.98449 0.078125
2.9858 0.09375

2.97802 0.09375
2.98137 0.125

2.9375 0.162217
2.93379 0.171875

2.93541 0.171875
2.93281 0.1875

2.90625 0.241643
2.90266 0.25

1.46875 -0.0057408
1.48438 -0.00567965

1.48438 -0.00565468
1.5 -0.00528359

1 0.00954074
1.01562 0.00822904

1.01562 0.00822122
1.03125 0.00676618

1.03125 0.00675066
1.04688 0.00519892

1.04688 0.00517908
1.0625 0.00360137

2.92188 0.206301
2.91636 0.21875

2.9338 0.1875
2.92851 0.203125

2.92188 0.205962
2.92392 0.203125

2.91668 0.21875
2.91922 0.25

2.95312 0.13604
2.94981 0.140625

2.94994 0.140625
2.94232 0.15625

-1.71875 -0.0424449
-1.70312 -0.0402132

-1.70312 -0.0399436
-1.6875 -0.0374617

1.0625 0.00358307
1.07812 0.00205569

1.07812 0.00203964
1.09375 0.000631249

1.09375 0.000613655
1.10155 0

-1.6875 -0.0373597
-1.67188 -0.0353708

-1.67188 -0.0353967
-1.65625 -0.0340529

2.95312 0.129235
2.96875 0.126492

2.95312 0.140823
2.95395 0.140625

2.9375 0.16283
2.94037 0.15625

-1.65625 -0.0341011
-1.64062 -0.033254

-1.64062 -0.0332754
-1.625 -0.032786

2.9375 0.172348
2.93774 0.171875

-1.57812 -0.0813527
-1.57953 -0.078125

2.9673 0.15625
2.95671 0.171875

1.28288 0
1.29688 0.000248188

2.95312 0.178727
2.96875 0.177897

2.96875 0.153508
3 0.12798

3 0.164222
2.99404 0.1875

-1.57984 -0.078125
-1.57812 -0.0720002

2.9375 0.197149
2.95277 0.21875

2.96875 0.224783
2.95371 0.25

2.99064 0.1875
2.97191 0.21875

2.96875 0.23331
2.97404 0.21875

-1.57812 -0.0815911
-1.5625 -0.0883643

2.85938 0.294649
2.875 0.293426

-1.57812 -0.0732899
-1.5625 -0.0642358

1.29688 0.000237885
1.3125 0.00021062

2.85938 0.299574
2.875 0.299574

1.3125 0.000189883
1.32338 0

2.89062 0.276233
2.88818 0.28125

2.90492 0.25
2.9041 0.265625

-1.625 -0.032821
-1.60938 -0.0325767

-1.60938 -0.0326325
-1.59375 -0.0324517

-1.59375 -0.0324754
-1.57812 -0.0321993

2.89698 0.265625
2.90625 0.275813

2.89356 0.28125
2.90625 0.287541

2.90625 0.254532
2.9375 0.277563

2.93729 0.28125
2.9375 0.281288

-1.57812 -0.0321702
-1.5625 -0.0318095

2.9375 0.271195
2.98527 0.25

-1.5625 -0.0902005
-1.55372 -0.078125

3 -0.0724234
3.0025 -0.0625

3 -0.0353871
3.00318 -0.03125

3.03125 -0.00527454
3.02377 0

-1.5625 -0.0633862
-1.55464 -0.078125

-1.5625 -0.0317863
-1.54688 -0.0314456

-1.54688 -0.0314567
-1.53594 -0.03125

3.0625 -0.00286963
3.05428 0

3.125 -0.0041769
3.10803 0

3.25 -0.00322775
3.22883 0

3.5 -0.00259519
3.45077 0

3.03125 0.0298644
3.03061 0.03125

3.03125 0.0607956
3.03079 0.0625

3.03125 0.0276251
3.0625 0.00130229

-1.53604 -0.03125
-1.53125 -0.0311594

-1.53125 -0.0311638
-1.51562 -0.0308864

-1.51562 -0.0308833
-1.5 -0.0306241

3.03125 0.0597754
3.04018 0.03125

3.03125 0.115361
3.02411 0.125

3.03577 0.0625
3.03861 0.09375

3.04618 0.09375
3.03681 0.125

3.0625 0.0197887
3.09796 0

3 0.179279
3.02591 0.125

3 0.188756
3.00062 0.1875

3.125 0.0143936
3.20727 0

3.25 0.0069613
3.38185 0

4 -0.00592285
3.62829 0

3.5 0.000611552
3.53838 0

-1.5 -0.030629
-1.48438 -0.0303841

-1.48438 -0.0303924
-1.46875 -0.0301356

-1.46875 -0.0301491
-1.45312 -0.0298368

-1.45312 -0.0298555
-1.4375 -0.0294233

-1.4375 -0.0294394
-1.42188 -0.0288177

-1.42188 -0.0288186
-1.40625 -0.0279736

-1.40625 -0.0279507
-1.39062 -0.0269263

-1.39062 -0.0268855
-1.375 -0.0258092

-1.375 -0.0257704
-1.35938 -0.0248012

-1.35938 -0.0247849
-1.34375 -0.0240327

-1.34375 -0.0240445
-1.32812 -0.0235185

-1.32812 -0.023549
-1.3125 -0.0231647

-1.3125 -0.0232005
-1.29688 -0.0228253

-1.29688 -0.0228551
-1.28125 -0.022358

-1.28125 -0.0223749
-1.26562 -0.0216625

-1.26562 -0.0216638
-1.25 -0.0206997

-1.25 -0.0206873
-1.23438 -0.0194937

-1.23438 -0.0194735
-1.21875 -0.0181158

-1.21875 -0.0180943
-1.20312 -0.0166556

-1.20312 -0.0166384
-1.19215 -0.015625

-1.19214 -0.015625
-1.1875 -0.0151963

-1.1875 -0.0151935
-1.17188 -0.0137864

-1.17188 -0.0137891
-1.15625 -0.012417

-1.15625 -0.0124264
-1.14062 -0.0110651

-1.14062 -0.0110791
-1.125 -0.00968157

-1.125 -0.00969788
-1.10938 -0.00820343

-1.10938 -0.00821954
-1.09375 -0.00656333

-1.09375 -0.0065798
-1.07812 -0.00469669

-1.07812 -0.00471316
-1.0625 -0.00253725

-1.0625 -0.00254704
-1.04688 -2.58295e-05

-1.04661 0
-1.03125 0.0028834

-1.03125 0.00288049
-1.01562 0.00627946

-1.01562 0.00630467
-1 0.0101256

