-4 -5.99792e-05
-3.82973 0

-3.71231 0
-3.5 7.47902e-05

-3.5 4.13558e-06
-3.25 0.000276121

-3.25 0.000126405
-3.125 0.000453176

-3.125 0.000274122
-3.0625 0.000705214

-3.0625 0.000382878
-3.03125 0.000977683

-3.01556 0
-3 0.00717855

1.5 -0.0108225
1.51562 -0.0111269

1.51562 -0.0111269
1.53125 -0.0114355

1.53125 -0.0114354
1.54688 -0.0117482

1.54688 -0.0117482
1.5625 -0.0120652

1.5625 -0.0120652
1.57812 -0.0123867

1.57812 -0.0123867
1.59375 -0.0127127

1.59375 -0.0127127
1.60938 -0.0130434

1.60938 -0.0130433
1.625 -0.0133788

1.625 -0.0133787
1.64062 -0.013719

1.64062 -0.013719
1.65625 -0.0140641

1.65625 -0.0140641
1.67188 -0.0144142

1.67188 -0.0144143
1.6875 -0.0147692

1.6875 -0.0147693
1.70312 -0.0151289

1.70312 -0.0151287
1.71875 -0.0154931

1.73438 -0.0158637
1.72433 -0.015625

1.71875 -0.0154925
1.72433 -0.015625

1.73438 -0.0158641
1.75 -0.0162431

1.75 -0.0162431
1.76562 -0.016629

1.76562 -0.016629
1.78125 -0.0170219

1.78125 -0.0170219
1.79688 -0.0174219

1.79688 -0.0174218
1.8125 -0.0178291

-3 0.0137523
-2.99813 0.015625

1.8125 -0.017829
1.82812 -0.0182436

1.82812 -0.0182435
1.84375 -0.0186657

1.84375 -0.0186656
1.85938 -0.0190955

1.85938 -0.0190954
1.875 -0.0195333

-2.99406 0.015625
-2.98438 0.027249

1.875 -0.0195333
1.89062 -0.0199794

1.89062 -0.0199793
1.90625 -0.0204339

1.90625 -0.0204338
1.92188 -0.0208971

1.92188 -0.020897
1.9375 -0.0213693

1.9375 -0.0213693
1.95312 -0.0218508

1.95312 -0.0218507
1.96875 -0.0223419

1.96875 -0.0223418
1.98438 -0.0228428

1.98438 -0.0228427
2 -0.0233539

-2.98438 0.0328738
-2.96884 0.046875

-1 0.0139234
-0.984375 0.0138285

-0.984375 0.0138285
-0.96875 0.0137335

-0.96875 0.0137335
-0.953125 0.0136384

-0.953125 0.0136384
-0.9375 0.0135432

-2.96887 0.046875
-2.96875 0.0469392

-2.96875 0.0446002
-2.96221 0.046875

-2.9626 0.046875
-2.95312 0.0501704

-2.95312 0.0495403
-2.9375 0.0520336

-0.9375 0.0135432
-0.921875 0.0134479

-2.9375 0.0519783
-2.92188 0.0527907

-2.92188 0.0524824
-2.90625 0.0523411

-0.921875 0.0134479
-0.90625 0.0133524

-2.90625 0.0524011
-2.89062 0.0518026

-2.89062 0.0516841
-2.875 0.0507452

-0.90625 0.0133524
-0.890625 0.0132568

-0.890625 0.0132568
-0.875 0.013161

-2.875 0.0507872
-2.85938 0.0496609

-2.85938 0.0496161
-2.84375 0.0483083

-2.84375 0.0483114
-2.82812 0.0469053

-2.82812 0.0468728
-2.8125 0.045427

0 0.00722299
0.015625 0.00710109

0.015625 0.00710109
0.03125 0.00697839

0.03125 0.00697839
0.046875 0.00685488

0.046875 0.00685489
0.0625 0.00673056

0.0625 0.00673056
0.078125 0.00660539

0.078125 0.00660539
0.09375 0.00647937

0.09375 0.00647938
0.109375 0.00635248

0.109375 0.00635249
0.125 0.00622471

-0.875 0.013161
-0.859375 0.013065

-0.859375 0.013065
-0.84375 0.0129688

-0.84375 0.0129688
-0.828125 0.0128725

-0.828125 0.0128725
-0.8125 0.0127759

-0.8125 0.0127759
-0.796875 0.0126791

-0.796875 0.0126791
-0.78125 0.0125821

-0.78125 0.0125821
-0.765625 0.0124848

-0.765625 0.0124848
-0.75 0.0123873

-2.8125 0.0454325
-2.79688 0.0440008

-2.79688 0.0439877
-2.78125 0.0425853

-2.78125 0.0425929
-2.76562 0.0412307

-2.76562 0.0412297
-2.75 0.0398944

0.125 0.00622472
0.140625 0.00609604

-2.75 0.0398929
-2.73438 0.0385893

-2.73438 0.0385752
-2.71875 0.0373345

-2.71875 0.0373219
-2.70312 0.0361974

-2.70312 0.0361962
-2.6875 0.0352152

0.140625 0.00609605
0.15625 0.00596646

-2.6875 0.0352201
-2.67188 0.0343755

-2.67188 0.0343878
-2.65625 0.0336451

0.15625 0.00596646
0.171875 0.00583595

-0.75 0.0123873
-0.734375 0.0122895

-2.65625 0.0336501
-2.64062 0.0329746

0.171875 0.00583595
0.1875 0.00570449

0.1875 0.0057045
0.203125 0.00557208

-2.64062 0.0329814
-2.625 0.0323495

-0.734375 0.0122895
-0.71875 0.0121914

0.203125 0.00557208
0.21875 0.00543869

0.21875 0.00543869
0.234375 0.0053043

0.234375 0.00530431
0.25 0.00516892

-2.59375 0.0311852
-2.59553 0.03125

0.25 0.00516892
0.265625 0.00503251

0.265625 0.00503251
0.28125 0.00489507

-2.625 0.0323479
-2.60938 0.031749

-2.60938 0.0317515
-2.59558 0.03125

-0.71875 0.0121914
-0.703125 0.0120931

-0.703125 0.0120931
-0.6875 0.0119945

0.28125 0.00489507
0.296875 0.00475657

0.296875 0.00475658
0.3125 0.00461701

0.3125 0.00461701
0.328125 0.00447636

0.328125 0.00447637
0.34375 0.00433462

0.34375 0.00433462
0.359375 0.00419176

0.359375 0.00419177
0.375 0.00404778

0.375 0.00404778
0.390625 0.00390265

0.390625 0.00390265
0.40625 0.00375636

0.40625 0.00375636
0.421875 0.00360891

0.421875 0.00360891
0.4375 0.00346029

0.4375 0.00346029
0.453125 0.0033105

0.453125 0.0033105
0.46875 0.00315955

0.46875 0.00315956
0.484375 0.00300743

0.484375 0.00300743
0.5 0.00285411

0.78125 -8.18293e-05
0.773664 0

0.78125 -8.23473e-05
0.796875 -0.000258251

0.796875 -0.000258889
0.8125 -0.000440747

0.8125 -0.000441163
0.828125 -0.000626866

0.828125 -0.000627066
0.84375 -0.000815378

0.84375 -0.000815476
0.859375 -0.0010058

0.859375 -0.00100581
0.875 -0.00119792

0.875 -0.00119791
0.890625 -0.00139179

0.890625 -0.00139177
0.90625 -0.00158748

0.90625 -0.00158746
0.921875 -0.00178509

0.921875 -0.00178507
0.9375 -0.00198467

0.9375 -0.00198466
0.953125 -0.0021863

0.953125 -0.00218629
0.96875 -0.00239

0.96875 -0.00238999
0.984375 -0.00259581

0.984375 -0.0025958
1 -0.00280375

0.5 0.00285412
0.515625 0.00269958

0.515625 0.00269958
0.53125 0.0025438

0.53125 0.0025438
0.546875 0.00238675

0.546875 0.00238676
0.5625 0.00222842

0.5625 0.00222842
0.578125 0.00206878

0.578125 0.00206878
0.59375 0.00190783

0.59375 0.00190783
0.609375 0.00174557

0.609375 0.00174556
0.625 0.00158199

0.625 0.00158198
0.640625 0.00141715

0.640625 0.00141712
0.65625 0.0012511

0.65625 0.00125105
0.671875 0.001084

0.671875 0.00108391
0.6875 0.000916101

0.6875 0.000915963
0.703125 0.00074784

0.703125 0.000747642
0.71875 0.000579878

0.71875 0.000579655
0.734375 0.000413092

0.734375 0.000413027
0.75 0.000248241

0.75 0.000248963
0.765625 8.46406e-05

0.765625 8.58282e-05
0.773581 0

2 -0.0233538
2.01562 -0.0238755

2.01562 -0.0238754
2.03125 -0.0244079

2.03125 -0.0244079
2.04688 -0.0249516

2.04688 -0.0249515
2.0625 -0.0255068

2.0625 -0.0255068
2.07812 -0.026074

2.07812 -0.0260739
2.09375 -0.0266536

1 -0.00280374
1.01562 -0.00301384

2.09375 -0.0266535
2.10938 -0.0272459

2.10938 -0.0272458
2.125 -0.0278514

-0.6875 0.0119945
-0.671875 0.0118955

-2.59375 0.0311812
-2.57812 0.0306438

-0.671875 0.0118955
-0.65625 0.0117963

1.01562 -0.00301384
1.03125 -0.00322612

2.125 -0.0278513
2.14062 -0.0284705

1.03125 -0.00322611
1.04688 -0.0034406

-0.65625 0.0117963
-0.640625 0.0116967

-0.640625 0.0116967
-0.625 0.0115968

2.14062 -0.0284704
2.15625 -0.0291035

2.15625 -0.0291036
2.17188 -0.0297507

1.04688 -0.00344059
1.0625 -0.0036573

2.17188 -0.0297508
2.1875 -0.0304119

-2.57812 0.0306469
-2.5625 0.0301388

1.0625 -0.0036573
1.07812 -0.00387627

-2.5625 0.0301368
-2.54688 0.0296557

1.07812 -0.00387626
1.09375 -0.00409753

-0.625 0.0115968
-0.609375 0.0114966

-2.54688 0.0296586
-2.53125 0.029203

-0.609375 0.0114966
-0.59375 0.011396

-2.53125 0.0292014
-2.51562 0.0287691

2.21875 -0.0317849
2.20679 -0.03125

-2.51562 0.0287715
-2.5 0.0283606

2.1875 -0.0304109
2.20312 -0.0310879

1.09375 -0.00409752
1.10938 -0.00432111

2.20312 -0.0310855
2.2068 -0.03125

-0.59375 0.011396
-0.578125 0.011295

1.10938 -0.0043211
1.125 -0.00454705

-0.578125 0.011295
-0.5625 0.0111937

-0.5625 0.0111937
-0.546875 0.0110921

-0.546875 0.0110921
-0.53125 0.01099

1.125 -0.00454704
1.14062 -0.00477541

1.14062 -0.0047754
1.15625 -0.00500621

1.15625 -0.0050062
1.17188 -0.00523952

-0.53125 0.01099
-0.515625 0.0108875

-0.515625 0.0108875
-0.5 0.0107847

2.21875 -0.0317861
2.23438 -0.0325077

2.23438 -0.0325075
2.25 -0.0332496

-2.5 0.0283593
-2.48438 0.0279678

-2.48438 0.0279698
-2.46875 0.0275965

2.25 -0.0332495
2.26562 -0.0340127

1.17188 -0.0052395
1.1875 -0.00547536

-2.46875 0.0275954
-2.45312 0.0272385

1.1875 -0.00547535
1.20312 -0.00571382

-0.5 0.0107847
-0.484375 0.0106814

2.26562 -0.0340125
2.28125 -0.0347976

-0.484375 0.0106814
-0.46875 0.0105777

-2.45312 0.0272401
-2.4375 0.0268987

1.20312 -0.0057138
1.21875 -0.00595492

-2.4375 0.0268978
-2.42188 0.0265705

1.21875 -0.00595491
1.23438 -0.00619874

1.23438 -0.00619873
1.25 -0.00644533

-0.46875 0.0105777
-0.453125 0.0104736

-0.453125 0.0104736
-0.4375 0.0103691

-2.42188 0.0265718
-2.40625 0.0262578

1.25 -0.00644532
1.26562 -0.00669476

1.26562 -0.00669474
1.28125 -0.00694707

1.28125 -0.00694706
1.29688 -0.00720236

1.29688 -0.00720234
1.3125 -0.00746066

-0.4375 0.0103691
-0.421875 0.0102641

-2.40625 0.0262571
-2.39062 0.0259554

-0.421875 0.0102641
-0.40625 0.0101587

-2.39062 0.0259564
-2.375 0.0256663

-0.40625 0.0101587
-0.390625 0.0100527

1.3125 -0.00746065
1.32812 -0.00772206

-2.375 0.0256658
-2.35938 0.0253863

1.32812 -0.00772204
1.34375 -0.00798662

-2.35938 0.0253871
-2.34375 0.0251177

2.28125 -0.0347974
2.29688 -0.0356051

-2.34375 0.0251173
-2.32812 0.0248573

2.29688 -0.0356047
2.3125 -0.0364358

-0.390625 0.0100527
-0.375 0.00994636

1.34375 -0.0079866
1.35938 -0.00825441

1.35938 -0.00825439
1.375 -0.00852552

-2.32812 0.0248579
-2.3125 0.0246068

1.375 -0.0085255
1.39062 -0.0088

1.39062 -0.00879998
1.40625 -0.00907794

-0.375 0.00994636
-0.359375 0.0098395

2.3125 -0.0364357
2.32812 -0.0372911

-0.359375 0.0098395
-0.34375 0.00973214

1.40625 -0.00907792
1.42188 -0.00935941

2.32812 -0.0372908
2.34375 -0.0381716

1.42188 -0.00935939
1.4375 -0.00964449

2.34375 -0.0381715
2.35938 -0.0390786

1.4375 -0.00964447
1.45312 -0.00993326

1.45312 -0.00993324
1.46875 -0.0102258

1.46875 -0.0102258
1.48438 -0.0105222

1.48438 -0.0105222
1.5 -0.0108226

-0.34375 0.00973214
-0.328125 0.00962428

-0.328125 0.00962428
-0.3125 0.00951591

-2.3125 0.0246065
-2.29688 0.0243635

-2.29688 0.0243641
-2.28125 0.0241289

2.35938 -0.0390781
2.375 -0.0400128

-2.28125 0.0241287
-2.26562 0.0239009

-2.26562 0.0239013
-2.25 0.0236804

-0.3125 0.00951591
-0.296875 0.00940701

-0.296875 0.00940701
-0.28125 0.00929758

-0.28125 0.00929758
-0.265625 0.0091876

-0.265625 0.00918761
-0.25 0.00907707

2.375 -0.0400127
2.39062 -0.0409759

2.39062 -0.0409754
2.40625 -0.0419681

2.40625 -0.0419682
2.42188 -0.0429912

2.42188 -0.0429907
2.4375 -0.0440446

2.4375 -0.0440452
2.45312 -0.0451298

2.45312 -0.0451282
2.46875 -0.0462454

-2.25 0.0236802
-2.23438 0.0234658

-2.23438 0.0234661
-2.21875 0.0232578

-2.21875 0.0232577
-2.20312 0.0230552

-2.20312 0.0230554
-2.1875 0.0228584

2.48438 -0.0474053
2.47727 -0.046875

2.46875 -0.0462387
2.47728 -0.046875

2.48438 -0.0474053
2.5 -0.0486307

-0.25 0.00907707
-0.234375 0.00896597

-0.234375 0.00896598
-0.21875 0.00885429

-0.21875 0.0088543
-0.203125 0.00874203

-2.1875 0.0228583
-2.17188 0.0226664

-2.17188 0.0226667
-2.15625 0.0224797

-2.15625 0.0224796
-2.14062 0.0222973

-2.14062 0.0222975
-2.125 0.0221196

-0.203125 0.00874203
-0.1875 0.00862915

-0.1875 0.00862916
-0.171875 0.00851567

2.5 -0.0486302
2.51562 -0.0499152

-2.125 0.0221196
-2.10938 0.0219458

-2.10938 0.021946
-2.09375 0.0217762

2.51562 -0.0499123
2.53125 -0.0512635

2.53125 -0.0512642
2.54688 -0.0526862

2.54688 -0.0526868
2.5625 -0.0541773

2.5625 -0.0541836
2.57812 -0.055729

-2.09375 0.0217762
-2.07812 0.0216102

-0.171875 0.00851567
-0.15625 0.00840155

2.57812 -0.055734
2.59375 -0.0573116

2.59375 -0.0573214
2.60938 -0.0589013

2.60938 -0.0589047
2.625 -0.0604607

-2.07812 0.0216103
-2.0625 0.0214479

2.65625 -0.0634669
2.64612 -0.0625

-2.0625 0.0214479
-2.04688 0.0212889

-0.15625 0.00840156
-0.140625 0.0082868

2.65625 -0.0634731
2.67188 -0.0649377

2.67188 -0.0649335
2.6875 -0.0663605

-2.04688 0.021289
-2.03125 0.0211333

-0.140625 0.0082868
-0.125 0.00817139

2.625 -0.0604646
2.64062 -0.0619821

2.64062 -0.0619658
2.64622 -0.0625

-0.125 0.00817139
-0.109375 0.00805532

-0.109375 0.00805532
-0.09375 0.00793856

-0.09375 0.00793856
-0.078125 0.00782112

-0.078125 0.00782112
-0.0625 0.00770296

-2.03125 0.0211333
-2.01562 0.0209806

-2.01562 0.0209807
-2 0.020831

2.6875 -0.0663663
2.70312 -0.0677525

2.70312 -0.0677461
2.71875 -0.0690926

2.71875 -0.0690981
2.73438 -0.0704069

2.73438 -0.0703994
2.75 -0.0716745

-0.0625 0.00770297
-0.046875 0.00758409

-0.046875 0.00758409
-0.03125 0.00746448

-0.03125 0.00746448
-0.015625 0.00734412

-0.015625 0.00734412
0 0.00722299

2.75 -0.071686
2.76562 -0.0729192

2.76562 -0.0729159
2.78125 -0.0740907

2.78125 -0.0741069
2.79688 -0.0751977

2.79688 -0.0751972
2.8125 -0.0761726

2.8125 -0.0761918
2.82812 -0.0770142

2.82812 -0.0769917
2.84375 -0.0776676

2.85938 -0.078289
2.85557 -0.078125

2.84375 -0.0776191
2.8555 -0.078125

2.85938 -0.0782639
2.875 -0.0790867

2.875 -0.079149
2.89062 -0.080052

2.89062 -0.0801774
2.90625 -0.0807851

2.90625 -0.0808698
2.92188 -0.0807623

2.92188 -0.0808933
2.9375 -0.0796393

2.9375 -0.0795302
2.94632 -0.078125

2.94665 -0.078125
2.95312 -0.0770939

2.95312 -0.0780001
2.96875 -0.0725724

2.96875 -0.0750912
2.9826 -0.0625

2.98152 -0.0625
2.98438 -0.0556311

2.98438 -0.0349246
2.98526 -0.03125

2.98651 -0.03125
2.9961 -0.015625

2.9996 -0.015625
3 -0.0151433

3 -0.00875058
3.01308 0

3.03125 -0.000837854
3.0625 -8.35044e-05

3.0625 -0.000446428
3.11904 0

3.125 -0.000225622
3.23118 0

3.25 -0.00015753
3.5 -9.87013e-05

3.5 -0.000265751
4 -0.000271897

-2 0.020831
-1.98438 0.0206841

-1.98438 0.0206842
-1.96875 0.02054

-1.96875 0.02054
-1.95312 0.0203983

-1.95312 0.0203984
-1.9375 0.0202592

-1.9375 0.0202592
-1.92188 0.0201223

-1.92188 0.0201223
-1.90625 0.0199876

-1.90625 0.0199876
-1.89062 0.0198551

-1.89062 0.0198551
-1.875 0.0197245

-1.875 0.0197245
-1.85938 0.0195959

-1.85938 0.019596
-1.84375 0.0194692

-1.84375 0.0194692
-1.82812 0.0193442

-1.82812 0.0193442
-1.8125 0.0192209

-1.8125 0.0192209
-1.79688 0.0190991

-1.79688 0.0190992
-1.78125 0.018979

-1.78125 0.018979
-1.76562 0.0188602

-1.76562 0.0188603
-1.75 0.0187429

-1.75 0.0187429
-1.73438 0.0186269

-1.73438 0.0186269
-1.71875 0.0185122

-1.71875 0.0185122
-1.70312 0.0183987

-1.70312 0.0183987
-1.6875 0.0182864

-1.6875 0.0182864
-1.67188 0.0181751

-1.67188 0.0181751
-1.65625 0.018065

-1.65625 0.018065
-1.64062 0.0179558

-1.64062 0.0179558
-1.625 0.0178476

-1.625 0.0178476
-1.60938 0.0177403

-1.60938 0.0177403
-1.59375 0.0176339

-1.59375 0.0176339
-1.57812 0.0175283

-1.57812 0.0175283
-1.5625 0.0174235

-1.5625 0.0174235
-1.54688 0.0173194

-1.54688 0.0173194
-1.53125 0.0172161

-1.53125 0.0172161
-1.51562 0.0171134

-1.51562 0.0171134
-1.5 0.0170114

-1.5 0.0170114
-1.48438 0.01691

-1.48438 0.01691
-1.46875 0.0168091

-1.46875 0.0168091
-1.45312 0.0167088

-1.45312 0.0167088
-1.4375 0.0166091

-1.4375 0.0166091
-1.42188 0.0165097

-1.42188 0.0165097
-1.40625 0.0164109

-1.40625 0.0164109
-1.39062 0.0163125

-1.39062 0.0163125
-1.375 0.0162144

-1.375 0.0162144
-1.35938 0.0161168

-1.35938 0.0161168
-1.34375 0.0160195

-1.34375 0.0160195
-1.32812 0.0159226

-1.32812 0.0159226
-1.3125 0.0158259

-1.3125 0.0158259
-1.29688 0.0157296

-1.29688 0.0157296
-1.28125 0.0156335

-1.26562 0.0155375
-1.27987 0.015625

-1.28125 0.0156334
-1.27989 0.015625

-1.26562 0.0155375
-1.25 0.0154417

-1.25 0.0154417
-1.23438 0.0153462

-1.23438 0.0153462
-1.21875 0.0152508

-1.21875 0.0152508
-1.20312 0.0151555

-1.20312 0.0151555
-1.1875 0.0150604

-1.1875 0.0150604
-1.17188 0.0149655

-1.17188 0.0149655
-1.15625 0.0148706

-1.15625 0.0148706
-1.14062 0.0147758

-1.14062 0.0147758
-1.125 0.014681

-1.125 0.014681
-1.10938 0.0145864

-1.10938 0.0145864
-1.09375 0.0144917

-1.09375 0.0144917
-1.07812 0.014397

-1.07812 0.014397
-1.0625 0.0143024

-1.0625 0.0143024
-1.04688 0.0142077

-1.04688 0.0142077
-1.03125 0.014113

-1.03125 0.014113
-1.01562 0.0140182

-1.01562 0.0140182
-1 0.0139234

