-3.78462 0
-3.5 0.00156513

-3.43687 0
-3.25 0.00361092

-3.23283 0
-3.125 0.00679155

-3.11863 0
-3.0625 0.0117617

-3.0625 0.00137696
-3.03125 0.0174837

-3.03125 0.0141948
-3.01609 0.03125

-3.01996 0.03125
-3.00722 0.0625

-3.01483 0.0625
-3.00728 0.09375

-3.0041 0.09375
-3 0.106751

1.53125 -0.219011
1.52825 -0.21875

1.5 -0.216552
1.51562 -0.217705

1.51562 -0.217636
1.52843 -0.21875

1.53125 -0.219116
1.54688 -0.22058

1.54688 -0.220577
1.5625 -0.221918

1.5625 -0.221888
1.57812 -0.22317

1.57812 -0.223169
1.59375 -0.224456

1.59375 -0.22445
1.60938 -0.225753

1.60938 -0.225752
1.625 -0.227085

1.625 -0.227086
1.64062 -0.228449

1.64062 -0.228452
1.65625 -0.229838

1.65625 -0.229846
1.67188 -0.231233

1.67188 -0.231228
1.6875 -0.232609

1.6875 -0.232553
1.70312 -0.234048

1.71875 -0.235769
1.70591 -0.234375

1.70312 -0.234006
1.70653 -0.234375

1.71875 -0.235846
1.73438 -0.237538

1.73438 -0.237516
1.75 -0.239068

-3 0.103717
-2.99305 0.125

1.875 -0.250048
1.87447 -0.25

-2.99937 0.125
-2.98328 0.15625

-1 0.119072
-0.984375 0.116508

1.875 -0.250126
1.89062 -0.251682

1.89062 -0.251719
1.90625 -0.253171

-0.984375 0.116658
-0.96875 0.113421

-0.953125 0.109129
-0.954185 0.109375

-0.96875 0.113139
-0.953125 0.109508

-0.953125 0.109247
-0.9375 0.106307

-0.953125 0.109432
-0.952822 0.109375

-0.9375 0.106576
-0.921875 0.104295

-0.921875 0.104327
-0.90625 0.102106

-0.90625 0.102267
-0.890625 0.0997197

-0.890625 0.0998875
-0.875 0.0963567

-2.97789 0.15625
-2.96875 0.17212

-2.96875 0.150378
-2.9614 0.15625

-2.96875 0.164117
-2.96279 0.171875

-2.96356 0.171875
-2.95779 0.1875

-2.96573 0.1875
-2.9443 0.21875

-2.94257 0.21875
-2.9375 0.223715

-2.9375 0.213429
-2.93054 0.21875

0 -0.0439865
0.015625 -0.0466008

0.03125 -0.0489556
0.0160674 -0.046875

0.015625 -0.0463009
0.0198146 -0.046875

0.03125 -0.0486673
0.046875 -0.0504848

0.046875 -0.0504581
0.0625 -0.05243

0.0625 -0.0525133
0.078125 -0.0545265

-2.9375 0.219156
-2.90821 0.25

-0.859375 0.0919681
-0.867041 0.09375

-0.859375 0.0921473
-0.84375 0.0895687

-0.875 0.0958701
-0.86588 0.09375

-0.84375 0.0898256
-0.828125 0.0877231

0.078125 -0.054454
0.09375 -0.0564868

0.09375 -0.0564299
0.109375 -0.058741

0.109375 -0.0587348
0.125 -0.0614505

-2.90826 0.25
-2.90625 0.252223

-2.90625 0.252112
-2.89466 0.265625

-2.89492 0.265625
-2.89062 0.270807

-2.89062 0.272104
-2.88188 0.28125

-2.88162 0.28125
-2.875 0.287668

-2.875 0.285516
-2.86221 0.296875

-2.86252 0.296875
-2.85938 0.29981

-2.85938 0.301048
-2.84658 0.3125

-2.84606 0.3125
-2.84375 0.314224

-2.84375 0.315993
-2.82812 0.324989

-2.82812 0.325654
-2.8125 0.326207

-0.828125 0.0876737
-0.8125 0.0856324

-0.8125 0.0858768
-0.796875 0.0835068

-0.796875 0.0837534
-0.78125 0.0800724

-0.765625 0.0753447
-0.777015 0.078125

-0.78125 0.0794147
-0.775967 0.078125

-0.765625 0.0755151
-0.75 0.073055

1.90625 -0.253153
1.92188 -0.254459

1.92188 -0.254456
1.9375 -0.255658

1.9375 -0.255656
1.95312 -0.256764

1.95312 -0.25676
1.96875 -0.257788

1.96875 -0.257783
1.98438 -0.258748

1.98438 -0.258739
2 -0.259669

1.75 -0.239055
1.76562 -0.24054

1.76562 -0.240538
1.78125 -0.241983

1.78125 -0.241981
1.79688 -0.243395

1.79688 -0.243396
1.8125 -0.24478

-0.75 0.0733726
-0.734375 0.0714466

-0.734375 0.0713938
-0.71875 0.0694723

1.8125 -0.244781
1.82812 -0.24613

1.82812 -0.246135
1.84375 -0.247434

-2.8125 0.322827
-2.79688 0.320367

-2.79688 0.320972
-2.78125 0.321051

-2.78125 0.321355
-2.76562 0.322156

-0.71875 0.0695299
-0.703125 0.0676037

-0.703125 0.0682696
-0.6875 0.064892

-0.671875 0.0595419
-0.682678 0.0625

-2.76562 0.322201
-2.75 0.323024

-0.671875 0.0595641
-0.65625 0.0564833

0.140625 -0.0644729
0.129329 -0.0625

-2.75 0.322932
-2.73438 0.323871

-2.73438 0.323916
-2.71875 0.325064

-2.71875 0.325126
-2.70312 0.326266

-2.70312 0.326222
-2.6875 0.32732

-2.6875 0.327285
-2.67658 0.328125

-2.67685 0.328125
-2.67188 0.328507

-2.67188 0.328418
-2.65625 0.329932

-2.65625 0.329982
-2.64062 0.33186

-2.64062 0.331913
-2.625 0.33395

-2.625 0.333999
-2.60938 0.33599

-2.60938 0.335994
-2.59375 0.337835

-2.59375 0.337831
-2.57812 0.339524

-2.57812 0.339491
-2.5625 0.341108

-2.5625 0.341067
-2.54688 0.342757

-2.54688 0.342733
-2.53839 0.34375

-2.53856 0.34375
-2.53125 0.344626

-2.53125 0.344615
-2.51562 0.346707

-2.51562 0.346737
-2.5 0.34899

-2.5 0.349023
-2.48438 0.35131

-2.48438 0.351324
-2.46875 0.353551

-2.46875 0.353547
-2.45312 0.355695

-2.45312 0.355681
-2.4375 0.357787

-2.4375 0.357777
-2.42565 0.359375

-2.42575 0.359375
-2.42188 0.359897

-2.42188 0.359863
-2.40625 0.362032

-2.40625 0.362026
-2.39062 0.364321

-2.39062 0.364332
-2.375 0.366741

-2.375 0.366762
-2.35938 0.369221

-2.35938 0.369244
-2.34375 0.371667

-2.34375 0.371687
-2.32812 0.373988

-2.32812 0.373995
-2.32078 0.375

0.140625 -0.0644789
0.15625 -0.0666229

0.15625 -0.0663876
0.171875 -0.0682222

0.171875 -0.0682497
0.1875 -0.0701904

0.125 -0.0614645
0.130928 -0.0625

0.1875 -0.0702216
0.203125 -0.0721507

0.203125 -0.0720981
0.21875 -0.0740584

0.21875 -0.0739815
0.234375 -0.076232

0.25 -0.0789983
0.244954 -0.078125

-0.65625 0.0566768
-0.640625 0.0546234

0.234375 -0.0761978
0.24551 -0.078125

-2.32069 0.375
-2.3125 0.376121

-2.3125 0.376104
-2.29688 0.378125

-0.640625 0.0548346
-0.625 0.0529992

-0.6875 0.0641912
-0.681324 0.0625

-2.29688 0.378118
-2.28125 0.38008

-2.28125 0.380079
-2.26562 0.381997

0.25 -0.0792387
0.265625 -0.0817922

-0.625 0.0528728
-0.609375 0.051086

-2.26562 0.382
-2.25 0.383871

-0.609375 0.0513922
-0.59375 0.0492944

-0.578125 0.045492
-0.584314 0.046875

-0.59375 0.0497487
-0.58089 0.046875

-0.578125 0.0453402
-0.5625 0.0413795

0.265625 -0.0816758
0.28125 -0.0836968

0.28125 -0.0836019
0.296875 -0.0855127

-2.25 0.383879
-2.23438 0.385682

-2.23438 0.385694
-2.21875 0.387388

-2.21875 0.387402
-2.20312 0.388935

-2.20312 0.388944
-2.1875 0.390269

-2.1875 0.390277
-2.18256 0.390625

-2.18234 0.390625
-2.17188 0.391362

-2.17188 0.391378
-2.15625 0.392236

-2.15625 0.392269
-2.14062 0.392796

-2.14062 0.392846
-2.125 0.392879

-0.5625 0.0413274
-0.546875 0.0383972

-0.546875 0.0385481
-0.53125 0.0364508

-0.53125 0.0365514
-0.515625 0.0347839

-0.515625 0.0348029
-0.5 0.033126

-2.03125 0.369551
-2.04223 0.375

-2.03125 0.370218
-2.01562 0.36462

-2.01562 0.365409
-2 0.360737

-2.125 0.392765
-2.10938 0.392434

-2.10938 0.392584
-2.09375 0.391817

1.84375 -0.247417
1.85938 -0.248691

1.85938 -0.248621
1.8745 -0.25

-2.07812 0.389332
-2.08712 0.390625

-2.09375 0.392537
-2.08046 0.390625

-2.07812 0.389742
-2.0625 0.38567

-2.0625 0.386282
-2.04688 0.379563

-2.04688 0.379284
-2.03824 0.375

-0.296875 -0.00032276
-0.299173 0

-0.296875 -0.000166385
-0.28125 -0.00233998

-0.28125 -0.00199868
-0.265625 -0.00412789

-0.265625 -0.00397965
-0.25 -0.00613772

-0.25 -0.00611306
-0.234375 -0.00829177

-0.234375 -0.00830044
-0.21875 -0.0105184

-0.21875 -0.0104995
-0.203125 -0.012777

-0.203125 -0.0126938
-0.1875 -0.0152348

-0.171875 -0.0183319
-0.187438 -0.015625

-0.1875 -0.0144529
-0.180761 -0.015625

-0.171875 -0.0180403
-0.15625 -0.0207587

-0.15625 -0.020828
-0.140625 -0.0234863

-0.140625 -0.0235151
-0.125 -0.0259171

-0.125 -0.0258912
-0.109375 -0.0280311

-0.109375 -0.0280042
-0.09375 -0.0299877

-0.078125 -0.0321826
-0.0852389 -0.03125

-0.078125 -0.0320265
-0.0625 -0.034206

-0.09375 -0.0297707
-0.0824663 -0.03125

0.296875 -0.0855442
0.3125 -0.0874714

-0.078125 -0.0309304
-0.0758335 -0.03125

-0.0625 -0.0341828
-0.046875 -0.0363917

-0.046875 -0.0363576
-0.03125 -0.0386635

-0.03125 -0.0386317
-0.015625 -0.0411665

-0.015625 -0.0412317
0 -0.043929

-0.484375 0.0308097
-0.487976 0.03125

-0.46875 0.0289338
-0.483769 0.03125

-0.5 0.03332
-0.484375 0.0314091

-0.484375 0.0314194
-0.483276 0.03125

-0.46875 0.0289113
-0.453125 0.0260778

0.3125 -0.0874712
0.328125 -0.0893525

0.328125 -0.089301
0.34375 -0.09124

-0.453125 0.02595
-0.4375 0.0230017

0.375 -0.0961831
0.360242 -0.09375

-0.4375 0.0229609
-0.421875 0.0202349

-0.421875 0.0202425
-0.40625 0.0178052

-0.390625 0.0152488
-0.393009 0.015625

-0.40625 0.0179822
-0.391309 0.015625

-0.390625 0.0154165
-0.375 0.0127708

0.34375 -0.091138
0.359375 -0.0934417

0.359375 -0.0934195
0.36138 -0.09375

-0.375 0.0127841
-0.359375 0.0100797

-0.359375 0.0100165
-0.34375 0.00735319

0.375 -0.0962968
0.390625 -0.0985867

-1.98438 0.35561
-1.99683 0.359375

-2 0.360756
-1.99543 0.359375

0.390625 -0.0984725
0.40625 -0.100443

-0.34375 0.00737775
-0.328125 0.0048328

0.40625 -0.100421
0.421875 -0.102343

-1.98438 0.355878
-1.96875 0.35138

0.421875 -0.102356
0.4375 -0.104246

-1.9375 0.340619
-1.94691 0.34375

0.4375 -0.10424
0.453125 -0.106085

-1.96875 0.351626
-1.95312 0.346536

-0.328125 0.00475605
-0.3125 0.00243388

-1.95312 0.346331
-1.94537 0.34375

-0.3125 0.00258179
-0.296875 0.00038754

0.453125 -0.106026
0.46875 -0.107957

-1.9375 0.34093
-1.92188 0.336442

-1.92188 0.336783
-1.90625 0.332163

-0.296875 0.00141356
-0.286714 0

0.484375 -0.110205
0.478733 -0.109375

-1.89062 0.326609
-1.89543 0.328125

0.46875 -0.107859
0.479062 -0.109375

-0.28125 0.000868228
-0.274879 0

-1.90625 0.332039
-1.89385 0.328125

0.484375 -0.110383
0.5 -0.11279

-0.265625 0.000170156
-0.264393 0

-1.89062 0.326855
-1.875 0.322367

-1.82812 0.30841
-1.8421 0.3125

-1.82812 0.308722
-1.8125 0.304542

-1.875 0.322678
-1.85938 0.318259

-1.85938 0.318211
-1.84375 0.313337

-1.84375 0.313174
-1.84145 0.3125

-1.8125 0.304657
-1.79688 0.300065

-1.78125 0.294972
-1.78771 0.296875

-1.79688 0.299858
-1.78675 0.296875

-1.78125 0.295214
-1.76562 0.291091

-1.76562 0.291309
-1.75 0.287099

2 -0.259662
2.01562 -0.260587

2.01562 -0.260584
2.03125 -0.261522

-1.60938 0.249188
-1.6124 0.25

-1.60938 0.249384
-1.59375 0.24564

-1.59375 0.245836
-1.57812 0.242171

-1.57812 0.242203
-1.5625 0.238162

-1.54688 0.233694
-1.5495 0.234375

2.03125 -0.261526
2.04688 -0.262475

2.04688 -0.26248
2.0625 -0.263424

-1.5625 0.237979
-1.5486 0.234375

2.0625 -0.263404
2.07812 -0.264373

2.07812 -0.264337
2.09375 -0.265439

-1.54688 0.233883
-1.53125 0.23028

-1.53125 0.230465
-1.51562 0.226963

0.609375 -0.126308
0.600093 -0.125

0.609375 -0.12645
0.625 -0.128703

0.5 -0.112787
0.515625 -0.114892

0.515625 -0.11483
0.53125 -0.116763

0.53125 -0.11676
0.546875 -0.118648

0.546875 -0.118652
0.5625 -0.120495

0.5625 -0.120491
0.578125 -0.122291

0.578125 -0.122227
0.59375 -0.124121

0.59375 -0.12404
0.600568 -0.125

0.625 -0.128681
0.640625 -0.130687

0.640625 -0.130649
0.65625 -0.132529

0.65625 -0.132527
0.671875 -0.134361

0.671875 -0.134362
0.6875 -0.136152

0.6875 -0.136154
0.703125 -0.137896

0.703125 -0.13785
0.71875 -0.139632

2.10938 -0.266667
2.09461 -0.265625

0.734375 -0.141635
0.726652 -0.140625

2.09375 -0.265396
2.09699 -0.265625

0.71875 -0.139544
0.72702 -0.140625

-1.51562 0.227004
-1.5 0.223149

0.734375 -0.141757
0.75 -0.143896

-1.71875 0.277894
-1.73105 0.28125

-1.75 0.28702
-1.73438 0.282446

-1.73438 0.282285
-1.73058 0.28125

-1.71875 0.278157
-1.70312 0.274253

2.10938 -0.26664
2.125 -0.267545

0.75 -0.143894
0.765625 -0.145839

0.765625 -0.145807
0.78125 -0.147625

-1.70312 0.274362
-1.6875 0.270133

2.125 -0.267507
2.14062 -0.268304

-1.67188 0.26526
-1.67317 0.265625

0.78125 -0.147621
0.796875 -0.149387

-1.6875 0.269955
-1.67207 0.265625

2.14062 -0.268287
2.15625 -0.269084

-1.67188 0.265454
-1.65625 0.261497

-1.65625 0.261726
-1.64062 0.257939

-1.64062 0.257987
-1.625 0.253815

0.796875 -0.149385
0.8125 -0.151114

2.15625 -0.26906
2.17188 -0.269937

0.8125 -0.15112
0.828125 -0.152802

0.828125 -0.152791
0.84375 -0.154436

-1.625 0.253627
-1.61149 0.25

0.875 -0.158176
0.859861 -0.15625

0.84375 -0.154359
0.859375 -0.156141

0.859375 -0.156095
0.860595 -0.15625

2.17188 -0.269928
2.1875 -0.27095

0.875 -0.158259
0.890625 -0.160194

0.890625 -0.160164
0.90625 -0.161931

2.1875 -0.27096
2.20312 -0.272125

2.20312 -0.272139
2.21875 -0.273399

0.90625 -0.161915
0.921875 -0.163605

2.21875 -0.273418
2.23438 -0.274706

2.23438 -0.274713
2.25 -0.275979

0.921875 -0.163603
0.9375 -0.165253

0.9375 -0.165252
0.953125 -0.166869

0.953125 -0.166876
0.96875 -0.168449

0.96875 -0.168442
0.984375 -0.16997

0.984375 -0.169908
1 -0.171529

2.25 -0.275985
2.26562 -0.277205

2.26562 -0.277205
2.28125 -0.278365

-1.46875 0.215373
-1.48364 0.21875

-1.5 0.222986
-1.48438 0.219021

-1.48438 0.218954
-1.48347 0.21875

-1.46875 0.215573
-1.45312 0.212258

-1.45312 0.212323
-1.4375 0.20871

-1.4375 0.208632
-1.42188 0.204748

2.28125 -0.278348
2.29688 -0.279481

2.29688 -0.279442
2.3125 -0.280662

-1.40625 0.200922
-1.41589 0.203125

2.32812 -0.282049
2.3184 -0.28125

2.32812 -0.282079
2.34375 -0.283157

2.3125 -0.280642
2.3199 -0.28125

2.34375 -0.283085
2.35938 -0.283935

-1.42188 0.204594
-1.41545 0.203125

-1.40625 0.201131
-1.39062 0.19796

-1.39062 0.198066
-1.375 0.194746

2.35938 -0.283903
2.375 -0.284731

-1.34375 0.186975
-1.34598 0.1875

-1.34375 0.187159
-1.32812 0.183963

-1.32812 0.184133
-1.3125 0.181106

-1.375 0.194756
-1.35938 0.191059

-1.35938 0.190873
-1.34503 0.1875

2.375 -0.284722
2.39062 -0.285611

2.39062 -0.285604
2.40625 -0.286587

-1.3125 0.181172
-1.29688 0.177843

-1.29688 0.1778
-1.28125 0.174119

-1.26562 0.170347
-1.27258 0.171875

-1.28125 0.173924
-1.27193 0.171875

-1.26562 0.170555
-1.25 0.167624

2.40625 -0.286565
2.42188 -0.287698

2.42188 -0.287823
2.4375 -0.288899

2.4375 -0.288971
2.45312 -0.289596

2.45312 -0.289391
2.46875 -0.289832

2.46875 -0.289592
2.48438 -0.29074

2.48438 -0.290796
2.5 -0.293017

1.01562 -0.173376
1.00277 -0.171875

1 -0.171471
1.00346 -0.171875

-1.25 0.167747
-1.23438 0.164821

-1.23438 0.164882
-1.21875 0.161593

1.01562 -0.173462
1.03125 -0.175272

1.03125 -0.175245
1.04688 -0.17689

-1.1875 0.154302
-1.19678 0.15625

-1.21875 0.161519
-1.20312 0.157894

-1.20312 0.157691
-1.19626 0.15625

1.04688 -0.176873
1.0625 -0.17844

-1.1875 0.154524
-1.17188 0.151777

1.0625 -0.178438
1.07812 -0.179967

1.07812 -0.179964
1.09375 -0.181463

-1.17188 0.151885
-1.15625 0.149104

-1.15625 0.149175
-1.14062 0.146002

1.09375 -0.181465
1.10938 -0.182934

1.10938 -0.182941
1.125 -0.184363

-1.14062 0.145941
-1.125 0.142356

1.17188 -0.188843
1.15928 -0.1875

1.17188 -0.188922
1.1875 -0.190559

-1.03125 0.123638
-1.03756 0.125

-1.03125 0.123857
-1.01562 0.121216

1.125 -0.184355
1.14062 -0.185733

2.5 -0.293255
2.51562 -0.295962

-1.01562 0.121355
-1 0.118981

2.53125 -0.298587
2.52096 -0.296875

1.14062 -0.185672
1.15625 -0.187146

1.15625 -0.187095
1.16005 -0.1875

-1.10938 0.138741
-1.11844 0.140625

1.1875 -0.190528
1.20312 -0.192006

1.20312 -0.191991
1.21875 -0.193402

2.51562 -0.296093
2.52032 -0.296875

2.53125 -0.298725
2.54688 -0.300893

-1.125 0.142113
-1.11784 0.140625

-1.10938 0.13897
-1.09375 0.136341

1.21875 -0.193401
1.23438 -0.19478

1.23438 -0.194776
1.25 -0.196131

1.25 -0.196132
1.26562 -0.197466

2.54688 -0.300934
2.5625 -0.302378

2.5625 -0.302331
2.57812 -0.303065

2.57812 -0.302985
2.59375 -0.303265

1.26562 -0.197468
1.28125 -0.198774

1.28125 -0.19878
1.29688 -0.200042

-1.09375 0.136452
-1.07812 0.133874

-1.07812 0.13397
-1.0625 0.131031

2.59375 -0.303198
2.60938 -0.303317

2.60938 -0.303292
2.625 -0.303433

1.29688 -0.200036
1.3125 -0.201253

1.3125 -0.201204
1.32812 -0.202489

-1.0625 0.131048
-1.04688 0.127522

2.625 -0.303408
2.64062 -0.303668

2.64062 -0.303678
2.65625 -0.304087

1.34375 -0.203985
1.33473 -0.203125

-1.04688 0.127211
-1.03664 0.125

1.32812 -0.202435
1.33536 -0.203125

2.65625 -0.304086
2.67188 -0.304626

2.67188 -0.304658
2.6875 -0.305267

1.34375 -0.204078
1.35938 -0.205573

2.6875 -0.305275
2.70312 -0.305874

1.35938 -0.205538
1.375 -0.20687

2.70312 -0.305903
2.71875 -0.306418

1.375 -0.206852
1.39062 -0.208127

2.71875 -0.306414
2.73438 -0.306796

2.73438 -0.306808
2.75 -0.307039

1.39062 -0.208127
1.40625 -0.209379

1.40625 -0.209374
1.42188 -0.21061

1.42188 -0.210611
1.4375 -0.211839

1.4375 -0.211839
1.45312 -0.213058

1.45312 -0.213061
1.46875 -0.214264

1.46875 -0.214268
1.48438 -0.215443

2.75 -0.307037
2.76562 -0.307097

2.76562 -0.30705
2.78125 -0.307039

2.78125 -0.307012
2.79688 -0.307077

2.79688 -0.307025
2.8125 -0.307321

1.48438 -0.215446
1.5 -0.216582

2.8125 -0.307821
2.82812 -0.307452

2.82812 -0.308621
2.84375 -0.304247

2.84375 -0.304781
2.85557 -0.296875

2.85273 -0.296875
2.85938 -0.292285

2.85938 -0.292093
2.87172 -0.28125

2.87306 -0.28125
2.875 -0.279513

2.875 -0.27961
2.88798 -0.265625

2.88718 -0.265625
2.89062 -0.261419

2.89062 -0.25931
2.89904 -0.25

2.90183 -0.25
2.90625 -0.245481

2.90625 -0.246333
2.92707 -0.21875

2.92377 -0.21875
2.93292 -0.203125

2.9349 -0.203125
2.9375 -0.199644

2.9375 -0.198417
2.94396 -0.1875

2.94878 -0.1875
2.95312 -0.177319

2.95184 -0.171875
2.95312 -0.162621

2.95312 -0.177118
2.9553 -0.171875

2.95292 -0.15625
2.95312 -0.155829

2.95312 -0.155084
2.96023 -0.140625

2.96508 -0.140625
2.96875 -0.134996

2.96875 -0.125834
2.96912 -0.125

2.97328 -0.125
2.98726 -0.09375

2.98969 -0.09375
2.99249 -0.078125

2.99006 -0.078125
2.98865 -0.0625

2.98721 -0.0625
2.98932 -0.046875

2.9906 -0.046875
2.99654 -0.03125

2.99927 -0.015625
3 -0.0144684

3 -0.0176371
3.02157 0

3.03125 -0.00321178
3.0625 -0.00138639

3.0625 -0.0027586
3.125 -0.00146731

3.125 -0.00186665
3.25 -0.00084097

3.25 -0.00123802
3.5 -0.000692034

3.5 -0.00122535
4 -0.000969458

