-4 -0.00158909
-3.77573 0

-3.66264 0
-3.5 0.00115236

-3.5 -0.00142936
-3.44217 0

-3.25 -0.00183951
-3.22539 0

-3.125 -0.00253481
-3.11185 0

-3.4095 0
-3.25 0.00396895

-3.21928 0
-3.125 0.00767018

-3.11157 0
-3.0625 0.0127028

-3.0625 0.00207303
-3.03125 0.0210933

-3.03378 0.03125
-3.03125 0.0351955

-3 0.023551
-3.01593 0.03125

-3.03125 0.0355142
-3 0.0618083

-3.01972 0.0625
-3.01133 0.09375

-3.00212 0.09375
-3 0.123557

-3.01517 0.125
-3 0.152186

-2.89062 -0.252858
-2.89383 -0.25

-2.875 -0.268458
-2.87859 -0.265625

-2.89062 -0.255075
-2.87828 -0.265625

-2.875 -0.269198
-2.85938 -0.277338

-2.85938 -0.276382
-2.84375 -0.279743

-2.82812 -0.281309
-2.8125 -0.283506

-2.84375 -0.278908
-2.82812 -0.281072

-2.82812 -0.280959
-2.82606 -0.28125

-2.8125 -0.283504
-2.79688 -0.285264

-2.79688 -0.285226
-2.78125 -0.286592

-2.78125 -0.286543
-2.76562 -0.28769

-2.76562 -0.287674
-2.75 -0.288731

-2.9375 -0.197309
-2.94339 -0.1875

-2.96875 -0.125257
-2.96885 -0.125

-2.95312 -0.175417
-2.95461 -0.171875

-2.95312 -0.174824
-2.94758 -0.1875

-2.95312 -0.160677
-2.95136 -0.171875

-2.95312 -0.15412
-2.95972 -0.140625

-2.96875 -0.133207
-2.96461 -0.140625

-2.95312 -0.155463
-2.95274 -0.15625

-2.90625 -0.243368
-2.92656 -0.21875

-2.92188 -0.218437
-2.93104 -0.203125

-2.9375 -0.198543
-2.9339 -0.203125

-2.92188 -0.21854
-2.92176 -0.21875

-2.90625 -0.239874
-2.89477 -0.25

-2.97036 -0.125
-2.98246 -0.09375

-2.98799 -0.09375
-2.98986 -0.078125

-2.98438 -0.0933756
-2.98432 -0.09375

-2.98437 -0.078125
-2.98198 -0.0625

-2.98438 -0.0485702
-2.98387 -0.0625

-2.98438 -0.0386653
-2.98411 -0.046875

-2.98438 -0.0259701
-2.9868 -0.015625

-2.98815 -0.015625
-2.99514 0

-2.98438 -0.03087
-2.98429 -0.03125

-2.75 -0.288713
-2.73438 -0.289748

-2.73438 -0.289758
-2.71875 -0.290785

-2.71875 -0.290796
-2.70312 -0.291775

-2.70312 -0.291787
-2.6875 -0.292674

-2.6875 -0.292674
-2.67188 -0.293443

-2.67188 -0.293428
-2.65625 -0.294109

-2.65625 -0.294088
-2.64062 -0.294754

-2.64062 -0.294724
-2.625 -0.295475

-2.625 -0.295416
-2.60938 -0.296432

-2.59375 -0.297894
-2.60461 -0.296875

-2.60938 -0.296339
-2.60366 -0.296875

-2.59375 -0.297994
-2.57812 -0.299717

-2.57812 -0.299777
-2.5625 -0.301378

-2.5625 -0.301452
-2.54688 -0.302663

-2.54688 -0.302744
-2.53125 -0.303256

-2.53125 -0.303302
-2.51562 -0.302862

-2.51562 -0.302836
-2.5 -0.3014

1.5 0.19384
1.51562 0.201429

1.51562 0.201127
1.51965 0.203125

1.51883 0.203125
1.53125 0.209284

1.53125 0.209165
1.54688 0.217098

1.54688 0.216872
1.55046 0.21875

1.54994 0.21875
1.5625 0.225331

1.5625 0.225266
1.57812 0.233732

-3 0.00952759
-2.99723 0

-2.99821 0.015625
-2.9954 0.03125

-2.99686 0.03125
-2.99164 0.046875

-2.98903 0.046875
-2.98438 0.0616745

1.57812 0.233634
1.57946 0.234375

1.57925 0.234375
1.59375 0.242495

1.59375 0.242453
1.60675 0.25

-2.98438 0.0624236
-2.98436 0.0625

-2.98817 0.0625
-2.98525 0.078125

-2.9856 0.078125
-2.98849 0.09375

-2.98438 0.0815882
-2.98115 0.09375

-2.98303 0.09375
-2.96875 0.117952

1.60669 0.25
1.60938 0.251558

1.60938 0.251609
1.625 0.260909

-2.96875 0.124813
-2.96869 0.125

1.625 0.260733
1.6329 0.265625

1.63281 0.265625
1.64062 0.270461

1.64062 0.270542
1.65625 0.280666

1.65625 0.280659
1.65717 0.28125

0 -0.144867
0.015625 -0.142237

-3 0.155669
-2.96875 0.144688

-3 0.166674
-2.96875 0.170351

0.015625 -0.142233
0.0237586 -0.140625

0.0233099 -0.140625
0.03125 -0.139055

0.03125 -0.138885
0.046875 -0.13586

1.65709 0.28125
1.67188 0.291

-2.96875 0.125204
-2.9687 0.125

1.67188 0.290864
1.68073 0.296875

-2.96875 0.149455
-2.96693 0.15625

0.046875 -0.135889
0.0625 -0.133301

-2.96263 0.15625
-2.96109 0.171875

1.68056 0.296875
1.6875 0.301584

1.6875 0.301583
1.70308 0.3125

1.70305 0.3125
1.70312 0.312555

-1 -0.259277
-0.984375 -0.25811

-0.984375 -0.258108
-0.96875 -0.256958

-0.96875 -0.256958
-0.953125 -0.255828

-0.953125 -0.255829
-0.9375 -0.254718

-0.9375 -0.254721
-0.921875 -0.25362

-0.921875 -0.253624
-0.90625 -0.252518

-0.90625 -0.25253
-0.890625 -0.251388

-0.890625 -0.251387
-0.875 -0.250189

-0.875 -0.250166
-0.872784 -0.25

-0.873066 -0.25
-0.859375 -0.248975

-0.859375 -0.24901
-0.84375 -0.247887

-0.84375 -0.247904
-0.828125 -0.246729

-0.828125 -0.246731
-0.8125 -0.245466

-0.8125 -0.245461
-0.796875 -0.244112

-0.796875 -0.244108
-0.78125 -0.242692

-0.78125 -0.242687
-0.765625 -0.241222

-0.765625 -0.241222
-0.75 -0.239721

-0.75 -0.239718
-0.734375 -0.238189

-0.734375 -0.238188
-0.71875 -0.236642

-0.71875 -0.236679
-0.703125 -0.235045

-0.703125 -0.235024
-0.696971 -0.234375

-0.697766 -0.234375
-0.6875 -0.233293

-0.6875 -0.233322
-0.671875 -0.231813

-0.671875 -0.231839
-0.65625 -0.230422

-0.65625 -0.230441
-0.640625 -0.229027

-0.640625 -0.22903
-0.625 -0.227574

-0.625 -0.227574
-0.609375 -0.226068

-0.609375 -0.226062
-0.59375 -0.224518

-0.59375 -0.224529
-0.578125 -0.222937

-0.578125 -0.222922
-0.5625 -0.22129

-0.5625 -0.221316
-0.546875 -0.219624

-0.546875 -0.219748
-0.538137 -0.21875

-0.540405 -0.21875
-0.53125 -0.217704

-0.53125 -0.217802
-0.515625 -0.215998

-0.515625 -0.215994
-0.5 -0.214233

1.70312 0.312552
1.71875 0.323667

-2.96875 0.181952
-2.95312 0.172679

-2.95312 0.171724
-2.95309 0.171875

-2.95312 0.172
-2.95309 0.171875

-2.97919 0.1875
-2.96875 0.190023

-2.96875 0.19205
-2.96021 0.1875

-2.96875 0.219038
-2.96761 0.21875

1.71875 0.323518
1.72518 0.328125

1.72488 0.328125
1.73438 0.335066

1.73438 0.334955
1.74587 0.34375

1.74572 0.34375
1.75 0.347013

0.0625 -0.133334
0.078125 -0.131061

0.078125 -0.131095
0.09375 -0.129007

0.09375 -0.129084
0.109375 -0.126959

0.109375 -0.127108
0.121982 -0.125

-2.5 -0.301254
-2.48438 -0.299166

-2.48438 -0.298956
-2.46875 -0.296929

-2.46875 -0.296914
-2.46833 -0.296875

-2.46875 -0.296875
-2.45312 -0.295433

1.75 0.346981
1.76559 0.359375

-0.5 -0.214249
-0.484375 -0.212508

1.76559 0.359375
1.76562 0.359401

-0.484375 -0.21252
-0.46875 -0.210742

0.121957 -0.125
0.125 -0.124491

-0.46875 -0.210749
-0.453125 -0.208896

-0.453125 -0.20891
-0.4375 -0.206938

-0.4375 -0.206889
-0.421875 -0.204867

1.76562 0.359394
1.78125 0.372218

-2.45312 -0.295569
-2.4375 -0.294548

1.78125 0.372148
1.78467 0.375

-2.4375 -0.294611
-2.42188 -0.293613

-0.421875 -0.204993
-0.407747 -0.203125

-2.42188 -0.293397
-2.40625 -0.292726

1.78453 0.375
1.79688 0.385508

0.125 -0.124311
0.140625 -0.121282

1.79688 0.385438
1.80281 0.390625

-2.40625 -0.292711
-2.39062 -0.292827

-0.410844 -0.203125
-0.40625 -0.202517

0.140625 -0.121186
0.15625 -0.118301

-0.40625 -0.202753
-0.390625 -0.200737

-0.390625 -0.200821
-0.375 -0.198873

-2.39062 -0.293
-2.375 -0.293586

0.15625 -0.118338
0.171875 -0.115716

1.80265 0.390625
1.8125 0.399383

0.171875 -0.115753
0.1875 -0.113245

0.1875 -0.113301
0.203125 -0.110722

-0.375 -0.198846
-0.359375 -0.196852

0.203125 -0.110791
0.210889 -0.109375

-2.375 -0.293668
-2.35938 -0.294211

1.8125 0.399394
1.81985 0.40625

0.210619 -0.109375
0.21875 -0.107892

0.21875 -0.107761
0.234375 -0.104864

0.234375 -0.104872
0.25 -0.102222

1.81969 0.40625
1.82812 0.414331

1.82812 0.414253
1.83583 0.421875

-2.35938 -0.294215
-2.34375 -0.294547

-2.34375 -0.294535
-2.32812 -0.294672

-2.32812 -0.29466
-2.3125 -0.29465

-0.359375 -0.196851
-0.34375 -0.194867

-2.3125 -0.294622
-2.29688 -0.294547

-0.34375 -0.194873
-0.328125 -0.192889

1.83575 0.421875
1.84375 0.430042

-0.328125 -0.192918
-0.3125 -0.190865

1.84375 0.429914
1.85096 0.4375

0.25 -0.102258
0.265625 -0.099769

1.85097 0.4375
1.85938 0.446741

-0.3125 -0.190852
-0.296875 -0.188701

1.85938 0.446665
1.86511 0.453125

-0.296875 -0.188877
-0.286965 -0.1875

1.86519 0.453125
1.875 0.464601

-0.290084 -0.1875
-0.28125 -0.186273

-0.28125 -0.186451
-0.265625 -0.184418

1.875 0.464664
1.8784 0.46875

0.265625 -0.099783
0.28125 -0.0973557

1.87854 0.46875
1.89062 0.483843

-2.29688 -0.294534
-2.28125 -0.294477

0.28125 -0.0974052
0.296875 -0.0949126

0.296875 -0.0950294
0.303859 -0.09375

1.89062 0.483779
1.89109 0.484375

1.89113 0.484375
1.9026 0.5

0.303723 -0.09375
0.3125 -0.092142

-0.265625 -0.18452
-0.25 -0.182525

-0.25 -0.182522
-0.234375 -0.180368

0.3125 -0.0920275
0.328125 -0.0888403

0.328125 -0.0887333
0.34375 -0.0856864

0.34375 -0.0856685
0.359375 -0.0830116

0.359375 -0.0830523
0.375 -0.0807398

0.375 -0.0808287
0.390625 -0.0786013

0.390625 -0.0787033
0.394225 -0.078125

0.394168 -0.078125
0.40625 -0.0761843

0.40625 -0.0761291
0.421875 -0.0732615

0.421875 -0.0732028
0.4375 -0.0702094

0.4375 -0.0701369
0.453125 -0.06728

0.453125 -0.067228
0.46875 -0.0647568

0.46875 -0.0648257
0.484375 -0.0627065

0.484375 -0.0628797
0.487029 -0.0625

0.486962 -0.0625
0.5 -0.0606347

-0.234375 -0.180364
-0.21875 -0.178066

-0.21875 -0.178064
-0.203125 -0.175633

0.5 0.179276
0.495584 0.1875

-0.203125 -0.175618
-0.1875 -0.173085

-2.28125 -0.294482
-2.26562 -0.294461

0.588567 0.5
0.59375 0.504001

-2.26562 -0.294478
-2.25 -0.294449

0.496979 0.1875
0.5 0.200344

-0.1875 -0.17324
-0.178851 -0.171875

-0.181527 -0.171875
-0.171875 -0.170351

0.59375 0.503604
0.609375 0.514182

0.5 0.296148
0.499712 0.296875

0.609375 0.513521
0.612946 0.515625

-2.25 -0.294448
-2.23438 -0.29438

-0.171875 -0.170499
-0.15625 -0.168337

-2.23438 -0.294355
-2.21875 -0.294297

-2.21875 -0.294257
-2.20312 -0.294339

0.499578 0.296875
0.495867 0.3125

-2.20312 -0.294304
-2.1875 -0.294677

0.61239 0.515625
0.625 0.524439

-2.1875 -0.294668
-2.17188 -0.29542

-2.17188 -0.295429
-2.15625 -0.296562

-0.15625 -0.16849
-0.140625 -0.166428

0.625 0.524964
0.634081 0.53125

0.64171 0.5
0.65625 0.512536

0.495833 0.3125
0.49492 0.328125

0.633188 0.53125
0.640625 0.536766

-2.14062 -0.298017
-2.15369 -0.296875

-2.15625 -0.296541
-2.15243 -0.296875

0.494608 0.328125
0.497187 0.34375

-2.14062 -0.298051
-2.125 -0.299402

0.640625 0.536999
0.6551 0.546875

0.654633 0.546875
0.65625 0.548061

0.496839 0.34375
0.5 0.35044

0.65625 0.512555
0.659899 0.515625

0.659877 0.515625
0.671875 0.525336

-0.140625 -0.16642
-0.125 -0.164169

-2.125 -0.299434
-2.10938 -0.300592

-2.10938 -0.300611
-2.09375 -0.301472

-2.09375 -0.301478
-2.07812 -0.301994

0.671875 0.525712
0.678364 0.53125

-2.07812 -0.301993
-2.0625 -0.302152

0.5 -0.0606683
0.515625 -0.0579219

-2.0625 -0.302141
-2.04688 -0.301967

0.515625 -0.057843
0.53125 -0.0546795

0.65625 0.54818
0.671875 0.559891

0.53125 -0.0545434
0.546875 -0.051393

-0.125 -0.164192
-0.109375 -0.161723

-2.04688 -0.301948
-2.03125 -0.301501

-0.109375 -0.161713
-0.09375 -0.158997

-2.03125 -0.301467
-2.01562 -0.300853

-0.09375 -0.158956
-0.0789572 -0.15625

0.678124 0.53125
0.6875 0.539006

-0.0789707 -0.15625
-0.078125 -0.156095

-2.01562 -0.300811
-2 -0.300179

-0.078125 -0.155974
-0.0625 -0.153302

0.671875 0.560565
0.674226 0.5625

-0.0625 -0.153328
-0.046875 -0.151038

0.67391 0.5625
0.6875 0.573788

-0.046875 -0.151103
-0.03125 -0.149011

-0.03125 -0.149036
-0.015625 -0.14696

-0.015625 -0.147015
0 -0.144792

0.546875 -0.0513064
0.5625 -0.0486145

0.6875 0.539558
0.696821 0.546875

0.695394 0.546875
0.703125 0.552178

0.5625 -0.0487386
0.575118 -0.046875

0.575101 -0.046875
0.578125 -0.0464284

0.703125 0.552656
0.71875 0.561548

0.71875 0.561629
0.720858 0.5625

0.578125 -0.0466321
0.59375 -0.0440578

0.59375 -0.0440212
0.609375 -0.0408502

0.6875 0.57476
0.691974 0.578125

0.691121 0.578125
0.703125 0.586815

0.609375 -0.0406572
0.625 -0.037349

0.703125 0.586821
0.71875 0.593242

0.625 -0.0372119
0.640625 -0.0344267

0.720902 0.5625
0.734375 0.566742

0.71875 0.59317
0.725551 0.59375

0.734375 0.567204
0.75 0.572808

0.721722 0.59375
0.734375 0.596836

0.640625 -0.0344781
0.65625 -0.0323871

0.65625 -0.032603
0.667142 -0.03125

0.734375 0.59726
0.75 0.598045

0.667271 -0.03125
0.671875 -0.0306781

0.671875 -0.0308501
0.6875 -0.028251

0.6875 -0.0280967
0.703125 -0.0247816

0.703125 -0.0245154
0.71875 -0.0213251

0.71875 -0.0213397
0.734375 -0.0187776

0.734375 -0.0189801
0.75 -0.0166119

0.75 0.572296
0.764198 0.578125

0.765274 0.578125
0.765625 0.586149

0.765625 0.579117
0.78125 0.586555

0.75 0.597515
0.765625 0.59555

0.765625 0.595069
0.78125 0.601795

0.78125 0.586445
0.796875 0.591986

0.78125 0.601858
0.781683 0.609375

0.787131 0.609375
0.796875 0.617355

0.796875 0.59456
0.8125 0.603751

0.796875 0.61846
0.80378 0.625

0.75 -0.0167468
0.756169 -0.015625

0.756132 -0.015625
0.765625 -0.0138989

0.765625 -0.0137163
0.78125 -0.0105109

0.78125 -0.0104027
0.796875 -0.00741971

0.796875 -0.00753698
0.8125 -0.00475836

0.8125 0.606297
0.817341 0.609375

0.8125 -0.00479084
0.828125 -0.00191704

0.816784 0.609375
0.828125 0.6149

-2 -0.300138
-1.98438 -0.299655

0.828125 -0.0018569
0.838087 0

0.828125 0.616463
0.84375 0.623412

0.84375 0.623727
0.847488 0.625

0.803563 0.625
0.8125 0.632168

-1.98438 -0.299642
-1.96875 -0.299418

0.8125 0.632549
0.826448 0.640625

0.515625 0.171126
0.512377 0.171875

0.5 0.181171
0.513453 0.171875

-1.96875 -0.299444
-1.95312 -0.299453

-1.95312 -0.299507
-1.9375 -0.29959

0.824357 0.640625
0.828125 0.642915

0.828125 0.643152
0.84375 0.648943

0.848046 0.625
0.859375 0.629144

0.84375 0.649686
0.859375 0.651076

-1.9375 -0.299635
-1.92188 -0.299594

-1.92188 -0.299612
-1.90625 -0.299323

0.515625 0.175742
0.53125 0.182514

0.53125 0.18468
0.535687 0.1875

0.859375 0.629088
0.875 0.632077

0.859375 0.651769
0.875 0.650703

-1.90625 -0.299315
-1.89062 -0.298757

-1.89062 -0.298735
-1.875 -0.297968

0.5 0.201518
0.500197 0.203125

0.504884 0.203125
0.515497 0.21875

-1.875 -0.29794
-1.85938 -0.297065

0.875 0.63217
0.890625 0.633375

0.515625 0.217518
0.516432 0.21875

-1.85938 -0.297036
-1.85648 -0.296875

0.517089 0.21875
0.522899 0.234375

0.875 0.653451
0.890625 0.655586

0.522482 0.234375
0.521205 0.25

-1.85649 -0.296875
-1.84375 -0.296168

0.890625 0.633765
0.90625 0.635758

0.890625 0.655971
0.90625 0.655

-1.84375 -0.296141
-1.82812 -0.295395

0.906092 0.65625
0.90625 0.656264

0.536353 0.1875
0.546875 0.194192

0.90625 0.636041
0.921875 0.63879

-1.82812 -0.295379
-1.8125 -0.29484

0.921875 0.656137
0.921274 0.65625

0.546875 0.193409
0.560181 0.203125

0.561118 0.203125
0.5625 0.204199

-1.8125 -0.294842
-1.79688 -0.294541

-1.79688 -0.294561
-1.78125 -0.294455

0.921875 0.63911
0.92919 0.640625

0.928675 0.640625
0.9375 0.642461

0.5625 0.204248
0.576677 0.21875

0.576301 0.21875
0.578125 0.221406

-1.78125 -0.294481
-1.76562 -0.294479

-1.76562 -0.294502
-1.75 -0.294503

0.906381 0.65625
0.921875 0.658208

0.921875 0.658478
0.9375 0.661428

0.578125 0.221389
0.586767 0.234375

0.586555 0.234375
0.593193 0.25

0.9375 0.643085
0.953125 0.644696

0.953125 0.646355
0.96875 0.647668

0.9375 0.662482
0.953125 0.66621

0.515625 0.262164
0.514324 0.265625

0.513761 0.265625
0.50644 0.28125

0.515625 0.262763
0.520421 0.25

-1.75 -0.294517
-1.73438 -0.294449

0.5 0.29613
0.505894 0.28125

0.953125 0.666995
0.96875 0.670484

0.5 0.350484
0.504257 0.359375

0.504227 0.359375
0.515625 0.37298

0.96875 0.648681
0.984375 0.650036

0.515625 0.372533
0.518149 0.375

-1.73438 -0.294454
-1.71875 -0.294279

0.593203 0.25
0.59375 0.252594

0.984375 0.650317
1 0.651879

0.59375 0.252671
0.596481 0.265625

-1.71875 -0.294278
-1.70312 -0.293985

0.96875 0.670212
0.980602 0.671875

-1.70312 -0.293982
-1.6875 -0.293577

0.596208 0.265625
0.596719 0.28125

0.59628 0.28125
0.595435 0.296875

0.98033 0.671875
0.984375 0.672479

0.595082 0.296875
0.594465 0.3125

-1.6875 -0.293573
-1.67188 -0.29307

-1.67188 -0.293065
-1.65625 -0.292482

0.594352 0.3125
0.594893 0.328125

-1.65625 -0.292476
-1.64062 -0.291834

0.595138 0.328125
0.596571 0.34375

0.984375 0.672474
1 0.67434

-1.64062 -0.291829
-1.625 -0.291149

0.597239 0.34375
0.597737 0.359375

0.598603 0.359375
0.595098 0.375

-1.625 -0.291144
-1.60938 -0.290447

-1.60938 -0.290443
-1.59375 -0.289747

-1.59375 -0.289744
-1.57812 -0.289064

-1.57812 -0.289062
-1.5625 -0.288406

0.518352 0.375
0.53125 0.385983

1 0.651888
1.01562 0.653645

-1.5625 -0.288406
-1.54688 -0.287778

1.01562 0.653637
1.03125 0.655588

0.53125 0.385819
0.539113 0.390625

0.537974 0.390625
0.546875 0.39601

-1.54688 -0.287778
-1.53125 -0.28718

1 0.674149
1.01562 0.675958

0.546875 0.396491
0.5625 0.400383

-1.53125 -0.287181
-1.51562 -0.286608

0.5625 0.401282
0.578125 0.396187

0.59375 0.379183
0.58451 0.390625

-1.51562 -0.28661
-1.5 -0.286055

1.01562 0.675929
1.03125 0.678123

1.03125 0.655754
1.03422 0.65625

0.578125 0.395602
0.584433 0.390625

0.59375 0.377456
0.595142 0.375

0.578125 0.449348
0.57421 0.453125

0.575403 0.453125
0.567473 0.46875

1.03444 0.65625
1.04688 0.65742

1.03125 0.678518
1.04688 0.680765

1.04688 0.658594
1.0625 0.661052

1.04688 0.681838
1.0625 0.684125

0.578125 0.449156
0.59375 0.44474

0.569083 0.46875
0.573396 0.484375

1.0625 0.662161
1.07812 0.665073

-1.5 -0.286058
-1.48438 -0.285512

0.573594 0.484375
0.578125 0.490856

1.0625 0.685347
1.07724 0.6875

0.578125 0.490146
0.587253 0.5

-1.48438 -0.285515
-1.46875 -0.284966

-1.46875 -0.284969
-1.45312 -0.284406

0.59375 0.446929
0.60329 0.453125

-1.45312 -0.284408
-1.4375 -0.283819

1.07812 0.665651
1.09375 0.668943

1.09375 0.668937
1.10748 0.671875

1.10739 0.671875
1.10938 0.672319

-1.4375 -0.283821
-1.42188 -0.283199

-1.42188 -0.283199
-1.40625 -0.282544

0.601715 0.453125
0.609375 0.459347

-1.40625 -0.282541
-1.39062 -0.281856

1.10938 0.672401
1.125 0.675565

1.07368 0.6875
1.07812 0.688544

1.07812 0.688705
1.09375 0.691944

1.09375 0.692011
1.10938 0.694266

-1.39062 -0.281854
-1.37722 -0.28125

-1.37727 -0.28125
-1.375 -0.281148

0.609375 0.461073
0.615495 0.46875

-1.375 -0.281151
-1.35938 -0.280432

1.10938 0.694874
1.125 0.696587

-1.35938 -0.280433
-1.34375 -0.279695

0.614424 0.46875
0.625 0.482209

1.125 0.676037
1.14062 0.678563

1.14062 0.67938
1.15625 0.681464

0.625 0.482338
0.626661 0.484375

-1.34375 -0.279694
-1.32812 -0.278941

1.15625 0.681978
1.17188 0.684269

0.626522 0.484375
0.640625 0.499252

-1.32812 -0.278939
-1.3125 -0.278177

-1.3125 -0.278176
-1.29688 -0.277408

-1.29688 -0.277408
-1.28125 -0.276638

1.17188 0.68448
1.1875 0.68699

1.125 0.6978
1.14062 0.699666

1.14062 0.700292
1.15625 0.702505

1.15625 0.702708
1.15848 0.703125

-1.28125 -0.276638
-1.26562 -0.275865

1.15868 0.703125
1.17188 0.705549

0.640625 0.498948
0.641749 0.5

-1.26562 -0.275865
-1.25 -0.275089

1.17188 0.705802
1.1875 0.708479

1.1875 0.68716
1.18968 0.6875

0.838078 0
0.84375 0.00105723

0.84375 0.00103694
0.859375 0.00390494

1.18966 0.6875
1.20312 0.689119

-1.25 -0.27509
-1.23438 -0.274309

1.1875 0.708838
1.20312 0.71071

0.859375 0.00378313
0.875 0.00688874

-1.23438 -0.27431
-1.21875 -0.273519

-1.21875 -0.273521
-1.20312 -0.272716

0.875 0.00691753
0.890625 0.0104468

0.890625 0.0107219
0.90625 0.0140669

1.20312 0.689631
1.21875 0.691583

1.20312 0.711372
1.21875 0.712963

-1.20312 -0.272717
-1.1875 -0.271892

1.21875 0.692143
1.23438 0.693668

0.90625 0.0140001
0.915353 0.015625

-1.1875 -0.271894
-1.17188 -0.27104

1.21875 0.713673
1.23438 0.715694

-1.17188 -0.271042
-1.15625 -0.270152

1.23438 0.69454
1.25 0.696199

1.23438 0.716056
1.25 0.71831

0.915662 0.015625
0.921875 0.016734

0.921875 0.0163927
0.9375 0.0195527

-1.15625 -0.270154
-1.14062 -0.269221

0.9375 0.0196313
0.953125 0.0237531

0.953125 0.0241837
0.96875 0.028249

-1.14062 -0.269223
-1.125 -0.268239

0.96875 0.0283046
0.983904 0.03125

1.25 0.696777
1.26562 0.698959

-1.125 -0.268239
-1.10938 -0.267198

0.984375 0.0309219
0.986091 0.03125

-1.10938 -0.267191
-1.09375 -0.266107

1.25 0.718534
1.25148 0.71875

-1.09375 -0.266098
-1.08694 -0.265625

0.983949 0.03125
0.984375 0.0313328

0.98685 0.03125
1 0.0337646

1.26562 0.699136
1.28125 0.70168

1.25146 0.71875
1.26562 0.721295

-1.08704 -0.265625
-1.07812 -0.265006

1.26562 0.721447
1.28125 0.724149

1.28125 0.701714
1.28943 0.703125

1.28981 0.703125
1.29688 0.704055

1.29688 0.704602
1.3125 0.706989

1.28125 0.724415
1.29688 0.726361

-1.07812 -0.265023
-1.0625 -0.263933

-1.0625 -0.263936
-1.04688 -0.262808

1.29688 0.727042
1.3125 0.728623

1.3125 0.707587
1.32812 0.709455

-1.04688 -0.262804
-1.03125 -0.261642

-1.03125 -0.261638
-1.01562 -0.26046

1.32812 0.710389
1.34375 0.712282

1.3125 0.729569
1.32812 0.731608

-1.01562 -0.260457
-1 -0.25928

1.32812 0.732214
1.34375 0.73431

1.34259 0.734375
1.34375 0.734573

1.34375 0.712771
1.35938 0.714901

1.35938 0.714993
1.375 0.717157

1.34375 0.734662
1.35938 0.737194

1.35938 0.737176
1.375 0.739492

1.375 0.71712
1.38694 0.71875

1.3862 0.71875
1.39062 0.719

1.375 0.739582
1.39062 0.74157

1.39062 0.719602
1.40625 0.721076

1.39062 0.742155
1.40625 0.74384

1.40625 0.721792
1.42188 0.7232

1.40625 0.744571
1.42188 0.746281

1.42188 0.724031
1.4375 0.725411

1.42188 0.746823
1.4375 0.748749

1.4375 0.726089
1.45312 0.727987

1.4375 0.749165
1.44482 0.75

1.45312 0.728236
1.46875 0.730698

1.46875 0.73085
1.48438 0.733242

1.48438 0.733328
1.49161 0.734375

1.49246 0.734375
1.5 0.734862

1.44385 0.75
1.45312 0.7516

1.45312 0.75174
1.46875 0.754617

1.46875 0.754698
1.48438 0.757371

1.48438 0.757634
1.5 0.759512

1.5 0.735835
1.51562 0.737304

1.51562 0.738146
1.53125 0.739273

1.53125 0.740029
1.54688 0.741404

1.54688 0.741689
1.5625 0.743371

1.5625 0.743387
1.57812 0.745104

1.57812 0.745099
1.59375 0.746831

1.59375 0.74686
1.60938 0.74856

1.60938 0.748526
1.62325 0.75

1 0.0337192
1.01562 0.0378775

1.5 0.760008
1.51562 0.761479

1.51562 0.76233
1.53125 0.764084

1.01562 0.0383811
1.03125 0.0428321

1.03125 0.0429999
1.04688 0.0464005

1.53125 0.764575
1.54223 0.765625

1.54066 0.765625
1.54688 0.766562

1.04688 0.0459717
1.0514 0.046875

1.05231 0.046875
1.0625 0.0489105

1.54688 0.766725
1.5625 0.769118

1.0625 0.0488173
1.07812 0.0530718

1.5625 0.769107
1.57812 0.771347

1.57812 0.771315
1.59375 0.773485

1.07812 0.053673
1.09375 0.0581611

1.09375 0.0582869
1.10938 0.0615545

1.10938 0.0609534
1.11708 0.0625

1.1178 0.0625
1.125 0.0639462

1.59375 0.773507
1.60938 0.775626

1.60938 0.75011
1.6149 0.75

1.125 0.0640055
1.14062 0.068388

1.14062 0.0691112
1.15625 0.0733234

1.60938 0.775774
1.625 0.777518

1.625 0.750681
1.64062 0.75138

1.625 0.777827
1.64062 0.779193

1.64062 0.75241
1.65625 0.753161

1.64062 0.77987
1.65625 0.781222

1.15625 0.0731237
1.17188 0.0761188

1.17188 0.0754724
1.18399 0.078125

1.65591 0.78125
1.65625 0.781298

1.65625 0.753485
1.67188 0.75412

1.67188 0.754214
1.6875 0.754574

1.65625 0.781831
1.67188 0.783981

1.18353 0.078125
1.1875 0.0789956

1.1875 0.0793536
1.20312 0.0835776

1.20312 0.08384
1.21875 0.0874712

1.67188 0.784197
1.6875 0.7855

1.6875 0.754571
1.70312 0.754471

1.21875 0.0869791
1.23438 0.0904771

1.23438 0.0904014
1.24627 0.09375

1.70312 0.754433
1.71875 0.753957

1.6875 0.78537
1.70312 0.785653

1.70312 0.785443
1.71875 0.785386

1.71875 0.753925
1.73438 0.753212

1.24557 0.09375
1.25 0.0949964

1.73438 0.753225
1.75 0.752315

1.71875 0.785319
1.73438 0.785473

1.73438 0.785502
1.75 0.785944

1.25 0.0952575
1.26562 0.0997864

1.26562 0.0995603
1.28125 0.103858

1.28125 0.103765
1.29688 0.10847

1.29688 0.108489
1.29957 0.109375

1.29934 0.109375
1.3125 0.113699

1.3125 0.113633
1.32812 0.119136

1.32812 0.119234
1.3437 0.125

1.78125 0.74915
1.77513 0.75

1.78125 0.749079
1.79688 0.74574

1.79688 0.745584
1.8125 0.741403

1.8125 0.741505
1.82812 0.736593

1.344 0.125
1.35938 0.130996

1.35938 0.131156
1.375 0.137468

1.84375 0.730596
1.83458 0.734375

1.375 0.137382
1.3828 0.140625

1.38307 0.140625
1.39062 0.143766

1.39062 0.143914
1.40625 0.150691

1.82812 0.736652
1.83365 0.734375

1.40625 0.150722
1.41884 0.15625

1.41914 0.15625
1.42188 0.157449

1.42188 0.157515
1.4375 0.164527

1.4375 0.164563
1.45312 0.17174

1.45312 0.171526
1.45388 0.171875

1.45339 0.171875
1.46875 0.179014

1.46875 0.178987
1.48438 0.186368

1.48438 0.186053
1.4874 0.1875

1.48654 0.1875
1.5 0.193944

1.875 0.714544
1.86761 0.71875

1.84375 0.729935
1.85938 0.722422

1.85938 0.722722
1.86636 0.71875

1.90302 0.5
1.90625 0.504932

1.90625 0.505873
1.91263 0.515625

1.91307 0.515625
1.92155 0.53125

1.92188 0.532724
1.92809 0.546875

1.92821 0.546875
1.93389 0.5625

1.93405 0.5625
1.9375 0.575991

1.9375 0.576141
1.93801 0.578125

1.93798 0.578125
1.94011 0.59375

1.94015 0.59375
1.94044 0.609375

1.94051 0.609375
1.93871 0.625

1.9375 0.629693
1.93469 0.640625

1.93477 0.640625
1.9284 0.65625

1.92188 0.668196
1.91976 0.671875

1.91988 0.671875
1.9074 0.6875

1.92188 0.667472
1.92832 0.65625

1.875 0.714102
1.89003 0.703125

1.89062 0.703092
1.90625 0.688538

1.90625 0.688495
1.90719 0.6875

1.9375 0.629584
1.93868 0.625

1.95312 0.749837
1.95247 0.75

1.96875 0.744537
1.95615 0.75

1.96875 0.742956
1.98438 0.734877

1.98438 0.73413
2 0.72914

1.98438 0.73457
1.98499 0.734375

1.75 0.752399
1.76562 0.7511

1.76562 0.75121
1.77434 0.75

1.75 0.786048
1.76562 0.786512

1.76562 0.786864
1.78125 0.786439

1.78125 0.786127
1.79688 0.784734

1.79688 0.784859
1.8125 0.782871

1.82812 0.779368
1.81895 0.78125

1.82812 0.779507
1.84375 0.775396

1.8125 0.783519
1.82291 0.78125

1.84375 0.775388
1.85938 0.771072

1.85938 0.77082
1.875 0.766822

1.89062 0.763569
1.88088 0.765625

1.875 0.766909
1.88109 0.765625

1.89062 0.763719
1.90625 0.760736

1.90625 0.760918
1.92188 0.757618

1.92188 0.757328
1.9375 0.753927

1.9375 0.755231
1.95225 0.75

3 -0.0824219
2.988 -0.078125

2.99395 -0.078125
2.99689 -0.0625

3 -0.0524454
2.99903 -0.046875

2.99716 -0.046875
2.99412 -0.03125

2.9881 -0.03125
3 -0.0252621

2.60938 0.498316
2.60641 0.5

2.60938 0.499489
2.625 0.491377

2.625 0.491171
2.65625 0.471689

2.67188 0.460448
2.66053 0.46875

2.6875 0.448538
2.68036 0.453125

2.67188 0.458915
2.68063 0.453125

2.65625 0.472224
2.66158 0.46875

2.71875 0.432969
2.71089 0.4375

2.71875 0.432222
2.75 0.413919

2.6875 0.450285
2.70913 0.4375

2.9375 0.238675
2.92613 0.25

2.96875 0.179522
2.96681 0.1875

3 0.141056
2.99144 0.15625

2.96875 0.185981
2.98359 0.15625

2.96875 0.204034
2.96103 0.21875

2.9375 0.241333
2.95783 0.21875

2.96875 0.202039
2.9759 0.1875

2.8125 0.361029
2.79697 0.375

2.875 0.305134
2.86763 0.3125

2.84375 0.334896
2.83348 0.34375

2.8125 0.365504
2.83795 0.34375

2.84375 0.339022
2.87235 0.3125

2.78125 0.39384
2.76401 0.40625

2.75 0.415183
2.76344 0.40625

2.78125 0.393671
2.80314 0.375

2.90625 0.271222
2.89849 0.28125

2.875 0.310188
2.90081 0.28125

2.90625 0.271528
2.92548 0.25

3.0625 -0.201891
3.06242 -0.1875

3 -0.125118
3.00032 -0.125

3.0625 -0.207818
3.06285 -0.1875

3 -0.0734602
3.01458 -0.0625

3 -0.0538638
3.01249 -0.03125

3.03125 -0.0174581
3.01295 0

3.0625 -0.0034965
3.04266 0

3.125 -0.000292902
3.12224 0

3.25 -0.000427232
3.24332 0

3.5 -0.00142724
3.42457 0

3.03125 0.00812412
3.01732 0.03125

3.01972 0.03125
3.01527 0.0625

3.03125 0.0069908
3.04429 0

3.02033 0.0625
3.01697 0.09375

3.01549 0.09375
3.00606 0.125

3.0625 0.00910459
3.1014 0

3 0.140915
3.00738 0.125

3.125 0.00487089
3.19247 0

3.25 0.00188526
3.34236 0

4 -0.00221081
3.602 0

3.5 0.000142344
3.52542 0

2 0.72985
2.01562 0.728026

2.01562 0.729328
2.03125 0.726652

2.0625 0.715983
2.05494 0.71875

2.03125 0.726094
2.05412 0.71875

2.0625 0.715639
2.07812 0.708653

2.09375 0.702245
2.09103 0.703125

2.07812 0.707145
2.09055 0.703125

2.09375 0.703022
2.10938 0.701053

2.10938 0.702401
2.125 0.699016

2.15625 0.685011
2.15187 0.6875

2.15625 0.682035
2.17188 0.672978

2.1875 0.668278
2.17462 0.671875

2.17188 0.672288
2.17335 0.671875

2.125 0.698694
2.15052 0.6875

2.1875 0.669409
2.20312 0.668143

2.20312 0.669252
2.21875 0.666513

2.25 0.654407
2.24616 0.65625

2.21875 0.666197
2.24556 0.65625

2.32812 0.624869
2.32786 0.625

2.32812 0.624301
2.34375 0.619079

2.34375 0.619955
2.35938 0.614791

2.375 0.608454
2.37282 0.609375

2.35938 0.614585
2.37168 0.609375

2.25 0.652195
2.26562 0.644426

2.28125 0.639774
2.27836 0.640625

2.26562 0.644248
2.27792 0.640625

2.28125 0.64033
2.29688 0.637875

2.29688 0.639882
2.3125 0.634239

2.3125 0.630779
2.32773 0.625

2.375 0.60756
2.40625 0.593895

2.40625 0.592056
2.42188 0.585939

2.42188 0.587507
2.4375 0.582646

2.48438 0.556196
2.47099 0.5625

2.48438 0.559816
2.5 0.555104

2.4375 0.582825
2.46875 0.568624

2.46875 0.562876
2.46956 0.5625

2.5 0.553977
2.53125 0.539612

2.54688 0.528397
2.54108 0.53125

2.54688 0.530536
2.5625 0.525088

2.53125 0.53559
2.54043 0.53125

2.5625 0.524964
2.59375 0.509501

2.59375 0.506931
2.60585 0.5

