-4 -0.00380613
-3.69548 0

-3.56481 0
-3.5 0.000810109

-3.5 -0.00254224
-3.44023 0

-3.25 -0.00350135
-3.22272 0

-3.125 -0.00528264
-3.10617 0

-3.39453 0
-3.25 0.00619957

-3.21125 0
-3.125 0.0121647

-3.10394 0
-3.0625 0.019192

-3.0625 0.0062528
-3.03186 0.03125

-3.04317 0.03125
-3.03125 0.0567757

-3.03125 0.0559559
-3.02447 0.0625

-3.04085 0.0625
-3.03125 0.0888146

-3.03125 0.0817961
-3.01938 0.09375

-3.02321 0.09375
-3.00202 0.125

-3.02447 0.125
-3 0.157362

-3.00108 0.1875
-3 0.188637

1.5 -0.00930799
1.51562 -0.00751017

1.51562 -0.00750683
1.53125 -0.00535754

1.53125 -0.00532957
1.54688 -0.00289141

-0.71875 -0.00342515
-0.729104 0

-0.71875 -0.00342216
-0.703125 -0.00811878

1.54688 -0.00288443
1.5625 -0.000227275

-3 -0.0953779
-2.96875 -0.0972757

-2.98442 -0.09375
-2.98913 -0.078125

0.078125 -0.00196073
0.0744754 0

-2.98657 -0.078125
-2.98514 -0.0625

-2.98159 -0.09375
-2.96875 -0.091592

-2.98438 -0.0667468
-2.97741 -0.078125

0.078125 -0.00113614
0.09375 -0.00982937

0.109375 -0.0163771
0.107582 -0.015625

-2.96875 -0.0833544
-2.96645 -0.078125

-0.703125 -0.00812014
-0.6875 -0.0124172

-0.671875 -0.0162874
-0.674554 -0.015625

1.5625 -0.000251573
1.56398 0

-0.6875 -0.0124346
-0.674599 -0.015625

-2.96866 -0.078125
-2.96141 -0.0625

0.09375 -0.00955175
0.108217 -0.015625

0.109375 -0.0159631
0.125 -0.0212138

0.15625 -0.0345067
0.149368 -0.03125

0.125 -0.0204271
0.140625 -0.0262887

-0.671875 -0.0162746
-0.65625 -0.0197194

0.140625 -0.0263019
0.151081 -0.03125

0.15625 -0.0345335
0.171875 -0.0417589

1.56316 0
1.57812 0.00253793

1.57812 0.0024899
1.59375 0.00499439

1.59375 0.00497746
1.60938 0.00744814

1.60938 0.00745292
1.625 0.0099141

1.625 0.00991722
1.64062 0.0123531

1.64062 0.012346
1.65625 0.0147645

1.65625 0.0147974
1.66191 0.015625

-2.98468 -0.0625
-2.98438 -0.0520175

-2.98438 -0.0518472
-2.98037 -0.0625

-0.65625 -0.0197213
-0.640625 -0.0227871

0.1875 -0.0475413
0.185604 -0.046875

-0.640625 -0.0228057
-0.625 -0.0254512

0.171875 -0.0420126
0.185711 -0.046875

1.66156 0.015625
1.67188 0.0171318

1.67188 0.0171285
1.6875 0.0191138

1.6875 0.0191094
1.70312 0.0207761

1.70312 0.0207885
1.71875 0.0221208

1.71875 0.0221253
1.73438 0.0230895

1.73438 0.0230687
1.75 0.0236974

0.1875 -0.0474145
0.203125 -0.0508418

1.75 0.0236605
1.76562 0.0240689

1.76562 0.0240372
1.78125 0.0243626

1.78125 0.0243397
1.79688 0.0246914

1.79688 0.02466
1.8125 0.0251463

0.203125 -0.0505706
0.21875 -0.0526638

0.21875 -0.0525594
0.234375 -0.0540699

1.8125 0.025108
1.82812 0.0258683

-0.625 -0.0254715
-0.609375 -0.0276187

0.234375 -0.0540286
0.25 -0.055248

1.82812 0.0258786
1.84375 0.0269689

1.84375 0.027095
1.85938 0.0282423

1.85938 0.0284264
1.875 0.0290105

-0.609375 -0.0276257
-0.59375 -0.02922

1.875 0.0290934
1.89062 0.02858

-0.59375 -0.0292093
-0.578125 -0.0302577

1.89062 0.0285145
1.90625 0.0268688

1.90625 0.0267162
1.92188 0.0243741

-0.578125 -0.0302323
-0.5625 -0.0308067

0.25 -0.0552197
0.265625 -0.0562871

1.92188 0.0242237
1.9375 0.0217915

0.265625 -0.056275
0.28125 -0.0572711

0.28125 -0.0572828
0.296875 -0.0582084

0.296875 -0.0582424
0.3125 -0.0590061

0.3125 -0.0590298
0.328125 -0.0595159

0.328125 -0.05951
0.34375 -0.059683

0.34375 -0.0596697
0.359375 -0.0595682

-0.5625 -0.0307743
-0.546875 -0.0309905

-0.546875 -0.0309595
-0.53125 -0.0309445

-2.98223 -0.046875
-2.98407 -0.03125

-2.98438 -0.0171871
-2.98457 -0.015625

0.359375 -0.0595607
0.375 -0.0592264

-0.53125 -0.0309213
-0.515625 -0.0307834

0.375 -0.0592317
0.390625 -0.0586691

-0.515625 -0.030772
-0.5 -0.0305802

1.9375 0.0217367
1.95312 0.0196247

0.390625 -0.0586811
0.40625 -0.0578556

-1 0.00682494
-0.984375 0.00859151

0.40625 -0.0578557
0.421875 -0.056743

-0.984375 0.00812494
-0.96875 0.0112007

0.421875 -0.0567245
0.4375 -0.0553614

-0.96875 0.0107787
-0.955924 0.015625

1.95312 0.019671
1.96875 0.0178962

0.4375 -0.0553399
0.453125 -0.0538064

-0.957426 0.015625
-0.953125 0.0172503

0.453125 -0.0538003
0.46875 -0.0521513

-0.953125 0.0175104
-0.9375 0.0254309

0.46875 -0.052134
0.484375 -0.0504164

-0.9375 0.0267933
-0.92507 0.03125

-0.926285 0.03125
-0.921875 0.0328313

-0.921875 0.0313605
-0.90625 0.0339901

-0.90625 0.0340402
-0.890625 0.0358794

-0.890625 0.036158
-0.875 0.0365491

1.96875 0.017962
1.98438 0.0163

2 0.0145835
1.99075 0.015625

1.98438 0.0163341
1.99067 0.015625

0.484375 -0.0505016
0.5 -0.0485796

0 0.00993716
0.015625 0.0119445

0.015625 0.0124009
0.03125 0.0137718

-0.875 0.0363306
-0.859375 0.0351535

0 0.984625
0.0129061 1

-2.98561 -0.015625
-2.98867 0

0.03125 0.0141244
0.046875 0.0132408

-0.859375 0.0350721
-0.84375 0.0329268

-0.828125 0.0300907
-0.834648 0.03125

-2.98438 -0.0253552
-2.98362 -0.03125

-2.9613 -0.0625
-2.95312 -0.0527859

-0.828125 0.0301014
-0.8125 0.0267904

-2.95312 -0.0511191
-2.94964 -0.046875

-0.84375 0.0328194
-0.834919 0.03125

0.3125 0.969661
0.300166 0.984375

-0.8125 0.026821
-0.796875 0.0228383

0.304184 0.984375
0.3125 0.992541

0.046875 0.0136075
0.0625 0.00903115

-0.796875 0.0228299
-0.78125 0.0181309

0.0625 0.00895615
0.078125 0.00056162

0.3125 0.974373
0.322309 0.984375

0.078125 0.000483408
0.0789669 0

-0.765625 0.0128887
-0.773909 0.015625

-0.78125 0.0179685
-0.774155 0.015625

-2.9495 -0.046875
-2.9375 -0.0361542

-0.765625 0.0128748
-0.75 0.00744233

0.3125 0.996581
0.327029 0.984375

-2.9375 -0.0357633
-2.92822 -0.03125

-2.92795 -0.03125
-2.92188 -0.028384

-2.92188 -0.0286372
-2.90625 -0.0274173

-2.875 -0.0346309
-2.88934 -0.03125

-0.75 0.00732522
-0.734375 0.00180821

-2.90625 -0.028406
-2.89062 -0.0307789

0 1.00817
0.00909764 1

-0.734375 0.00163769
-0.729424 0

-2.89062 -0.0307927
-2.88869 -0.03125

-2.84375 -0.244557
-2.85139 -0.234375

-2.85415 -0.234375
-2.84375 -0.229705

-2.84375 -0.247393
-2.83857 -0.234375

-2.84375 -0.230709
-2.83929 -0.234375

-2.8125 -0.188371
-2.81338 -0.1875

-2.81324 -0.1875
-2.8125 -0.177594

-2.8125 -0.188235
-2.80311 -0.1875

0.53125 0.993888
0.525777 1

0.53125 0.996992
0.534133 1

0.5 -0.0487066
0.512646 -0.046875

-2.8125 -0.180006
-2.80543 -0.1875

0.509307 -0.046875
0.515625 -0.0459599

-0.5 -0.0305837
-0.484375 -0.0303539

-0.484375 -0.0303752
-0.46875 -0.0300579

0.515625 -0.0461579
0.53125 -0.0438705

0.53125 -0.0439907
0.546875 -0.0417223

0.65625 0.964133
0.651892 0.96875

0.651574 0.96875
0.65625 0.973087

0.65625 0.963873
0.660763 0.96875

0.65625 0.972861
0.660595 0.96875

0.546875 -0.0418901
0.5625 -0.0390645

0.5625 -0.0391443
0.578125 -0.0352666

-2.875 -0.0351717
-2.85938 -0.0387479

0.578125 -0.0351382
0.590908 -0.03125

-0.46875 -0.0301003
-0.453125 -0.0295683

0.590257 -0.03125
0.59375 -0.0301876

-2.85938 -0.03945
-2.84375 -0.0404007

0.52873 1
0.53125 1.00242

-2.84375 -0.0406902
-2.82812 -0.0370324

-0.453125 -0.0296237
-0.4375 -0.0286813

0.59375 -0.0302654
0.609375 -0.0251355

-0.4375 -0.0287299
-0.421875 -0.0271692

0.609375 -0.0251564
0.625 -0.0197675

-0.421875 -0.027171
-0.40625 -0.0248915

0.53125 1.00536
0.537212 1

0.625 -0.0195676
0.636673 -0.015625

0.636602 -0.015625
0.640625 -0.0142662

-2.82812 -0.0356261
-2.81627 -0.03125

0.640625 -0.0138214
0.65625 -0.00999214

-0.40625 -0.0247994
-0.390625 -0.0219818

-0.390625 -0.0218548
-0.375 -0.0189373

-2.81755 -0.03125
-2.8125 -0.0293873

-2.79688 -0.0938986
-2.79692 -0.09375

0.65625 -0.00964426
0.671875 -0.00888426

0.671875 -0.00930548
0.6875 -0.011468

-2.79688 -0.0939199
-2.78125 -0.0946735

-2.79455 -0.09375
-2.78125 -0.0926271

-0.375 -0.0188324
-0.359375 -0.0162788

-0.359375 -0.0161987
-0.354215 -0.015625

0.6875 -0.0121641
0.703125 -0.0150147

0.71875 -0.0169992
0.706997 -0.015625

-2.78125 -0.0941217
-2.78112 -0.09375

-2.78125 -0.0917782
-2.78053 -0.09375

-0.354754 -0.015625
-0.34375 -0.0144015

-0.34375 -0.0144971
-0.328125 -0.0136651

-0.328125 -0.0137445
-0.3125 -0.0135051

-2.8125 -0.0300625
-2.79688 -0.0245964

-2.79688 -0.0245575
-2.78125 -0.0187977

0.703125 -0.0151812
0.70692 -0.015625

-2.78125 -0.0184178
-2.77285 -0.015625

-0.3125 -0.0135613
-0.296875 -0.0136432

-2.77291 -0.015625
-2.76562 -0.0132005

0.71875 -0.0168459
0.734375 -0.0176404

-2.76562 -0.0136787
-2.75 -0.00888643

-0.296875 -0.013686
-0.28125 -0.0138911

-0.28125 -0.0139316
-0.265625 -0.0140933

-0.265625 -0.0141381
-0.25 -0.0140856

2.34607 -0.265625
2.34541 -0.25

2.36824 -0.265625
2.36919 -0.25

0.734375 -0.0175024
0.75 -0.0178516

2.375 -0.250373
2.37502 -0.25

-0.25 -0.0141289
-0.234375 -0.013686

-2.5 -0.390905
-2.50028 -0.390625

-0.234375 -0.0137172
-0.21875 -0.0127348

0.75 -0.0178381
0.765625 -0.0180447

-0.21875 -0.0127475
-0.203125 -0.0111375

2.3593 -0.25
2.35938 -0.249977

-0.203125 -0.011135
-0.1875 -0.00887675

0.765625 -0.0180725
0.78125 -0.0181077

-2.73438 -0.0636638
-2.72653 -0.0625

2.35938 -0.246639
2.36708 -0.25

-0.1875 -0.00885052
-0.171875 -0.00600146

0.78125 -0.0181023
0.796875 -0.0179215

-2.71875 -0.0627484
-2.7185 -0.0625

2 0.0145853
2.01562 0.0126393

-0.171875 -0.00591982
-0.15625 -0.00269574

2.01562 0.012655
2.03125 0.0104804

0.796875 -0.0178938
0.8125 -0.0175632

-2.73491 -0.0625
-2.7431 -0.046875

0.8125 -0.0175483
0.828125 -0.017153

-2.74582 -0.046875
-2.73438 -0.0330066

-0.15625 -0.00259484
-0.143653 0

-2.73043 -0.0625
-2.71875 -0.053845

0.828125 -0.0171646
0.84375 -0.0167112

2.03125 0.0104534
2.04688 0.00807266

-2.73438 -0.0362009
-2.71875 -0.0436996

2.04688 0.00784463
2.0625 0.00576772

0.84375 -0.0167392
0.859375 -0.0161483

0.859375 -0.0162372
0.869404 -0.015625

-2.75 -0.00869524
-2.73438 -0.00375513

2.0625 0.00528856
2.07812 0.00492989

-0.143842 0
-0.140625 0.000662544

-2.73438 -0.00376148
-2.72189 0

-0.140625 0.000677861
-0.125 0.00358039

-2.71875 -0.05259
-2.71751 -0.046875

2.07812 0.00438629
2.09375 0.00779141

0.869214 -0.015625
0.875 -0.0152718

2.09375 0.00831682
2.10938 0.0155221

-2.71875 -0.0435993
-2.71715 -0.046875

0.875 -0.0153249
0.890625 -0.0137475

-2.6875 -0.00013792
-2.67188 -0.00791551

-0.125 0.00360319
-0.109375 0.00605124

-2.67188 -0.00870631
-2.65625 -0.0135255

2.10938 0.0155611
2.10954 0.015625

0.890625 -0.0136128
0.90625 -0.01159

2.10938 0.0174583
2.125 0.0235413

-0.109375 0.00609488
-0.09375 0.00795557

-2.65625 -0.0129693
-2.64062 -0.0143607

-0.09375 0.00797198
-0.078125 0.0091252

2.125 0.0232235
2.14062 0.0249476

-0.078125 0.00911162
-0.0625 0.00955168

2.14062 0.0243348
2.15625 0.0235607

0.90625 -0.0114578
0.921875 -0.00952346

-2.64062 -0.0138826
-2.625 -0.0139144

0.921875 -0.0095397
0.9375 -0.00792601

-0.0625 0.00951549
-0.046875 0.00934197

2.15625 0.023271
2.17188 0.0218035

-0.046875 0.00920439
-0.03125 0.00876483

2.17188 0.0213548
2.1875 0.0206705

-0.03125 0.00852781
-0.015625 0.00857138

0.9375 -0.00800681
0.953125 -0.00651967

0.953125 -0.00662748
0.96875 -0.00488967

2.1875 0.0204147
2.20312 0.0219227

2.20312 0.0227849
2.21875 0.0252724

-0.015625 0.00847394
0 0.00966955

-2.625 -0.0138426
-2.60938 -0.0136145

-2.60938 -0.013725
-2.59375 -0.0131599

-2.59375 -0.0135011
-2.57812 -0.0116956

2.21875 0.0259229
2.23438 0.0263646

2.23438 0.0251462
2.25 0.0246781

0.96875 -0.00494037
0.984375 -0.00263488

0.984375 -0.00272568
0.998093 0

2.25 0.0249441
2.26562 0.0254711

2.26562 0.0259195
2.28125 0.0260126

-2.57812 -0.0118824
-2.5625 -0.00778066

-2.51562 -0.0962147
-2.51688 -0.09375

-2.5 -0.109795
-2.51137 -0.109375

2.28125 0.0258324
2.29688 0.0249553

0.997227 0
1 0.000550959

-1.34375 0.859351
-1.34173 0.859375

2.29688 0.024885
2.3125 0.0235386

2.3125 0.0234582
2.32812 0.0219437

-2.51562 -0.0963412
-2.5 -0.0966547

2.32812 0.0220104
2.34375 0.0203552

-1.34375 0.859378
-1.34113 0.859375

2.34375 0.0202788
2.35938 0.0185022

2.35938 0.0182997
2.375 0.0169593

-2.51716 -0.09375
-2.51562 -0.087249

-2.51562 -0.088539
-2.5 -0.0892281

2.375 0.0167073
2.39062 0.0167118

2.39062 0.0165579
2.40625 0.018719

-2.5625 -0.00748295
-2.54688 -0.00130682

-2.54688 -0.00103005
-2.54433 0

2.40625 0.0191564
2.42188 0.0229071

2.42188 0.0234322
2.4375 0.0268477

-2.9893 0
-2.99141 0.015625

-2.99148 0.015625
-2.99121 0.03125

2.4375 0.0265146
2.45312 0.0292109

2.45312 0.0284399
2.46399 0.03125

2.46315 0.03125
2.46875 0.0326978

2.46875 0.0332094
2.48438 0.0386819

-2.99084 0.03125
-2.98881 0.046875

-2.98853 0.046875
-2.98601 0.0625

-2.9851 0.0625
-2.98464 0.078125

-2.98607 0.078125
-2.98671 0.09375

2.48438 0.0391419
2.5 0.0438128

-2.98438 0.0683813
-2.98409 0.078125

1.1875 -0.00016294
1.18615 0

-0.125 0.973572
-0.134479 0.984375

-2.98438 0.0849648
-2.98419 0.078125

-0.128938 0.984375
-0.125 0.988152

-2.98382 0.09375
-2.9911 0.125

-2.99344 0.125
-2.9743 0.15625

-3 0.179322
-2.96875 0.185113

-0.125 0.979391
-0.120229 0.984375

-0.125 0.993654
-0.11447 0.984375

2.875 -0.068117
2.86904 -0.0625

-2.96875 0.153832
-2.96704 0.15625

1.1875 -0.000258905
1.20312 -0.00155615

-2.96875 0.162598
-2.96387 0.171875

0 0.989143
-0.00967199 1

2.86947 -0.0625
2.87358 -0.046875

-2.96139 0.171875
-2.95692 0.1875

1.20312 -0.00158342
1.21875 -0.00217098

-3 0.189125
-2.96875 0.199863

2.8733 -0.046875
2.875 -0.0459567

-0.0142582 1
0 1.01211

-2.97136 0.21875
-2.96875 0.219906

1.21875 -0.00215058
1.23438 -0.0020147

2.875 -0.0677526
2.89062 -0.0633245

2.89062 -0.0631032
2.89097 -0.0625

-2.96875 0.208781
-2.95056 0.1875

-2.96875 0.223838
-2.95171 0.21875

1.23438 -0.00193123
1.25 -0.00127964

2.88998 -0.0625
2.8762 -0.046875

-2.8125 0.171174
-2.8132 0.171875

-2.81503 0.171875
-2.8125 0.174408

1.25 -0.00112408
1.26562 -0.000434827

1.26562 -0.000238563
1.28125 -0.000215285

2.875 -0.0465371
2.87687 -0.046875

2.89062 -0.0602261
2.89098 -0.0625

2.96875 -0.065942
2.9676 -0.0625

2.98438 -0.0855339
2.96967 -0.078125

2.96875 -0.0674144
2.98086 -0.078125

1.28125 -9.6965e-05
1.29688 -0.00136883

1.29688 -0.00145743
1.3125 -0.00408389

-2.8125 0.16934
-2.80997 0.171875

-2.8125 0.172575
-2.8118 0.171875

2.98438 -0.0888875
2.998 -0.078125

-2.90625 0.273385
-2.92104 0.28125

-2.90625 0.296455
-2.91247 0.3125

1.3125 -0.00434783
1.32812 -0.00762379

2.98692 -0.078125
2.99135 -0.0625

1.32812 -0.00784254
1.34375 -0.0108026

1.34375 -0.0108377
1.35938 -0.0129744

-2.90625 0.265402
-2.90603 0.265625

-2.90625 0.272931
-2.90625 0.265625

2.96875 -0.0560323
2.96866 -0.046875

2.96603 -0.046875
2.96875 -0.040737

1.35938 -0.0129227
1.375 -0.0142693

2.97059 -0.0625
2.97041 -0.046875

-2.90625 0.304859
-2.875 0.310124

-2.90627 0.3125
-2.90625 0.312595

-2.90625 0.316387
-2.875 0.333459

-2.88963 0.34375
-2.875 0.347879

2.96875 -0.0391971
2.98438 -0.0322357

-2.875 0.314274
-2.87285 0.34375

-2.875 0.357722
-2.86094 0.34375

2.98735 -0.0625
2.98681 -0.046875

-2.78125 0.37343
-2.78336 0.375

-2.78125 0.374657
-2.76562 0.374531

1.375 -0.0142341
1.39062 -0.0149642

1.39062 -0.0149485
1.40625 -0.0151637

2.99333 -0.046875
2.98548 -0.03125

2.98169 -0.03125
2.98438 -0.0305691

-2.78125 0.375716
-2.78904 0.40625

1.40625 -0.0151632
1.42188 -0.0148959

2.98438 -0.0266336
2.99306 -0.03125

-2.78647 0.40625
-2.78125 0.414725

1.42188 -0.0148886
1.4375 -0.0141543

2.5 0.0431177
2.51434 0.046875

1.4375 -0.0140819
1.45312 -0.0130399

-2.78125 0.380719
-2.75 0.391053

-2.78125 0.420616
-2.75 0.416953

2.51158 0.046875
2.51562 0.0479342

-2.72198 0
-2.71875 0.000973147

1.45312 -0.0129988
1.46875 -0.011876

1.46875 -0.0119177
1.48438 -0.0107129

2.51562 0.0461992
2.51867 0.046875

2.51562 0.0479936
2.53125 0.051465

-2.71875 0.00172827
-2.70312 0.00464911

2.53125 0.051173
2.54688 0.0532876

1.48438 -0.0107544
1.5 -0.00930126

2.54688 0.0532163
2.5625 0.0545695

-2.70312 0.00624316
-2.6875 0.00263545

2.5625 0.0547111
2.57812 0.0551622

1 0.000693617
1.01562 0.00414978

-2.54544 0
-2.53125 0.00573609

1.01562 0.00405609
1.03125 0.00747339

2.57812 0.0551225
2.59375 0.0544676

2.60938 0.0018384
2.60268 0.015625

-2.53125 0.00614463
-2.51562 0.0103294

2.59839 0.015625
2.60938 0.0209934

1.03125 0.00752601
1.04688 0.0109866

-2.51562 0.0105289
-2.5 0.0112517

2.61079 0
2.61616 0.015625

2.60938 0.0183573
2.6139 0.015625

1.04688 0.0110926
1.0625 0.0142791

1.0625 0.0145959
1.06981 0.015625

1.07075 0.015625
1.07812 0.016663

2.59375 0.0541993
2.60938 0.0530543

2.60938 0.0526157
2.625 0.0523947

1.07812 0.0169359
1.09375 0.0172303

2.625 0.0521331
2.64062 0.0542365

2.64062 0.0544023
2.65625 0.0590219

1.10938 0.0150923
1.10522 0.015625

1.09375 0.0172558
1.10647 0.015625

1.10938 0.0148635
1.125 0.0112891

2.65625 0.0594032
2.6661 0.0625

2.66242 0.0625
2.67188 0.0654739

-2.45312 -0.182911
-2.45886 -0.171875

-2.45797 -0.171875
-2.45312 -0.160048

1.125 0.0109446
1.14062 0.00719373

1.14062 0.00712706
1.15625 0.00402195

2.67188 0.0657019
2.6875 0.0673713

2.71875 0.0532214
2.70521 0.0625

-2.45312 -0.18248
-2.4375 -0.178693

-2.45312 -0.158366
-2.4375 -0.16294

1.15625 0.00407328
1.17188 0.00164467

1.17188 0.00165173
1.18558 0

2.75 0.0267745
2.74204 0.03125

2.73438 0.0374445
2.72355 0.046875

-2.5 -0.0983756
-2.49786 -0.09375

-2.5 -0.0907196
-2.49918 -0.09375

2.71875 0.0514772
2.72379 0.046875

2.73438 0.0358145
2.74216 0.03125

2.6875 0.067754
2.70312 0.0637716

2.70312 0.0637961
2.70536 0.0625

-2.46875 -0.000154011
-2.4691 0

-2.46875 -0.000186837
-2.45312 -0.00833753

-2.4375 -0.0160878
-2.43788 -0.015625

-2.45312 -0.00849417
-2.4375 -0.0145366

-2.42188 -0.0466702
-2.43565 -0.03125

-2.40625 -0.0481048
-2.41103 -0.046875

2.75 0.027156
2.76562 0.0249199

2.76562 0.0255393
2.78125 0.0280119

-2.42188 -0.043204
-2.41184 -0.046875

-2.4375 -0.0166484
-2.43026 -0.03125

2.78125 0.0284395
2.79086 0.03125

2.78888 0.03125
2.79688 0.0335869

-2.42816 -0.015625
-2.4348 0

-2.40625 -0.0474411
-2.40161 -0.046875

2.79688 0.0336028
2.8125 0.0382245

2.8125 0.0382933
2.82812 0.0421599

-2.4055 -0.046875
-2.39062 -0.0450587

-2.39062 -0.0441929
-2.375 -0.0399463

2.82812 0.0420918
2.84375 0.045202

-2.375 -0.03963
-2.35938 -0.035572

-2.35938 -0.0355995
-2.34375 -0.0323075

2.84375 0.0450217
2.85473 0.046875

2.85295 0.046875
2.85938 0.04796

2.85938 0.0479965
2.875 0.0498468

-2.34375 -0.0323196
-2.33749 -0.03125

-2.33717 -0.03125
-2.32812 -0.0297042

2.875 0.0496172
2.89062 0.050678

2.89062 0.0502327
2.90625 0.0518537

-2.32812 -0.0297165
-2.3125 -0.0275072

-2.3125 -0.0274444
-2.29688 -0.0257521

-2.29688 -0.0257731
-2.28125 -0.0246813

-2.28125 -0.0246976
-2.26562 -0.0241317

2.90625 0.0513043
2.92188 0.0554752

2.92188 0.0546871
2.93465 0.0625

2.93562 0.0625
2.9375 0.0637921

2.9375 0.064031
2.94996 0.078125

2.9463 0.078125
2.95312 0.0866401

2.95312 0.0877072
2.96046 0.09375

2.96325 0.09375
2.96875 0.0974982

2.96875 0.0878862
2.97859 0.09375

2.98438 0.0929562
2.98491 0.09375

-2.26562 -0.0241702
-2.25 -0.0240207

2.97208 0.09375
2.98847 0.125

2.9375 0.202798
2.92717 0.203125

2.92188 0.210158
2.9375 0.203255

2.90625 0.240389
2.93107 0.21875

2.96875 0.139348
2.96815 0.140625

2.96861 0.140625
2.96229 0.15625

2.9675 0.15625
2.95899 0.171875

2.95508 0.171875
2.95561 0.1875

-2.25 -0.0240222
-2.23438 -0.024209

-2.23438 -0.0242062
-2.21875 -0.0247319

-2.21875 -0.0247038
-2.20312 -0.0256302

2.97361 0.125
2.97732 0.15625

2.96875 0.186168
2.98595 0.1875

-2.20312 -0.025638
-2.1875 -0.0270056

-2.1875 -0.0270024
-2.17188 -0.028802

-2.17188 -0.0287897
-2.15625 -0.0310526

-2.14062 -0.0337892
-2.15517 -0.03125

-2.14062 -0.0337919
-2.125 -0.0369603

2.96751 0.1875
2.94934 0.21875

2.95097 0.21875
2.96057 0.25

-2.15625 -0.0311048
-2.15542 -0.03125

2.96875 0.209556
2.99723 0.1875

-2.125 -0.0369534
-2.10938 -0.0405761

-2.10938 -0.0405744
-2.09375 -0.0446685

-2.07812 -0.0490752
-2.08613 -0.046875

2.875 0.29578
2.8656 0.296875

2.85938 0.299372
2.875 0.299372

2.89062 0.265135
2.89027 0.265625

2.88984 0.265625
2.89037 0.28125

-2.09375 -0.0448329
-2.08632 -0.046875

-2.07812 -0.0491692
-2.0625 -0.0532613

2.90625 0.250589
2.8991 0.265625

-2.0625 -0.0534256
-2.04688 -0.0568489

-2.04688 -0.0569585
-2.03125 -0.0591652

2.89062 0.273014
2.89476 0.28125

-2.03125 -0.0594475
-2.01562 -0.0596537

2.89618 0.28125
2.90625 0.287614

2.90625 0.273562
2.92244 0.28125

2.90625 0.282041
2.9375 0.2842

2.9375 0.280826
2.96709 0.25

-2.01562 -0.0602602
-2 -0.0566881

3 -0.0713819
3.00367 -0.0625

3 -0.0551535
3.00192 -0.0625

-2.00352 -0.015625
-2 -0.0093163

-2.5 0.0112079
-2.48438 0.00815712

3.0625 -0.00430963
3.04987 0

3.125 -0.0043617
3.10455 0

-2.48438 0.00826497
-2.46875 0.00131581

-2.46875 0.000869494
-2.46708 0

3.25 -0.00323543
3.22474 0

3.5 -0.00244079
3.44504 0

-2.43849 0
-2.4375 0.00026327

-2.4375 0.00601042
-2.42188 0.00562284

-2.42775 0.015625
-2.42188 0.0182167

3.03125 0.0236889
3.02733 0.03125

3.03117 0.03125
3.02595 0.0625

-2.41999 0
-2.42162 0.015625

-2.42188 0.0234073
-2.41275 0.015625

3.03125 0.0209522
3.05738 0

3.03125 0.0318303
3.03142 0.03125

3.03125 0.0665706
3.02838 0.09375

3.03125 0.0891602
3.03161 0.09375

3.03544 0.09375
3.03154 0.125

3.0625 0.0165562
3.09777 0

3 0.174688
3.03243 0.125

3 0.194647
3.00467 0.1875

3.125 0.0114076
3.19889 0

3.25 0.00525251
3.36724 0

4 -0.00440263
3.66065 0

3.5 0.000601862
3.54639 0

-2.01562 0.728213
-2.02134 0.734375

-2.02777 0.734375
-2.01562 0.744359

-2.01562 0.721659
-2.00529 0.734375

-2.01562 0.738386
-2.01132 0.734375

-2 -0.0587068
-1.98532 -0.046875

-1.98438 -0.0351736
-1.98458 -0.03125

-1.98438 -0.053908
-1.97975 -0.046875

-1.9825 -0.046875
-1.98426 -0.03125

-1.99983 -0.03125
-1.99548 -0.015625

-2 -0.0139736
-1.98438 -0.00677924

-1.98438 -0.0182682
-1.97817 -0.015625

-1.96875 -0.0167632
-1.9631 -0.015625

-1.96543 -0.015625
-1.95312 -0.013537

-1.95312 -0.0116572
-1.9375 -0.0100391

-1.9375 -0.0113629
-1.92188 -0.0121818

-1.92188 -0.0121504
-1.90625 -0.0128217

-1.90625 -0.012629
-1.89062 -0.0136009

-1.89062 -0.0137773
-1.875 -0.0150823

-1.85938 -0.0163986
-1.8683 -0.015625

-1.875 -0.0150524
-1.86839 -0.015625

-1.85938 -0.0164655
-1.84375 -0.017811

-1.84375 -0.017842
-1.82812 -0.0189897

-1.82812 -0.0190451
-1.8125 -0.019822

-1.8125 -0.0198331
-1.79688 -0.0201061

-1.79688 -0.0201035
-1.78125 -0.0198559

-1.78125 -0.0198322
-1.76562 -0.0191167

-1.76562 -0.0190682
-1.75 -0.018029

-1.75 -0.0179631
-1.73438 -0.0168292

-1.73438 -0.0167717
-1.71875 -0.0157899

-1.71875 -0.0157619
-1.7155 -0.015625

-1.71551 -0.015625
-1.70312 -0.0151035

-1.70312 -0.0151127
-1.6875 -0.0148175

-1.6875 -0.014863
-1.67188 -0.0148213

-1.67188 -0.0148799
-1.65625 -0.0148833

-1.65625 -0.0149213
-1.64062 -0.0147768

-1.64062 -0.0147779
-1.625 -0.0144074

-1.625 -0.0143869
-1.60938 -0.0138292

-1.60938 -0.0138145
-1.59375 -0.0131398

-1.59375 -0.013151
-1.57812 -0.0123664

-1.57812 -0.0124091
-1.5625 -0.0114067

-1.5625 -0.0114786
-1.54688 -0.010029

-1.54688 -0.0101339
-1.53125 -0.00788353

-1.53125 -0.00800219
-1.51562 -0.00450383

-1.51562 -0.00441748
-1.50123 0

-1.50151 0
-1.5 0.000464752

-1.26562 -0.000846491
-1.27804 0

-1.26562 -0.000862802
-1.25 -0.00178613

-1.25 -0.00177183
-1.23438 -0.00255003

-1.23438 -0.00254975
-1.21875 -0.00321197

-1.21875 -0.00320937
-1.20312 -0.00376137

-1.20312 -0.00376037
-1.1875 -0.00420937

-1.1875 -0.0042155
-1.17188 -0.00455123

-1.17188 -0.00456056
-1.15625 -0.00475211

-1.15625 -0.00476261
-1.14062 -0.00477035

-1.14062 -0.00478183
-1.125 -0.00456181

-1.125 -0.00457787
-1.10938 -0.00407498

-1.10938 -0.00409139
-1.09375 -0.00324069

-1.09375 -0.00324998
-1.07812 -0.00200007

-1.07812 -0.00197414
-1.0625 -0.000358265

-1.0625 -0.000314177
-1.0598 0

-1.5 0.000792256
-1.48438 0.00588478

-1.48438 0.00633083
-1.46875 0.0100153

-1.46875 0.00989787
-1.45312 0.0115169

-1.45312 0.0111231
-1.4375 0.0116991

-1.4375 0.011622
-1.42188 0.0120969

-1.42188 0.0122314
-1.40625 0.0124903

-1.40625 0.0126401
-1.39062 0.0121142

-1.39062 0.0121042
-1.375 0.010514

-1.375 0.0103047
-1.35938 0.00808902

-1.35938 0.00796937
-1.34375 0.00578598

-1.34375 0.00575331
-1.32812 0.00390687

-1.32812 0.00391311
-1.3125 0.0024565

-1.3125 0.0025117
-1.29688 0.00132204

-1.29688 0.00136327
-1.28125 0.000247693

-1.28125 0.000217142
-1.27806 0

-1.05991 0
-1.04688 0.00151946

-1.04688 0.0015398
-1.03125 0.00341313

-1.03125 0.00344008
-1.01562 0.00526667

-1.01562 0.00529095
-1 0.00696838

