-4 -0.00510305
-3.67721 0

-3.5482 0
-3.5 0.000761942

-3.5 -0.00243028
-3.4536 0

-3.25 -0.00302823
-3.23056 0

-3.125 -0.00407282
-3.11127 0

1.5 -0.198316
1.51562 -0.198445

1.51562 -0.198433
1.53125 -0.198955

1.53125 -0.198994
1.54688 -0.199858

1.54688 -0.199944
1.5625 -0.200902

1.5625 -0.200865
1.57812 -0.201819

1.57812 -0.201823
1.59375 -0.202839

1.60938 -0.203831
1.59728 -0.203125

1.59375 -0.202915
1.59735 -0.203125

-3 -0.0681561
-3.00006 -0.0625

-3.0625 -0.000562818
-3.06123 0

-3.00034 -0.0625
-3 -0.0617122

-3.03125 -0.00107344
-3.02502 0

-3.40521 0
-3.25 0.00814836

1.60938 -0.203787
1.625 -0.204525

-3.21964 0
-3.125 0.015746

-3.10699 0
-3.0625 0.0244948

1.625 -0.204519
1.64062 -0.20518

1.64062 -0.205187
1.65625 -0.205769

-3.0625 0.0111001
-3.03803 0.03125

-3.05015 0.03125
-3.03475 0.0625

1.65625 -0.20577
1.67188 -0.206258

1.67188 -0.206246
1.6875 -0.206661

-3.03125 0.0247913
-3.02225 0.03125

-3.03125 0.0503944
-3.02741 0.0625

1.6875 -0.206636
1.70312 -0.207054

1.70312 -0.207045
1.71875 -0.207535

-3.04379 0.0625
-3.03529 0.09375

-3.03709 0.09375
-3.03125 0.106702

-3.03125 0.0816624
-3.02723 0.09375

-3.03125 0.0995453
-3.01223 0.125

-3.02308 0.125
-3 0.153617

1.71875 -0.207545
1.73438 -0.208107

0 -0.0870412
0.015625 -0.0900512

0.015625 -0.0900098
0.03125 -0.092768

1.73438 -0.208129
1.75 -0.208702

-2.98438 -0.0840974
-2.99915 -0.078125

-3 -0.0775422
-2.98438 -0.0763762

-2.98438 -0.0874797
-2.98277 -0.078125

0.046875 -0.0954174
0.0374806 -0.09375

0.046875 -0.0955209
0.0625 -0.0983497

0.03125 -0.092727
0.0370136 -0.09375

0.0625 -0.0984029
0.078125 -0.101037

0.078125 -0.101082
0.09375 -0.103325

1.75 -0.208714
1.76562 -0.20923

1.76562 -0.209235
1.78125 -0.209662

1.78125 -0.209671
1.79688 -0.209981

1.79688 -0.209985
1.8125 -0.210154

1.8125 -0.210143
1.82812 -0.210185

1.82812 -0.210174
1.84375 -0.210135

1.84375 -0.210129
1.85938 -0.210044

1.85938 -0.210054
1.875 -0.209916

-0.96875 -0.00249465
-0.980352 0

-0.96875 -0.00251521
-0.953125 -0.00527914

-0.953125 -0.00528346
-0.9375 -0.00732203

0.09375 -0.103293
0.109375 -0.10512

0.109375 -0.105002
0.125 -0.106716

0.234375 -0.126678
0.222754 -0.125

0.234375 -0.126794
0.25 -0.128139

1.875 -0.209926
1.89062 -0.209694

1.89062 -0.209699
1.90625 -0.209343

0.125 -0.106656
0.140625 -0.108613

0.15625 -0.110962
0.146298 -0.109375

1.90625 -0.209347
1.92188 -0.208848

1.92188 -0.208846
1.9375 -0.208199

-0.9375 -0.0072288
-0.921875 -0.00871979

0.140625 -0.108647
0.145193 -0.109375

1.9375 -0.208178
1.95312 -0.207428

0.15625 -0.111124
0.171875 -0.114111

-0.921875 -0.008473
-0.90625 -0.0100964

0.171875 -0.114096
0.1875 -0.117397

-0.90625 -0.00998691
-0.890625 -0.0124554

-0.890625 -0.0126247
-0.876009 -0.015625

1.95312 -0.207396
1.96875 -0.206651

-0.875 -0.0159181
-0.859375 -0.0193539

1.96875 -0.206624
1.98438 -0.205999

0.1875 -0.117419
0.203125 -0.121023

-0.859375 -0.0196748
-0.84375 -0.0225118

0.203125 -0.121364
0.21875 -0.124543

0.21875 -0.124547
0.221889 -0.125

-0.84375 -0.0222828
-0.828125 -0.0243371

-0.828125 -0.0240683
-0.8125 -0.0263355

1.98438 -0.205992
2 -0.205556

-0.8125 -0.0268379
-0.796875 -0.0288508

-0.796875 -0.0294433
-0.78125 -0.029012

-0.78125 -0.0281476
-0.765625 -0.025816

-0.765625 -0.0251693
-0.75 -0.0239598

0.25 -0.12781
0.265625 -0.128725

0.265625 -0.128614
0.28125 -0.129983

0.28125 -0.129779
0.296875 -0.13223

0.296875 -0.13235
0.3125 -0.136051

-0.75 -0.0243317
-0.734375 -0.024794

0.3125 -0.136579
0.328125 -0.140235

0.34375 -0.142967
0.331629 -0.140625

0.328125 -0.140273
0.329944 -0.140625

0.34375 -0.14335
0.359375 -0.145538

0.359375 -0.145238
0.375 -0.14654

0 0.9843
0.000132852 0.984375

0 0.990597
0.0086232 1

-0.734375 -0.024943
-0.71875 -0.026035

-0.71875 -0.026061
-0.703125 -0.0274325

-0.703125 -0.0276085
-0.6875 -0.0288556

0.375 -0.146525
0.390625 -0.14757

0.390625 -0.147588
0.40625 -0.148369

0.40625 -0.148333
0.421875 -0.148888

-0.6875 -0.028903
-0.671875 -0.029579

-0.671875 -0.0295126
-0.65625 -0.0296552

0.3125 0.974679
0.303478 0.984375

0.421875 -0.148879
0.4375 -0.149297

0.298489 0.984375
0.3125 0.996964

0.3125 0.96874
0.312551 0.96875

-0.65625 -0.0295849
-0.640625 -0.0294673

0.3125 0.969715
0.325605 0.984375

0.4375 -0.149258
0.453125 -0.149635

-0.640625 -0.0294329
-0.625 -0.0292646

0.453125 -0.149612
0.46875 -0.150074

-0.625 -0.0292643
-0.609375 -0.0291145

0.46875 -0.150062
0.484375 -0.15068

0.3125 0.992391
0.32109 0.984375

0.484375 -0.150723
0.5 -0.151434

-0.609375 -0.0291282
-0.59375 -0.0289699

0 1.01324
0.014504 1

-3 -0.0623512
-2.98803 -0.0625

-0.59375 -0.0289565
-0.578125 -0.0287892

-3 -0.0313468
-2.99192 -0.03125

-3 -0.0160456
-2.98438 -0.0160456

-0.578125 -0.028789
-0.5625 -0.02864

-0.5625 -0.0286078
-0.546875 -0.0285418

0.53125 0.993829
0.525808 1

-0.546875 -0.0285142
-0.53125 -0.0286504

-3 -0.00100338
-2.98438 -0.00100338

0.53125 0.997004
0.534134 1

-0.53125 -0.0285852
-0.515625 -0.0291091

-0.515625 -0.0290318
-0.5 -0.0302281

0.65625 0.96355
0.651466 0.96875

0.652312 0.96875
0.65625 0.972516

-1 0.00450559
-0.984375 0.0011382

-0.984375 0.00100833
-0.979685 0

0.65625 0.964513
0.660295 0.96875

0.65625 0.973397
0.66129 0.96875

0.5 -0.151505
0.515625 -0.152079

0.515625 -0.15212
0.53125 -0.152334

0.53125 -0.152297
0.546875 -0.152142

0.546875 -0.152029
0.5625 -0.151805

-3 0.0130318
-2.98438 0.0130318

-3 0.0256936
-2.98438 0.0256936

0.528815 1
0.53125 1.00235

0.53125 1.00534
0.537284 1

0.5625 -0.151711
0.578125 -0.151835

0.578125 -0.15184
0.59375 -0.15249

-3 0.0404423
-2.98438 0.0404423

-0.484375 -0.0318156
-0.489489 -0.03125

-3 0.0518785
-2.98438 0.0518785

0.59375 -0.152592
0.609375 -0.153553

0.609375 -0.153663
0.625 -0.15451

-3 0.0743179
-2.98438 0.0743179

-3 0.0834791
-2.98438 0.0834791

-0.484375 -0.0321244
-0.46875 -0.0340478

-0.5 -0.0306537
-0.494609 -0.03125

0.625 -0.154534
0.640625 -0.154999

-3 0.106051
-2.97616 0.125

0.640625 -0.15491
0.65625 -0.155123

-2.99638 0.125
-2.97197 0.15625

0.65625 -0.155031
0.671875 -0.155354

0.671875 -0.155323
0.6875 -0.156002

0.703125 -0.15714
0.69145 -0.15625

-3 0.158499
-2.97253 0.1875

0.703125 -0.157206
0.71875 -0.158882

0.6875 -0.15597
0.691171 -0.15625

-2.96875 0.148421
-2.95426 0.15625

-2.96875 0.15697
-2.95312 0.163452

-2.95422 0.171875
-2.95312 0.173064

0.71875 -0.158932
0.734375 -0.160874

-2.95255 0.171875
-2.9512 0.1875

0.734375 -0.16091
0.75 -0.162943

-2.97391 0.1875
-2.96875 0.191104

-0.46875 -0.0341733
-0.453125 -0.0359993

-2.96112 0.1875
-2.9375 0.214916

-2.9375 0.209748
-2.9292 0.21875

0.75 -0.162959
0.765625 -0.164979

0.765625 -0.165
0.78125 -0.166934

2 -0.205568
2.01562 -0.205312

0.78125 -0.166964
0.796875 -0.16871

-2.93318 0.21875
-2.90625 0.248729

0.796875 -0.168739
0.8125 -0.170181

-0.453125 -0.0360745
-0.4375 -0.0374014

0.8125 -0.170159
0.828125 -0.171284

-2.90686 0.25
-2.90625 0.251133

0.84375 -0.172194
0.839361 -0.171875

-2.9097 0.28125
-2.90625 0.297606

-0.4375 -0.0373587
-0.421875 -0.0381217

-0.421875 -0.0380677
-0.40625 -0.0384603

0.828125 -0.171186
0.837614 -0.171875

0.84375 -0.172291
0.859375 -0.17369

0.859375 -0.173758
0.875 -0.175261

-0.40625 -0.0383162
-0.390625 -0.0387346

0.875 -0.175273
0.890625 -0.176719

-0.390625 -0.0386178
-0.375 -0.0395839

-2.90575 0.25
-2.89125 0.265625

2.01562 -0.205334
2.03125 -0.205189

0.890625 -0.176719
0.90625 -0.178083

2.03125 -0.205214
2.04688 -0.205085

-0.375 -0.0397029
-0.359375 -0.0412121

0.90625 -0.178077
0.921875 -0.179371

-2.89062 0.279957
-2.89071 0.28125

2.04688 -0.205114
2.0625 -0.20489

-2.89062 0.252267
-2.88064 0.265625

2.0625 -0.204908
2.07812 -0.204498

0.921875 -0.179368
0.9375 -0.180611

-0.359375 -0.0413129
-0.34375 -0.0429252

0.9375 -0.18061
0.953125 -0.18181

-2.88629 0.265625
-2.88731 0.28125

0.953125 -0.181811
0.96875 -0.182971

-2.89987 0.28125
-2.8786 0.3125

2.07812 -0.204494
2.09375 -0.20387

-2.90916 0.3125
-2.90625 0.316839

0.96875 -0.18296
0.984375 -0.184096

-0.34375 -0.0429709
-0.328125 -0.0443932

0.984375 -0.184073
1 -0.185252

-2.90114 0.3125
-2.875 0.324081

-0.328125 -0.0443558
-0.3125 -0.0455716

2.09375 -0.203855
2.10794 -0.203125

-0.3125 -0.0456387
-0.296875 -0.0465884

-0.28125 -0.0469402
-0.288436 -0.046875

2.10801 -0.203125
2.10938 -0.203055

2.10938 -0.203042
2.125 -0.20211

-2.875 0.293655
-2.86233 0.296875

2.125 -0.20211
2.14062 -0.20107

2.14062 -0.201083
2.15625 -0.199906

2.15625 -0.199937
2.17188 -0.198535

2.17188 -0.198572
2.1875 -0.196809

-0.296875 -0.0467876
-0.287247 -0.046875

-2.875 0.300697
-2.85938 0.299364

-2.85938 0.304371
-2.84821 0.3125

-2.85388 0.3125
-2.84375 0.317316

-2.84375 0.314631
-2.82836 0.328125

-2.82839 0.328125
-2.82812 0.32839

2.1875 -0.196849
2.20312 -0.194571

2.20312 -0.194554
2.21875 -0.191711

2.21875 -0.191571
2.23438 -0.188475

-2.82812 0.33149
-2.81488 0.34375

2.23438 -0.188366
2.23912 -0.1875

2.23913 -0.1875
2.25 -0.185514

-2.81368 0.34375
-2.8125 0.345066

-0.265625 -0.0468769
-0.26628 -0.046875

-0.28125 -0.0463817
-0.265625 -0.0464122

-0.25 -0.0473181
-0.259212 -0.046875

-2.8125 0.344402
-2.79688 0.356419

2.25 -0.185676
2.26562 -0.182956

-0.265625 -0.0465249
-0.258345 -0.046875

-2.79751 0.359375
-2.79688 0.360989

-2.79688 0.356678
-2.79361 0.359375

1.03125 -0.187949
1.02627 -0.1875

2.26562 -0.183285
2.28125 -0.179717

2.28125 -0.178824
2.29688 -0.175536

2.29688 -0.175137
2.3125 -0.174716

1.03125 -0.188035
1.04688 -0.18937

2.3125 -0.175857
2.32812 -0.176817

-0.25 -0.0474637
-0.234375 -0.0483364

-2.7896 0.359375
-2.78125 0.372646

-0.234375 -0.0481196
-0.21875 -0.0492192

-2.78125 0.371742
-2.77764 0.375

2.32812 -0.176864
2.34375 -0.17683

2.34375 -0.176647
2.35938 -0.17589

2.35938 -0.175912
2.375 -0.174754

-2.80036 0.375
-2.78125 0.40421

2.375 -0.174708
2.39062 -0.1732

-2.80121 0.40625
-2.78125 0.424447

1.04688 -0.189361
1.0625 -0.190517

-2.77929 0.375
-2.75 0.394486

-0.21875 -0.0491622
-0.203125 -0.0510361

2.39062 -0.173114
2.4028 -0.171875

-0.203125 -0.0511438
-0.1875 -0.0536904

2.40269 -0.171875
2.40625 -0.171513

1 -0.185233
1.01562 -0.186537

1.01562 -0.186579
1.02584 -0.1875

1.0625 -0.190523
1.07812 -0.191509

1.07812 -0.191492
1.09375 -0.192329

1.09375 -0.192298
1.10938 -0.19308

-0.140625 -0.0627266
-0.141851 -0.0625

1.10938 -0.193072
1.125 -0.193877

2.40625 -0.171438
2.42188 -0.170112

1.125 -0.193873
1.14062 -0.194723

-0.140625 -0.0627713
-0.125 -0.065201

1.14062 -0.194729
1.15625 -0.195621

-0.1875 -0.0537439
-0.171875 -0.0566409

-2.78125 0.409832
-2.75 0.418143

-0.171875 -0.0566963
-0.15625 -0.0597259

-0.15625 -0.0598054
-0.141669 -0.0625

2.42188 -0.170149
2.4375 -0.16918

2.4375 -0.169243
2.45312 -0.168432

-2.75 0.395468
-2.73438 0.405286

2.45312 -0.168385
2.46875 -0.167699

-0.125 -0.0652109
-0.109375 -0.067011

2.46875 -0.167534
2.48438 -0.167395

1.15625 -0.195626
1.17188 -0.19654

-2.73438 0.404328
-2.73118 0.40625

1.17188 -0.196549
1.1875 -0.197458

2.48438 -0.167385
2.5 -0.168146

1.1875 -0.19747
1.20312 -0.198329

-0.109375 -0.0669063
-0.09375 -0.0682666

1.20312 -0.198342
1.21875 -0.199101

1.21875 -0.199106
1.23438 -0.199732

-2.73829 0.40625
-2.71875 0.416315

-2.71875 0.413734
-2.70351 0.421875

-0.09375 -0.0680897
-0.078125 -0.0695736

1.23438 -0.199725
1.25 -0.200223

-0.078125 -0.0694113
-0.0625 -0.0716968

-2.71235 0.421875
-2.70312 0.426745

-2.70312 0.424499
-2.6875 0.433081

-2.6875 0.431192
-2.67667 0.4375

-2.67987 0.4375
-2.67188 0.442159

-0.0625 -0.0717075
-0.046875 -0.0750978

1.25 -0.200212
1.26562 -0.200617

-2.67188 0.44125
-2.65625 0.452747

-0.03125 -0.0793908
-0.0360767 -0.078125

1.26562 -0.200616
1.28125 -0.200952

-0.046875 -0.0752826
-0.0360365 -0.078125

-0.03125 -0.0795894
-0.015625 -0.0836066

-0.015625 -0.083632
0 -0.087106

1.28125 -0.200963
1.29688 -0.201212

1.29688 -0.20122
1.3125 -0.201345

1.3125 -0.201335
1.32812 -0.201338

1.32812 -0.201315
1.34375 -0.201262

-2.65625 0.454131
-2.64062 0.464871

-2.64062 0.463394
-2.63147 0.46875

2.5 -0.168282
2.51562 -0.169692

1.34375 -0.201254
1.35938 -0.201206

2.51562 -0.169809
2.53125 -0.17136

-2.63294 0.46875
-2.625 0.473854

2.54688 -0.17287
2.53707 -0.171875

2.53125 -0.17132
2.53672 -0.171875

2.54688 -0.172966
2.5625 -0.174546

-2.625 0.472842
-2.60938 0.482739

-2.60938 0.483441
-2.60767 0.484375

-2.60859 0.484375
-2.59375 0.492684

-2.59375 0.490426
-2.57812 0.499424

2.5625 -0.174633
2.57812 -0.175867

2.57812 -0.176053
2.59375 -0.176393

1.35938 -0.201229
1.375 -0.201156

2.59375 -0.17649
2.60938 -0.175371

1.375 -0.201181
1.39062 -0.200986

1.39062 -0.200966
1.40625 -0.200638

2.60938 -0.175368
2.625 -0.172605

2.62439 -0.171875
2.625 -0.171768

1.40625 -0.200609
1.42188 -0.200243

1.42188 -0.200262
1.4375 -0.199877

2.625 -0.17244
2.62815 -0.171875

2.625 -0.171752
2.64062 -0.168944

-2.34375 0.461921
-2.35483 0.46875

1.4375 -0.199885
1.45312 -0.199429

2.64062 -0.168932
2.65625 -0.167802

1.45312 -0.19939
1.46875 -0.198925

1.46875 -0.198905
1.48438 -0.198545

2.65625 -0.167976
2.67188 -0.168314

2.67188 -0.168515
2.6875 -0.169571

-2.36514 0.46875
-2.36566 0.484375

-2.36393 0.484375
-2.35938 0.487801

2.6875 -0.169729
2.70312 -0.170787

1.48438 -0.198524
1.5 -0.198352

2.70312 -0.170889
2.71875 -0.171428

-2.35938 0.477049
-2.35814 0.484375

-2.3579 0.484375
-2.34375 0.490174

-2.34375 0.463606
-2.32812 0.454572

2.71875 -0.171373
2.73438 -0.171302

2.73438 -0.171173
2.75 -0.170858

-2.3125 0.443003
-2.32693 0.453125

-2.32812 0.454567
-2.326 0.453125

-2.34375 0.488217
-2.32812 0.487947

-2.32812 0.487374
-2.3125 0.485263

-2.29688 0.431757
-2.30476 0.4375

-2.28125 0.4193
-2.28499 0.421875

-2.29688 0.431401
-2.28335 0.421875

-2.25 0.406005
-2.25076 0.40625

2.75 -0.170735
2.76562 -0.170682

2.76562 -0.170732
2.78125 -0.171088

-2.28125 0.419452
-2.26562 0.410849

-2.26562 0.410998
-2.25088 0.40625

-2.3125 0.442503
-2.30557 0.4375

2.79688 -0.171889
2.79655 -0.171875

2.78125 -0.171078
2.79688 -0.171761

-2.29688 0.482598
-2.30785 0.484375

-2.3125 0.485123
-2.30797 0.484375

-2.29688 0.482565
-2.28125 0.479758

-2.28125 0.479857
-2.26562 0.476632

-2.26562 0.476752
-2.25 0.472669

2.79688 -0.171918
2.8125 -0.172632

-0.125 0.973569
-0.134464 0.984375

-2.23438 0.403884
-2.24972 0.40625

-0.12892 0.984375
-0.125 0.988145

-2.23438 0.404349
-2.21875 0.402982

-2.21875 0.401588
-2.20312 0.403121

-2.20312 0.400942
-2.19421 0.40625

-2.19465 0.40625
-2.1875 0.414964

-2.1875 0.429194
-2.19051 0.4375

-2.23438 0.467216
-2.23859 0.46875

2.8125 -0.172611
2.82812 -0.173085

2.82812 -0.17321
2.84375 -0.173238

2.84375 -0.172982
2.85938 -0.172824

-2.23438 0.467287
-2.21875 0.459406

-2.25 0.472927
-2.23851 0.46875

-2.20312 0.448655
-2.20932 0.453125

-2.21875 0.459812
-2.20904 0.453125

-2.20312 0.449161
-2.19217 0.4375

-2.20312 0.495519
-2.20986 0.5

-0.125 0.979395
-0.120219 0.984375

-0.125 0.993653
-0.11445 0.984375

-2.1875 0.481663
-2.19017 0.484375

-2.20312 0.495618
-2.19041 0.484375

-2.1875 0.413882
-2.18394 0.421875

-2.1875 0.429752
-2.18505 0.421875

-2.17188 0.463091
-2.17692 0.46875

-2.15625 0.449372
-2.16222 0.453125

-2.17188 0.461268
-2.1615 0.453125

-2.1875 0.480844
-2.17648 0.46875

-2.15625 0.448893
-2.14062 0.446269

-2.14062 0.445879
-2.12585 0.453125

-2.12805 0.453125
-2.125 0.454798

-2.09375 0.352919
-2.09802 0.359375

-2.09803 0.359375
-2.10419 0.375

-2.07812 0.335468
-2.08678 0.34375

-2.0625 0.324891
-2.06761 0.328125

0 0.984707
-0.013889 1

-2.07812 0.335688
-2.0673 0.328125

-2.09375 0.352991
-2.08686 0.34375

-2.01562 0.307894
-2.02966 0.3125

2.85938 -0.173013
2.875 -0.172802

-0.00839587 1
0 1.00772

-2.01562 0.307968
-2 0.302742

-2.0625 0.32531
-2.04688 0.318006

2.875 -0.172411
2.89062 -0.172551

2.89062 -0.173021
2.90625 -0.173353

-2.04688 0.318405
-2.03125 0.31281

-2.03125 0.313119
-2.02936 0.3125

-2.10463 0.375
-2.1052 0.390625

-2.10471 0.390625
-2.0998 0.40625

2.90625 -0.172559
2.92188 -0.173733

2.92188 -0.175788
2.9375 -0.175282

-2.09835 0.40625
-2.09375 0.417413

-2.09375 0.41721
-2.09183 0.421875

-2.0916 0.421875
-2.08716 0.4375

-2.125 0.454269
-2.11239 0.46875

2.9375 -0.179727
2.95022 -0.171875

2.94424 -0.171875
2.95312 -0.161544

-2.11479 0.46875
-2.10938 0.477664

-2.10938 0.476867
-2.10552 0.484375

-2.10227 0.484375
-2.09843 0.5

-2.08749 0.4375
-2.08497 0.453125

-2.08634 0.453125
-2.08234 0.46875

-2.08084 0.46875
-2.07812 0.476407

2.95154 -0.15625
2.95312 -0.153378

2.95312 -0.152818
2.95983 -0.140625

-2.07812 0.475063
-2.07323 0.484375

-2.06808 0.484375
-2.06772 0.5

2.96407 -0.140625
2.96875 -0.131516

-2.58285 0.5
-2.5625 0.510172

-2.5625 0.50861
-2.54688 0.51408

-2.54688 0.513606
-2.54224 0.515625

-2.54286 0.515625
-2.53125 0.520682

-2.53125 0.520928
-2.51562 0.528982

-2.51562 0.529748
-2.51121 0.53125

-2.51377 0.53125
-2.5 0.536417

2.9685 -0.125
2.96875 -0.124264

2.96875 -0.124518
2.98099 -0.09375

2.98398 -0.09375
2.98438 -0.0916667

2.98414 -0.078125
2.98172 -0.0625

-2.5 0.533928
-2.48438 0.537218

-2.48438 0.537225
-2.46875 0.542566

2.98742 -0.09375
2.99039 -0.078125

2.98375 -0.0625
2.98436 -0.046875

2.98408 -0.046875
2.98424 -0.03125

-2.46875 0.543119
-2.45624 0.546875

-2.46272 0.546875
-2.45312 0.549755

2.98438 -0.0475726
2.98438 -0.046875

2.98426 -0.03125
2.98438 -0.0288683

-2.45312 0.548663
-2.4375 0.549889

-2.4375 0.548827
-2.42188 0.548587

2.98438 -0.0169282
2.98444 -0.015625

2.98473 -0.015625
2.98658 0

-2.42188 0.548586
-2.40625 0.549009

-2.40625 0.549414
-2.39062 0.549689

-2.39062 0.549731
-2.375 0.548966

-2.375 0.548889
-2.35938 0.547152

-2.34375 0.544729
-2.35834 0.546875

-2.35938 0.546952
-2.35885 0.546875

-2.34375 0.544812
-2.32812 0.542035

-2.32812 0.542065
-2.3125 0.538572

-2.28125 0.529514
-2.28715 0.53125

-2.3125 0.538592
-2.29688 0.534286

-2.29688 0.533933
-2.28775 0.53125

-2.28125 0.529637
-2.26562 0.524857

-2.26562 0.524954
-2.25 0.519336

-2.23438 0.512938
-2.24102 0.515625

-2.25 0.519103
-2.24139 0.515625

-2.23438 0.513355
-2.21875 0.505675

-2.21875 0.505767
-2.20999 0.5

2.98438 0.0276588
2.9839 0.03125

2.9877 0
2.9884 0.015625

-2.10701 0.5
-2.09883 0.515625

-2.10069 0.515625
-2.09375 0.520686

-2.07812 0.512324
-2.09008 0.515625

-2.09375 0.522121
-2.07812 0.518596

-2.07812 0.510875
-2.07105 0.5

2.98775 0.015625
2.9857 0.03125

2.98438 0.0332738
2.98326 0.046875

2.98408 0.046875
2.98413 0.0625

-2.07812 0.521122
-2.07368 0.515625

-2.01562 0.728233
-2.0213 0.734375

2.98438 0.0356704
2.98481 0.03125

2.984 0.0625
2.98402 0.078125

2.98406 0.078125
2.98421 0.09375

-2.02782 0.734375
-2.01562 0.744346

-2.01562 0.721581
-2.00529 0.734375

-2.01562 0.738286
-2.01141 0.734375

2.98438 0.0934306
2.98438 0.09375

2.98456 0.09375
2.98357 0.125

2.92188 0.214014
2.9375 0.203276

2.92905 0.21875
2.92528 0.25

2.95312 0.138961
2.96875 0.131352

2.95312 0.155756
2.96776 0.140625

2.95312 0.160554
2.94927 0.171875

2.95038 0.171875
2.94871 0.1875

2.95312 0.164761
2.95766 0.15625

2.95312 0.174866
2.95343 0.171875

2.98886 0.125
2.97007 0.15625

3 0.184497
2.99832 0.1875

2.94843 0.1875
2.95326 0.21875

2.96875 0.231905
2.95226 0.25

2.99341 0.1875
2.97235 0.21875

2.96875 0.238928
2.97546 0.21875

2.875 0.294108
2.86676 0.296875

2.85938 0.297583
2.875 0.297583

2.89062 0.27602
2.8885 0.28125

2.90068 0.265625
2.90625 0.278159

2.89867 0.28125
2.90625 0.286739

2.91062 0.25
2.9375 0.277961

2.9375 0.267518
2.99275 0.25

3 -0.0754401
3.00219 -0.0625

3 -0.050744
3.00023 -0.0625

3 -0.00252956
3.00129 0

3.0625 -0.00318522
3.05339 0

3.125 -0.0062555
3.09926 0

3.25 -0.00464265
3.21919 0

3.5 -0.00321047
3.43709 0

3 0.0302641
3.01562 0.03125

3.03125 0.0251773
3.05984 0

3.03848 0.03125
3.0321 0.0625

3.03125 0.111409
3.02006 0.125

3.03723 0.0625
3.04089 0.09375

3.04891 0.09375
3.03847 0.125

3.0625 0.0181553
3.09457 0

3 0.174409
3.02659 0.125

3.125 0.0133871
3.20297 0

-1.89062 0.247566
-1.89494 0.25

3.25 0.00650237
3.37687 0

4 -0.00605934
3.6077 0

-1.89062 0.247643
-1.875 0.239552

-1.85938 0.231974
-1.86427 0.234375

-1.875 0.239686
-1.86416 0.234375

-1.85938 0.231872
-1.84375 0.224697

3.5 0.000398083
3.52577 0

-1.82812 0.218063
-1.8297 0.21875

-1.82812 0.217981
-1.8125 0.211334

-1.84375 0.224901
-1.82964 0.21875

-1.75 0.184349
-1.75742 0.1875

-1.8125 0.21151
-1.79688 0.20489

-1.78125 0.1979
-1.79306 0.203125

-1.79688 0.205042
-1.79254 0.203125

-1.78125 0.19779
-1.76562 0.190949

-1.76562 0.19111
-1.75712 0.1875

-2 0.30275
-1.98438 0.297282

-1.96875 0.291425
-1.98302 0.296875

-1.98438 0.297501
-1.98274 0.296875

-1.9375 0.275647
-1.94767 0.28125

-1.96875 0.291662
-1.95312 0.284499

-1.95312 0.284633
-1.94699 0.28125

-1.9375 0.275574
-1.92188 0.266139

-1.90625 0.256506
-1.92138 0.265625

-1.92188 0.266101
-1.92107 0.265625

-1.90625 0.256449
-1.89481 0.25

-1.75 0.18418
-1.73438 0.178033

-1.73438 0.178169
-1.71875 0.172713

-1.70312 0.167495
-1.71591 0.171875

-1.71875 0.172968
-1.71556 0.171875

-1.70312 0.167314
-1.6875 0.162149

-1.65625 0.153059
-1.66693 0.15625

-1.6875 0.162184
-1.67188 0.157546

-1.67188 0.157914
-1.6663 0.15625

-1.65625 0.152902
-1.64062 0.148154

-1.64062 0.148233
-1.625 0.143689

-1.53125 0.122272
-1.54211 0.125

-1.53125 0.122452
-1.51562 0.117378

-1.51562 0.117321
-1.5 0.111367

-1.60938 0.139315
-1.61417 0.140625

-1.625 0.143568
-1.61422 0.140625

-1.60938 0.139315
-1.59375 0.135539

-1.59375 0.135565
-1.57812 0.132212

-1.57812 0.132252
-1.5625 0.12919

-1.5625 0.129322
-1.54688 0.126208

-1.54688 0.126861
-1.53947 0.125

-1.48438 0.104582
-1.49607 0.109375

-1.5 0.111711
-1.4943 0.109375

-1.48438 0.105054
-1.46875 0.0980118

-1.45312 0.0896318
-1.46141 0.09375

-1.45312 0.0896234
-1.4375 0.0823794

-1.46875 0.0981817
-1.45983 0.09375

-1.375 0.0604052
-1.3809 0.0625

-1.42188 0.0763202
-1.42662 0.078125

-1.4375 0.0824643
-1.4261 0.078125

-1.42188 0.0768464
-1.40625 0.0713744

-1.40625 0.0713076
-1.39062 0.0656736

-1.39062 0.0653618
-1.38257 0.0625

-1.375 0.0600276
-1.35938 0.054752

-1.35938 0.0545141
-1.34375 0.0500681

-1.34375 0.0499341
-1.32812 0.0470615

-1.3125 0.0457728
-1.32241 0.046875

-1.32812 0.047141
-1.32573 0.046875

-1.3125 0.0457641
-1.29688 0.0442787

-1.29688 0.0444453
-1.28125 0.0427048

-1.28125 0.0427332
-1.26562 0.0403476

-1.26562 0.0401507
-1.25 0.0374572

-1.25 0.0372104
-1.23438 0.0350962

-1.23438 0.0352479
-1.21875 0.0339031

-1.1875 0.0306152
-1.19209 0.03125

-1.21875 0.0342057
-1.20312 0.0327216

-1.20312 0.032645
-1.19303 0.03125

-1.1875 0.0306013
-1.17188 0.0276871

-1.17188 0.0273021
-1.15625 0.0242555

-1.15625 0.0241905
-1.14062 0.0219116

-1.14062 0.0221149
-1.125 0.0203271

-1.125 0.0202005
-1.10938 0.0187502

-1.10938 0.0187191
-1.09375 0.0179214

-1.09375 0.0182568
-1.07812 0.0175033

-1.07812 0.0177028
-1.0625 0.0159235

-1.04688 0.0130132
-1.06247 0.015625

-1.04688 0.0129274
-1.03125 0.0102328

-1.03125 0.0103373
-1.01562 0.00752717

-1.01562 0.00748747
-1 0.0044323

