-4 -0.00377733
-3.71456 0

-3.59602 0
-3.5 0.00127073

-3.5 -0.00191243
-3.457 0

-3.25 -0.0024002
-3.23185 0

-3.125 -0.00370122
-3.11177 0

-3 -0.0635868
-3.00064 -0.0625

-3.0625 -0.000424384
-3.06153 0

-3 -0.0329584
-3.00102 -0.03125

-3.03125 -0.00132198
-3.02735 0

-3.40936 0
-3.25 0.00711882

-3.22001 0
-3.125 0.0135321

-3.1079 0
-3.0625 0.0212055

-3.0625 0.00803348
-3.03321 0.03125

-3.04485 0.03125
-3.03125 0.0573262

-3.03125 0.0308848
-3.03103 0.03125

-3.03125 0.0541525
-3.02874 0.0625

-3.04047 0.0625
-3.03125 0.0879168

-3.03161 0.09375
-3.03125 0.0946715

-3.03125 0.079306
-3.0223 0.09375

-3.02918 0.09375
-3 0.123533

-3.02326 0.125
-3 0.152345

-3.00079 0.1875
-3 0.188284

1.5 -0.175437
1.51562 -0.173809

1.51562 -0.173787
1.53125 -0.172269

1.53125 -0.172191
1.53528 -0.171875

1.53542 -0.171875
1.54688 -0.170978

1.54688 -0.170835
1.5625 -0.170326

-3 -0.063275
-2.98438 -0.063063

1.5625 -0.170183
1.57812 -0.170957

-3 -0.0603982
-2.98438 -0.0613294

-2.98438 -0.0230874
-2.99347 -0.015625

-2.98708 -0.015625
-2.98438 -0.0105564

1.59375 -0.173305
1.58357 -0.171875

1.57812 -0.170909
1.58501 -0.171875

1.59375 -0.173577
1.60938 -0.176341

1.60938 -0.176488
1.625 -0.178823

-2.98438 -0.0157023
-2.98424 -0.015625

0.015625 -0.0629225
0.013815 -0.0625

0.015625 -0.0629051
0.03125 -0.0662859

0.03125 -0.0661504
0.046875 -0.0690901

0.046875 -0.0690706
0.0625 -0.0718773

0 -0.0590141
0.0149341 -0.0625

0.015625 -0.0624236
0.0159782 -0.0625

0.0625 -0.0718812
0.078125 -0.074586

0.078125 -0.0745389
0.09375 -0.0772283

0.109375 -0.0800051
0.0986342 -0.078125

0.09375 -0.0771931
0.0990737 -0.078125

-1 0.181361
-0.984375 0.181496

1.625 -0.178796
1.64062 -0.18046

-2.98438 -0.00226506
-2.97486 -0.015625

0.109375 -0.0800619
0.125 -0.0826454

-0.984375 0.181533
-0.96875 0.181508

-0.96875 0.18154
-0.953125 0.181216

-0.953125 0.181306
-0.9375 0.180438

1.64062 -0.180384
1.65625 -0.181584

1.65625 -0.18156
1.67188 -0.182498

1.67188 -0.182525
1.6875 -0.183197

0.125 -0.0826237
0.140625 -0.0849352

0.140625 -0.0848983
0.15625 -0.0870552

0.15625 -0.0870334
0.171875 -0.089153

0.171875 -0.089152
0.1875 -0.0912801

0.21875 -0.0957327
0.205116 -0.09375

0.1875 -0.0912571
0.203125 -0.093442

0.203125 -0.0933851
0.205634 -0.09375

0.21875 -0.0957263
0.234375 -0.0980615

0.234375 -0.0979978
0.25 -0.100514

0.375 -0.125354
0.372775 -0.125

0.25 -0.100492
0.265625 -0.103362

0.265625 -0.103374
0.28125 -0.10662

0.296875 -0.110265
0.293021 -0.109375

0.28125 -0.106603
0.293249 -0.109375

0.296875 -0.110376
0.3125 -0.114059

0.3125 -0.114111
0.328125 -0.117459

0.328125 -0.117453
0.34375 -0.120376

0.34375 -0.120341
0.359375 -0.122919

0.359375 -0.122821
0.373063 -0.125

0.375 -0.125426
0.390625 -0.127785

0.390625 -0.127896
0.40625 -0.129681

0.40625 -0.12963
0.421875 -0.130721

0.421875 -0.130564
0.4375 -0.131377

0.4375 -0.131329
0.453125 -0.132274

0.453125 -0.132341
0.46875 -0.133377

0.46875 -0.13345
0.484375 -0.134298

0.484375 -0.134165
0.5 -0.134945

0.5 -0.134934
0.515625 -0.135934

0.515625 -0.135953
0.53125 -0.137158

0.53125 -0.136985
0.546875 -0.138703

0.5625 -0.141103
0.55874 -0.140625

0.546875 -0.138967
0.559902 -0.140625

-3 0.0447686
-2.98438 0.0447662

-3 0.0496196
-2.98438 0.0496265

-2.98438 0.0472031
-2.98429 0.046875

-3 0.062685
-2.98438 0.0626875

-3 0.100148
-2.96875 0.112867

-2.96875 0.115125
-2.95934 0.125

-2.98613 0.125
-2.97266 0.15625

-3 0.173337
-2.97844 0.1875

-2.96461 0.125
-2.95312 0.129409

-2.96875 0.145969
-2.96678 0.140625

-2.95312 0.13702
-2.94817 0.140625

-2.94949 0.140625
-2.9375 0.146467

-2.96875 0.156559
-2.96113 0.171875

-2.95733 0.171875
-2.95942 0.1875

-3 0.18868
-2.96875 0.19684

-2.96875 0.202687
-2.95254 0.1875

-2.96875 0.221995
-2.95805 0.21875

-2.9375 0.144913
-2.92188 0.146903

-2.92188 0.145606
-2.90625 0.146947

-2.90625 0.14738
-2.89062 0.149801

-2.89062 0.149835
-2.875 0.152399

-2.875 0.15264
-2.85938 0.154794

-2.85938 0.154908
-2.84375 0.155945

-2.84375 0.155825
-2.82812 0.15576

-2.82812 0.155417
-2.8125 0.155172

-2.8125 0.154934
-2.79688 0.15567

-2.79688 0.155623
-2.79243 0.15625

-2.79283 0.15625
-2.78125 0.157884

-2.78125 0.15797
-2.76562 0.161453

-2.76562 0.16172
-2.75 0.165747

0.5625 -0.140988
0.578125 -0.142653

0.578125 -0.142586
0.59375 -0.144059

0.59375 -0.144071
0.609375 -0.145463

0.609375 -0.145424
0.625 -0.146789

1.6875 -0.183206
1.70312 -0.18354

1.70312 -0.183485
1.71875 -0.183574

1.71875 -0.183496
1.73438 -0.183604

1.73438 -0.183488
1.75 -0.184005

1.78125 -0.189424
1.77325 -0.1875

1.78125 -0.189331
1.79688 -0.194866

1.79688 -0.195192
1.8125 -0.201092

1.75 -0.183752
1.76562 -0.185415

1.76562 -0.184869
1.77657 -0.1875

1.82812 -0.206503
1.81756 -0.203125

1.8125 -0.201204
1.8185 -0.203125

1.82812 -0.206403
1.84375 -0.209874

1.84375 -0.209784
1.85938 -0.211896

-2.90625 0.273132
-2.92034 0.28125

1.85938 -0.211827
1.875 -0.212898

-0.9375 0.180422
-0.921875 0.17886

-0.921875 0.178776
-0.90625 0.176721

-0.90625 0.176943
-0.890625 0.174121

1.875 -0.212849
1.89062 -0.213116

-0.875 0.170173
-0.882984 0.171875

0.625 -0.146528
0.640625 -0.148466

-0.890625 0.173981
-0.880745 0.171875

0.640625 -0.148543
0.65625 -0.151421

-2.90625 0.288609
-2.91303 0.3125

0.6875 -0.157585
0.679851 -0.15625

-2.90625 0.276215
-2.90586 0.28125

0.65625 -0.1517
0.671875 -0.154807

1.89062 -0.213074
1.90625 -0.212721

0.671875 -0.15481
0.680123 -0.15625

-2.90625 0.300518
-2.875 0.309585

0.6875 -0.157332
0.703125 -0.160084

-2.90731 0.3125
-2.90625 0.314991

-0.875 0.170242
-0.859375 0.167498

1.90625 -0.212686
1.92188 -0.211867

-0.859375 0.167787
-0.84375 0.16545

0.703125 -0.160059
0.71875 -0.163342

-0.84375 0.16562
-0.828125 0.162771

0.71875 -0.163482
0.734375 -0.167062

-0.828125 0.162577
-0.8125 0.159264

0.734375 -0.167162
0.75 -0.17056

-2.90625 0.32228
-2.875 0.324613

-2.87959 0.34375
-2.875 0.344769

-0.796875 0.155921
-0.798567 0.15625

0.765625 -0.173579
0.756884 -0.171875

0.75 -0.170562
0.756734 -0.171875

-0.796875 0.156132
-0.78125 0.153558

0.765625 -0.173543
0.78125 -0.176361

1.92188 -0.211836
1.9375 -0.210681

0.78125 -0.176333
0.796875 -0.179075

1.9375 -0.210649
1.95312 -0.209284

-0.8125 0.1591
-0.797841 0.15625

-2.875 0.30908
-2.87275 0.3125

-0.78125 0.153683
-0.765625 0.151158

0.796875 -0.179073
0.8125 -0.181797

0.859375 -0.19014
0.844646 -0.1875

0.859375 -0.190197
0.875 -0.192792

0.8125 -0.181787
0.828125 -0.184516

0.828125 -0.184496
0.84375 -0.187291

0.84375 -0.187369
0.84448 -0.1875

0.875 -0.192792
0.890625 -0.195068

0.890625 -0.195072
0.90625 -0.19702

0.90625 -0.197023
0.921875 -0.198626

0.921875 -0.198627
0.9375 -0.199874

0.9375 -0.199876
0.953125 -0.200764

1.95312 -0.209248
1.96875 -0.207806

0.953125 -0.200765
0.96875 -0.201289

1.96875 -0.207769
1.98438 -0.206396

-2.875 0.333173
-2.87268 0.3125

-0.765625 0.151212
-0.75 0.148379

0.96875 -0.20129
0.984375 -0.201444

1.98438 -0.206372
2 -0.205187

-2.875 0.354696
-2.86268 0.34375

0.984375 -0.201446
1 -0.201224

-0.625 0.122942
-0.633943 0.125

-2.78125 0.37221
-2.78467 0.375

-2.78125 0.37717
-2.78772 0.40625

-0.75 0.14834
-0.734375 0.145168

-0.734375 0.145081
-0.71875 0.141824

-0.703125 0.138706
-0.713092 0.140625

-0.71875 0.141791
-0.712695 0.140625

-0.703125 0.138838
-0.6875 0.136036

-2.79097 0.40625
-2.78125 0.419642

0 0.988211
0.0102953 1

-2.78125 0.375767
-2.75 0.389187

-2.78125 0.417116
-2.75 0.412681

-2.75 0.166124
-2.73438 0.169408

-0.6875 0.136063
-0.671875 0.133206

-2.73438 0.169544
-2.71875 0.171057

-2.71875 0.17081
-2.70312 0.170772

-0.671875 0.133265
-0.65625 0.130181

-0.65625 0.130203
-0.640625 0.126732

-2.70312 0.170482
-2.6875 0.169969

-2.6875 0.169855
-2.67188 0.169673

-2.67188 0.169673
-2.65625 0.170053

-2.65625 0.170018
-2.64062 0.171028

-2.64062 0.171054
-2.63302 0.171875

-2.63276 0.171875
-2.625 0.172713

0.3125 0.968728
0.312466 0.96875

0.3125 0.976214
0.305048 0.984375

-0.640625 0.126629
-0.633545 0.125

0.297728 0.984375
0.3125 0.997826

-2.625 0.17279
-2.60938 0.175007

-2.60938 0.175151
-2.59375 0.177486

-0.625 0.12307
-0.609375 0.11948

-0.609375 0.119476
-0.59375 0.115724

0.3125 0.968789
0.3266 0.984375

0.3125 0.990834
0.319553 0.984375

-2.59375 0.177428
-2.57812 0.179705

-2.57812 0.179421
-2.5625 0.182325

0 1.01152
0.0133864 1

-2.5625 0.182215
-2.54688 0.186535

-2.54688 0.186607
-2.54431 0.1875

0.53125 0.993872
0.525692 1

0.53125 0.997216
0.533969 1

-0.59375 0.115747
-0.578125 0.111794

-0.5625 0.10779
-0.569314 0.109375

-2.54495 0.1875
-2.53125 0.192261

0.65625 0.963803
0.651666 0.96875

-2.53125 0.192374
-2.51562 0.198103

0.651987 0.96875
0.65625 0.972788

-0.578125 0.111573
-0.568674 0.109375

1 -0.201227
1.01562 -0.200619

0.65625 0.964219
0.660534 0.96875

-0.5625 0.107968
-0.546875 0.105039

-2.51562 0.198204
-2.5017 0.203125

0.65625 0.973163
0.661002 0.96875

-2.50185 0.203125
-2.5 0.203778

1.01562 -0.200622
1.03125 -0.199615

-0.546875 0.10517
-0.53125 0.102503

-0.53125 0.102638
-0.515625 0.0997002

1.03125 -0.199615
1.04688 -0.198203

-2.75 0.40596
-2.74997 0.40625

-2.75 0.406482
-2.74987 0.40625

-0.515625 0.0998974
-0.5 0.0960265

1.04688 -0.198197
1.0625 -0.19639

1.0625 -0.196375
1.07812 -0.194216

1.07812 -0.194197
1.09375 -0.191754

0.528916 1
0.53125 1.00228

0.53125 1.00549
0.537294 1

-2.39062 -0.0361444
-2.375 -0.0379634

-2.39078 -0.03125
-2.39062 -0.0303576

-2.39062 -0.0209804
-2.38162 -0.015625

1.09375 -0.191731
1.10938 -0.189086

1.10938 -0.189061
1.11824 -0.1875

-0.21875 -0.00110618
-0.222349 0

-2.38619 -0.015625
-2.375 -0.0144339

-0.21875 -0.00103214
-0.203125 -0.00538011

-2.375 -0.0347587
-2.37225 -0.03125

1.11825 -0.1875
1.125 -0.186311

-0.203125 -0.0051402
-0.1875 -0.0087614

-2.3706 -0.03125
-2.37337 -0.015625

1.125 -0.186232
1.14062 -0.183586

1.14062 -0.183461
1.15625 -0.181326

-2.375 -0.0137445
-2.37247 -0.015625

1.15625 -0.181187
1.17188 -0.180093

-0.1875 -0.00846652
-0.171875 -0.0124305

-0.15625 -0.0175064
-0.162854 -0.015625

1.17188 -0.180053
1.1875 -0.180355

-0.171875 -0.012434
-0.160674 -0.015625

-0.15625 -0.0173785
-0.140625 -0.0213242

1.1875 -0.180528
1.20312 -0.181959

-0.140625 -0.0211273
-0.125 -0.0244134

1.20312 -0.182205
1.21875 -0.183929

2 -0.20519
2.01562 -0.204239

-2.5 0.203908
-2.48438 0.208661

1.21875 -0.184029
1.23438 -0.185355

-0.09375 -0.0329487
-0.0993134 -0.03125

2.01562 -0.204265
2.03125 -0.20349

-0.125 -0.0240891
-0.109375 -0.0277579

-2.48438 0.208961
-2.46875 0.211991

-0.109375 -0.0275374
-0.0972162 -0.03125

-0.09375 -0.0329492
-0.078125 -0.0379816

-2.46875 0.212454
-2.45312 0.212236

-0.078125 -0.0379649
-0.0625 -0.0423803

-2.45312 0.212126
-2.4375 0.207956

-0.046875 -0.0471037
-0.0476589 -0.046875

-2.42188 0.201326
-2.42778 0.203125

-0.0625 -0.0420117
-0.046875 -0.0465691

-2.4375 0.206532
-2.42631 0.203125

2.03125 -0.203527
2.03992 -0.203125

1.23438 -0.185324
1.25 -0.186115

-0.046875 -0.0470745
-0.03125 -0.0516031

-2.42188 0.201165
-2.40625 0.199889

-2.40625 0.200564
-2.39062 0.202341

2.03989 -0.203125
2.04688 -0.202801

-2.39062 0.202934
-2.38957 0.203125

-0.046875 -0.0461934
-0.0445231 -0.046875

2.04688 -0.202835
2.0625 -0.202021

1.25 -0.186062
1.26562 -0.186487

2.0625 -0.202045
2.07812 -0.20103

-2.38788 0.203125
-2.375 0.205463

-0.03125 -0.0513501
-0.015625 -0.0553565

2.07812 -0.201045
2.09375 -0.199753

-2.375 0.205678
-2.35938 0.208575

2.09375 -0.199762
2.10938 -0.198144

-2.35938 0.208743
-2.34375 0.211009

1.26562 -0.186459
1.28125 -0.186677

-2.34375 0.210979
-2.32812 0.212339

1.28125 -0.186669
1.29688 -0.186753

-0.015625 -0.055424
0 -0.0591767

-2.32812 0.212293
-2.3125 0.212899

-0.484375 0.0911574
-0.493844 0.09375

-2.3125 0.21284
-2.29688 0.212902

-0.484375 0.0914296
-0.46875 0.0873822

-2.29688 0.21284
-2.28125 0.212603

-0.5 0.0957399
-0.492732 0.09375

-2.28125 0.21253
-2.26562 0.212262

-0.46875 0.0877413
-0.453125 0.0829236

1.29688 -0.186752
1.3125 -0.186724

-2.26562 0.212199
-2.25 0.212169

1.3125 -0.186727
1.32812 -0.186581

-0.4375 0.0762529
-0.442539 0.078125

-0.453125 0.0828798
-0.440326 0.078125

-2.25 0.212091
-2.23438 0.212579

-0.390625 0.0584293
-0.400353 0.0625

1.32812 -0.186588
1.34375 -0.186304

-0.390625 0.0588089
-0.375 0.052231

1.34375 -0.186309
1.35938 -0.185864

1.35938 -0.185862
1.375 -0.18525

1.375 -0.185243
1.39062 -0.184483

1.39062 -0.184476
1.40625 -0.183597

1.40625 -0.183598
1.42188 -0.182611

1.42188 -0.18262
1.4375 -0.181506

1.4375 -0.181517
1.45312 -0.180235

-0.4375 0.0765164
-0.421875 0.0709293

-0.421875 0.0715501
-0.40625 0.0656423

-0.40625 0.0654699
-0.399153 0.0625

-0.359375 0.0447003
-0.364296 0.046875

-0.375 0.0524109
-0.362474 0.046875

-0.359375 0.0449689
-0.34375 0.0384481

-0.3125 0.0264077
-0.325955 0.03125

-0.34375 0.0388265
-0.328125 0.0325932

-0.328125 0.0321782
-0.325546 0.03125

-2.23438 0.212497
-2.21875 0.213822

-2.21875 0.213536
-2.20312 0.216438

-2.20312 0.215695
-2.19638 0.21875

2.10938 -0.198146
2.125 -0.196179

2.125 -0.196175
2.14062 -0.19386

2.14062 -0.193856
2.15625 -0.191208

2.15625 -0.191207
2.17188 -0.188235

2.17188 -0.188205
2.17527 -0.1875

-2.1941 0.21875
-2.1875 0.222883

-2.1875 0.220134
-2.17602 0.234375

-0.3125 0.0267885
-0.296875 0.0221378

-0.296875 0.0223715
-0.28125 0.0175093

1.45312 -0.180233
1.46875 -0.178767

1.46875 -0.178747
1.48438 -0.177139

1.48438 -0.177114
1.5 -0.175453

-2.17917 0.234375
-2.17539 0.25

-0.265625 0.0122901
-0.276566 0.015625

-0.28125 0.0172621
-0.275879 0.015625

-0.265625 0.0125002
-0.25 0.00833

-2.18197 0.25
-2.17188 0.265178

2.17532 -0.1875
2.1875 -0.184966

2.1875 -0.184933
2.20312 -0.181509

-2.17188 0.260986
-2.16389 0.265625

-0.25 0.00856589
-0.234375 0.00423091

2.20312 -0.181445
2.21875 -0.178034

-2.16176 0.265625
-2.15625 0.267024

-0.234375 0.00424086
-0.220577 0

-2.15625 0.263015
-2.14062 0.262651

2.21875 -0.177951
2.23438 -0.174849

2.23438 -0.174785
2.25 -0.172287

-2.14062 0.263009
-2.125 0.264904

2.45312 -0.454957
2.44883 -0.453125

2.44516 -0.453125
2.44335 -0.4375

2.45312 -0.455511
2.46102 -0.453125

-2.125 0.265408
-2.12359 0.265625

-2.12367 0.265625
-2.10938 0.267827

2.46274 -0.453125
2.46567 -0.4375

2.44547 -0.4375
2.45312 -0.433486

2.45312 -0.432809
2.46656 -0.4375

2.25 -0.172261
2.25354 -0.171875

2.25348 -0.171875
2.26562 -0.170549

2.26562 -0.170541
2.28125 -0.169706

-2.10938 0.268166
-2.09375 0.269374

-2.09375 0.269334
-2.07812 0.268742

2.28125 -0.169732
2.29688 -0.169735

2.29688 -0.169746
2.3125 -0.170514

2.32812 -0.172047
2.32635 -0.171875

2.3125 -0.17051
2.3266 -0.171875

2.32812 -0.172143
2.34375 -0.174166

-2.07812 0.268433
-2.0625 0.266739

-2.04688 0.264566
-2.05453 0.265625

-2.0625 0.266736
-2.05447 0.265625

-2.04688 0.26469
-2.03125 0.261837

-2.03125 0.261559
-2.01562 0.258329

2.34375 -0.174357
2.35938 -0.176274

2.35938 -0.176325
2.375 -0.177654

-2.01562 0.258376
-2 0.255228

2.375 -0.177615
2.39062 -0.178331

2.39062 -0.178274
2.40625 -0.178571

2.40625 -0.178527
2.42188 -0.178607

2.42188 -0.178564
2.4375 -0.178599

2.4375 -0.178544
2.45312 -0.17873

2.45312 -0.178671
2.46875 -0.179234

2.46875 -0.179233
2.48438 -0.180294

-0.125 0.973594
-0.134491 0.984375

-0.128937 0.984375
-0.125 0.988161

2.48438 -0.180338
2.5 -0.181812

-0.125 0.979419
-0.120241 0.984375

-0.125 0.993679
-0.114473 0.984375

-2.01562 0.728268
-2.02127 0.734375

-2.02774 0.734375
-2.01562 0.7444

0 0.985321
-0.0124811 1

-0.0101997 1
0 1.00899

-2.01562 0.72167
-2.00523 0.734375

2.5 -0.181893
2.51562 -0.183529

2.51562 -0.183598
2.53125 -0.185095

2.53125 -0.185092
2.54688 -0.18632

-2.01562 0.738368
-2.01133 0.734375

2.54688 -0.186211
2.5625 -0.187393

2.57812 -0.188841
2.56466 -0.1875

2.57812 -0.188877
2.59375 -0.190948

2.59375 -0.191017
2.60938 -0.193411

2.60938 -0.193485
2.625 -0.195913

2.5625 -0.187353
2.56397 -0.1875

2.625 -0.196032
2.64062 -0.198109

2.64062 -0.198166
2.65625 -0.19954

2.65625 -0.199531
2.67188 -0.200109

2.67188 -0.200046
2.6875 -0.19997

2.6875 -0.199915
2.70312 -0.199418

2.70312 -0.199363
2.71875 -0.198667

2.71875 -0.198651
2.73438 -0.197896

2.73438 -0.197877
2.75 -0.197131

2.75 -0.197147
2.76562 -0.196418

2.76562 -0.196408
2.78125 -0.195682

2.78125 -0.195695
2.79688 -0.194965

2.79688 -0.194927
2.8125 -0.194243

2.8125 -0.194255
2.82812 -0.193671

2.82812 -0.193648
2.84375 -0.193186

2.84375 -0.193272
2.85938 -0.192806

2.85938 -0.192831
2.875 -0.192138

2.875 -0.192326
2.89062 -0.190983

2.89062 -0.191121
2.90625 -0.188476

2.90625 -0.18859
2.9102 -0.1875

2.90987 -0.1875
2.92188 -0.184186

2.92188 -0.185163
2.9375 -0.177184

2.9375 -0.177927
2.94477 -0.171875

2.94488 -0.171875
2.95312 -0.16097

2.95226 -0.15625
2.95312 -0.154737

2.95312 -0.153702
2.96058 -0.140625

2.96506 -0.140625
2.96875 -0.13481

2.96875 -0.125717
2.96915 -0.125

2.97283 -0.125
2.98563 -0.09375

2.98422 -0.09375
2.98438 -0.0912329

2.98428 -0.078125
2.98091 -0.0625

2.99025 -0.09375
2.99138 -0.078125

2.98796 -0.078125
2.98441 -0.0625

2.9839 -0.0625
2.9842 -0.046875

2.98402 -0.046875
2.98417 -0.03125

2.98438 -0.0601425
2.98447 -0.0625

2.9842 -0.03125
2.98438 -0.0278791

2.98438 -0.016903
2.98444 -0.015625

2.98481 -0.015625
2.98669 0

-1.96875 0.248896
-1.97403 0.25

-1.96875 0.248996
-1.95312 0.244499

-1.95312 0.24404
-1.9375 0.239253

-1.92188 0.233478
-1.925 0.234375

-1.9375 0.239872
-1.92188 0.235392

-1.90625 0.230593
-1.92075 0.234375

-1.92188 0.235114
-1.91904 0.234375

-1.90625 0.230476
-1.89062 0.228313

2.98438 0.0203694
2.98289 0.03125

2.9879 0
2.98833 0.015625

2.98791 0.015625
2.98578 0.03125

2.98416 0.03125
2.98306 0.046875

2.98406 0.046875
2.98417 0.0625

2.98438 0.0410522
2.98514 0.03125

2.98438 0.054069
2.9844 0.0625

-1.89062 0.229155
-1.875 0.227566

2.98393 0.0625
2.98398 0.078125

2.98386 0.078125
2.98438 0.0881748

2.98387 0.09375
2.99062 0.125

2.9375 0.202089
2.93643 0.203125

-1.875 0.227672
-1.85938 0.22476

-1.85938 0.224298
-1.84375 0.220776

2.93719 0.203125
2.92579 0.21875

2.92737 0.21875
2.91785 0.25

2.96875 0.147953
2.95968 0.15625

2.95312 0.18413
2.951 0.1875

2.96875 0.165039
2.96302 0.171875

2.95312 0.183238
2.95976 0.171875

2.99042 0.125
2.98242 0.15625

-1.82812 0.217785
-1.83383 0.21875

-1.82812 0.217886
-1.8125 0.216616

2.99788 0.15625
2.99965 0.1875

2.9375 0.209269
2.95361 0.1875

2.96708 0.21875
2.95859 0.25

-1.84375 0.22053
-1.83323 0.21875

-1.8125 0.216733
-1.79688 0.216533

-1.79688 0.216573
-1.78125 0.217126

2.98692 0.1875
2.96975 0.21875

2.96875 0.225322
2.97085 0.21875

2.90606 0.265625
2.90625 0.265872

2.90625 0.258198
2.9296 0.28125

2.92427 0.28125
2.9375 0.284356

2.9375 0.271084
2.9833 0.25

-1.78125 0.217088
-1.76562 0.218389

-1.76562 0.218428
-1.76313 0.21875

-1.76328 0.21875
-1.75 0.220463

-2 0.25519
-1.98438 0.252109

-1.98438 0.252324
-1.97326 0.25

-1.96875 0.251821
-1.96242 0.25

3 -0.0731254
3.00082 -0.0625

3.0625 -0.00370043
3.05169 0

3.125 -0.00514075
3.0999 0

3.25 -0.00397386
3.21854 0

3.5 -0.00298929
3.43011 0

3.03125 0.0272752
3.01459 0.03125

3.02791 0.03125
3.02434 0.0625

-1.75 0.220524
-1.73438 0.223012

-1.73438 0.223101
-1.71875 0.225755

3.03125 0.0197484
3.05722 0

3.02698 0.0625
3.03125 0.0883562

-1.71875 0.225866
-1.70312 0.228285

-1.70312 0.228334
-1.6875 0.230195

-1.6875 0.230141
-1.67188 0.231452

3.03125 0.113646
3.02432 0.125

3.03125 0.077909
3.03339 0.09375

3.03908 0.09375
3.03262 0.125

3.0625 0.0160434
3.09709 0

3 0.174913
3.02492 0.125

-1.67188 0.231366
-1.65625 0.232407

-1.65625 0.23241
-1.64062 0.233349

3 0.193178
3.0023 0.1875

3.125 0.010849
3.1991 0

-1.64062 0.233423
-1.625 0.234108

3.25 0.00487334
3.36374 0

-1.625 0.234138
-1.60938 0.234362

-1.60938 0.234323
-1.59375 0.234105

4 -0.0051993
3.59493 0

-1.59375 0.234074
-1.57812 0.23355

-1.57812 0.233568
-1.5625 0.232763

-1.5625 0.232813
-1.54688 0.231591

-1.54688 0.231623
-1.53125 0.229818

-1.53125 0.229823
-1.51562 0.227362

-1.51562 0.227299
-1.5 0.224296

-1.46875 0.215954
-1.4793 0.21875

-1.5 0.224446
-1.48438 0.220727

-1.48438 0.22089
-1.4763 0.21875

-1.46875 0.216048
-1.45312 0.212567

-1.45312 0.212554
-1.4375 0.210239

-1.4375 0.210335
-1.42188 0.209019

-1.42188 0.209119
-1.40625 0.208413

-1.40625 0.208544
-1.39062 0.207983

-1.39062 0.208042
-1.375 0.207244

-1.375 0.207227
-1.35938 0.206107

-1.35938 0.206157
-1.34375 0.204646

-1.32812 0.202574
-1.33225 0.203125

-1.34375 0.204699
-1.33198 0.203125

-1.32812 0.202444
-1.3125 0.200005

-1.3125 0.20003
-1.29688 0.197505

-1.29688 0.197489
-1.28125 0.19486

-1.28125 0.194803
-1.26562 0.192215

-1.26562 0.192183
-1.25 0.189817

-1.23438 0.187322
-1.23571 0.1875

-1.23438 0.187346
-1.21875 0.185647

-1.21875 0.186109
-1.20312 0.184648

-1.20312 0.184558
-1.1875 0.183241

-1.25 0.189829
-1.23438 0.187739

-1.23438 0.188548
-1.22474 0.1875

-1.21875 0.187517
-1.21857 0.1875

-1.1875 0.183221
-1.17188 0.182265

-1.17188 0.182256
-1.15625 0.181721

-1.15625 0.181762
-1.14062 0.181582

-1.14062 0.181618
-1.125 0.181642

-1.125 0.18166
-1.10938 0.181783

-1.10938 0.181781
-1.09375 0.181971

-1.09375 0.182009
-1.07812 0.182192

-1.07812 0.18227
-1.0625 0.182214

-1.0625 0.18217
-1.04688 0.181808

-1.04688 0.18171
-1.03125 0.181325

-1.03125 0.181286
-1.01562 0.181152

-1.01562 0.181199
-1 0.181303

