-3.84301 0
-3.5 0.000326297

-3.48619 0
-3.25 0.000741117

-3.25 0.000137499
-3.125 0.00128553

-3.125 0.000511073
-3.0625 0.00218009

-3.0625 0.000719007
-3.03125 0.00319552

-3.02269 0
-3 0.0185021

-3 0.0247246
-2.99596 0.03125

-2.99501 0.03125
-2.9899 0.046875

-2.9904 0.046875
-2.9881 0.0625

-2.98838 0.0625
-2.98733 0.078125

-2.98877 0.078125
-2.98554 0.09375

-2.98531 0.09375
-2.96968 0.125

-2.96895 0.125
-2.96875 0.125283

-2.96875 0.127755
-2.95825 0.140625

-2.95692 0.140625
-2.95312 0.144194

-2.95312 0.144418
-2.93867 0.15625

-2.93864 0.15625
-2.9375 0.15711

-2.9375 0.158168
-2.92188 0.166454

-2.92188 0.16584
-2.90625 0.168919

-2.90625 0.168747
-2.89062 0.168191

-2.89062 0.167759
-2.875 0.164776

1.5 -0.0459386
1.51562 -0.0468157

1.53125 -0.0477175
1.51667 -0.046875

1.51562 -0.046807
1.5168 -0.046875

1.53125 -0.047721
1.54688 -0.0486457

1.54688 -0.0486458
1.5625 -0.0495835

-2.84375 0.155886
-2.84512 0.15625

1.5625 -0.0495837
1.57812 -0.050534

1.57812 -0.0505341
1.59375 -0.0514964

1.59375 -0.0514965
1.60938 -0.0524706

1.60938 -0.0524707
1.625 -0.0534564

-2.875 0.164565
-2.85938 0.16044

-2.85938 0.160097
-2.84489 0.15625

-2.84375 0.155869
-2.82812 0.152537

-2.82812 0.152723
-2.8125 0.149984

-2.8125 0.149972
-2.79688 0.147479

-2.79688 0.14759
-2.78125 0.145147

-2.78125 0.145069
-2.76562 0.142609

1.625 -0.0534565
1.64062 -0.0544535

1.64062 -0.0544535
1.65625 -0.0554619

1.65625 -0.0554619
1.67188 -0.0564816

1.67188 -0.0564817
1.6875 -0.0575125

-2.75 0.140215
-2.75266 0.140625

1.6875 -0.0575126
1.70312 -0.0585541

1.70312 -0.0585543
1.71875 -0.0596061

-2.76562 0.142658
-2.75244 0.140625

1.71875 -0.0596066
1.73438 -0.0606674

1.73438 -0.0606669
1.75 -0.0617366

-2.64062 0.122714
-2.65433 0.125

-2.64062 0.122745
-2.625 0.120163

-2.75 0.140196
-2.73438 0.137843

-2.73438 0.137917
-2.71875 0.135567

-2.71875 0.135536
-2.70312 0.133103

-2.70312 0.133136
-2.6875 0.130617

-2.6875 0.130584
-2.67188 0.127978

-2.67188 0.127981
-2.65625 0.125349

-2.65625 0.125327
-2.65429 0.125

1.76562 -0.0628265
1.76097 -0.0625

-2.625 0.120141
-2.60938 0.117569

-2.60938 0.11756
-2.59375 0.115059

1.76562 -0.0628284
1.78125 -0.0639595

1.78125 -0.063962
1.79688 -0.0651153

1.79688 -0.0651156
1.8125 -0.0662855

1.75 -0.0617274
1.76101 -0.0625

1.8125 -0.0662856
1.82812 -0.0674713

1.82812 -0.0674714
1.84375 -0.0686722

-2.59375 0.115045
-2.57812 0.11266

-2.57812 0.112662
-2.5625 0.110415

1.84375 -0.0686724
1.85938 -0.0698876

-2.54688 0.108308
-2.55486 0.109375

-2.5625 0.110409
-2.55477 0.109375

-2.54688 0.108338
-2.53125 0.106384

-2.53125 0.106389
-2.51562 0.104511

-2.51562 0.104514
-2.5 0.102696

1.85938 -0.0698875
1.875 -0.071117

1.875 -0.0711172
1.89062 -0.0723606

1.89062 -0.0723607
1.90625 -0.0736175

1.90625 -0.0736178
1.92188 -0.0748872

1.92188 -0.0748878
1.9375 -0.0761679

1.9375 -0.076166
1.95312 -0.0774593

1.96875 -0.0787828
1.96102 -0.078125

1.95312 -0.0774462
1.9611 -0.078125

1.96875 -0.0787869
1.98438 -0.0801586

1.98438 -0.0801605
2 -0.0815549

0.359375 -0.000145884
0.35405 0

0.359375 -0.000153268
0.375 -0.000625489

0.375 -0.000632236
0.390625 -0.0011203

0.390625 -0.00112118
0.40625 -0.00160984

0.40625 -0.00160947
0.421875 -0.0020977

-1 0.034037
-0.984375 0.0336448

0.421875 -0.00209748
0.4375 -0.00258648

-2.5 0.102695
-2.48438 0.100932

-2.48438 0.100933
-2.46875 0.0992225

-2.46875 0.0992223
-2.45312 0.0975637

-0.984375 0.0336448
-0.96875 0.0332532

0.4375 -0.00258623
0.453125 -0.00307692

0.453125 -0.00307678
0.46875 -0.00356994

0.46875 -0.00356988
0.484375 -0.00406591

0.484375 -0.00406591
0.5 -0.00456493

-0.96875 0.0332532
-0.953125 0.032862

-0.953125 0.032862
-0.9375 0.0324713

0 0.00939116
0.015625 0.00898247

0.015625 0.00898247
0.03125 0.00857234

0.03125 0.0085723
0.046875 0.00816079

0.046875 0.00816075
0.0625 0.00774801

0.0625 0.00774793
0.078125 0.00733417

0.078125 0.00733418
0.09375 0.00691954

0.09375 0.00691959
0.109375 0.00650398

0.109375 0.00650405
0.125 0.00608725

-2.45312 0.0975644
-2.4375 0.0959563

-0.9375 0.0324713
-0.921875 0.0320812

0.125 0.00608731
0.140625 0.00566905

0.140625 0.00566908
0.15625 0.00524918

-0.921875 0.0320811
-0.90625 0.0316919

-0.875 0.0309196
-0.888447 0.03125

-0.90625 0.0316914
-0.890625 0.0313039

-0.890625 0.0313035
-0.888447 0.03125

-2.40625 0.0929048
-2.41515 0.09375

-2.4375 0.0959544
-2.42188 0.0943989

-2.42188 0.0943943
-2.41509 0.09375

0.15625 0.00524917
0.171875 0.00482761

-0.875 0.0309206
-0.859375 0.0305393

-2.40625 0.0929161
-2.39062 0.0915005

-2.39062 0.0915027
-2.375 0.0901335

-0.859375 0.0305393
-0.84375 0.0301585

0.171875 0.00482758
0.1875 0.00440444

0.1875 0.00440439
0.203125 0.00397985

0.203125 0.00397977
0.21875 0.00355406

0.21875 0.00355394
0.234375 0.00312747

-0.84375 0.0301585
-0.828125 0.0297783

0.234375 0.00312726
0.25 0.00270069

-0.828125 0.0297783
-0.8125 0.0293989

-2.375 0.090134
-2.35938 0.088806

-2.35938 0.0888067
-2.34375 0.0875174

-2.34375 0.0875179
-2.32812 0.0862649

-2.32812 0.0862655
-2.3125 0.0850467

2 -0.0815553
2.01562 -0.0829678

-0.8125 0.0293989
-0.796875 0.0290203

2.01562 -0.0829683
2.03125 -0.0843974

0.25 0.00270025
0.265625 0.00227489

0.265625 0.00227401
0.28125 0.0018525

0.28125 0.00185105
0.296875 0.00143807

0.296875 0.00143681
0.3125 0.00103778

0.3125 0.00103914
0.328125 0.000653878

0.328125 0.00066136
0.34375 0.000272194

0.34375 0.000282223
0.354051 0

2.03125 -0.0843976
2.04688 -0.085842

2.04688 -0.0858421
2.0625 -0.087301

-0.796875 0.0290203
-0.78125 0.0286423

-0.78125 0.0286423
-0.765625 0.0282649

-0.765625 0.0282649
-0.75 0.0278881

2.0625 -0.0873013
2.07812 -0.0887736

2.07812 -0.0887741
2.09375 -0.0902584

-2.3125 0.0850472
-2.29688 0.0838606

-2.29688 0.0838611
-2.28125 0.0827048

-2.28125 0.0827052
-2.26562 0.0815777

0.5 -0.00456496
0.515625 -0.00506694

2.09375 -0.0902593
2.10938 -0.0917526

0.515625 -0.00506697
0.53125 -0.0055718

-0.75 0.0278881
-0.734375 0.0275118

-0.734375 0.0275118
-0.71875 0.0271359

-0.71875 0.0271359
-0.703125 0.0267604

-0.703125 0.0267604
-0.6875 0.0263853

-0.6875 0.0263853
-0.671875 0.0260105

-0.671875 0.0260105
-0.65625 0.0256359

-0.65625 0.0256359
-0.640625 0.0252615

-0.640625 0.0252616
-0.625 0.0248874

0.53125 -0.00557183
0.546875 -0.00607937

-0.625 0.0248874
-0.609375 0.0245134

0.546875 -0.00607939
0.5625 -0.00658953

-0.609375 0.0245134
-0.59375 0.0241394

0.5625 -0.00658956
0.578125 -0.00710219

2.10938 -0.0917483
2.125 -0.0932573

0.578125 -0.00710222
0.59375 -0.00761724

-0.59375 0.0241394
-0.578125 0.0237655

0.59375 -0.0076172
0.609375 -0.00813463

-0.578125 0.0237656
-0.5625 0.0233917

0.609375 -0.00813464
0.625 -0.00865453

-0.5625 0.0233917
-0.546875 0.0230178

-2.26562 0.081578
-2.25 0.0804779

0.625 -0.00865453
0.640625 -0.00917685

0.640625 -0.00917684
0.65625 -0.00970157

-2.25 0.080478
-2.23438 0.0794043

-2.23438 0.0794027
-2.21875 0.0783584

2.14062 -0.0948033
2.13002 -0.09375

-2.20312 0.0773492
-2.21517 0.078125

-2.21875 0.0783568
-2.21515 0.078125

-0.546875 0.0230178
-0.53125 0.0226438

2.14062 -0.0948099
2.15625 -0.0964011

2.125 -0.0932404
2.13013 -0.09375

0.65625 -0.00970156
0.671875 -0.0102287

-0.53125 0.0226438
-0.515625 0.0222696

-0.515625 0.0222696
-0.5 0.0218953

0.671875 -0.0102287
0.6875 -0.0107584

-2.20312 0.0773541
-2.1875 0.0763818

-2.1875 0.0763823
-2.17188 0.0754338

-2.17188 0.0754341
-2.15625 0.0745079

-2.15625 0.0745082
-2.14062 0.0736033

0.6875 -0.0107584
0.703125 -0.0112905

0.703125 -0.0112905
0.71875 -0.0118252

0.71875 -0.0118252
0.734375 -0.0123624

0.734375 -0.0123625
0.75 -0.012902

-2.14062 0.0736035
-2.125 0.0727189

2.15625 -0.0964025
2.17188 -0.0980101

-2.125 0.0727192
-2.10938 0.0718539

-2.10938 0.0718541
-2.09375 0.0710071

2.17188 -0.0980107
2.1875 -0.099631

2.1875 -0.0996312
2.20312 -0.101263

2.20312 -0.101262
2.21875 -0.102905

-2.09375 0.0710073
-2.07812 0.0701777

-2.07812 0.0701779
-2.0625 0.0693649

-2.0625 0.0693651
-2.04688 0.0685679

0.75 -0.0129021
0.765625 -0.0134439

2.21875 -0.102905
2.23438 -0.104558

0.765625 -0.0134441
0.78125 -0.0139875

0.78125 -0.0139879
0.796875 -0.0145316

0.796875 -0.0145319
0.8125 -0.0150743

0.8125 -0.0150705
0.828125 -0.0156185

0.84375 -0.0161809
0.82833 -0.015625

0.828125 -0.0156135
0.828443 -0.015625

0.84375 -0.0161832
0.859375 -0.0167591

-2.04688 0.0685681
-2.03125 0.0677859

-2.03125 0.067786
-2.01562 0.0670182

2.23438 -0.104559
2.25 -0.106221

-2.01562 0.0670184
-2 0.0662642

-0.5 0.0218953
-0.484375 0.0215206

-0.484375 0.0215206
-0.46875 0.0211456

0.859375 -0.0167594
0.875 -0.0173427

2.25 -0.106223
2.26562 -0.107891

2.28125 -0.109575
2.27941 -0.109375

2.26562 -0.10788
2.27943 -0.109375

2.28125 -0.109578
2.29688 -0.111302

0.875 -0.0173429
0.890625 -0.0179327

0.890625 -0.0179328
0.90625 -0.0185284

0.90625 -0.0185285
0.921875 -0.0191296

0.921875 -0.0191297
0.9375 -0.0197362

0.9375 -0.0197362
0.953125 -0.0203482

0.953125 -0.0203482
0.96875 -0.0209656

0.96875 -0.0209656
0.984375 -0.0215884

0.984375 -0.0215884
1 -0.0222166

-0.46875 0.0211456
-0.453125 0.0207701

-0.453125 0.0207702
-0.4375 0.020394

2.29688 -0.111312
2.3125 -0.113033

2.3125 -0.113038
2.32812 -0.114725

2.32812 -0.114729
2.34375 -0.116366

-0.4375 0.0203941
-0.421875 0.0200172

-0.421875 0.0200172
-0.40625 0.0196393

-0.40625 0.0196394
-0.390625 0.0192603

-0.390625 0.0192604
-0.375 0.0188796

2.34375 -0.116369
2.35938 -0.117944

2.35938 -0.117944
2.375 -0.119453

-0.375 0.0188797
-0.359375 0.018497

-0.359375 0.0184971
-0.34375 0.0181118

-0.34375 0.0181119
-0.328125 0.0177236

-0.328125 0.0177237
-0.3125 0.0173321

-2 0.0662643
-1.98438 0.0655232

-1.98438 0.0655233
-1.96875 0.0647948

2.45312 -0.126188
2.43871 -0.125

2.45312 -0.12619
2.46875 -0.127464

2.46875 -0.127464
2.48438 -0.128718

-0.3125 0.0173319
-0.296875 0.0169372

-1.96875 0.0647948
-1.95312 0.0640784

-1.95312 0.0640785
-1.9375 0.063374

-0.296875 0.0169367
-0.28125 0.0165402

-0.28125 0.0165393
-0.265625 0.016144

-0.265625 0.016143
-0.25 0.0157524

-1.90625 0.0620068
-1.91769 0.0625

-1.90625 0.0620093
-1.89062 0.061352

-1.89062 0.0613522
-1.875 0.060706

-1.9375 0.0633732
-1.92188 0.062682

-1.92188 0.062681
-1.91768 0.0625

2.48438 -0.128717
2.5 -0.129956

2.375 -0.119452
2.39062 -0.120895

2.39062 -0.120893
2.40625 -0.122277

-0.234375 0.0153683
-0.244766 0.015625

-1.875 0.0607061
-1.85938 0.0600704

-0.25 0.015752
-0.244861 0.015625

-0.234375 0.0153687
-0.21875 0.0149826

-0.21875 0.0149829
-0.203125 0.0145936

-0.203125 0.0145933
-0.1875 0.0142007

2.40625 -0.122275
2.42188 -0.123609

2.42188 -0.123601
2.4375 -0.124902

-1.85938 0.0600705
-1.84375 0.0594449

-1.84375 0.059445
-1.82812 0.0588292

-1.82812 0.0588293
-1.8125 0.0582228

-0.1875 0.0142005
-0.171875 0.0138057

2.4375 -0.124886
2.43888 -0.125

-0.171875 0.0138056
-0.15625 0.0134095

-0.15625 0.0134094
-0.140625 0.0130123

-0.140625 0.0130123
-0.125 0.0126143

-1.8125 0.0582228
-1.79688 0.0576253

-1.79688 0.0576254
-1.78125 0.0570365

-0.125 0.0126143
-0.109375 0.0122153

-0.109375 0.0122154
-0.09375 0.0118154

-0.09375 0.0118155
-0.078125 0.0114145

-0.078125 0.0114145
-0.0625 0.0110123

2.5 -0.129958
2.51562 -0.131179

1 -0.0222166
1.01562 -0.0228502

-1.78125 0.0570366
-1.76562 0.0564559

2.51562 -0.131181
2.53125 -0.132375

-1.76562 0.056456
-1.75 0.0558832

1.01562 -0.0228502
1.03125 -0.023489

2.53125 -0.132381
2.54688 -0.133533

2.54688 -0.133533
2.5625 -0.134631

-0.0625 0.0110123
-0.046875 0.010609

-0.046875 0.010609
-0.03125 0.0102043

-0.03125 0.0102044
-0.015625 0.00979842

-0.015625 0.00979843
0 0.00939115

2.5625 -0.134629
2.57812 -0.135677

2.57812 -0.135659
2.59375 -0.136695

2.59375 -0.136679
2.60938 -0.137772

2.60938 -0.137755
2.625 -0.138973

1.03125 -0.023489
1.04688 -0.0241332

1.04688 -0.0241332
1.0625 -0.0247828

1.0625 -0.0247828
1.07812 -0.0254376

1.07812 -0.0254376
1.09375 -0.0260976

1.09375 -0.0260976
1.10938 -0.0267628

1.10938 -0.0267628
1.125 -0.027433

-1.75 0.0558833
-1.73438 0.0553182

-1.73438 0.0553183
-1.71875 0.0547604

-1.71875 0.0547605
-1.70312 0.0542096

1.125 -0.0274331
1.14062 -0.0281083

2.625 -0.138982
2.64062 -0.140341

2.65625 -0.141812
2.64351 -0.140625

1.14062 -0.0281084
1.15625 -0.0287884

1.15625 -0.0287886
1.17188 -0.0294728

1.17188 -0.0294732
1.1875 -0.0301604

2.64062 -0.140345
2.64363 -0.140625

2.65625 -0.141846
2.67188 -0.1433

2.67188 -0.143293
2.6875 -0.144686

-1.70312 0.0542097
-1.6875 0.0536655

2.6875 -0.144687
2.70312 -0.146033

2.70312 -0.146016
2.71875 -0.147349

1.21875 -0.031553
1.21205 -0.03125

1.1875 -0.0301597
1.20312 -0.0308505

1.20312 -0.0308444
1.2121 -0.03125

1.21875 -0.0315547
1.23438 -0.0322803

1.23438 -0.0322812
1.25 -0.0330183

-1.6875 0.0536656
-1.67188 0.0531279

-1.67188 0.0531279
-1.65625 0.0525964

2.71875 -0.147359
2.73438 -0.148692

2.73438 -0.148653
2.75 -0.150043

-1.65625 0.0525964
-1.64062 0.0520708

-1.64062 0.0520708
-1.625 0.0515508

2.75 -0.150027
2.76562 -0.151582

-1.625 0.0515509
-1.60938 0.0510362

2.76562 -0.151532
2.78125 -0.153386

2.8125 -0.157954
2.80086 -0.15625

-1.60938 0.0510363
-1.59375 0.0505268

-1.59375 0.0505269
-1.57812 0.0500223

2.78125 -0.153428
2.79688 -0.155599

2.79688 -0.155629
2.80111 -0.15625

-1.57812 0.0500224
-1.5625 0.0495226

-1.5625 0.0495226
-1.54688 0.0490273

-1.54688 0.0490274
-1.53125 0.0485365

1.25 -0.0330185
1.26562 -0.0337649

2.8125 -0.158023
2.82812 -0.160156

1.26562 -0.033765
1.28125 -0.0345201

1.28125 -0.0345202
1.29688 -0.0352839

1.29688 -0.0352839
1.3125 -0.0360558

2.82812 -0.160144
2.84375 -0.161987

2.84375 -0.162046
2.85938 -0.163506

-1.53125 0.0485365
-1.51562 0.04805

-1.51562 0.0480499
-1.5 0.0475677

1.3125 -0.0360559
1.32812 -0.036836

1.32812 -0.036836
1.34375 -0.0376244

1.34375 -0.0376245
1.35938 -0.038421

1.35938 -0.0384209
1.375 -0.0392254

2.85938 -0.163505
2.875 -0.164466

2.875 -0.164609
2.89062 -0.164786

2.89062 -0.16488
2.90625 -0.163796

2.90625 -0.164095
2.92188 -0.160963

-1.5 0.0475675
-1.48438 0.0470899

2.92188 -0.161356
2.93375 -0.15625

2.93458 -0.15625
2.9375 -0.154993

-1.46875 0.0466184
-1.47728 0.046875

-1.48438 0.047089
-1.47726 0.046875

1.375 -0.0392254
1.39062 -0.0400381

1.39062 -0.0400381
1.40625 -0.0408589

1.40625 -0.0408589
1.42188 -0.0416877

1.42188 -0.0416877
1.4375 -0.0425243

1.4375 -0.0425244
1.45312 -0.0433687

1.45312 -0.0433688
1.46875 -0.0442205

1.46875 -0.0442208
1.48438 -0.0450792

1.48438 -0.0450796
1.5 -0.0459431

-1.46875 0.0466198
-1.45312 0.0461571

-1.45312 0.0461574
-1.4375 0.0456991

2.9375 -0.155262
2.95312 -0.142931

2.95312 -0.1416
2.95409 -0.140625

-1.4375 0.0456991
-1.42188 0.0452449

-1.42188 0.0452449
-1.40625 0.0447945

-1.40625 0.0447945
-1.39062 0.0443479

-1.39062 0.044348
-1.375 0.043905

2.95468 -0.140625
2.96833 -0.125

-1.375 0.043905
-1.35938 0.0434655

-1.35938 0.0434655
-1.34375 0.0430294

2.96875 -0.125118
2.96884 -0.125

2.96939 -0.125
2.98504 -0.09375

2.98438 -0.0746566
2.98378 -0.0625

-1.34375 0.0430294
-1.32812 0.0425965

-1.32812 0.0425965
-1.3125 0.0421667

2.98514 -0.09375
2.98667 -0.078125

2.98438 -0.072224
2.98467 -0.078125

-1.3125 0.0421667
-1.29688 0.0417398

-1.29688 0.0417399
-1.28125 0.0413158

2.98422 -0.0625
2.98438 -0.0607565

2.98438 -0.0465864
2.98972 -0.03125

-1.28125 0.0413158
-1.26562 0.0408945

-1.26562 0.0408945
-1.25 0.0404758

2.99066 -0.03125
2.99986 -0.015625

2.99932 -0.015625
3 -0.0146443

-1.25 0.0404759
-1.23438 0.0400596

-1.23438 0.0400596
-1.21875 0.0396458

-1.21875 0.0396458
-1.20312 0.0392342

-1.20312 0.0392342
-1.1875 0.0388247

-1.1875 0.0388248
-1.17188 0.0384173

-1.17188 0.0384174
-1.15625 0.0380118

-1.15625 0.0380119
-1.14062 0.0376082

-1.14062 0.0376082
-1.125 0.0372062

-1.125 0.0372062
-1.10938 0.0368058

-1.10938 0.0368058
-1.09375 0.0364068

-1.09375 0.0364068
-1.07812 0.0360092

-1.07812 0.0360092
-1.0625 0.0356128

-1.0625 0.0356128
-1.04688 0.0352175

-1.04688 0.0352175
-1.03125 0.0348232

-1.03125 0.0348232
-1.01562 0.0344297

-1.01562 0.0344297
-1 0.0340369

3 -0.0110433
3.01538 0

3.03125 -0.00140504
3.0625 -0.000433146

3.0625 -0.000944985
3.125 -0.000258443

3.125 -0.000554726
3.25 -0.000115932

3.25 -0.000368848
3.5 -0.000222759

3.5 -0.000488125
4 -0.0004574

