-4 -0.00490354
-3.65896 0

1.5 -0.108259
1.51562 -0.10788

1.51562 -0.107874
1.53125 -0.107169

1.53125 -0.107155
1.54688 -0.106163

-3.54032 0
-3.5 0.000579667

-3.5 -0.00284317
-3.44041 0

1.54688 -0.106143
1.5625 -0.104933

-3.25 -0.00393696
-3.22263 0

1.5625 -0.104909
1.57812 -0.103569

1.57812 -0.103551
1.59375 -0.102165

-3.125 -0.00587905
-3.10486 0

-3.0625 -0.000445677
-3.06151 0

-3 -0.0322323
-3.00003 -0.03125

-3 -0.000182439
-3.00047 0

1.59375 -0.102157
1.60938 -0.100778

1.60938 -0.100781
1.625 -0.09942

-3.39913 0
-3.25 0.00715653

-3.21447 0
-3.125 0.013832

1.625 -0.0994273
1.64062 -0.0980627

1.64062 -0.0980668
1.65625 -0.0966761

1.65625 -0.0966737
1.67188 -0.0952538

1.67188 -0.0952528
1.6875 -0.0938105

1.6875 -0.0937991
1.68803 -0.09375

1.68806 -0.09375
1.70312 -0.0923563

-3.10377 0
-3.0625 0.0214892

-3.0625 0.00699092
-3.03447 0.03125

-3.04639 0.03125
-3.03245 0.0625

1.70312 -0.0923332
1.71875 -0.0909465

1.71875 -0.0909277
1.73438 -0.0896842

1.73438 -0.0896885
1.75 -0.0886171

-3 0.0311954
-3.00018 0.03125

-3 0.0620348
-3.0044 0.0625

-3.0423 0.0625
-3.03266 0.09375

-3.03519 0.09375
-3.03125 0.103103

-3.03125 0.0904068
-3.02402 0.09375

-3.03125 0.104005
-3 0.122516

-3.03316 0.125
-3 0.145252

1.75 -0.0886551
1.76562 -0.0876714

1.76562 -0.0877344
1.78125 -0.0866362

1.78125 -0.0865553
1.79688 -0.0853784

1.79688 -0.085265
1.8125 -0.0843981

1.8125 -0.0842298
1.82812 -0.0842362

1.82812 -0.0846964
1.84375 -0.0849924

1.84375 -0.085078
1.85938 -0.084572

1.85938 -0.0828082
1.875 -0.0851361

1.85938 -0.0773205
1.86481 -0.078125

1.89062 -0.0941093
1.88975 -0.09375

1.89062 -0.0940684
1.90625 -0.0993995

1.875 -0.0862286
1.89062 -0.0926794

1.90625 -0.0987862
1.92188 -0.101466

1.92188 -0.10113
1.9375 -0.103059

1.9375 -0.102995
1.95312 -0.104971

1.95312 -0.104995
1.96875 -0.107099

1.96875 -0.107078
1.98438 -0.109302

2 -0.111652
1.98459 -0.109375

1.98438 -0.109255
1.98519 -0.109375

-2.98438 -0.0845669
-2.99925 -0.078125

-2.99214 -0.078125
-2.98438 -0.0760411

-2.98438 -0.078823
-2.98416 -0.078125

-2.98438 -0.0721572
-2.98032 -0.078125

-2.98717 -0.0625
-2.98438 -0.0605843

-3 -0.0315968
-2.98438 -0.0315858

-3 -0.017001
-2.98438 -0.0169914

-3 -0.000694187
-2.98438 -0.0057994

0 -0.0580262
0.015625 -0.057836

0.015625 -0.0581004
0.03125 -0.0589123

0.03125 -0.0590095
0.046875 -0.0601005

0.046875 -0.0600908
0.0625 -0.0612859

0.078125 -0.0626121
0.0767853 -0.0625

0.078125 -0.0626422
0.09375 -0.0639623

0.09375 -0.0639863
0.109375 -0.0651843

0.109375 -0.0651741
0.125 -0.0662223

0.0625 -0.0612904
0.076961 -0.0625

-2.98438 0.00175671
-2.99811 0.015625

-2.98894 0.015625
-2.99526 0.03125

0.125 -0.0662025
0.140625 -0.0671617

0 0.984752
0.013468 1

0.140625 -0.0671522
0.15625 -0.0680891

0.15625 -0.0680376
0.171875 -0.0691023

0.171875 -0.0691118
0.1875 -0.070371

0.125 -0.062463
0.125726 -0.0625

0.140625 -0.0623972
0.143245 -0.0625

-2.98438 0.00571081
-2.9699 0.015625

-2.97377 0.015625
-2.96875 0.0215587

-0.984375 0.169331
-0.989739 0.171875

0.155633 -0.046875
0.15623 -0.03125

0.3125 0.968735
0.312467 0.96875

0.3125 0.973007
0.302688 0.984375

0.29967 0.984375
0.3125 0.995803

-1 0.176846
-0.989517 0.171875

-0.984375 0.169074
-0.96875 0.16096

0.156196 -0.03125
0.15625 -0.031223

0.15625 -0.0622205
0.159818 -0.0625

0.15625 -0.0335278
0.157727 -0.046875

0.15625 -0.0311942
0.156527 -0.03125

0.1875 -0.0703868
0.203125 -0.0717261

0.203125 -0.0717257
0.21875 -0.0731142

0.21875 -0.073152
0.234375 -0.074515

0.3125 0.970207
0.324992 0.984375

0.3125 0.993206
0.322656 0.984375

-0.953125 0.153078
-0.960025 0.15625

0 1.008
0.00877836 1

-0.953125 0.153183
-0.9375 0.148123

-2.99217 0.03125
-2.99198 0.046875

-2.99169 0.046875
-2.99073 0.0625

0.234375 -0.0745524
0.25 -0.0757395

-0.96875 0.160618
-0.959248 0.15625

-0.9375 0.148322
-0.921875 0.145191

-0.921875 0.145405
-0.90625 0.143378

-2.96875 0.0379235
-2.9667 0.046875

0.53125 0.996517
0.527764 1

0.25 -0.0757552
0.265625 -0.0766603

-2.96784 0.046875
-2.95724 0.0625

-0.90625 0.143542
-0.890625 0.141863

-0.875 0.140175
-0.878803 0.140625

-0.890625 0.141934
-0.87956 0.140625

-0.78125 0.122761
-0.791805 0.125

-0.78125 0.122651
-0.765625 0.119163

-0.765625 0.119068
-0.75 0.115738

-0.875 0.140171
-0.859375 0.137843

-0.859375 0.137756
-0.84375 0.135

-0.84375 0.13495
-0.828125 0.132039

-0.828125 0.132044
-0.8125 0.129065

-0.8125 0.12908
-0.796875 0.125992

-0.796875 0.125946
-0.792413 0.125

0.265625 -0.076614
0.28125 -0.0772986

0.28125 -0.0772243
0.296875 -0.0779297

0.3125 -0.0788525
0.300885 -0.078125

0.296875 -0.0778888
0.300645 -0.078125

-0.75 0.11575
-0.734375 0.112743

0.53125 0.999628
0.533237 1

-2.99021 0.0625
-2.99012 0.078125

-2.99153 0.078125
-2.99066 0.09375

0.3125 -0.0787838
0.328125 -0.0802851

0.328125 -0.0802736
0.34375 -0.0824652

-2.98527 0.09375
-2.99789 0.125

-2.95712 0.0625
-2.95312 0.0663867

-2.95312 0.0653026
-2.9375 0.0776143

-2.9375 0.0779052
-2.93695 0.078125

-2.9375 0.0782812
-2.92188 0.0845519

0.34375 -0.0826236
0.359375 -0.0852118

0.359375 -0.0853914
0.375 -0.0877003

-0.734375 0.112767
-0.71875 0.110011

0.375 -0.0877397
0.390625 -0.0893315

0.390625 -0.0892775
0.40625 -0.0901814

0.40625 -0.0901112
0.421875 -0.0905754

0.421875 -0.0905155
0.4375 -0.0908002

0.4375 -0.090758
0.453125 -0.0910672

0.453125 -0.0910434
0.46875 -0.0915091

0.46875 -0.0915024
0.484375 -0.0921857

0.484375 -0.0922017
0.5 -0.093084

0.65625 0.963785
0.651646 0.96875

0.651996 0.96875
0.65625 0.972769

0.234375 0.05858
0.25 0.0596904

-2.92188 0.0839631
-2.90625 0.0840367

-0.703125 0.10735
-0.713973 0.109375

0.65625 0.96423
0.660511 0.96875

-0.71875 0.109976
-0.715529 0.109375

0.65625 0.973174
0.66101 0.96875

-0.703125 0.107375
-0.6875 0.103739

-2.90625 0.0829285
-2.89062 0.0801912

0.231926 0.0625
0.234375 0.0721136

0.234375 0.0691721
0.25 0.0656743

-2.875 0.0773107
-2.8805 0.078125

-2.89062 0.0797109
-2.87991 0.078125

-0.65625 0.0936754
-0.656462 0.09375

-0.6875 0.103732
-0.671875 0.099194

-0.671875 0.0992355
-0.656314 0.09375

-0.65625 0.093663
-0.640625 0.0872305

0.53087 1
0.53125 1.00203

0.53125 1.00817
0.539386 1

-0.640625 0.0870002
-0.625 0.0802317

-2.99356 0.125
-2.98844 0.15625

-3 0.183539
-2.96875 0.171969

-2.96875 0.17138
-2.9687 0.171875

-2.96875 0.173755
-2.96739 0.171875

-2.97345 0.1875
-2.96875 0.187505

-0.5625 0.0566788
-0.57801 0.0625

-0.609375 0.0736667
-0.62021 0.078125

0.515625 -0.0940919
0.510155 -0.09375

0.515625 -0.0940902
0.53125 -0.095102

-0.625 0.0801861
-0.619991 0.078125

0.5 -0.0931231
0.51003 -0.09375

0.53125 -0.0951015
0.546875 -0.0961628

0.546875 -0.0961702
0.5625 -0.0972672

-2.875 0.0774953
-2.85938 0.0763709

-0.609375 0.0737218
-0.59375 0.0677942

-0.59375 0.067836
-0.578791 0.0625

-0.5625 0.0563558
-0.546875 0.050295

-2.85938 0.0764211
-2.84375 0.0761317

-0.53125 0.0448493
-0.536722 0.046875

-0.546875 0.0502232
-0.537831 0.046875

-0.53125 0.0447741
-0.515625 0.0387374

-2.84375 0.0761652
-2.82812 0.0765435

-2.82812 0.0766462
-2.8125 0.0774198

-0.515625 0.0385028
-0.5 0.0323291

0.5625 -0.0972774
0.578125 -0.0983746

0.578125 -0.0983843
0.59375 -0.099442

-2.8125 0.0776596
-2.79749 0.078125

-2.79743 0.078125
-2.79688 0.0781422

0.59375 -0.0994494
0.609375 -0.100433

0.609375 -0.100439
0.625 -0.101323

-2.78125 0.0777579
-2.79298 0.078125

-2.79688 0.0782443
-2.79306 0.078125

0.625 -0.10133
0.640625 -0.10209

0.640625 -0.1021
0.65625 -0.102705

-2.78125 0.07765
-2.76562 0.0761982

-2.76562 0.0763272
-2.75 0.0738693

0.65625 -0.102723
0.671875 -0.103116

0.671875 -0.103142
0.6875 -0.103236

-2.90625 0.276651
-2.91128 0.28125

0.6875 -0.103263
0.703125 -0.102952

0.703125 -0.10296
0.71875 -0.102175

0.71875 -0.102152
0.734375 -0.100921

0.734375 -0.100866
0.75 -0.0993459

0.75 -0.09928
0.765625 -0.0977139

0.765625 -0.0976695
0.78125 -0.0962775

-2.90625 0.287964
-2.90866 0.3125

2.125 -0.125908
2.11669 -0.125

-2.90625 0.280297
-2.89818 0.28125

2 -0.111701
2.01562 -0.113914

2.01562 -0.113918
2.03125 -0.115927

-2.90625 0.293158
-2.875 0.296873

2.03125 -0.115915
2.04688 -0.117736

-2.90897 0.3125
-2.90625 0.316197

-0.390625 -0.00255279
-0.399606 0

-0.390625 -0.00264371
-0.375 -0.00765786

-2.90625 0.316536
-2.875 0.317312

-2.875 0.305794
-2.8736 0.3125

0.78125 -0.096278
0.796875 -0.0951477

2.04688 -0.117721
2.0625 -0.119407

0.796875 -0.0951897
0.8125 -0.0942362

-2.875 0.322145
-2.86849 0.3125

-0.375 -0.00807097
-0.359375 -0.0129826

-2.875 0.344154
-2.87441 0.34375

-0.34375 -0.0166998
-0.348631 -0.015625

2.0625 -0.119391
2.07812 -0.121005

-2.78274 0.375
-2.80084 0.40625

0.8125 -0.0942696
0.821533 -0.09375

-2.80253 0.40625
-2.78125 0.424081

-0.359375 -0.0132513
-0.348596 -0.015625

2.07812 -0.120994
2.09375 -0.122592

0.820968 -0.09375
0.828125 -0.0933383

-2.78037 0.375
-2.75553 0.40625

0.828125 -0.0933574
0.84375 -0.0924734

-2.78125 0.423457
-2.75307 0.40625

0.84375 -0.0924614
0.859375 -0.0916145

2.09375 -0.12258
2.10938 -0.124205

0.859375 -0.0916045
0.875 -0.0908386

-2.75 0.0737078
-2.73438 0.0703086

-0.34375 -0.0165419
-0.328125 -0.0182748

-2.73438 0.0696132
-2.71875 0.0669865

0.875 -0.0908261
0.890625 -0.0901861

-0.328125 -0.0180588
-0.3125 -0.018821

0.890625 -0.0901692
0.90625 -0.0897137

2.10938 -0.124177
2.11691 -0.125

-2.71875 0.0667572
-2.70312 0.0667526

0.90625 -0.0896971
0.921875 -0.0894932

0.921875 -0.0894885
0.9375 -0.0895789

-2.70312 0.0670694
-2.6875 0.0695121

0.9375 -0.0895922
0.953125 -0.0899595

-2.6875 0.0696189
-2.67188 0.0736618

0.953125 -0.0899894
0.96875 -0.0905474

2.125 -0.125932
2.14062 -0.127686

-0.3125 -0.0185275
-0.296875 -0.0193378

2.14062 -0.127686
2.15625 -0.129415

0.96875 -0.0905826
0.984375 -0.0912011

-2.67188 0.0738251
-2.65871 0.078125

-0.296875 -0.0191435
-0.28125 -0.0209777

2.15625 -0.129395
2.17188 -0.131138

-0.28125 -0.0210821
-0.265625 -0.0241196

2.17188 -0.131114
2.1875 -0.132958

-0.265625 -0.0243491
-0.25 -0.0279221

-2.6587 0.078125
-2.65625 0.0789265

0.984375 -0.0912283
1 -0.0917825

2.1875 -0.132955
2.20312 -0.134953

-2.65625 0.0791807
-2.64062 0.0845162

-2.64062 0.0845037
-2.625 0.0895916

2.20312 -0.134981
2.21875 -0.137084

2.21875 -0.137129
2.23438 -0.13919

2.25 -0.141124
2.24589 -0.140625

2.23438 -0.139199
2.24613 -0.140625

-2.625 0.0893912
-2.61206 0.09375

-2.6121 0.09375
-2.60938 0.0946673

-0.234375 -0.031326
-0.234727 -0.03125

-0.21875 -0.0346164
-0.234019 -0.03125

-0.25 -0.0280616
-0.235259 -0.03125

2.25 -0.141139
2.26562 -0.142765

-0.21875 -0.0346636
-0.203125 -0.0386098

-0.203125 -0.0386918
-0.1875 -0.0428827

-0.171875 -0.0472067
-0.173064 -0.046875

-0.1875 -0.042839
-0.173027 -0.046875

2.26562 -0.142766
2.28125 -0.144046

2.28125 -0.144023
2.29688 -0.144999

2.29688 -0.144948
2.3125 -0.145769

-0.171875 -0.0472473
-0.15625 -0.0517566

-0.15625 -0.0519067
-0.140625 -0.0561676

-0.140625 -0.0562248
-0.125 -0.0598228

2.3125 -0.145698
2.32812 -0.146607

-0.109375 -0.0627448
-0.110673 -0.0625

-0.109375 -0.0627994
-0.09375 -0.0650352

-0.09375 -0.0650976
-0.078125 -0.0663116

-0.078125 -0.0663145
-0.0625 -0.0663757

2.32812 -0.146555
2.34375 -0.147799

-0.125 -0.0597565
-0.110453 -0.0625

-2.60938 0.0948547
-2.59375 0.100286

2.34375 -0.147803
2.35938 -0.149477

-2.59375 0.100374
-2.57812 0.105398

-2.57812 0.10514
-2.56478 0.109375

-2.56476 0.109375
-2.5625 0.110093

-0.0625 -0.066366
-0.046875 -0.0652883

-0.046875 -0.0652111
-0.03125 -0.0631682

-0.03125 -0.0630593
-0.0279541 -0.0625

1 -0.091795
1.01562 -0.0922055

-0.027896 -0.0625
-0.015625 -0.0604177

1.01562 -0.0922046
1.03125 -0.0924481

-0.015625 -0.0598393
0 -0.0579342

2.35938 -0.149528
2.375 -0.15152

-0.484375 0.0264533
-0.496904 0.03125

-2.5625 0.110018
-2.54688 0.115584

-0.484375 0.0262874
-0.46875 0.0206164

-0.5 0.0322371
-0.497422 0.03125

-0.46875 0.0205511
-0.453263 0.015625

2.375 -0.151583
2.39062 -0.153669

-0.4375 0.0111299
-0.45219 0.015625

-2.54688 0.115928
-2.53125 0.121576

-2.53125 0.121811
-2.52037 0.125

-2.52034 0.125
-2.51562 0.126381

-2.51562 0.126174
-2.5 0.129645

1.03125 -0.0924383
1.04688 -0.0925361

1.04688 -0.0925219
1.0625 -0.0925223

2.39062 -0.153707
2.40625 -0.155687

2.42188 -0.157466
2.41086 -0.15625

-0.4375 0.0109489
-0.421875 0.00605904

-0.421875 0.00598287
-0.40625 0.00148163

-0.40625 0.00144515
-0.401166 0

2.42188 -0.157485
2.4375 -0.158808

2.40625 -0.155685
2.41137 -0.15625

-2.5 0.129505
-2.48438 0.132576

-2.48438 0.132608
-2.46875 0.135496

-2.46875 0.135545
-2.45312 0.138087

-2.45312 0.13806
-2.4375 0.140209

-2.4375 0.140158
-2.43376 0.140625

1.0625 -0.0925075
1.07812 -0.0924683

1.07812 -0.0924557
1.09375 -0.0924318

2.4375 -0.158809
2.45312 -0.159659

2.45312 -0.159642
2.46875 -0.160051

-2.43355 0.140625
-2.42188 0.142083

-2.42188 0.142025
-2.40625 0.144047

1.09375 -0.0924226
1.10938 -0.0924575

1.10938 -0.0924512
1.125 -0.0925758

-2.40625 0.144032
-2.39062 0.146285

-2.39062 0.146299
-2.375 0.148782

2.46875 -0.160023
2.48438 -0.160082

-2.375 0.148845
-2.35938 0.151404

-2.35938 0.151542
-2.34375 0.153772

1.125 -0.0925704
1.14062 -0.092808

-2.34375 0.153966
-2.32812 0.155204

-2.32812 0.155378
-2.3125 0.154889

1.14062 -0.0928028
1.15625 -0.0931748

1.1875 -0.0943097
1.17329 -0.09375

1.15625 -0.0931796
1.17188 -0.0936868

-2.3125 0.154909
-2.29688 0.152304

-2.29688 0.152038
-2.28125 0.147807

-2.28125 0.147411
-2.26562 0.142882

1.17188 -0.0937082
1.17294 -0.09375

-2.25 0.139063
-2.2569 0.140625

-2.26562 0.142658
-2.25665 0.140625

1.1875 -0.0943141
1.20312 -0.095014

1.20312 -0.0950276
1.21875 -0.0957785

2.48438 -0.160052
2.5 -0.159878

-2.25 0.139166
-2.23438 0.136974

-2.23438 0.137072
-2.21875 0.135887

-2.21875 0.135978
-2.20312 0.135424

-2.20312 0.135493
-2.1875 0.135251

1.21875 -0.0957975
1.23438 -0.0965344

1.23438 -0.0965524
1.25 -0.0972009

-2.1875 0.135297
-2.17188 0.135137

-2.17188 0.135166
-2.15625 0.134936

-2.15625 0.134955
-2.14062 0.134559

-2.14062 0.134573
-2.125 0.133946

-2.03125 0.123508
-2.04106 0.125

-2.03125 0.123387
-2.01562 0.121332

1.25 -0.0972049
1.26562 -0.097721

1.26562 -0.0977056
1.28125 -0.0981123

1.28125 -0.0980865
1.29688 -0.0984663

1.29688 -0.0984445
1.3125 -0.0988923

-2.01562 0.121032
-2 0.120155

-2.125 0.133957
-2.10938 0.133049

-2.10938 0.133059
-2.09375 0.131827

-2.09375 0.131835
-2.07812 0.130244

-2.07812 0.130244
-2.0625 0.12828

-2.0625 0.128252
-2.04688 0.125972

-2.04688 0.125901
-2.04095 0.125

1.3125 -0.0988812
1.32812 -0.0994628

2.5 -0.159856
2.51562 -0.159555

-0.125 0.973675
-0.134467 0.984375

-0.129098 0.984375
-0.125 0.988311

2.51562 -0.159542
2.53125 -0.159186

2.53125 -0.159183
2.54688 -0.158805

1.32812 -0.0994608
1.34375 -0.100202

2.54688 -0.158804
2.5625 -0.158415

-0.125 0.979317
-0.12015 0.984375

2.5625 -0.158413
2.57812 -0.15802

2.57812 -0.158009
2.59375 -0.157637

-2.01562 0.728276
-2.02127 0.734375

2.59375 -0.157623
2.60938 -0.157319

2.60938 -0.157306
2.625 -0.157124

-0.125 0.993648
-0.11456 0.984375

1.34375 -0.100206
1.35938 -0.101104

2.625 -0.157131
2.64062 -0.157085

0 0.989952
-0.00912075 1

1.35938 -0.101112
1.375 -0.102142

-2.02773 0.734375
-2.01562 0.744411

2.64062 -0.15711
2.65625 -0.157136

2.65625 -0.157185
2.67188 -0.157133

1.375 -0.102155
1.39062 -0.103275

2.67188 -0.15718
2.6875 -0.156858

1.39062 -0.103292
1.40625 -0.104442

2.6875 -0.156892
2.70091 -0.15625

-0.0143469 1
0 1.01277

1.40625 -0.104461
1.42188 -0.105572

1.42188 -0.105591
1.4375 -0.106589

2.70068 -0.15625
2.70312 -0.156133

2.70312 -0.156124
2.71875 -0.154925

2.71875 -0.154873
2.73438 -0.153365

2.73438 -0.153289
2.75 -0.151729

1.4375 -0.106605
1.45312 -0.10742

1.45312 -0.107434
1.46875 -0.108006

-2.01562 0.721688
-2.00522 0.734375

-2.01562 0.738383
-2.01131 0.734375

1.46875 -0.108016
1.48438 -0.108296

1.48438 -0.108302
1.5 -0.108258

2.75 -0.151657
2.76562 -0.150339

2.76562 -0.150148
2.78125 -0.149601

2.78125 -0.14938
2.79688 -0.15043

2.79688 -0.150541
2.8125 -0.153408

2.82812 -0.157432
2.82316 -0.15625

2.82812 -0.157414
2.84375 -0.161417

2.8125 -0.153811
2.82274 -0.15625

2.84375 -0.161895
2.85938 -0.165392

2.85938 -0.165676
2.875 -0.167143

2.875 -0.167122
2.89062 -0.166035

2.89062 -0.165971
2.90625 -0.162503

2.90625 -0.162668
2.92188 -0.156618

2.92188 -0.156474
2.9223 -0.15625

2.92228 -0.15625
2.9375 -0.147798

2.9375 -0.148527
2.94747 -0.140625

2.94763 -0.140625
2.95312 -0.135755

2.95312 -0.133842
2.96153 -0.125

2.96273 -0.125
2.96875 -0.117543

2.96875 -0.119634
2.98396 -0.09375

2.98244 -0.09375
2.984 -0.078125

2.98262 -0.078125
2.98154 -0.0625

2.98497 -0.09375
2.98694 -0.078125

2.98438 -0.0644164
2.9853 -0.078125

2.98251 -0.0625
2.98272 -0.046875

2.98265 -0.046875
2.98275 -0.03125

2.98276 -0.03125
2.98288 -0.015625

2.98292 -0.015625
2.98296 0

2.98438 -0.00347209
2.98438 0

-2 0.119894
-1.98438 0.121314

-1.98438 0.121802
-1.96902 0.125

-1.9697 0.125
-1.96875 0.125197

-1.96875 0.125894
-1.95312 0.128332

-1.95312 0.128106
-1.9375 0.128514

-1.9375 0.127969
-1.92188 0.127888

-1.92188 0.128034
-1.90625 0.128265

-1.90625 0.128308
-1.89062 0.128471

-1.89062 0.12833
-1.875 0.128623

-1.875 0.128758
-1.85938 0.129196

-1.85938 0.129283
-1.84375 0.129421

-1.84375 0.129343
-1.82812 0.129163

-1.82812 0.12909
-1.8125 0.128894

2.98301 0
2.98278 0.015625

2.98267 0.015625
2.98228 0.03125

-1.8125 0.128838
-1.79688 0.128887

-1.79688 0.128848
-1.78125 0.129332

-1.78125 0.129344
-1.76562 0.130317

-1.76562 0.130381
-1.75 0.131693

2.98228 0.03125
2.98192 0.046875

2.98195 0.046875
2.98156 0.0625

2.96875 0.115868
2.95385 0.125

2.98156 0.0625
2.98107 0.078125

2.98106 0.078125
2.98051 0.09375

-1.75 0.131773
-1.73438 0.133136

-1.73438 0.133185
-1.71875 0.134341

-1.71875 0.134341
-1.70312 0.135193

-1.70312 0.135157
-1.6875 0.135777

-1.6875 0.135731
-1.67188 0.13628

-1.67188 0.13624
-1.65625 0.136891

-1.65625 0.136863
-1.64062 0.137753

-1.64062 0.137742
-1.625 0.138952

2.97996 0.09375
2.98101 0.125

2.9375 0.19661
2.93463 0.203125

2.9353 0.203125
2.92602 0.21875

2.92584 0.21875
2.92216 0.25

-1.625 0.138966
-1.60938 0.140491

-1.60938 0.140521
-1.60845 0.140625

-1.60844 0.140625
-1.59375 0.142274

2.95312 0.152793
2.95273 0.15625

2.95312 0.134031
2.96649 0.125

2.95312 0.154739
2.96106 0.140625

2.95232 0.15625
2.94685 0.171875

2.9485 0.171875
2.94202 0.1875

2.9631 0.15625
2.95461 0.171875

-1.59375 0.142309
-1.57812 0.144167

-1.57812 0.144205
-1.5625 0.146023

-1.5625 0.146052
-1.54688 0.147695

-1.54688 0.147702
-1.53125 0.149098

2.95312 0.187096
2.96138 0.171875

2.98593 0.125
2.97582 0.15625

3 0.169396
2.99476 0.1875

-1.53125 0.149065
-1.51562 0.150264

-1.51562 0.150178
-1.5 0.151416

2.9438 0.1875
2.94042 0.21875

2.96875 0.231506
2.95027 0.25

2.99037 0.1875
2.97358 0.21875

2.96875 0.234596
2.97481 0.21875

2.85938 0.296064
2.875 0.294142

2.85938 0.298664
2.875 0.298664

2.89062 0.276382
2.88811 0.28125

2.90625 0.262707
2.90481 0.265625

2.89896 0.265625
2.90625 0.280439

2.89538 0.28125
2.90625 0.287729

2.90625 0.250461
2.9375 0.278949

2.9375 0.268658
2.991 0.25

3 -0.0754344
3.00202 -0.0625

3 -0.038188
3.00026 -0.0625

3 -0.00642015
3.00303 0

3.0625 -0.00288794
3.05433 0

3.125 -0.00474344
3.10561 0

3.25 -0.00356838
3.22654 0

3.5 -0.00272292
3.44745 0

3.03125 0.0299435
3.02713 0.03125

3.03125 0.0593558
3.03088 0.0625

3.03125 0.0267509
3.0625 0.000287371

-1.5 0.151303
-1.48438 0.152979

-1.48438 0.152943
-1.46875 0.155354

-1.46875 0.155467
-1.46459 0.15625

3.03125 0.0603713
3.03947 0.03125

3.03125 0.113292
3.02283 0.125

3.03597 0.0625
3.03934 0.09375

3.04768 0.09375
3.03738 0.125

3.0625 0.0193765
3.09706 0

3 0.174872
3.02485 0.125

3 0.187936
3.00019 0.1875

3.125 0.0140673
3.20682 0

3.25 0.00681563
3.3814 0

-1.46478 0.15625
-1.45312 0.158441

-1.45312 0.158678
-1.4375 0.161369

-1.4375 0.161562
-1.42188 0.163126

-1.42188 0.163139
-1.40625 0.163164

-1.40625 0.16306
-1.39062 0.16173

4 -0.00596914
3.62001 0

3.5 0.000529132
3.53368 0

-1.39062 0.161589
-1.375 0.159391

-1.34375 0.15454
-1.35717 0.15625

-1.375 0.159236
-1.35938 0.156763

-1.35938 0.156581
-1.35677 0.15625

-1.34375 0.154388
-1.32812 0.15365

-1.32812 0.153185
-1.3125 0.154947

-1.3125 0.154679
-1.308 0.15625

-1.30854 0.15625
-1.29688 0.160321

-1.29688 0.161491
-1.28125 0.168457

-1.28125 0.169251
-1.27182 0.171875

-1.27227 0.171875
-1.26562 0.173723

-1.26562 0.173223
-1.25 0.174107

-1.25 0.1735
-1.23438 0.172991

-1.23438 0.172717
-1.21875 0.172577

-1.21875 0.172461
-1.20312 0.173473

-1.20312 0.173398
-1.1875 0.175943

-1.1875 0.17603
-1.17188 0.180085

-1.17188 0.180388
-1.15625 0.18517

-1.15625 0.185397
-1.14813 0.1875

-1.14961 0.1875
-1.14062 0.189828

-1.14062 0.189979
-1.125 0.191764

-1.125 0.191558
-1.10938 0.190826

-1.10938 0.190179
-1.09375 0.188637

-1.09375 0.188397
-1.07812 0.187817

-1.07812 0.188144
-1.0625 0.188351

-1.03125 0.186938
-1.03596 0.1875

-1.03125 0.186762
-1.01562 0.182833

-1.01562 0.18276
-1 0.176914

-1.0625 0.188661
-1.04688 0.188384

-1.04688 0.18852
-1.03832 0.1875

