-4 -0.00338909
-3.7276 0

-3.5882 0
-3.5 0.0010974

-3.5 -0.00217845
-3.44897 0

-3.25 -0.00298135
-3.22694 0

-3.125 -0.00442976
-3.10921 0

-3 -0.0939825
-3.00012 -0.09375

-3.39979 0
-3.25 0.00643841

-3.21417 0
-3.125 0.0125213

-3.10604 0
-3.0625 0.0200572

-3.0625 0.00843949
-3.03322 0.03125

-3.04325 0.03125
-3.03125 0.05414

-3.03125 0.0535514
-3.02403 0.0625

-3.03989 0.0625
-3.03125 0.0875934

-3.03125 0.0792021
-3.01919 0.09375

-3.02155 0.09375
-3.00463 0.125

-3.02201 0.125
-3 0.156624

-3.00069 0.1875
-3 0.188254

-2.96875 -0.125411
-2.96899 -0.125

-2.9375 -0.167076
-2.9517 -0.15625

-2.95312 -0.150231
-2.96085 -0.140625

-2.96875 -0.132745
-2.96395 -0.140625

-2.95312 -0.151892
-2.94847 -0.15625

-2.9375 -0.165417
-2.92188 -0.16824

-2.92188 -0.16687
-2.90625 -0.165463

-2.90625 -0.165191
-2.89062 -0.162837

-2.89062 -0.16241
-2.875 -0.160508

-2.97083 -0.125
-2.98306 -0.09375

-2.98714 -0.09375
-2.9888 -0.078125

-2.98484 -0.078125
-2.98438 -0.0743753

-2.98438 -0.0920054
-2.98417 -0.09375

-2.98425 -0.078125
-2.9823 -0.0625

-2.96875 -0.062739
-2.96872 -0.0625

-2.98384 -0.0625
-2.98426 -0.046875

-2.98407 -0.046875
-2.98423 -0.03125

-2.98438 -0.0188393
-2.9846 -0.015625

-2.98524 -0.015625
-2.9874 0

-2.98438 -0.0293834
-2.98425 -0.03125

1.5 -0.0930515
1.51562 -0.0933349

1.51562 -0.0933413
1.53125 -0.093664

1.54688 -0.0939997
1.53476 -0.09375

-2.875 -0.160801
-2.85938 -0.159618

-2.85938 -0.159723
-2.84375 -0.158464

-2.84375 -0.159111
-2.82812 -0.156272

-2.82812 -0.156438
-2.82771 -0.15625

-2.82643 -0.15625
-2.8125 -0.149888

1.54688 -0.0940105
1.5625 -0.0942826

1.53125 -0.093677
1.53479 -0.09375

-2.8125 -0.145334
-2.79688 -0.141501

1.5625 -0.0942965
1.57812 -0.0944689

1.57812 -0.0944799
1.59375 -0.0945028

1.59375 -0.0945073
1.60938 -0.0943497

1.60938 -0.0943547
1.625 -0.0939978

-2.79688 -0.149592
-2.78125 -0.146124

-2.78125 -0.132446
-2.79009 -0.125

1.625 -0.0939985
1.63183 -0.09375

1.63185 -0.09375
1.64062 -0.0934308

-2.78125 -0.155308
-2.76562 -0.14366

-2.78125 -0.132222
-2.7715 -0.140625

1.64062 -0.0934049
1.65625 -0.0926742

1.65625 -0.0926038
1.67188 -0.091903

1.67188 -0.0919232
1.6875 -0.0913526

-2.75968 -0.15625
-2.75759 -0.140625

1.6875 -0.0913781
1.70312 -0.0908462

-2.76562 -0.126108
-2.76547 -0.125

-2.8125 -0.119036
-2.81592 -0.109375

-2.81274 -0.109375
-2.82059 -0.09375

-2.83758 -0.09375
-2.8348 -0.078125

-2.83434 -0.078125
-2.82812 -0.0761618

-2.81433 -0.09375
-2.82705 -0.078125

-2.82812 -0.077948
-2.82767 -0.078125

-2.8125 -0.114441
-2.80922 -0.125

1.70312 -0.0908441
1.71875 -0.0903043

1.71875 -0.0902869
1.73438 -0.089778

-2.8125 -0.107138
-2.79688 -0.105528

-2.79688 -0.110952
-2.79551 -0.109375

-2.79688 -0.108892
-2.78125 -0.109217

-2.78125 -0.111379
-2.77145 -0.109375

-2.78125 -0.105421
-2.76562 -0.108984

-2.76562 -0.113913
-2.75 -0.118583

1.73438 -0.0897656
1.75 -0.0893473

-2.53125 -0.375493
-2.51562 -0.376723

-2.51562 -0.390861
-2.51529 -0.390625

-2.51562 -0.378023
-2.51324 -0.375

-2.53125 -0.372974
-2.51562 -0.367012

-2.51562 -0.366182
-2.51438 -0.375

1.75 -0.0893508
1.76562 -0.089041

1.76562 -0.0890532
1.78125 -0.0888208

1.78125 -0.0888326
1.79688 -0.0886295

1.79688 -0.0886221
1.8125 -0.0884397

1.8125 -0.0884127
1.82812 -0.0883195

-2.74969 -0.15625
-2.74968 -0.140625

-2.75 -0.119576
-2.73438 -0.118124

-2.73438 -0.116741
-2.71875 -0.109967

0.125 -9.80412e-05
0.123582 0

0.125 -2.17886e-05
0.140625 -0.000749446

-2.71938 -0.109375
-2.71875 -0.109103

0.140625 -0.000662871
0.15625 -0.00138374

0.15625 -0.00135874
0.171875 -0.00229596

0.171875 -0.00233189
0.1875 -0.0034636

-2.71875 -0.108991
-2.70312 -0.101612

0.1875 -0.00355763
0.203125 -0.00462388

0.203125 -0.00463783
0.21875 -0.00542269

0.21875 -0.00528806
0.234375 -0.0060329

0.234375 -0.00592818
0.25 -0.00711172

-2.70312 -0.101256
-2.6875 -0.095924

-2.6875 -0.097868
-2.67626 -0.09375

-2.679 -0.09375
-2.67188 -0.0911408

-2.67188 -0.0905958
-2.65625 -0.0836909

-2.64062 -0.0957019
-2.64308 -0.09375

-2.625 -0.11172
-2.63548 -0.109375

-2.64062 -0.100439
-2.62562 -0.109375

-2.65625 -0.0869761
-2.64062 -0.0803928

-2.64915 -0.078125
-2.64062 -0.0670864

-2.64062 -0.083528
-2.6259 -0.09375

-2.64062 -0.0656628
-2.63796 -0.0625

-2.64265 -0.0625
-2.64062 -0.0599445

-2.64143 -0.046875
-2.64062 -0.0461051

-2.64062 -0.0610684
-2.625 -0.0523535

-2.62655 -0.046875
-2.625 -0.0464044

-2.64116 -0.03125
-2.64062 -0.0310515

-2.625 -0.111498
-2.62113 -0.109375

-2.62173 -0.109375
-2.61607 -0.09375

-2.625 -0.0838516
-2.61439 -0.09375

-2.60938 -0.064283
-2.61637 -0.0625

-2.60938 -0.0663605
-2.59375 -0.0669625

-2.59375 -0.0643246
-2.58707 -0.0625

-2.625 -0.0546739
-2.60938 -0.0595263

-2.58785 -0.0625
-2.57812 -0.0598452

-2.57812 -0.0601762
-2.5625 -0.0560817

-2.5625 -0.0561579
-2.54688 -0.0515923

-2.54688 -0.0513481
-2.532 -0.046875

-2.53208 -0.046875
-2.53125 -0.0466259

-2.53125 -0.0465477
-2.51562 -0.042409

-2.51562 -0.0421983
-2.5 -0.0392424

-2.98797 0
-2.98944 0.015625

-2.98958 0.015625
-2.98892 0.03125

-2.98861 0.03125
-2.98615 0.046875

-2.98564 0.046875
-2.98438 0.0590013

-2.98438 0.049947
-2.98307 0.0625

-2.98438 0.0898052
-2.98457 0.09375

-2.98406 0.0625
-2.98418 0.078125

-2.98438 0.0855826
-2.9841 0.078125

-2.98385 0.09375
-2.98958 0.125

-2.98808 0.125
-2.96935 0.15625

-3 0.176897
-2.96875 0.184623

-2.96875 0.150299
-2.96532 0.15625

-2.96769 0.15625
-2.9618 0.171875

-2.95941 0.171875
-2.9575 0.1875

-2.95312 0.186399
-2.95293 0.1875

-3 0.189434
-2.96875 0.200487

-2.9725 0.21875
-2.96875 0.220448

-2.96875 0.206296
-2.95228 0.1875

-2.96875 0.225648
-2.95031 0.21875

-2.8125 0.171543
-2.8127 0.171875

-2.81479 0.171875
-2.8125 0.174131

-2.8125 0.168907
-2.80961 0.171875

-2.90625 0.273921
-2.92213 0.28125

-2.90625 0.298166
-2.91224 0.3125

-2.90625 0.306088
-2.875 0.310135

-2.90366 0.3125
-2.875 0.340197

-2.89313 0.34375
-2.875 0.348609

-2.875 0.312279
-2.87483 0.3125

-2.875 0.312805
-2.87221 0.34375

-2.875 0.35723
-2.86157 0.34375

-2.78125 0.374269
-2.78191 0.375

-2.76562 0.372833
-2.77279 0.375

-2.78125 0.389046
-2.7846 0.40625

-2.78472 0.40625
-2.78125 0.412469

-2.78125 0.380659
-2.75 0.383001

-2.78125 0.417918
-2.75 0.417293

-2.75137 0.4375
-2.75 0.437507

-2.75 0.397995
-2.74908 0.40625

-2.75 0.411678
-2.74716 0.40625

-2.39062 -0.251978
-2.40459 -0.25

-2.39062 -0.252666
-2.38936 -0.25

-2.48438 -0.188317
-2.48521 -0.1875

-2.48438 -0.188501
-2.4733 -0.1875

-2.46875 -0.188605
-2.46795 -0.1875

-2.48546 -0.1875
-2.48438 -0.176403

-2.48438 -0.179853
-2.47676 -0.1875

-2.40436 -0.25
-2.39062 -0.247431

-2.39062 -0.246706
-2.38947 -0.25

-2.48438 -0.093978
-2.48458 -0.09375

-2.46875 -0.0987105
-2.48412 -0.09375

-2.48463 -0.09375
-2.48662 -0.078125

-2.48856 -0.078125
-2.48438 -0.0718618

-2.48438 -0.0848419
-2.4816 -0.09375

-2.48438 -0.0739582
-2.46875 -0.0711641

-2.46875 -0.1021
-2.45656 -0.09375

-2.46137 -0.09375
-2.46219 -0.078125

-2.46875 -0.0736588
-2.4638 -0.078125

-2.5 -0.0392618
-2.48438 -0.0378711

-2.48438 -0.0378738
-2.46875 -0.0380043

-2.46875 -0.0388701
-2.45312 -0.0387847

-2.45312 -0.038695
-2.4375 -0.0368415

-2.4375 -0.0365402
-2.42188 -0.0337003

-2.42188 -0.0336674
-2.40978 -0.03125

-2.41015 -0.03125
-2.40625 -0.0304708

-2.40625 -0.0303766
-2.39062 -0.0273749

-2.39062 -0.0274354
-2.375 -0.024735

-2.375 -0.0251821
-2.35938 -0.0217676

-2.35938 -0.0218104
-2.34375 -0.016702

-2.34375 -0.0169143
-2.34096 -0.015625

-2.34104 -0.015625
-2.32812 -0.0096212

-2.32812 -0.0105494
-2.31389 0

-2.31414 0
-2.3125 0.00136663

-2.3125 0.00307937
-2.29824 0.015625

-2.29819 0.015625
-2.29688 0.0167287

-2.29688 0.01771
-2.28125 0.0278005

-2.28125 0.0260705
-2.27144 0.03125

-2.27108 0.03125
-2.26562 0.0341289

-2.26562 0.0343101
-2.25 0.0442103

-2.25 0.0446533
-2.24686 0.046875

-2.24636 0.046875
-2.23438 0.0554158

-2.23438 0.0570731
-2.22643 0.0625

-2.22311 0.0625
-2.21875 0.0654462

-2.21875 0.0669933
-2.20312 0.0755249

-2.20312 0.075996
-2.19747 0.078125

-2.19592 0.078125
-2.1875 0.0812947

-2.1875 0.081037
-2.17188 0.0850006

-2.17188 0.0850163
-2.15625 0.0880261

-2.15625 0.0880857
-2.14062 0.0899914

-2.14062 0.0898457
-2.125 0.0908193

-2.125 0.0906086
-2.10938 0.0913627

-2.10938 0.0913325
-2.09375 0.092349

-2.09375 0.0925708
-2.07812 0.0934662

-2.07812 0.0937384
-2.0625 0.0935096

-2.07812 0.0938082
-2.07415 0.09375

-2.0625 0.0935172
-2.04688 0.091605

-2.04688 0.0913432
-2.03125 0.0882711

-2.03125 0.0878317
-2.01562 0.0850024

-2.01562 0.0847587
-2 0.0835382

1.82812 -0.0882697
1.84375 -0.0884194

1.84375 -0.0883988
1.85938 -0.0889321

1.85938 -0.0889436
1.875 -0.0898786

1.875 -0.0900342
1.89062 -0.0910369

1.89062 -0.0912885
1.90625 -0.0915443

1.90625 -0.092041
1.92188 -0.0900537

1.92188 -0.0904935
1.9375 -0.0843903

1.9375 -0.0834794
1.94754 -0.078125

1.94545 -0.078125
1.95312 -0.0740338

1.95312 -0.0727398
1.96875 -0.0688144

1.96875 -0.0704065
1.98438 -0.0715739

1.98438 -0.0719816
2 -0.0742421

-0.90625 0.121272
-0.917222 0.125

-0.90625 0.121505
-0.890625 0.116832

0.25 -0.00719852
0.265625 -0.0088566

-2.01562 0.728189
-2.02131 0.734375

-2.02763 0.734375
-2.01562 0.74438

-2.01562 0.721739
-2.00522 0.734375

-2.01562 0.738493
-2.01117 0.734375

-0.890625 0.116846
-0.875 0.112078

-1 0.154804
-0.984375 0.15039

-0.984375 0.150024
-0.96875 0.143763

-0.953125 0.137314
-0.961929 0.140625

-0.96875 0.142743
-0.963119 0.140625

-0.953125 0.137712
-0.9375 0.132568

0.265625 -0.0089437
0.28125 -0.0107285

0.28125 -0.0107173
0.296875 -0.0124772

0.296875 -0.0124473
0.3125 -0.0142645

-0.9375 0.132617
-0.921875 0.126952

-0.921875 0.12612
-0.918579 0.125

0.328125 -0.0162662
0.3232 -0.015625

0.3125 -0.0142066
0.323394 -0.015625

0.328125 -0.0163889
0.34375 -0.0184603

0.34375 -0.0184626
0.359375 -0.0202862

0.359375 -0.0202998
0.375 -0.0218441

-0.859375 0.107685
-0.865838 0.109375

-2 0.0834182
-1.98438 0.0845339

-0.875 0.111602
-0.866484 0.109375

0.375 -0.0216621
0.390625 -0.0232638

-1.98438 0.0839596
-1.96875 0.0887999

0.390625 -0.0230605
0.40625 -0.0254899

-0.859375 0.107925
-0.84375 0.104657

-0.84375 0.104553
-0.828125 0.10164

-1.96875 0.0876232
-1.9596 0.09375

-0.828125 0.101284
-0.8125 0.099644

0.4375 -0.0350618
0.426328 -0.03125

-0.8125 0.099651
-0.796875 0.0999822

0.40625 -0.0253434
0.421875 -0.0293

-1.96043 0.09375
-1.95312 0.10103

0.421875 -0.0291228
0.42811 -0.03125

-1.95456 0.109375
-1.95312 0.111929

0.4375 -0.0352948
0.453125 -0.0406732

-0.796875 0.10039
-0.78125 0.101862

-0.78125 0.10225
-0.765625 0.103272

-0.765625 0.103349
-0.75 0.102991

0.453125 -0.0406692
0.46875 -0.0452213

0 0.985425
0.0126479 1

-1.95312 0.100528
-1.94579 0.109375

-1.95312 0.111564
-1.9375 0.123894

-1.9375 0.118563
-1.92188 0.121551

-1.92188 0.119766
-1.90625 0.123187

-1.90625 0.124526
-1.90256 0.125

0.484375 -0.048851
0.47649 -0.046875

0.46875 -0.0453798
0.474717 -0.046875

0.3125 0.971474
0.301359 0.984375

0.301884 0.984375
0.3125 0.994604

0.484375 -0.0491339
0.5 -0.0524187

0.3125 0.972457
0.323953 0.984375

0.3125 0.995229
0.325032 0.984375

-1.91089 0.125
-1.90625 0.126015

-1.90625 0.125977
-1.89062 0.12793

0 1.00901
0.0100833 1

-1.89062 0.126018
-1.875 0.125049

0 0.0211641
0.015625 0.0171519

0.03125 0.0143903
0.0253496 0.015625

0.015625 0.0172277
0.0232838 0.015625

0.03125 0.0142125
0.046875 0.0110247

0.046875 0.0109686
0.0625 0.00784963

-0.75 0.102726
-0.734375 0.101363

-0.734375 0.101043
-0.71875 0.0998446

-1.85938 0.12465
-1.8685 0.125

-0.71875 0.0998488
-0.703125 0.0994488

-1.84375 0.123625
-1.85884 0.125

0.0625 0.00778742
0.078125 0.00497379

0.53125 0.993696
0.525843 1

0.078125 0.00493324
0.09375 0.00263048

-1.84375 0.123222
-1.82812 0.121004

0.09375 0.00261256
0.109375 0.000937635

0.53125 0.997389
0.53396 1

0.109375 0.000971115
0.12342 0

-1.82812 0.121059
-1.8125 0.118739

0.65625 0.963384
0.65136 0.96875

-1.8125 0.118744
-1.79688 0.116201

-0.703125 0.099705
-0.6875 0.0995823

0.652534 0.96875
0.65625 0.972326

0.65625 0.964696
0.660145 0.96875

-0.6875 0.0996219
-0.671875 0.0991848

-0.671875 0.0990999
-0.65625 0.0984392

-1.79688 0.116198
-1.78125 0.11343

-1.78125 0.113426
-1.76562 0.110445

0.65625 0.973524
0.661477 0.96875

-0.65625 0.0986148
-0.640625 0.097549

-0.640625 0.0979549
-0.625 0.0953207

-1.75 0.107279
-1.76094 0.109375

-0.609375 0.090626
-0.62041 0.09375

-1.76562 0.110503
-1.75974 0.109375

0.529399 1
0.53125 1.00192

-1.875 0.125271
-1.86794 0.125

0.53125 1.0055
0.537693 1

0.5 -0.0523824
0.515625 -0.0549329

0.515625 -0.0549447
0.53125 -0.0568098

-1.75 0.107274
-1.73438 0.104622

0.53125 -0.0567631
0.546875 -0.0580128

0.546875 -0.0579571
0.5625 -0.0587962

-1.73438 0.10457
-1.71875 0.102528

-1.71875 0.102533
-1.70312 0.101196

-1.70312 0.101181
-1.6875 0.10057

-0.609375 0.0902321
-0.59375 0.0853507

-0.625 0.0949638
-0.620712 0.09375

-0.59375 0.0853984
-0.578125 0.0807029

-1.6875 0.100491
-1.67188 0.100789

-1.67188 0.100739
-1.65625 0.102204

-1.65625 0.10223
-1.64062 0.10491

-1.64062 0.104834
-1.625 0.108829

-0.5625 0.0754173
-0.571354 0.078125

-1.625 0.108821
-1.6233 0.109375

-1.62394 0.109375
-1.60938 0.114124

0.5625 -0.0587917
0.578125 -0.0593406

-0.578125 0.0812816
-0.567803 0.078125

-1.60938 0.114369
-1.59375 0.119671

-0.515625 0.0596764
-0.523923 0.0625

-0.515625 0.0599616
-0.5 0.055921

-1.59375 0.119601
-1.57812 0.124725

-1.57812 0.124695
-1.57725 0.125

0.578125 -0.0594168
0.59375 -0.0595323

2 -0.0745478
2.01562 -0.0764747

0.59375 -0.0595284
0.609375 -0.0590658

0.609375 -0.0589944
0.625 -0.0581043

-1.57677 0.125
-1.5625 0.129984

0.625 -0.0580356
0.640625 -0.0569982

0.640625 -0.0569612
0.65625 -0.0559877

2.01562 -0.076211
2.03125 -0.0777202

0.65625 -0.0560854
0.671875 -0.0550546

-1.5625 0.129645
-1.54688 0.136518

0.671875 -0.0550597
0.6875 -0.0537657

-1.54688 0.136215
-1.53819 0.140625

2.04688 -0.0793515
2.03552 -0.078125

-0.5625 0.07595
-0.546875 0.0710371

-1.54121 0.140625
-1.53125 0.145682

-0.546875 0.0712226
-0.53125 0.065927

2.03125 -0.077753
2.03469 -0.078125

-0.53125 0.0660001
-0.520964 0.0625

2.04688 -0.0793691
2.0625 -0.0813132

0.6875 -0.0533657
0.703125 -0.0525983

-1.53125 0.146155
-1.51562 0.15174

-1.51562 0.150626
-1.5 0.153736

2.0625 -0.0813333
2.07812 -0.0835027

2.07812 -0.0835293
2.09375 -0.0858305

2.09375 -0.0861964
2.10938 -0.0878445

2.10938 -0.0884519
2.125 -0.0875002

0.703125 -0.0521555
0.71875 -0.0536005

2.20312 -0.172195
2.20264 -0.171875

2.20253 -0.171875
2.1975 -0.15625

2.20312 -0.172349
2.20891 -0.171875

2.20312 -0.171554
2.21875 -0.1645

2.19634 -0.15625
2.20312 -0.147464

2.20312 -0.148933
2.21875 -0.152044

2.21875 -0.167519
2.22115 -0.15625

2.21875 -0.152297
2.22104 -0.15625

2.125 -0.0874492
2.14062 -0.0827847

2.14062 -0.0832667
2.15625 -0.0783846

2.14149 -0.078125
2.15625 -0.0735128

2.15625 -0.0817216
2.17061 -0.078125

0.71875 -0.054152
0.734375 -0.0575917

-1.5 0.153473
-1.48655 0.15625

-1.48854 0.15625
-1.48438 0.157109

2.15625 -0.0756577
2.17188 -0.0717433

-0.5 0.0561639
-0.484375 0.0534786

2.17188 -0.0789728
2.17457 -0.078125

-1.48438 0.157473
-1.46875 0.159794

2.17188 -0.0728551
2.1875 -0.068635

-0.484375 0.0536756
-0.46875 0.0514657

0.734375 -0.058211
0.75 -0.0613037

-0.46875 0.0515082
-0.453125 0.0492945

2.1875 -0.0684384
2.20312 -0.065387

-1.46875 0.159753
-1.45312 0.159871

2.20312 -0.0655516
2.21875 -0.0638796

-0.453125 0.0493087
-0.4375 0.0469777

-1.45312 0.159808
-1.4375 0.157927

-0.421875 0.0445225
-0.436979 0.046875

-0.4375 0.0469526
-0.437002 0.046875

-1.42188 0.154792
-1.43074 0.15625

-0.421875 0.044496
-0.40625 0.0420556

0.765625 -0.0627506
0.762949 -0.0625

0.765625 -0.0626404
0.78125 -0.0627267

2.21875 -0.0640038
2.23438 -0.0631336

2.23438 -0.0633204
2.25 -0.0627017

-0.40625 0.0420336
-0.390625 0.0396833

-0.390625 0.0396352
-0.375 0.037515

-1.42188 0.154451
-1.40625 0.153003

0.78125 -0.0626725
0.784365 -0.0625

2.24468 -0.0625
2.25 -0.0622891

0.75 -0.0613346
0.762446 -0.0625

-0.375 0.0374679
-0.359375 0.0357683

0.78414 -0.0625
0.796875 -0.0617947

2.46875 -0.36291
2.45482 -0.359375

2.45704 -0.359375
2.46875 -0.345439

-0.359375 0.0357892
-0.34375 0.0345625

2.46875 -0.363543
2.47327 -0.359375

-1.4375 0.157296
-1.43114 0.15625

-0.34375 0.0345555
-0.328125 0.0337738

-1.40625 0.152912
-1.39062 0.153399

-0.328125 0.033755
-0.3125 0.0334701

0.796875 -0.0617599
0.8125 -0.0601455

0.8125 -0.0600658
0.828125 -0.0579361

0.828125 -0.0578782
0.84375 -0.0555087

2.47249 -0.359375
2.46887 -0.34375

-0.3125 0.0334209
-0.296875 0.033769

-0.296875 0.0336565
-0.28125 0.0349611

-1.39062 0.154382
-1.375 0.15502

0.84375 -0.0554028
0.859375 -0.0531208

-1.375 0.155488
-1.35938 0.153374

0.859375 -0.053018
0.875 -0.0512411

-0.28125 0.0349706
-0.265625 0.0374377

-1.35938 0.152178
-1.34375 0.148764

-1.34375 0.148669
-1.32812 0.146535

2.26562 -0.0625698
2.26027 -0.0625

0.875 -0.0511991
0.890625 -0.050217

-0.265625 0.0375715
-0.25 0.0409147

0.890625 -0.0502938
0.90625 -0.0500366

2.26562 -0.0626028
2.28125 -0.0641618

-1.32812 0.146875
-1.3125 0.145531

-1.3125 0.145577
-1.29688 0.144251

0.90625 -0.0501455
0.921875 -0.0502417

2.28125 -0.0642019
2.29688 -0.0666961

2.29688 -0.0667646
2.3125 -0.0699767

0.921875 -0.0502581
0.9375 -0.0504572

-1.29688 0.144261
-1.28125 0.14284

0.9375 -0.0503042
0.953125 -0.0508793

-1.28125 0.142825
-1.26562 0.141322

0.953125 -0.0507683
0.96875 -0.0522475

2.25 -0.0622173
2.26562 -0.0624209

-1.25 0.139753
-1.25836 0.140625

2.3125 -0.0701025
2.32812 -0.0736435

-0.25 0.0418592
-0.234375 0.0439218

0.96875 -0.0523711
0.984375 -0.0547291

2.32812 -0.0738352
2.34375 -0.0770701

0.984375 -0.0547216
1 -0.0577261

2.35938 -0.0795739
2.35068 -0.078125

-0.234375 0.0437375
-0.21875 0.0429989

-1.26562 0.14133
-1.25887 0.140625

-0.21875 0.0421543
-0.203125 0.0406721

2.34375 -0.0771428
2.34964 -0.078125

2.35938 -0.0797266
2.375 -0.0815952

-0.203125 0.0405236
-0.1875 0.0402838

2.375 -0.0815904
2.39062 -0.0825698

2.39062 -0.082615
2.40625 -0.0826245

2.40625 -0.0828795
2.42188 -0.0813188

2.42188 -0.0818175
2.43554 -0.078125

-1.25 0.139713
-1.23438 0.137908

-1.23438 0.137869
-1.21875 0.135999

-1.21875 0.135958
-1.20312 0.134184

-1.20312 0.134074
-1.1875 0.132699

2.43222 -0.078125
2.4375 -0.0766985

2.4375 -0.0781639
2.43762 -0.078125

2.4375 -0.0762004
2.45312 -0.0711042

2.45312 -0.0708884
2.46875 -0.0677233

-1.1875 0.132468
-1.17188 0.132173

-1.17188 0.131308
-1.15625 0.134285

-1.15625 0.132147
-1.14307 0.140625

-1.14789 0.140625
-1.14062 0.145897

-1.14062 0.139032
-1.13908 0.140625

-1.14062 0.14734
-1.12916 0.15625

-0.1875 0.0400696
-0.171875 0.0417974

-0.171875 0.0427111
-0.15625 0.0450076

2.46875 -0.0677849
2.48438 -0.0668595

2.48438 -0.0670953
2.5 -0.0678148

-1.13238 0.15625
-1.125 0.161136

-0.15625 0.0444291
-0.140625 0.0466238

-0.140625 0.0462093
-0.138088 0.046875

-1.125 0.160089
-1.10938 0.165017

-1.10938 0.163376
-1.09375 0.164603

-1.09375 0.164752
-1.07812 0.165263

-1.07812 0.165303
-1.0625 0.164718

-1.0625 0.16471
-1.04688 0.162968

-1.04688 0.16287
-1.03125 0.160184

-1 0.154412
-1.00979 0.15625

-1.03125 0.159918
-1.01562 0.157015

-1.01562 0.156771
-1.01285 0.15625

-0.13804 0.046875
-0.125 0.0502964

-0.125 0.0518429
-0.109375 0.0556083

-0.109375 0.0545903
-0.09375 0.0569687

-0.09375 0.0560244
-0.078125 0.06094

-0.078125 0.0621128
-0.0750571 0.0625

2.57812 -0.15795
2.57062 -0.15625

-0.078125 0.0646586
-0.0625 0.0666391

-0.046875 0.0536668
-0.0579656 0.0625

-0.03125 0.0346234
-0.0445286 0.046875

2.57812 -0.157092
2.57908 -0.15625

2.57316 -0.15625
2.57812 -0.149756

2.57812 -0.146742
2.57989 -0.15625

1.03125 -0.0651326
1.01921 -0.0625

2.57812 -0.140556
2.57827 -0.140625

-0.046875 0.0518811
-0.0428774 0.046875

1.03125 -0.0650669
1.04688 -0.0677137

1.04688 -0.0676638
1.0625 -0.0697

1 -0.0577681
1.01562 -0.0613504

1.01562 -0.0615713
1.01987 -0.0625

1.0625 -0.0696386
1.07812 -0.0712872

1.07812 -0.0711697
1.09375 -0.0727885

2.5 -0.0679621
2.51562 -0.0695605

2.51562 -0.0696245
2.53125 -0.0716792

-0.015625 0.0261025
-0.0246317 0.03125

-0.015625 0.0266652
0 0.0209529

-0.03125 0.0351358
-0.0246863 0.03125

-0.0625 0.069943
-0.0496463 0.0625

1.09375 -0.0727842
1.10938 -0.0746166

1.10938 -0.074703
1.125 -0.0765848

2.53125 -0.0717962
2.54688 -0.0739454

2.54688 -0.074048
2.5625 -0.0758523

2.5625 -0.0759485
2.57812 -0.0770102

2.57812 -0.076945
2.59375 -0.0772024

2.59375 -0.0774651
2.60938 -0.0765232

2.60938 -0.0769061
2.625 -0.0734734

1.14062 -0.0782961
1.13905 -0.078125

2.67188 -0.161034
2.6691 -0.15625

2.67188 -0.160061
2.6875 -0.159491

-1.40625 0.640863
-1.40601 0.640625

1.125 -0.0766191
1.1389 -0.078125

1.14062 -0.078285
1.15625 -0.0797759

1.15625 -0.0797563
1.17188 -0.0811355

2.67179 -0.15625
2.67188 -0.155822

2.67188 -0.146289
2.6875 -0.146666

2.6875 -0.157138
2.68803 -0.15625

2.6875 -0.151597
2.68821 -0.15625

2.6875 -0.139817
2.68833 -0.140625

1.17188 -0.0811388
1.1875 -0.0824389

1.1875 -0.0824405
1.20312 -0.0836518

1.20312 -0.0836256
1.21875 -0.0847975

1.21875 -0.0847954
1.23438 -0.0859842

1.23438 -0.0860215
1.25 -0.0871568

2.625 -0.075104
2.64062 -0.0677658

2.64062 -0.0806203
2.65625 -0.0816548

2.64062 -0.0732205
2.65625 -0.0640624

2.65625 -0.084605
2.66667 -0.078125

2.65625 -0.071283
2.67188 -0.0666101

2.6875 -0.0632454
2.6791 -0.0625

2.63461 -0.0625
2.64062 -0.0557091

2.64062 -0.0560352
2.65592 -0.046875

2.65225 -0.046875
2.65625 -0.0457096

2.65625 -0.0500001
2.67188 -0.0541955

1.25 -0.0871843
1.26562 -0.0881366

1.26562 -0.0881281
1.28125 -0.0888592

2.67188 -0.0578533
2.6875 -0.0622336

2.70312 -0.0648363
2.68994 -0.0625

2.70312 -0.0641134
2.71875 -0.0674447

1.28125 -0.0888387
1.29688 -0.0894067

1.29688 -0.0893922
1.3125 -0.0898671

2.71875 -0.0672999
2.73438 -0.0729787

1.3125 -0.0898603
1.32812 -0.0902845

1.32812 -0.0902829
1.34375 -0.0906733

2.75 -0.0796417
2.74017 -0.078125

2.73438 -0.0754353
2.75 -0.0778845

2.6875 -0.0622733
2.68878 -0.0625

1.34375 -0.090673
1.35938 -0.0910337

1.35938 -0.0910348
1.375 -0.0913643

2.75 -0.0748624
2.76562 -0.0750635

2.78125 -0.0791078
2.77502 -0.078125

2.76562 -0.0759881
2.77918 -0.078125

2.78125 -0.0788896
2.79688 -0.0808907

2.79688 -0.0809215
2.8125 -0.0818714

2.8125 -0.0815973
2.82812 -0.0819826

2.82812 -0.0820533
2.84375 -0.0822809

-0.125 0.973708
-0.134558 0.984375

-0.129025 0.984375
-0.125 0.98826

1.375 -0.0913648
1.39062 -0.0916597

-0.125 0.979476
-0.120277 0.984375

-0.125 0.993761
-0.114557 0.984375

1.39062 -0.0916605
1.40625 -0.0919183

1.40625 -0.0919177
1.42188 -0.092138

1.42188 -0.0921361
1.4375 -0.0923238

1.4375 -0.0923199
1.45312 -0.0924863

1.45312 -0.0924805
1.46875 -0.0926451

1.46875 -0.0926391
1.48438 -0.0928256

2.84375 -0.0822234
2.85938 -0.082267

1.48438 -0.0928206
1.5 -0.093051

2.85938 -0.0824023
2.875 -0.0821063

0 0.98853
-0.0101794 1

2.875 -0.0817668
2.89062 -0.0815395

2.89062 -0.0813532
2.90625 -0.0822464

2.90625 -0.0821695
2.92188 -0.0847092

2.92188 -0.0851892
2.9375 -0.0885694

2.96875 -0.0967389
2.96059 -0.09375

2.9375 -0.0883934
2.95312 -0.0920065

2.95312 -0.0919956
2.9607 -0.09375

2.96875 -0.106305
2.99713 -0.09375

2.97795 -0.09375
2.98438 -0.0878839

2.98186 -0.078125
2.97848 -0.0625

2.98986 -0.09375
2.99486 -0.078125

2.99335 -0.078125
2.98884 -0.0625

2.98274 -0.0625
2.98068 -0.046875

2.98297 -0.046875
2.9826 -0.03125

2.98438 -0.0474385
2.98907 -0.0625

2.98305 -0.03125
2.98339 -0.015625

2.98332 -0.015625
2.98362 0

2.98438 -0.00390718
2.98446 0

-0.0134511 1
0 1.01178

2.98335 0
2.9831 0.015625

2.9832 0.015625
2.98267 0.03125

2.98509 0
2.98486 0.015625

2.98438 0.0244422
2.98467 0.015625

2.98287 0.03125
2.98267 0.046875

2.98268 0.046875
2.98256 0.0625

2.98258 0.0625
2.98247 0.078125

2.98262 0.078125
2.98219 0.09375

2.98294 0.09375
2.97784 0.125

2.92188 0.201517
2.9375 0.201351

2.92188 0.206995
2.93727 0.203125

2.90625 0.234652
2.9308 0.21875

2.96875 0.126979
2.96133 0.140625

2.96592 0.140625
2.95807 0.15625

2.95312 0.163426
2.9511 0.171875

2.95194 0.171875
2.95312 0.179477

2.95312 0.171096
2.95751 0.15625

2.95312 0.174019
2.95697 0.1875

2.97514 0.125
2.96892 0.15625

3 0.185905
2.98594 0.1875

2.95893 0.1875
2.96806 0.21875

2.94702 0.21875
2.95951 0.25

2.96875 0.205172
3 0.188602

2.85938 0.296401
2.875 0.294394

2.85938 0.302091
2.875 0.302091

2.89062 0.265454
2.89047 0.265625

2.89048 0.265625
2.8884 0.28125

2.90625 0.254295
2.90048 0.265625

2.89062 0.275149
2.89259 0.28125

2.89072 0.28125
2.90625 0.290858

2.90625 0.277849
2.91453 0.28125

2.90625 0.283793
2.9375 0.285124

2.9375 0.284238
2.96362 0.25

3 -0.0958147
3.00158 -0.09375

3 -0.0891191
3.00458 -0.0625

3 -0.0431122
3.00267 -0.0625

3.0625 -0.00426766
3.04975 0

3.125 -0.0042519
3.10494 0

3.25 -0.00322544
3.22427 0

3.5 -0.00250815
3.44277 0

3.03125 0.0285109
3.02617 0.03125

3.03125 0.0360909
3.0267 0.0625

3.03125 0.0217911
3.05791 0

3.03125 0.0347019
3.03233 0.03125

3.02905 0.0625
3.03113 0.09375

3.03125 0.10049
3.02951 0.125

3.03125 0.0900958
3.03132 0.09375

3.03125 0.0995474
3.03201 0.09375

3.0625 0.0165108
3.09817 0

3 0.179135
3.03073 0.125

3 0.194641
3.00545 0.1875

3.125 0.0112812
3.19894 0

3.25 0.00512863
3.36529 0

4 -0.00435585
3.65925 0

3.5 0.000591094
3.54624 0

