-4 -0.00173056
-3.75631 0

-3.64873 0
-3.5 0.00105622

-3.5 -0.00169131
-3.43199 0

-3.25 -0.00229696
-3.21962 0

-3.125 -0.00317683
-3.1087 0

-3.40167 0
-3.25 0.00381107

-3.21362 0
-3.125 0.00741141

-3.10841 0
-3.0625 0.0122661

-3.0625 0.00121022
-3.03125 0.0207699

-3.03334 0.03125
-3.03125 0.0348134

-3 0.0242822
-3.01618 0.03125

-3.02844 0.03125
-3.00709 0.0625

-3.02315 0.0625
-3.00975 0.09375

-3.00417 0.09375
-3 0.118066

-3.01775 0.125
-3 0.153239

1.5 0.199339
1.51562 0.200028

1.51562 0.200032
1.53125 0.200828

1.53125 0.200832
1.54688 0.20172

1.54688 0.201722
1.5625 0.20269

1.5625 0.202687
1.569 0.203125

1.56905 0.203125
1.57812 0.203736

1.57812 0.203743
1.59375 0.204878

-2.89062 -0.25807
-2.89887 -0.25

1.59375 0.204875
1.60938 0.206086

-2.875 -0.274169
-2.88688 -0.265625

-2.89062 -0.25931
-2.88275 -0.265625

-2.875 -0.272646
-2.85938 -0.276551

-2.85938 -0.274843
-2.84375 -0.275343

1.60938 0.206083
1.625 0.207381

-2.84375 -0.275342
-2.82812 -0.275855

-2.82812 -0.275846
-2.8125 -0.276394

1.625 0.207379
1.64062 0.208775

1.64062 0.208774
1.65625 0.210273

-2.8125 -0.276373
-2.79688 -0.277018

-2.79688 -0.277082
-2.78125 -0.277736

1.65625 0.210273
1.67188 0.211879

1.67188 0.211878
1.6875 0.213593

1.6875 0.213591
1.70312 0.215421

-2.78125 -0.277789
-2.76562 -0.278216

-2.76562 -0.277761
-2.75 -0.278764

-2.9375 -0.197258
-2.94319 -0.1875

-2.96875 -0.125472
-2.96895 -0.125

-2.95312 -0.177862
-2.95559 -0.171875

1.70312 0.215418
1.71875 0.217371

-2.95312 -0.173802
-2.94724 -0.1875

-2.95312 -0.157271
-2.95104 -0.171875

1.71875 0.217358
1.729 0.21875

1.72913 0.21875
1.73438 0.219463

1.73438 0.219486
1.75 0.22179

-1 -0.23266
-0.984375 -0.230873

0 -0.206912
0.0105007 -0.203125

0.00843362 -0.203125
0.015625 -0.200531

0.015625 -0.200196
0.03125 -0.191108

0.03125 -0.191914
0.0375055 -0.1875

0.036336 -0.1875
0.046875 -0.179324

0.046875 -0.179058
0.054382 -0.171875

0.0545434 -0.171875
0.0625 -0.163264

0.0625 -0.163036
0.0682274 -0.15625

0.0684648 -0.15625
0.078125 -0.143276

0.078125 -0.142778
0.0796159 -0.140625

0.0799741 -0.140625
0.0896634 -0.125

0.0895154 -0.125
0.09375 -0.117135

0.09375 -0.116648
0.0976659 -0.109375

0.0977212 -0.109375
0.105567 -0.09375

0.105721 -0.09375
0.109375 -0.086157

0.109375 -0.0853301
0.112842 -0.078125

0.112479 -0.078125
0.120885 -0.0625

0.121824 -0.0625
0.125 -0.0570685

0.125 -0.0562686
0.130494 -0.046875

0.129436 -0.046875
0.140479 -0.03125

0.141662 -0.03125
0.154709 -0.015625

0.152246 -0.015625
0.15625 -0.0110727

0.15625 -0.0116556
0.170687 0

0.171875 -0.000624327
0.173141 0

0.174536 0
0.1875 0.00639343

0.1875 0.00609779
0.203125 0.0139552

0.203125 0.0136894
0.206554 0.015625

0.206016 0.015625
0.21875 0.0228134

0.21875 0.0240791
0.234366 0.03125

0.23528 0.03125
0.25 0.0343118

-0.984375 -0.23172
-0.96875 -0.230434

-0.987751 -0.21875
-0.984375 -0.214499

-0.986934 -0.203125
-0.984375 -0.195732

1.53125 0.429897
1.5265 0.4375

1.54688 0.419764
1.54 0.421875

1.53125 0.427994
1.5415 0.421875

1.54688 0.41971
1.55168 0.421875

1.55004 0.421875
1.5625 0.434923

1.52763 0.4375
1.52611 0.453125

1.52793 0.453125
1.53023 0.46875

0.25 0.0338147
0.265625 0.0345188

1.53044 0.46875
1.53125 0.470332

-2.95312 -0.152948
-2.95916 -0.140625

-0.971717 -0.21875
-0.96875 -0.205885

1.55922 0.4375
1.5614 0.453125

-0.973546 -0.203125
-0.968915 -0.1875

-0.96875 -0.230638
-0.953125 -0.228277

-0.953125 -0.227305
-0.9375 -0.224592

0.265625 0.0341385
0.28125 0.0340623

0.3125 0.0279417
0.300332 0.03125

0.28125 0.0350069
0.296875 0.0330221

-2.96875 -0.132498
-2.96374 -0.140625

0.296875 0.0324484
0.301283 0.03125

-2.95312 -0.155049
-2.95254 -0.15625

-0.96875 -0.218422
-0.953125 -0.217702

0.3125 0.0270468
0.328125 0.0239893

-0.958897 -0.203125
-0.965508 -0.1875

0.328125 0.0241188
0.34375 0.0239127

-2.90625 -0.245572
-2.92689 -0.21875

-2.92234 -0.21875
-2.93129 -0.203125

0.34375 0.0245066
0.359375 0.0257053

-2.9375 -0.198569
-2.93404 -0.203125

0.359375 0.0258331
0.375 0.0269932

-0.953125 -0.218564
-0.950952 -0.21875

-2.90625 -0.244583
-2.9007 -0.25

-2.97138 -0.125
-2.98483 -0.09375

-2.98917 -0.09375
-2.99162 -0.078125

-2.98797 -0.078125
-2.98475 -0.0625

-2.98438 -0.0629514
-2.98428 -0.0625

0.375 0.0268387
0.390625 0.0280136

-2.98438 -0.0394772
-2.98547 -0.03125

0.390625 0.0278011
0.40625 0.0297248

1.56052 0.453125
1.55878 0.46875

1.53125 0.481873
1.5344 0.484375

1.53472 0.484375
1.54688 0.48896

-0.9375 -0.224622
-0.921875 -0.222877

-2.98438 -0.0621454
-2.98355 -0.046875

-0.921875 -0.223282
-0.90625 -0.221624

-2.98438 -0.0466152
-2.98434 -0.046875

-0.90625 -0.221712
-0.890625 -0.219155

0.40625 0.0299517
0.41364 0.03125

-2.9858 -0.03125
-2.99042 -0.015625

-0.890625 -0.219135
-0.8887 -0.21875

-2.99105 -0.015625
-2.99678 0

-0.889981 -0.21875
-0.875 -0.215758

0.414205 0.03125
0.421875 0.0325974

0.421875 0.0326815
0.4375 0.0358243

-0.875 -0.215651
-0.859375 -0.212733

-0.859375 -0.212825
-0.84375 -0.210182

-0.84375 -0.210161
-0.828125 -0.207648

-0.828125 -0.207663
-0.8125 -0.205294

-2.73438 -0.282065
-2.73993 -0.28125

-2.73438 -0.281785
-2.71875 -0.28393

-2.75 -0.278718
-2.73438 -0.281012

-2.73438 -0.281073
-2.73309 -0.28125

-2.71875 -0.283798
-2.70312 -0.2848

-2.70312 -0.284649
-2.6875 -0.285058

1.5625 0.46984
1.55087 0.484375

-2.6875 -0.285014
-2.67188 -0.285222

-0.8125 -0.205327
-0.797698 -0.203125

-2.67188 -0.285129
-2.65625 -0.285411

-0.797558 -0.203125
-0.796875 -0.203023

0.421875 0.121314
0.420695 0.125

0.4375 0.104128
0.42737 0.109375

-2.65625 -0.285432
-2.64062 -0.285933

0.421875 0.122019
0.431639 0.109375

-0.796868 -0.203125
-0.78125 -0.200532

-0.78125 -0.200576
-0.765625 -0.197378

0.4375 0.0358852
0.453125 0.0392335

0.453125 0.039284
0.46875 0.042615

-2.64062 -0.285913
-2.625 -0.28663

0.46875 0.0426386
0.484375 0.0458039

-0.765625 -0.19728
-0.75 -0.193586

0.484375 0.0459428
0.48955 0.046875

-2.625 -0.286698
-2.60938 -0.287534

-2.60938 -0.287494
-2.59375 -0.288395

1.54688 0.489644
1.55647 0.484375

-2.59375 -0.288425
-2.57812 -0.289412

1.59375 0.464153
1.59077 0.46875

1.5909 0.46875
1.58684 0.484375

1.58684 0.484375
1.59156 0.5

1.60938 0.451065
1.60524 0.453125

-0.75 -0.193531
-0.734375 -0.189646

-2.57812 -0.289354
-2.5625 -0.290481

-0.734375 -0.189628
-0.725804 -0.1875

0.490149 0.046875
0.5 0.0486497

0.4375 0.104998
0.448216 0.109375

-2.5625 -0.290412
-2.54688 -0.291931

0.447302 0.109375
0.453125 0.113683

-0.726035 -0.1875
-0.71875 -0.185691

-2.54688 -0.292122
-2.53125 -0.293791

1.59375 0.463384
1.60593 0.453125

-2.51562 -0.297132
-2.51769 -0.296875

-0.71875 -0.185622
-0.703125 -0.182036

-2.53125 -0.293519
-2.51562 -0.295467

-0.703125 -0.182116
-0.6875 -0.178862

0.453125 0.119293
0.456464 0.125

0.421875 0.15148
0.421294 0.15625

0.426427 0.125
0.425155 0.140625

0.424743 0.140625
0.423324 0.15625

0.420508 0.15625
0.421875 0.168191

0.420044 0.171875
0.421875 0.175669

1.60938 0.448909
1.62131 0.453125

0.421875 0.164485
0.424543 0.171875

-0.6875 -0.179019
-0.671875 -0.175624

1.61812 0.453125
1.625 0.458672

-0.671875 -0.175795
-0.657283 -0.171875

1.625 0.490501
1.62114 0.5

-2.5 -0.298741
-2.51181 -0.296875

0.421875 0.176218
0.4375 0.187042

-0.65717 -0.171875
-0.65625 -0.171628

0.430888 0.1875
0.4375 0.189568

-0.65625 -0.171694
-0.640625 -0.16616

0.456604 0.125
0.457966 0.140625

-2.51562 -0.294978
-2.50362 -0.296875

-0.640625 -0.16604
-0.625 -0.159219

1.625 0.461405
1.62864 0.46875

-0.6875 -0.00357644
-0.695931 0

-0.6875 -0.00378871
-0.671875 -0.0103755

-0.65625 -0.0184528
-0.662371 -0.015625

0.457081 0.140625
0.454228 0.15625

0.453125 0.161197
0.44836 0.171875

1.6267 0.46875
1.62627 0.484375

0.4375 0.18633
0.453125 0.173262

0.453125 0.15904
0.454039 0.15625

1.75 0.221792
1.76562 0.224252

1.76562 0.224247
1.78125 0.226869

0.498922 0.140625
0.5 0.143341

1.78125 0.226864
1.79688 0.229664

0.4375 0.189984
0.443482 0.1875

-3 0.0137424
-2.99904 0

-2.99867 0.015625
-2.99261 0.03125

-2.98438 0.0196808
-2.97586 0.03125

1.79688 0.22966
1.8125 0.232657

1.8125 0.232641
1.82083 0.234375

1.82094 0.234375
1.82812 0.235871

1.82812 0.235917
1.84375 0.239418

-2.99491 0.03125
-2.98873 0.046875

-2.98788 0.046875
-2.98444 0.0625

0.5 0.0485223
0.515625 0.0511797

0.515625 0.0511366
0.53125 0.0540532

1.84375 0.239419
1.85938 0.243101

0.53125 0.0540817
0.546875 0.0572869

-0.671875 -0.0109808
-0.657508 -0.015625

0.546875 0.0573785
0.5625 0.0606324

-0.65625 -0.0187628
-0.640625 -0.0242735

1.85938 0.243096
1.875 0.246969

-0.640625 -0.0253078
-0.625 -0.0270459

1.875 0.246937
1.8865 0.25

-0.625 -0.00435155
-0.634331 0

1.88668 0.25
1.89062 0.251051

-0.625 -0.159089
-0.619069 -0.15625

-2.98394 0.03125
-2.97981 0.046875

0.515625 0.116747
0.50756 0.125

-2.98362 0.046875
-2.98124 0.0625

-0.619281 -0.15625
-0.609375 -0.151508

-2.98673 0.0625
-2.9854 0.078125

-0.609375 -0.151668
-0.59375 -0.143674

-2.98438 0.0875892
-2.98629 0.09375

1.89062 0.251116
1.90625 0.255589

-2.98333 0.0625
-2.98241 0.078125

1.90625 0.255592
1.92188 0.26031

1.92188 0.260264
1.9375 0.265312

-0.59375 -0.143962
-0.588345 -0.140625

-0.58778 -0.140625
-0.578125 -0.134459

-0.578125 -0.134555
-0.567083 -0.125

0.53125 0.108164
0.528476 0.109375

0.515625 0.11695
0.529672 0.109375

0.53125 0.107637
0.545297 0.109375

0.54049 0.109375
0.546875 0.112489

0.546875 0.10666
0.551964 0.109375

0.550365 0.109375
0.559421 0.125

-0.566818 -0.125
-0.5625 -0.120211

-0.609375 -0.0316778
-0.61108 -0.03125

-0.609375 -0.031592
-0.59375 -0.0366013

1.9375 0.265313
1.93839 0.265625

-0.625 -0.0287432
-0.609375 -0.0271342

0.5625 0.060711
0.571579 0.0625

-2.98278 0.078125
-2.98122 0.09375

-2.98101 0.09375
-2.9828 0.125

-2.96875 0.125056
-2.9897 0.15625

-3 0.169542
-2.96875 0.168208

1.93842 0.265625
1.95312 0.270787

1.95312 0.270829
1.96875 0.276686

1.96875 0.276621
1.98018 0.28125

1.9804 0.28125
1.98438 0.282859

0.572329 0.0625
0.578125 0.0636421

0.578125 0.063485
0.59375 0.0668415

-2.96875 0.146228
-2.96506 0.15625

-2.96721 0.15625
-2.96286 0.171875

-2.96875 0.182539
-2.95312 0.172062

1.98438 0.282988
2 0.289829

0.59375 0.0670887
0.609375 0.0707217

0 0.599605
0.015625 0.60187

0.016944 0.609375
0.0170797 0.625

-0.625 -0.00422294
-0.609375 -0.00973737

0 0.633412
0.015625 0.632122

0.015625 0.63083
0.0190676 0.625

0.609375 0.0706482
0.625 0.0742102

-2.97571 0.1875
-2.96875 0.188655

-0.609375 -0.0291592
-0.608191 -0.03125

0.0625 0.995042
0.0600877 1

0.505489 0.125
0.50202 0.140625

0.078125 0.984621
0.0712568 1

0.078125 0.992599
0.09375 0.990623

-2.96875 0.190135
-2.9643 0.1875

0.5 0.142523
0.515035 0.15625

-0.609375 -0.0105017
-0.59375 -0.0142144

0.09375 0.990604
0.100915 1

-0.59375 -0.0358265
-0.578125 -0.0409501

0.515625 0.152354
0.53125 0.149398

-0.5625 -0.0498152
-0.567036 -0.046875

-0.578125 -0.0409902
-0.568316 -0.046875

0.546875 0.136448
0.542816 0.140625

0.53125 0.147049
0.540534 0.140625

0.546875 0.13903
0.556347 0.125

0.1875 0.988463
0.174381 1

0.1875 0.993217
0.203125 0.999584

-0.59375 -0.0169505
-0.584141 -0.015625

-0.59375 -0.0143954
-0.587946 -0.015625

-0.578125 -0.0196891
-0.5625 -0.0184261

0.625 0.0741802
0.640625 0.0778784

-0.5625 -0.120119
-0.554123 -0.109375

-2.96875 0.21884
-2.9684 0.21875

0.203125 0.994684
0.213859 1

0.640625 0.0780343
0.641005 0.078125

-0.553997 -0.109375
-0.546875 -0.0939813

-0.546875 -0.0699355
-0.549858 -0.0625

-0.546731 -0.09375
-0.544916 -0.078125

-0.546875 -0.0699342
-0.5437 -0.078125

-0.5625 -0.0502124
-0.550891 -0.0625

-0.5625 -0.0219692
-0.546875 -0.0215605

0.64133 0.078125
0.65625 0.0816892

-2.5 -0.298407
-2.48438 -0.300485

0.21875 0.999221
0.234375 0.994441

-2.48438 -0.300512
-2.46875 -0.301506

0.237221 0.984375
0.239174 1

-0.546875 -0.0227573
-0.53125 -0.0174176

-2.46875 -0.301527
-2.45312 -0.301343

0.65625 0.0817169
0.671875 0.0852715

-2.45312 -0.301227
-2.4375 -0.300057

0.671875 0.0851567
0.6875 0.0887127

-2.4375 -0.299902
-2.42188 -0.298286

0.421875 0.743211
0.413106 0.75

-0.53125 -0.0171858
-0.528836 -0.015625

0.6875 0.0887635
0.703125 0.0924489

-0.527602 -0.015625
-0.515625 -0.00346616

-2.42188 -0.298171
-2.40861 -0.296875

-0.515625 -0.00279474
-0.513818 0

-2.40849 -0.296875
-2.40625 -0.296656

-0.995884 0
-0.984375 0.00129772

-1 0.0303255
-0.984375 0.0288248

-0.97548 0
-0.96875 0.00510303

-0.984375 0.0303425
-0.96875 0.0205414

-0.962791 0
-0.95745 0.015625

0.703125 0.0925705
0.708253 0.09375

0.708661 0.09375
0.71875 0.0960704

-2.40625 -0.29681
-2.39062 -0.295275

-2.39062 -0.295205
-2.375 -0.293475

0.421875 0.742547
0.4375 0.748494

-0.96875 0.0210182
-0.963737 0.015625

0.71875 0.0960238
0.734375 0.099563

-0.938154 0.03125
-0.93788 0.046875

-2.375 -0.293252
-2.35938 -0.291915

-0.921875 0.0213267
-0.937233 0.03125

0.4375 0.748517
0.438314 0.75

-0.921875 0.0225107
-0.90625 0.0298215

0.296875 0.834423
0.290393 0.84375

-2.35938 -0.291843
-2.34375 -0.291489

0.734375 0.0995723
0.75 0.103195

0.296875 0.835299
0.3125 0.838154

-0.936955 0.046875
-0.921875 0.0576386

-2.34375 -0.291719
-2.32812 -0.292033

-0.921875 0.0576715
-0.90625 0.0504729

-2.32812 -0.292165
-2.3125 -0.292423

-0.901034 0.03125
-0.899706 0.046875

-2.3125 -0.292252
-2.29688 -0.292531

-0.90625 0.0511824
-0.902321 0.046875

-2.29688 -0.292448
-2.28125 -0.293256

0.291108 0.84375
0.296537 0.859375

-0.828125 0.0260268
-0.833572 0.03125

-2.28125 -0.293509
-2.26562 -0.294505

0.625 0.401401
0.623456 0.40625

-2.26562 -0.29461
-2.25 -0.295079

-0.828125 0.0269532
-0.8125 0.0253785

0.624507 0.40625
0.625 0.407519

-0.833022 0.03125
-0.834502 0.046875

0.640625 0.394176
0.628673 0.40625

0.296875 0.858592
0.3125 0.852891

0.296875 0.859855
0.302727 0.859375

0.640625 0.396429
0.655253 0.40625

0.3125 0.838078
0.315448 0.84375

0.3125 0.853428
0.314991 0.84375

0.630906 0.40625
0.640625 0.419929

0.640625 0.421281
0.65625 0.406708

-0.83396 0.046875
-0.828125 0.053604

0.412733 0.75
0.416265 0.765625

-0.828125 0.053403
-0.8125 0.0557448

-2.25 -0.294958
-2.23438 -0.294932

-0.8125 0.0291141
-0.809633 0.03125

-2.23438 -0.294823
-2.21875 -0.294759

-0.80413 0.03125
-0.801868 0.046875

-2.21875 -0.294756
-2.20312 -0.29488

0.65625 0.403929
0.657323 0.40625

-2.20312 -0.294942
-2.1875 -0.295135

-0.8125 0.0544988
-0.80399 0.046875

-2.1875 -0.29518
-2.17188 -0.295229

-0.75 0.0221145
-0.756198 0.03125

0.41713 0.765625
0.421875 0.768121

-0.755969 0.03125
-0.755399 0.046875

-2.17188 -0.29524
-2.15625 -0.295036

-0.753309 0.046875
-0.75 0.0527919

-2.15625 -0.295009
-2.14062 -0.294583

-2.14062 -0.294549
-2.125 -0.294023

0.65625 0.408699
0.65683 0.40625

0.436427 0.75
0.429134 0.765625

0.421875 0.768983
0.433926 0.765625

0.390625 0.842198
0.388093 0.84375

-2.125 -0.294012
-2.10938 -0.293477

-2.10938 -0.293498
-2.09375 -0.292938

0.75 0.103219
0.765625 0.10686

-2.09375 -0.292951
-2.07812 -0.292297

0.765625 0.106901
0.776589 0.109375

0.776575 0.109375
0.78125 0.11043

0.78125 0.110417
0.796875 0.113762

0.796875 0.113759
0.8125 0.116953

-2.07812 -0.292294
-2.0625 -0.291526

-2.0625 -0.29151
-2.04688 -0.290666

-2.04688 -0.290629
-2.03125 -0.289813

-2.03125 -0.289757
-2.01562 -0.289155

0.8125 0.11695
0.828125 0.120004

-2.01562 -0.289111
-2 -0.288926

0.828125 0.119995
0.84375 0.122929

-0.734375 0.0142283
-0.736822 0.015625

0.390625 0.827617
0.399008 0.828125

-0.75 0.0232724
-0.741397 0.015625

0.84375 0.122897
0.855116 0.125

0.765271 0.234375
0.760218 0.25

0.390625 0.841071
0.401997 0.84375

0.78125 0.223041
0.766639 0.234375

-0.734375 0.0144635
-0.71875 0.00873992

0.765625 0.237372
0.766759 0.234375

0.78125 0.223959
0.796875 0.221795

-0.75 0.0523204
-0.744259 0.0625

0.796875 0.221369
0.8125 0.228344

0.855057 0.125
0.859375 0.125799

-0.71875 0.00909959
-0.703125 0.00324821

-0.703125 0.00304086
-0.694247 0

0.388406 0.84375
0.384718 0.859375

-0.6875 0.0553974
-0.68878 0.0625

0.859375 0.125779
0.875 0.128708

-0.743297 0.0625
-0.734375 0.0759219

-0.735928 0.078125
-0.734375 0.0803926

-0.734375 0.0755123
-0.732608 0.078125

-0.734375 0.0805605
-0.718965 0.09375

0.38181 0.859375
0.390625 0.865596

0.395327 0.84375
0.400445 0.859375

-0.720126 0.09375
-0.71875 0.0944085

-0.703125 0.0917751
-0.71316 0.09375

0.390625 0.864162
0.402373 0.859375

0.8125 0.227341
0.820304 0.234375

0.822726 0.234375
0.825105 0.25

-0.6875 0.065664
-0.692153 0.078125

-0.703125 0.0905882
-0.691321 0.078125

-0.71875 0.0943297
-0.714672 0.09375

-0.671875 0.0215135
-0.680065 0.03125

-0.65625 0.010592
-0.663961 0.015625

-0.671875 0.0220492
-0.664024 0.015625

-0.67999 0.03125
-0.687274 0.046875

-0.6875 0.0553044
-0.685981 0.046875

0.057836 1
0.0625 1.00963

0.0701098 1
0.09375 1.00932

0.875 0.128713
0.890625 0.131694

0.890625 0.131755
0.90625 0.134655

-0.65625 0.010855
-0.640625 0.00313289

-2 -0.288923
-1.98438 -0.28925

-0.640625 0.00283592
-0.634283 0

-1.98438 -0.289298
-1.96875 -0.290048

-0.6875 0.0653578
-0.686491 0.0625

0.90625 0.134684
0.921875 0.137323

0.921875 0.137153
0.9375 0.139812

-1.96875 -0.290112
-1.95312 -0.291058

0.890625 0.233916
0.890205 0.234375

-1.95312 -0.291109
-1.9375 -0.292018

0.09375 1.01691
0.104263 1

-1.9375 -0.292048
-1.92188 -0.292757

0.177866 1
0.1875 1.01464

0.890625 0.234634
0.880981 0.25

-0.518548 0
-0.515625 0.00456698

0.1875 1.00788
0.21875 1.00089

-0.515625 0.00430113
-0.503203 0.015625

0.21875 1.00577
0.223627 1

-0.504698 0.015625
-0.5 0.0182593

0.890625 0.233933
0.90625 0.223005

-1.92188 -0.292772
-1.90625 -0.29319

0.25 1.00039
0.250307 1

0.890625 0.234734
0.890934 0.234375

-1.90625 -0.29319
-1.89062 -0.293284

-1.89062 -0.293269
-1.875 -0.293067

0.90625 0.222129
0.921875 0.224661

0.921875 0.220393
0.935425 0.234375

0.934174 0.234375
0.930375 0.25

0.9375 0.139569
0.942557 0.140625

0.94173 0.140625
0.953125 0.143004

0.953125 0.143225
0.96875 0.146791

-1.875 -0.293043
-1.85938 -0.292623

-1.85938 -0.292589
-1.84375 -0.292066

-1.84375 -0.292028
-1.82812 -0.291549

0.96875 0.146896
0.984375 0.150013

0.984375 0.149907
1 0.152575

-0.4375 -0.136352
-0.443173 -0.125

0.758502 0.25
0.765625 0.2621

-1.82812 -0.291523
-1.8125 -0.291215

-0.390625 -0.197459
-0.401146 -0.1875

-0.375 -0.209847
-0.383729 -0.203125

-0.390625 -0.197712
-0.38387 -0.203125

1.59165 0.5
1.59375 0.503163

0.765625 0.257671
0.777327 0.265625

1.59375 0.506127
1.60938 0.515563

1.625 0.502566
1.60958 0.515625

-0.421875 -0.162177
-0.425998 -0.15625

0.78125 0.261908
0.796875 0.260597

-0.40625 -0.181864
-0.414773 -0.171875

1.60938 0.515777
1.60979 0.515625

-0.421875 -0.162527
-0.415138 -0.171875

0.796875 0.262492
0.8125 0.257457

-1.8125 -0.291227
-1.79688 -0.291121

0.8125 0.262485
0.825996 0.25

-1.79688 -0.291163
-1.78125 -0.291152

1.76562 0.548432
1.75497 0.5625

-1.78125 -0.291188
-1.76562 -0.291113

0.879316 0.25
0.882135 0.265625

-1.76562 -0.291118
-1.75 -0.290896

-0.426032 -0.15625
-0.435397 -0.140625

1.76562 0.55541
1.78125 0.552907

-0.4375 -0.137199
-0.435788 -0.140625

-0.40625 -0.182373
-0.401481 -0.1875

1.78125 0.55489
1.79071 0.5625

1.75991 0.5625
1.76224 0.578125

-0.453125 -0.0998813
-0.455343 -0.09375

-0.443028 -0.125
-0.449637 -0.109375

-0.453125 -0.100221
-0.449813 -0.109375

1.76562 0.570659
1.76948 0.5625

1.76911 0.578125
1.77192 0.59375

0.875 0.265755
0.890625 0.279635

0.890625 0.275546
0.90625 0.271013

-1.75 -0.290899
-1.73438 -0.290511

0.885462 0.28125
0.890625 0.283063

0.921875 0.252698
0.907498 0.265625

-1.73438 -0.290524
-1.71875 -0.289937

1.76851 0.59375
1.77355 0.609375

-0.455354 -0.09375
-0.459923 -0.078125

0.90625 0.265809
0.906464 0.265625

-0.46001 -0.078125
-0.463444 -0.0625

1.77349 0.609375
1.78125 0.61922

-0.463655 -0.0625
-0.465359 -0.046875

0.921875 0.253484
0.925503 0.25

-0.465472 -0.046875
-0.464798 -0.03125

1.78798 0.5625
1.79688 0.575074

1.79648 0.578125
1.79688 0.579557

1.79688 0.575716
1.79813 0.578125

1.79731 0.578125
1.80234 0.59375

1.78125 0.619814
1.79207 0.625

-0.463727 -0.03125
-0.462591 -0.015625

-0.46034 -0.015625
-0.465387 0

-1.71875 -0.289934
-1.70312 -0.289127

-1.70312 -0.289108
-1.6875 -0.288125

1.80186 0.59375
1.80507 0.609375

1.8018 0.609375
1.80751 0.625

-1.6875 -0.288106
-1.67188 -0.287021

1.8125 0.616443
1.82477 0.625

-0.359375 -0.219875
-0.361235 -0.21875

-1.67188 -0.286997
-1.65625 -0.285897

1.82812 0.624468
1.82872 0.625

-1.65625 -0.285874
-1.64062 -0.284852

-0.359375 -0.219892
-0.34375 -0.227908

-1.64062 -0.28484
-1.625 -0.283964

-0.375 -0.209902
-0.361221 -0.21875

-1.625 -0.28397
-1.60938 -0.283252

-0.34375 -0.22782
-0.328125 -0.234076

-0.3125 -0.238781
-0.327062 -0.234375

-0.328125 -0.233979
-0.326817 -0.234375

1.79142 0.625
1.79688 0.63186

-1.60938 -0.283272
-1.59375 -0.282662

1 0.152298
1.01562 0.155282

-1.59375 -0.282679
-1.57812 -0.282102

1.01562 0.155081
1.02061 0.15625

1.80305 0.625
1.80187 0.640625

-0.3125 -0.238799
-0.296875 -0.242005

1.79798 0.640625
1.80732 0.65625

-1.57812 -0.282107
-1.5625 -0.28152

1.01889 0.15625
1.03125 0.159146

1.03125 0.159332
1.04688 0.162896

-0.296875 -0.241917
-0.28125 -0.243729

1.80234 0.65625
1.8125 0.663998

-0.28125 -0.243374
-0.265625 -0.244677

1.82875 0.625
1.8369 0.640625

-0.265625 -0.24464
-0.25 -0.246218

1.04688 0.162818
1.0625 0.165857

-0.34375 -0.0491795
-0.349725 -0.046875

-0.348905 -0.046875
-0.346145 -0.03125

1.83584 0.640625
1.82851 0.65625

-0.34375 -0.0492193
-0.338394 -0.046875

-1.5625 -0.281521
-1.55561 -0.28125

1.8125 0.663984
1.82812 0.659823

-1.55557 -0.28125
-1.54688 -0.280909

-0.339102 -0.046875
-0.341535 -0.03125

1.0625 0.165802
1.07812 0.168581

-1.54688 -0.280912
-1.53125 -0.28026

-1.53125 -0.280266
-1.51562 -0.279554

1.07812 0.168556
1.09375 0.171237

1.09375 0.171194
1.09799 0.171875

1.98438 0.687278
1.98273 0.6875

1.98438 0.687317
1.98479 0.6875

-1.51562 -0.279558
-1.5 -0.278767

-0.25 -0.246988
-0.234375 -0.247375

-0.234375 -0.247387
-0.21875 -0.245015

1.09713 0.171875
1.10938 0.173845

1.10938 0.17384
1.125 0.17601

1.96875 0.690496
1.95963 0.703125

1.9608 0.703125
1.96279 0.71875

1.96607 0.71875
1.96875 0.722594

1.96875 0.693337
1.98289 0.6875

1.98438 0.689925
2 0.700507

1.96875 0.725886
1.98038 0.734375

1.97704 0.734375
1.98438 0.73769

1.125 0.175954
1.14062 0.177834

1.14062 0.177852
1.15625 0.179516

1.15625 0.17956
1.17188 0.180885

1.17188 0.180861
1.1875 0.181808

2 0.731519
1.98705 0.734375

1.99645 0.734375
2 0.734534

-0.21875 -0.244321
-0.203125 -0.240554

-0.203125 -0.241414
-0.1875 -0.235919

1.1875 0.181723
1.20312 0.182508

-0.1875 -0.236855
-0.183188 -0.234375

1.20312 0.182455
1.21875 0.183357

1.85938 0.760794
1.85458 0.765625

1.21875 0.183364
1.23438 0.184472

1.85938 0.765325
1.861 0.765625

-1.5 -0.278771
-1.48438 -0.277888

-1.48438 -0.277893
-1.46875 -0.2769

-1.46875 -0.276908
-1.45312 -0.275781

1.85938 0.776576
1.87084 0.765625

1.87401 0.78125
1.875 0.78127

1.875 0.782979
1.87673 0.78125

-0.18453 -0.234375
-0.171875 -0.2263

-1.45312 -0.27578
-1.4375 -0.274506

1.23438 0.184459
1.25 0.185784

-1.4375 -0.274485
-1.42188 -0.273108

-1.42188 -0.273075
-1.40625 -0.271705

-0.171875 -0.226065
-0.163563 -0.21875

-0.164322 -0.21875
-0.15625 -0.211127

1.0625 0.353849
1.05655 0.359375

1.05391 0.359375
1.0527 0.375

1.0625 0.353462
1.07812 0.3493

1.07812 0.347974
1.09319 0.359375

1.0925 0.359375
1.0899 0.375

-1.40625 -0.27169
-1.39062 -0.270422

-1.39062 -0.270439
-1.375 -0.269267

1.05236 0.375
1.0625 0.384258

-1.375 -0.269287
-1.35938 -0.26814

-1.35938 -0.268144
-1.34375 -0.266977

-0.15625 -0.210373
-0.148926 -0.203125

2 0.289769
2.0151 0.296875

1.0625 0.382077
1.07812 0.383376

2.01527 0.296875
2.01562 0.297044

2.01562 0.297149
2.03125 0.305082

-1.34375 -0.266982
-1.32812 -0.265775

1.07812 0.381341
1.08661 0.375

-1.32812 -0.265775
-1.32626 -0.265625

2.03125 0.305045
2.04484 0.3125

2.04516 0.3125
2.04688 0.31344

1.1875 0.366165
1.18154 0.375

2.04688 0.313645
2.0625 0.322866

2.0625 0.322844
2.0708 0.328125

-0.148465 -0.203125
-0.140625 -0.196008

-1.32629 -0.265625
-1.3125 -0.264518

1.20312 0.357345
1.19776 0.359375

-1.3125 -0.264506
-1.29688 -0.263233

-0.140625 -0.194336
-0.131537 -0.1875

-1.29688 -0.263233
-1.28125 -0.261963

2.07101 0.328125
2.07812 0.33265

1.1875 0.367275
1.1989 0.359375

2.07812 0.332751
2.09375 0.343517

2.09375 0.343513
2.09408 0.34375

-0.127759 -0.1875
-0.125 -0.185575

1.20312 0.357155
1.20932 0.359375

-0.125 -0.106411
-0.133043 -0.09375

-0.132573 -0.09375
-0.126889 -0.078125

1.20846 0.359375
1.21875 0.367099

1.21875 0.365016
1.22468 0.375

1.18016 0.375
1.18322 0.390625

1.18314 0.390625
1.1875 0.395557

-0.078125 -0.219391
-0.0788947 -0.21875

-0.0625 -0.221482
-0.0717644 -0.21875

-0.0804813 -0.21875
-0.0806483 -0.203125

2.09409 0.34375
2.10938 0.355069

2.10938 0.355158
2.11482 0.359375

1.1875 0.39458
1.20312 0.401894

-1.28125 -0.261967
-1.26562 -0.260688

-0.078582 -0.203125
-0.078125 -0.20264

-0.078125 -0.204352
-0.0760588 -0.21875

2.11484 0.359375
2.125 0.367498

1.20312 0.401097
1.21875 0.391162

1.22448 0.375
1.21975 0.390625

-1.26562 -0.260697
-1.25 -0.259383

1.25 0.185684
1.26562 0.187433

1.26562 0.187244
1.26779 0.1875

1.26384 0.1875
1.26562 0.1877

2.125 0.36769
2.13369 0.375

-1.25 -0.259395
-1.23438 -0.258003

-1.23438 -0.258009
-1.21875 -0.256502

1.26562 0.187714
1.28125 0.189562

1.28125 0.189469
1.29688 0.191062

2.13376 0.375
2.14062 0.380985

2.14062 0.381181
2.1509 0.390625

2.15097 0.390625
2.15625 0.395711

2.15625 0.395799
2.16661 0.40625

2.16667 0.40625
2.17188 0.411742

2.17188 0.411771
2.18108 0.421875

1.29688 0.19106
1.3125 0.192554

1.3125 0.192597
1.32812 0.193911

1.32812 0.193906
1.34375 0.194964

1.34375 0.194949
1.35938 0.195793

1.35938 0.195793
1.375 0.196453

2.18121 0.421875
2.1875 0.429065

1.375 0.196451
1.39062 0.196931

1.39062 0.196918
1.40625 0.197251

-0.0708473 -0.203125
-0.0625 -0.19881

1.40625 0.197232
1.42188 0.197483

1.42188 0.197468
1.4375 0.197709

-0.125 -0.183921
-0.109375 -0.175145

1.4375 0.1977
1.45312 0.197979

-1.21875 -0.256498
-1.20312 -0.254873

2.1875 0.429129
2.19466 0.4375

-1.20312 -0.254854
-1.1875 -0.253156

1.45312 0.197971
1.46875 0.198323

-1.1875 -0.253121
-1.17188 -0.251456

2.19481 0.4375
2.20312 0.447438

2.20312 0.447538
2.20774 0.453125

-0.109375 -0.173996
-0.100982 -0.171875

2.20783 0.453125
2.21875 0.466369

2.21875 0.466435
2.22064 0.46875

-0.10296 -0.171875
-0.09375 -0.169573

-0.078125 -0.172326
-0.0828064 -0.171875

-0.09375 -0.171234
-0.0829649 -0.171875

2.2207 0.46875
2.23343 0.484375

2.23368 0.484375
2.23438 0.485239

1.46875 0.198317
1.48438 0.198769

1.48438 0.198767
1.5 0.199338

-1.17188 -0.251442
-1.15719 -0.25

-0.078125 -0.171879
-0.0625 -0.175368

-1.15719 -0.25
-1.15625 -0.249908

-1.15625 -0.249933
-1.14062 -0.248505

-1.14062 -0.248542
-1.125 -0.247096

-0.0625 -0.212763
-0.046875 -0.216826

-0.0539066 -0.203125
-0.046875 -0.192908

2.23438 0.485451
2.24589 0.5

-0.046875 -0.210904
-0.03125 -0.215194

-0.046875 -0.193449
-0.0443307 -0.203125

1.28125 0.337645
1.27536 0.34375

1.27556 0.34375
1.26723 0.359375

-1.14062 -0.0382311
-1.14202 -0.03125

-0.03125 -0.211499
-0.015625 -0.208596

1.26783 0.359375
1.26925 0.375

-0.015625 -0.208484
0 -0.20536

-0.046875 -0.183079
-0.0595165 -0.171875

1.28125 0.336946
1.29688 0.329528

1.297 0.328125
1.3125 0.339024

-1.14062 -0.0375012
-1.125 -0.0341616

1.3125 0.340028
1.31491 0.34375

-0.046875 -0.175317
-0.0413726 -0.1875

3 -0.0807603
2.99361 -0.078125

1.31425 0.34375
1.31852 0.359375

2.99685 -0.078125
2.99431 -0.0625

1.31716 0.359375
1.31468 0.375

-1.14255 -0.03125
-1.14062 -0.0280315

3 -0.0520725
2.99996 -0.046875

-1.14153 -0.015625
-1.14062 -0.0147487

1.26834 0.375
1.28012 0.390625

-1.14062 -0.0288384
-1.125 -0.030083

2.99471 -0.046875
2.9963 -0.03125

-0.109375 -0.111538
-0.115888 -0.109375

1.27926 0.390625
1.28125 0.392296

-0.125 -0.103341
-0.116136 -0.109375

1.28125 0.392903
1.29688 0.397674

2.99114 -0.03125
3 -0.0276253

-0.109002 -0.109375
-0.09375 -0.105299

1.3125 0.383635
1.30633 0.390625

1.29688 0.397585
1.30776 0.390625

-1.14062 -0.0150414
-1.13178 -0.015625

1.3125 0.379259
1.31477 0.375

-0.125 -0.080259
-0.124217 -0.078125

-1.125 -0.247102
-1.10938 -0.245548

-0.122997 -0.078125
-0.109375 -0.0648108

-0.109375 -0.0631623
-0.108126 -0.0625

-0.09375 -0.105792
-0.0782834 -0.09375

-0.078125 -0.0944487
-0.0774792 -0.09375

-0.0770615 -0.09375
-0.0693557 -0.078125

-0.0697609 -0.078125
-0.0749673 -0.0625

-0.109375 -0.0623952
-0.09375 -0.0545039

-0.09375 -0.0531044
-0.078125 -0.0599725

-0.078125 -0.060944
-0.0750756 -0.0625

2.60938 0.492503
2.59487 0.5

2.625 0.483677
2.62391 0.484375

2.60938 0.492613
2.6222 0.484375

-0.046875 -0.0584164
-0.0577469 -0.046875

2.65625 0.463874
2.64719 0.46875

-0.0578675 -0.046875
-0.0590185 -0.03125

-0.046875 -0.0604899
-0.03125 -0.0587318

-0.0625 -0.0307244
-0.046875 -0.0166094

2.625 0.481002
2.64599 0.46875

2.65625 0.463676
2.67188 0.455575

-1.10938 -0.245527
-1.09375 -0.243896

-1.09375 -0.243889
-1.07812 -0.242238

-1.07812 -0.242245
-1.0625 -0.240574

2.6875 0.4475
2.67819 0.453125

2.67188 0.455164
2.67527 0.453125

-0.046875 -0.0185096
-0.03125 -0.0246003

-0.03125 -0.0615801
-0.0205814 -0.046875

-0.022219 -0.046875
-0.0261872 -0.03125

-0.03125 -0.0291066
-0.0294308 -0.03125

2.70312 0.435864
2.70036 0.4375

2.70312 0.437332
2.71875 0.428614

-1.0625 -0.240592
-1.04688 -0.238853

-1.04688 -0.2389
-1.03125 -0.236964

-1.03125 -0.236976
-1.01562 -0.234725

2.71875 0.42763
2.75 0.410302

-1.01562 -0.234512
-1.01458 -0.234375

-1.01429 -0.234375
-1 -0.232297

2.6875 0.445373
2.70091 0.4375

-1.125 -0.0324074
-1.12481 -0.03125

-1.03125 -0.00204884
-1.03476 0

-1.03125 -0.00146984
-1.01562 -0.00374147

-0.5 0.018115
-0.484375 0.0177841

-0.46875 0.0041271
-0.481883 0.015625

-0.484375 0.0166955
-0.482476 0.015625

2.9375 0.24105
2.92838 0.25

3 0.14875
2.99584 0.15625

-1.01562 -0.00126909
-1.00276 0

-0.46875 0.00374598
-0.466003 0

2.98742 0.15625
2.97106 0.1875

2.96875 0.209139
2.96353 0.21875

2.9375 0.243878
2.96007 0.21875

-0.359375 0.0928984
-0.359919 0.09375

-0.34375 0.0773015
-0.345372 0.078125

2.96875 0.206129
2.97848 0.1875

-1.14062 0.0742071
-1.14284 0.078125

-0.359375 0.0925972
-0.34375 0.0783919

-1.1425 0.078125
-1.14062 0.0935685

-1.14062 0.0739203
-1.125 0.0675498

-1.14062 0.0875911
-1.13754 0.09375

2.79688 0.374815
2.7967 0.375

-1.14186 0.09375
-1.14062 0.0954018

-1.14062 0.0952509
-1.125 0.099866

2.79688 0.374615
2.8125 0.361388

-1.125 0.0673411
-1.1127 0.078125

-1.11351 0.078125
-1.11752 0.09375

-0.359375 0.0948016
-0.364709 0.109375

-1.125 0.0976679
-1.11912 0.09375

2.875 0.306131
2.86846 0.3125

2.84375 0.335276
2.8336 0.34375

2.8125 0.364444
2.83751 0.34375

2.84375 0.338796
2.87274 0.3125

-1.04161 0
-1.04364 0.015625

-1.03603 0.015625
-1.03125 0.0191551

-1.03125 0.000105604
-1.03115 0

2.78125 0.391779
2.76 0.40625

2.75 0.412076
2.75932 0.40625

-0.367118 0.109375
-0.359957 0.125

-0.359375 0.0964176
-0.358699 0.09375

-0.359375 0.123884
-0.357122 0.125

-0.34375 0.0764819
-0.332737 0.078125

-0.335201 0.078125
-0.328125 0.0821413

2.78125 0.390782
2.80068 0.375

-0.328125 0.0795189
-0.320142 0.09375

-0.328125 0.108438
-0.328358 0.109375

2.90625 0.272973
2.89961 0.28125

-0.34375 0.12446
-0.329003 0.109375

-0.328125 0.108469
-0.322834 0.09375

-1.03125 0.0181202
-1.01562 0.025836

-1.01562 7.65953e-05
-1.01509 0

-1.01562 0.0254917
-1 0.0291993

2.875 0.310548
2.90213 0.28125

2.90625 0.27395
2.9283 0.25

-0.363923 0.125
-0.359375 0.129153

-0.359375 0.12754
-0.34375 0.128716

3 -0.1251
3.00037 -0.125

3.0625 -0.188442
3.07099 -0.1875

3.0625 -0.125404
3.06287 -0.125

3 -0.0733428
3.01827 -0.0625

3.00242 -0.0625
3.00748 -0.03125

3.03125 -0.0180131
3.01723 0

3.0625 -0.00391132
3.04276 0

3.0625 -0.0626716
3.06261 -0.0625

3.125 -0.000454993
3.12141 0

3.5 -0.00127828
3.44648 0

3.03125 0.0142068
3.02154 0.03125

3.02363 0.03125
3.01856 0.0625

3.03125 0.0110157
3.04916 0

3.02341 0.0625
3.01983 0.09375

3.01845 0.09375
3.00942 0.125

3.0625 0.0116254
3.10378 0

3 0.148193
3.01096 0.125

3.125 0.00662548
3.20063 0

3.25 0.00270001
3.35591 0

4 -0.00244379
3.64963 0

3.5 0.000294364
3.54195 0

2 0.701399
2.00233 0.703125

2 0.707051
2.01562 0.715794

2.01562 0.709382
2.03125 0.717726

2.01562 0.731333
2.00557 0.734375

2.01509 0.734375
2.01562 0.734392

2.03125 0.730552
2.02855 0.734375

2.01562 0.735664
2.01903 0.734375

2.03125 0.708723
2.03941 0.71875

2.03125 0.728438
2.04028 0.71875

2.09375 0.680253
2.08231 0.6875

2.09375 0.681098
2.10938 0.676471

2.125 0.671677
2.12404 0.671875

2.10976 0.671875
2.125 0.674929

2.07812 0.690276
2.07446 0.703125

2.06772 0.703125
2.07812 0.716764

2.07812 0.694398
2.07878 0.703125

2.07812 0.705846
2.09375 0.709156

2.09375 0.702975
2.10938 0.69715

2.09375 0.704305
2.09649 0.703125

2.10938 0.697539
2.125 0.69019

2.24613 0.5
2.25 0.505338

2.21875 0.622406
2.21508 0.625

2.21875 0.620176
2.23438 0.61173

2.25 0.600352
2.23653 0.609375

2.23438 0.617855
2.24209 0.625

2.125 0.665712
2.14062 0.670453

2.1372 0.671875
2.13491 0.6875

2.14062 0.666159
2.15625 0.670936

2.14062 0.67872
2.1467 0.671875

2.17188 0.650809
2.16517 0.65625

2.17188 0.655905
2.1875 0.641562

2.16191 0.65625
2.1682 0.671875

2.17188 0.662965
2.1875 0.671192

2.1872 0.671875
2.1875 0.671887

2.125 0.689206
2.12813 0.6875

2.20312 0.63402
2.19238 0.640625

2.1875 0.644728
2.19123 0.640625

2.20312 0.632003
2.21556 0.625

2.21875 0.646453
2.2067 0.65625

2.1875 0.666752
2.20312 0.661917

2.20312 0.661092
2.20948 0.65625

2.23438 0.631951
2.22607 0.640625

2.21875 0.645719
2.22466 0.640625

2.23438 0.631422
2.24573 0.625

2.25 0.505323
2.25748 0.515625

2.25772 0.515625
2.26562 0.528824

2.26562 0.528627
2.26714 0.53125

2.26743 0.53125
2.27359 0.546875

2.27399 0.546875
2.27549 0.5625

2.26562 0.585338
2.25882 0.59375

2.27594 0.5625
2.27111 0.578125

2.26562 0.586332
2.27057 0.578125

2.25 0.603072
2.25688 0.59375

2.25 0.622201
2.26562 0.617506

2.28125 0.608892
2.27446 0.609375

2.26562 0.615233
2.27933 0.609375

2.3125 0.590333
2.30722 0.59375

2.28125 0.60841
2.29688 0.600752

2.29688 0.60045
2.30722 0.59375

2.35938 0.560103
2.35483 0.5625

2.35938 0.560254
2.375 0.553956

2.3125 0.589786
2.32812 0.5789

2.34375 0.568562
2.32896 0.578125

2.32812 0.578775
2.32912 0.578125

2.34375 0.56823
2.35459 0.5625

2.375 0.55412
2.39062 0.54897

2.40625 0.544619
2.39828 0.546875

2.39062 0.548987
2.39809 0.546875

2.40625 0.544573
2.42188 0.540829

2.42188 0.540344
2.4375 0.538288

2.4375 0.538336
2.45312 0.538845

2.45312 0.53942
2.46875 0.541249

2.46875 0.542104
2.48438 0.542395

2.48438 0.54295
2.5 0.538886

2.53125 0.526617
2.51835 0.53125

2.5 0.536801
2.51619 0.53125

2.53125 0.525882
2.54688 0.519914

2.5625 0.514888
2.56058 0.515625

2.54688 0.520305
2.55906 0.515625

2.5625 0.514397
2.59375 0.500385

0 0.601992
-0.00538279 0.609375

-0.0046101 0.609375
-0.00375293 0.625

-0.00320928 0.625
0 0.629169

