-4 -0.0041337
-3.71475 0

-3.5817 0
-3.5 0.00118395

-3.5 -0.00157787
-3.46738 0

-3.25 -0.00153583
-3.2393 0

-3.125 -0.00238605
-3.11685 0

1.5 -0.0185283
1.51562 -0.0172258

1.51562 -0.0172371
1.53125 -0.0159609

1.53125 -0.0159822
1.53552 -0.015625

1.53546 -0.015625
1.54688 -0.0146693

1.54688 -0.0146597
1.5625 -0.0133063

-3 -0.064575
-3.00202 -0.0625

-3.0625 -0.000569011
-3.06132 0

-3 -0.0362849
-3.00108 -0.03125

-3.03125 -0.000842492
-3.02915 0

-3.41304 0
-3.25 0.00789969

-3.22512 0
-3.125 0.0151456

1.5625 -0.0133042
1.57812 -0.0119317

1.57812 -0.0118892
1.59375 -0.0105867

1.59375 -0.0104832
1.60938 -0.0095426

1.60938 -0.009433
1.625 -0.0092806

-3.11057 0
-3.0625 0.0238811

-3.0625 0.0112397
-3.0375 0.03125

1.625 -0.00926635
1.64062 -0.0101498

1.64062 -0.0100217
1.65625 -0.0122258

-3.04879 0.03125
-3.03125 0.061645

-3.03125 0.0309231
-3.03103 0.03125

-3.03125 0.0585962
-3.03 0.0625

-3.04138 0.0625
-3.03125 0.0896812

1.6875 -0.0322522
1.68659 -0.03125

1.67188 -0.0170344
1.66807 -0.015625

1.65625 -0.0112196
1.66817 -0.015625

1.67188 -0.0162216
1.6875 -0.0291258

1.70312 -0.0477571
1.70191 -0.046875

1.6875 -0.03293
1.70285 -0.046875

1.70312 -0.0473635
1.71875 -0.0548056

1.6875 -0.0293921
1.68916 -0.03125

1.71875 -0.053825
1.73438 -0.0560588

1.73438 -0.0555322
1.75 -0.0555721

-3.03132 0.09375
-3.03125 0.0938997

-3.03125 0.0820229
-3.02531 0.09375

-3.02994 0.09375
-3.00289 0.125

-3.02207 0.125
-3 0.146916

-3.00043 0.1875
-3 0.187885

1.75 -0.0552837
1.76562 -0.0547598

1.76562 -0.0545397
1.78125 -0.0544691

1.78125 -0.0543514
1.79688 -0.0554096

1.79688 -0.0554358
1.8125 -0.0578056

1.84375 -0.0653933
1.83237 -0.0625

1.84375 -0.0654502
1.85938 -0.0696809

0 -0.0104738
0.015625 -0.00940707

0.015625 -0.00938527
0.03125 -0.00843712

0.03125 -0.00843197
0.046875 -0.00765634

1.85938 -0.0696786
1.875 -0.0740467

1.8125 -0.057925
1.82812 -0.0613153

1.82812 -0.0613998
1.83245 -0.0625

-0.765625 -0.000573657
-0.770068 0

-0.765625 -0.000574239
-0.75 -0.00239301

0.046875 -0.00767183
0.0625 -0.00704801

0.0625 -0.00707858
0.078125 -0.00651444

0.078125 -0.00655135
0.09375 -0.00591194

1.89062 -0.0785911
1.88902 -0.078125

-3 -0.062506
-2.98438 -0.0630004

1.875 -0.0740255
1.88908 -0.078125

-2.98438 -0.0518813
-2.99439 -0.046875

-0.75 -0.00239494
-0.734375 -0.00402951

1.89062 -0.078572
1.90625 -0.0833492

-2.98438 -0.0383131
-2.99103 -0.03125

-0.734375 -0.00402497
-0.71875 -0.00548055

0.09375 -0.00594314
0.109375 -0.00509224

-0.71875 -0.00547657
-0.703125 -0.00677021

-2.98438 -0.0504965
-2.98108 -0.046875

1.90625 -0.0833648
1.92188 -0.0883476

-2.98372 -0.046875
-2.98176 -0.03125

1.92188 -0.0881999
1.9375 -0.0936526

-3 -0.0303008
-2.98438 -0.0255084

-2.98438 -0.0305335
-2.98396 -0.03125

0.109375 -0.00510677
0.125 -0.00395289

-0.703125 -0.00676794
-0.6875 -0.00791213

0.125 -0.00395289
0.140625 -0.00246696

0.140625 -0.002461
0.15625 -0.000654948

-0.6875 -0.00791184
-0.671875 -0.00891168

-0.671875 -0.00891334
-0.65625 -0.00976608

1.95312 -0.100006
1.93807 -0.09375

1.95312 -0.100615
1.96875 -0.107203

0.15625 -0.000622972
0.161366 0

-3 0.0450725
-2.98438 0.0449994

-3 0.0492357
-2.98438 0.0492841

-2.98438 0.0459373
-2.98401 0.046875

-2.98438 0.0470182
-2.98433 0.046875

-3 0.119294
-2.96875 0.109682

-2.95312 0.0930367
-2.9375 0.078713

-2.95312 0.101592
-2.9624 0.109375

-2.96875 0.113859
-2.96172 0.109375

-2.92188 0.0757826
-2.92845 0.078125

0.1605 0
0.171875 0.00138507

0.171875 0.00133791
0.1875 0.00315614

1.9375 -0.0935421
1.938 -0.09375

1.98438 -0.112152
1.97457 -0.109375

1.96875 -0.107725
1.97458 -0.109375

0.1875 0.00312128
0.203125 0.00495598

0.203125 0.004937
0.21875 0.00689586

0.21875 0.0068745
0.234375 0.0090382

0.234375 0.00901361
0.25 0.0114741

-0.65625 -0.00976919
-0.640625 -0.0104653

-0.640625 -0.0104693
-0.625 -0.0109944

1.98438 -0.111699
2 -0.113815

0.25 0.0114804
0.265625 0.0142741

0.265625 0.0143151
0.272561 0.015625

-2.9375 0.0810806
-2.9292 0.078125

-2.92188 0.0760183
-2.90625 0.0734694

-2.90625 0.0739445
-2.89062 0.0726936

-2.89062 0.0726623
-2.875 0.0718216

-2.9788 0.125
-2.99835 0.15625

0.272181 0.015625
0.28125 0.0173379

0.28125 0.0172541
0.296875 0.0203046

0 0.984873
0.0130287 1

0.296875 0.0202259
0.3125 0.0236387

-3 0.175039
-2.96875 0.187129

0.3125 0.0236994
0.328125 0.0275104

0.328125 0.0276743
0.343001 0.03125

0.342841 0.03125
0.34375 0.0314685

-2.96875 0.130279
-2.96517 0.140625

-2.96875 0.147095
-2.9572 0.15625

0.34375 0.0314923
0.359375 0.0347401

0.359375 0.0347478
0.375 0.0373516

-0.625 -0.0109972
-0.609375 -0.0113375

0.3125 0.970003
0.300643 0.984375

0.30256 0.984375
0.3125 0.993212

0.3125 0.968713
0.312589 0.96875

0.375 0.0373943
0.390625 0.0392534

0.390625 0.0392851
0.40625 0.0402509

0.40625 0.0402336
0.421875 0.0402773

0.421875 0.0402428
0.4375 0.0394678

0.4375 0.0394576
0.453125 0.0379536

0.453125 0.0379422
0.46875 0.0357524

-2.96839 0.15625
-2.95906 0.171875

-2.95512 0.171875
-2.96276 0.1875

-3 0.189657
-2.96875 0.193817

-2.96875 0.189053
-2.96691 0.1875

-0.609375 -0.011336
-0.59375 -0.0114891

-0.59375 -0.0114824
-0.578125 -0.0114647

-0.578125 -0.0114543
-0.5625 -0.0113001

-0.5625 -0.0112855
-0.546875 -0.011045

-0.546875 -0.0110244
-0.53125 -0.010768

0.5 0.030003
0.493061 0.03125

0.46875 0.0356802
0.484375 0.0329717

0.3125 0.972611
0.322856 0.984375

0.3125 0.995375
0.32566 0.984375

-0.53125 -0.0107427
-0.515625 -0.0105622

0 1.00834
0.00926092 1

-0.515625 -0.0105396
-0.5 -0.0105308

-1 0.0219941
-0.984375 0.0224638

-0.984375 0.022574
-0.96875 0.0219664

0.484375 0.0328523
0.493291 0.03125

-2.96875 0.221039
-2.96641 0.21875

-2.875 0.0720425
-2.85938 0.0712328

-2.85938 0.0712273
-2.84375 0.0700178

-2.84375 0.0700662
-2.82812 0.0683711

-0.96875 0.0219341
-0.953125 0.0200936

-0.953125 0.0198819
-0.9375 0.0172967

-0.921875 0.0146433
-0.928131 0.015625

-0.9375 0.0170518
-0.928408 0.015625

0.5 0.0299323
0.515625 0.0274878

-2.82812 0.0682747
-2.8125 0.0661901

0.515625 0.0274573
0.53125 0.0256253

0.53125 0.0256338
0.546875 0.0244583

-2.8125 0.0659436
-2.79688 0.0641555

0.53125 0.994763
0.526538 1

-0.921875 0.014594
-0.90625 0.0127764

0.53125 0.995251
0.535305 1

-0.90625 0.0128225
-0.890625 0.0115943

-2.79688 0.0639937
-2.78125 0.0633189

0.65625 0.964234
0.651974 0.96875

-0.890625 0.0116812
-0.875 0.0107765

0.651463 0.96875
0.65625 0.973171

0.65625 0.963773
0.660836 0.96875

0.546875 0.0244902
0.5625 0.0238904

0.65625 0.972762
0.660478 0.96875

0.5625 0.0239287
0.578125 0.0237641

-2.78125 0.0634227
-2.76562 0.0639773

-2.76562 0.0641977
-2.75 0.0653329

-0.875 0.0108471
-0.859375 0.009951

-2.90625 0.276921
-2.91184 0.28125

-0.859375 0.00999153
-0.84375 0.00888177

-0.84375 0.00889548
-0.828125 0.00746361

-2.90625 0.28915
-2.91124 0.3125

0.526892 1
0.53125 1.00375

-2.90625 0.275359
-2.90502 0.28125

0.578125 0.0237957
0.59375 0.0239262

-2.90625 0.298657
-2.875 0.302674

0.59375 0.0239449
0.609375 0.0242702

0.53125 1.00425
0.535931 1

-0.828125 0.00745367
-0.8125 0.00569215

0.609375 0.0242763
0.625 0.0247468

-2.90772 0.3125
-2.90625 0.315028

-2.90625 0.318575
-2.875 0.321324

-0.8125 0.00566187
-0.796875 0.00365115

-0.796875 0.00360927
-0.78125 0.00149368

0.625 0.0247444
0.640625 0.0253525

0.640625 0.0253491
0.65625 0.0261064

-2.875 0.304132
-2.87136 0.3125

-0.78125 0.00143014
-0.770174 0

-2.875 0.326495
-2.86962 0.3125

-2.875 0.351478
-2.86477 0.34375

0.65625 0.0261087
0.671875 0.0270174

-2.78125 0.371313
-2.7875 0.375

-2.78366 0.375
-2.79114 0.40625

-2.79375 0.40625
-2.78125 0.419594

-2.77629 0.375
-2.75 0.398911

-2.78125 0.417234
-2.75 0.409836

0.671875 0.0270207
0.6875 0.0280698

0.6875 0.0280653
0.703125 0.0292572

0.703125 0.029285
0.71875 0.0305731

-0.5 -0.0105214
-0.484375 -0.0107483

-2.75 0.0655491
-2.73438 0.0663919

-2.73438 0.0664885
-2.71875 0.0664133

-0.484375 -0.0107592
-0.46875 -0.0112186

0.71875 0.0306393
0.72645 0.03125

0.727003 0.03125
0.734375 0.0318346

-2.71875 0.0664333
-2.70312 0.065207

-0.46875 -0.0112461
-0.453125 -0.0118612

0.734375 0.0318685
0.75 0.0329463

-2.70312 0.065162
-2.6875 0.0628345

-0.453125 -0.0118914
-0.4375 -0.0125467

-0.4375 -0.0125658
-0.421875 -0.0131625

-0.421875 -0.0131669
-0.40625 -0.0136578

-0.40625 -0.0136534
-0.390625 -0.0140382

-0.390625 -0.0140334
-0.375 -0.0143307

0.75 0.0329331
0.765625 0.0338529

-0.375 -0.0143304
-0.359375 -0.0145504

2 -0.11332
2.01562 -0.115022

-0.359375 -0.0145547
-0.34375 -0.0146893

2.01562 -0.114995
2.03125 -0.117328

0.765625 0.0338176
0.78125 0.0346763

2.03125 -0.117614
2.04688 -0.120062

0.78125 0.0346493
0.796875 0.0355712

-0.34375 -0.0146951
-0.328125 -0.0147239

-0.328125 -0.0147275
-0.3125 -0.0146315

-2.67188 0.0595772
-2.68625 0.0625

-0.3125 -0.0146303
-0.296875 -0.0144047

-2.67188 0.05953
-2.65625 0.05576

0.796875 0.0355766
0.8125 0.0366048

2.04688 -0.120257
2.0625 -0.121859

-0.296875 -0.0143977
-0.28125 -0.0140589

-2.65625 0.0556937
-2.64062 0.0515567

0.8125 0.036646
0.828125 0.0376871

-2.64062 0.051481
-2.625 0.047261

0.828125 0.0377474
0.84375 0.0385983

-0.28125 -0.0140467
-0.265625 -0.013633

-0.265625 -0.0136175
-0.25 -0.0131843

2.0625 -0.12177
2.07812 -0.122314

0.84375 0.0386518
0.859375 0.0390849

-2.6875 0.0627488
-2.68628 0.0625

2.07812 -0.122049
2.09375 -0.12224

0.859375 0.0391109
0.875 0.0389671

-2.60938 0.0431533
-2.62367 0.046875

-2.625 0.0471946
-2.62377 0.046875

-2.60938 0.043154
-2.59375 0.0393175

-0.25 -0.013168
-0.234375 -0.0127791

-0.234375 -0.0127653
-0.21875 -0.0124809

2.09375 -0.122176
2.10938 -0.122674

-0.21875 -0.0124726
-0.203125 -0.0123372

-2.59375 0.039303
-2.57812 0.0357212

-0.203125 -0.0123362
-0.1875 -0.0123683

2.10938 -0.122852
2.125 -0.123429

0.875 0.0389547
0.890625 0.0382065

-2.57812 0.0357036
-2.5625 0.0324407

-0.1875 -0.0123743
-0.171875 -0.0125642

-2.54688 0.029558
-2.5561 0.03125

2.125 -0.123445
2.14062 -0.123713

-2.54688 0.0295488
-2.53125 0.0271292

0.890625 0.0381527
0.90625 0.0369326

-0.171875 -0.012575
-0.15625 -0.0128891

0.90625 0.0368543
0.921875 0.0354263

-0.15625 -0.0129029
-0.140625 -0.0132921

-2.5625 0.0324126
-2.55616 0.03125

2.14062 -0.123732
2.15625 -0.123623

-2.53125 0.02712
-2.51562 0.0251745

2.15625 -0.123853
2.17188 -0.122869

-2.51562 0.0251719
-2.5 0.0237241

2.17188 -0.122883
2.1875 -0.120535

-0.140625 -0.0133085
-0.125 -0.0137122

-0.125 -0.0137318
-0.109375 -0.0140778

-0.109375 -0.0140992
-0.09375 -0.0143057

-0.09375 -0.0143238
-0.078125 -0.0143116

2.1875 -0.120292
2.20312 -0.117039

2.20312 -0.116933
2.21875 -0.113472

0.921875 0.0353698
0.9375 0.0340039

0.9375 0.0340152
0.953125 0.0328019

-0.078125 -0.0143204
-0.0625 -0.0140358

-0.0625 -0.0140325
-0.046875 -0.0134646

-0.046875 -0.0134511
-0.03125 -0.0126335

0.953125 0.032885
0.96875 0.0316356

-2.20312 -0.0942011
-2.20075 -0.09375

0.984375 0.0300828
0.973408 0.03125

0.984375 0.0301255
1 0.027743

0.96875 0.03173
0.97326 0.03125

-2.20312 -0.0891868
-2.21246 -0.078125

-2.21249 -0.078125
-2.20378 -0.0625

-2.20312 -0.0888247
-2.1875 -0.0808122

-2.20312 -0.0634641
-2.1875 -0.0756856

-2.20322 -0.0625
-2.20312 -0.0624578

-2.20312 -0.0620451
-2.20109 -0.0625

-0.03125 -0.0126127
-0.015625 -0.0116139

-0.015625 -0.0115879
0 -0.0105015

2.21875 -0.113316
2.23438 -0.11017

2.23438 -0.109983
2.23872 -0.109375

-2.1875 -0.0811425
-2.18631 -0.078125

-2.1875 -0.075632
-2.18678 -0.078125

2.23893 -0.109375
2.25 -0.107825

-2.5 0.0237262
-2.48438 0.0227773

-2.48438 0.0227764
-2.46875 0.0223238

-2.46875 0.0223059
-2.45312 0.022387

-2.45312 0.0223396
-2.4375 0.0230848

-2.4375 0.0230297
-2.42188 0.0246441

-2.42188 0.0246684
-2.40625 0.0272133

-2.40625 0.0273987
-2.39062 0.0304548

-2.39062 0.0305766
-2.38694 0.03125

-2.38729 0.03125
-2.375 0.0334941

1.15625 -0.00208561
1.14125 0

-2.375 0.0333594
-2.35938 0.035906

2.25 -0.107824
2.26562 -0.106908

-2.35938 0.0357296
-2.34375 0.0385631

1.15625 -0.00205883
1.17188 -0.00422625

1.17188 -0.00422025
1.1875 -0.00645027

-2.34375 0.0384404
-2.32812 0.042159

2.26562 -0.107113
2.28125 -0.107045

-2.32812 0.0421501
-2.31293 0.046875

1.1875 -0.00645538
1.20312 -0.00874976

-2.31331 0.046875
-2.3125 0.0471266

-2.3125 0.0471085
-2.29688 0.052921

1.20312 -0.00875534
1.21875 -0.0110927

1.21875 -0.0110926
1.23438 -0.0134619

2.28125 -0.107272
2.29688 -0.10719

2.29688 -0.107217
2.3125 -0.10661

2.3125 -0.106736
2.32812 -0.105299

1.25 -0.0158574
1.24849 -0.015625

1.23438 -0.0134623
1.24844 -0.015625

-2.29688 0.0530556
-2.28125 0.0593616

-2.28125 0.0594661
-2.27381 0.0625

-2.27369 0.0625
-2.26562 0.0657896

2.32812 -0.10496
2.34375 -0.10312

2.34375 -0.103196
2.35938 -0.101476

1.25 -0.0158788
1.26562 -0.0182838

1.26562 -0.018325
1.28125 -0.02062

-2.26562 0.0658675
-2.25 0.0720419

2.35938 -0.101687
2.375 -0.0995102

1.28125 -0.0206581
1.29688 -0.0226844

1.29688 -0.0227038
1.3125 -0.0243467

-0.125 0.973649
-0.134519 0.984375

1.3125 -0.0243491
1.32812 -0.0255647

2.375 -0.0997296
2.39062 -0.0962337

-2.25 0.0720572
-2.23438 0.077894

2.39062 -0.0953161
2.39853 -0.09375

-2.23438 0.0778594
-2.23363 0.078125

-0.128989 0.984375
-0.125 0.988216

-2.23358 0.078125
-2.21875 0.0834133

-2.21875 0.0833427
-2.20312 0.0888956

-0.125 0.979435
-0.12025 0.984375

-2.20312 0.0888644
-2.18988 0.09375

1.32812 -0.0255582
1.34375 -0.0263547

-2.18964 0.09375
-2.1875 0.0945393

1.34375 -0.0263478
1.35938 -0.0267517

-0.125 0.993712
-0.114518 0.984375

2.39703 -0.09375
2.40625 -0.091923

1.35938 -0.0267454
1.375 -0.0267833

-2.1875 0.0946082
-2.17188 0.100691

1.375 -0.0267762
1.39062 -0.0264748

2.4375 -0.0994221
2.42209 -0.09375

0 0.989244
-0.00963268 1

-2.17188 0.100959
-2.15625 0.10684

1.39062 -0.0264657
1.40625 -0.0258572

2.40625 -0.0910522
2.42188 -0.092522

1.40625 -0.0258456
1.42188 -0.0249712

1.42188 -0.0249571
1.4375 -0.023868

2.42188 -0.0936611
2.42212 -0.09375

1.4375 -0.0238519
1.45312 -0.0226083

-2.15625 0.107183
-2.14839 0.109375

-0.0140815 1
0 1.01225

-2.14875 0.109375
-2.14062 0.11164

1.45312 -0.0225914
1.46875 -0.0212592

2.4375 -0.100433
2.45312 -0.106144

-2.14062 0.11168
-2.125 0.11355

1.46875 -0.0212459
1.48438 -0.0198853

1.48438 -0.0198761
1.5 -0.0185318

-2.125 0.113331
-2.10938 0.112971

2.46875 -0.110033
2.46633 -0.109375

1 0.0277038
1.01562 0.0245854

1.01562 0.0244833
1.03125 0.0209117

-2.10938 0.112878
-2.09375 0.110911

-2.07812 0.107518
-2.08676 0.109375

-2.09375 0.11092
-2.08657 0.109375

-2.07812 0.108039
-2.0625 0.102307

1.03125 0.0208015
1.04688 0.0172013

-2.04688 0.0936125
-2.04714 0.09375

-2.04688 0.093179
-2.03125 0.0842368

-2.0625 0.10187
-2.04709 0.09375

-2.01562 0.076138
-2.01968 0.078125

-2.03125 0.0836644
-2.01996 0.078125

1.0625 0.0138233
1.05411 0.015625

-2.01562 0.0761754
-2 0.0705881

2.45312 -0.105855
2.46605 -0.109375

2.46875 -0.109923
2.48438 -0.113674

1.04688 0.0171701
1.05407 0.015625

1.0625 0.0138553
1.07812 0.0107181

1.07812 0.0107184
1.09375 0.0077268

1.09375 0.00770543
1.10938 0.00490148

2.48438 -0.113687
2.5 -0.117255

1.10938 0.00489017
1.125 0.00233929

1.125 0.00235548
1.14062 4.78963e-05

1.14062 6.03157e-05
1.14106 0

-2.01562 0.728116
-2.02135 0.734375

-2.02764 0.734375
-2.01562 0.74432

-2.01562 0.721692
-2.00526 0.734375

-2.01562 0.738485
-2.01116 0.734375

2.625 -0.152361
2.62411 -0.140625

2.625 -0.12513
2.62208 -0.125

2.5 -0.117381
2.51562 -0.120488

2.51562 -0.120553
2.53125 -0.122818

2.53125 -0.122867
2.54688 -0.124064

2.54688 -0.124183
2.5625 -0.123974

2.5625 -0.124179
2.57812 -0.121918

2.57812 -0.121626
2.59375 -0.117489

2.59375 -0.116554
2.60938 -0.112998

2.60938 -0.112307
2.625 -0.112575

2.625 -0.153758
2.62547 -0.140625

2.64062 -0.12522
2.63976 -0.125

2.75 -0.125037
2.74943 -0.125

2.625 -0.113708
2.64062 -0.116903

2.64062 -0.118309
2.65625 -0.119362

2.65625 -0.117795
2.67188 -0.117033

2.67188 -0.11692
2.6875 -0.117707

2.6875 -0.118062
2.70312 -0.119913

2.70312 -0.120037
2.71875 -0.121992

2.71875 -0.122071
2.73438 -0.123721

2.73438 -0.123812
2.75 -0.124814

2.75 -0.125143
2.75435 -0.125

2.76562 -0.125023
2.76577 -0.125

2.75489 -0.125
2.76562 -0.124647

2.76562 -0.124534
2.78125 -0.12204

2.78125 -0.121229
2.79688 -0.118592

2.79688 -0.118673
2.8125 -0.117354

2.8125 -0.11786
2.82812 -0.116686

2.82812 -0.11685
2.84375 -0.11448

2.84375 -0.11433
2.85938 -0.110734

2.85938 -0.111203
2.86841 -0.109375

2.86014 -0.109375
2.875 -0.106368

-1.95312 0.060196
-1.96469 0.0625

-1.95312 0.0602052
-1.9375 0.057368

-2 0.070788
-1.98438 0.0666019

-1.98438 0.0667476
-1.96875 0.0632717

-1.96875 0.0632729
-1.96487 0.0625

-1.9375 0.0573252
-1.92188 0.0548123

-1.92188 0.0547648
-1.90625 0.052757

-1.90625 0.0527117
-1.89062 0.0513947

-1.89062 0.051357
-1.875 0.050897

2.875 -0.106792
2.89062 -0.105624

-1.875 0.0508785
-1.85938 0.0513881

-1.85938 0.0514056
-1.84375 0.0528868

-1.84375 0.0529523
-1.82812 0.055239

2.89062 -0.106212
2.90625 -0.106065

2.90625 -0.105792
2.92188 -0.106036

2.92188 -0.106097
2.9375 -0.107153

2.9375 -0.106962
2.95312 -0.109093

-1.82812 0.0553491
-1.8125 0.0580899

-1.8125 0.0582146
-1.79688 0.0609396

-1.79688 0.0610254
-1.7867 0.0625

-1.78693 0.0625
-1.78125 0.0633233

-1.78125 0.0632883
-1.76562 0.0649248

-1.76562 0.0649188
-1.75 0.0659661

2.95312 -0.109385
2.96875 -0.112386

2.96875 -0.121813
2.99691 -0.09375

2.98424 -0.09375
2.98158 -0.078125

2.98393 -0.078125
2.9834 -0.0625

2.98801 -0.09375
2.98531 -0.078125

2.98438 -0.0713186
2.98476 -0.078125

2.98398 -0.0625
2.98429 -0.046875

2.98418 -0.046875
2.98438 -0.0374095

2.98433 -0.03125
2.98438 -0.0308184

-1.75 0.0659738
-1.73438 0.0664284

-1.73438 0.0664283
-1.71875 0.066275

-1.71875 0.0662677
-1.70312 0.0655213

2.98438 -0.026272
2.9856 -0.015625

2.98633 -0.015625
2.98949 0

-1.70312 0.0654982
-1.6875 0.0642197

-1.67188 0.06246
-1.65625 0.0606782

-1.65625 0.0606372
-1.64062 0.0589106

-1.64062 0.058873
-1.625 0.0573588

-1.6875 0.06416
-1.67188 0.0625151

-1.67188 0.0625115
-1.67177 0.0625

-1.625 0.0573329
-1.60938 0.056158

-1.60938 0.0561592
-1.59375 0.0553729

-1.59375 0.0554053
-1.57812 0.0549402

-1.57812 0.0549591
-1.5625 0.0547126

2.98438 0.0203741
2.98177 0.03125

2.99153 0
2.99072 0.015625

2.98886 0.015625
2.98511 0.03125

-1.5625 0.0547622
-1.54688 0.0545975

-1.54688 0.0547836
-1.53125 0.0542295

-1.53125 0.0544205
-1.51562 0.0527231

-1.51562 0.0527245
-1.5 0.0494992

2.9841 0.03125
2.98316 0.046875

2.98407 0.046875
2.9843 0.0625

2.98404 0.0625
2.98412 0.078125

2.98411 0.078125
2.98438 0.0809645

2.98424 0.09375
2.99547 0.125

2.9375 0.203465
2.92603 0.21875

2.92995 0.21875
2.92345 0.25

2.96875 0.151734
2.95615 0.15625

2.95312 0.1587
2.94106 0.171875

2.95096 0.171875
2.94497 0.1875

2.96875 0.162235
2.95443 0.171875

2.95312 0.178286
2.95661 0.171875

3 0.129826
2.98369 0.15625

2.99513 0.15625
3 0.169537

2.94835 0.1875
2.94405 0.21875

2.96875 0.224962
2.95669 0.25

2.98794 0.1875
2.96983 0.21875

2.96875 0.23333
2.97287 0.21875

2.90642 0.25
2.93502 0.28125

2.93384 0.28125
2.9375 0.282271

2.9375 0.268465
2.98988 0.25

3 -0.0738582
3.00054 -0.0625

3.0625 -0.00518239
3.04792 0

3.125 -0.00662879
3.09131 0

3.25 -0.00509858
3.20874 0

3.5 -0.00346427
3.41515 0

3.03125 0.025724
3.01062 0.03125

3.02513 0.03125
3.02648 0.0625

3.03125 0.0171102
3.05352 0

3.02895 0.0625
3.03125 0.0801568

3.03125 0.113918
3.01541 0.125

-1.48438 0.044746
-1.49229 0.046875

-1.5 0.0494444
-1.49045 0.046875

-1.48438 0.0446511
-1.46875 0.0407523

-1.46875 0.040795
-1.45312 0.0378522

-1.45312 0.0379584
-1.4375 0.0356736

-1.4375 0.035751
-1.42188 0.0337571

-1.42188 0.0337881
-1.40625 0.031868

-1.39062 0.0299734
-1.40107 0.03125

-1.39062 0.0299699
-1.375 0.0280449

-1.40625 0.0318384
-1.40144 0.03125

3.03125 0.0681515
3.03515 0.09375

3.04216 0.09375
3.03412 0.125

3.0625 0.0145273
3.09359 0

3 0.1713
3.02434 0.125

3 0.191683
3.00163 0.1875

3.125 0.00984558
3.19448 0

3.25 0.00443293
3.35764 0

4 -0.00528167
3.56937 0

-1.375 0.0280357
-1.35938 0.0260925

-1.35938 0.0260846
-1.34375 0.0241575

-1.34375 0.0241474
-1.32812 0.0222723

-1.32812 0.0222595
-1.3125 0.0204822

-1.3125 0.0204688
-1.29688 0.0188418

-1.29688 0.0188311
-1.28125 0.0174023

-1.28125 0.0173961
-1.26562 0.0161992

-1.25 0.0152547
-1.25611 0.015625

-1.26562 0.016193
-1.25625 0.015625

-1.25 0.015252
-1.23438 0.0145546

-1.23438 0.0145578
-1.21875 0.0140988

-1.21875 0.0141026
-1.20312 0.0138679

-1.20312 0.0138729
-1.1875 0.0138447

-1.1875 0.0138523
-1.17188 0.0140055

-1.17188 0.0140172
-1.15625 0.0143131

-1.15625 0.0143263
-1.14062 0.014715

-1.14062 0.0147249
-1.125 0.0151603

-1.125 0.0151634
-1.10938 0.0156194

-1.10938 0.0156168
-1.10911 0.015625

-1.10898 0.015625
-1.09375 0.0160962

-1.09375 0.0160782
-1.07812 0.0166376

-1.07812 0.0166154
-1.0625 0.0173312

-1.0625 0.0173201
-1.04688 0.0182587

-1.04688 0.018275
-1.03125 0.0194261

-1.03125 0.0194714
-1.01562 0.0207116

-1.01562 0.0207964
-1 0.0218652

