-4 -0.000511091
-3.92665 0

-3.74289 0
-3.5 0.00169233

-3.43397 0
-3.25 0.00449156

-3.23485 0
-3.125 0.00850502

-3.11957 0
-3.0625 0.0145403

-3.0625 0.00346545
-3.03125 0.021885

-3.03125 0.0196395
-3.02144 0.03125

-3.02496 0.03125
-3.01098 0.0625

-3.01854 0.0625
-3.00973 0.09375

-3.00579 0.09375
-3 0.111617

-3.0021 0.125
-3 0.129314

1.5 -0.138046
1.51562 -0.139433

1.53125 -0.140898
1.52825 -0.140625

1.51562 -0.139454
1.52849 -0.140625

1.53125 -0.140899
1.54688 -0.142268

1.54688 -0.14228
1.5625 -0.143534

1.5625 -0.14354
1.57812 -0.144642

1.57812 -0.144637
1.59375 -0.145587

1.59375 -0.145577
1.60938 -0.146408

1.60938 -0.146397
1.625 -0.147152

1.625 -0.147141
1.64062 -0.147864

1.64062 -0.147853
1.65625 -0.148586

1.65625 -0.148578
1.67188 -0.149357

1.67188 -0.149357
1.6875 -0.150201

1.6875 -0.150213
1.70312 -0.151096

1.70312 -0.151115
1.71875 -0.151976

1.71875 -0.151991
1.73438 -0.152762

1.73438 -0.152764
1.75 -0.153411

1.75 -0.153403
1.76562 -0.153934

1.76562 -0.153924
1.78125 -0.154372

1.78125 -0.154365
1.79688 -0.154765

1.79688 -0.15476
1.8125 -0.155138

1.8125 -0.15513
1.82812 -0.155515

1.82812 -0.155501
1.84375 -0.155936

1.85938 -0.156463
1.85319 -0.15625

1.85938 -0.156458
1.875 -0.157129

1.84375 -0.155921
1.85332 -0.15625

1.875 -0.157145
1.89062 -0.157922

1.89062 -0.157947
1.90625 -0.15875

1.90625 -0.158768
1.92188 -0.159508

1.92188 -0.159511
1.9375 -0.160149

1.9375 -0.160141
1.95312 -0.160689

-3 0.117295
-2.98946 0.125

-2.95312 0.0843102
-2.9578 0.09375

1.95312 -0.160678
1.96875 -0.161174

1.96875 -0.161163
1.98438 -0.161649

1.98438 -0.161637
2 -0.162159

-2.95312 0.077183
-2.9375 0.0639635

-2.95312 0.0797089
-2.95217 0.078125

-2.95846 0.09375
-2.96257 0.109375

-2.96255 0.109375
-2.96289 0.125

-2.89062 0.0620356
-2.875 0.0606749

-2.9375 0.0668968
-2.92188 0.0649032

-2.92188 0.0668563
-2.90625 0.0664127

-2.90625 0.0663313
-2.89062 0.0636945

-2.89062 0.0626246
-2.88919 0.0625

-3 0.135587
-2.98101 0.15625

-0.999932 0.1875
-0.984375 0.188478

-0.984375 0.188477
-0.96875 0.189445

-0.96875 0.189472
-0.953125 0.190373

-0.953125 0.190477
-0.9375 0.191048

0.203125 -0.00102663
0.197226 0

0.203125 -0.00100695
0.21875 -0.0035936

0.21875 -0.00356562
0.234375 -0.0057355

0.234375 -0.00567332
0.25 -0.00760676

-0.890625 0.185422
-0.899739 0.1875

-0.890625 0.18514
-0.875 0.180854

-0.9375 0.191224
-0.921875 0.190904

-0.921875 0.191039
-0.90625 0.189207

-2.98187 0.15625
-2.96875 0.17357

0.25 -0.00748963
0.265625 -0.00954527

-0.90625 0.189401
-0.897912 0.1875

-2.96279 0.125
-2.95959 0.140625

-0.875 0.180645
-0.859375 0.177016

-2.95826 0.140625
-2.95469 0.15625

0.265625 -0.00948333
0.28125 -0.0120193

0.28125 -0.0121372
0.296875 -0.0150417

-2.95312 0.149678
-2.9506 0.15625

-2.95312 0.166563
-2.95796 0.171875

-2.96477 0.171875
-2.96302 0.1875

-2.9507 0.15625
-2.946 0.171875

0.3125 -0.0178827
0.298968 -0.015625

-2.94569 0.171875
-2.94218 0.1875

-2.97393 0.1875
-2.96875 0.196104

-2.96914 0.21875
-2.96875 0.219119

0.296875 -0.0151547
0.299694 -0.015625

0.3125 -0.0177991
0.328125 -0.019807

0.328125 -0.0197211
0.34375 -0.0214309

-2.96875 0.201478
-2.9375 0.197755

-2.96875 0.219482
-2.94036 0.21875

-2.875 0.0609603
-2.86563 0.0625

-2.86631 0.0625
-2.85938 0.0636403

-2.85938 0.0649957
-2.84375 0.0680006

-2.84375 0.0677176
-2.82812 0.0688853

-2.82812 0.0683459
-2.8125 0.0693212

-2.8125 0.0696257
-2.79688 0.0708786

-2.79688 0.0710077
-2.78125 0.0716709

-2.78125 0.0715592
-2.76562 0.0715977

-2.76562 0.0714195
-2.75 0.0714129

-2.93866 0.25
-2.9375 0.250007

2 -0.162146
2.01562 -0.162755

2.01562 -0.16275
2.03125 -0.16348

-0.859375 0.177056
-0.84375 0.174422

-0.84375 0.174571
-0.828125 0.172555

0.34375 -0.0213485
0.359375 -0.0230967

0.359375 -0.0230314
0.375 -0.0251134

-2.9375 0.252195
-2.93531 0.25

0.375 -0.025144
0.390625 -0.0276291

0.390625 -0.0277751
0.40625 -0.0303102

0.421875 -0.0324954
0.412453 -0.03125

0.421875 -0.0323963
0.4375 -0.0339499

0.40625 -0.0304148
0.412569 -0.03125

0.4375 -0.0338384
0.453125 -0.0352894

0.453125 -0.0352202
0.46875 -0.0369301

0.46875 -0.0369159
0.484375 -0.0390516

-0.8125 0.170729
-0.821622 0.171875

-0.828125 0.172682
-0.821697 0.171875

-0.8125 0.170757
-0.796875 0.16852

-0.796875 0.168481
-0.78125 0.165985

-0.78125 0.165928
-0.765625 0.163364

0.484375 -0.0391191
0.5 -0.041574

0 0.0299972
0.015625 0.0272601

0.015625 0.0272786
0.03125 0.0248905

2.03125 -0.163491
2.04688 -0.164331

2.04688 -0.164355
2.0625 -0.165236

-0.765625 0.163347
-0.75 0.160864

-2.75 0.0714101
-2.73438 0.0717204

-2.73438 0.0717712
-2.71875 0.0723025

-2.71875 0.0723023
-2.70312 0.0729532

-0.71875 0.155962
-0.720503 0.15625

0.03125 0.0248971
0.046875 0.0228078

-0.75 0.160892
-0.734375 0.15847

2.0625 -0.165258
2.07812 -0.166088

-2.70312 0.0729771
-2.6875 0.0737003

0.046875 0.0228818
0.0625 0.0209303

-0.734375 0.158546
-0.72039 0.15625

0.0625 0.0211077
0.078125 0.018791

-0.71875 0.155925
-0.703125 0.153173

2.07812 -0.166097
2.09375 -0.166813

-2.6875 0.0736826
-2.67188 0.0744659

0.09375 0.0151902
0.0915892 0.015625

-0.703125 0.153118
-0.6875 0.150398

2.09375 -0.16681
2.10938 -0.167401

-2.67188 0.0744902
-2.65625 0.0753204

0.078125 0.0188748
0.09375 0.0157309

-2.65625 0.0753244
-2.64062 0.0761448

2.10938 -0.167397
2.125 -0.167874

-2.64062 0.0761616
-2.625 0.0769305

0.09375 0.0153109
0.109375 0.012009

-0.6875 0.150387
-0.671875 0.147831

0.09375 0.0157275
0.094235 0.015625

2.125 -0.167876
2.14062 -0.168245

0.109375 0.0120124
0.125 0.00932553

2.14062 -0.168249
2.15625 -0.1685

0.125 0.00933109
0.140625 0.00724466

-2.625 0.076939
-2.60938 0.0776057

-2.60938 0.0776076
-2.59451 0.078125

-2.59451 0.078125
-2.59375 0.0781514

0.140625 0.0073255
0.15625 0.0056667

0.15625 0.00580969
0.171875 0.00413087

-0.671875 0.147881
-0.65625 0.145414

0.171875 0.00425035
0.1875 0.00202658

2.15625 -0.168497
2.17188 -0.168627

0.1875 0.00197407
0.198843 0

2.17188 -0.168613
2.1875 -0.168654

-0.65625 0.145461
-0.640625 0.142888

-2.59375 0.0781389
-2.57812 0.0785817

-0.625 0.139961
-0.628601 0.140625

-0.640625 0.142967
-0.627931 0.140625

2.1875 -0.168634
2.20312 -0.168655

-0.53125 0.123788
-0.537662 0.125

2.20312 -0.168643
2.21875 -0.168711

-2.57812 0.0785567
-2.5625 0.0789738

-0.53125 0.123773
-0.515625 0.120884

-0.515625 0.120962
-0.5 0.118325

-0.625 0.139882
-0.609375 0.136938

0.5 -0.0416959
0.515625 -0.0440912

0.515625 -0.0441645
0.53125 -0.0461096

2.21875 -0.168717
2.23438 -0.168845

2.23438 -0.168866
2.25 -0.168998

-2.5625 0.078961
-2.54688 0.0794279

-2.54688 0.0794333
-2.53125 0.0799649

2.25 -0.169017
2.26562 -0.169071

-2.53125 0.0799813
-2.51562 0.0805341

-2.51562 0.0805399
-2.5 0.0810696

2.26562 -0.169075
2.28125 -0.169007

2.28125 -0.168997
2.29688 -0.168819

0.546875 -0.0474816
0.540399 -0.046875

0.53125 -0.046078
0.539759 -0.046875

0.546875 -0.0473876
0.5625 -0.0487405

-0.609375 0.136926
-0.59375 0.134299

0.5625 -0.0486669
0.578125 -0.0503122

0.578125 -0.0503222
0.59375 -0.0523868

0.59375 -0.0524684
0.609375 -0.0547689

-0.59375 0.13437
-0.578125 0.131943

0.609375 -0.054866
0.625 -0.0570453

2.29688 -0.168809
2.3125 -0.168561

2.3125 -0.168558
2.32812 -0.168266

0.6875 -0.0629351
0.683125 -0.0625

0.625 -0.0570868
0.640625 -0.0588679

0.640625 -0.0588199
0.65625 -0.0602156

-0.578125 0.131991
-0.5625 0.12953

0.65625 -0.0601142
0.671875 -0.0614233

2.32812 -0.168263
2.34375 -0.167943

2.34375 -0.167924
2.35938 -0.167621

2.35938 -0.16759
2.375 -0.167403

-2.5 0.0810637
-2.48438 0.0815704

2.375 -0.167384
2.39062 -0.167413

0.671875 -0.0613508
0.683431 -0.0625

-0.5625 0.12957
-0.546875 0.1269

-2.48438 0.0815644
-2.46875 0.082072

-0.546875 0.126989
-0.53635 0.125

-2.46875 0.0820774
-2.45312 0.082587

0.6875 -0.0629174
0.703125 -0.0648356

2.39062 -0.167431
2.40625 -0.167676

-2.45312 0.0825985
-2.4375 0.0830764

0.703125 -0.0649035
0.71875 -0.0670411

-2.4375 0.0830819
-2.42188 0.0834939

-2.42188 0.0834863
-2.40625 0.0838365

2.40625 -0.167728
2.42188 -0.168047

2.42188 -0.168095
2.4375 -0.168291

0.71875 -0.0671295
0.734375 -0.069174

0.734375 -0.0692137
0.75 -0.0709091

-2.40625 0.0838216
-2.39062 0.0841551

-2.39062 0.0841433
-2.375 0.0845136

2.4375 -0.168305
2.45312 -0.168256

-2.375 0.0845109
-2.35938 0.0849468

2.45312 -0.168226
2.46875 -0.167963

2.46875 -0.167957
2.48438 -0.167549

2.48438 -0.167588
2.5 -0.166969

0.75 -0.0708802
0.765625 -0.0722046

0.765625 -0.0721297
0.78125 -0.0732908

-0.5 0.118389
-0.484375 0.115724

-0.484375 0.115695
-0.46875 0.112931

-0.46875 0.113052
-0.453125 0.110008

0.78125 -0.0732127
0.796875 -0.0745163

0.796875 -0.074485
0.8125 -0.0761499

-2.35938 0.0849506
-2.34375 0.0854501

-2.34375 0.0854547
-2.32812 0.0860009

-2.32812 0.0860032
-2.3125 0.0865826

0.828125 -0.0782661
0.82701 -0.078125

0.8125 -0.0762016
0.827704 -0.078125

0.828125 -0.0782768
0.84375 -0.0802651

0.84375 -0.0803003
0.859375 -0.0820413

2.5 -0.167015
2.51562 -0.166014

2.51562 -0.165927
2.53125 -0.164626

-2.3125 0.0865842
-2.29688 0.087189

-2.29688 0.0871941
-2.28125 0.0878108

-2.28125 0.0878212
-2.26562 0.0884186

0.859375 -0.0820505
0.875 -0.0834552

-2.26562 0.0884314
-2.25 0.0889633

2.53125 -0.164333
2.54688 -0.163493

-0.4375 0.106604
-0.451272 0.109375

-0.453125 0.110045
-0.449795 0.109375

0.875 -0.0834153
0.890625 -0.0845451

0.890625 -0.0844793
0.90625 -0.085546

-0.4375 0.106676
-0.421875 0.103807

-0.421875 0.103897
-0.40625 0.101077

0.90625 -0.0854893
0.921875 -0.0867379

0.921875 -0.0867209
0.9375 -0.0882989

2.54688 -0.163598
2.5625 -0.163595

0.9375 -0.088336
0.953125 -0.0902029

2.5625 -0.163064
2.57812 -0.164749

-0.40625 0.101034
-0.390625 0.0981677

-2.25 0.0889723
-2.23438 0.0893952

0.953125 -0.0902772
0.96875 -0.0922104

-2.23438 0.0893945
-2.21875 0.0896916

-0.390625 0.0982677
-0.375 0.0952404

-2.21875 0.0896807
-2.20312 0.0898749

-2.20312 0.0898578
-2.1875 0.0900052

2.57812 -0.165254
2.59375 -0.168676

2.59375 -0.169648
2.60938 -0.171852

-2.1875 0.0899891
-2.17188 0.090156

-0.359375 0.0918026
-0.369066 0.09375

2.60938 -0.171605
2.625 -0.171145

-0.359375 0.091882
-0.34375 0.0890665

-2.17188 0.090146
-2.15625 0.0903842

-0.375 0.0953354
-0.36711 0.09375

-2.15625 0.0903819
-2.14062 0.090716

-2.14062 0.0907203
-2.125 0.0911463

-0.34375 0.0891882
-0.328125 0.0866423

2.625 -0.170698
2.64062 -0.168963

-2.125 0.0911544
-2.10938 0.0916475

-0.328125 0.0866394
-0.3125 0.0841255

0.984375 -0.0939929
0.982162 -0.09375

-0.3125 0.084071
-0.296875 0.0817041

-2.10938 0.0916573
-2.09375 0.0921814

-0.296875 0.0819524
-0.28125 0.0793451

2.64062 -0.168813
2.65625 -0.166993

0.984375 -0.0939943
1 -0.0953523

0.96875 -0.0922785
0.982158 -0.09375

-2.09375 0.092191
-2.07812 0.0927075

-2.07812 0.0927141
-2.0625 0.0931907

-2.0625 0.0931934
-2.04688 0.0936114

-2.04688 0.0936091
-2.04074 0.09375

-2.04074 0.09375
-2.03125 0.0939678

-2.03125 0.0939613
-2.01562 0.0942786

-2.01562 0.0942705
-2 0.0945754

-0.265625 0.0759782
-0.276733 0.078125

-0.28125 0.0794952
-0.274161 0.078125

-0.265625 0.0761001
-0.25 0.0731177

2.65625 -0.166974
2.67188 -0.165407

2.67188 -0.16544
2.6875 -0.164099

2.6875 -0.164075
2.70312 -0.162944

2.70312 -0.163006
2.71875 -0.162012

2.71875 -0.162005
2.73438 -0.161038

2.73438 -0.161206
2.75 -0.159945

-0.1875 0.0615902
-0.192349 0.0625

-0.25 0.073168
-0.234375 0.0702478

2.75 -0.159866
2.76562 -0.158133

2.76562 -0.158349
2.77896 -0.15625

2.77857 -0.15625
2.78125 -0.155827

2.78125 -0.155343
2.79688 -0.152817

2.79688 -0.152935
2.8125 -0.151181

-0.234375 0.0701527
-0.21875 0.0673845

-0.21875 0.0674805
-0.203125 0.0648626

2.8125 -0.150802
2.82812 -0.150343

2.82812 -0.151052
2.84375 -0.151226

2.84375 -0.150601
2.85938 -0.151241

-0.203125 0.0651237
-0.189141 0.0625

-0.1875 0.0618053
-0.171875 0.0588115

2.85938 -0.152435
2.875 -0.152406

-0.171875 0.0588936
-0.15625 0.056197

-0.15625 0.0561576
-0.140625 0.0536728

2.875 -0.151076
2.89062 -0.150651

2.89062 -0.151276
2.90625 -0.151865

1 -0.0953115
1.01562 -0.0963919

-0.140625 0.0536594
-0.125 0.0514919

1.01562 -0.0963383
1.03125 -0.0973299

-0.125 0.0516693
-0.109375 0.0494911

2.9375 -0.164003
2.92619 -0.15625

2.90625 -0.150232
2.92188 -0.15385

-0.09375 0.0463366
-0.0967152 0.046875

-0.109375 0.0496889
-0.0938779 0.046875

-0.09375 0.0464995
-0.078125 0.0433124

1.03125 -0.0972783
1.04688 -0.0983914

1.04688 -0.098369
1.0625 -0.0997516

1.0625 -0.0997717
1.07812 -0.101429

1.07812 -0.101477
1.09375 -0.103271

2.92188 -0.154218
2.92572 -0.15625

1.09375 -0.103319
1.10938 -0.105054

-2 0.0945683
-1.98438 0.0948909

1.10938 -0.10508
1.125 -0.106605

-1.98438 0.0948868
-1.96875 0.0952491

2.9375 -0.177392
2.95312 -0.176154

1.125 -0.106603
1.14062 -0.107868

1.14062 -0.10784
1.15625 -0.108908

-0.078125 0.0433295
-0.0625 0.0403608

1.17188 -0.109881
1.16411 -0.109375

-0.0625 0.0403028
-0.046875 0.0376343

2.9394 -0.171875
2.95312 -0.165446

-0.046875 0.0376745
-0.03125 0.0353416

2.95312 -0.176089
2.95552 -0.171875

1.15625 -0.108866
1.16406 -0.109375

1.17188 -0.109839
1.1875 -0.110984

1.1875 -0.11097
1.20312 -0.112354

1.20312 -0.112378
1.21875 -0.113982

1.21875 -0.114025
1.23438 -0.115713

2.95312 -0.157048
2.95346 -0.15625

1.23438 -0.115747
1.25 -0.117362

0 0.0299399
-0.00721547 0.03125

2.94882 -0.15625
2.95312 -0.152735

2.95312 -0.153798
2.96074 -0.140625

-1.96875 0.0952486
-1.95312 0.0956598

-0.03125 0.0355401
-0.015625 0.0330654

-1.95312 0.0956621
-1.9375 0.0961189

2.96573 -0.140625
2.96875 -0.136488

-0.015625 0.0331122
-0.00536874 0.03125

1.35938 -0.126318
1.34535 -0.125

2.96875 -0.126147
2.96941 -0.125

-1.9375 0.0961224
-1.92188 0.096613

2.97486 -0.125
2.98993 -0.09375

1.35938 -0.126334
1.375 -0.127897

2.99094 -0.09375
2.9939 -0.078125

-1.92188 0.0966164
-1.90625 0.097127

-1.90625 0.0971289
-1.89062 0.0976489

2.99224 -0.078125
2.99194 -0.0625

2.9907 -0.0625
2.99291 -0.046875

2.99413 -0.046875
2.99889 -0.03125

-1.89062 0.0976488
-1.875 0.0981748

1.25 -0.117373
1.26562 -0.118825

1.26562 -0.118816
1.28125 -0.120098

-1.875 0.0981727
-1.85938 0.0987094

1.28125 -0.12008
1.29688 -0.121248

1.29688 -0.121225
1.3125 -0.12236

-1.85938 0.0987057
-1.84375 0.0992647

-1.84375 0.0992607
-1.82812 0.099857

-1.82812 0.099854
-1.8125 0.100502

1.3125 -0.122337
1.32812 -0.12353

1.32812 -0.123517
1.34375 -0.124842

2.9993 -0.015625
3 -0.014731

-1.8125 0.100501
-1.79688 0.101207

-1.79688 0.101209
-1.78125 0.101974

1.34375 -0.124845
1.3454 -0.125

-1.78125 0.101977
-1.76562 0.102793

-1.76562 0.102796
-1.75 0.103649

3 -0.0215929
3.02525 0

3.03125 -0.00452916
3.0625 -0.00187897

3.0625 -0.00388741
3.125 -0.00203225

1.375 -0.127929
1.39062 -0.129487

1.39062 -0.129507
1.40625 -0.130954

1.40625 -0.130954
1.42188 -0.132248

3.125 -0.00262869
3.25 -0.00112881

1.42188 -0.132235
1.4375 -0.133403

-1.75 0.103651
-1.73438 0.104533

-1.73438 0.104532
-1.71875 0.105444

1.4375 -0.133384
1.45312 -0.13449

1.45312 -0.134473
1.46875 -0.135587

-1.71875 0.10544
-1.70312 0.10639

-1.70312 0.106385
-1.6875 0.107389

-1.6875 0.107386
-1.67188 0.108461

1.46875 -0.135573
1.48438 -0.136755

1.48438 -0.13675
1.5 -0.138038

-1.67188 0.10846
-1.65949 0.109375

-1.65956 0.109375
-1.65625 0.10962

-1.65625 0.109616
-1.64062 0.110848

3.25 -0.00168519
3.5 -0.000793058

3.5 -0.00150302
4 -0.00103522

-1.64062 0.110851
-1.625 0.112155

-1.625 0.112159
-1.60938 0.113522

-1.60938 0.113525
-1.59375 0.114932

-1.59375 0.114934
-1.57812 0.116377

-1.57812 0.116377
-1.5625 0.117852

-1.5625 0.11785
-1.54688 0.119361

-1.54688 0.11936
-1.53125 0.120911

-1.53125 0.12091
-1.51562 0.122504

-1.51562 0.122504
-1.5 0.124145

-1.5 0.124146
-1.49206 0.125

-1.49211 0.125
-1.48438 0.125832

-1.48438 0.125825
-1.46875 0.127547

-1.46875 0.127545
-1.45312 0.129319

-1.45312 0.129319
-1.4375 0.131149

-1.4375 0.131148
-1.42188 0.133035

-1.42188 0.133035
-1.40625 0.134981

-1.40625 0.134981
-1.39062 0.136987

-1.39062 0.136988
-1.375 0.139051

-1.375 0.139056
-1.36334 0.140625

-1.36344 0.140625
-1.35938 0.141172

-1.35938 0.141159
-1.34375 0.143292

-1.34375 0.143289
-1.32812 0.145467

-1.32812 0.145468
-1.3125 0.147698

-1.3125 0.147699
-1.29688 0.149977

-1.29688 0.149977
-1.28125 0.152298

-1.28125 0.152301
-1.26562 0.154658

-1.26562 0.154669
-1.25514 0.15625

-1.25524 0.15625
-1.25 0.157041

-1.25 0.157022
-1.23438 0.159363

-1.23438 0.159357
-1.21875 0.161707

-1.21875 0.161709
-1.20312 0.164074

-1.20312 0.164076
-1.1875 0.166445

-1.1875 0.166448
-1.17188 0.168811

-1.17188 0.168824
-1.15625 0.171147

-1.15625 0.17116
-1.15122 0.171875

-1.15127 0.171875
-1.14062 0.173388

-1.14062 0.17337
-1.125 0.175479

-1.125 0.175483
-1.10938 0.177505

-1.10938 0.177514
-1.09375 0.179421

-1.09375 0.179429
-1.07812 0.181185

-1.07812 0.181188
-1.0625 0.182769

-1.0625 0.182768
-1.04688 0.18417

-1.04688 0.184164
-1.03125 0.185401

-1.03125 0.18539
-1.01562 0.186496

-1.01562 0.186485
-1.0001 0.1875

-1.00016 0.1875
-1 0.18751

