-4 -0.00459475
-3.68382 0

-3.55818 0
-3.5 0.000845433

-3.5 -0.0024194
-3.45006 0

-3.25 -0.0031304
-3.22822 0

-3.125 -0.00480607
-3.10856 0

-3 -0.0677231
-3.00039 -0.0625

-3.0625 -0.000560619
-3.0613 0

-3.00001 -0.0625
-3 -0.0617929

-3.40381 0
-3.25 0.00748556

-3.21797 0
-3.125 0.0144463

-3.10624 0
-3.0625 0.0223818

-3.0625 0.00886117
-3.03579 0.03125

-3.0472 0.03125
-3.03162 0.0625

-3 0.0619837
-3.0057 0.0625

-3.04194 0.0625
-3.0316 0.09375

-3.0348 0.09375
-3.03125 0.102824

-3.03125 0.088731
-3.02351 0.09375

-3.03125 0.101921
-3 0.121896

-3.03235 0.125
-3 0.147594

-2.96875 -0.12579
-2.96918 -0.125

-2.9375 -0.179856
-2.95226 -0.171875

-2.95312 -0.160893
-2.94288 -0.171875

-2.95312 -0.153349
-2.9606 -0.140625

-2.96875 -0.134122
-2.96453 -0.140625

-2.95312 -0.15378
-2.95168 -0.15625

-2.9375 -0.173457
-2.92188 -0.17283

-2.92188 -0.172211
-2.90625 -0.173118

-2.90625 -0.173875
-2.89062 -0.176038

-2.89062 -0.175869
-2.875 -0.178111

1.65625 0.246388
1.64464 0.25

1.65625 0.246349
1.67188 0.243942

1.67188 0.243798
1.6875 0.244166

-1 -0.174808
-0.984375 -0.17293

-0.984375 -0.172898
-0.976358 -0.171875

-0.976396 -0.171875
-0.96875 -0.170899

0 -0.0959417
0.0111648 -0.09375

0.0101643 -0.09375
0.015625 -0.092678

1.6875 0.243589
1.70312 0.248173

0.015625 -0.0927159
0.03125 -0.0894787

0.03125 -0.0894894
0.046875 -0.0862531

-0.96875 -0.170832
-0.953125 -0.16893

0.046875 -0.0862833
0.0625 -0.0829661

-2.97316 -0.125
-2.98575 -0.09375

0.0625 -0.0829998
0.078125 -0.0794742

0.078125 -0.0793932
0.0836459 -0.078125

1.70312 0.246405
1.70924 0.25

0.0834791 -0.078125
0.09375 -0.0757658

1.71875 0.248594
1.72028 0.25

0.09375 -0.0758304
0.109375 -0.0722873

0.109375 -0.0723323
0.125 -0.0686424

0.125 -0.0685972
0.140625 -0.0647609

0.140625 -0.0645767
0.149754 -0.0625

0.149918 -0.0625
0.15625 -0.0610595

0.15625 -0.0610648
0.171875 -0.0580749

0.171875 -0.0582412
0.1875 -0.0554286

0.1875 -0.0555186
0.203125 -0.0523705

0.203125 -0.0523664
0.21875 -0.0487112

0.21875 -0.0485707
0.225529 -0.046875

0.225655 -0.046875
0.234375 -0.0446939

0.234375 -0.0446188
0.25 -0.0408256

-0.953125 -0.168905
-0.9375 -0.167286

-0.9375 -0.167333
-0.921875 -0.165952

-0.921875 -0.166011
-0.90625 -0.164657

-0.90625 -0.164647
-0.890625 -0.163222

-0.890625 -0.163132
-0.875 -0.161837

0.25 -0.0408933
0.265625 -0.0372022

0.265625 -0.0372498
0.28125 -0.0334301

0.28125 -0.0335032
0.290681 -0.03125

0.288615 -0.03125
0.296875 -0.0292766

0.296875 -0.0296381
0.3125 -0.02611

0.3125 -0.0261308
0.328125 -0.0225736

0.328125 -0.0225674
0.34375 -0.0189519

0.34375 -0.0189976
0.35779 -0.015625

0.357801 -0.015625
0.359375 -0.0152469

0.359375 -0.0151216
0.375 -0.0113847

-0.875 -0.161707
-0.859375 -0.160983

-0.859375 -0.160917
-0.84375 -0.16116

-2.9887 -0.09375
-2.98988 -0.078125

-0.84375 -0.161261
-0.828125 -0.162401

-0.828125 -0.16261
-0.8125 -0.164025

-2.98691 -0.078125
-2.98438 -0.0632395

0.375 -0.0114267
0.390625 -0.00786826

-2.98438 -0.073628
-2.98248 -0.0625

-0.8125 -0.164172
-0.796875 -0.165148

-0.796875 -0.165167
-0.78125 -0.165374

-2.98412 -0.0625
-2.98384 -0.046875

1.5625 0.303409
1.54695 0.3125

1.51562 0.333209
1.50354 0.34375

1.53125 0.319926
1.52066 0.328125

1.51562 0.332121
1.5203 0.328125

1.5 0.349213
1.50641 0.34375

1.53125 0.319809
1.54396 0.3125

1.59375 0.27969
1.59153 0.28125

1.57812 0.290985
1.57001 0.296875

1.5625 0.303345
1.57146 0.296875

1.57812 0.291043
1.59142 0.28125

1.59375 0.27961
1.60938 0.268767

1.625 0.258715
1.61382 0.265625

1.60938 0.268628
1.61423 0.265625

0.390625 -0.00789185
0.40625 -0.00438078

0.40625 -0.00436824
0.421875 -0.000882421

-0.78125 -0.165305
-0.765625 -0.164844

0.421875 -0.000714689
0.425433 0

-0.765625 -0.164743
-0.75 -0.163959

-2.98438 -0.0406624
-2.98421 -0.046875

-2.98438 -0.0272469
-2.98555 -0.015625

-2.98611 -0.015625
-2.98892 0

-2.98438 -0.0309562
-2.98435 -0.03125

1.625 0.258577
1.64062 0.251164

-0.75 -0.163919
-0.734375 -0.163095

1.64062 0.251157
1.64434 0.25

-0.734375 -0.163169
-0.71875 -0.162234

1.6875 0.316481
1.67619 0.328125

-2.84375 -0.188411
-2.84651 -0.1875

-2.82812 -0.193309
-2.84348 -0.1875

-2.82812 -0.192514
-2.8125 -0.195946

-2.875 -0.178084
-2.85938 -0.180794

-2.85938 -0.179749
-2.84375 -0.184909

-2.84375 -0.184848
-2.83674 -0.1875

-2.8125 -0.195628
-2.79688 -0.197617

-2.79688 -0.197181
-2.78125 -0.199237

-2.78125 -0.199393
-2.76562 -0.202078

-2.75 -0.20552
-2.76132 -0.203125

-0.71875 -0.16231
-0.703125 -0.160964

-0.703125 -0.160958
-0.6875 -0.159059

0.425557 0
0.4375 0.00239873

0.4375 0.00247745
0.453125 0.00482538

0.453125 0.00468321
0.46875 0.00637915

0.46875 0.00624509
0.484375 0.0078415

-0.6875 -0.159055
-0.671875 -0.156626

-0.671875 -0.15669
-0.669209 -0.15625

-0.670919 -0.15625
-0.65625 -0.153829

-0.65625 -0.153766
-0.640625 -0.151597

-0.640625 -0.151714
-0.625 -0.149913

-0.625 -0.149954
-0.609375 -0.148207

-0.609375 -0.148196
-0.59375 -0.146442

1.67788 0.328125
1.68436 0.34375

1.70872 0.25
1.71875 0.262008

1.7151 0.265625
1.71875 0.275345

1.71875 0.256275
1.72308 0.265625

1.71875 0.273977
1.72192 0.28125

0.484375 0.00780614
0.5 0.00964187

1.72108 0.28125
1.73438 0.296417

-0.59375 -0.146483
-0.578125 -0.144662

-2.76562 -0.201472
-2.75781 -0.203125

-0.578125 -0.144701
-0.5625 -0.142654

1.73438 0.290069
1.74303 0.296875

-0.5625 -0.142664
-0.548864 -0.140625

-0.54965 -0.140625
-0.546875 -0.14021

-0.546875 -0.140095
-0.53125 -0.137915

-0.53125 -0.137891
-0.515625 -0.136343

1.73452 0.296875
1.75 0.307343

1.6875 0.320677
1.70312 0.322003

-0.515625 -0.136451
-0.5 -0.135367

1.6875 0.341505
1.69713 0.34375

1.70312 0.326026
1.70577 0.328125

1.71535 0.328125
1.71188 0.34375

-2.75 -0.205216
-2.73438 -0.20948

-2.73438 -0.209056
-2.71875 -0.215159

-2.70312 -0.223724
-2.71418 -0.21875

1.70157 0.34375
1.70312 0.343955

-2.70312 -0.223556
-2.6875 -0.228789

-2.71875 -0.215084
-2.71061 -0.21875

-2.6875 -0.228485
-2.67188 -0.231554

-2.67188 -0.231306
-2.65625 -0.233319

-2.64062 -0.234948
-2.64573 -0.234375

-2.65625 -0.233157
-2.6454 -0.234375

-2.64062 -0.235208
-2.625 -0.236433

1.96875 0.249138
1.96385 0.25

1.96875 0.249518
1.98438 0.248913

1.98438 0.249125
2 0.249414

-2.625 -0.236554
-2.60938 -0.236438

-2.60938 -0.236175
-2.59375 -0.234998

1.75 0.295203
1.75294 0.296875

1.75 0.306597
1.76562 0.31139

1.76562 0.309612
1.78125 0.30991

-2.59375 -0.234641
-2.59003 -0.234375

-0.5 -0.135419
-0.484375 -0.13448

-0.484375 -0.134474
-0.46875 -0.13359

1.78125 0.308791
1.79688 0.310073

-0.46875 -0.13361
-0.453125 -0.132751

1.79688 0.31063
1.80643 0.3125

0.5 0.00960947
0.515625 0.01182

1.80452 0.3125
1.8125 0.314062

0.515625 0.0117232
0.53125 0.014567

-0.453125 -0.13279
-0.4375 -0.131837

0.53125 0.0143868
0.536067 0.015625

-0.4375 -0.131853
-0.421875 -0.130694

-0.421875 -0.130675
-0.40625 -0.129318

0.536025 0.015625
0.546875 0.0184138

1.8125 0.314173
1.82812 0.316927

0.546875 0.0184875
0.5625 0.0238672

-0.40625 -0.129263
-0.390625 -0.127853

-2.58888 -0.234375
-2.57812 -0.233605

1.82812 0.317154
1.84375 0.318514

-2.57812 -0.233306
-2.5625 -0.233391

1.84375 0.318923
1.85938 0.317619

1.85938 0.317964
1.87497 0.3125

-0.390625 -0.127813
-0.375 -0.126541

-2.54688 -0.235085
-2.55522 -0.234375

-0.375 -0.12656
-0.359375 -0.125468

-2.5625 -0.233556
-2.55288 -0.234375

0.5625 0.0239046
0.578125 0.0304193

-2.54688 -0.234886
-2.53125 -0.237133

0.578125 0.0302141
0.580495 0.03125

-2.53125 -0.237623
-2.51562 -0.239989

0.579019 0.03125
0.59375 0.037689

0.59375 0.0379733
0.609375 0.0436701

-0.359375 -0.125587
-0.350103 -0.125

0.609375 0.0433957
0.621751 0.046875

1.89062 0.301664
1.87569 0.3125

-0.353213 -0.125
-0.34375 -0.124401

-2.51562 -0.24012
-2.5 -0.241365

1.90625 0.284979
1.89408 0.296875

0.621614 0.046875
0.625 0.0478269

-0.34375 -0.124507
-0.328125 -0.123566

-0.328125 -0.123604
-0.3125 -0.122617

-2.98941 0
-2.99145 0.015625

-0.3125 -0.122619
-0.296875 -0.121508

-0.296875 -0.121525
-0.28125 -0.120252

-2.9916 0.015625
-2.99161 0.03125

0.625 0.182341
0.615928 0.1875

1.89062 0.299889
1.89378 0.296875

0.609375 0.197227
0.607229 0.203125

-2.99117 0.03125
-2.98972 0.046875

-2.98948 0.046875
-2.98785 0.0625

0.606595 0.203125
0.609375 0.209936

0.609375 0.198437
0.616994 0.1875

-0.28125 -0.120243
-0.265625 -0.118794

0.609375 0.209388
0.620606 0.21875

-0.265625 -0.118778
-0.25 -0.117203

0.617027 0.21875
0.625 0.221142

1.92188 0.26968
1.90925 0.28125

1.9375 0.257924
1.92649 0.265625

1.92188 0.269586
1.92736 0.265625

1.90625 0.284375
1.90943 0.28125

-2.98737 0.0625
-2.98702 0.078125

1.9375 0.257998
1.95312 0.251434

0.625 0.0477141
0.640625 0.0515004

-0.25 -0.11716
-0.234375 -0.115577

0.640625 0.051572
0.65625 0.0547735

-2.98755 0.078125
-2.98853 0.09375

1.95312 0.251838
1.96357 0.25

-2.9863 0.09375
-2.99773 0.125

0.65625 0.0548768
0.671875 0.057144

0.671875 0.057092
0.6875 0.0583222

-2.99848 0.125
-2.9846 0.15625

0.6875 0.0580213
0.703125 0.0589201

0.703125 0.0586688
0.71875 0.0603407

0 0.986395
0.011192 1

0.71875 0.0603136
0.730763 0.0625

-0.234375 -0.115582
-0.21875 -0.114066

-3 0.186018
-2.96875 0.176744

0.729219 0.0625
0.734375 0.0634385

0.734375 0.0636546
0.75 0.0667304

0.3125 0.96874
0.31245 0.96875

0.625 0.181509
0.639094 0.1875

-0.21875 -0.114083
-0.203125 -0.112591

0.638836 0.1875
0.640625 0.190137

0.3125 0.971052
0.298339 0.984375

0.640625 0.206651
0.62605 0.21875

-0.203125 -0.112578
-0.1875 -0.1111

0.640625 0.190579
0.643548 0.203125

-0.1875 -0.111056
-0.171875 -0.109705

-2.96875 0.160854
-2.96549 0.171875

-0.171875 -0.109721
-0.166798 -0.109375

0.301177 0.984375
0.3125 0.993424

-0.167831 -0.109375
-0.15625 -0.108587

0.3125 0.973662
0.321107 0.984375

0.3125 0.996593
0.324082 0.984375

-0.15625 -0.108666
-0.140625 -0.10784

-0.140625 -0.107936
-0.125 -0.107036

-2.96875 0.182257
-2.96259 0.171875

-0.125 -0.106937
-0.109375 -0.105969

0.75 0.0665894
0.765625 0.0693428

-0.109375 -0.105973
-0.09375 -0.105127

0.765625 0.0691677
0.78125 0.072231

0 1.01017
0.0114269 1

0.78125 0.0722532
0.796875 0.0759324

-0.09375 -0.105186
-0.078125 -0.104333

-0.078125 -0.104357
-0.0625 -0.103327

-2.97485 0.1875
-2.96875 0.187692

-0.0625 -0.103342
-0.046875 -0.102057

0.796875 0.0759546
0.805563 0.078125

0.804309 0.078125
0.8125 0.080171

-2.96875 0.188431
-2.9677 0.1875

0.53125 0.99382
0.52587 1

0.53125 0.99777
0.533829 1

-2.90625 0.276138
-2.91228 0.28125

-2.90625 0.289536
-2.9097 0.3125

0.8125 0.0802363
0.828125 0.0835617

0.828125 0.0833398
0.84375 0.0860773

-0.046875 -0.102074
-0.03125 -0.100472

0.84375 0.0859534
0.859375 0.0887946

0.65625 0.963931
0.651817 0.96875

-2.90625 0.298724
-2.875 0.29786

0.651871 0.96875
0.65625 0.972925

-0.03125 -0.100506
-0.015625 -0.0984858

-0.015625 -0.0985195
0 -0.0959443

-2.9086 0.3125
-2.90625 0.316141

0.65625 0.96408
0.660692 0.96875

0.859375 0.0888136
0.875 0.0919684

-2.90625 0.317055
-2.875 0.319686

0.65625 0.97303
0.660894 0.96875

0.875 0.092022
0.883246 0.09375

-2.87577 0.34375
-2.875 0.343849

-2.875 0.298719
-2.87024 0.3125

0.883003 0.09375
0.890625 0.0953471

-2.875 0.324559
-2.86762 0.3125

0.890625 0.0954827
0.90625 0.0983958

0.90625 0.0983951
0.921875 0.100624

0.921875 0.100499
0.9375 0.102296

0.529774 1
0.53125 1.0017

0.53125 1.00575
0.537974 1

0.9375 0.10218
0.953125 0.104028

0.953125 0.103945
0.96875 0.106242

0.96875 0.106101
0.984375 0.109294

-2.875 0.346769
-2.87052 0.34375

0.984375 0.109227
0.984912 0.109375

0.984547 0.109375
1 0.113633

-2.78125 0.373801
-2.78372 0.375

-2.78125 0.374677
-2.7797 0.375

-2.78478 0.375
-2.79627 0.40625

-2.80024 0.40625
-2.78125 0.421723

-2.77457 0.375
-2.75249 0.40625

-2.78125 0.418675
-2.75151 0.40625

-2.5 -0.241124
-2.48438 -0.241468

-2.48438 -0.241372
-2.46875 -0.241491

-2.46875 -0.241514
-2.45312 -0.241553

-2.45312 -0.241544
-2.4375 -0.241475

-2.4375 -0.241435
-2.42188 -0.241355

-2.42188 -0.241323
-2.40625 -0.241374

-2.40625 -0.241366
-2.39062 -0.241629

-2.39062 -0.241636
-2.375 -0.242115

-2.375 -0.242128
-2.35938 -0.24278

-2.35938 -0.242815
-2.34375 -0.243543

-2.34375 -0.243587
-2.32812 -0.244233

-2.32812 -0.244271
-2.3125 -0.244671

-2.3125 -0.244712
-2.29688 -0.244705

-2.29688 -0.244732
-2.28125 -0.244182

-2.28125 -0.24422
-2.26562 -0.242997

-2.26562 -0.243104
-2.25 -0.240919

2 0.249544
2.01429 0.25

-2.25 -0.240994
-2.23438 -0.237483

-2.23438 -0.237187
-2.22424 -0.234375

-2.22453 -0.234375
-2.21875 -0.232771

-2.21875 -0.232092
-2.20312 -0.229043

2.01393 0.25
2.01562 0.250054

2.01562 0.250089
2.03125 0.250446

2.03125 0.250407
2.04688 0.250609

2.04688 0.250546
2.0625 0.250799

2.0625 0.250742
2.07812 0.251284

-2.20312 -0.229147
-2.1875 -0.228639

-0.125 0.973818
-0.134393 0.984375

-0.129457 0.984375
-0.125 0.988614

2.07812 0.251259
2.09375 0.252251

-0.125 0.979038
-0.119933 0.984375

-0.125 0.993524
-0.114762 0.984375

-2.1875 -0.229201
-2.17188 -0.229903

-2.17188 -0.229976
-2.15625 -0.230621

0 0.986729
-0.0116767 1

-2.15625 -0.230582
-2.14062 -0.231102

-0.0123522 1
0 1.01028

2.09375 0.252264
2.10938 0.253731

2.10938 0.253762
2.125 0.255618

-2.14062 -0.231133
-2.125 -0.231547

2.125 0.255647
2.14062 0.257774

2.14062 0.257795
2.15625 0.260095

2.15625 0.260108
2.17188 0.262512

2.17188 0.262508
2.1875 0.264996

-2.125 -0.231554
-2.10938 -0.231785

2.1875 0.264993
2.19127 0.265625

2.1914 0.265625
2.20312 0.26759

2.20312 0.267643
2.21875 0.270332

-2.10938 -0.231749
-2.09375 -0.231857

1 0.113865
1.01562 0.11875

2.21875 0.270342
2.23438 0.272989

1.01562 0.11875
1.03125 0.123744

1.03125 0.123547
1.03576 0.125

-2.09375 -0.231845
-2.07812 -0.231928

1.03479 0.125
1.04688 0.128895

-2.07812 -0.231928
-2.0625 -0.232009

1.04688 0.129013
1.0625 0.13363

2.23438 0.272989
2.25 0.275575

-2.0625 -0.231999
-2.04688 -0.232097

-2.04688 -0.232046
-2.03125 -0.232283

-2.03125 -0.232215
-2.01562 -0.232832

1.0625 0.133536
1.07812 0.137525

2.25 0.27557
2.26562 0.278103

-2.01562 -0.232785
-2 -0.234011

1.07812 0.137329
1.09122 0.140625

1.09113 0.140625
1.09375 0.141285

1.09375 0.141304
1.10938 0.14549

2.26562 0.278079
2.28125 0.28062

2.28125 0.280605
2.28504 0.28125

2.28517 0.28125
2.29688 0.283242

1.10938 0.145556
1.125 0.149787

1.10938 0.216272
1.10813 0.21875

1.10938 0.216088
1.125 0.206576

1.10853 0.21875
1.10938 0.225371

2.29688 0.283276
2.3125 0.286065

2.3125 0.286053
2.32812 0.288941

1.10938 0.223983
1.11339 0.234375

1.10938 0.234404
1.125 0.241419

2.32812 0.288929
2.34375 0.291966

1.125 0.1498
1.14062 0.153919

1.14062 0.153897
1.14982 0.15625

1.14969 0.15625
1.15625 0.157929

2.34375 0.291952
2.35938 0.295187

2.35938 0.295164
2.36685 0.296875

2.36716 0.296875
2.375 0.298671

1.15625 0.157917
1.17188 0.161805

1.17188 0.161731
1.1875 0.165642

2.375 0.298789
2.39062 0.302659

2.39062 0.302689
2.40625 0.306623

2.40625 0.306626
2.42188 0.310558

2.42188 0.310535
2.42946 0.3125

1.125 0.20647
1.14062 0.218043

1.14018 0.21875
1.13485 0.234375

2.42975 0.3125
2.4375 0.314507

2.4375 0.314634
2.45312 0.318733

1.125 0.239866
1.13463 0.234375

1.1875 0.165568
1.20312 0.169796

-2.01562 0.728465
-2.02137 0.734375

1.20312 0.16973
1.21008 0.171875

1.21006 0.171875
1.21875 0.174553

1.21875 0.174594
1.23438 0.180046

1.23438 0.179627
1.25 0.186466

2.45312 0.31873
2.46875 0.322705

2.46875 0.322683
2.48438 0.326583

2.48438 0.326569
2.4905 0.328125

2.49073 0.328125
2.5 0.330479

-2.02809 0.734375
-2.01562 0.744485

-2.01562 0.721688
-2.00538 0.734375

-2.01562 0.738228
-2.01167 0.734375

1.25 0.185411
1.25414 0.1875

1.25287 0.1875
1.26562 0.196748

1.25668 0.203125
1.26562 0.214046

1.26562 0.197024
1.28125 0.200569

1.26562 0.208051
1.28125 0.209915

1.28125 0.200429
1.29688 0.195549

1.28125 0.204427
1.28456 0.203125

1.29688 0.195866
1.3125 0.193923

1.3125 0.194276
1.32812 0.194205

1.32812 0.194125
1.34375 0.195379

1.34375 0.195122
1.35938 0.198376

1.35938 0.198122
1.37174 0.203125

1.37201 0.203125
1.375 0.204334

2.98438 -0.0789091
3 -0.0807754

1.375 0.204528
1.39062 0.214251

1.39062 0.21409
1.3967 0.21875

2.98618 -0.078125
3 -0.0763613

2.99807 -0.0625
3 -0.0615252

3 -0.0327391
2.99532 -0.03125

2.98438 -0.0164135
3 -0.0168732

2.98438 -0.0100647
3 -0.0100647

1.39571 0.21875
1.40625 0.227232

1.40625 0.227646
1.41363 0.234375

1.41444 0.234375
1.42188 0.241699

1.42188 0.242371
1.42894 0.25

2.5 0.33061
2.51562 0.334534

2.51562 0.334536
2.53125 0.338195

2.53125 0.338213
2.54688 0.341564

2.54688 0.341528
2.55802 0.34375

2.55833 0.34375
2.5625 0.344582

2.5625 0.344691
2.57812 0.34755

2.57812 0.347544
2.59375 0.350033

2.59375 0.350003
2.60938 0.352194

1.42895 0.25
1.4375 0.259792

1.42188 0.32286
1.41938 0.328125

1.41811 0.328125
1.42188 0.337894

2.60938 0.352008
2.625 0.354333

1.42188 0.324493
1.43232 0.3125

1.42188 0.334959
1.42898 0.34375

1.4375 0.259961
1.44239 0.265625

2.625 0.354301
2.64062 0.357198

2.64062 0.35734
2.65034 0.359375

1.44459 0.265625
1.45312 0.280206

-1.98438 -0.236056
-1.99668 -0.234375

2.6505 0.359375
2.65625 0.360579

1.45312 0.278899
1.4543 0.28125

-2 -0.233868
-1.99629 -0.234375

-1.98438 -0.235989
-1.96875 -0.239348

2.65625 0.360148
2.67188 0.364442

-1.96875 -0.239573
-1.95312 -0.243816

-1.95312 -0.24431
-1.9375 -0.248

2.67188 0.362462
2.6875 0.372642

-1.9375 -0.248244
-1.92188 -0.249905

-1.92188 -0.249733
-1.90625 -0.249219

1.45312 0.301943
1.44364 0.3125

-1.90625 -0.248922
-1.89062 -0.247173

-1.89062 -0.247005
-1.875 -0.244953

1.45377 0.28125
1.45422 0.296875

-1.875 -0.244915
-1.85938 -0.242972

2.6875 0.372919
2.68963 0.375

1.45312 0.300447
1.45501 0.296875

2.68937 0.375
2.70129 0.390625

1.4375 0.313337
1.43872 0.3125

1.4375 0.343781
1.45312 0.348427

2.69974 0.390625
2.70312 0.396879

2.70312 0.401058
2.70826 0.40625

1.45312 0.348853
1.46875 0.35323

1.46875 0.354372
1.48438 0.355345

1.48438 0.356503
1.5 0.34947

2.70312 0.408448
2.71875 0.417023

2.75 0.400833
2.73647 0.40625

-1.85938 -0.243005
-1.84375 -0.24118

-1.84375 -0.241219
-1.82812 -0.239371

2.71875 0.409312
2.74657 0.40625

-1.82812 -0.239393
-1.8125 -0.237402

-1.8125 -0.237384
-1.79688 -0.235243

2.98438 0.0624119
3 0.0624119

2.96875 0.123984
2.96862 0.125

2.98438 0.0780915
3 0.0780915

-1.79688 -0.235144
-1.79139 -0.234375

-1.79063 -0.234375
-1.78125 -0.233061

2.98438 0.0819882
3 0.0819882

2.96875 0.124484
3 0.118199

-1.78125 -0.233003
-1.76562 -0.230871

-1.76562 -0.230878
-1.75 -0.228825

2.93539 0.171875
2.9375 0.178686

2.92188 0.217193
2.92071 0.21875

2.9311 0.1875
2.9375 0.19931

2.92188 0.218029
2.9375 0.216179

2.90625 0.2422
2.93084 0.21875

2.95312 0.149673
2.9406 0.15625

2.96875 0.14051
2.96857 0.140625

2.95312 0.155152
2.96875 0.149277

2.9375 0.168098
2.9468 0.15625

2.9375 0.17774
2.94625 0.1875

2.96349 0.15625
2.96229 0.171875

-1.75 -0.22878
-1.73438 -0.226881

-1.73438 -0.226814
-1.71875 -0.225293

2.96197 0.171875
2.95543 0.1875

2.96875 0.145371
3 0.129588

-1.71875 -0.225252
-1.70312 -0.224324

-1.70312 -0.224314
-1.6875 -0.224079

3 0.173762
2.98945 0.1875

-1.6875 -0.224069
-1.67188 -0.224565

-1.67188 -0.224567
-1.65625 -0.225809

2.96501 0.1875
2.94667 0.21875

2.96862 0.21875
2.95249 0.25

2.99202 0.1875
2.97037 0.21875

2.96875 0.234746
2.9734 0.21875

-1.65625 -0.225825
-1.64062 -0.227777

-1.64062 -0.227794
-1.625 -0.230389

2.79688 0.365046
2.7855 0.375

2.8125 0.35233
2.80361 0.359375

2.79688 0.364234
2.80292 0.359375

-1.625 -0.230405
-1.60938 -0.233577

-1.59375 -0.237226
-1.6062 -0.234375

2.85938 0.30969
2.85695 0.3125

2.875 0.290234
2.86859 0.296875

-1.60938 -0.233639
-1.60616 -0.234375

-1.59375 -0.237316
-1.57812 -0.240978

-1.57812 -0.241133
-1.5625 -0.244388

2.85938 0.309266
2.87035 0.296875

-1.5625 -0.244615
-1.54688 -0.246701

-1.54688 -0.246925
-1.53125 -0.246942

2.82812 0.338642
2.82275 0.34375

2.84375 0.323954
2.83869 0.328125

2.82812 0.337864
2.83907 0.328125

2.8125 0.35375
2.82419 0.34375

-1.53125 -0.24703
-1.51562 -0.24435

-1.51562 -0.244134
-1.5 -0.239013

2.84375 0.326436
2.85791 0.3125

2.75 0.401086
2.78125 0.380509

2.78125 0.379733
2.7871 0.375

2.89062 0.276196
2.88652 0.28125

2.90625 0.255747
2.89572 0.265625

2.89062 0.271316
2.90081 0.265625

2.875 0.291155
2.88798 0.28125

2.90625 0.270212
2.9375 0.262116

2.90625 0.281413
2.90771 0.28125

2.9375 0.281821
2.97438 0.25

3 -0.0687498
3.00106 -0.0625

3 -0.0348575
3.00264 -0.03125

3.03125 -0.00468131
3.02445 0

3.0625 -0.00289458
3.05397 0

3.125 -0.00475991
3.1051 0

3.25 -0.00370662
3.22478 0

3.5 -0.00282582
3.44451 0

3.03125 0.0265276
3.02938 0.03125

3.03125 0.0618462
3.03115 0.0625

3.03125 0.0255033
3.06201 0

3.03125 0.0540612
3.03756 0.03125

3.03112 0.0625
3.03125 0.0672509

3.03125 0.112275
3.02404 0.125

3.0349 0.0625
3.038 0.09375

3.04415 0.09375
3.03665 0.125

3.0625 0.0185174
3.09672 0

3 0.174066
3.03147 0.125

3 0.189401
3.00101 0.1875

3.125 0.013494
3.2036 0

3.25 0.00646548
3.37666 0

4 -0.00575274
3.62431 0

3.5 0.000645283
3.54214 0

-1.28125 -0.306572
-1.28972 -0.296875

-1.29144 -0.296875
-1.28289 -0.28125

-1.28285 -0.28125
-1.28125 -0.280615

-1.28125 -0.30821
-1.26562 -0.300215

-1.28125 -0.282652
-1.26562 -0.295591

-1.26562 -0.299493
-1.26471 -0.296875

-1.26562 -0.294983
-1.26501 -0.296875

-1.28125 -0.280883
-1.27993 -0.28125

-1.5 -0.238443
-1.48924 -0.234375

-1.48956 -0.234375
-1.48438 -0.232414

-1.48438 -0.23218
-1.46875 -0.227334

-1.46875 -0.227289
-1.45312 -0.224227

-1.45312 -0.224399
-1.4375 -0.222864

-1.4375 -0.223076
-1.42188 -0.222299

-1.42188 -0.222398
-1.40625 -0.221758

-1.40625 -0.221827
-1.39062 -0.22099

-1.39062 -0.221012
-1.375 -0.219795

-1.375 -0.219885
-1.36531 -0.21875

-1.36522 -0.21875
-1.35938 -0.218065

-1.35938 -0.217996
-1.34375 -0.215488

-1.34375 -0.215504
-1.32812 -0.212411

-1.32812 -0.212235
-1.3125 -0.208873

-1.3125 -0.208876
-1.29688 -0.20559

-1.29688 -0.205431
-1.2844 -0.203125

-1.28456 -0.203125
-1.28125 -0.202514

-1.28125 -0.202647
-1.26562 -0.200271

-1.26562 -0.200263
-1.25 -0.198197

-1.25 -0.198245
-1.23438 -0.19641

-1.23438 -0.196333
-1.21875 -0.194784

-1.21875 -0.194867
-1.20312 -0.193594

-1.20312 -0.193681
-1.1875 -0.192342

-1.1875 -0.192356
-1.17188 -0.190746

-1.17188 -0.190675
-1.15625 -0.188911

-1.15625 -0.188884
-1.1437 -0.1875

-1.14374 -0.1875
-1.14062 -0.187156

-1.14062 -0.187138
-1.125 -0.185558

-1.125 -0.185576
-1.10938 -0.18415

-1.10938 -0.184155
-1.09375 -0.182838

-1.09375 -0.182846
-1.07812 -0.181615

-1.07812 -0.18163
-1.0625 -0.180438

-1.0625 -0.180455
-1.04688 -0.179238

-1.04688 -0.179256
-1.03125 -0.177945

-1.03125 -0.177959
-1.01562 -0.176486

-1.01562 -0.176494
-1 -0.174817

