-4 -0.0026476
-3.7879 0

-3.62625 0
-3.5 0.00157596

-3.5 -0.00145392
-3.46662 0

-3.25 -0.00208595
-3.2343 0

-3.125 -0.00307569
-3.11411 0

-3.40711 0
-3.25 0.00686713

-3.21776 0
-3.125 0.0131609

-3.10814 0
-3.0625 0.0213368

-3.0625 0.0103369
-3.03492 0.03125

-3.04386 0.03125
-3.03125 0.0542771

-3.03125 0.0307496
-3.03046 0.03125

-3.03125 0.0531639
-3.02404 0.0625

-3.04027 0.0625
-3.03125 0.0885652

-3.03125 0.0804759
-3.02205 0.09375

-3.01983 0.09375
-3.00655 0.125

-3.01861 0.125
-3 0.155371

-3.00037 0.1875
-3 0.187934

-1.15625 0.493535
-1.15654 0.5

-1.14062 0.483412
-1.14694 0.484375

-1.15625 0.488629
-1.15483 0.484375

-1.14062 0.483351
-1.13901 0.484375

-1.13647 0.484375
-1.13523 0.5

-3 -0.0785095
-2.98438 -0.0869319

-2.99299 -0.078125
-2.98438 -0.0747177

-2.98438 -0.0919985
-2.98241 -0.09375

-2.98438 -0.0719165
-2.97573 -0.078125

-2.95312 -0.111548
-2.9561 -0.109375

-2.95507 -0.109375
-2.96213 -0.09375

-2.9375 -0.113452
-2.95215 -0.109375

-2.95312 -0.108859
-2.95241 -0.109375

-2.95891 -0.09375
-2.95312 -0.0838388

-2.95312 -0.0832603
-2.94503 -0.078125

-2.94736 -0.078125
-2.9375 -0.0745506

1.53125 0.124453
1.51654 0.125

1.53125 0.124411
1.54688 0.123768

1.54688 0.123738
1.5625 0.123175

1.5625 0.123185
1.57812 0.122743

1.57812 0.122791
1.59375 0.122352

1.59375 0.122403
1.60938 0.121772

-2.98438 -0.0616007
-2.98107 -0.0625

0 -0.0483527
0.00383083 -0.046875

0.00382455 -0.046875
0.015625 -0.042323

-2.96875 -0.0345692
-2.97362 -0.03125

-2.97074 -0.03125
-2.97106 -0.015625

-2.97145 -0.015625
-2.96875 -0.0134164

-2.96875 -0.0317228
-2.966 -0.03125

-2.96279 -0.03125
-2.95767 -0.015625

-2.96875 -0.0135682
-2.95316 -0.015625

-2.9375 -0.1134
-2.93027 -0.109375

-2.92922 -0.109375
-2.92188 -0.100125

-2.92188 -0.0968041
-2.92066 -0.09375

-2.92188 -0.088517
-2.93147 -0.078125

-0.999511 -0.109375
-0.984375 -0.105232

-0.984375 -0.105467
-0.96875 -0.0978522

0.015625 -0.0422805
0.03125 -0.0354442

0.03125 -0.0353805
0.0399691 -0.03125

1.60938 0.121786
1.625 0.120833

0.0398982 -0.03125
0.046875 -0.0279449

1.5 0.125447
1.51562 0.125058

-2.9375 -0.0748611
-2.93046 -0.078125

-0.96875 -0.0972641
-0.963335 -0.09375

1.51562 0.125031
1.51645 0.125

-0.963024 -0.09375
-0.953125 -0.0867388

0.046875 -0.0278633
0.0625 -0.0202532

1.625 0.120803
1.64062 0.119559

1.64062 0.11951
1.65625 0.118133

0.0625 -0.0200937
0.0719585 -0.015625

0.0721861 -0.015625
0.078125 -0.0128191

0.078125 -0.0126543
0.09375 -0.0059338

0.09375 -0.00565899
0.109375 -0.000347596

1.65625 0.118087
1.67188 0.116766

0.109375 -0.000437586
0.111225 0

1.67188 0.11673
1.6875 0.115628

-2.92188 -0.0853579
-2.91843 -0.09375

-0.953125 -0.0863259
-0.940723 -0.078125

-2.82812 -0.093859
-2.82834 -0.09375

-2.82849 -0.09375
-2.83291 -0.078125

-0.946997 -0.078125
-0.9375 -0.0720302

1.6875 0.11561
1.70312 0.114835

1.70312 0.114841
1.71875 0.114419

1.71875 0.11445
1.73438 0.114308

1.73438 0.11435
1.75 0.114345

-0.9375 -0.0732316
-0.921875 -0.069715

-0.921875 -0.072787
-0.90625 -0.0722009

-2.82845 -0.078125
-2.82812 -0.077704

-2.82812 -0.0824959
-2.8125 -0.0840101

1.75 0.114382
1.76562 0.114355

-2.81833 -0.078125
-2.81474 -0.0625

1.76562 0.114382
1.78125 0.114206

0.296875 -4.11607e-05
0.29596 0

-2.8125 -0.0211161
-2.81688 -0.015625

-2.82812 -0.00172234
-2.8125 -0.00681554

0.390625 -0.00403704
0.379092 0

-0.90625 -0.0708598
-0.890625 -0.0697423

-2.8125 -0.0713973
-2.79688 -0.0648165

-0.890625 -0.0691901
-0.875 -0.0713278

-2.802 -0.0625
-2.8094 -0.046875

0.390625 -0.00469001
0.40625 -0.00851766

-2.80329 -0.046875
-2.80085 -0.03125

-0.875 -0.0723249
-0.859375 -0.0768283

-2.79688 -0.0548194
-2.78125 -0.0500873

-0.84375 -0.0814441
-0.855942 -0.078125

-2.79761 -0.03125
-2.79688 -0.0259289

0.40625 -0.00867539
0.421875 -0.00859119

0.421875 -0.00813427
0.4375 -0.00473659

0.4375 -0.00362905
0.453125 -4.68456e-05

-0.859375 -0.0769798
-0.855168 -0.078125

-0.84375 -0.0818523
-0.828125 -0.0843155

-2.8125 -0.00177757
-2.79688 -0.00816108

-2.79688 -0.0272489
-2.79345 -0.015625

-2.78532 -0.015625
-2.79173 0

0.453125 -0.000251831
0.455422 0

1.78125 0.114238
1.79688 0.113795

0.111623 0
0.125 0.0031645

1.79688 0.113801
1.8125 0.113019

0.125 0.00304913
0.140625 0.00572916

0.140625 0.00571073
0.15625 0.00766683

1.8125 0.112934
1.82812 0.11197

1.82812 0.111862
1.84375 0.111104

1.84375 0.111079
1.85938 0.110794

1.85938 0.110827
1.875 0.111003

-0.828125 -0.0839365
-0.8125 -0.0844475

-0.8125 -0.0841524
-0.796875 -0.0840594

-0.796875 -0.0840246
-0.78125 -0.0839875

-0.78125 -0.0839603
-0.765625 -0.0841031

-0.765625 -0.0841846
-0.75 -0.0843986

1.875 0.111022
1.89062 0.111558

1.89062 0.111567
1.90625 0.112406

0.15625 0.00767375
0.171875 0.00892892

0.171875 0.00889428
0.1875 0.00950394

-0.75 -0.084411
-0.734375 -0.0845081

0.1875 0.0094838
0.203125 0.0095575

-2.78125 -0.050542
-2.77415 -0.046875

-2.77774 -0.046875
-2.76562 -0.0411081

-2.76562 -0.0392933
-2.75 -0.0333198

-0.734375 -0.0845362
-0.71875 -0.0844353

-2.71875 -0.281571
-2.72105 -0.28125

1.90625 0.112457
1.92188 0.113482

-2.72065 -0.28125
-2.71875 -0.279465

-0.71875 -0.0844684
-0.703125 -0.0840471

-2.71875 -0.281672
-2.71834 -0.28125

0.203125 0.00957894
0.21875 0.00911409

-2.71875 -0.279066
-2.71843 -0.28125

-0.703125 -0.0840833
-0.6875 -0.0832031

-0.6875 -0.0832128
-0.671875 -0.0817819

-2.59375 -0.286112
-2.59643 -0.28125

-0.671875 -0.081746
-0.65625 -0.0798166

1.92188 0.113572
1.9375 0.114501

-0.65625 -0.0796113
-0.645443 -0.078125

0.21875 0.00912193
0.234375 0.00805995

-2.59447 -0.28125
-2.59715 -0.265625

0.234375 0.00802489
0.25 0.00642021

-2.59676 -0.265625
-2.59375 -0.258452

-0.640938 -0.078125
-0.640625 -0.078082

-2.57812 -0.298286
-2.58743 -0.296875

-2.59375 -0.28652
-2.57812 -0.295083

0.25 0.00634569
0.265625 0.00441748

-2.57812 -0.286657
-2.5625 -0.283803

-0.640625 -0.0779899
-0.625 -0.0749773

-2.59375 -0.280673
-2.59344 -0.28125

1.9375 0.114572
1.95312 0.115082

-0.625 -0.0748535
-0.609375 -0.0703733

1.95312 0.115108
1.96875 0.115006

1.96875 0.115028
1.98438 0.114223

-2.59375 -0.258316
-2.59005 -0.25

0.265625 0.00418703
0.28125 0.00254524

-2.5625 -0.285856
-2.54688 -0.285161

1.98438 0.114202
2 0.112693

-2.54688 -0.285333
-2.53125 -0.282348

0.28125 0.00245062
0.296875 0.00174778

0.296875 0.00171299
0.3125 0.00220802

-0.609375 -0.0701339
-0.59375 -0.0649124

-0.59375 -0.0644073
-0.588142 -0.0625

-2.53125 -0.283044
-2.52769 -0.28125

-2.51562 -0.281777
-2.51493 -0.28125

0.3125 0.00233523
0.328125 0.00384086

-2.52329 -0.28125
-2.51562 -0.273448

-0.585982 -0.0625
-0.578125 -0.0598277

-2.51562 -0.254739
-2.51765 -0.25

0.328125 0.00420313
0.34375 0.00574041

-2.51562 -0.278085
-2.50949 -0.265625

-0.578125 -0.0600643
-0.5625 -0.0537254

-2.51562 -0.260929
-2.51377 -0.265625

0.34375 0.00632189
0.359375 0.00600332

-2.73438 -0.219075
-2.71875 -0.219351

0.359375 0.00611978
0.375 0.00254948

-0.5625 -0.0530554
-0.548974 -0.046875

0 0.987931
0.010508 1

-2.7346 -0.21875
-2.73438 -0.218204

0.375 0.00236642
0.381761 0

-2.73438 -0.218438
-2.71875 -0.218382

-0.548856 -0.046875
-0.546875 -0.0459697

-2.71875 -0.219643
-2.71851 -0.21875

0.454152 0
0.46875 0.0016002

0.46875 0.00112463
0.484375 0.00205069

-0.546875 -0.0461706
-0.53125 -0.0390609

0.484375 0.00177017
0.5 0.00339204

0.3125 0.970595
0.299904 0.984375

-2.71875 -0.218355
-2.71859 -0.21875

-0.53125 -0.0393002
-0.515632 -0.03125

-0.515386 -0.03125
-0.5 -0.0216183

-2.73438 -0.0469009
-2.73481 -0.046875

-2.75 -0.0347278
-2.73438 -0.0324728

-2.73438 -0.0469636
-2.71875 -0.048552

0.301064 0.984375
0.3125 0.993511

0.3125 0.972052
0.322258 0.984375

0.3125 0.995188
0.324204 0.984375

-2.73438 -0.0382758
-2.71875 -0.0324621

0 1.01123
0.0135956 1

-2.7378 -0.03125
-2.73438 -0.030557

-2.73438 -0.0312046
-2.71875 -0.0223848

-2.71875 -0.0469331
-2.71861 -0.046875

-0.5 -0.0198978
-0.4923 -0.015625

-0.491755 -0.015625
-0.484375 -0.0115296

0.515625 0.547913
0.509161 0.5625

-0.484375 -0.0107697
-0.46875 -0.007562

0.53125 0.543847
0.520079 0.546875

-2.71875 -0.0406216
-2.70603 -0.03125

0.515625 0.551697
0.522771 0.546875

0.5 0.00337174
0.515625 0.00629106

-2.70312 -0.0314813
-2.6875 -0.0327002

-2.71875 -0.0222656
-2.70719 -0.015625

-2.71341 -0.015625
-2.70312 -0.010905

0.515625 0.00656044
0.53125 0.010279

-2.70312 -0.0211202
-2.6875 -0.0186616

0.53125 0.0106413
0.546875 0.0138958

-2.70312 -0.0109529
-2.6875 -0.00785913

0.53125 0.543446
0.538116 0.546875

-2.67188 -0.0315267
-2.67424 -0.03125

-0.46875 -0.00754324
-0.453125 -0.0110473

0.546875 0.0141241
0.561661 0.015625

-0.4375 -0.0198282
-0.449302 -0.015625

0.537179 0.546875
0.546788 0.5625

-2.6875 -0.0251625
-2.67188 -0.0234658

-0.453125 -0.0122254
-0.443579 -0.015625

-2.6875 -0.00954506
-2.67188 -0.0038874

0.511024 0.5625
0.515625 0.570699

-2.67188 -0.0209095
-2.65625 -0.0278528

0.560425 0.015625
0.5625 0.0158355

-0.4375 -0.0186867
-0.421875 -0.0221625

0.5625 0.0155984
0.578125 0.0152802

-2.65625 -0.00694465
-2.66688 0

-0.421875 -0.0206699
-0.40625 -0.025581

-2.65625 -0.0217517
-2.64062 -0.0307476

0.578125 0.0148648
0.59375 0.0137201

-2.65625 -0.00088716
-2.65343 -0.015625

0.515625 0.572858
0.526914 0.578125

-2.64062 -0.0272447
-2.625 -0.0309773

-0.390625 -0.0345732
-0.396869 -0.03125

-2.58996 -0.25
-2.57812 -0.237932

0.59375 0.0134715
0.609375 0.0128285

-2.57812 -0.237827
-2.57086 -0.234375

-0.390625 -0.0346497
-0.375 -0.0448662

-2.57067 -0.234375
-2.5625 -0.230751

-0.40625 -0.0259843
-0.396356 -0.03125

0.53068 0.578125
0.53125 0.578237

-2.5625 -0.231403
-2.54688 -0.231726

-2.53125 -0.238244
-2.53934 -0.234375

-0.34375 -0.0659487
-0.350413 -0.0625

-2.54688 -0.231671
-2.5411 -0.234375

0.609375 0.012864
0.625 0.013149

-2.53125 -0.239211
-2.52023 -0.25

0.545281 0.5625
0.531883 0.578125

-0.34375 -0.0643982
-0.328125 -0.0695558

-0.328125 -0.0692166
-0.3125 -0.0734576

-0.359375 -0.0560125
-0.372804 -0.046875

-0.375 -0.0452781
-0.372618 -0.046875

-2.5625 -0.07599
-2.57446 -0.0625

-0.359375 -0.0564939
-0.347858 -0.0625

0.625 0.0132574
0.640625 0.0141825

-2.60938 -0.0346569
-2.62062 -0.03125

0.640625 0.0142289
0.65625 0.0154844

-0.3125 -0.0735429
-0.296875 -0.0773749

0.53125 0.993612
0.525934 1

-0.28125 -0.0805908
-0.293437 -0.078125

0.65625 0.0155042
0.657445 0.015625

0.53125 0.997134
0.534118 1

0.65814 0.015625
0.671875 0.0170144

-0.296875 -0.0773895
-0.29324 -0.078125

0.65625 0.963753
0.65161 0.96875

-0.28125 -0.080644
-0.265625 -0.0829194

0.671875 0.0169637
0.6875 0.0190721

-0.265625 -0.0829647
-0.25 -0.084139

0.6875 0.0191683
0.703125 0.0217272

0.703125 0.0219341
0.71875 0.0243371

0.651961 0.96875
0.65625 0.97273

-2.60938 -0.034174
-2.59375 -0.0429783

0.71875 0.0245377
0.734375 0.0259076

0.65625 0.964197
0.660464 0.96875

0.734375 0.0246993
0.75 0.0268204

-0.25 -0.0839838
-0.234375 -0.0842768

-2.625 -0.0303096
-2.6219 -0.03125

-0.234375 -0.0841847
-0.21875 -0.0840909

0.731048 0.03125
0.734375 0.0315417

0.65625 0.973154
0.660979 0.96875

0.746244 0.03125
0.75 0.0322109

-2.57812 -0.0571693
-2.58939 -0.046875

-0.21875 -0.0841325
-0.203125 -0.0837528

-0.203125 -0.0837808
-0.1875 -0.0829764

-2.59375 -0.0430388
-2.58891 -0.046875

-2.57812 -0.0582247
-2.57428 -0.0625

-0.1875 -0.0829351
-0.171875 -0.0817324

-2.53125 -0.101197
-2.54346 -0.09375

0.75 0.0260297
0.763628 0.03125

0.529254 1
0.53125 1.002

-0.171875 -0.0816779
-0.15625 -0.0802684

0.53125 1.00532
0.537641 1

-2.54688 -0.0920338
-2.562 -0.078125

0.760681 0.03125
0.765625 0.0345535

-2.5625 -0.0774837
-2.56192 -0.078125

-2.54688 -0.0914993
-2.54319 -0.09375

0.760041 0.046875
0.763707 0.0625

0.765625 0.0335028
0.78125 0.0421881

-0.15625 -0.0802619
-0.140625 -0.0787675

0.765625 0.0501633
0.78125 0.0574801

-2.53125 -0.10066
-2.51562 -0.107192

-2.5 -0.11195
-2.50791 -0.109375

-2.51562 -0.106967
-2.50823 -0.109375

0.78125 0.0418401
0.796875 0.0441346

0.78125 0.0504587
0.796456 0.046875

0.796875 0.0441122
0.8125 0.0461672

0.811265 0.046875
0.8125 0.0469619

-0.140625 -0.0788347
-0.134117 -0.078125

-0.13409 -0.078125
-0.125 -0.0771338

-3 0.015452
-2.98438 0.014972

-0.125 -0.0771937
-0.109375 -0.0750205

-0.109375 -0.0749955
-0.09375 -0.0722804

0.765625 0.0643683
0.78125 0.0654519

0.78125 0.0701827
0.788067 0.0625

0.8125 0.0468047
0.812887 0.046875

0.8125 0.0471873
0.828125 0.050027

0.828125 0.0500803
0.84375 0.0515649

-2.98438 0.0224445
-2.99579 0.03125

-2.96875 0.0311516
-2.96913 0.03125

-0.09375 -0.0722101
-0.078125 -0.0691439

-0.078125 -0.0691508
-0.0625 -0.0658602

0.84375 0.0514532
0.859375 0.051698

0.859375 0.0515371
0.875 0.0510872

-2.98438 0.0350321
-2.98927 0.046875

0.875 0.0509043
0.890625 0.0504474

0.890625 0.0503344
0.90625 0.0504622

-0.0625 -0.0659565
-0.0479692 -0.0625

-2.98562 0.046875
-2.98734 0.0625

-2.98438 0.0433389
-2.96909 0.03125

0.90625 0.0505322
0.921875 0.0513305

-2.9813 0.046875
-2.98426 0.0625

-0.048102 -0.0625
-0.046875 -0.0622081

-2.95312 0.030871
-2.9375 0.0274938

0.921875 0.0514537
0.9375 0.052536

-2.96875 0.035716
-2.95417 0.03125

-0.046875 -0.0621749
-0.03125 -0.057969

-2.98545 0.0625
-2.98448 0.078125

0.9375 0.0525908
0.953125 0.053601

2 0.112582
2.01562 0.110633

-0.03125 -0.0579728
-0.015625 -0.0533953

2.03125 0.108453
2.02457 0.109375

-2.98353 0.0625
-2.98279 0.078125

0.953125 0.0535274
0.96875 0.0545029

-2.98354 0.078125
-2.98329 0.09375

-0.015625 -0.0535038
0 -0.0483304

-2.984 0.09375
-2.98098 0.125

-2.9375 0.027715
-2.92188 0.0254431

0.96875 0.0543948
0.984375 0.0556994

-2.92188 0.0254518
-2.90625 0.0238255

2.01562 0.110642
2.02481 0.109375

-2.90625 0.0240159
-2.89062 0.0226371

0.984375 0.0556116
1 0.0576371

-2.89062 0.0231364
-2.875 0.0206255

2.03125 0.108542
2.04688 0.106046

2.04688 0.106218
2.0625 0.102896

-2.97907 0.125
-2.96875 0.142461

2.09375 0.0923393
2.09 0.09375

2.0625 0.102957
2.07812 0.0983439

2.07812 0.098284
2.09019 0.09375

2.09375 0.0916126
2.10938 0.0862052

2.10938 0.0858843
2.125 0.0831487

-3 0.170659
-2.96875 0.1858

-2.96875 0.136111
-2.96617 0.140625

2.125 0.082986
2.14062 0.0838896

2.14062 0.0835599
2.15625 0.0890876

-2.96851 0.140625
-2.9602 0.15625

-2.95931 0.15625
-2.95567 0.171875

-2.95351 0.171875
-2.95658 0.1875

-2.95312 0.170215
-2.95263 0.171875

-2.95312 0.175938
-2.95282 0.171875

-3 0.188624
-2.96875 0.20293

-2.9756 0.21875
-2.96875 0.222052

-2.96875 0.203765
-2.95158 0.1875

-2.96875 0.227831
-2.94952 0.21875

-2.875 0.0208784
-2.85938 0.0157312

-2.85938 0.0148883
-2.84375 0.00828204

-2.85938 0.0157528
-2.85907 0.015625

-2.84375 0.0090362
-2.82812 0.0011484

-2.82812 0.00089579
-2.82534 0

-2.79688 0.00691892
-2.78125 0.000882892

-2.78125 0.00163991
-2.7804 0

-2.9391 0.25
-2.9375 0.252241

-2.90625 0.27582
-2.92648 0.28125

-2.90625 0.299127
-2.91184 0.3125

-2.90625 0.26306
-2.90369 0.265625

-2.90625 0.309166
-2.875 0.308752

-2.90635 0.3125
-2.90625 0.313122

-2.89137 0.3125
-2.88149 0.34375

-2.89245 0.34375
-2.875 0.349502

-2.875 0.308189
-2.87105 0.3125

-2.873 0.3125
-2.86998 0.34375

-2.875 0.35509
-2.86071 0.34375

-1.15625 0.500244
-1.14062 0.502928

-1.14062 0.503906
-1.13538 0.5

-2.75 0.374997
-2.7526 0.375

-2.78125 0.401748
-2.78188 0.40625

-2.78174 0.40625
-2.78125 0.407075

1 0.0575939
1.01562 0.0606022

1.01562 0.0606424
1.02296 0.0625

1.02281 0.0625
1.03125 0.0646369

-0.984375 0.710225
-0.9896 0.71875

-2.78125 0.396898
-2.75 0.378787

1.03125 0.0647031
1.04688 0.0693157

1.04688 0.0693857
1.0625 0.0743471

-0.984375 0.711036
-0.973396 0.71875

1.0625 0.0744728
1.07439 0.078125

-0.989767 0.71875
-0.984375 0.725811

2.15625 0.0893959
2.16651 0.09375

2.15923 0.09375
2.17188 0.099118

2.17188 0.0966149
2.1875 0.102562

2.1875 0.103748
2.20312 0.109004

2.20209 0.109375
2.20312 0.109725

-2.78125 0.407908
-2.75 0.416436

-2.76298 0.4375
-2.75 0.439133

-0.984375 0.725099
-0.973121 0.71875

-2.67188 0.000267473
-2.65625 0.00270928

-2.65625 0.014634
-2.6423 0

-2.65625 0.0164737
-2.64795 0.015625

2.20312 0.109325
2.20363 0.109375

2.20368 0.109375
2.21875 0.11088

-2.625 0.060788
-2.62752 0.0625

-2.62693 0.0625
-2.62984 0.078125

-2.62922 0.078125
-2.625 0.0830593

2.21875 0.109506
2.23438 0.10951

2.23438 0.110014
2.25 0.110202

1.07365 0.078125
1.07812 0.0795001

1.07812 0.0794705
1.09375 0.0834541

1.09375 0.083396
1.10938 0.0864023

1.10938 0.0863431
1.125 0.0886068

-2.625 0.0618461
-2.61867 0.0625

-2.61988 0.0625
-2.60938 0.0686487

-2.625 0.084126
-2.60938 0.0823154

-2.60938 0.0690006
-2.60779 0.078125

0 0.985043
-0.0121674 1

1.125 0.0885211
1.14062 0.090332

-0.0100495 1
0 1.00885

1.14062 0.0902333
1.15625 0.0919604

1.15625 0.0919046
1.17104 0.09375

1.17087 0.09375
1.17188 0.0938758

2.25 0.110226
2.26562 0.109542

1.17188 0.0938798
1.1875 0.0961133

2.28125 0.107975
2.26695 0.109375

-2.60938 0.082262
-2.60685 0.078125

1.1875 0.0961719
1.20312 0.0985239

1.20312 0.0985768
1.21875 0.100824

-2.53125 0.0456283
-2.53208 0.046875

-2.53218 0.046875
-2.53125 0.0534856

1.21875 0.100838
1.23438 0.102848

1.23438 0.102823
1.25 0.104621

2.26562 0.109504
2.26694 0.109375

2.28125 0.10787
2.29688 0.105777

2.29688 0.105536
2.3125 0.103574

2.34375 0.0436401
2.3427 0.046875

2.34358 0.046875
2.34375 0.0473623

1.25 0.104585
1.26562 0.10629

1.26562 0.10627
1.28125 0.107994

1.28125 0.107998
1.29342 0.109375

2.34375 0.0443654
2.35938 0.0346611

2.34375 0.0474283
2.35938 0.060402

1.29333 0.109375
1.29688 0.109776

1.29688 0.109777
1.3125 0.111557

2.35938 0.0358793
2.36892 0.046875

2.37043 0.046875
2.36017 0.0625

1.3125 0.111574
1.32812 0.113316

1.32812 0.113326
1.34375 0.114975

2.3125 0.103423
2.32812 0.102375

2.32812 0.102509
2.34375 0.102406

1.34375 0.114966
1.35938 0.116522

1.35938 0.116504
1.375 0.118021

-2.53125 0.0454413
-2.51562 0.0452

1.375 0.11801
1.39062 0.119545

1.39062 0.119557
1.40625 0.121107

-2.53125 0.0522631
-2.51562 0.051484

-2.51562 0.0437614
-2.51368 0.046875

-2.51562 0.0493392
-2.51521 0.046875

1.40625 0.121141
1.42188 0.122613

1.42188 0.12265
1.4375 0.123902

2.34375 0.10276
2.35938 0.102628

2.35938 0.102912
2.375 0.101476

1.4375 0.123919
1.45312 0.124842

2.40625 0.0925466
2.40263 0.09375

2.375 0.101579
2.39062 0.0980654

2.39062 0.0977724
2.40272 0.09375

-2.75 0.386548
-2.74658 0.390625

1.45312 0.124844
1.45751 0.125

-2.74767 0.390625
-2.74257 0.40625

-2.75 0.424182
-2.7364 0.40625

-2.71875 0.437344
-2.70312 0.437344

-2.75 0.43959
-2.74555 0.4375

-2.71875 0.438531
-2.71775 0.4375

1.4575 0.125
1.46875 0.125401

1.46875 0.125395
1.48438 0.125594

2.40625 0.0921862
2.42188 0.0866673

2.42188 0.0864201
2.4375 0.0818387

1.48438 0.125581
1.5 0.12546

2.4375 0.0817832
2.45312 0.0787445

2.46875 0.0773023
2.46023 0.078125

2.45312 0.0788004
2.46012 0.078125

2.46875 0.0773605
2.48438 0.0771349

2.48438 0.0771874
2.5 0.078014

-2.39062 -0.12508
-2.39848 -0.125

-2.39062 -0.125048
-2.38158 -0.125

-2.5 -0.11202
-2.48438 -0.116191

-2.48438 -0.116178
-2.46875 -0.119419

-2.46875 -0.119387
-2.45312 -0.121789

-2.45312 -0.121766
-2.4375 -0.123437

-2.4375 -0.123409
-2.42188 -0.124453

-2.42188 -0.124422
-2.40625 -0.124958

-2.40625 -0.124926
-2.39896 -0.125

-2.38142 -0.125
-2.375 -0.124966

2.75 -0.129899
2.7481 -0.125

-2.29688 -0.125271
-2.30563 -0.125

-2.29688 -0.125356
-2.28125 -0.125887

-2.28125 -0.12593
-2.26562 -0.126289

-2.26562 -0.126234
-2.25 -0.126447

-2.375 -0.12493
-2.35938 -0.124741

-2.35938 -0.124707
-2.34375 -0.124551

-2.34375 -0.124519
-2.32812 -0.124531

-2.32812 -0.124522
-2.3125 -0.124783

-2.3125 -0.124833
-2.30711 -0.125

2.74828 -0.125
2.75 -0.120351

2.75 -0.128997
2.76562 -0.129044

2.76562 -0.130489
2.76766 -0.125

2.75 -0.120642
2.76562 -0.120874

2.76562 -0.121363
2.767 -0.125

2.79688 -0.0161944
2.79657 -0.015625

2.79688 -0.0162014
2.8125 -0.0247626

2.80404 -0.015625
2.79897 0

2.8125 -0.0217441
2.8251 -0.015625

2.82202 -0.015625
2.82812 -0.0106867

-2.25 -0.126399
-2.23438 -0.126674

-2.23438 -0.126694
-2.21875 -0.127086

2.82812 -0.00648813
2.83181 0

-2.21875 -0.127172
-2.20312 -0.127467

-2.20312 -0.127533
-2.1875 -0.127429

2.98438 -0.0870234
2.97454 -0.078125

2.97977 -0.078125
2.97785 -0.0625

-2.1875 -0.127422
-2.17188 -0.126802

-2.17188 -0.12674
-2.15625 -0.125744

2.98438 -0.0835509
3 -0.0821736

2.98438 -0.0716258
3 -0.0659577

-2.15625 -0.125672
-2.14646 -0.125

2.97144 -0.0625
2.98438 -0.0517581

2.98438 -0.0581032
3 -0.0587361

-2.14703 -0.125
-2.14062 -0.12456

-2.14062 -0.124496
-2.125 -0.123699

2.98438 -0.046757
2.98667 -0.046875

2.5 0.078038
2.50079 0.078125

-2.0625 -0.12539
-2.06846 -0.125

-2.0625 -0.125434
-2.04688 -0.126587

2.5008 0.078125
2.51562 0.0797653

2.51562 0.0797928
2.53125 0.0823252

-2.04688 -0.126601
-2.03125 -0.127738

-2.03125 -0.12776
-2.01562 -0.128809

2.53125 0.082321
2.54688 0.0856103

2.54688 0.085646
2.5625 0.0896294

-2.01562 -0.128844
-2 -0.12969

-2.125 -0.123679
-2.10938 -0.123373

2.5625 0.0896367
2.57648 0.09375

2.57658 0.09375
2.57812 0.0942061

-2.10938 -0.123375
-2.09375 -0.123593

-2.09375 -0.123619
-2.07812 -0.124308

2.57812 0.09424
2.59375 0.0994252

2.59375 0.0994077
2.60938 0.105198

-2.07812 -0.124342
-2.06808 -0.125

2.60938 0.105261
2.6195 0.109375

2.61965 0.109375
2.625 0.111548

2.625 0.11141
2.64062 0.118584

2.64062 0.11861
2.65258 0.125

2.6875 0.0737747
2.68725 0.078125

-2.48438 0.387682
-2.49059 0.390625

-2.49043 0.390625
-2.48829 0.40625

2.71875 0.0606735
2.71655 0.0625

2.71875 0.0596654
2.73438 0.0600853

-2.48438 0.387389
-2.47585 0.390625

-2.47722 0.390625
-2.4803 0.40625

-2.48831 0.40625
-2.48438 0.407683

-2.48438 0.406788
-2.48274 0.40625

2.73438 0.0576289
2.73926 0.0625

2.70312 0.0651182
2.70177 0.078125

2.70176 0.078125
2.70312 0.0796711

2.71426 0.0625
2.715 0.078125

2.71186 0.078125
2.71875 0.0824528

2.73438 0.0758821
2.73115 0.078125

2.71875 0.0789581
2.728 0.078125

2.73793 0.0625
2.73612 0.078125

2.75 0.11903
2.74381 0.125

2.65277 0.125
2.65625 0.126861

2.65625 0.126876
2.67188 0.136515

2.67188 0.137362
2.67748 0.140625

2.67713 0.140625
2.6875 0.146657

2.6875 0.147607
2.70312 0.15214

2.70312 0.152105
2.71875 0.150108

2.73438 0.138652
2.73215 0.140625

2.71875 0.151588
2.73413 0.140625

2.73438 0.136265
2.74453 0.125

2.73438 0.14088
2.7347 0.140625

2.75 0.162606
2.74945 0.171875

2.74781 0.171875
2.75 0.176653

-2.01562 0.72835
-2.02128 0.734375

-2.02785 0.734375
-2.01562 0.744437

-2.01562 0.721665
-2.00526 0.734375

-2.01562 0.738304
-2.01145 0.734375

2.57812 0.475179
2.57263 0.484375

2.57071 0.484375
2.57812 0.496543

2.57812 0.474151
2.59375 0.481774

2.57812 0.493034
2.59375 0.485133

2.59375 0.48172
2.59446 0.484375

2.73438 0.263099
2.72945 0.265625

2.72908 0.265625
2.72603 0.28125

2.73438 0.262734
2.74485 0.265625

2.74259 0.265625
2.74692 0.28125

2.72429 0.28125
2.73438 0.2876

2.73438 0.286662
2.74805 0.28125

2.80598 0
2.8125 0.0111142

2.76562 0.109216
2.76527 0.109375

2.75 0.118013
2.7653 0.109375

2.78125 0.10808
2.77601 0.109375

2.76562 0.110977
2.77539 0.109375

2.78125 0.108648
2.79688 0.103119

2.79688 0.102773
2.8125 0.0941635

2.8125 0.122738
2.81069 0.125

2.8125 0.0133932
2.81908 0.015625

2.81627 0.015625
2.82536 0.03125

2.83147 0
2.83493 0.015625

2.83699 0.015625
2.83972 0.03125

2.82612 0.03125
2.82812 0.0412899

2.83874 0.03125
2.84375 0.0384127

2.82812 0.056091
2.83307 0.046875

2.84375 0.0353906
2.84611 0.046875

2.84591 0.046875
2.84658 0.0625

2.82812 0.0680568
2.82478 0.078125

2.8125 0.0922696
2.82385 0.078125

2.8425 0.0625
2.84375 0.0647788

2.84375 0.0781667
2.83712 0.09375

2.82812 0.102241
2.82532 0.109375

2.8125 0.122373
2.82352 0.109375

2.82812 0.102379
2.83366 0.09375

2.84599 0.0625
2.84382 0.078125

2.84375 0.0781678
2.84377 0.078125

-2 -0.129695
-1.98438 -0.130255

-1.98438 -0.130259
-1.96875 -0.130518

2.85938 0.113851
2.84636 0.125

2.85938 0.115438
2.875 0.118657

2.76562 0.147188
2.75608 0.15625

2.78125 0.139216
2.77741 0.140625

-1.96875 -0.13055
-1.95312 -0.130436

-1.95312 -0.130474
-1.9375 -0.129845

2.76562 0.147147
2.7775 0.140625

2.75 0.170293
2.75322 0.15625

-1.9375 -0.129854
-1.92188 -0.128615

-1.92188 -0.128537
-1.90625 -0.126827

2.75 0.174648
2.76466 0.1875

2.76562 0.182657
2.78125 0.184988

2.79688 0.134493
2.78229 0.140625

2.78125 0.141004
2.78213 0.140625

2.79688 0.135259
2.81034 0.125

-1.90625 -0.126705
-1.89128 -0.125

-1.89133 -0.125
-1.89062 -0.124919

-1.89062 -0.124878
-1.875 -0.123366

2.78125 0.184724
2.79688 0.18464

-1.875 -0.123425
-1.85938 -0.122155

-1.85938 -0.122204
-1.84375 -0.12096

2.79688 0.185992
2.8125 0.181317

2.84375 0.150072
2.84046 0.15625

2.82812 0.169376
2.82506 0.171875

2.8125 0.181097
2.82505 0.171875

-1.84375 -0.120985
-1.82812 -0.119617

-1.82812 -0.119526
-1.8125 -0.118166

2.82812 0.168406
2.83953 0.15625

2.85309 0.125
2.84475 0.140625

2.84375 0.153878
2.84944 0.140625

2.87398 0.125
2.875 0.125741

2.875 0.150708
2.8738 0.15625

2.86823 0.15625
2.875 0.169896

-1.8125 -0.118028
-1.79688 -0.117136

-1.79688 -0.117088
-1.78125 -0.117037

2.87108 0.171875
2.875 0.174768

2.84375 0.205287
2.83506 0.21875

2.83931 0.21875
2.84375 0.228186

2.84375 0.212335
2.85938 0.215089

2.84988 0.21875
2.84728 0.234375

2.85938 0.224503
2.87226 0.234375

2.85938 0.24134
2.86678 0.234375

-1.78125 -0.117047
-1.76562 -0.117911

2.875 0.123529
2.87704 0.125

-1.76562 -0.117985
-1.75 -0.119599

3 0.119772
2.9971 0.125

2.88127 0.125
2.88691 0.140625

2.875 0.15317
2.88007 0.140625

2.89256 0.125
2.89693 0.140625

2.89062 0.149299
2.89736 0.140625

2.875 0.164621
2.88202 0.171875

2.8856 0.171875
2.89062 0.174076

2.89062 0.166142
2.90214 0.171875

2.89063 0.171875
2.90625 0.178885

2.90625 0.140565
2.90626 0.140625

2.90625 0.140999
2.90633 0.140625

2.90625 0.183234
2.92188 0.185017

-1.70312 -0.126036
-1.71143 -0.125

-1.70312 -0.126076
-1.6875 -0.127441

2.92188 0.177391
2.9375 0.17627

2.875 0.237898
2.88826 0.25

-1.6875 -0.127487
-1.67188 -0.128038

-1.67188 -0.1281
-1.65625 -0.127622

2.92188 0.218093
2.92124 0.21875

2.93712 0.1875
2.9375 0.187646

-1.65625 -0.127762
-1.64062 -0.125849

-1.64062 -0.125884
-1.63716 -0.125

2.92188 0.210488
2.9375 0.208801

2.90625 0.226471
2.9375 0.223255

2.95312 0.140614
2.96875 0.140614

2.95312 0.149726
2.96875 0.150491

2.9375 0.171619
2.94502 0.171875

2.9375 0.177429
2.95312 0.182318

2.95312 0.160151
2.95475 0.171875

2.95312 0.18009
2.96515 0.1875

3 0.149878
2.9955 0.15625

3 0.182573
2.99126 0.1875

2.9375 0.193533
2.96641 0.1875

-1.75 -0.119691
-1.73438 -0.121726

-1.73438 -0.121782
-1.71875 -0.123944

2.94142 0.21875
2.95652 0.25

2.96875 0.206517
3 0.189122

-1.71875 -0.124028
-1.71095 -0.125

2.86627 0.25
2.86442 0.265625

2.86564 0.265625
2.86993 0.28125

2.85938 0.294745
2.85903 0.296875

2.85661 0.296875
2.85938 0.310889

2.86363 0.28125
2.86919 0.296875

2.85938 0.305518
2.875 0.309096

2.84375 0.324661
2.83467 0.328125

2.82812 0.330368
2.84375 0.330379

2.85892 0.3125
2.875 0.315774

2.78125 0.40449
2.7787 0.40625

-1.6364 -0.125
-1.625 -0.12209

2.7797 0.40625
2.78125 0.410505

-1.625 -0.121897
-1.60938 -0.115767

-1.60938 -0.115186
-1.59594 -0.109375

-1.59639 -0.109375
-1.59375 -0.108234

-1.59375 -0.108028
-1.57812 -0.102601

2.78125 0.405235
2.78356 0.40625

2.78125 0.411511
2.78398 0.40625

-1.57812 -0.102767
-1.5625 -0.099078

-1.5625 -0.0990432
-1.54688 -0.0968296

-1.54688 -0.0969573
-1.53125 -0.0960331

2.88452 0.25
2.89062 0.253735

2.875 0.28001
2.87613 0.28125

-1.53125 -0.0962691
-1.51562 -0.0959069

-1.51562 -0.0958437
-1.5 -0.0956977

2.89062 0.263535
2.90625 0.257902

2.89062 0.280078
2.90625 0.278532

2.875 0.286691
2.90625 0.294351

2.9375 0.278742
2.93231 0.28125

2.90625 0.289826
2.93319 0.28125

2.9375 0.292276
2.95806 0.25

3 -0.0952712
3.00271 -0.09375

3 -0.0893701
3.0088 -0.0625

3 -0.0515643
3.01032 -0.0625

3.0625 -0.00439758
3.0488 0

-1.65625 0.246425
-1.64062 0.246115

-1.64062 0.246815
-1.63888 0.25

3.125 -0.00373622
3.10676 0

3.25 -0.00310283
3.22379 0

-1.65625 0.258849
-1.64062 0.259221

-1.64062 0.250565
-1.64052 0.25

3.5 -0.00264316
3.4372 0

3.03125 0.029398
3.03031 0.03125

3.03125 0.0387281
3.02707 0.0625

3.03125 0.0219919
3.05793 0

3.03125 0.036052
3.03281 0.03125

3.03086 0.0625
3.02835 0.09375

-1.6875 0.359613
-1.68726 0.359375

3.02682 0.09375
3.0232 0.125

3.0625 0.0162105
3.09945 0

3 0.177633
3.03246 0.125

3 0.194208
3.00587 0.1875

3.125 0.0108527
3.19916 0

3.25 0.0047806
3.36107 0

4 -0.00433325
3.64729 0

-1.5 -0.095539
-1.48438 -0.0960528

-1.48438 -0.0960906
-1.46875 -0.0975059

3.5 0.000334028
3.52719 0

-1.46875 -0.0976537
-1.45312 -0.0995992

-1.45312 -0.0996727
-1.4375 -0.101706

-1.4375 -0.101688
-1.42188 -0.103697

-1.42188 -0.10366
-1.40625 -0.105754

-1.40625 -0.105776
-1.39062 -0.107987

-1.375 -0.11019
-1.38054 -0.109375

-1.39062 -0.108036
-1.38152 -0.109375

-1.26562 -0.127456
-1.28049 -0.125

-1.26562 -0.127544
-1.25 -0.129531

-1.375 -0.110329
-1.35938 -0.112629

-1.35938 -0.11264
-1.34375 -0.114817

-1.34375 -0.114768
-1.32812 -0.116896

-1.32812 -0.116826
-1.3125 -0.119145

-1.3125 -0.119123
-1.29688 -0.121817

-1.29688 -0.121949
-1.28125 -0.124797

-1.28125 -0.124874
-1.28049 -0.125

-1.25 -0.129684
-1.23438 -0.130596

-1.23438 -0.130802
-1.21875 -0.129922

-1.21875 -0.129921
-1.20312 -0.126838

-1.20312 -0.126387
-1.19703 -0.125

-1.14062 -0.126746
-1.15099 -0.125

-1.14062 -0.126994
-1.125 -0.129009

-1.19965 -0.125
-1.1875 -0.122235

-1.1875 -0.121631
-1.17188 -0.120901

-1.17188 -0.121674
-1.15625 -0.123796

-1.15625 -0.124391
-1.15264 -0.125

-1.125 -0.128973
-1.10938 -0.130105

-1.10938 -0.130345
-1.09375 -0.130188

-1.09375 -0.130379
-1.07812 -0.128069

-1.07812 -0.128012
-1.06787 -0.125

-1.06853 -0.125
-1.0625 -0.123228

-1.0625 -0.122697
-1.04688 -0.117389

-1.04688 -0.117023
-1.03125 -0.113037

-1.03125 -0.113275
-1.01562 -0.110867

-1.01562 -0.111386
-1.00226 -0.109375

-1.00208 -0.109375
-1 -0.109061

