-4 -0.00284865
-3.77118 0

-3.61642 0
-3.5 0.00144929

-3.5 -0.00159151
-3.46316 0

-3.25 -0.00216972
-3.23347 0

-3.125 -0.00316729
-3.11372 0

-3.40613 0
-3.25 0.00676923

-3.21778 0
-3.125 0.0130332

-3.10831 0
-3.0625 0.021125

-3.0625 0.0101218
-3.03463 0.03125

-3.0436 0.03125
-3.03125 0.0532833

-3.03125 0.03072
-3.03056 0.03125

-3.03125 0.0519632
-3.02414 0.0625

-3.03966 0.0625
-3.03125 0.0872031

-3.03125 0.0794359
-3.01987 0.09375

-3.02009 0.09375
-3.00619 0.125

-3.01894 0.125
-3 0.155405

-3.00057 0.1875
-3 0.188158

-2.98438 -0.0915842
-2.99313 -0.078125

-2.99205 -0.078125
-2.98438 -0.0752297

-2.98438 -0.0895125
-2.98064 -0.078125

-2.98438 -0.0731303
-2.97813 -0.078125

1.67188 -0.00178989
1.65813 0

1.67188 -0.00178353
1.6875 -0.00381803

-2.98438 -0.0162224
-2.98468 -0.015625

-2.98571 -0.015625
-2.98438 -0.00440036

-2.98438 -0.0202376
-2.96875 -0.0197956

-2.98438 -0.00625963
-2.96875 -0.0102926

-2.96875 -0.0170767
-2.96809 -0.015625

-2.89062 -0.0828962
-2.89855 -0.078125

-2.90254 -0.078125
-2.89205 -0.0625

1.6875 -0.00381971
1.70312 -0.00586364

1.70312 -0.00587764
1.71875 -0.00789966

1.71875 -0.007927
1.73438 -0.00984442

-2.89062 -0.088048
-2.87917 -0.078125

-2.89062 -0.0671659
-2.88517 -0.078125

1.73438 -0.00987771
1.75 -0.0115693

-2.90625 -0.0356499
-2.90855 -0.03125

-2.90647 -0.03125
-2.90634 -0.015625

-2.89062 -0.0475155
-2.89114 -0.046875

-2.90625 -0.0318561
-2.89062 -0.0454051

-2.89062 -0.0501898
-2.88484 -0.046875

-2.88732 -0.046875
-2.875 -0.0390115

-2.90614 -0.015625
-2.89062 -0.000207232

-2.87881 -0.03125
-2.87506 -0.015625

-2.88788 -0.015625
-2.875 -0.00220608

-1 -0.0595282
-0.984375 -0.0582362

-0.984375 -0.0585858
-0.96875 -0.0570217

-0.96875 -0.0565178
-0.953125 -0.0549901

-2.875 -0.0377185
-2.87038 -0.03125

-2.875 -0.0211482
-2.86307 -0.015625

-2.875 -0.0123773
-2.87071 -0.015625

-2.85938 -0.0201024
-2.84375 -0.0237848

-0.953125 -0.055339
-0.9375 -0.0541576

-2.84375 -0.0243196
-2.82812 -0.0260556

-2.82812 -0.0260873
-2.8125 -0.0247437

-2.75 -0.112587
-2.76091 -0.109375

-2.76036 -0.109375
-2.75 -0.10621

-2.8125 -0.0243906
-2.79688 -0.0206102

-0.9375 -0.0545016
-0.921875 -0.0522809

-0.921875 -0.0512344
-0.90625 -0.050116

-2.79688 -0.01979
-2.78125 -0.0159282

0 0.0224542
0.015625 0.0256464

0.015625 0.0256906
0.03125 0.0283572

-2.78199 -0.015625
-2.78125 -0.015441

-2.78125 -0.0157545
-2.7794 -0.015625

-0.918929 -0.046875
-0.90625 -0.0459675

-0.90625 -0.0502724
-0.890625 -0.0522814

-0.90625 -0.0461735
-0.900794 -0.046875

-0.890625 -0.0530345
-0.875 -0.0556155

-0.875 -0.0559099
-0.859375 -0.056723

-0.859375 -0.0566887
-0.84375 -0.0552138

-0.84375 -0.0551136
-0.828125 -0.0516195

-0.828125 -0.0515486
-0.813796 -0.046875

-0.814795 -0.046875
-0.8125 -0.0461264

-2.78125 -0.0153147
-2.76562 -0.0142235

-0.8125 -0.045925
-0.796875 -0.0404237

-0.796875 -0.0407866
-0.78125 -0.0351344

-0.78125 -0.0352894
-0.77141 -0.03125

0.03125 0.0283404
0.046875 0.0304265

0.046875 0.0303773
0.0551893 0.03125

0.0552146 0.03125
0.0625 0.0320147

0.0625 0.0319321
0.078125 0.0333954

0.078125 0.0333004
0.09375 0.0349449

-0.77267 -0.03125
-0.765625 -0.028358

-0.765625 -0.0280117
-0.75 -0.0222536

0.09375 0.0348239
0.109375 0.0370818

-0.75 -0.0223575
-0.734375 -0.0183503

0.109375 0.0369575
0.125 0.0403196

-0.734375 -0.018187
-0.71875 -0.0160497

-0.71875 -0.0160922
-0.703125 -0.0160662

-0.703777 -0.015625
-0.703125 -0.0156239

-0.703125 -0.0163892
-0.6875 -0.0177435

-0.6875 -0.0180392
-0.671875 -0.0195364

-0.671875 -0.0195055
-0.65625 -0.020616

-0.65625 -0.0211373
-0.640625 -0.0227104

1.75 -0.0115939
1.76562 -0.0129438

1.76562 -0.0129462
1.78125 -0.0139004

1.78125 -0.0138764
1.79688 -0.0144782

1.79688 -0.0144348
1.8125 -0.014819

1.8125 -0.0147741
1.82812 -0.0151171

1.82812 -0.015089
1.84375 -0.0155365

1.85938 -0.0161505
1.84616 -0.015625

1.84375 -0.0155359
1.84599 -0.015625

1.85938 -0.0161483
1.875 -0.0169634

1.875 -0.0169672
1.89062 -0.0179744

1.89062 -0.0179389
1.90625 -0.0192015

1.90625 -0.0191654
1.92188 -0.0208267

1.92188 -0.0208605
1.9375 -0.0229253

1.9375 -0.0229964
1.95312 -0.0252546

1.95312 -0.0252844
1.96875 -0.0275342

2 -0.0321204
1.99425 -0.03125

1.96875 -0.0274896
1.98438 -0.0297607

1.98438 -0.0297765
1.9941 -0.03125

1.5 0.0202175
1.51562 0.0185262

1.51562 0.0185194
1.53125 0.0166762

1.54688 0.0147018
1.53954 0.015625

1.53125 0.016669
1.53955 0.015625

1.54688 0.0146888
1.5625 0.0126417

1.5625 0.0126333
1.57812 0.0105492

1.57812 0.0105425
1.59375 0.00845188

1.59375 0.00844783
1.60938 0.00637227

1.60938 0.00637242
1.625 0.0043197

1.625 0.00432413
1.64062 0.00228511

1.64062 0.00228735
1.65625 0.000248705

1.65625 0.000244698
1.65813 0

0.125 0.0403257
0.140625 0.0450286

0.140625 0.0452648
0.145105 0.046875

0 0.990268
0.00885718 1

-0.65625 -0.013018
-0.640625 -0.014292

0.145217 0.046875
0.15625 0.0508407

-2.75 -0.0171852
-2.75819 -0.015625

0.15625 0.0508481
0.171875 0.0569718

-2.76562 -0.0141579
-2.75792 -0.015625

-0.640625 -0.021672
-0.625 -0.024999

0.3125 0.97024
0.301582 0.984375

0.171875 0.0566175
0.184162 0.0625

-0.640625 -0.0130613
-0.631767 -0.015625

0.184889 0.0625
0.1875 0.06375

-2.6875 -0.219593
-2.69105 -0.21875

0.302636 0.984375
0.3125 0.993627

-2.69059 -0.21875
-2.6875 -0.213729

0.3125 0.97216
0.323866 0.984375

-2.6875 -0.219906
-2.68609 -0.21875

0.1875 0.0633539
0.203125 0.0743894

0.3125 0.994839
0.32592 0.984375

0.203125 0.0742086
0.207957 0.078125

0.204796 0.078125
0.21875 0.0889712

0.21875 0.0885954
0.232104 0.09375

0.25 0.0933025
0.241098 0.09375

-2.6875 -0.213347
-2.6865 -0.21875

-0.625 -0.025604
-0.609375 -0.0276113

-2.625 -0.138531
-2.63238 -0.125

-2.75 -0.113105
-2.7482 -0.109375

0.222498 0.09375
0.234375 0.0979993

-0.609375 -0.0271884
-0.59375 -0.0260582

-2.75 -0.105204
-2.74799 -0.109375

-0.59375 -0.0256619
-0.578125 -0.0230325

0.234375 0.0947062
0.25 0.0938461

-0.578125 -0.02279
-0.5625 -0.0199391

0 1.01291
0.0146911 1

-0.5625 -0.0199393
-0.546875 -0.0173512

-0.546875 -0.0174857
-0.535985 -0.015625

-0.535195 -0.015625
-0.53125 -0.0149509

-0.53125 -0.0153157
-0.515625 -0.0112954

0.53125 0.993846
0.525495 1

-0.515625 -0.0118889
-0.5 -0.00440647

-2.75 -0.0180114
-2.73438 -0.02345

0.265625 0.0893098
0.250431 0.09375

0.53125 0.998035
0.533352 1

0.265625 0.0890647
0.28125 0.0809683

-2.73438 -0.024263
-2.71875 -0.0288361

0.65625 0.963519
0.651472 0.96875

-2.6875 -0.0484931
-2.6898 -0.046875

-2.70312 -0.031343
-2.6875 -0.0338659

0.652347 0.96875
0.65625 0.972489

0.65625 0.964523
0.660294 0.96875

0.296875 0.0710481
0.283766 0.078125

0.28125 0.0801455
0.284993 0.078125

-2.71875 -0.0286199
-2.70312 -0.031134

-2.70312 -0.0292476
-2.6875 -0.0311989

0.65625 0.973397
0.661326 0.96875

-2.62953 -0.125
-2.625 -0.11419

-2.67188 -0.0482154
-2.67699 -0.046875

0.296875 0.0711176
0.3125 0.0651742

0.328125 0.0620611
0.326123 0.0625

-2.6875 -0.0355642
-2.67188 -0.0368391

-2.67188 -0.0365466
-2.65625 -0.0382658

0.328125 0.062091
0.34375 0.0604979

0.529681 1
0.53125 1.00168

0.53125 1.00595
0.537636 1

0.34375 0.0604082
0.359375 0.0602418

-2.6875 -0.0298801
-2.67188 -0.0277758

-0.5 -0.00434675
-0.493963 0

-2.67188 -0.0244585
-2.65625 -0.0251145

-2.65625 -0.0379117
-2.64062 -0.0416067

0.359375 0.0600333
0.375 0.0618797

0.3125 0.0651688
0.324672 0.0625

-2.64062 -0.0388279
-2.625 -0.0380193

-2.65625 -0.0232382
-2.64062 -0.0299266

0.373329 0.0625
0.375 0.0626975

-2.64062 -0.0305813
-2.63638 -0.03125

-0.493925 0
-0.484375 0.00817689

-2.625 -0.135023
-2.61462 -0.140625

-2.60938 -0.136196
-2.59375 -0.126082

-2.59375 -0.125152
-2.59344 -0.125

-0.484375 0.00891573
-0.478446 0.015625

-2.51562 -0.126204
-2.5137 -0.125

-2.625 -0.113027
-2.62373 -0.109375

0.375 0.0615148
0.380321 0.0625

-2.621 -0.109375
-2.60938 -0.0990007

-2.59621 -0.125
-2.59375 -0.12323

0.375 0.0627389
0.390625 0.0656319

2 -0.0321691
2.01562 -0.0345499

-0.478943 0.015625
-0.46875 0.028673

-2.60938 -0.0991504
-2.59802 -0.09375

-0.46875 0.0290182
-0.46709 0.03125

-2.59785 -0.09375
-2.59375 -0.0914057

-0.468006 0.03125
-0.454373 0.046875

2.01562 -0.0346962
2.03125 -0.0367299

-2.59375 -0.121382
-2.57812 -0.115389

-2.57812 -0.116392
-2.5625 -0.117706

-2.59375 -0.0908673
-2.57812 -0.0844243

2.03125 -0.0369601
2.04688 -0.0378939

2.04688 -0.0378302
2.0625 -0.037331

0.390625 0.0654858
0.40625 0.0680202

2.0625 -0.0368956
2.07812 -0.0359614

0.40625 0.0678949
0.421875 0.0702779

-2.57812 -0.0841494
-2.5625 -0.0808898

2.07812 -0.0361046
2.09375 -0.03532

-0.45452 0.046875
-0.453125 0.0482696

-0.453125 0.0482429
-0.4375 0.0616274

-0.4375 0.0603661
-0.434503 0.0625

-0.434762 0.0625
-0.421875 0.0718372

2.09375 -0.0358766
2.10938 -0.0338419

-0.421875 0.0719862
-0.41335 0.078125

2.10938 -0.0331457
2.11949 -0.03125

-0.413275 0.078125
-0.40625 0.083138

-0.40625 0.0836581
-0.390625 0.0936395

-0.389868 0.09375
-0.375 0.101716

2.11894 -0.03125
2.125 -0.0301138

0.421875 0.0703066
0.4375 0.0727313

-2.625 -0.0372075
-2.60938 -0.03466

-0.375 0.102368
-0.359375 0.108417

2.17188 -0.0976752
2.16986 -0.09375

-0.359375 0.108393
-0.35362 0.109375

2.17188 -0.0969527
2.1875 -0.100888

-2.60938 -0.0345591
-2.59375 -0.032022

-0.352775 0.109375
-0.34375 0.110914

0.4375 0.0724403
0.453125 0.0754312

-0.34375 0.110662
-0.328125 0.110782

-2.59375 -0.0315851
-2.5915 -0.03125

-0.3125 0.108704
-0.317049 0.109375

-2.58744 -0.03125
-2.57812 -0.0298598

-0.328125 0.111039
-0.316839 0.109375

-2.57812 -0.0295435
-2.5625 -0.0277135

-0.25 0.0572771
-0.256462 0.0625

-2.5625 -0.122877
-2.54688 -0.119152

-0.28125 0.0920028
-0.28331 0.09375

2.17154 -0.09375
2.17188 -0.0920766

-0.3125 0.109081
-0.296875 0.103148

0.453125 0.0751957
0.464451 0.078125

0.461481 0.078125
0.46875 0.0800052

2.17188 -0.0919808
2.1827 -0.078125

0.46875 0.0797811
0.484375 0.0842556

-0.296875 0.103708
-0.283141 0.09375

2.18149 -0.078125
2.1875 -0.0766371

-0.265625 0.0715413
-0.271155 0.078125

0.484375 0.0845358
0.5 0.0883636

-2.54688 -0.110739
-2.53762 -0.109375

2.125 -0.0301192
2.14062 -0.027884

-2.5343 -0.109375
-2.53125 -0.107518

-2.5625 -0.0810445
-2.54688 -0.0812086

-2.54688 -0.0807305
-2.53125 -0.0846023

2.14062 -0.0277771
2.15625 -0.0265682

2.15625 -0.0264207
2.17188 -0.0267469

2.17188 -0.0270487
2.1875 -0.0286014

2.1875 -0.098032
2.19222 -0.09375

-2.53125 -0.119279
-2.51562 -0.113599

2.19535 -0.09375
2.19218 -0.078125

-0.28125 0.0916069
-0.268891 0.078125

0.5 0.0887516
0.515625 0.0905961

-2.51584 -0.109375
-2.51562 -0.108317

2.1875 -0.0758581
2.19215 -0.078125

-2.51562 -0.119287
-2.50894 -0.109375

2.21875 -0.0324191
2.2082 -0.03125

-0.265625 0.0719612
-0.255919 0.0625

0.515625 0.0904328
0.53125 0.0898445

2.1875 -0.0287545
2.20312 -0.0306239

-2.51218 -0.109375
-2.51448 -0.09375

2.20312 -0.0307205
2.2079 -0.03125

0.53125 0.0896266
0.546875 0.0873682

2.21875 -0.0323585
2.23438 -0.0339461

-2.53125 -0.0828212
-2.51716 -0.09375

0.546875 0.0872444
0.5625 0.0839994

-2.51562 -0.093494
-2.51542 -0.09375

-0.25 0.0577273
-0.234375 0.0476569

-2.5625 -0.0279037
-2.54688 -0.0264954

-0.21875 0.0404774
-0.232181 0.046875

-2.54688 -0.0266259
-2.53125 -0.024998

-0.234375 0.048047
-0.231914 0.046875

-2.53125 -0.0246351
-2.51562 -0.0232524

-0.1875 0.0288904
-0.19426 0.03125

-2.51562 -0.0232814
-2.5 -0.0228131

-0.21875 0.0409178
-0.203125 0.0346962

2.23438 -0.0339371
2.25 -0.0355408

0.625 0.0616725
0.620163 0.0625

-2.50082 -0.015625
-2.5 -0.0156004

-0.203125 0.0346099
-0.193499 0.03125

-2.98713 0
-2.98438 0.0121152

-2.98438 0.0214918
-2.99498 0.03125

-2.96875 0.0307478
-2.96944 0.03125

-2.98438 0.0362358
-2.98816 0.046875

2.25 -0.035479
2.26562 -0.0372401

-2.98438 0.0523485
-2.98722 0.0625

2.26562 -0.0373151
2.28125 -0.0392072

0.578125 0.077104
0.575394 0.078125

2.28125 -0.0393815
2.29688 -0.0409062

0.5625 0.0822923
0.578125 0.0781356

-2.96875 0.0323602
-2.97912 0.046875

2.29688 -0.0415598
2.3125 -0.0410614

-2.97903 0.046875
-2.98398 0.0625

2.3125 -0.0424501
2.32812 -0.035844

-0.1875 0.0291211
-0.171875 0.0246774

-2.96875 0.0310713
-2.95312 0.0196297

0.578125 0.0771371
0.59375 0.070742

-2.95312 0.0226636
-2.9375 0.0156608

-0.171875 0.0247736
-0.15625 0.0210007

2.32812 -0.0360179
2.33426 -0.03125

-0.15625 0.0209501
-0.140625 0.0177572

-0.125 0.0152778
-0.12726 0.015625

2.33177 -0.03125
2.34375 -0.0205892

2.34375 -0.0198995
2.34934 -0.015625

0.567446 0.09375
0.578125 0.107395

2.34401 -0.015625
2.35938 -0.00562378

2.35938 -0.00782626
2.375 -0.00581846

-0.140625 0.0177054
-0.127082 0.015625

2.375 -0.00734994
2.39062 -0.00756312

0.576809 0.109375
0.578125 0.110353

-2.96875 0.0319172
-2.9681 0.03125

-0.125 0.0153854
-0.109375 0.0137214

-2.98312 0.0625
-2.98411 0.078125

-0.109375 0.0137302
-0.09375 0.0126168

0.584653 0.09375
0.588476 0.109375

-0.09375 0.0125802
-0.078125 0.0120728

-2.98358 0.078125
-2.98425 0.09375

0.578125 0.113431
0.59375 0.110086

2.39062 -0.00837114
2.40625 -0.00612629

0.59375 0.0701263
0.609375 0.0645427

0.609375 0.0639632
0.617928 0.0625

-0.078125 0.0120296
-0.0625 0.0122878

2.40625 -0.00545716
2.42188 -0.00134322

-0.0625 0.0122456
-0.046875 0.0134404

0.59375 0.111184
0.594906 0.109375

-0.046875 0.0134403
-0.0314548 0.015625

2.42188 -5.94329e-05
2.4375 -0.000360277

-2.98411 0.09375
-2.98751 0.125

2.4375 -1.5633e-05
2.45312 -0.00712137

-2.9375 0.0152295
-2.92188 0.00748749

0.625 0.0618909
0.640625 0.0620862

-2.9375 0.0156942
-2.93736 0.015625

-0.0317999 0.015625
-0.03125 0.0157029

-2.92188 0.00543608
-2.90625 0.00192041

-0.03125 0.0157476
-0.015625 0.0187931

0.640625 0.0624916
0.640723 0.0625

-2.90625 0.0108242
-2.89062 0.0129232

0.640695 0.0625
0.65625 0.0638321

-2.89493 0.015625
-2.89062 0.0163942

2.46875 -0.0182811
2.46438 -0.015625

-2.875 0.000706954
-2.88849 0.015625

2.45312 -0.00838023
2.46505 -0.015625

-2.89062 0.0165823
-2.88823 0.015625

2.5 -0.0312803
2.4999 -0.03125

0.65625 0.0641655
0.671875 0.0651642

2.46875 -0.01864
2.48438 -0.0264726

2.48438 -0.0264626
2.49973 -0.03125

-0.015625 0.0189445
0 0.0223345

0.671875 0.0653583
0.6875 0.0649627

0.703125 0.0624473
0.702768 0.0625

0.703125 0.0624431
0.71875 0.0586562

0.71875 0.0584391
0.734375 0.0541605

0.734375 0.0540165
0.75 0.0499712

0.6875 0.0650265
0.703125 0.0627218

0.703125 0.062605
0.703558 0.0625

-2.9816 0.125
-2.96875 0.142169

-3 0.173415
-2.96875 0.184785

2.4147 0
2.42188 0.00188833

0.765625 0.0465008
0.764027 0.046875

0.75 0.0500224
0.763438 0.046875

0.765625 0.0464911
0.78125 0.0428588

-2.96875 0.143712
-2.96298 0.15625

0.78125 0.0427821
0.796875 0.0391075

2.42188 0.00133944
2.4375 0.00103859

-2.96351 0.15625
-2.95923 0.171875

-2.9551 0.171875
-2.9567 0.1875

-2.95312 0.182543
-2.95293 0.1875

0.796875 0.0390641
0.8125 0.0355872

0.84375 0.029718
0.834991 0.03125

-3 0.189256
-2.96875 0.201867

2.51562 -0.216537
2.50643 -0.203125

2.50606 -0.203125
2.51562 -0.198252

0.8125 0.0355547
0.828125 0.0324274

0.828125 0.0324201
0.834814 0.03125

2.51562 -0.216184
2.5216 -0.203125

0.84375 0.0296632
0.859375 0.0273866

-2.97444 0.21875
-2.96875 0.221372

-2.96875 0.204234
-2.95264 0.1875

0.859375 0.0273523
0.875 0.0256833

-2.96875 0.22724
-2.9499 0.21875

0.875 0.025701
0.890625 0.0246724

-2.875 0.000881396
-2.87466 0

0.890625 0.0247007
0.90625 0.0242207

0.90625 0.0242572
0.921875 0.0241962

2.51562 -0.1973
2.52314 -0.203125

-2.93765 0.25
-2.9375 0.250251

0.921875 0.0242347
0.9375 0.0244426

0.9375 0.0244793
0.953125 0.0248056

-2.90625 0.274593
-2.92371 0.28125

0.953125 0.0248355
0.96875 0.025147

2.51562 -0.0335762
2.50143 -0.03125

0.96875 0.025165
0.984375 0.025366

-2.90625 0.298879
-2.91182 0.3125

2.51562 -0.0333698
2.53125 -0.0346642

2.5 -0.0310455
2.50125 -0.03125

0.984375 0.0253684
1 0.0254181

-2.90625 0.265191
-2.90582 0.265625

-2.90625 0.307558
-2.875 0.309344

-2.89521 0.3125
-2.8786 0.34375

2.53125 -0.0345545
2.54688 -0.0352208

2.54688 -0.0352013
2.5625 -0.0354978

-2.89275 0.34375
-2.875 0.349132

2.5625 -0.0356469
2.57812 -0.0353144

2.57812 -0.0356422
2.59375 -0.0337266

2.59375 -0.0336451
2.60398 -0.03125

-2.875 0.309787
-2.87269 0.3125

2.60221 -0.03125
2.60938 -0.0295726

2.60938 -0.0285673
2.625 -0.0261674

-2.87372 0.3125
-2.87092 0.34375

-2.875 0.355791
-2.86111 0.34375

2.75 -0.144693
2.7478 -0.140625

-2.75 0.374999
-2.75634 0.375

2.74946 -0.140625
2.74765 -0.125

2.64062 -0.0312653
2.64043 -0.03125

-2.78125 0.400948
-2.78216 0.40625

2.64062 -0.0313292
2.65625 -0.031437

-0.12601 0.5625
-0.130057 0.578125

-2.78273 0.40625
-2.78125 0.408955

-0.131343 0.578125
-0.125 0.581233

1 0.0254057
1.01562 0.0253242

1.01562 0.025303
1.03125 0.0251573

1.03125 0.0251369
1.04688 0.02501

-0.123872 0.5625
-0.119444 0.578125

1.04688 0.0249988
1.0625 0.0249537

-2.78125 0.391214
-2.75 0.382217

2.625 -0.0262441
2.64062 -0.027455

2.64062 -0.0306474
2.65625 -0.0286649

-2.78125 0.412105
-2.75 0.416207

-2.76383 0.4375
-2.75 0.438404

1.0625 0.0249546
1.07812 0.0250119

-2.625 0.244534
-2.62759 0.25

-0.125 0.581084
-0.118306 0.578125

2.65625 -0.0333378
2.66094 -0.03125

1.07812 0.0250221
1.09375 0.0251594

-2.60938 0.0458271
-2.59375 0.0390214

1.09375 0.0251725
1.10938 0.0253435

2.65983 -0.03125
2.67188 -0.0191049

2.66257 -0.015625
2.67188 -0.00219516

1.10938 0.0253533
1.125 0.025512

2.67188 -0.0192617
2.67403 -0.015625

-2.60938 0.0479568
-2.59375 0.0538301

0 0.984421
-0.0135798 1

-2.59375 0.0375372
-2.58906 0.046875

1.125 0.0255147
1.14062 0.0256361

2.67188 -0.00699245
2.68273 0

2.74828 -0.125
2.75 -0.121113

-2.59375 0.0550282
-2.58901 0.046875

1.14062 0.0256316
1.15625 0.0257191

-2.625 0.24708
-2.60938 0.240163

-2.60938 0.241206
-2.59866 0.25

2.6875 -0.00170907
2.70312 -0.00315743

-0.00829918 1
0 1.00759

1.15625 0.0257103
1.17188 0.0257906

-2.75 0.381824
-2.74396 0.390625

-2.7494 0.390625
-2.74703 0.40625

1.17188 0.0257821
1.1875 0.0258897

1.1875 0.0258859
1.20312 0.0260451

2.71875 -0.0222738
2.7065 -0.015625

1.20312 0.0260479
1.21875 0.0262605

-2.75 0.419643
-2.74144 0.40625

2.70312 -0.00316567
2.71875 -0.00280801

-2.71875 0.437354
-2.70312 0.437354

-2.75 0.439582
-2.74705 0.4375

1.21875 0.0262688
1.23438 0.0265125

1.23438 0.0265228
1.25 0.0267604

-2.71875 0.437633
-2.71862 0.4375

-2.625 0.252436
-2.61514 0.265625

-2.61268 0.265625
-2.60938 0.266631

2.71875 -0.0265877
2.72765 -0.015625

-2.59727 0.25
-2.60344 0.265625

1.25 0.026769
1.26562 0.0269625

1.26562 0.026967
1.28125 0.0270901

2.71875 -0.00403254
2.7315 0

-2.60938 0.267705
-2.60412 0.265625

1.28125 0.0270899
1.29688 0.0271341

1.29688 0.0271304
1.3125 0.0271036

2.73438 -0.0010883
2.74038 0

1.3125 0.0270987
1.32812 0.027018

1.32812 0.0270142
1.34375 0.0268972

2.75 -0.144765
2.76562 -0.155876

2.75 -0.13696
2.75128 -0.140625

2.76562 -0.153954
2.78125 -0.143953

2.78125 -0.142637
2.78286 -0.140625

1.34375 0.0268965
1.35938 0.0267522

1.35938 0.0267557
1.375 0.0265784

-2.5 -0.0228453
-2.48438 -0.0231737

1.375 0.026586
1.39062 0.0263536

1.39062 0.0263642
1.40625 0.0260402

-2.5 -0.0155857
-2.49813 -0.015625

-2.48438 -0.0232363
-2.46875 -0.0241702

1.40625 0.0260516
1.42188 0.0255919

1.42188 0.0256018
1.4375 0.0249636

2.78266 -0.140625
2.78997 -0.125

1.4375 0.02497
1.45312 0.024121

1.45312 0.0241229
1.46875 0.0230466

1.46875 0.0230439
1.48438 0.0217417

-2.4375 -0.0351614
-2.44335 -0.03125

1.48438 0.0217356
1.5 0.0202251

2.75 -0.12044
2.75636 -0.109375

2.75529 -0.109375
2.76562 -0.100052

-2.46875 -0.0233762
-2.45312 -0.0263736

-2.45312 -0.0248893
-2.44191 -0.03125

2.76562 -0.0961474
2.78125 -0.0996152

2.79044 -0.125
2.78689 -0.109375

2.78125 -0.100245
2.78845 -0.109375

-2.40625 -0.0831084
-2.4118 -0.078125

2.98438 -0.0874396
2.97239 -0.078125

2.97569 -0.078125
2.97891 -0.0625

-2.42188 -0.0638699
-2.4105 -0.078125

-2.40625 -0.0828049
-2.39062 -0.0905862

-2.39062 -0.0891179
-2.375 -0.0896511

2.98438 -0.0840773
3 -0.0815648

2.99805 -0.078125
2.98505 -0.0625

-2.42188 -0.0603087
-2.4293 -0.046875

-2.4375 -0.0341498
-2.42698 -0.046875

-2.42188 -0.0607808
-2.42097 -0.0625

2.97617 -0.0625
2.98438 -0.0566448

2.98438 -0.0590995
3 -0.05786

-2.375 -0.0888554
-2.35938 -0.0866685

-2.35938 -0.0865026
-2.34375 -0.0835188

-2.34375 -0.0834913
-2.32812 -0.0800973

-2.32812 -0.08013
-2.31971 -0.078125

-2.32012 -0.078125
-2.3125 -0.0763104

2.71663 0
2.71875 0.000251844

-2.3125 -0.0761795
-2.29688 -0.0725162

-2.29688 -0.0725165
-2.28125 -0.0692756

2.71875 0.000904539
2.73438 0.00454304

2.73438 0.00388097
2.75 0.00515172

-2.28125 -0.0692973
-2.26562 -0.0664348

-2.26562 -0.0664519
-2.25 -0.0638904

2.75 0.00389683
2.76562 0.00334285

2.76562 0.00335026
2.78125 0.00326484

2.78125 0.00299755
2.79688 0.00390043

2.79688 0.00371146
2.8125 0.00651513

2.8125 0.00651513
2.82812 0.0115975

2.82812 0.0118153
2.83652 0.015625

2.83693 0.015625
2.84375 0.018722

2.84375 0.0192478
2.85938 0.0272437

2.85938 0.0275138
2.86684 0.03125

2.86745 0.03125
2.875 0.0350276

-2.25 -0.0639119
-2.24055 -0.0625

2.875 0.0357435
2.89062 0.0420085

2.89062 0.0407113
2.90622 0.046875

2.90602 0.046875
2.90625 0.0469665

2.90625 0.0492056
2.92188 0.0532496

2.92188 0.0521345
2.9375 0.0516413

-2.24059 -0.0625
-2.23438 -0.0615726

-2.23438 -0.0615504
-2.21875 -0.0594587

2.9375 0.0448565
2.94344 0.046875

2.941 0.046875
2.95312 0.0563507

2.95198 0.0625
2.95312 0.0644919

2.95312 0.066379
2.95797 0.078125

2.95943 0.078125
2.96524 0.09375

2.96543 0.09375
2.96755 0.109375

2.96663 0.109375
2.96555 0.125

2.96875 0.116036
2.97044 0.125

-2.21875 -0.0594636
-2.20312 -0.0576554

-2.20312 -0.057679
-2.1875 -0.0560972

2.90625 0.228662
2.90467 0.234375

-2.1875 -0.0561272
-2.17188 -0.0546648

-2.17188 -0.054689
-2.15625 -0.0532372

2.90492 0.234375
2.89963 0.25

2.90625 0.202293
2.92188 0.191117

2.91555 0.203125
2.90628 0.21875

2.92188 0.193805
2.9375 0.201215

-2.15625 -0.0532318
-2.14062 -0.0517532

-2.14062 -0.0517058
-2.125 -0.0503062

2.90625 0.222278
2.91474 0.21875

-2.125 -0.0502599
-2.10938 -0.0491265

-2.10938 -0.0491476
-2.09375 -0.048331

2.96579 0.125
2.96291 0.140625

2.96315 0.140625
2.95748 0.15625

2.95312 0.161462
2.95198 0.171875

2.95229 0.171875
2.95312 0.175153

2.95312 0.167191
2.9543 0.15625

2.95312 0.173205
2.9615 0.1875

2.96875 0.146984
2.97119 0.15625

2.96875 0.185755
2.99081 0.1875

2.9375 0.214112
2.9404 0.1875

2.94608 0.21875
2.95412 0.25

2.96875 0.202858
3 0.191295

-2.09375 -0.0484002
-2.07812 -0.04772

2.85938 0.2964
2.85904 0.296875

2.85868 0.296875
2.85938 0.304899

2.875 0.289692
2.86526 0.296875

2.85938 0.303768
2.875 0.309038

2.84375 0.327245
2.83066 0.328125

-2.07812 -0.0477313
-2.0625 -0.0470263

-2.0625 -0.0469658
-2.06008 -0.046875

-2.06077 -0.046875
-2.04688 -0.0463533

-2.04688 -0.046287
-2.03125 -0.0461242

2.82812 0.329549
2.84375 0.329549

2.87242 0.3125
2.875 0.313134

-2.03125 -0.0461395
-2.01562 -0.046509

-2 -0.0473145
-2.00909 -0.046875

-2.01562 -0.0465786
-2.0095 -0.046875

2.78125 0.39465
2.78087 0.40625

2.78117 0.40625
2.78125 0.406311

2.78125 0.398149
2.78317 0.40625

2.78125 0.406608
2.78414 0.40625

2.89062 0.260242
2.88764 0.265625

2.88676 0.265625
2.88433 0.28125

2.90058 0.25
2.8931 0.265625

2.89062 0.269562
2.8939 0.28125

2.87673 0.28125
2.90625 0.294516

2.90625 0.280298
2.9247 0.28125

2.90625 0.286651
2.9375 0.282084

-2.32814 0.296875
-2.32874 0.3125

-2.3125 0.296827
-2.31356 0.296875

2.9375 0.287309
2.96048 0.25

3 -0.0953143
3.00264 -0.09375

3.00019 -0.09375
3.00753 -0.0625

3 -0.0529653
3.01082 -0.0625

3.0625 -0.00391514
3.05038 0

-2.32812 0.311881
-2.31596 0.296875

-2.3287 0.3125
-2.32812 0.313125

-2.32812 0.312814
-2.3125 0.313699

-2.3125 0.296814
-2.31242 0.296875

3.125 -0.00352576
3.10812 0

3.25 -0.00290637
3.22599 0

-2.31161 0.296875
-2.31083 0.3125

-2.3125 0.31444
-2.31038 0.3125

3.5 -0.00252871
3.44078 0

3.03125 0.0311058
3.03118 0.03125

3.03125 0.0412594
3.02713 0.0625

3.03125 0.0231706
3.05946 0

3.03125 0.0372438
3.03335 0.03125

3.03061 0.0625
3.02855 0.09375

3.02819 0.09375
3.02416 0.125

3.0625 0.016763
3.09995 0

3 0.176015
3.03155 0.125

3 0.194103
3.00555 0.1875

3.125 0.0112083
3.20105 0

3.25 0.00501558
3.36505 0

4 -0.00434666
3.65212 0

3.5 0.000442441
3.53541 0

-2.01562 0.728294
-2.02127 0.734375

-2.02775 0.734375
-2.01562 0.744423

-2.01562 0.721697
-2.00523 0.734375

-2.01562 0.738379
-2.01133 0.734375

-2 -0.0473836
-1.98438 -0.0482873

-1.98438 -0.048328
-1.96875 -0.0491762

-1.96875 -0.0492029
-1.95312 -0.0498609

-1.95312 -0.0499241
-1.9375 -0.0502124

-1.9375 -0.0503725
-1.92188 -0.0498444

-1.92188 -0.0502591
-1.90625 -0.0477649

-1.90625 -0.0479753
-1.90326 -0.046875

-1.9032 -0.046875
-1.89062 -0.042252

-1.89062 -0.040895
-1.875 -0.0341508

-1.875 -0.0332464
-1.8651 -0.03125

-1.84375 -0.031737
-1.85065 -0.03125

-1.86561 -0.03125
-1.85938 -0.0299927

-1.85938 -0.0307055
-1.85165 -0.03125

-1.84375 -0.0323398
-1.82812 -0.0353316

-1.82812 -0.035517
-1.8125 -0.0388962

-1.8125 -0.0389039
-1.79688 -0.0422841

-1.79688 -0.0423016
-1.78125 -0.0456321

-1.76562 -0.0487284
-1.77543 -0.046875

-1.78125 -0.0457841
-1.77548 -0.046875

-1.76562 -0.0487437
-1.75 -0.0510054

-1.75 -0.050913
-1.73438 -0.0526441

-1.73438 -0.0524436
-1.71875 -0.0542297

-1.71875 -0.0542053
-1.70312 -0.056496

-1.70312 -0.0566722
-1.6875 -0.0591638

-1.65625 -0.0630801
-1.66093 -0.0625

-1.65625 -0.0631192
-1.64062 -0.0652978

-1.64062 -0.065535
-1.625 -0.0673864

-1.6875 -0.0592875
-1.67188 -0.0613802

-1.67188 -0.0611315
-1.66084 -0.0625

-1.625 -0.067426
-1.60938 -0.0683966

-1.60938 -0.0683261
-1.59375 -0.0684779

-1.59375 -0.0683677
-1.57812 -0.0680621

-1.57812 -0.0679744
-1.5625 -0.0676074

-1.5625 -0.0676261
-1.54688 -0.0673355

-1.54688 -0.0675153
-1.53125 -0.0669041

-1.53125 -0.0673457
-1.51562 -0.0651714

-1.51562 -0.0653262
-1.50621 -0.0625

-1.50715 -0.0625
-1.5 -0.0603549

-1.54688 0.484613
-1.54664 0.484375

-1.5 -0.0596804
-1.48438 -0.0540788

-1.48438 -0.0538259
-1.46875 -0.049571

-1.47091 -0.046875
-1.46875 -0.0462873

-1.46875 -0.00853254
-1.48169 0

-1.46875 -0.0493177
-1.45312 -0.0474444

-1.45335 -0.046875
-1.45312 -0.0468487

-1.45312 -0.0487947
-1.4375 -0.0470733

-1.46875 -0.00722495
-1.4614 0

-1.43614 -0.046875
-1.42188 -0.0426321

-1.42188 -0.0429653
-1.40625 -0.0343141

-1.40625 -0.0345112
-1.40159 -0.03125

-1.40432 -0.03125
-1.39062 -0.0218919

-1.39062 -0.0210392
-1.3793 -0.015625

-1.37953 -0.015625
-1.375 -0.0135301

-1.375 -0.0141687
-1.35938 -0.0112179

-1.35938 -0.0118259
-1.34375 -0.0109374

-1.34375 -0.0109116
-1.32812 -0.0109209

-1.32812 -0.0108521
-1.3125 -0.0119485

-1.3125 -0.0119854
-1.29688 -0.0142327

-1.28125 -0.0175389
-1.28978 -0.015625

-1.29688 -0.0142942
-1.29094 -0.015625

-1.28125 -0.0178996
-1.26562 -0.0223345

-1.26562 -0.0225639
-1.25 -0.0269657

-1.21875 -0.033584
-1.2303 -0.03125

-1.25 -0.0270973
-1.23438 -0.030744

-1.23438 -0.0306622
-1.23147 -0.03125

-1.21875 -0.0337025
-1.20312 -0.0367644

-1.20312 -0.0367553
-1.1875 -0.039609

-1.1875 -0.0396057
-1.17188 -0.0422758

-1.17188 -0.0423057
-1.15625 -0.0447391

-1.15625 -0.0447371
-1.14065 -0.046875

-1.125 -0.0488433
-1.1398 -0.046875

-1.14062 -0.0467701
-1.13984 -0.046875

-1.125 -0.048819
-1.10938 -0.0511097

-1.10938 -0.0510857
-1.09375 -0.0536859

-1.09375 -0.0536771
-1.07812 -0.0566521

-1.07812 -0.0569252
-1.0625 -0.0597467

-1.0625 -0.0599658
-1.04688 -0.0616494

-1.04688 -0.0615182
-1.03125 -0.0618882

-1.03125 -0.0618765
-1.01562 -0.0612189

-1.01562 -0.0610543
-1 -0.0597215

-1.47912 0
-1.46875 0.010594

-1.46875 0.013143
-1.46012 0

