-4 -0.00401464
-3.71902 0

-3.58706 0
-3.5 0.00124389

-3.5 -0.0016581
-3.46538 0

-3.25 -0.0017509
-3.23765 0

-3.125 -0.00269913
-3.11571 0

-3 -0.0644464
-3.00167 -0.0625

-3.0625 -0.000585717
-3.06127 0

-3 -0.0351502
-3.0014 -0.03125

-3.03125 -0.000849747
-3.02839 0

-3.4118 0
-3.25 0.00776707

-3.22344 0
-3.125 0.0148617

-3.10972 0
-3.0625 0.0233143

-3.0625 0.0105548
-3.03671 0.03125

-3.04802 0.03125
-3.03125 0.0611654

-3.03125 0.0311249
-3.03117 0.03125

-3.03125 0.0577129
-3.02976 0.0625

-3.04131 0.0625
-3.03125 0.0898878

-3.03131 0.09375
-3.03125 0.0939044

-3.03125 0.0817892
-3.0253 0.09375

-3.02907 0.09375
-3.00335 0.125

-3.02047 0.125
-3 0.152971

1.5 -0.194104
1.51562 -0.196977

1.51562 -0.197036
1.53125 -0.199899

1.53125 -0.199946
1.54688 -0.202587

1.5625 -0.204908
1.55048 -0.203125

1.54688 -0.202591
1.55048 -0.203125

1.5625 -0.204887
1.57812 -0.206914

1.57812 -0.206867
1.59375 -0.20874

1.59375 -0.208685
1.60938 -0.210608

1.60938 -0.210613
1.625 -0.212686

1.625 -0.212726
1.64062 -0.214861

1.64062 -0.214859
1.65625 -0.216979

1.67188 -0.219029
1.6698 -0.21875

1.67188 -0.219136
1.6875 -0.221115

1.65625 -0.216993
1.6693 -0.21875

1.6875 -0.221136
1.70312 -0.222851

1.70312 -0.222849
1.71875 -0.224261

1.71875 -0.224273
1.73438 -0.225365

1.73438 -0.225402
1.75 -0.226075

-3 -0.0633426
-2.98438 -0.0626232

-2.98438 -0.0549582
-2.9904 -0.046875

1.75 -0.226116
1.76562 -0.226214

1.76562 -0.226202
1.78125 -0.225667

1.78125 -0.225701
1.79688 -0.22449

1.79688 -0.224459
1.8125 -0.222563

1.8125 -0.222358
1.82812 -0.220251

-2.98438 -0.0330199
-2.98766 -0.03125

-2.98438 -0.0484651
-2.98316 -0.046875

-2.98438 -0.0421664
-2.9798 -0.03125

-2.99387 -0.03125
-2.98438 -0.0171473

-3 -0.0150319
-2.98438 -0.0150317

-2.98438 -0.0311442
-2.98434 -0.03125

1.82812 -0.219942
1.84252 -0.21875

1.8427 -0.21875
1.84375 -0.218663

1.84375 -0.218889
1.84984 -0.21875

1.85938 -0.218959
1.86399 -0.21875

1.8504 -0.21875
1.85938 -0.218545

1.86325 -0.21875
1.875 -0.218218

1.875 -0.218133
1.89062 -0.216475

1.89062 -0.216548
1.90625 -0.213981

1.90625 -0.213793
1.92188 -0.210547

1.92188 -0.210388
1.9375 -0.207156

1.9375 -0.20716
1.95312 -0.204251

1.95312 -0.204611
1.96091 -0.203125

-3 0.0451836
-2.98438 0.0451836

-3 0.0494832
-2.98438 0.0494832

1.95933 -0.203125
1.96875 -0.201327

1.96875 -0.201831
1.98438 -0.197654

1.98438 -0.196559
2 -0.192639

-3 0.102347
-2.9717 0.125

-2.98655 0.125
-2.97388 0.15625

-1 0.105318
-0.984375 0.103556

-0.984375 0.103508
-0.96875 0.100963

-0.96875 0.100843
-0.953125 0.0978518

-0.953125 0.0977477
-0.9375 0.0947586

-0.921875 0.0920378
-0.931798 0.09375

-0.921875 0.0920644
-0.90625 0.0896574

-0.9375 0.0946873
-0.932068 0.09375

-0.90625 0.0896819
-0.890625 0.0874283

-0.890625 0.0874352
-0.875 0.085272

-0.875 0.0852686
-0.859375 0.083189

-3 0.166083
-2.98127 0.1875

-2.96875 0.145544
-2.95312 0.156135

-2.95312 0.155695
-2.95278 0.15625

-2.96209 0.15625
-2.9659 0.171875

-0.859375 0.0831931
-0.84375 0.0811957

0.4375 -0.00571217
0.423217 0

-2.95312 0.176454
-2.96711 0.1875

-2.95312 0.163128
-2.94844 0.171875

-2.95131 0.171875
-2.9375 0.187228

-3 0.187653
-2.96875 0.197332

0.4375 -0.00558293
0.453125 -0.0119844

0.46875 -0.018702
0.461268 -0.015625

0.453125 -0.0120717
0.461765 -0.015625

-0.84375 0.0812139
-0.828125 0.0792542

-0.8125 0.0772956
-0.819056 0.078125

-0.828125 0.0792567
-0.81918 0.078125

-0.8125 0.0773111
-0.796875 0.0752498

-0.796875 0.0752623
-0.78125 0.0730426

-0.78125 0.0730478
-0.765625 0.0706345

-0.765625 0.0706353
-0.75 0.0680163

0 0.985476
0.012616 1

-0.71875 0.0622207
-0.720244 0.0625

-0.71875 0.0622156
-0.703125 0.0593052

-0.703125 0.0592965
-0.6875 0.0564201

-0.75 0.0680149
-0.734375 0.0651916

-0.734375 0.0651396
-0.720257 0.0625

-0.6875 0.056407
-0.671875 0.0536083

-0.671875 0.0535895
-0.65625 0.0509322

-0.65625 0.0509141
-0.640625 0.0484721

-0.625 0.0463088
-0.629113 0.046875

0.3125 0.972374
0.302946 0.984375

0.301303 0.984375
0.3125 0.995528

0.3125 0.968721
0.312615 0.96875

0.3125 0.971252
0.325564 0.984375

0.3125 0.993898
0.324456 0.984375

0.46875 -0.0185489
0.484375 -0.0247209

0.484375 -0.0247414
0.5 -0.0307053

0 1.00909
0.0104766 1

0.53125 0.994203
0.526027 1

0.53125 0.996335
0.534639 1

0.65625 0.963851
0.651674 0.96875

0.651923 0.96875
0.65625 0.972829

0.65625 0.964184
0.660547 0.96875

0.65625 0.973139
0.660939 0.96875

0.527995 1
0.53125 1.00302

0.53125 1.005
0.536773 1

-0.640625 0.0484497
-0.629187 0.046875

-0.625 0.0463207
-0.609375 0.044461

-0.609375 0.0444802
-0.59375 0.0428345

-0.59375 0.0428528
-0.578125 0.0413461

0 0.0310394
0.015625 0.0309242

0.015625 0.0309829
0.0309462 0.03125

-0.578125 0.041359
-0.5625 0.0399289

-0.5625 0.0399354
-0.546875 0.0385432

0.0306311 0.03125
0.03125 0.0312608

-2.95286 0.1875
-2.9375 0.191312

-2.94223 0.21875
-2.9375 0.22077

-2.9375 0.187317
-2.93738 0.1875

-2.9375 0.197607
-2.92832 0.203125

-2.93004 0.203125
-2.92188 0.205642

-2.92188 0.200422
-2.90625 0.198208

-2.90625 0.198247
-2.89062 0.197215

-2.89062 0.19763
-2.875 0.196873

-2.875 0.196632
-2.85938 0.195801

-2.85938 0.195928
-2.84375 0.195252

-2.84375 0.195155
-2.82812 0.194571

-2.82812 0.194532
-2.8125 0.194311

-2.8125 0.194128
-2.79688 0.194715

-2.79688 0.194244
-2.78125 0.196945

-2.78125 0.196854
-2.76562 0.20279

-2.76597 0.203125
-2.76562 0.203257

-2.76562 0.2029
-2.76507 0.203125

-2.76562 0.204283
-2.75 0.210658

-2.90625 0.277917
-2.91062 0.28125

-2.90625 0.289037
-2.91174 0.3125

-2.90625 0.274103
-2.90389 0.28125

-2.90625 0.299243
-2.875 0.303589

-2.90625 0.318804
-2.875 0.321829

2 -0.19192
2.01562 -0.191885

2.01562 -0.192912
2.03125 -0.196145

0.03125 0.0312589
0.046875 0.0317945

0.046875 0.0317978
0.0625 0.0325829

-2.875 0.304052
-2.87116 0.3125

0.0625 0.0325965
0.078125 0.0335971

0.078125 0.0336231
0.09375 0.03476

-0.546875 0.0385442
-0.53125 0.0371752

2.03125 -0.196864
2.04688 -0.199873

2.04688 -0.199812
2.0625 -0.201279

2.0625 -0.201089
2.07812 -0.201519

2.07812 -0.201434
2.09375 -0.201378

2.09375 -0.201307
2.10938 -0.201076

-0.53125 0.0371721
-0.515625 0.0358304

-2.875 0.326824
-2.8702 0.3125

0.09375 0.0347895
0.109375 0.0359514

2.10938 -0.201021
2.125 -0.200866

-0.515625 0.035824
-0.5 0.0345285

0.109375 0.0359602
0.125 0.0370705

-2.875 0.352544
-2.86373 0.34375

0.125 0.0370399
0.140625 0.0381422

0.140625 0.0380938
0.15625 0.0393462

2.125 -0.200839
2.14062 -0.20092

0.15625 0.0393409
0.171875 0.0408508

0.171875 0.040927
0.1875 0.0425529

2.14062 -0.200935
2.15625 -0.201276

2.15625 -0.201307
2.17188 -0.201815

2.17188 -0.20182
2.1875 -0.202423

2.20312 -0.203154
2.20251 -0.203125

2.1875 -0.2024
2.20291 -0.203125

-0.5 0.0345182
-0.484375 0.0333021

-0.484375 0.0332889
-0.46875 0.0321994

2.21875 -0.204071
2.2033 -0.203125

2.20312 -0.203113
2.20332 -0.203125

0.1875 0.0426612
0.203125 0.0440342

2.21875 -0.204037
2.23438 -0.205326

-0.4375 0.0305814
-0.452647 0.03125

0.203125 0.0440866
0.21875 0.0448855

-0.46875 0.0321856
-0.453125 0.0312766

-2.78125 0.371334
-2.78654 0.375

2.23438 -0.205293
2.25 -0.207048

-0.453125 0.0312723
-0.452619 0.03125

0.21875 0.0448829
0.234375 0.045008

-0.4375 0.0305837
-0.421875 0.0301199

0.234375 0.0450125
0.25 0.0444603

-0.421875 0.030126
-0.40625 0.0298716

-0.40625 0.0298813
-0.390625 0.0298047

-0.390625 0.0298149
-0.375 0.0298763

-2.78125 0.374176
-2.77028 0.375

-0.375 0.0298819
-0.359375 0.03005

-2.78252 0.375
-2.78942 0.40625

-0.359375 0.030047
-0.34375 0.0303167

2.25 -0.207054
2.26562 -0.209329

-0.34375 0.0303069
-0.328125 0.0307039

-0.328125 0.0307016
-0.312501 0.03125

2.26562 -0.209372
2.28125 -0.212071

-2.79154 0.40625
-2.78125 0.418841

2.28125 -0.212153
2.29688 -0.215029

-2.77937 0.375
-2.75 0.394324

-0.312667 0.03125
-0.3125 0.0312559

-2.78125 0.417322
-2.75 0.411674

-0.3125 0.0312658
-0.296875 0.0319387

-0.296875 0.0319669
-0.28125 0.0326763

-0.28125 0.0326996
-0.265625 0.0333426

2.29688 -0.215135
2.3125 -0.217815

0.25 0.044483
0.265625 0.0431987

2.32812 -0.220063
2.31895 -0.21875

0.265625 0.0432124
0.28125 0.0411231

2.32812 -0.22011
2.34375 -0.221786

0.28125 0.0411109
0.296875 0.0382133

0.296875 0.0381494
0.3125 0.0345955

0.328125 0.0305707
0.325401 0.03125

0.328125 0.0306448
0.34375 0.0265146

0.3125 0.0345096
0.325572 0.03125

0.34375 0.0265744
0.359375 0.0220134

-0.265625 0.0333402
-0.25 0.0338749

2.3125 -0.217846
2.31881 -0.21875

2.34375 -0.221792
2.35938 -0.222815

-2.75 0.211057
-2.73438 0.214089

2.35938 -0.222755
2.375 -0.223232

-2.73438 0.213108
-2.71875 0.213953

-0.25 0.0338491
-0.234375 0.0343319

0.359375 0.0219203
0.375 0.0169951

-0.234375 0.0343104
-0.21875 0.0348358

-2.71875 0.213537
-2.70312 0.214989

0.390625 0.0119324
0.379133 0.015625

-0.21875 0.0348413
-0.203125 0.0354414

0.375 0.0169555
0.379141 0.015625

2.375 -0.223188
2.39062 -0.223324

0.390625 0.0120985
0.40625 0.00673379

2.39062 -0.223321
2.40625 -0.22321

0.40625 0.00671206
0.421875 0.000715814

2.40625 -0.223128
2.42188 -0.222938

-2.70312 0.214857
-2.6875 0.218013

-0.203125 0.0354607
-0.1875 0.0360855

-2.6875 0.218225
-2.68569 0.21875

0.421875 0.00065628
0.423516 0

-2.68601 0.21875
-2.67188 0.222855

-0.1875 0.0360883
-0.171875 0.0366937

2.42188 -0.222887
2.4375 -0.222885

-2.67188 0.223092
-2.65625 0.227932

2.4375 -0.222957
2.45312 -0.2231

2.45312 -0.223303
2.46875 -0.223039

-0.171875 0.0366775
-0.15625 0.0372905

-0.15625 0.0372858
-0.140625 0.037948

-0.140625 0.0379832
-0.125 0.0386336

2.46875 -0.223267
2.48438 -0.221735

0.515625 -0.0362891
0.50115 -0.03125

0.515625 -0.0361487
0.53125 -0.041056

0.5 -0.0307659
0.501391 -0.03125

-0.125 0.0387018
-0.109375 0.0391337

-0.109375 0.0392054
-0.09375 0.0391388

2.48438 -0.221932
2.4991 -0.21875

2.49546 -0.21875
2.5 -0.217768

-2.65625 0.228174
-2.64062 0.232334

-2.64062 0.232337
-2.62985 0.234375

0.53125 -0.0410801
0.546875 -0.0456743

0.5625 -0.0498227
0.551102 -0.046875

0.546875 -0.0457407
0.551261 -0.046875

-2.63016 0.234375
-2.625 0.23535

0.5625 -0.0497299
0.578125 -0.0531885

0.578125 -0.0531812
0.59375 -0.0562348

-0.09375 0.0391776
-0.078125 0.0383916

-0.078125 0.0383333
-0.0625 0.0368669

-2.54688 0.0294964
-2.53125 0.0192817

-2.54688 0.0343552
-2.53125 0.0448208

-2.53125 0.0168566
-2.52085 0.03125

-2.53125 0.044294
-2.52214 0.03125

-0.0625 0.0367435
-0.046875 0.0349598

-2.625 0.23531
-2.60938 0.237018

-0.046875 0.0348853
-0.03125 0.0331798

-2.60938 0.236998
-2.59375 0.237499

2.57812 -0.314287
2.57685 -0.3125

-2.59375 0.237401
-2.57812 0.236933

2.57812 -0.316128
2.59375 -0.318206

0 0.0309977
-0.00540386 0.03125

2.59375 -0.318592
2.59923 -0.3125

0.59375 -0.0562649
0.609375 -0.0588677

2.57545 -0.3125
2.5779 -0.296875

0.609375 -0.0588313
0.625 -0.0609955

-0.03125 0.0331114
-0.015625 0.0317699

2.57777 -0.296875
2.57812 -0.296588

0.640625 -0.0628579
0.637741 -0.0625

2.57812 -0.303478
2.5911 -0.296875

0.640625 -0.0628183
0.65625 -0.0647633

-2.57812 0.236851
-2.5625 0.235773

-0.015625 0.0317072
-0.00583109 0.03125

-2.54688 0.234202
-2.54855 0.234375

2.58986 -0.296875
2.59375 -0.296594

2.59901 -0.3125
2.5956 -0.296875

-2.5625 0.235822
-2.54856 0.234375

-2.54688 0.234155
-2.53125 0.231981

-2.53125 0.231866
-2.51562 0.22946

-2.51562 0.229812
-2.5 0.226698

2.59375 -0.295735
2.59551 -0.296875

-2.75 0.405933
-2.74995 0.40625

-2.75 0.406562
-2.74982 0.40625

0.65625 -0.0647406
0.671875 -0.0668289

0.671875 -0.0667814
0.6875 -0.0691535

2.5 -0.217879
2.51562 -0.213619

2.51562 -0.213457
2.53125 -0.209718

2.53125 -0.209723
2.54688 -0.206822

0.625 -0.0609267
0.63768 -0.0625

2.54688 -0.206898
2.5625 -0.204673

2.5625 -0.204992
2.57584 -0.203125

0.6875 -0.0691098
0.703125 -0.0719483

0.703125 -0.0720016
0.71875 -0.0752872

2.57338 -0.203125
2.57812 -0.202461

0.734375 -0.0787974
0.731123 -0.078125

0.71875 -0.0754651
0.731612 -0.078125

0.734375 -0.0787965
0.75 -0.0814171

2.57812 -0.203268
2.57903 -0.203125

2.57812 -0.202642
2.59375 -0.200175

2.59375 -0.200383
2.60938 -0.197394

-2.4375 0.184399
-2.44062 0.1875

0.75 -0.0813304
0.765625 -0.0833521

2.60938 -0.197123
2.625 -0.193745

0.765625 -0.0832609
0.78125 -0.0850395

2.625 -0.193617
2.64062 -0.190646

-2.46875 0.217144
-2.47556 0.21875

2.64062 -0.190797
2.65625 -0.188188

2.65625 -0.188795
2.6641 -0.1875

2.65874 -0.1875
2.67188 -0.185332

2.67188 -0.18597
2.6875 -0.182701

-0.125 0.973629
-0.134501 0.984375

-0.128965 0.984375
-0.125 0.988196

-2.5 0.226747
-2.48438 0.222122

-0.125 0.979428
-0.120239 0.984375

-0.125 0.993699
-0.114493 0.984375

0.78125 -0.0849991
0.796875 -0.0867977

0 0.988137
-0.0102031 1

0.796875 -0.0868334
0.8125 -0.0886615

-0.0131073 1
0 1.01152

0.8125 -0.0887189
0.828125 -0.0903906

2.6875 -0.182421
2.70312 -0.17833

0.828125 -0.0904089
0.84375 -0.0917728

0.84375 -0.0917522
0.859375 -0.0928127

0.859375 -0.0927866
0.875 -0.0936372

-2.48438 0.22086
-2.47542 0.21875

0.890625 -0.0943446
0.877785 -0.09375

2.70312 -0.178376
2.71875 -0.173931

-2.45312 0.214257
-2.46482 0.21875

-2.43761 0.1875
-2.44715 0.203125

2.71875 -0.174569
2.72994 -0.171875

0.890625 -0.0943447
0.90625 -0.0949734

0.875 -0.0936261
0.877675 -0.09375

2.72112 -0.171875
2.73438 -0.168684

0.90625 -0.0949783
0.921875 -0.095504

0.921875 -0.0955035
0.9375 -0.0959175

0.9375 -0.0959032
0.953125 -0.0962351

0.953125 -0.0962084
0.96875 -0.0965399

0.96875 -0.0965143
0.984375 -0.09695

-2.43771 0.203125
-2.45104 0.21875

0.984375 -0.0969428
1 -0.097548

-2.46875 0.218789
-2.46858 0.21875

-2.4375 0.187378
-2.42188 0.178037

2.73438 -0.171992
2.73502 -0.171875

2.73438 -0.170052
2.75 -0.167202

-2.42188 0.180305
-2.40625 0.178201

-2.40625 0.178794
-2.39062 0.178203

-2.39062 0.178342
-2.375 0.177799

2.75 -0.167194
2.76562 -0.164376

2.76562 -0.164269
2.78125 -0.161719

2.78125 -0.161806
2.79688 -0.159566

2.79688 -0.159621
2.8125 -0.157403

-2.375 0.177822
-2.35938 0.177003

-2.35938 0.177006
-2.34375 0.175861

-2.34375 0.175854
-2.32812 0.174393

-2.32812 0.174358
-2.3125 0.172663

2.8125 -0.157678
2.8222 -0.15625

2.81843 -0.15625
2.82812 -0.154822

2.82812 -0.154931
2.84375 -0.152891

-2.29688 0.170894
-2.30593 0.171875

-2.3125 0.172572
-2.30607 0.171875

-2.29688 0.17085
-2.28125 0.169399

-2.28125 0.169322
-2.26562 0.168344

-2.26562 0.168268
-2.25 0.168068

2.84375 -0.15311
2.85938 -0.151227

2.85938 -0.151246
2.875 -0.149044

2.875 -0.148961
2.89062 -0.14657

2.89062 -0.146603
2.90625 -0.144123

2.90625 -0.143951
2.92188 -0.141659

2.92188 -0.141576
2.93141 -0.140625

2.931 -0.140625
2.9375 -0.139977

-2.25 0.167999
-2.23438 0.168864

2.9375 -0.140049
2.95312 -0.139326

2.95312 -0.146385
2.96539 -0.140625

2.95827 -0.140625
2.96875 -0.133153

-2.23438 0.16876
-2.21875 0.171035

-2.21875 0.17099
-2.21523 0.171875

-2.21537 0.171875
-2.20312 0.174956

2.96875 -0.125708
2.96941 -0.125

-2.20312 0.174773
-2.1875 0.180751

2.97317 -0.125
2.99002 -0.09375

-2.1875 0.180661
-2.17411 0.1875

-2.17662 0.1875
-2.17188 0.189924

2.98438 -0.0853643
2.98378 -0.078125

1 -0.0975666
1.01562 -0.0983186

-2.17188 0.190329
-2.15625 0.197116

-2.15625 0.197044
-2.14062 0.19998

1.01562 -0.098356
1.03125 -0.099143

2.9843 -0.078125
2.9819 -0.0625

-2.14062 0.199717
-2.125 0.199471

2.98969 -0.09375
2.98853 -0.078125

-2.0625 0.183707
-2.07536 0.1875

2.98438 -0.0732943
2.98516 -0.078125

2.98389 -0.0625
2.98438 -0.0488002

2.98415 -0.046875
2.98438 -0.0314234

2.98431 -0.03125
2.98438 -0.0306769

-2.125 0.19922
-2.10938 0.19682

-2.10938 0.196651
-2.09375 0.192938

-2.09375 0.192796
-2.07812 0.188392

-2.07812 0.18816
-2.07589 0.1875

-2.0625 0.183763
-2.04688 0.178993

-2.04688 0.178962
-2.03125 0.173931

-2.01562 0.168836
-2.02514 0.171875

-2.03125 0.173789
-2.02526 0.171875

-2.01562 0.168856
-2 0.16407

1.03125 -0.0991829
1.04688 -0.0998502

1.04688 -0.0998678
1.0625 -0.1003

1.0625 -0.100264
1.07812 -0.100499

2.98438 -0.0239817
2.98532 -0.015625

2.98619 -0.015625
2.98942 0

1.07812 -0.100395
1.09375 -0.100714

1.09375 -0.100569
1.10938 -0.101473

1.10938 -0.101367
1.125 -0.103357

-2.01562 0.728141
-2.02133 0.734375

-2.02762 0.734375
-2.01562 0.744341

-2.01562 0.721705
-2.00524 0.734375

1.20312 -0.126893
1.19775 -0.125

1.20312 -0.126738
1.21875 -0.132547

-2.01562 0.738485
-2.01116 0.734375

1.21875 -0.132506
1.23438 -0.138903

1.25 -0.145906
1.23805 -0.140625

1.23438 -0.138929
1.23821 -0.140625

1.125 -0.103368
1.14062 -0.106634

1.15625 -0.111109
1.14987 -0.109375

1.14062 -0.106709
1.15043 -0.109375

1.15625 -0.111062
1.17188 -0.115931

1.17188 -0.115983
1.1875 -0.121278

2.98438 0.0240071
2.98263 0.03125

2.99126 0
2.99089 0.015625

2.98915 0.015625
2.98538 0.03125

2.98418 0.03125
2.98286 0.046875

2.98408 0.046875
2.98433 0.0625

2.98438 0.0336493
2.9846 0.03125

2.98438 0.0586342
2.98444 0.0625

2.98401 0.0625
2.98406 0.078125

2.984 0.078125
2.98438 0.0828466

2.98406 0.09375
2.99397 0.125

1.1875 -0.121307
1.19798 -0.125

2.9375 0.203075
2.93748 0.203125

2.9375 0.203129
2.92863 0.21875

-1.96875 0.15506
-1.97305 0.15625

2.92924 0.21875
2.92242 0.25

1.28125 -0.160213
1.27224 -0.15625

-2 0.164057
-1.98438 0.159431

-1.98438 0.15937
-1.97311 0.15625

2.96875 0.149445
2.96033 0.15625

1.25 -0.145939
1.26562 -0.153089

2.95312 0.167997
2.94768 0.171875

2.95186 0.171875
2.94102 0.1875

2.96875 0.166553
2.96223 0.171875

2.95312 0.178245
2.95877 0.171875

2.99822 0.125
2.98408 0.15625

2.99491 0.15625
3 0.169825

2.9375 0.218539
2.94791 0.1875

2.96875 0.225894
2.95546 0.25

-1.96875 0.15508
-1.95312 0.151104

-1.95312 0.151135
-1.9375 0.147385

1.26562 -0.153245
1.27246 -0.15625

1.28125 -0.160184
1.29688 -0.166329

1.29688 -0.16639
1.3125 -0.171663

-1.9375 0.147394
-1.92188 0.143793

-1.90625 0.140255
-1.90787 0.140625

-1.92188 0.143848
-1.9078 0.140625

-1.90625 0.140302
-1.89062 0.136571

1.32812 -0.175922
1.31321 -0.171875

1.3125 -0.171685
1.3132 -0.171875

1.32812 -0.175884
1.34375 -0.179127

-1.89062 0.136548
-1.875 0.132647

2.98693 0.1875
2.9702 0.21875

2.96875 0.23017
2.97251 0.21875

-1.82812 0.122365
-1.84357 0.125

-1.82812 0.12241
-1.8125 0.120645

1.34375 -0.1791
1.35938 -0.181481

1.35938 -0.181454
1.375 -0.183082

-1.8125 0.120705
-1.79688 0.119634

-1.79688 0.119675
-1.78125 0.119099

2.90625 0.252296
2.9334 0.28125

2.93086 0.28125
2.9375 0.282976

-1.78125 0.119115
-1.76562 0.11892

2.9375 0.268891
2.98869 0.25

-1.76562 0.118915
-1.75 0.119078

1.375 -0.183048
1.39062 -0.184045

1.39062 -0.183998
1.40625 -0.184524

1.40625 -0.184436
1.42188 -0.184759

-1.875 0.13257
-1.85938 0.128701

-1.85938 0.128594
-1.84375 0.125125

3 -0.0769584
3.00061 -0.0625

3.0625 -0.00470688
3.04917 0

3.125 -0.00626812
3.09369 0

-1.84375 0.125079
-1.84329 0.125

3.25 -0.00485393
3.21101 0

3.5 -0.00338202
3.41842 0

1.42188 -0.184607
1.4375 -0.185208

-1.75 0.119071
-1.73438 0.119614

-1.73438 0.119639
-1.71875 0.120526

-1.71875 0.120588
-1.70312 0.121644

-1.70312 0.121705
-1.6875 0.122682

-1.6875 0.122697
-1.67188 0.123444

-1.67188 0.123413
-1.65625 0.123963

3.03125 0.0267664
3.0104 0.03125

3.02587 0.03125
3.02608 0.0625

3.03125 0.0179823
3.05464 0

3.02838 0.0625
3.03125 0.083166

3.03125 0.113611
3.01906 0.125

3.03125 0.0710618
3.03455 0.09375

-1.65625 0.123922
-1.64062 0.124421

3.04103 0.09375
3.03354 0.125

3.0625 0.014974
3.09457 0

-1.64062 0.124395
-1.625 0.124976

1.46875 -0.188714
1.45988 -0.1875

1.46875 -0.188803
1.48438 -0.191346

1.48438 -0.191355
1.5 -0.194088

-1.625 0.124965
-1.62426 0.125

-1.62426 0.125
-1.60938 0.125703

-1.60938 0.125701
-1.59375 0.126619

1.4375 -0.185118
1.45312 -0.186481

1.45312 -0.186554
1.46004 -0.1875

-1.59375 0.126614
-1.57812 0.127728

-1.57812 0.127734
-1.5625 0.129042

3 0.173387
3.02439 0.125

3 0.192301
3.00184 0.1875

-1.5625 0.129029
-1.54688 0.130546

-1.54688 0.130521
-1.53125 0.132324

-1.53125 0.132325
-1.51562 0.13446

-1.51562 0.134492
-1.5 0.136893

3.125 0.0101177
3.19549 0

3.25 0.00454199
3.35883 0

4 -0.00527199
3.57625 0

-1.5 0.137007
-1.48438 0.139381

-1.48438 0.139331
-1.47531 0.140625

-1.47521 0.140625
-1.46875 0.141548

-1.46875 0.141405
-1.45312 0.143906

-1.45312 0.14425
-1.4375 0.146638

-1.4375 0.147346
-1.42188 0.147517

-1.42188 0.147452
-1.40625 0.144117

-1.39062 0.138058
-1.39906 0.140625

-1.40625 0.143435
-1.39702 0.140625

-1.39062 0.137909
-1.375 0.134631

-1.26562 0.124024
-1.27185 0.125

-1.26562 0.123996
-1.25 0.121497

-1.375 0.134953
-1.35938 0.133461

-1.35938 0.133726
-1.34375 0.132846

-1.34375 0.132951
-1.32812 0.131945

-1.32812 0.131968
-1.3125 0.13058

-1.3125 0.130581
-1.29688 0.128764

-1.29688 0.128747
-1.28125 0.126534

-1.28125 0.126471
-1.27186 0.125

-1.25 0.121452
-1.23438 0.119046

-1.23438 0.119023
-1.21875 0.116847

-1.21875 0.116847
-1.20312 0.114945

-1.20312 0.114957
-1.1875 0.113303

-1.1875 0.113313
-1.17188 0.111863

-1.17188 0.111865
-1.15625 0.110597

-1.15625 0.110593
-1.14062 0.109511

-1.125 0.108626
-1.13826 0.109375

-1.14062 0.1095
-1.13842 0.109375

-1.125 0.108627
-1.10938 0.107946

-1.10938 0.107952
-1.09375 0.107457

-1.09375 0.107467
-1.07812 0.107125

-1.07812 0.107137
-1.0625 0.106905

-1.0625 0.106921
-1.04688 0.106746

-1.04688 0.106781
-1.03125 0.106561

-1.03125 0.106623
-1.01562 0.106167

-1.01562 0.10625
-1 0.105271

