-4 -0.00114685
-3.83367 0

-3.70322 0
-3.5 0.00140122

-3.5 -0.000754533
-3.4684 0

-3.25 -0.000834479
-3.23855 0

-3.125 -0.00113083
-3.1189 0

-3.42812 0
-3.25 0.00425966

-3.23247 0
-3.125 0.00808776

-3.11852 0
-3.0625 0.0135481

-3.0625 0.00328161
-3.03125 0.0211811

-3.03125 0.0308455
-3 0.0277833

-3.03125 0.0323041
-3.00021 0.0625

-3.01955 0.0625
-3.00759 0.09375

-3 0.108262
-3.00213 0.125

-3.00783 0.125
-3 0.143704

1.5 0.146374
1.51562 0.147725

1.51562 0.147726
1.53125 0.14916

1.53125 0.149171
1.54688 0.150663

-2.95312 -0.140436
-2.96697 -0.125

-2.95312 -0.141239
-2.9375 -0.154396

-2.95312 -0.140465
-2.95297 -0.140625

-2.92188 -0.1624
-2.93291 -0.15625

1.54688 0.150676
1.5625 0.152178

1.5625 0.152193
1.57812 0.153649

-2.92188 -0.162214
-2.90625 -0.168244

-2.9375 -0.154089
-2.93362 -0.15625

-2.89062 -0.172693
-2.89323 -0.171875

-2.90625 -0.167756
-2.89312 -0.171875

-2.89062 -0.172937
-2.875 -0.177123

-2.96875 -0.124822
-2.98494 -0.09375

1.57812 0.153657
1.59375 0.155023

1.59375 0.155015
1.60888 0.15625

-2.9856 -0.09375
-2.98694 -0.078125

-2.98438 -0.0901355
-2.98404 -0.09375

-2.98411 -0.078125
-2.98299 -0.0625

-2.96875 -0.124903
-2.96868 -0.125

-2.98385 -0.0625
-2.98416 -0.046875

-2.98406 -0.046875
-2.9843 -0.03125

1.60886 0.15625
1.60938 0.156292

1.60938 0.156285
1.625 0.157497

1.625 0.157486
1.64062 0.158669

1.64062 0.158654
1.65625 0.159858

1.65625 0.159851
1.67188 0.161119

1.67188 0.16112
1.6875 0.162464

-2.98438 -0.0208002
-2.98512 -0.015625

-2.98623 -0.015625
-2.99112 0

-2.98438 -0.0304982
-2.98427 -0.03125

1.6875 0.162469
1.70312 0.16388

1.70312 0.163885
1.71875 0.165341

1.71875 0.165344
1.73438 0.166829

-2.875 -0.177056
-2.85938 -0.180114

-2.85938 -0.180154
-2.84375 -0.18214

-2.84375 -0.18209
-2.82812 -0.183025

1.73438 0.166829
1.75 0.168339

1.75 0.168336
1.76562 0.169876

-2.82812 -0.182993
-2.8125 -0.183043

-1 -0.142162
-0.984375 -0.141794

-0.984375 -0.141793
-0.96875 -0.141437

-0.96875 -0.141436
-0.953125 -0.141094

1.76562 0.169867
1.78125 0.17146

-0.953125 -0.141094
-0.9375 -0.14077

1.78125 0.171442
1.78527 0.171875

-0.9375 -0.140769
-0.930093 -0.140625

0 -0.0974322
0.015625 -0.0955307

0.015625 -0.0955259
0.0298252 -0.09375

-0.930058 -0.140625
-0.921875 -0.140466

0.0296395 -0.09375
0.03125 -0.0935486

-2.8125 -0.182947
-2.79688 -0.182369

-2.79688 -0.182304
-2.78125 -0.181418

-2.78125 -0.181364
-2.76562 -0.180407

-2.76562 -0.180412
-2.75 -0.179483

0.03125 -0.0935677
0.046875 -0.0915787

0.046875 -0.0915871
0.0625 -0.0895499

0.0625 -0.0895498
0.078125 -0.0874476

-2.75 -0.17945
-2.73438 -0.178604

0.078125 -0.0874476
0.09375 -0.0852805

-0.921875 -0.140466
-0.90625 -0.140181

0.09375 -0.0852818
0.109375 -0.0830473

-0.90625 -0.140181
-0.890625 -0.139913

1.78515 0.171875
1.79688 0.173137

0.109375 -0.0830474
0.125 -0.0807429

0.125 -0.0807356
0.140625 -0.0783757

0.140625 -0.0783683
0.142225 -0.078125

0.142189 -0.078125
0.15625 -0.0759868

0.15625 -0.0760046
0.171875 -0.0736027

0.171875 -0.0736049
0.1875 -0.0711382

0.1875 -0.0711388
0.203125 -0.0686019

0.203125 -0.0686031
0.21875 -0.0659925

0.21875 -0.0659845
0.234375 -0.0633138

0.234375 -0.0632992
0.239067 -0.0625

1.79688 0.173146
1.8125 0.174906

1.8125 0.174908
1.82812 0.176716

-2.73438 -0.178561
-2.71875 -0.17795

-2.71875 -0.177898
-2.70312 -0.177714

-2.70312 -0.177749
-2.6875 -0.178029

-2.6875 -0.178102
-2.67188 -0.17863

-2.67188 -0.17872
-2.65625 -0.179169

-2.65625 -0.179206
-2.64062 -0.179323

-2.64062 -0.179347
-2.625 -0.179011

-2.625 -0.178994
-2.60938 -0.17819

-2.60938 -0.178169
-2.59375 -0.176976

-0.890625 -0.139914
-0.875 -0.139662

0.238966 -0.0625
0.25 -0.0606203

0.25 -0.0606498
0.265625 -0.0580013

0.265625 -0.0580113
0.28125 -0.0553073

1.82812 0.17672
1.84375 0.178566

1.84375 0.178568
1.85938 0.180442

-2.59375 -0.176942
-2.57812 -0.175471

1.85938 0.180443
1.875 0.18234

-2.57812 -0.175433
-2.5625 -0.17383

1.875 0.182337
1.89062 0.184264

1.89062 0.184258
1.90625 0.18623

1.90625 0.186207
1.91603 0.1875

1.91595 0.1875
1.92188 0.188284

-2.5625 -0.17375
-2.54688 -0.172251

-2.54688 -0.172151
-2.54271 -0.171875

-2.54271 -0.171875
-2.53125 -0.171116

-2.53125 -0.171066
-2.51562 -0.170797

-2.51562 -0.170869
-2.5 -0.171324

-2.99461 0
-2.99394 0.015625

-2.98998 0.015625
-2.98438 0.0300663

-2.98438 0.0183819
-2.98001 0.03125

-2.98388 0.03125
-2.98346 0.046875

-2.98438 0.0528302
-2.98422 0.046875

-2.98438 0.0747876
-2.98535 0.078125

-2.98808 0.078125
-2.99734 0.09375

-2.98438 0.0629263
-2.98426 0.0625

-3 0.0942985
-2.96875 0.108681

-3 0.1505
-2.99279 0.15625

-3 0.159245
-2.96875 0.171947

-2.96875 0.125708
-2.96632 0.140625

-2.96629 0.140625
-2.96103 0.15625

-2.95384 0.15625
-2.9583 0.171875

-2.96875 0.187014
-2.95312 0.180292

-2.95312 0.168772
-2.95246 0.171875

-2.95312 0.173316
-2.95263 0.171875

-2.97701 0.1875
-2.96875 0.191332

-2.96875 0.19179
-2.95481 0.1875

-2.96875 0.220014
-2.96258 0.21875

-2.9375 0.218745
-2.92188 0.218745

-2.9375 0.218839
-2.93743 0.21875

-2.9375 0.250759
-2.93674 0.25

-2.48438 -0.172199
-2.49144 -0.171875

0.28125 -0.0553096
0.296875 -0.0525255

-2.5 -0.171481
-2.4914 -0.171875

-2.48438 -0.172323
-2.46875 -0.17273

-2.46875 -0.172749
-2.45312 -0.172559

-0.875 -0.139662
-0.859375 -0.139422

-2.45312 -0.172486
-2.43899 -0.171875

-0.859375 -0.139422
-0.84375 -0.13919

0.296875 -0.0525277
0.3125 -0.0496546

-0.84375 -0.139191
-0.828125 -0.138963

0.3125 -0.0496323
0.327285 -0.046875

-2.43931 -0.171875
-2.4375 -0.171797

0.326953 -0.046875
0.328125 -0.0466564

-2.4375 -0.171697
-2.42188 -0.17091

-2.42188 -0.170824
-2.40625 -0.170321

1.92188 0.188295
1.9375 0.190462

-0.828125 -0.138963
-0.8125 -0.138736

-2.40625 -0.1703
-2.39062 -0.170295

-0.8125 -0.138737
-0.796875 -0.138507

-0.796875 -0.138508
-0.78125 -0.138272

-0.78125 -0.138273
-0.765625 -0.138029

-0.765625 -0.13803
-0.75 -0.137775

1.9375 0.190466
1.95312 0.192687

1.95312 0.19269
1.96875 0.194952

-2.39062 -0.170344
-2.375 -0.170782

-0.75 -0.137776
-0.734375 -0.137509

-0.734375 -0.137509
-0.71875 -0.137229

-2.375 -0.170859
-2.35938 -0.171488

-2.34375 -0.172094
-2.34999 -0.171875

1.96875 0.194955
1.98438 0.197247

0.328125 -0.046702
0.34375 -0.0438244

-0.71875 -0.137229
-0.703125 -0.136933

0.34375 -0.0438661
0.359375 -0.0409663

0.359375 -0.0409767
0.375 -0.0379507

1.98438 0.19725
2 0.19956

0.375 -0.0379544
0.390625 -0.0347739

0.390625 -0.0347488
0.40625 -0.0314567

0.40625 -0.0314438
0.407169 -0.03125

0.407088 -0.03125
0.421875 -0.0281311

-0.703125 -0.136934
-0.6875 -0.136623

-2.35938 -0.171548
-2.35007 -0.171875

-2.34375 -0.172117
-2.32812 -0.172424

-2.32812 -0.172421
-2.3125 -0.17245

0.421875 -0.0282003
0.4375 -0.0248224

-2.3125 -0.172437
-2.29688 -0.172222

-0.6875 -0.136623
-0.671875 -0.136297

-0.671875 -0.136297
-0.65625 -0.135956

-0.65625 -0.135956
-0.640625 -0.135599

-2.29688 -0.172206
-2.28384 -0.171875

-2.284 -0.171875
-2.28125 -0.171805

0.4375 -0.0248481
0.453125 -0.0212002

0.453125 -0.0211973
0.46875 -0.0172337

0.46875 -0.0171922
0.474716 -0.015625

-2.28125 -0.171791
-2.26562 -0.17128

0.474454 -0.015625
0.484375 -0.0130189

0.484375 -0.0131163
0.5 -0.00889647

-2.26562 -0.171262
-2.25 -0.170707

-0.640625 -0.135599
-0.625 -0.135228

-0.625 -0.135228
-0.609375 -0.134842

-0.609375 -0.134842
-0.59375 -0.134441

-0.59375 -0.134441
-0.578125 -0.134026

-2.25 -0.170691
-2.23438 -0.170161

-2.23438 -0.17015
-2.21875 -0.169699

-2.21875 -0.169695
-2.20312 -0.169353

-0.578125 -0.134026
-0.5625 -0.133595

-2.20312 -0.169356
-2.1875 -0.169123

-2.1875 -0.169131
-2.17188 -0.168985

-0.5625 -0.133595
-0.546875 -0.133149

-0.546875 -0.13315
-0.53125 -0.132687

-2.17188 -0.168993
-2.15625 -0.168902

-2.15625 -0.168909
-2.14062 -0.168841

-2.14062 -0.168846
-2.125 -0.168776

0.5 -0.00894704
0.515625 -0.00436747

-0.53125 -0.132688
-0.515625 -0.132209

0.515625 -0.00428941
0.529491 0

-0.515625 -0.132209
-0.5 -0.131712

-2.125 -0.16878
-2.10938 -0.168691

-2.10938 -0.168694
-2.09375 -0.16857

-2.09375 -0.168572
-2.07812 -0.168402

-2.07812 -0.168403
-2.0625 -0.16818

-2.0625 -0.168179
-2.04688 -0.167904

-2.04688 -0.1679
-2.03125 -0.167582

-2.03125 -0.167577
-2.01562 -0.167233

-2.01562 -0.167228
-2 -0.166878

2 0.19956
2.01562 0.201878

2.01562 0.201856
2.02404 0.203125

2.02393 0.203125
2.03125 0.204229

2.03125 0.204243
2.04688 0.206625

2.04688 0.206622
2.0625 0.208989

0.528872 0
0.53125 0.000735795

0.53125 0.000653283
0.546875 0.00536674

0.546875 0.00527167
0.5625 0.00988769

-0.5 -0.131712
-0.484375 -0.131195

-0.484375 -0.131195
-0.46875 -0.130657

2.0625 0.208985
2.07812 0.211351

-0.46875 -0.130657
-0.453125 -0.130096

-0.453125 -0.130096
-0.4375 -0.12951

2.07812 0.211352
2.09375 0.213722

2.09375 0.213728
2.10938 0.216087

2.10938 0.216082
2.125 0.218428

-0.4375 -0.12951
-0.421875 -0.128897

-0.421875 -0.128898
-0.40625 -0.128256

-0.40625 -0.128257
-0.390625 -0.127585

2.125 0.218408
2.12727 0.21875

2.12714 0.21875
2.14062 0.220775

2.14062 0.220776
2.15625 0.223121

2.15625 0.2231
2.17188 0.225477

2.17188 0.225461
2.1875 0.227944

2.1875 0.227941
2.20312 0.230567

0.5625 0.00993986
0.578125 0.0145443

0.578125 0.014633
0.58185 0.015625

0.581487 0.015625
0.59375 0.0188912

2.20312 0.230566
2.21875 0.23334

2.21875 0.233318
2.22437 0.234375

2.22424 0.234375
2.23438 0.236282

-2 -0.166874
-1.98438 -0.166535

2.23438 0.236302
2.25 0.239365

-1.98438 -0.166534
-1.96875 -0.166219

-0.390625 -0.127586
-0.375 -0.126883

0.59375 0.0187701
0.609375 0.0223604

2.25 0.239347
2.26562 0.242513

2.26562 0.242489
2.28125 0.245842

-1.96875 -0.16622
-1.95312 -0.165933

2.28125 0.245803
2.29688 0.249469

2.29688 0.24942
2.2991 0.25

0.609375 0.0222828
0.625 0.0256554

-1.95312 -0.165935
-1.9375 -0.165668

-0.375 -0.126884
-0.359375 -0.126149

0.625 0.0256474
0.640625 0.0289736

-0.359375 -0.126149
-0.34375 -0.12538

-0.34375 -0.125381
-0.33633 -0.125

2.29891 0.25
2.3125 0.253541

-0.336372 -0.125
-0.328125 -0.124576

-0.328125 -0.124578
-0.3125 -0.12374

0.640625 0.0290437
0.651662 0.03125

-0.3125 -0.12374
-0.296875 -0.122863

0.651395 0.03125
0.65625 0.0322205

-0.296875 -0.122863
-0.28125 -0.121945

0.65625 0.0321502
0.671875 0.0349647

-1.9375 -0.165672
-1.92188 -0.165416

-0.28125 -0.121946
-0.265625 -0.120988

2.3125 0.253589
2.32812 0.257967

-0.265625 -0.120988
-0.25 -0.119989

-1.92188 -0.165419
-1.90625 -0.165161

0.671875 0.0348597
0.6875 0.0376413

-1.90625 -0.165163
-1.89062 -0.164893

0.6875 0.0375967
0.703125 0.0406448

2.32812 0.257974
2.34375 0.262536

2.34375 0.262476
2.35393 0.265625

0.703125 0.0406447
0.71875 0.0440485

-0.25 -0.119989
-0.234375 -0.118948

0.71875 0.0441454
0.731004 0.046875

0.730206 0.046875
0.734375 0.0478037

-1.89062 -0.164895
-1.875 -0.164604

0.734375 0.0477428
0.75 0.0508722

2.35384 0.265625
2.35938 0.267337

-0.234375 -0.118948
-0.21875 -0.117864

-1.875 -0.164606
-1.85938 -0.164286

-1.85938 -0.164287
-1.84375 -0.163932

-0.21875 -0.117864
-0.203125 -0.116735

-0.203125 -0.116736
-0.1875 -0.11556

-0.1875 -0.115561
-0.171875 -0.114338

-0.171875 -0.114338
-0.15625 -0.113066

-0.15625 -0.113066
-0.140625 -0.111743

-1.84375 -0.163932
-1.82812 -0.163537

-1.82812 -0.163537
-1.8125 -0.163101

2.35938 0.267356
2.375 0.272488

2.375 0.272463
2.39062 0.277871

2.39062 0.277785
2.39986 0.28125

2.39973 0.28125
2.40625 0.283697

2.40625 0.283777
2.42188 0.290018

-1.8125 -0.163098
-1.79688 -0.162627

-1.79688 -0.162623
-1.78125 -0.162129

0.75 0.0507612
0.765625 0.0536135

0.765625 0.0535482
0.78125 0.0564759

0.78125 0.0564593
0.796875 0.0596259

0.796875 0.0596934
0.810342 0.0625

-1.78125 -0.162124
-1.76562 -0.161624

-1.76562 -0.161619
-1.75 -0.161135

-0.140625 -0.111744
-0.125 -0.110368

2.42188 0.290006
2.4375 0.296433

-0.125 -0.110368
-0.11409 -0.109375

-1.75 -0.161131
-1.73438 -0.160682

2.4375 0.296374
2.43868 0.296875

-1.73438 -0.160679
-1.71875 -0.16028

2.4385 0.296875
2.45312 0.303065

-0.1142 -0.109375
-0.109375 -0.108936

-1.71875 -0.16028
-1.70312 -0.159936

-0.109375 -0.108945
-0.09375 -0.107478

0.809637 0.0625
0.8125 0.0630967

-0.09375 -0.10748
-0.078125 -0.105958

-0.078125 -0.105958
-0.0625 -0.104376

0.8125 0.0630674
0.828125 0.0660435

0.828125 0.0659757
0.84375 0.0686191

-1.70312 -0.159938
-1.6875 -0.159647

-1.6875 -0.159651
-1.67188 -0.159403

-1.67188 -0.159408
-1.65625 -0.159186

-1.65625 -0.159192
-1.64062 -0.158978

-1.64062 -0.158983
-1.625 -0.158757

0.84375 0.0685918
0.859375 0.0710927

-1.625 -0.158761
-1.60938 -0.158502

-1.60938 -0.158506
-1.59375 -0.158197

2.45312 0.30303
2.46875 0.309866

-1.59375 -0.158199
-1.57812 -0.157829

-1.57812 -0.157829
-1.5625 -0.157392

0.859375 0.0710778
0.875 0.0735204

-0.0625 -0.104376
-0.046875 -0.102735

2.46875 0.309657
2.47471 0.3125

-0.046875 -0.102736
-0.03125 -0.101033

-0.03125 -0.101034
-0.015625 -0.0992662

-0.015625 -0.0992666
0 -0.0974324

-1.5625 -0.15739
-1.54688 -0.15689

-1.54688 -0.156885
-1.53125 -0.156334

-1.53125 -0.15633
-1.52911 -0.15625

-1.52914 -0.15625
-1.51562 -0.155747

-1.51562 -0.155741
-1.5 -0.155152

0.875 0.0735115
0.890625 0.0759434

0.890625 0.0759735
0.90472 0.078125

0.904931 0.078125
0.90625 0.0783263

2.47457 0.3125
2.48438 0.317176

2.48438 0.31707
2.5 0.325637

0.90625 0.0783321
0.921875 0.0806629

0.921875 0.0806523
0.9375 0.0829971

0.9375 0.0829981
0.953125 0.0853761

0.953125 0.0853835
0.96875 0.087778

0.96875 0.0877822
0.984375 0.09017

0.984375 0.0901378
1 0.0925747

-1.5 -0.155146
-1.48438 -0.154572

-1.48438 -0.154567
-1.46875 -0.15403

-1.46875 -0.154027
-1.45312 -0.153542

-1.45312 -0.153542
-1.4375 -0.153116

2.96875 -0.187612
2.97088 -0.1875

2.96875 -0.172299
2.96871 -0.171875

2.96786 -0.171875
2.96875 -0.17099

2.96875 -0.182578
2.97021 -0.1875

-1.4375 -0.153119
-1.42188 -0.152748

-1.42188 -0.152753
-1.40625 -0.152424

-1.40625 -0.15243
-1.39062 -0.152124

-1.39062 -0.152129
-1.375 -0.151824

2.98438 -0.0809104
3 -0.0821778

-1.375 -0.151829
-1.35938 -0.151504

2.99241 -0.078125
2.99416 -0.0625

2.99714 -0.0625
2.99629 -0.046875

-1.35938 -0.151507
-1.34375 -0.151149

-1.34375 -0.15115
-1.32812 -0.150748

-1.32812 -0.150748
-1.3125 -0.150302

-1.3125 -0.150301
-1.29688 -0.149816

3 -0.0463945
2.98825 -0.03125

2.98666 -0.03125
3 -0.0172228

-1.29688 -0.149813
-1.28125 -0.149299

-1.28125 -0.149295
-1.26562 -0.148764

-1.26562 -0.148761
-1.25 -0.148229

2.5 0.325425
2.50428 0.328125

2.50411 0.328125
2.51562 0.33573

2.51562 0.335495
2.52571 0.34375

2.52577 0.34375
2.53125 0.348907

2.53125 0.348508
2.54054 0.359375

-1.25 -0.148225
-1.23438 -0.147706

-1.23438 -0.147703
-1.21875 -0.14721

-1.21875 -0.147208
-1.20312 -0.146749

-1.20312 -0.146749
-1.1875 -0.146329

2.54103 0.359375
2.54688 0.370682

-1.1875 -0.14633
-1.17188 -0.145948

-1.17188 -0.14595
-1.15625 -0.145599

-1.15625 -0.145602
-1.14062 -0.145274

-1.14062 -0.145276
-1.125 -0.14496

2.54688 0.370954
2.54885 0.375

-1.125 -0.144962
-1.10938 -0.144647

-1.10938 -0.144649
-1.09375 -0.144327

2.53125 0.422787
2.52237 0.4375

2.54688 0.39962
2.54438 0.40625

2.54912 0.375
2.55032 0.390625

2.54688 0.400037
2.55042 0.390625

2.54302 0.40625
2.53288 0.421875

2.53125 0.423542
2.53226 0.421875

2.51562 0.46133
2.51388 0.46875

2.52195 0.4375
2.51623 0.453125

2.51562 0.46101
2.51748 0.453125

-1.09375 -0.144327
-1.07812 -0.143994

-1.07812 -0.143994
-1.0625 -0.143646

-1.0625 -0.143646
-1.04688 -0.143285

2.51279 0.46875
2.51072 0.484375

2.50752 0.484375
2.51538 0.5

-1.04688 -0.143284
-1.03125 -0.142915

-1.03125 -0.142913
-1.01562 -0.142539

-1.01562 -0.142537
-1 -0.142164

2.51562 0.498413
2.51714 0.5

2.5625 0.499797
2.56169 0.5

2.5625 0.499896
2.57812 0.494769

2.57812 0.495085
2.59375 0.488241

2.60938 0.479999
2.59979 0.484375

1 0.0925597
1.00745 0.09375

1.00696 0.09375
1.01562 0.0951339

1.01562 0.0951438
1.03125 0.0975542

2.59375 0.487327
2.60021 0.484375

2.60938 0.481023
2.625 0.47376

1.03125 0.0975375
1.04688 0.0998037

1.04688 0.0997866
1.0625 0.101976

2.6875 0.437291
2.68709 0.4375

1.0625 0.101974
1.07812 0.104125

1.07812 0.104138
1.09375 0.106229

1.09375 0.10624
1.10938 0.108224

2.64062 0.464884
2.63351 0.46875

2.64062 0.465458
2.65625 0.455369

2.625 0.473433
2.63333 0.46875

2.67188 0.444279
2.65703 0.453125

2.65625 0.453694
2.65719 0.453125

2.67188 0.4458
2.6875 0.437801

2.6875 0.437351
2.70312 0.42853

2.71875 0.418963
2.71375 0.421875

2.70312 0.428949
2.71527 0.421875

2.73438 0.40609
2.73418 0.40625

1.10938 0.108221
1.11908 0.109375

1.11905 0.109375
1.125 0.110083

2.73438 0.406199
2.75 0.395995

1.125 0.110095
1.14062 0.111803

1.14062 0.111772
1.15625 0.113365

1.15625 0.113336
1.17188 0.114934

1.17188 0.114922
1.1875 0.116607

1.1875 0.116612
1.20312 0.118398

1.20312 0.118413
1.21875 0.120262

2.71875 0.419759
2.73975 0.40625

1.21875 0.120283
1.23438 0.122124

1.23438 0.122139
1.25 0.1239

3 0.0939543
2.98727 0.125

2.9375 0.211335
2.93086 0.21875

2.93379 0.21875
2.90801 0.25

2.96875 0.148085
2.96315 0.15625

2.96549 0.15625
2.95783 0.171875

2.95909 0.171875
2.95437 0.1875

2.98645 0.125
2.96921 0.15625

2.96875 0.15674
2.96898 0.15625

2.95702 0.1875
2.93787 0.21875

2.9375 0.219017
2.93773 0.21875

2.78125 0.374806
2.78104 0.375

2.78125 0.374781
2.79688 0.360176

2.8125 0.346741
2.79705 0.359375

2.79688 0.359879
2.79745 0.359375

1.25 0.123881
1.26038 0.125

2.85938 0.306188
2.8532 0.3125

2.875 0.285741
2.86397 0.296875

2.85938 0.303438
2.86501 0.296875

1.26032 0.125
1.26562 0.125572

1.26562 0.125592
1.28125 0.127184

2.82812 0.334876
2.81864 0.34375

2.84375 0.317036
2.8312 0.328125

2.82812 0.332447
2.83235 0.328125

1.28125 0.127162
1.29688 0.128658

1.29688 0.128644
1.3125 0.130116

2.8125 0.348603
2.81807 0.34375

1.3125 0.130114
1.32812 0.131598

1.32812 0.131603
1.34375 0.133094

2.84375 0.320586
2.85223 0.3125

2.75 0.400309
2.78125 0.376365

2.78125 0.375881
2.78224 0.375

2.89062 0.272892
2.88317 0.28125

1.34375 0.133102
1.35938 0.134572

1.35938 0.134576
1.375 0.136004

2.90625 0.250842
2.89442 0.265625

2.89062 0.271385
2.89505 0.265625

2.875 0.288831
2.88209 0.28125

1.375 0.136003
1.39062 0.137383

1.39062 0.13738
1.40625 0.138718

2.90625 0.251585
2.90756 0.25

3 -0.0707437
3.00449 -0.0625

3 -0.0413694
3.01076 -0.03125

3 -0.00275835
3.03125 -0.0154169

3.03125 -0.00277864
3.0625 -0.000322909

1.40625 0.138713
1.42188 0.140022

1.42188 0.140009
1.42924 0.140625

1.42914 0.140625
1.4375 0.141325

3.0625 -0.00129255
3.117 0

3.125 -0.00106671
3.25 -0.000457814

3.25 -0.000638587
3.5 -0.000898778

3 0.027338
3.02097 0

3 0.0548856
3.00244 0.03125

1.4375 0.141337
1.45312 0.142629

1.45312 0.142624
1.46875 0.143877

3.00454 0.0625
3.00092 0.09375

3 0.0945331
3.00031 0.09375

3.0625 0.000312477
3.07464 0

1.46875 0.143867
1.48438 0.145112

1.48438 0.145101
1.5 0.146381

3.5 -0.000995121
4 -0.00122491

2.51638 0.5
2.53125 0.507919

2.53125 0.505638
2.54688 0.504731

2.54688 0.503884
2.56233 0.5

