-4 -0.00243529
-3.80416 0

-3.63654 0
-3.5 0.00169784

-3.5 -0.00115897
-3.47335 0

-3.25 -0.0015528
-3.23854 0

-3.125 -0.00219504
-3.11728 0

-3 -0.0687176
-3.00181 -0.0625

-3.41014 0
-3.25 0.00697984

-3.21997 0
-3.125 0.0133541

-3.10896 0
-3.0625 0.0220587

-3.0625 0.0114515
-3.03601 0.03125

-3.0444 0.03125
-3.03125 0.0547236

-3 0.0281658
-3.00272 0.03125

-3.03125 0.0554375
-3.0223 0.0625

-3.04006 0.0625
-3.03125 0.0883218

-3.03125 0.0817608
-3.02452 0.09375

-3.02095 0.09375
-3.00676 0.125

-3.01314 0.125
-3 0.149195

-2.76562 -0.312535
-2.76967 -0.3125

-2.76562 -0.312542
-2.76558 -0.3125

-2.76853 -0.3125
-2.76562 -0.31086

-2.76562 -0.310196
-2.76559 -0.3125

-2.96875 -0.156523
-2.96902 -0.15625

-2.96875 -0.125257
-2.96931 -0.125

-2.96875 -0.156282
-2.96447 -0.15625

-2.96875 -0.15299
-2.9657 -0.15625

-2.92188 -0.197783
-2.92339 -0.1875

-2.90625 -0.215875
-2.91681 -0.203125

-2.91993 -0.203125
-2.91674 -0.1875

-2.89062 -0.225697
-2.9011 -0.21875

-2.89062 -0.225275
-2.875 -0.23105

-2.90625 -0.215489
-2.90214 -0.21875

-2.92584 -0.1875
-2.92188 -0.179261

-2.92188 -0.184624
-2.90625 -0.1753

-2.92188 -0.127085
-2.9223 -0.125

-2.90625 -0.156197
-2.92134 -0.140625

-2.92188 -0.127291
-2.91892 -0.140625

-2.90625 -0.182689
-2.89062 -0.183248

-2.89062 -0.156659
-2.89355 -0.15625

-2.89062 -0.182783
-2.875 -0.182791

-2.89062 -0.156303
-2.88802 -0.15625

-2.90625 -0.154089
-2.89822 -0.15625

-2.89062 -0.155445
-2.875 -0.155137

-2.96875 -0.0967781
-2.97601 -0.09375

-2.9865 -0.09375
-2.99433 -0.078125

-2.98868 -0.078125
-2.98537 -0.0625

-2.98438 -0.0847527
-2.96875 -0.0923646

-2.97905 -0.078125
-2.98115 -0.0625

-2.96875 -0.093897
-2.96815 -0.09375

-2.96875 -0.0876295
-2.95312 -0.0851906

1.5 0.0689072
1.51562 0.0721809

-1 -0.0867813
-0.984375 -0.0865157

-0.984375 -0.0865714
-0.96875 -0.0871576

-0.96875 -0.087438
-0.953125 -0.088204

-0.953125 -0.0885551
-0.9375 -0.088238

-2.95312 -0.0838925
-2.9375 -0.0806768

1.51562 0.0720668
1.53125 0.0759522

-2.98497 -0.0625
-2.98438 -0.0538755

-0.9375 -0.0880712
-0.921875 -0.0863025

1.53125 0.075977
1.53898 0.078125

-2.98114 -0.0625
-2.98162 -0.046875

-2.98173 -0.046875
-2.98294 -0.03125

-0.921875 -0.085021
-0.90625 -0.0846971

1.53787 0.078125
1.54688 0.0806278

-2.98438 -0.0109491
-2.98647 0

-2.98369 -0.03125
-2.98405 -0.015625

-2.95423 -0.015625
-2.959 0

-2.95312 -0.00473461
-2.9375 -0.00179131

1.54688 0.0806469
1.5625 0.0847509

-0.875 -0.0999622
-0.8849 -0.09375

-2.92188 -0.110247
-2.92205 -0.109375

-2.92644 -0.109375
-2.92711 -0.09375

1.5625 0.0844822
1.57812 0.0885638

1.57812 0.0884498
1.59375 0.0932744

1.59375 0.0928343
1.59657 0.09375

-0.90625 -0.0840848
-0.890625 -0.0889934

1.59384 0.09375
1.60938 0.0987898

0 -0.0778011
0.015625 -0.0767502

0.015625 -0.0767754
0.03125 -0.0761362

1.60938 0.0986581
1.625 0.103346

-2.9186 -0.125
-2.92166 -0.109375

-2.92188 -0.0944323
-2.92178 -0.09375

1.625 0.103084
1.64062 0.108011

1.64062 0.107549
1.64603 0.109375

-0.890625 -0.0892562
-0.88338 -0.09375

0.03125 -0.0762571
0.046875 -0.0757375

0.046875 -0.0758136
0.0625 -0.0750196

-0.828125 -0.128929
-0.836196 -0.125

-0.828125 -0.129155
-0.8125 -0.134586

1.64336 0.109375
1.65625 0.113728

-0.8125 -0.134056
-0.796875 -0.137905

-0.78125 -0.141912
-0.786125 -0.140625

-0.796875 -0.137404
-0.784674 -0.140625

-0.78125 -0.142036
-0.765625 -0.146428

0.0625 -0.0751235
0.078125 -0.0736953

-2.92188 -0.0832513
-2.92842 -0.078125

-2.9375 -0.0757072
-2.92188 -0.0766825

-2.91471 -0.09375
-2.91729 -0.078125

-2.92188 -0.0691995
-2.90913 -0.078125

-2.93634 -0.015625
-2.93219 0

-2.875 -0.230661
-2.85938 -0.233735

-2.84375 -0.235118
-2.85072 -0.234375

-2.85938 -0.233499
-2.85116 -0.234375

-2.84375 -0.191675
-2.85441 -0.1875

-2.84375 -0.234719
-2.82812 -0.236344

-2.82812 -0.236146
-2.8125 -0.238976

-2.84375 -0.192875
-2.82812 -0.197585

-2.82812 -0.196026
-2.8125 -0.199785

-2.875 -0.181688
-2.85938 -0.184294

-2.875 -0.156634
-2.87081 -0.15625

-2.85938 -0.185271
-2.85325 -0.1875

-2.85938 -0.157508
-2.84717 -0.15625

-2.875 -0.154721
-2.85938 -0.155427

-2.85938 -0.156039
-2.85425 -0.15625

-2.84375 -0.158936
-2.83309 -0.15625

-2.83805 -0.15625
-2.82812 -0.153879

-2.82812 -0.151934
-2.8125 -0.146608

-2.8125 -0.239745
-2.79688 -0.242639

-2.79688 -0.244159
-2.78125 -0.242542

-2.79688 -0.204689
-2.80291 -0.203125

-2.8125 -0.200778
-2.80345 -0.203125

-2.79688 -0.204445
-2.78125 -0.207579

-2.78125 -0.244074
-2.76636 -0.234375

-2.76929 -0.234375
-2.76562 -0.225504

-2.76332 -0.234375
-2.75943 -0.21875

-2.76562 -0.213565
-2.78014 -0.203125

-2.76562 -0.209802
-2.75991 -0.21875

-2.8125 -0.147043
-2.79688 -0.144481

-2.79688 -0.14489
-2.78125 -0.143402

-2.78125 -0.143485
-2.76562 -0.142086

-2.76562 -0.142144
-2.75077 -0.140625

-2.65625 -0.257892
-2.6695 -0.25

0.078125 -0.0737856
0.09375 -0.0713351

1.65625 0.113621
1.67188 0.118574

1.67188 0.118327
1.6875 0.123194

1.6875 0.123197
1.6928 0.125

1.6929 0.125
1.70312 0.128478

1.70312 0.128719
1.71875 0.134061

1.71875 0.133973
1.73438 0.139063

1.73438 0.139555
1.73751 0.140625

1.74017 0.140625
1.75 0.143976

1.75 0.14454
1.76562 0.149796

1.76562 0.149634
1.78125 0.154536

1.78125 0.155248
1.7841 0.15625

1.78836 0.15625
1.79688 0.15924

-0.765625 -0.146226
-0.75 -0.15048

-2.65625 -0.262465
-2.64062 -0.255413

-0.859375 -0.111551
-0.862609 -0.109375

-0.875 -0.100665
-0.862617 -0.109375

-2.64062 -0.267412
-2.63735 -0.265625

-2.63957 -0.265625
-2.63449 -0.25

-0.859375 -0.111915
-0.84375 -0.121399

-2.625 -0.267094
-2.62367 -0.265625

-2.625 -0.264847
-2.62497 -0.265625

-2.70312 -0.203268
-2.70339 -0.203125

-2.70657 -0.203125
-2.70327 -0.1875

-2.6875 -0.218674
-2.68889 -0.203125

-2.70312 -0.193533
-2.69891 -0.203125

-2.75 -0.14064
-2.74989 -0.140625

-2.74966 -0.140625
-2.73438 -0.13851

1.79688 0.160353
1.8125 0.16576

-2.73438 -0.138544
-2.71875 -0.1355

-2.70343 -0.1875
-2.70312 -0.18742

-2.71875 -0.135167
-2.70312 -0.131838

-0.84375 -0.121304
-0.836158 -0.125

1.8125 0.165586
1.82812 0.169986

-2.70312 -0.131426
-2.6875 -0.129302

-2.67188 -0.249498
-2.67742 -0.234375

1.82812 0.170461
1.83283 0.171875

1.83926 0.171875
1.84375 0.173225

1.84375 0.174206
1.85938 0.18016

-0.71875 -0.159132
-0.732027 -0.15625

1.85938 0.181177
1.875 0.186353

-0.75 -0.150562
-0.734375 -0.154917

-2.68023 -0.234375
-2.67188 -0.21886

1.875 0.186553
1.87921 0.1875

0.09375 -0.0712948
0.109375 -0.067722

0.109375 -0.0672552
0.125 -0.0635741

-2.67188 -0.242518
-2.66735 -0.25

1.88587 0.1875
1.89062 0.188571

0.125 -0.0630567
0.131166 -0.0625

0.15625 -0.0635159
0.148014 -0.0625

-2.67188 -0.224897
-2.65625 -0.222533

-2.67494 -0.21875
-2.67188 -0.217363

-2.64518 -0.25
-2.64884 -0.234375

-2.65625 -0.22524
-2.64784 -0.234375

-0.734375 -0.154575
-0.726659 -0.15625

-2.6875 -0.129317
-2.67188 -0.129194

0.15625 -0.0644603
0.171875 -0.0675418

-0.71875 -0.158507
-0.703125 -0.160537

0.171875 -0.0678395
0.1875 -0.0696729

-0.703125 -0.160391
-0.6875 -0.161851

0.127958 -0.0625
0.140625 -0.0613563

-0.6875 -0.161904
-0.671875 -0.162979

0.140625 -0.0616798
0.147274 -0.0625

1.89062 0.188515
1.90625 0.193084

0.1875 -0.0694406
0.203125 -0.0698953

-2.67188 -0.128909
-2.65625 -0.131327

-0.671875 -0.163036
-0.65625 -0.163505

-2.65625 -0.131374
-2.64062 -0.136809

-0.65625 -0.163502
-0.640625 -0.163258

-2.625 -0.144506
-2.63417 -0.140625

1.90625 0.193859
1.92188 0.199487

-2.64062 -0.137421
-2.63305 -0.140625

-0.640625 -0.163254
-0.625 -0.162307

0.203125 -0.069749
0.21875 -0.0695825

-2.625 -0.144742
-2.60938 -0.149887

-2.60938 -0.149591
-2.59375 -0.152966

0.21875 -0.0694438
0.234375 -0.0692261

-2.59375 -0.153118
-2.57812 -0.155009

0.234375 -0.0694108
0.25 -0.0690498

-2.57812 -0.155191
-2.5625 -0.154933

-0.625 -0.162265
-0.609375 -0.160706

1.92188 0.200092
1.93332 0.203125

1.93532 0.203125
1.9375 0.203703

-2.5625 -0.15492
-2.54688 -0.152177

1.9375 0.203196
1.95312 0.206722

1.95312 0.206737
1.96875 0.211477

-2.54688 -0.150939
-2.53125 -0.148214

-0.609375 -0.160665
-0.59375 -0.158659

-2.53125 -0.147959
-2.51562 -0.148238

1.96875 0.211937
1.98438 0.216943

0.25 -0.068955
0.265625 -0.068271

1.98438 0.217258
1.98959 0.21875

1.99178 0.21875
2 0.2211

0 0.988735
0.00987138 1

0.3125 0.971485
0.302955 0.984375

0.302249 0.984375
0.3125 0.99484

0.3125 0.971599
0.325587 0.984375

0.3125 0.994069
0.325635 0.984375

0.265625 -0.0681291
0.28125 -0.0675959

0 1.01189
0.0137514 1

0.28125 -0.0676312
0.296875 -0.0674619

0.296875 -0.0675071
0.3125 -0.0675408

-0.59375 -0.158646
-0.578125 -0.1563

0.3125 -0.0674858
0.328125 -0.0677422

0.328125 -0.0676163
0.34375 -0.0684572

-2.51562 -0.150564
-2.5 -0.150113

0.34375 -0.0685229
0.359375 -0.0700686

-0.578125 -0.156268
-0.578015 -0.15625

0.53125 0.993814
0.525565 1

-0.578071 -0.15625
-0.5625 -0.153679

-2.50877 -0.140625
-2.5 -0.139142

-0.5625 -0.153514
-0.546875 -0.151114

0.359375 -0.0701358
0.375 -0.0721205

-2.9881 0
-2.99162 0.015625

-2.992 0.015625
-2.99177 0.03125

-0.546875 -0.151294
-0.53125 -0.149045

-2.99058 0.03125
-2.98843 0.046875

-0.53125 -0.149235
-0.515625 -0.146396

-2.99014 0.046875
-2.98799 0.0625

-2.98438 0.0419233
-2.98372 0.046875

0.375 -0.0721592
0.390625 -0.074371

-2.98423 0.046875
-2.98207 0.0625

-0.515625 -0.146243
-0.5 -0.142741

0.53125 0.99759
0.533665 1

-2.95778 0
-2.95312 0.00327538

-2.95312 0.00253004
-2.9375 0.00141178

-2.98803 0.0625
-2.98536 0.078125

0.390625 -0.0744014
0.40625 -0.0767022

-2.98402 0.0625
-2.98152 0.078125

-2.98371 0.078125
-2.98198 0.09375

0.640625 0.968427
0.65625 0.953132

-2.98345 0.09375
-2.97615 0.125

-2.9375 0.00182042
-2.93504 0

0.421875 -0.0791501
0.414994 -0.078125

-3 0.125802
-2.99986 0.125

0.40625 -0.0766238
0.416326 -0.078125

0.421875 -0.0793047
0.4375 -0.0811105

-3 0.163053
-2.96974 0.1875

-2.96875 0.125314
-2.95927 0.140625

0.643809 0.96875
0.65625 0.986676

-0.5 -0.142296
-0.492544 -0.140625

-0.489832 -0.140625
-0.484375 -0.139402

0.4375 -0.0810744
0.453125 -0.0818821

-0.484375 -0.139137
-0.46875 -0.135839

-2.96197 0.140625
-2.95549 0.15625

0.65625 0.95257
0.657744 0.953125

-2.95312 0.153429
-2.95196 0.15625

0.453125 -0.0818442
0.46875 -0.0818017

0.46875 -0.0817801
0.484375 -0.0810062

0.65625 0.956368
0.671875 0.967689

0.484375 -0.0809716
0.5 -0.0795787

0.671875 0.968077
0.672217 0.96875

0.65625 0.989239
0.676037 0.96875

-0.46875 -0.136355
-0.453125 -0.132073

-0.453125 -0.131702
-0.4375 -0.126146

-2.95371 0.15625
-2.95312 0.163087

-0.4375 -0.125675
-0.43558 -0.125

0.734375 0.888618
0.730235 0.890625

0.729649 0.890625
0.727484 0.90625

0.742149 0.890625
0.748475 0.90625

0.728393 0.90625
0.734375 0.910373

-2.95312 0.174751
-2.95686 0.1875

-2.95246 0.15625
-2.94958 0.171875

-0.435007 -0.125
-0.421875 -0.120382

-0.421875 -0.120892
-0.40625 -0.114977

0.734375 0.910638
0.75 0.906469

-2.94993 0.171875
-2.95272 0.1875

-2.99693 0.1875
-2.96875 0.206317

-0.40625 -0.11442
-0.394223 -0.109375

-0.39248 -0.109375
-0.390625 -0.108597

-2.97516 0.21875
-2.96875 0.223034

-2.96875 0.205508
-2.94751 0.1875

0.5 -0.0793827
0.512066 -0.078125

-2.96875 0.229765
-2.94313 0.21875

0.75 0.906409
0.750112 0.90625

0.514641 -0.078125
0.515625 -0.0780225

0.515625 -0.0780032
0.53125 -0.0760325

0.53125 -0.0759775
0.546875 -0.0733548

-0.390625 -0.108263
-0.375 -0.101392

-2.94074 0.25
-2.9375 0.253135

-2.9375 0.27721
-2.92139 0.28125

0.546875 -0.0733389
0.5625 -0.070206

0.5625 -0.0702514
0.578125 -0.0665492

0.578125 -0.0665443
0.592621 -0.0625

-0.25 -0.220741
-0.262533 -0.21875

-0.262485 -0.21875
-0.25 -0.217474

-2.90625 0.297591
-2.91281 0.3125

-2.90625 0.257655
-2.89828 0.265625

0.529272 1
0.53125 1.00198

0.53125 1.00569
0.537443 1

0.592811 -0.0625
0.59375 -0.062238

0.59375 -0.0624704
0.609375 -0.056893

-0.375 -0.100721
-0.359375 -0.0943377

-0.359375 -0.0946909
-0.35688 -0.09375

-2.90625 0.310297
-2.875 0.309656

-2.90654 0.3125
-2.90625 0.314897

-2.88275 0.3125
-2.8881 0.34375

-2.89477 0.34375
-2.875 0.351861

-0.355841 -0.09375
-0.34375 -0.0891896

-0.34375 -0.0887472
-0.328125 -0.0827373

0.609375 -0.0563537
0.625 -0.0500728

-2.875 0.309963
-2.87272 0.3125

-2.87492 0.3125
-2.86747 0.34375

-2.875 0.356803
-2.85986 0.34375

0.625 -0.0502778
0.633695 -0.046875

0.633139 -0.046875
0.640625 -0.0439451

-0.328125 -0.0824511
-0.314286 -0.078125

0.640625 -0.0438933
0.65625 -0.0380725

-2.75382 0.375
-2.76712 0.40625

0.65625 -0.0377394
0.671875 -0.0332172

-0.3125 -0.078029
-0.296875 -0.073918

0.671875 -0.0336884
0.682689 -0.03125

-2.763 0.40625
-2.75 0.417314

-0.296875 -0.0736704
-0.28125 -0.0699673

0.68286 -0.03125
0.6875 -0.0302037

-0.28125 -0.069694
-0.265625 -0.0674404

-0.265625 -0.0674514
-0.25 -0.0671718

-2.75789 0.4375
-2.75 0.440961

-2.67188 0.0468229
-2.67233 0.046875

2 0.220953
2.01562 0.225798

2.01562 0.22611
2.03125 0.231508

0.734375 -0.0842328
0.727269 -0.078125

0.726152 -0.078125
0.726281 -0.0625

-0.25 -0.221219
-0.249272 -0.21875

0.734375 -0.0839438
0.75 -0.0841377

-0.25 -0.216887
-0.249064 -0.21875

0.6875 -0.030582
0.703125 -0.0262814

2.03125 0.231876
2.03929 0.234375

-0.25 -0.0672252
-0.234375 -0.068791

2.04023 0.234375
2.04688 0.236439

0.703125 -0.0259458
0.71875 -0.0207287

0.728271 -0.0625
0.734375 -0.0571304

-2.67188 0.0556588
-2.6863 0.0625

0.734375 -0.0584104
0.75 -0.0541155

2.04688 0.236384
2.0625 0.240652

-0.234375 -0.0690108
-0.21875 -0.0718754

2.0625 0.240676
2.07812 0.244735

-2.67188 0.0467852
-2.67174 0.046875

0.71875 -0.020277
0.734375 -0.0157179

-2.67188 0.0550359
-2.66842 0.0625

2.07812 0.244792
2.09375 0.24848

0.734375 -0.0167052
0.737579 -0.015625

2.09375 0.248605
2.10057 0.25

-2.6858 0.0625
-2.67188 0.0674843

-0.21875 -0.072471
-0.203125 -0.0750036

-0.203125 -0.0749638
-0.1875 -0.0760527

2.10171 0.25
2.10938 0.251568

2.10938 0.251473
2.125 0.254588

-2.67188 0.0690392
-2.66774 0.0625

-0.171875 -0.0781949
-0.17514 -0.078125

-0.1875 -0.0757769
-0.171875 -0.0760386

2.125 0.254573
2.14062 0.258047

-2.75 0.375293
-2.73438 0.387321

-2.74129 0.390625
-2.73926 0.40625

0.738143 -0.015625
0.75 -0.0116274

-2.73438 0.391438
-2.73143 0.40625

2.14062 0.258069
2.15625 0.261887

2.15625 0.26204
2.17094 0.265625

-0.171875 -0.0795996
-0.15902 -0.078125

0.75 -0.0844748
0.757504 -0.078125

-2.75 0.421666
-2.7211 0.40625

0.754654 -0.078125
0.762167 -0.0625

2.171 0.265625
2.17188 0.265839

0.75 -0.0519504
0.765625 -0.0580596

-2.71875 0.406194
-2.71872 0.40625

0.765625 -0.0571597
0.78125 -0.0482159

-2.71875 0.406637
-2.71868 0.40625

-0.171875 -0.0763423
-0.15625 -0.074508

-2.71875 0.422104
-2.71853 0.421875

2.17188 0.265844
2.1875 0.269359

2.1875 0.269384
2.20312 0.272566

2.20312 0.272592
2.21875 0.27534

-2.75 0.440394
-2.73467 0.4375

-2.71875 0.438807
-2.7176 0.4375

0.76738 -0.046875
0.78125 -0.0328634

0.75 -0.0105492
0.765625 -0.00437459

-0.15625 -0.0785097
-0.153941 -0.078125

-0.15625 -0.073611
-0.140625 -0.0709929

2.21875 0.275361
2.23438 0.27758

2.23438 0.277589
2.25 0.279219

-2.6875 0.45283
-2.67188 0.45283

-2.6875 0.453303
-2.67188 0.453303

0.765625 -0.00416715
0.779646 0

0.78125 -0.0471801
0.782098 -0.046875

0.796875 -0.0418776
0.790349 -0.03125

2.25 0.279212
2.26562 0.28025

0.801256 -0.046875
0.801251 -0.03125

-0.125 -0.0788674
-0.127651 -0.078125

-2.3125 -0.438406
-2.31341 -0.4375

-0.140625 -0.0687767
-0.125 -0.0727495

-2.31353 -0.4375
-2.32429 -0.421875

-0.140625 -0.062056
-0.138473 -0.0625

2.26562 0.280174
2.28125 0.280786

0.78125 -0.000157176
0.781847 0

2.28125 0.280736
2.29688 0.281173

-2.32279 -0.421875
-2.32684 -0.40625

0.875 -0.0776268
0.866074 -0.0625

-2.32766 -0.40625
-2.32637 -0.390625

0.843276 -0.046875
0.84375 -0.0372181

-0.109375 -0.085404
-0.124244 -0.078125

0.859375 -0.0538704
0.850848 -0.046875

2.29688 0.28103
2.30192 0.28125

-2.32618 -0.390625
-2.3183 -0.375

2.30253 0.28125
2.3125 0.281685

-0.125 -0.0736395
-0.115855 -0.078125

-2.3125 -0.437899
-2.29688 -0.449887

-0.109375 -0.0845528
-0.09375 -0.0876953

2.3125 0.327542
2.31141 0.328125

-0.09375 -0.0867783
-0.078125 -0.0863436

-2.28125 -0.453463
-2.28382 -0.453125

0.84375 -0.0430125
0.846545 -0.03125

2.30946 0.328125
2.30077 0.34375

0.859375 -0.0491627
0.875 -0.0581492

2.30523 0.34375
2.3125 0.355376

0.875 -0.0341445
0.871721 -0.03125

0.854601 -0.03125
0.859375 -0.0287956

-0.078125 -0.0860056
-0.0625 -0.0845037

-0.0625 -0.0844155
-0.046875 -0.0826987

-0.046875 -0.0826761
-0.03125 -0.0809662

0.859375 -0.0280655
0.868107 -0.03125

2.3125 0.281491
2.32812 0.283144

2.32838 0.28125
2.34375 0.288181

-2.29257 -0.453125
-2.28125 -0.451231

-2.28125 -0.454098
-2.27922 -0.453125

-0.03125 -0.0809531
-0.015625 -0.0793213

-0.015625 -0.0792686
-0.00313665 -0.078125

-0.0028952 -0.078125
0 -0.0778599

-2.27622 -0.453125
-2.26562 -0.437832

-2.26562 -0.438382
-2.26542 -0.4375

0.890625 -0.0802948
0.882158 -0.078125

0.875 -0.0773631
0.876377 -0.078125

2.34375 0.28473
2.35548 0.296875

2.35497 0.296875
2.3556 0.3125

-2.28219 -0.4375
-2.28125 -0.43162

-2.28125 -0.37766
-2.2828 -0.375

0.890625 -0.0789148
0.892266 -0.078125

0.900156 -0.078125
0.905668 -0.0625

2.32812 0.3259
2.32087 0.328125

2.3125 0.332741
2.31891 0.328125

2.34375 0.322493
2.33255 0.328125

2.32812 0.330924
2.33539 0.328125

2.3125 0.354942
2.31552 0.359375

2.31857 0.359375
2.32812 0.36766

-2.27342 -0.4375
-2.27651 -0.421875

-2.27699 -0.421875
-2.27745 -0.40625

-2.26562 -0.436473
-2.26538 -0.4375

-2.27534 -0.40625
-2.27663 -0.390625

-2.28125 -0.380247
-2.27648 -0.390625

-2.32099 -0.375
-2.3125 -0.365511

-1.67188 0.77686
-1.65625 0.77686

-1.67328 0.796875
-1.67188 0.798786

0.90625 -0.0774953
0.908631 -0.0625

0.875 -0.051134
0.890625 -0.0605077

0.875 -0.0335299
0.883316 -0.046875

0.890625 -0.0541165
0.901246 -0.0625

0.90625 -0.0570261
0.910685 -0.0625

-1.65625 0.796556
-1.66792 0.796875

-1.67188 0.799689
-1.65625 0.799603

2.32812 0.370141
2.33744 0.375

2.34375 0.325092
2.35477 0.3125

-2.3125 -0.365629
-2.29688 -0.360773

-1.48438 0.631347
-1.4867 0.640625

0.78214 0
0.796875 0.00387896

0.796875 0.00386118
0.8125 0.00885247

2.34292 0.375
2.34375 0.375421

0.8125 0.00935124
0.828125 0.0142659

2.34375 0.376053
2.35938 0.379519

-1.48672 0.640625
-1.48438 0.644212

2.35938 0.379414
2.375 0.381577

-2.29688 -0.362007
-2.28125 -0.374927

2.375 0.381339
2.39062 0.382885

-2.46875 -0.157638
-2.47453 -0.15625

-1.48438 0.633597
-1.46875 0.638831

-2.5 -0.148986
-2.48438 -0.152258

-2.5 -0.134562
-2.48438 -0.139839

-1.48438 0.643812
-1.46875 0.6419

0.828125 0.0146503
0.831762 0.015625

-2.48438 -0.154122
-2.47829 -0.15625

-1.46875 0.638997
-1.46841 0.640625

-1.46875 0.641793
-1.46816 0.640625

0.83488 0.015625
0.84375 0.018002

-2.48438 -0.137187
-2.4826 -0.140625

0.84375 0.0177668
0.859375 0.0226003

-2.45312 -0.160843
-2.46591 -0.15625

0.859375 0.0228646
0.875 0.0288416

2.39062 0.38276
2.40625 0.384414

2.40625 0.384373
2.42188 0.386466

0.875 0.0291308
0.879882 0.03125

0.881259 0.03125
0.890625 0.0353157

-2.4375 -0.186528
-2.45249 -0.171875

2.42188 0.386471
2.4375 0.389076

0.890625 0.036031
0.90625 0.0428051

-2.44069 -0.171875
-2.45184 -0.15625

0.90625 0.043598
0.917591 0.046875

2.4375 0.389247
2.44512 0.390625

2.44544 0.390625
2.45312 0.392013

-2.45312 -0.145045
-2.4375 -0.152864

0.921875 0.0473391
0.9375 0.0495556

-2.4375 -0.179759
-2.42188 -0.184492

-2.42188 -0.182326
-2.40625 -0.180688

0.9375 0.0492678
0.953125 0.0509699

-2.40625 -0.18014
-2.39062 -0.17756

-0.75 0.904458
-0.751325 0.90625

-2.39062 -0.177481
-2.375 -0.175214

2.45312 0.392153
2.46875 0.394687

0.953125 0.0515416
0.96875 0.0521615

-2.375 -0.175269
-2.35938 -0.173363

0.984375 0.0451686
0.979434 0.046875

-2.35938 -0.173394
-2.34556 -0.171875

2.46875 0.394784
2.48438 0.39661

-2.3455 -0.171875
-2.34375 -0.171683

-0.751044 0.90625
-0.75 0.917753

-2.34375 -0.171704
-2.32812 -0.170057

0.96875 0.0541651
0.984375 0.0488113

-2.32812 -0.170059
-2.3125 -0.168426

-0.75 0.90424
-0.734375 0.902641

-2.3125 -0.168429
-2.29688 -0.1668

-0.734375 0.902166
-0.730444 0.90625

0.984375 0.0454795
1 0.0364671

2.48438 0.396696
2.5 0.397447

0.984375 0.0485458
0.987252 0.046875

-0.75 0.913534
-0.740192 0.921875

-2.29688 -0.166777
-2.28125 -0.165191

1 0.0773084
0.999349 0.078125

-0.745687 0.921875
-0.734375 0.922752

-2.28125 -0.165181
-2.26562 -0.1637

-2.26562 -0.163721
-2.25 -0.162321

-2.34375 -0.118954
-2.35711 -0.109375

2.98438 -0.0871755
2.97251 -0.078125

2.9799 -0.078125
2.9759 -0.0625

2.98438 -0.0843909
3 -0.0806457

2.98479 -0.078125
2.99315 -0.0625

2.96875 -0.0614096
2.98438 -0.0512915

0.993753 0.078125
1 0.0926557

-2.35427 -0.109375
-2.34375 -0.0974412

-2.34375 -0.117351
-2.33504 -0.109375

-2.34375 -0.0947781
-2.33378 -0.109375

-2.34375 -0.0926485
-2.3401 -0.09375

2.98438 -0.0572017
3 -0.0612089

2.98438 -0.0461542
2.98902 -0.046875

-0.731012 0.90625
-0.732814 0.921875

-0.734375 0.923249
-0.732569 0.921875

2.71875 0.214918
2.71669 0.21875

-2.25 -0.162365
-2.23438 -0.160916

-2.23438 -0.160947
-2.21875 -0.159301

2.70312 0.242286
2.6975 0.25

2.71875 0.224725
2.71429 0.234375

2.71396 0.234375
2.70354 0.25

2.71875 0.20974
2.73438 0.203131

2.73438 0.209211
2.74376 0.21875

2.71875 0.221476
2.72145 0.21875

-2.21875 -0.159284
-2.20312 -0.157412

-2.20312 -0.157352
-2.19432 -0.15625

2.74155 0.21875
2.75 0.232216

0 0.984992
-0.0128276 1

-2.19421 -0.15625
-2.1875 -0.155409

-0.00970372 1
0 1.00857

-2.1875 -0.155375
-2.17188 -0.153493

-2.17188 -0.153525
-2.15625 -0.151706

-2.15625 -0.151717
-2.14062 -0.149877

2.74972 0.234375
2.75 0.234938

1.01562 0.0310971
1.01513 0.03125

1.01562 0.0310413
1.03125 0.0304516

-2.14062 -0.149893
-2.125 -0.147979

1 0.0356394
1.01385 0.03125

1.01562 0.0320293
1.03125 0.0314305

-2.07814 -0.203125
-2.07976 -0.1875

1.03125 0.0311261
1.03255 0.03125

2.5625 0.261815
2.55711 0.265625

1.03125 0.0312724
1.04688 0.032766

-2.0625 -0.206136
-2.06686 -0.203125

1.04688 0.0330124
1.0625 0.0354148

2.55606 0.265625
2.55476 0.28125

1 0.0762297
1.01562 0.0737541

-2.07244 -0.203125
-2.07179 -0.1875

1 0.083548
1.0122 0.078125

2.55453 0.28125
2.5625 0.287516

-2.125 -0.148101
-2.10938 -0.145839

2.5625 0.261108
2.57812 0.26445

1.01569 0.0625
1.01976 0.078125

2.57559 0.265625
2.57812 0.276097

-2.10938 -0.145445
-2.09375 -0.143381

1.03139 0.0625
1.03139 0.078125

2.57812 0.265399
2.57831 0.265625

1.04688 0.0767717
1.04688 0.078125

-2.09401 -0.140625
-2.09375 -0.140508

-2.08015 -0.1875
-2.07812 -0.184917

2.57886 0.265625
2.57952 0.28125

-2.07493 -0.1875
-2.0625 -0.18155

1.04688 0.0782404
1.04699 0.078125

-2.09375 -0.143293
-2.07812 -0.142411

1.0625 0.0355869
1.07812 0.0380507

1.07812 0.0383407
1.09375 0.0399415

2.5625 0.287108
2.57812 0.283385

2.57812 0.283991
2.58016 0.28125

-2.09375 -0.140503
-2.09091 -0.140625

-2.07812 -0.143304
-2.0625 -0.141995

1.09375 0.0400627
1.10938 0.0399779

1.10938 0.0394781
1.125 0.0384652

2.5 0.397435
2.51562 0.396965

2.51562 0.396855
2.53125 0.395406

-2.07812 -0.140547
-2.07776 -0.140625

-2.0625 -0.210578
-2.04688 -0.20615

2.53125 0.395269
2.54688 0.393333

2.54688 0.39317
2.5625 0.391347

1.125 0.0382867
1.14062 0.0377022

1.14062 0.0378377
1.15625 0.0377678

-2.04688 -0.202799
-2.05096 -0.1875

-2.04688 -0.208109
-2.04377 -0.203125

2.57812 0.390037
2.57078 0.390625

-2.04688 -0.190205
-2.04522 -0.203125

1.15625 0.0378085
1.17188 0.0379009

-2.0625 -0.182946
-2.04999 -0.1875

2.5625 0.391215
2.57137 0.390625

2.57812 0.390612
2.59375 0.388895

1.17188 0.037925
1.1875 0.0380501

2.59375 0.417591
2.59063 0.421875

-2.0625 -0.140611
-2.04688 -0.139835

-2.04688 -0.14051
-2.03125 -0.140102

1.1875 0.0380371
1.20312 0.0381728

1.20312 0.0381626
1.21875 0.0383553

2.58857 0.421875
2.59197 0.4375

2.59375 0.388901
2.60938 0.38554

-2.03125 -0.140489
-2.01562 -0.138327

-2.01562 -0.137393
-2 -0.134572

1.21875 0.0383491
1.23438 0.0386317

1.23438 0.0386267
1.25 0.0390215

-2.09375 -0.121165
-2.10383 -0.109375

-2.10597 -0.109375
-2.09613 -0.09375

2.60938 0.385024
2.625 0.38104

1.25 0.0390139
1.26562 0.039546

1.26562 0.0395336
1.28125 0.040243

-2.09501 -0.09375
-2.09375 -0.0932785

2.59375 0.416381
2.60938 0.412163

1.28125 0.0402341
1.29688 0.0411634

-2.09375 -0.122848
-2.07812 -0.114432

1.29688 0.0411728
1.3125 0.0423211

2.59375 0.434898
2.59907 0.4375

1.3125 0.0423464
1.32812 0.0436442

-2.09375 -0.0946793
-2.07812 -0.106603

-2.07812 -0.118301
-2.07536 -0.109375

1.32812 0.0436735
1.34375 0.0450114

1.34375 0.0450064
1.35938 0.0463357

2.60938 0.409088
2.62065 0.421875

2.61832 0.421875
2.61205 0.4375

2.59183 0.4375
2.59375 0.439009

2.59375 0.438068
2.60938 0.43919

2.625 0.468536
2.62383 0.46875

-2 -0.0819396
-2.00271 -0.078125

2.60938 0.482781
2.60884 0.484375

1.35938 0.0462939
1.3657 0.046875

1.3659 0.046875
1.375 0.0477114

2.60902 0.484375
2.60938 0.48543

1.375 0.0477507
1.39062 0.0493336

2.60938 0.482557
2.625 0.471762

2.60938 0.486403
2.625 0.496771

1.39062 0.0493565
1.40625 0.0509774

1.40625 0.0508541
1.42188 0.0527136

-2.40625 0.341491
-2.41008 0.34375

-2.41063 0.34375
-2.40966 0.359375

-2.40625 0.341538
-2.39649 0.34375

-2.3972 0.34375
-2.39957 0.359375

-2.40625 0.360535
-2.40041 0.359375

2.67188 0.372232
2.66075 0.375

2.67188 0.371926
2.6875 0.365275

1.42188 0.0526799
1.4375 0.0550918

1.4375 0.0551051
1.45312 0.0581106

1.45312 0.058112
1.46875 0.0616816

1.46875 0.0617172
1.47198 0.0625

1.47128 0.0625
1.48438 0.0656698

2.69662 0.25
2.6969 0.265625

2.69836 0.265625
2.70312 0.27162

2.70312 0.262046
2.70319 0.265625

2.70312 0.269563
2.71808 0.28125

2.71812 0.28125
2.71875 0.281555

-2.01562 0.728492
-2.02153 0.734375

1.48438 0.0657629
1.5 0.0691614

2.71875 0.280506
2.72333 0.28125

2.75 0.277262
2.74135 0.28125

2.72395 0.28125
2.73438 0.282941

2.73438 0.283736
2.74173 0.28125

-2.02833 0.734375
-2.01562 0.744467

-2.01562 0.721701
-2.00555 0.734375

2.6875 0.363293
2.6989 0.359375

2.70312 0.359245
2.71875 0.356482

-2.01562 0.738186
-2.01183 0.734375

2.71875 0.356979
2.73438 0.353577

2.73438 0.352886
2.75 0.34923

2.625 0.380918
2.64062 0.377588

2.64062 0.377659
2.65625 0.375086

2.65625 0.375849
2.65967 0.375

2.62962 0.46875
2.62874 0.5

2.74036 0.375
2.74476 0.390625

2.74296 0.390625
2.75 0.394808

2.7487 0.40625
2.75 0.407228

2.8125 0.165816
2.8096 0.171875

2.8125 0.177875
2.81086 0.1875

2.75 0.235129
2.75745 0.25

2.8125 0.192055
2.81176 0.203125

2.80955 0.203125
2.8125 0.218699

2.8123 0.21875
2.8125 0.219139

2.84375 0.155417
2.84001 0.15625

2.8125 0.169873
2.82655 0.15625

2.8125 0.185345
2.81517 0.171875

2.82812 0.158894
2.83831 0.15625

2.84375 0.155424
2.85938 0.155379

2.85938 0.155958
2.86368 0.15625

2.84375 0.156281
2.85173 0.15625

2.85938 0.156432
2.875 0.157494

2.8125 0.202635
2.81352 0.1875

2.8125 0.217229
2.8128 0.21875

2.8125 0.219115
2.82508 0.234375

2.82138 0.234375
2.82812 0.239683

2.82812 0.234344
2.82828 0.234375

2.82812 0.239054
2.84375 0.241293

2.84375 0.232025
2.85746 0.234375

2.85285 0.234375
2.85938 0.236824

2.85938 0.236472
2.8697 0.25

3 0.119609
2.99438 0.125

2.875 0.157503
2.89062 0.157563

2.89062 0.157276
2.90625 0.156809

2.92188 0.156137
2.92085 0.15625

-2 -0.135172
-1.98438 -0.13236

-1.98438 -0.132279
-1.96875 -0.128437

2.9375 0.150232
2.92356 0.15625

2.90722 0.15625
2.92188 0.157001

2.92188 0.156477
2.92497 0.15625

2.93582 0.171875
2.92907 0.1875

-1.96875 -0.128259
-1.95718 -0.125

-2 -0.0795248
-1.98438 -0.0820586

-1.99602 -0.078125
-1.99903 -0.0625

-1.98438 -0.0707972
-1.96875 -0.0650003

-1.95684 -0.125
-1.95312 -0.123954

2.93685 0.1875
2.93065 0.203125

2.92188 0.205317
2.93646 0.203125

-1.95312 -0.124445
-1.9375 -0.118662

-1.96875 -0.0627775
-1.95312 -0.0642193

2.90625 0.228178
2.92607 0.21875

2.95312 0.139399
2.94734 0.140625

2.93807 0.140625
2.95312 0.144793

2.95312 0.1372
2.96057 0.140625

2.95837 0.140625
2.96486 0.15625

2.95312 0.15942
2.94826 0.171875

2.94463 0.171875
2.94215 0.1875

2.95312 0.161372
2.95517 0.15625

2.95319 0.171875
2.96047 0.1875

3 0.152933
2.9951 0.15625

3 0.182342
2.98961 0.1875

2.9375 0.194568
2.96875 0.194014

2.94297 0.21875
2.95182 0.25

2.96875 0.204966
3 0.188549

2.76142 0.25
2.76215 0.265625

2.75 0.279741
2.76222 0.265625

2.76562 0.25511
2.76629 0.265625

2.75 0.34138
2.76027 0.34375

2.76054 0.34375
2.76562 0.349655

2.76021 0.359375
2.75154 0.375

-1.95312 -0.0630328
-1.9375 -0.0650835

-1.98662 -0.0625
-1.98438 -0.0608561

2.76562 0.348348
2.76876 0.359375

2.76562 0.371693
2.76583 0.375

-1.98438 -0.0607039
-1.96918 -0.046875

-1.96517 -0.046875
-1.95312 -0.0416677

-1.95312 -0.0404888
-1.9375 -0.0396897

2.79688 0.363488
2.78669 0.375

2.8125 0.352063
2.80313 0.359375

2.79688 0.362866
2.80106 0.359375

-1.9375 -0.11917
-1.92188 -0.109862

-1.92188 -0.112704
-1.91762 -0.109375

2.86546 0.25
2.8718 0.265625

-1.91705 -0.109375
-1.90923 -0.09375

-1.92188 -0.0889932
-1.92341 -0.078125

-1.9375 -0.0680936
-1.92188 -0.0662138

-1.92188 -0.0883535
-1.91471 -0.078125

-1.92188 -0.0747218
-1.91614 -0.078125

-1.90625 -0.0832043
-1.89062 -0.0806327

-1.89062 -0.0845162
-1.875 -0.0823567

2.87155 0.265625
2.875 0.273069

2.85938 0.301061
2.84616 0.3125

-1.92244 -0.0625
-1.92188 -0.0575943

-1.9375 -0.0378918
-1.92481 -0.046875

-1.92188 -0.050005
-1.92116 -0.0625

2.87345 0.28125
2.86511 0.296875

2.85938 0.311872
2.875 0.302899

-1.875 -0.0808681
-1.86688 -0.078125

-1.87007 -0.078125
-1.85938 -0.0745093

2.82812 0.340237
2.82462 0.34375

2.84375 0.321455
2.83807 0.328125

-1.85938 -0.0748372
-1.84375 -0.0709129

-1.84375 -0.0709535
-1.82812 -0.0685488

-1.82812 -0.0682596
-1.8125 -0.0678716

2.82812 0.337055
2.83679 0.328125

2.8125 0.353637
2.82358 0.34375

-1.8125 -0.0679081
-1.79688 -0.0700423

-1.79688 -0.0703578
-1.78125 -0.0743099

2.84375 0.322143
2.85559 0.3125

2.75 0.387368
2.78125 0.391374

-1.76562 -0.0788158
-1.76811 -0.078125

-1.78125 -0.0747646
-1.76915 -0.078125

-1.75 -0.0840526
-1.76524 -0.078125

2.75 0.40906
2.78121 0.40625

2.78125 0.380814
2.78859 0.375

2.78125 0.410463
2.78511 0.40625

2.8125 0.375279
2.8128 0.375

2.8125 0.406938
2.81289 0.40625

2.875 0.276977
2.88839 0.28125

2.90625 0.25004
2.89817 0.265625

2.89062 0.279267
2.89349 0.265625

-1.71875 -0.0988414
-1.73162 -0.09375

-1.75 -0.0853302
-1.73438 -0.0927362

-1.73438 -0.0932619
-1.73314 -0.09375

-1.71875 -0.0986693
-1.70312 -0.104116

2.875 0.299484
2.90625 0.283517

2.90625 0.287466
2.93422 0.28125

2.875 0.312623
2.87524 0.3125

-1.70312 -0.104529
-1.6875 -0.108915

-1.67188 -0.111592
-1.68378 -0.109375

-1.6875 -0.108814
-1.68449 -0.109375

-1.67188 -0.111474
-1.65625 -0.113609

-1.65625 -0.113547
-1.64062 -0.115323

2.9375 0.284569
2.95879 0.25

-1.64062 -0.115275
-1.625 -0.116912

3 -0.0952864
3.00268 -0.09375

3 -0.0876155
3.00876 -0.0625

3 -0.0509825
3.00981 -0.0625

-1.54688 -0.125218
-1.54904 -0.125

-1.54688 -0.125232
-1.53125 -0.126629

3.0625 -0.00662976
3.04259 0

3.125 -0.00452843
3.10003 0

3.25 -0.00378287
3.2144 0

-1.53125 -0.126635
-1.51562 -0.127818

-1.51562 -0.127824
-1.5 -0.128769

-1.625 -0.116896
-1.60938 -0.118522

-1.60938 -0.11851
-1.59375 -0.120185

3.5 -0.00288549
3.42164 0

3.03125 0.0213578
3.02595 0.03125

-1.59375 -0.120199
-1.57812 -0.121918

-1.57812 -0.121943
-1.5625 -0.12363

3.02902 0.03125
3.02479 0.0625

3.03125 0.0164333
3.05199 0

-1.5625 -0.123645
-1.54903 -0.125

3.02835 0.0625
3.02648 0.09375

3.02546 0.09375
3.02183 0.125

3.0625 0.0140468
3.09762 0

3 0.174832
3.02973 0.125

3 0.193446
3.00493 0.1875

3.125 0.0090365
3.19428 0

3.25 0.00382254
3.35059 0

4 -0.00406454
3.62105 0

3.5 9.01593e-05
3.50841 0

-1.78125 0.312738
-1.78101 0.3125

2.46875 0.514068
2.46476 0.515625

2.46392 0.515625
2.46153 0.53125

2.46064 0.53125
2.46875 0.53511

2.46875 0.514849
2.47129 0.515625

2.47478 0.515625
2.47771 0.53125

2.46875 0.534536
2.47735 0.53125

2.62411 0.5
2.625 0.500206

2.625 0.501427
2.62808 0.5

-1.5 -0.128781
-1.48438 -0.129452

-1.48438 -0.129453
-1.46875 -0.129822

-1.46875 -0.129837
-1.45312 -0.129872

-1.45312 -0.129913
-1.4375 -0.129504

-1.4375 -0.129522
-1.42188 -0.12855

-1.42188 -0.128531
-1.40625 -0.126996

-1.40625 -0.127004
-1.39118 -0.125

-1.39095 -0.125
-1.39062 -0.124956

-1.39062 -0.124851
-1.375 -0.122362

-1.375 -0.122259
-1.35938 -0.119716

-1.35938 -0.119686
-1.34375 -0.117354

-1.34375 -0.117695
-1.32812 -0.114951

-1.32812 -0.114614
-1.3125 -0.111451

-1.3125 -0.110625
-1.29688 -0.109547

-1.30325 -0.109375
-1.29688 -0.108936

-1.29688 -0.109561
-1.28125 -0.112206

-1.29688 -0.109282
-1.29632 -0.109375

-1.28125 -0.112894
-1.26562 -0.117678

-1.26562 -0.118124
-1.25 -0.122777

-1.23438 -0.126059
-1.24022 -0.125

-1.23438 -0.126006
-1.21875 -0.126224

-1.21875 -0.12605
-1.21069 -0.125

-1.17188 -0.125008
-1.18517 -0.125

-1.17188 -0.125473
-1.16936 -0.125

-1.25 -0.123148
-1.23978 -0.125

-1.21075 -0.125
-1.20312 -0.124006

-1.20312 -0.124449
-1.1875 -0.119638

-1.1875 -0.124957
-1.17188 -0.11996

-1.18162 -0.109375
-1.17624 -0.09375

-1.17188 -0.123247
-1.15625 -0.120749

-1.17188 -0.0949883
-1.15625 -0.103787

-1.18337 -0.09375
-1.17188 -0.0886876

-1.17188 -0.0920215
-1.16623 -0.09375

-1.15625 -0.118576
-1.14062 -0.114565

-1.15625 -0.106852
-1.1463 -0.109375

-1.14062 -0.113092
-1.12897 -0.109375

-1.1317 -0.109375
-1.125 -0.107394

-1.15625 -0.0893526
-1.15106 -0.09375

-1.125 -0.10796
-1.10938 -0.10364

-1.10938 -0.10349
-1.09375 -0.0998994

-1.09375 -0.100052
-1.07812 -0.0971852

-1.07812 -0.0972737
-1.0625 -0.0946495

-1.0625 -0.0946771
-1.05666 -0.09375

-1.05731 -0.09375
-1.04688 -0.0920939

-1.04688 -0.0921062
-1.03125 -0.0899027

-1.03125 -0.0898654
-1.01562 -0.088061

-1.01562 -0.0879745
-1 -0.0868171

-1.26562 0.120636
-1.2666 0.125

-1.26562 0.121469
-1.25 0.120211

-1.26662 0.125
-1.26562 0.126932

-1.26562 0.127017
-1.25 0.12747

-1.25 0.118632
-1.24852 0.125

-1.25 0.12745
-1.24865 0.125

