-4 -0.000170511
-3.974 0

-3.76074 0
-3.5 0.00171015

-3.43398 0
-3.25 0.00424886

-3.23292 0
-3.125 0.0080303

-3.1183 0
-3.0625 0.0137899

-3.0625 0.00261911
-3.03125 0.0204977

-3.03125 0.0179088
-3.01991 0.03125

-3.0235 0.03125
-3.01021 0.0625

-3.01772 0.0625
-3.00987 0.09375

-3.00649 0.09375
-3 0.114486

-3.00198 0.125
-3 0.129103

1.5 -0.205105
1.51562 -0.206544

1.51562 -0.206504
1.53125 -0.207815

1.53125 -0.207804
1.54688 -0.209091

1.54688 -0.209102
1.5625 -0.210366

1.5625 -0.210366
1.57812 -0.211584

1.57812 -0.211577
1.59375 -0.21276

1.59375 -0.212762
1.60938 -0.213922

1.60938 -0.213872
1.625 -0.215105

1.625 -0.215044
1.64062 -0.216573

1.64062 -0.216665
1.65625 -0.218429

1.67188 -0.220119
1.65809 -0.21875

1.67188 -0.220065
1.6875 -0.221235

1.65625 -0.218517
1.6586 -0.21875

1.6875 -0.22119
1.70312 -0.222165

1.70312 -0.222147
1.71875 -0.223055

1.71875 -0.223057
1.73438 -0.223931

-3 0.111142
-2.99558 0.125

-3 0.129539
-2.98623 0.15625

-2.9803 0.15625
-2.96875 0.175365

1.73438 -0.223931
1.75 -0.224766

-2.96875 0.151646
-2.96347 0.15625

-2.96875 0.166797
-2.96477 0.171875

-2.96596 0.171875
-2.95953 0.1875

-2.96806 0.1875
-2.94414 0.21875

-2.94326 0.21875
-2.9375 0.223847

1.75 -0.224761
1.76562 -0.225567

1.76562 -0.225564
1.78125 -0.226359

1.78125 -0.226345
1.79688 -0.227163

1.79688 -0.227137
1.8125 -0.228055

1.8125 -0.228055
1.82812 -0.229125

1.82812 -0.229173
1.84375 -0.230298

1.84375 -0.230344
1.85938 -0.231339

-2.9375 0.213407
-2.93258 0.21875

1.85938 -0.231335
1.875 -0.232115

1.875 -0.232079
1.89062 -0.232723

-2.9375 0.23135
-2.90625 0.234957

-2.89062 0.212155
-2.89899 0.21875

-2.89062 0.212117
-2.875 0.206526

-2.90625 0.224398
-2.89926 0.21875

1.89062 -0.232694
1.90625 -0.233332

1.90625 -0.233324
1.92188 -0.234031

1.9375 -0.234813
1.92857 -0.234375

-2.875 0.208038
-2.85938 0.206095

-2.85938 0.205642
-2.84375 0.205229

1.92188 -0.23404
1.9287 -0.234375

1.9375 -0.234816
1.95312 -0.235604

1.95312 -0.235609
1.96875 -0.236398

-2.84375 0.206161
-2.82812 0.206319

-2.82812 0.2056
-2.8125 0.205905

-2.8125 0.206575
-2.79688 0.207127

1.96875 -0.236401
1.98438 -0.237175

1.98438 -0.237174
2 -0.237931

-2.79688 0.206624
-2.78125 0.207088

-2.78125 0.207368
-2.76562 0.20819

-2.76562 0.208082
-2.75 0.208919

-2.9375 0.250231
-2.90625 0.250401

-2.90625 0.250104
-2.90624 0.25

-2.90625 0.265791
-2.90608 0.265625

0 -0.0334092
0.015625 -0.0363743

-2.75 0.208903
-2.73438 0.210004

-2.73438 0.210232
-2.71875 0.211171

0.015625 -0.0363685
0.03125 -0.0391649

0.03125 -0.0392387
0.046875 -0.0417304

0.046875 -0.041741
0.0625 -0.0437594

0.0625 -0.0434911
0.078125 -0.0455515

-2.71875 0.210917
-2.70312 0.211747

-1 0.167948
-0.984375 0.164075

-0.984375 0.163888
-0.96875 0.160302

-2.70312 0.211909
-2.6875 0.212815

-0.9375 0.153217
-0.950282 0.15625

-0.96875 0.160578
-0.953125 0.157101

-2.6875 0.212688
-2.67188 0.2136

-2.67188 0.213727
-2.65625 0.214644

-2.65625 0.214588
-2.64062 0.215367

-2.64062 0.215321
-2.625 0.216167

-0.953125 0.157237
-0.948966 0.15625

-2.625 0.216164
-2.60938 0.217174

-0.9375 0.153353
-0.921875 0.149497

-2.60938 0.217186
-2.59375 0.21834

0.09375 -0.0483099
0.0850328 -0.046875

-0.921875 0.14929
-0.90625 0.145571

-2.59375 0.218387
-2.58892 0.21875

0.078125 -0.045433
0.0868853 -0.046875

-0.90625 0.145692
-0.890625 0.142285

0.09375 -0.0482819
0.109375 -0.0510486

0.109375 -0.0510467
0.125 -0.053762

-2.58899 0.21875
-2.57812 0.219567

-2.57812 0.219553
-2.5625 0.220675

-0.875 0.138712
-0.883689 0.140625

-2.5625 0.220673
-2.54688 0.22177

-2.54688 0.221772
-2.53125 0.222843

-2.53125 0.222863
-2.51562 0.223863

-2.51562 0.223877
-2.5 0.224739

0.1875 -0.0636317
0.179748 -0.0625

0.125 -0.0537428
0.140625 -0.0564489

0.140625 -0.0565907
0.15625 -0.0590423

-0.890625 0.142523
-0.882006 0.140625

0.15625 -0.0588846
0.171875 -0.0611138

-0.8125 0.124211
-0.816242 0.125

2.1875 -0.250335
2.1803 -0.25

0.171875 -0.0609809
0.182281 -0.0625

0.1875 -0.0634397
0.203125 -0.065683

0.203125 -0.0656407
0.21875 -0.0678823

2.1875 -0.250317
2.20312 -0.250936

2.20312 -0.250931
2.21875 -0.251481

2.21875 -0.25149
2.23438 -0.251961

2.23438 -0.25197
2.25 -0.252326

-0.8125 0.124572
-0.796875 0.121155

2 -0.23792
2.01562 -0.238683

0.21875 -0.067868
0.234375 -0.070221

-0.796875 0.121234
-0.78125 0.117511

-2.5 0.224723
-2.48438 0.22545

-0.78125 0.117295
-0.765625 0.11354

-0.765625 0.113612
-0.75 0.110114

0.234375 -0.070223
0.25 -0.0727119

-0.875 0.138956
-0.859375 0.135257

-0.859375 0.135132
-0.84375 0.131307

-2.48438 0.225417
-2.46875 0.226107

-0.84375 0.131208
-0.828125 0.127702

2.01562 -0.238664
2.03125 -0.239492

-0.828125 0.127929
-0.81424 0.125

-2.46875 0.226075
-2.45312 0.22686

-2.45312 0.22685
-2.4375 0.227813

0.25 -0.0728405
0.265625 -0.0752038

0.28125 -0.0782588
0.280393 -0.078125

0.265625 -0.0749712
0.28125 -0.0774095

0.296875 -0.0802146
0.283574 -0.078125

0.28125 -0.0773711
0.286049 -0.078125

2.03125 -0.239478
2.04688 -0.240435

0.296875 -0.0800517
0.3125 -0.0821553

-2.4375 0.227821
-2.42188 0.228966

-0.734375 0.10679
-0.747017 0.109375

-2.42188 0.228986
-2.40625 0.230259

-0.75 0.110138
-0.746269 0.109375

2.04688 -0.240437
2.0625 -0.24155

0.3125 -0.0821146
0.328125 -0.084097

2.0625 -0.241567
2.07812 -0.242797

2.07812 -0.242818
2.09375 -0.24409

0.328125 -0.0840729
0.34375 -0.0860638

-2.40625 0.23028
-2.39062 0.231603

0.34375 -0.0860303
0.359375 -0.0881448

-2.39062 0.231621
-2.375 0.232917

0.359375 -0.0882339
0.375 -0.0903608

2.09375 -0.244102
2.10938 -0.245351

-2.375 0.232929
-2.35938 0.234139

0.40625 -0.0952823
0.396543 -0.09375

-2.35938 0.234137
-2.356 0.234375

0.375 -0.0902092
0.390625 -0.0924735

-2.35602 0.234375
-2.34375 0.23524

-2.34375 0.235223
-2.32812 0.236251

0.390625 -0.0923453
0.399524 -0.09375

-2.32812 0.236231
-2.3125 0.237258

-2.3125 0.23724
-2.29688 0.238339

-2.29688 0.238329
-2.28125 0.239553

-2.28125 0.239554
-2.26562 0.240921

-2.26562 0.240929
-2.25 0.242424

0.40625 -0.0951453
0.421875 -0.0974027

0.421875 -0.0973517
0.4375 -0.0993298

2.10938 -0.245352
2.125 -0.24655

0.4375 -0.0993156
0.453125 -0.101145

-2.25 0.242434
-2.23438 0.24402

-2.23438 0.24403
-2.21875 0.245666

-2.21875 0.245673
-2.20312 0.247326

2.125 -0.246556
2.14062 -0.247688

-2.20312 0.247329
-2.1875 0.248982

0.453125 -0.1011
0.46875 -0.102899

2.14062 -0.247702
2.15625 -0.248728

0.46875 -0.102896
0.484375 -0.104759

2.15625 -0.248735
2.17188 -0.249612

0.484375 -0.104789
0.5 -0.106661

-0.734375 0.107053
-0.71875 0.103894

2.17188 -0.249605
2.18038 -0.25

-2.1875 0.248982
-2.17782 0.25

-0.71875 0.103839
-0.703125 0.100367

2.25 -0.252302
2.26562 -0.252575

2.26562 -0.252511
2.28125 -0.252878

2.28125 -0.252846
2.29688 -0.253501

2.29688 -0.253558
2.3125 -0.254452

-2.17789 0.25
-2.17188 0.250632

-2.17188 0.250616
-2.15625 0.252263

-2.15625 0.252256
-2.14062 0.253944

-2.14062 0.253939
-2.125 0.255692

2.3125 -0.254572
2.32812 -0.25535

2.32812 -0.255414
2.34375 -0.255704

-0.703125 0.1003
-0.6875 0.0967615

-2.125 0.25569
-2.10938 0.25752

-0.671875 0.0930548
-0.67509 0.09375

-0.671875 0.0932633
-0.65625 0.0902836

-2.10938 0.257519
-2.09375 0.259435

-0.6875 0.0967677
-0.673544 0.09375

2.34375 -0.255646
2.35938 -0.255434

-2.09375 0.259435
-2.07812 0.261437

0.5 -0.106467
0.515625 -0.108678

2.35938 -0.255264
2.375 -0.255009

-2.07812 0.261438
-2.0625 0.263525

-0.65625 0.0905064
-0.640625 0.0876273

-2.0625 0.263531
-2.04732 0.265625

2.375 -0.25492
2.39062 -0.255138

-2.04746 0.265625
-2.04688 0.265706

-0.640625 0.0876073
-0.625 0.0844233

-2.04688 0.265686
-2.03125 0.267895

0.53125 -0.111434
0.51801 -0.109375

2.39062 -0.255171
2.40625 -0.255976

2.40625 -0.256169
2.42188 -0.257106

-0.625 0.0844689
-0.609375 0.0809291

0.515625 -0.108675
0.520123 -0.109375

-0.59375 0.0767759
-0.599565 0.078125

0.53125 -0.11137
0.546875 -0.113497

0.546875 -0.113474
0.5625 -0.115327

-0.609375 0.0808996
-0.597417 0.078125

0.5625 -0.115306
0.578125 -0.116973

-2.03125 0.267888
-2.01562 0.270168

0.578125 -0.116931
0.59375 -0.118536

2.42188 -0.257137
2.4375 -0.257757

-2.01562 0.270171
-2 0.272529

-0.59375 0.0769828
-0.578125 0.0739137

-0.578125 0.0741332
-0.5625 0.0714619

2.4375 -0.257627
2.45312 -0.258128

2.45312 -0.257666
2.46875 -0.259232

0.59375 -0.118525
0.609375 -0.120174

0.609375 -0.120194
0.625 -0.121869

0.65625 -0.126276
0.647548 -0.125

2.46875 -0.25932
2.48438 -0.262696

2.5 -0.267031
2.49381 -0.265625

-0.515625 0.060843
-0.52209 0.0625

-0.515625 0.0610387
-0.5 0.0574542

-0.5625 0.0714912
-0.546875 0.0687203

-0.546875 0.0689363
-0.53125 0.0655752

-0.53125 0.0656339
-0.519023 0.0625

2.48438 -0.263392
2.4942 -0.265625

0.65625 -0.126217
0.671875 -0.128349

0.671875 -0.128321
0.6875 -0.13012

0.6875 -0.130093
0.703125 -0.13167

0.703125 -0.131645
0.71875 -0.133104

0.71875 -0.133073
0.734375 -0.134526

0.734375 -0.134534
0.75 -0.136025

0.625 -0.121718
0.640625 -0.12368

0.640625 -0.123647
0.649847 -0.125

0.75 -0.136013
0.765625 -0.137552

0.765625 -0.137423
0.78125 -0.139293

0.796875 -0.141744
0.788761 -0.140625

0.78125 -0.139321
0.790703 -0.140625

2.5 -0.266929
2.51562 -0.269284

2.51562 -0.269213
2.53125 -0.270606

-0.1875 -0.000648843
-0.190721 0

2.53125 -0.270532
2.54688 -0.271255

-0.1875 -0.000468674
-0.171875 -0.00401424

-0.171875 -0.00395859
-0.15625 -0.00716231

2.54688 -0.27131
2.5625 -0.271402

-2 0.272534
-1.98438 0.274953

-1.98438 0.274959
-1.96875 0.277415

-1.96875 0.277426
-1.95312 0.279886

-0.15625 -0.00716258
-0.140625 -0.010135

-1.95312 0.279898
-1.94436 0.28125

0.796875 -0.141699
0.8125 -0.143639

-0.140625 -0.0102065
-0.125 -0.0128042

0.8125 -0.143601
0.828125 -0.145202

-1.94443 0.28125
-1.9375 0.282319

2.5625 -0.271328
2.57812 -0.27083

2.57812 -0.270777
2.59375 -0.269944

0.828125 -0.145165
0.84375 -0.146576

-1.9375 0.282304
-1.92188 0.284646

0.84375 -0.146557
0.859375 -0.147889

-1.92188 0.284645
-1.90625 0.286942

0.859375 -0.147876
0.875 -0.149192

2.59375 -0.269848
2.60938 -0.268976

-0.109375 -0.0161451
-0.112316 -0.015625

0.875 -0.149185
0.890625 -0.150522

-0.125 -0.0124137
-0.109375 -0.0151767

-1.90625 0.286941
-1.89062 0.289198

0.890625 -0.150531
0.90625 -0.151886

-1.89062 0.289189
-1.875 0.291425

-0.09375 -0.0185369
-0.109274 -0.015625

2.60938 -0.268993
2.625 -0.268239

0.90625 -0.151826
0.921875 -0.1533

2.625 -0.268218
2.64062 -0.267592

0.921875 -0.153233
0.9375 -0.155078

-1.875 0.291411
-1.85938 0.293671

0.953125 -0.157328
0.944646 -0.15625

-0.109375 -0.0151394
-0.106786 -0.015625

0.953125 -0.157292
0.96875 -0.158965

-0.09375 -0.0184274
-0.078125 -0.0209847

2.64062 -0.267651
2.65625 -0.267077

-0.078125 -0.0209656
-0.0625 -0.0233263

-1.85938 0.293663
-1.84375 0.295992

0.9375 -0.155175
0.945953 -0.15625

-1.84375 0.295996
-1.83802 0.296875

-0.0625 -0.023268
-0.046875 -0.0255869

-0.046875 -0.0256635
-0.03125 -0.0279039

-1.83807 0.296875
-1.82812 0.298402

2.65625 -0.267044
2.67188 -0.266467

-1.82812 0.298396
-1.8125 0.300857

0 -0.033516
-0.0118348 -0.03125

0.96875 -0.158913
0.984375 -0.160282

-0.03125 -0.0276451
-0.015625 -0.0301715

0.984375 -0.160244
1 -0.161489

-1.8125 0.300884
-1.79688 0.303359

2.67188 -0.266467
2.6875 -0.265951

2.6875 -0.265859
2.70122 -0.265625

-0.015625 -0.0299749
-0.00896564 -0.03125

-0.5 0.0576575
-0.484375 0.0547713

-0.484375 0.0547687
-0.46875 0.0521796

-1.79688 0.303392
-1.78125 0.30576

-1.78125 0.305767
-1.76562 0.307948

-1.76562 0.307923
-1.75 0.309954

2.70115 -0.265625
2.70312 -0.265591

-0.46875 0.0525169
-0.453125 0.0495554

-0.4375 0.0450243
-0.444944 0.046875

2.71875 -0.265739
2.70463 -0.265625

2.70312 -0.265615
2.70437 -0.265625

-1.75 0.309927
-1.73438 0.311913

-1.73438 0.311925
-1.72981 0.3125

-1.72984 0.3125
-1.71875 0.313896

-1.71875 0.313922
-1.70312 0.315786

-0.453125 0.0498211
-0.441275 0.046875

-1.70312 0.315843
-1.6875 0.317438

-0.4375 0.0451544
-0.421875 0.0413794

-1.6875 0.317446
-1.67188 0.318645

-1.67188 0.318608
-1.65625 0.319467

-0.421875 0.0414438
-0.40625 0.038559

-0.40625 0.0385962
-0.390625 0.0363983

-0.390625 0.0365232
-0.375 0.0346882

-1.65625 0.319511
-1.64062 0.320015

-1.64062 0.320023
-1.625 0.320066

2.71875 -0.265729
2.73438 -0.266228

2.73438 -0.266347
2.75 -0.267004

-1.625 0.319994
-1.60938 0.319707

-1.60938 0.319683
-1.59375 0.319255

-1.59375 0.319396
-1.57812 0.318594

-1.57812 0.320052
-1.5625 0.315678

2.75 -0.267003
2.76562 -0.267581

2.76562 -0.267706
2.78125 -0.267957

2.78125 -0.267716
2.79688 -0.267871

2.79688 -0.267999
2.8125 -0.268286

2.8125 -0.267723
2.82812 -0.269011

-1.54688 0.305227
-1.56074 0.3125

-1.54688 0.305115
-1.53125 0.297837

-1.51562 0.293458
-1.5272 0.296875

-1.53125 0.297746
-1.5283 0.296875

2.82812 -0.269655
2.84375 -0.27178

-1.51562 0.293841
-1.5 0.290664

1 -0.161479
1.01562 -0.162695

-1.5625 0.316498
-1.55488 0.3125

-0.34375 0.0282629
-0.356187 0.03125

-0.375 0.0351561
-0.359375 0.032498

2.84375 -0.271132
2.85938 -0.274105

-0.359375 0.0325588
-0.353926 0.03125

-0.34375 0.0282263
-0.328125 0.0244164

2.85938 -0.277346
2.875 -0.27598

2.875 -0.276401
2.88917 -0.265625

2.88596 -0.265625
2.89062 -0.261427

-0.328125 0.024369
-0.3125 0.0209706

1.01562 -0.162695
1.03125 -0.163898

1.03125 -0.16389
1.04688 -0.165098

1.04688 -0.165099
1.0625 -0.166325

1.0625 -0.16631
1.07812 -0.167582

-1.32812 0.248382
-1.33436 0.25

-0.3125 0.0209617
-0.296875 0.0180874

-1.32812 0.248565
-1.3125 0.244537

1.07812 -0.167517
1.09375 -0.168992

-1.3125 0.244598
-1.29688 0.240803

1.09375 -0.169004
1.10938 -0.170789

-1.29688 0.240872
-1.28125 0.237049

1.125 -0.172749
1.11727 -0.171875

2.89062 -0.259801
2.89989 -0.25

1.10938 -0.170903
1.11797 -0.171875

-1.26562 0.23269
-1.27216 0.234375

1.125 -0.172708
1.14062 -0.174151

-0.28125 0.0150625
-0.2844 0.015625

1.14062 -0.174097
1.15625 -0.175322

-0.296875 0.0183728
-0.281489 0.015625

2.90214 -0.25
2.90625 -0.245792

-0.28125 0.0153244
-0.265625 0.012563

-1.28125 0.237259
-1.27007 0.234375

-0.265625 0.0126711
-0.25 0.0101257

-1.26562 0.232906
-1.25 0.228891

1.15625 -0.175297
1.17188 -0.176462

2.90625 -0.246354
2.9275 -0.21875

1.17188 -0.176463
1.1875 -0.177619

-1.5 0.290888
-1.48438 0.287784

2.92486 -0.21875
2.93392 -0.203125

2.93521 -0.203125
2.9375 -0.199937

-0.25 0.0101317
-0.234375 0.00757426

-0.234375 0.00748328
-0.21875 0.00508361

-0.21875 0.00524186
-0.203125 0.00286548

-0.203125 0.00317132
-0.1875 2.38104e-05

2.9375 -0.198649
2.94408 -0.1875

-0.1875 2.76886e-05
-0.187378 0

-1.48438 0.287828
-1.46875 0.284258

-1.45312 0.279796
-1.45864 0.28125

-1.45312 0.27986
-1.4375 0.275758

1.1875 -0.177623
1.20312 -0.178761

1.20312 -0.178752
1.21875 -0.179882

2.94895 -0.1875
2.95312 -0.177699

2.95194 -0.171875
2.95312 -0.163207

2.95312 -0.177844
2.9556 -0.171875

2.95296 -0.15625
2.95312 -0.155907

2.95312 -0.155346
2.96039 -0.140625

1.21875 -0.179877
1.23438 -0.181025

1.23438 -0.181024
1.25 -0.182204

-1.46875 0.284399
-1.4568 0.28125

-1.4375 0.275864
-1.42188 0.272122

-1.42188 0.272211
-1.40625 0.268439

2.96537 -0.140625
2.96875 -0.135632

1.3125 -0.188675
1.30132 -0.1875

2.96875 -0.125967
2.9692 -0.125

-1.39062 0.264079
-1.39656 0.265625

2.97406 -0.125
2.98863 -0.09375

2.99062 -0.09375
2.9936 -0.078125

1.25 -0.182159
1.26562 -0.183462

1.26562 -0.183421
1.28125 -0.185018

1.28125 -0.185099
1.29688 -0.186911

1.29688 -0.186999
1.30164 -0.1875

2.99141 -0.078125
2.99049 -0.0625

2.98922 -0.0625
2.99133 -0.046875

2.99259 -0.046875
2.99778 -0.03125

2.99923 -0.015625
3 -0.0145334

1.3125 -0.188623
1.32812 -0.189955

1.32812 -0.189909
1.34375 -0.191106

1.34375 -0.191091
1.35938 -0.192277

1.35938 -0.192285
1.375 -0.193473

-1.40625 0.26864
-1.39467 0.265625

-1.39062 0.264209
-1.375 0.260172

1.375 -0.193479
1.39062 -0.194645

1.39062 -0.194634
1.40625 -0.195785

-1.375 0.260258
-1.35938 0.256494

-1.35938 0.256567
-1.34375 0.252756

1.40625 -0.195776
1.42188 -0.196954

1.42188 -0.19695
1.4375 -0.19818

3 -0.0197324
3.02351 0

1.4375 -0.198128
1.45312 -0.199522

1.45312 -0.199478
1.46875 -0.201229

-1.34375 0.252957
-1.33236 0.25

1.48438 -0.203435
1.48191 -0.203125

3.03125 -0.00386848
3.0625 -0.00163632

3.0625 -0.00334747
3.125 -0.00178678

3.125 -0.00227973
3.25 -0.00102326

3.25 -0.00149369
3.5 -0.000775474

1.46875 -0.201329
1.48304 -0.203125

1.48438 -0.203407
1.5 -0.205155

-1.25 0.228923
-1.23438 0.225123

-1.23438 0.225182
-1.21875 0.221415

3.5 -0.00139343
4 -0.0010311

-1.20312 0.217137
-1.20948 0.21875

-1.20312 0.217375
-1.1875 0.213349

-1.21875 0.221661
-1.20729 0.21875

-1.1875 0.213349
-1.17188 0.209528

-1.17188 0.209563
-1.15625 0.205875

-1.14062 0.20172
-1.14631 0.203125

-1.15625 0.206161
-1.14397 0.203125

-1.14062 0.201997
-1.125 0.197991

-1.07812 0.186464
-1.08244 0.1875

-1.07812 0.186796
-1.0625 0.182825

-1.125 0.197971
-1.10938 0.19413

-1.10938 0.194118
-1.09375 0.190508

-1.09375 0.190825
-1.0799 0.1875

-1.0625 0.182819
-1.04688 0.178957

-1.04688 0.17886
-1.03125 0.175313

-1.01562 0.171376
-1.01778 0.171875

-1.03125 0.175641
-1.01562 0.172018

-1.01562 0.171784
-1 0.167892

-1.01562 0.172043
-1.01495 0.171875

