-4 -0.0042806
-3.70747 0

-3.57492 0
-3.5 0.00109632

-3.5 -0.00162457
-3.46666 0

-3.25 -0.00159255
-3.23886 0

-3.125 -0.00253428
-3.11626 0

-3 -0.065045
-3.00161 -0.0625

-3.0625 -0.000566653
-3.06132 0

-3 -0.0331862
-3.00101 -0.03125

-3 -0.00127082
-3.0006 0

-3.41191 0
-3.25 0.00789948

-3.22457 0
-3.125 0.015185

-3.11043 0
-3.0625 0.0237327

-3.0625 0.0109988
-3.03699 0.03125

1.5 0.0936818
1.50031 0.09375

1.5 0.0940508
1.51562 0.0974355

1.51562 0.0973927
1.53125 0.100263

1.53125 0.10018
1.54688 0.102786

1.54688 0.10272
1.5625 0.105362

-3.04822 0.03125
-3.03125 0.0609705

-3 0.0311932
-3.00005 0.03125

-3.03125 0.0603283
-3.02853 0.0625

-3.04116 0.0625
-3.03125 0.0899866

-3.03305 0.09375
-3.03125 0.0982052

-3.03125 0.0862496
-3.0224 0.09375

-3.03125 0.0995056
-3 0.121099

1.5625 0.105165
1.57812 0.108367

1.57812 0.108301
1.58265 0.109375

1.58104 0.109375
1.59375 0.112388

1.59375 0.112419
1.60938 0.115933

1.60938 0.115927
1.625 0.119018

-3.02569 0.125
-3 0.148079

-3.00033 0.1875
-3 0.187764

1.625 0.119045
1.64062 0.121671

1.64062 0.121728
1.65625 0.123724

1.65625 0.123755
1.67188 0.124942

1.67188 0.124936
1.67461 0.125

1.70312 0.124927
1.69896 0.125

1.70312 0.124905
1.71875 0.124202

1.71875 0.124235
1.73438 0.123109

1.73438 0.123177
1.75 0.121427

1.67562 0.125
1.6875 0.125277

1.6875 0.125217
1.69994 0.125

1.75 0.121446
1.76562 0.118898

1.76562 0.118817
1.78125 0.115595

1.78125 0.115449
1.79688 0.112008

1.8125 0.108761
1.80945 0.109375

1.79688 0.111892
1.8094 0.109375

1.8125 0.108686
1.82812 0.10621

1.82812 0.106172
1.84375 0.104575

1.84375 0.104578
1.85938 0.103931

1.85938 0.103977
1.875 0.104182

-2.98438 -0.0666819
-2.9875 -0.0625

1.875 0.104259
1.89062 0.105071

1.89062 0.105144
1.90625 0.106263

-2.98438 -0.0648756
-2.96875 -0.0651064

-1 -0.0509312
-0.984375 -0.0542079

-0.984375 -0.0542644
-0.96875 -0.0570705

-2.95312 -0.0628504
-2.95453 -0.0625

-2.9375 -0.062659
-2.93799 -0.0625

-2.98438 -0.0557774
-2.99056 -0.046875

-2.98438 -0.041746
-2.98892 -0.03125

-2.96875 -0.0458622
-2.98234 -0.03125

-2.98438 -0.0220946
-2.98599 -0.015625

-2.98438 -0.00612595
-2.98485 0

-2.98438 -0.0210645
-2.98144 -0.03125

0 -0.0300696
0.015625 -0.027964

-0.96875 -0.0570288
-0.953125 -0.0593345

1.90625 0.106296
1.92188 0.107512

-0.953125 -0.0592813
-0.9375 -0.0612765

-2.95312 -0.0531864
-2.96613 -0.046875

0.015625 -0.0279955
0.03125 -0.0260457

1.92188 0.10751
1.9375 0.108758

0.03125 -0.026046
0.046875 -0.0241882

0.046875 -0.0241896
0.0625 -0.0224204

-0.921875 -0.0630876
-0.926853 -0.0625

-2.96875 -0.045063
-2.96571 -0.046875

-0.921875 -0.0630676
-0.90625 -0.0648673

1.9375 0.108719
1.94521 0.109375

0.0625 -0.0224419
0.078125 -0.0207154

0.078125 -0.0207491
0.09375 -0.0189546

0.09375 -0.0190325
0.109375 -0.016947

0.109375 -0.0169924
0.118174 -0.015625

0.116866 -0.015625
0.125 -0.014361

1.94482 0.109375
1.95312 0.110081

1.95312 0.110041
1.96875 0.111544

1.96875 0.111463
1.98438 0.113353

1.98438 0.113349
2 0.115795

0 0.984835
0.0119797 1

0.3125 0.968885
0.29902 0.984375

0.304225 0.984375
0.3125 0.991544

0.3125 0.968707
0.312577 0.96875

0.3125 0.974656
0.32086 0.984375

0.3125 0.996814
0.326606 0.984375

0 1.00873
0.00990941 1

-0.90625 -0.0648698
-0.890625 -0.0666733

-0.890625 -0.0666793
-0.875 -0.0684696

-0.9375 -0.0612531
-0.926936 -0.0625

-0.875 -0.068473
-0.859375 -0.070231

-0.859375 -0.0702318
-0.84375 -0.0719489

-0.84375 -0.0719518
-0.828125 -0.0736203

-0.828125 -0.0736234
-0.8125 -0.0752311

-2.95312 -0.0526586
-2.9375 -0.0578504

-0.8125 -0.0752354
-0.796875 -0.0767675

-0.78125 -0.0781947
-0.78202 -0.078125

0.125 -0.014288
0.140625 -0.0119786

0.53125 0.99511
0.526821 1

0.140625 -0.0119647
0.15625 -0.0101597

0.15625 -0.0101974
0.171875 -0.00884883

-0.796875 -0.0767845
-0.782067 -0.078125

0.171875 -0.00890239
0.1875 -0.00782775

-0.78125 -0.0781903
-0.765625 -0.0794702

-2.92188 -0.0625976
-2.92225 -0.0625

-2.90625 -0.0650796
-2.91829 -0.0625

0.1875 -0.00786468
0.203125 -0.00688295

0.203125 -0.00689837
0.21875 -0.00590487

0.21875 -0.00592851
0.234375 -0.00484512

0.234375 -0.00486732
0.25 -0.00360237

-2.90625 -0.0651196
-2.89062 -0.0677182

-2.89062 -0.0676844
-2.875 -0.0695116

-2.9375 -0.0576879
-2.92188 -0.0617598

-2.92188 -0.06171
-2.91819 -0.0625

-2.875 -0.0694299
-2.85938 -0.0707165

-2.85938 -0.0706499
-2.84375 -0.0716923

0.25 -0.00357707
0.265625 -0.00213674

-2.84375 -0.0716018
-2.82812 -0.0727142

0.265625 -0.00222597
0.28125 -0.000482401

0.53125 0.994952
0.535608 1

0.28125 -0.0005203
0.285709 0

-0.765625 -0.079471
-0.75 -0.0806314

0.65625 0.964312
0.652042 0.96875

-2.82812 -0.072672
-2.8125 -0.0741202

0.651387 0.96875
0.65625 0.973236

0.65625 0.963701
0.660897 0.96875

-2.8125 -0.0741046
-2.79688 -0.0760041

-0.75 -0.0806366
-0.734375 -0.0816655

-2.78125 -0.0782991
-2.78248 -0.078125

-2.79688 -0.0760933
-2.78247 -0.078125

-2.78125 -0.0784202
-2.76562 -0.0805007

-2.76562 -0.0806301
-2.75 -0.0820818

0.28314 0
0.296875 0.00160278

0.296875 0.00151328
0.3125 0.00307157

0.3125 0.00304644
0.328125 0.00444715

0.328125 0.00446747
0.34375 0.00572022

0.34375 0.00573885
0.359375 0.00676576

0.359375 0.00677577
0.375 0.00751955

-0.734375 -0.0816714
-0.71875 -0.0825466

-2.75 -0.0821096
-2.73438 -0.0826179

0.65625 0.972687
0.660395 0.96875

-2.73438 -0.0825652
-2.71875 -0.08218

0.375 0.00752644
0.390625 0.00795328

-0.71875 -0.0825497
-0.703125 -0.0832529

0.390625 0.00796083
0.40625 0.00804184

-2.71875 -0.0820603
-2.70312 -0.0811265

0.40625 0.00805133
0.421875 0.00775244

-0.703125 -0.083253
-0.6875 -0.0837779

0.421875 0.00775488
0.4375 0.00705224

-0.6875 -0.083776
-0.671875 -0.084126

0.4375 0.00704704
0.453125 0.00594619

0.453125 0.0059322
0.46875 0.00447155

-2.70312 -0.0810059
-2.6875 -0.0800039

0.46875 0.00446225
0.484375 0.00268838

0.484375 0.00269871
0.5 0.000609525

-2.6875 -0.0799098
-2.67188 -0.079269

-2.67188 -0.0792457
-2.65625 -0.0792009

-0.671875 -0.0841234
-0.65625 -0.0843075

-0.65625 -0.0843051
-0.640625 -0.0843333

-2.65625 -0.0792346
-2.64062 -0.0797649

0.526563 1
0.53125 1.00408

-2.64062 -0.0798364
-2.625 -0.0807314

0.53125 1.00398
0.535618 1

-0.640625 -0.0843323
-0.625 -0.0842111

-2.625 -0.080796
-2.60938 -0.0817833

-2.60938 -0.0818205
-2.59375 -0.0826967

-0.625 -0.0842133
-0.609375 -0.0839404

-0.609375 -0.0839479
-0.59375 -0.0835037

-2.59375 -0.0827007
-2.57812 -0.0833838

-2.57812 -0.0833699
-2.5625 -0.0838799

-0.59375 -0.0835174
-0.578125 -0.0828595

-0.578125 -0.0828772
-0.5625 -0.0819426

-0.5625 -0.0819606
-0.546875 -0.0806778

-0.546875 -0.0806848
-0.53125 -0.079004

-2.5625 -0.0838574
-2.54688 -0.084267

-2.54688 -0.0842467
-2.53125 -0.0846417

-2.53125 -0.0846304
-2.51562 -0.0850742

-2.51562 -0.0850782
-2.5 -0.0855856

-0.53125 -0.078992
-0.524504 -0.078125

-0.524909 -0.078125
-0.515625 -0.0769318

0.515625 -0.00182148
0.503955 0

0.515625 -0.00185284
0.53125 -0.00459437

0.53125 -0.004637
0.546875 -0.00753523

-0.515625 -0.076963
-0.5 -0.074693

0.546875 -0.00758868
0.5625 -0.0104514

0.5625 -0.010494
0.578125 -0.0131293

0.578125 -0.0131575
0.59375 -0.0154238

-2.98563 0
-2.98672 0.015625

-2.98669 0.015625
-2.98661 0.03125

-2.98651 0.03125
-2.98573 0.046875

-2.9862 0.046875
-2.9852 0.0625

0.609375 -0.0172835
0.595634 -0.015625

0.59375 -0.0154305
0.595362 -0.015625

-2.98438 0.0388363
-2.98397 0.046875

-2.98425 0.046875
-2.98325 0.0625

0.609375 -0.0172899
0.625 -0.0188347

0.625 -0.0188349
0.640625 -0.0200329

0.640625 -0.0200227
0.65625 -0.020894

-2.98438 0.0914529
-2.9847 0.09375

-2.98418 0.0625
-2.98384 0.078125

-2.98438 0.0784328
-2.98433 0.078125

0.65625 -0.020883
0.671875 -0.02147

0.671875 -0.0214655
0.6875 -0.0217992

0.6875 -0.0218013
0.703125 -0.0218867

-0.5 -0.0746829
-0.484375 -0.0721524

0.703125 -0.0218908
0.71875 -0.0217157

0.71875 -0.0217164
0.734375 -0.0212709

0.734375 -0.0212655
0.75 -0.020559

-0.484375 -0.0721169
-0.46875 -0.0694173

-0.46875 -0.0693676
-0.453125 -0.0666693

-0.453125 -0.0666004
-0.4375 -0.0641407

-2.98484 0.09375
-2.99935 0.125

-0.4375 -0.0640526
-0.424903 -0.0625

-0.424474 -0.0625
-0.421875 -0.0621796

-0.421875 -0.0621724
-0.40625 -0.0608656

-0.40625 -0.0609533
-0.390625 -0.0600182

-0.390625 -0.0600942
-0.375 -0.0592033

0.75 -0.0205534
0.765625 -0.0196081

2 0.115839
2.01562 0.118759

-3 0.130639
-2.97757 0.15625

2.01562 0.118727
2.03125 0.122095

0.765625 -0.0195953
0.78125 -0.0184477

-0.375 -0.0592539
-0.359375 -0.0581538

-3 0.178916
-2.96875 0.184609

2.03125 0.121785
2.04263 0.125

-2.96875 0.153079
-2.96464 0.15625

-2.96874 0.15625
-2.95973 0.171875

0.78125 -0.0184513
0.796875 -0.0171199

2.04212 0.125
2.04688 0.126343

-0.359375 -0.05817
-0.34375 -0.056727

-2.95653 0.171875
-2.96421 0.1875

-0.34375 -0.0567103
-0.328125 -0.0549253

2.04688 0.126657
2.0625 0.131815

0.796875 -0.0172012
0.811974 -0.015625

-3 0.18901
-2.96875 0.192774

-0.328125 -0.0548871
-0.3125 -0.0528701

-0.3125 -0.0528279
-0.296875 -0.0507399

-0.296875 -0.050707
-0.28125 -0.048698

-2.96875 0.190937
-2.96467 0.1875

-0.28125 -0.0486394
-0.265625 -0.0468924

-2.96875 0.219975
-2.96734 0.21875

2.0625 0.131756
2.07812 0.136944

2.07812 0.136719
2.08886 0.140625

2.08843 0.140625
2.09375 0.142559

2.09375 0.142848
2.10938 0.148592

0.80961 -0.015625
0.8125 -0.0153233

2.10938 0.148372
2.125 0.15383

-0.265625 -0.0468931
-0.265402 -0.046875

0.8125 -0.0154025
0.828125 -0.0136445

-2.90625 0.276409
-2.91251 0.28125

2.125 0.15359
2.13209 0.15625

-0.265625 -0.0468414
-0.25 -0.0455753

-2.90625 0.289645
-2.91112 0.3125

0.828125 -0.0137055
0.84375 -0.0119797

-2.90625 0.279295
-2.90595 0.28125

-2.90625 0.298681
-2.875 0.302202

0.84375 -0.0120048
0.859375 -0.0101389

-2.90871 0.3125
-2.90625 0.316712

-0.25 -0.0456309
-0.234375 -0.0448364

0.859375 -0.0101603
0.875 -0.00806135

-0.234375 -0.0448868
-0.21875 -0.0443519

2.13155 0.15625
2.14062 0.159654

-2.90625 0.318642
-2.875 0.321074

2.14062 0.159723
2.15625 0.165922

-2.875 0.303349
-2.87104 0.3125

-2.875 0.326292
-2.86916 0.3125

-2.875 0.350357
-2.86608 0.34375

-0.21875 -0.0443832
-0.203125 -0.0439446

-0.203125 -0.0439605
-0.1875 -0.043524

2.15625 0.165925
2.17121 0.171875

-0.1875 -0.0435308
-0.171875 -0.043051

-0.171875 -0.0430545
-0.15625 -0.042511

2.17114 0.171875
2.17188 0.172168

2.17188 0.173219
2.1875 0.177286

2.1875 0.177412
2.20312 0.176923

2.20312 0.176327
2.21875 0.172224

-0.15625 -0.0425145
-0.140625 -0.0418931

-0.140625 -0.0418974
-0.125 -0.0411821

-2.78125 0.373975
-2.78291 0.375

0.875 -0.00804328
0.890625 -0.00570466

-0.125 -0.0411869
-0.109375 -0.0403594

0.890625 -0.00570029
0.90625 -0.00316684

2.21875 0.171186
2.23438 0.166727

0.90625 -0.00335753
0.921875 -0.000292976

-2.78372 0.375
-2.79109 0.40625

-0.109375 -0.0403634
-0.09375 -0.0394061

-2.79555 0.40625
-2.78125 0.42017

0.921875 -0.000319357
0.923393 0

-0.09375 -0.0394078
-0.078125 -0.0383093

0.5 0.000613363
0.50393 0

-0.078125 -0.0383087
-0.0625 -0.0370669

-2.77248 0.375
-2.75 0.399006

2.21875 0.172065
2.21941 0.171875

-2.78125 0.415745
-2.75 0.408129

-0.0625 -0.0370552
-0.046875 -0.0356946

2.23438 0.166323
2.25 0.164391

-0.046875 -0.0357114
-0.03125 -0.0342218

0.920172 0
0.921875 0.000333939

-0.03125 -0.0343293
-0.015625 -0.0324618

-0.015625 -0.0324743
-0.00688746 -0.03125

-0.00896732 -0.03125
0 -0.0299935

0.921875 6.72822e-05
0.9375 0.00335484

0.9375 0.00315653
0.953125 0.00637956

0.953125 0.00638568
0.96875 0.00989753

2.25 0.164754
2.26562 0.165437

2.26562 0.165934
2.28125 0.167513

0.96875 0.00987097
0.984375 0.0137125

0.984375 0.01369
0.992562 0.015625

0.990334 0.015625
1 0.0179096

2.28125 0.168067
2.29688 0.168441

2.29688 0.169007
2.3125 0.165936

2.34375 0.147217
2.32993 0.15625

2.3125 0.165891
2.32812 0.158334

-2.5 -0.0856083
-2.48438 -0.0861256

-2.48438 -0.0861626
-2.46875 -0.0865705

-2.46875 -0.0866313
-2.45312 -0.0867345

-2.45312 -0.0868325
-2.4375 -0.0863132

2.32812 0.157673
2.33039 0.15625

2.35938 0.136821
2.35321 0.140625

2.34375 0.146559
2.35331 0.140625

2.35938 0.136916
2.375 0.129015

-2.4375 -0.0864815
-2.42188 -0.0848068

2.39062 0.122598
2.38488 0.125

2.39062 0.123448
2.40625 0.116369

2.42188 0.107383
2.4182 0.109375

2.40625 0.115999
2.41846 0.109375

2.42188 0.106879
2.4375 0.0990417

2.45312 0.091797
2.44954 0.09375

1 0.0177931
1.01562 0.0205626

1.01562 0.0204369
1.03125 0.0222907

-2.42188 -0.0851237
-2.40625 -0.081323

1.03125 0.0222554
1.04688 0.0235154

2.45312 0.0906569
2.46875 0.0812198

-2.40625 -0.0813943
-2.39754 -0.078125

2.4375 0.100311
2.44954 0.09375

1.04688 0.023501
1.0625 0.0242666

2.48438 0.0744205
2.474 0.078125

2.46875 0.0799082
2.47374 0.078125

1.0625 0.0242218
1.07812 0.0246115

2.48438 0.0747056
2.5 0.074851

2.375 0.12917
2.38498 0.125

1.07812 0.0245463
1.09375 0.0247803

1.09375 0.0247232
1.10938 0.0250462

1.10938 0.0250163
1.125 0.0256024

1.125 0.0255972
1.14062 0.0265165

1.14062 0.0265295
1.15625 0.0277666

1.15625 0.0277148
1.17188 0.0293476

1.17188 0.02922
1.1861 0.03125

1.18311 0.03125
1.1875 0.031876

1.1875 0.0317142
1.20312 0.0342663

1.20312 0.0341529
1.21875 0.0368832

1.21875 0.0369084
1.23438 0.0399934

1.23438 0.0400505
1.25 0.0433256

-0.125 0.973654
-0.134533 0.984375

2.96875 -0.0942923
3 -0.0942923

-0.128993 0.984375
-0.125 0.988216

-2.39972 -0.078125
-2.39062 -0.0747112

-2.39062 -0.074472
-2.375 -0.068517

2.96875 -0.0794912
2.98438 -0.0875676

-2.375 -0.0682791
-2.35938 -0.0639863

1.25 0.0431529
1.26562 0.0467418

-0.125 0.979445
-0.120264 0.984375

1.26292 0.046875
1.26562 0.0474955

-0.125 0.993721
-0.114528 0.984375

-2.35938 -0.0640982
-2.34883 -0.0625

0 0.987784
-0.0106267 1

-2.34893 -0.0625
-2.34375 -0.0617146

1.26562 0.0467296
1.26632 0.046875

-0.013769 1
0 1.01107

-2.34375 -0.0620834
-2.32812 -0.0607051

2.96875 -0.0654949
2.98438 -0.070093

1.26562 0.0472257
1.28125 0.0505123

-2.32812 -0.0608289
-2.3125 -0.0594757

2.98467 -0.09375
2.98816 -0.078125

1.28125 0.0502417
1.29688 0.0529064

-2.3125 -0.0594566
-2.29688 -0.0579193

1.29688 0.0527994
1.3125 0.055591

2.98438 -0.065495
2.98465 -0.0625

1.3125 0.0555543
1.32812 0.0587601

1.32812 0.0586312
1.34368 0.0625

2.96875 -0.0150955
2.96296 0

2.96875 -0.0566624
2.98438 -0.0574459

2.96875 -0.0426041
2.98438 -0.0454525

2.98438 -0.0514437
2.98552 -0.046875

2.98438 -0.0398173
2.98586 -0.03125

2.96875 -0.0292086
2.97991 -0.03125

1.34174 0.0625
1.34375 0.0629997

1.34375 0.0630249
1.35938 0.0668365

-2.29688 -0.0578152
-2.28125 -0.0563402

1.35938 0.066741
1.375 0.0697184

-2.28125 -0.0560837
-2.26562 -0.0553924

1.375 0.0696089
1.39062 0.0721621

-2.26562 -0.05544
-2.25 -0.0559505

2.98438 -0.0285445
2.98647 -0.015625

2.98582 -0.015625
2.98817 0

1.39062 0.0720671
1.40625 0.0746052

1.40625 0.0743552
1.42188 0.0775684

2.5 0.0755502
2.51096 0.078125

2.51035 0.078125
2.51562 0.0793631

1.42188 0.0775145
1.42444 0.078125

2.51562 0.079845
2.53125 0.084395

2.53125 0.084546
2.54688 0.0885159

2.54688 0.0885374
2.5625 0.0915821

1.42262 0.078125
1.4375 0.0816704

1.4375 0.0817332
1.45312 0.0850869

1.45312 0.0850156
1.46875 0.0879244

1.46875 0.0878307
1.48438 0.0906249

1.48438 0.0904284
1.5 0.0936858

1.49955 0.09375
1.5 0.0938437

-2.21875 -0.063279
-2.22151 -0.0625

-2.20312 -0.0686454
-2.21871 -0.0625

2.5625 0.0917676
2.57812 0.0934727

2.59375 0.0931631
2.57879 0.09375

-2.1875 -0.0839995
-2.19307 -0.078125

-2.20312 -0.0659273
-2.18821 -0.078125

-2.25 -0.0554247
-2.23438 -0.0580934

-2.23438 -0.0588218
-2.22132 -0.0625

2.57783 0.09375
2.57812 0.0937822

2.57812 0.093783
2.57897 0.09375

2.59375 0.0931137
2.60938 0.0896751

2.60938 0.0890429
2.625 0.0841428

-2.17188 -0.0977793
-2.17865 -0.09375

2.625 0.0836532
2.64062 0.079535

2.65625 0.0773066
2.65034 0.078125

2.64062 0.079418
2.64996 0.078125

2.65625 0.0774495
2.67188 0.0770844

2.67188 0.0773142
2.6875 0.0779374

2.68681 0.078125
2.6875 0.0781526

-2.17188 -0.0970441
-2.15625 -0.0984772

-2.1875 -0.0857492
-2.17726 -0.09375

-2.15625 -0.0968595
-2.14402 -0.09375

-2.14413 -0.09375
-2.14062 -0.0928596

-2.14062 -0.0922514
-2.125 -0.0873785

2.6875 0.0782166
2.70312 0.0788103

2.70312 0.0788878
2.71875 0.0787397

-2.125 -0.0872788
-2.10938 -0.0829637

-2.10938 -0.0829347
-2.09375 -0.0794345

-2.09375 -0.0794233
-2.08608 -0.078125

-2.08585 -0.078125
-2.07812 -0.076818

-2.07812 -0.0767993
-2.0625 -0.074991

-2.0625 -0.075016
-2.04688 -0.073992

-2.04688 -0.0740167
-2.03125 -0.0736776

-2.03125 -0.0737037
-2.01562 -0.0739479

-2.01562 -0.073974
-2 -0.0746968

2.73438 0.0776703
2.72784 0.078125

2.71875 0.0787635
2.72793 0.078125

2.73438 0.0774752
2.75 0.0758051

2.75 0.0758006
2.76562 0.0739535

2.76562 0.0738431
2.78125 0.0720489

2.78125 0.0722036
2.79688 0.0703739

2.79688 0.0701987
2.8125 0.0683748

2.85938 0.062482
2.85925 0.0625

2.85938 0.062033
2.875 0.0596096

2.8125 0.0685898
2.82812 0.0666919

2.82812 0.0664897
2.84375 0.0644925

2.84375 0.0648139
2.85923 0.0625

2.875 0.0598796
2.89062 0.0577198

2.89062 0.0572554
2.90625 0.055748

2.90625 0.0574102
2.92188 0.0541596

2.9375 0.043107
2.93344 0.046875

2.92188 0.0557266
2.93464 0.046875

2.95312 0.01535
2.95297 0.015625

2.95307 0.015625
2.94426 0.03125

2.96171 0
2.95326 0.015625

2.9375 0.042229
2.94564 0.03125

2.98423 0.015625
2.98376 0.03125

2.98977 0
2.98867 0.015625

2.98438 0.0259514
2.98613 0.015625

2.98384 0.03125
2.98399 0.046875

2.9846 0.046875
2.98493 0.0625

2.98442 0.0625
2.98474 0.078125

2.9848 0.078125
2.986 0.09375

-2.01562 0.728163
-2.02136 0.734375

-2.02771 0.734375
-2.01562 0.744339

-2.01562 0.721683
-2.00529 0.734375

-2.01562 0.738444
-2.01124 0.734375

2.98436 0.09375
2.99484 0.125

2.92188 0.217844
2.9375 0.205683

2.9305 0.21875
2.92365 0.25

2.95312 0.152973
2.95076 0.15625

2.95312 0.152348
2.96875 0.146511

2.95247 0.15625
2.94622 0.171875

2.95133 0.171875
2.9476 0.1875

2.95312 0.171443
2.96857 0.15625

2.95312 0.177035
2.95464 0.171875

3 0.134445
2.98303 0.15625

2.99667 0.15625
3 0.170274

2.94839 0.1875
2.9524 0.21875

2.96806 0.21875
2.95957 0.25

2.98901 0.1875
2.96905 0.21875

2.96875 0.236018
2.97308 0.21875

2.908 0.25
2.93621 0.28125

2.93663 0.28125
2.9375 0.281506

2.9375 0.268478
2.98979 0.25

3.0625 -0.00535843
3.04719 0

3.125 -0.00664626
3.09033 0

3.25 -0.00509066
3.20843 0

3.5 -0.00341064
3.41539 0

3.03125 0.0237754
3.01128 0.03125

3.0249 0.03125
3.02622 0.0625

3.03125 0.01633
3.05277 0

3.02925 0.0625
3.03125 0.0756004

3.03125 0.113788
3.01225 0.125

3.03125 0.0657588
3.03564 0.09375

3.04312 0.09375
3.03443 0.125

3.0625 0.0142794
3.09325 0

3 0.168778
3.02398 0.125

3 0.191118
3.00145 0.1875

3.125 0.00975535
3.19502 0

3.25 0.00444802
3.3594 0

4 -0.00527562
3.56593 0

3.5 8.08703e-05
3.50665 0

-1.90625 -0.170062
-1.91108 -0.15625

-1.91169 -0.15625
-1.90625 -0.147325

-1.90625 -0.168299
-1.89062 -0.166115

-1.89062 -0.168598
-1.88703 -0.15625

-1.90625 -0.148487
-1.89062 -0.149967

-1.89062 -0.149935
-1.88714 -0.15625

-2 -0.0747213
-1.98438 -0.0758216

-1.98438 -0.0758408
-1.96875 -0.0772312

-1.95312 -0.0788555
-1.96021 -0.078125

-1.96875 -0.0772487
-1.96025 -0.078125

-1.95312 -0.0788624
-1.9375 -0.0806549

-1.9375 -0.0806566
-1.92188 -0.0826178

-1.92188 -0.0826237
-1.90625 -0.0847385

-1.90625 -0.084765
-1.89062 -0.0869686

-1.89062 -0.0870159
-1.875 -0.0891607

-1.875 -0.0892062
-1.85938 -0.0911064

-1.85938 -0.0911397
-1.84375 -0.092638

-1.8125 -0.0940585
-1.82476 -0.09375

-1.84375 -0.0926596
-1.82812 -0.0936461

-1.82812 -0.0936652
-1.82475 -0.09375

-1.8125 -0.0940853
-1.79688 -0.0937927

-1.79688 -0.0938226
-1.79585 -0.09375

-1.79575 -0.09375
-1.78125 -0.0927248

-1.78125 -0.0927704
-1.76562 -0.0906893

-1.76562 -0.0907499
-1.75 -0.087479

-1.75 -0.0875418
-1.73438 -0.0828342

-1.73438 -0.0826849
-1.72192 -0.078125

-1.7233 -0.078125
-1.71875 -0.076458

-1.71875 -0.076544
-1.70312 -0.0709499

-1.70312 -0.0709025
-1.6875 -0.06612

-1.6875 -0.066075
-1.67269 -0.0625

-1.67313 -0.0625
-1.67188 -0.0621967

-1.67188 -0.0624567
-1.65625 -0.0594779

-1.65625 -0.059628
-1.64062 -0.0568206

-1.64062 -0.0568136
-1.625 -0.0538914

-1.625 -0.0537856
-1.60938 -0.0509742

-1.60938 -0.050816
-1.59375 -0.0486432

-1.59375 -0.048542
-1.57812 -0.0475267

-1.57812 -0.047575
-1.5625 -0.0478228

-1.5625 -0.0479606
-1.54688 -0.0490996

-1.54688 -0.0492706
-1.53125 -0.0506832

-1.53125 -0.0508058
-1.51562 -0.051905

-1.51562 -0.0519281
-1.5 -0.0524225

-1.5 -0.0523784
-1.48438 -0.0523099

-1.48438 -0.0522566
-1.46875 -0.0518199

-1.46875 -0.0517875
-1.45312 -0.0511539

-1.45312 -0.0511403
-1.4375 -0.0504017

-1.4375 -0.0503933
-1.42188 -0.0495941

-1.42188 -0.0495827
-1.40625 -0.0487625

-1.40625 -0.0487514
-1.39062 -0.0479552

-1.39062 -0.0479463
-1.375 -0.0472143

-1.375 -0.047212
-1.36677 -0.046875

-1.36691 -0.046875
-1.35938 -0.0465664

-1.35938 -0.0465687
-1.34375 -0.0460311

-1.34375 -0.046029
-1.32812 -0.0455995

-1.32812 -0.0455951
-1.3125 -0.045287

-1.3125 -0.0452798
-1.29688 -0.0451163

-1.29688 -0.0451075
-1.28125 -0.0451206

-1.28125 -0.0451142
-1.26562 -0.0453342

-1.26562 -0.0453358
-1.25 -0.0457723

-1.25 -0.0457857
-1.23438 -0.0464086

-1.21875 -0.0471664
-1.22499 -0.046875

-1.23438 -0.046434
-1.22493 -0.046875

-1.21875 -0.0471906
-1.20312 -0.0479233

-1.20312 -0.047948
-1.1875 -0.0485829

-1.1875 -0.0486036
-1.17188 -0.0490501

-1.17188 -0.0490647
-1.15625 -0.0492523

-1.15625 -0.0492636
-1.14062 -0.0491406

-1.14062 -0.0491454
-1.125 -0.0486796

-1.125 -0.0486681
-1.10938 -0.0478731

-1.10938 -0.0478412
-1.0948 -0.046875

-1.09501 -0.046875
-1.09375 -0.0467914

-1.09375 -0.0467563
-1.07812 -0.0456429

-1.07812 -0.0455533
-1.0625 -0.0446379

-1.0625 -0.0444962
-1.04688 -0.0442414

-1.04688 -0.0441769
-1.03125 -0.044995

-1.01562 -0.0473564
-1.01895 -0.046875

-1.03125 -0.0448327
-1.01716 -0.046875

-1.01562 -0.0474729
-1 -0.0507551

