-4 -0.00243415
-3.80881 0

-3.63651 0
-3.5 0.00173803

-3.5 -0.000996436
-3.47767 0

-3.25 -0.000701278
-3.24506 0

-3 -0.0786963
-3.00211 -0.0625

-3.00106 -0.0625
-3 -0.0588151

-3 -0.00278388
-3.00709 0

-3.40902 0
-3.25 0.00711773

-3.22043 0
-3.125 0.0137499

-3.10902 0
-3.0625 0.0230927

-3.0625 0.0127148
-3.0373 0.03125

-3.04532 0.03125
-3.03125 0.0553064

-3.03125 0.0279743
-3.02718 0.03125

-3.03125 0.0496063
-3.02686 0.0625

-3.03885 0.0625
-3.03125 0.0905353

-3.03125 0.0813592
-3.02588 0.09375

-3.03028 0.09375
-3.00736 0.125

-3.00839 0.125
-3 0.140784

-2.96875 -0.22103
-2.97086 -0.21875

-2.97174 -0.21875
-2.96875 -0.218721

-2.96875 -0.221987
-2.96872 -0.21875

-2.98438 -0.0843618
-2.99716 -0.078125

1.51562 -0.0843419
1.50532 -0.078125

1.5 -0.06479
1.51178 -0.078125

1.51562 -0.083577
1.53125 -0.0793815

1.52518 -0.078125
1.53125 -0.0764369

-2.99802 -0.078125
-2.98438 -0.0656808

-2.98438 -0.0894335
-2.97572 -0.078125

1.53125 -0.0790101
1.53221 -0.078125

1.53125 -0.073965
1.54278 -0.0625

-2.98438 -0.0683136
-2.98019 -0.078125

-3 -0.0603569
-2.98438 -0.0603096

-3 -0.045365
-2.98438 -0.0458259

-2.98438 -0.0468312
-2.98436 -0.046875

-2.98438 -0.0168722
-2.9892 -0.015625

-3 -0.000992589
-2.98438 -0.00573745

-2.98438 -0.0159419
-2.98393 -0.015625

-2.98438 -0.0125615
-2.97812 0

1.5 -0.056788
1.50364 -0.0625

1.53125 -0.00113253
1.53009 0

1.54293 -0.0625
1.54688 -0.0584158

-2.78125 -0.00302892
-2.79072 0

-2.78125 -0.00186578
-2.76562 -0.010117

-2.75 -0.021259
-2.76048 -0.015625

1.54688 -0.058302
1.55698 -0.046875

1.56004 -0.046875
1.5625 -0.0409761

1.53125 -0.00029454
1.54688 -0.0119675

1.5625 -0.0226296
1.5578 -0.015625

1.54688 -0.0101506
1.5549 -0.015625

1.5625 -0.0404609
1.5662 -0.03125

1.5625 -0.0207919
1.56747 -0.03125

-2.76562 -0.0129363
-2.76031 -0.015625

1.67188 -0.0171333
1.67145 -0.015625

1.67188 -0.017063
1.68267 -0.03125

-2.59375 -0.295364
-2.60148 -0.28125

-2.60938 -0.273549
-2.61374 -0.265625

-2.61265 -0.265625
-2.61624 -0.25

1.67435 -0.015625
1.68391 0

-2.60076 -0.28125
-2.60835 -0.265625

-2.59375 -0.297923
-2.57812 -0.310919

-2.59375 -0.295292
-2.59301 -0.296875

1.70312 -0.0323099
1.69696 -0.03125

1.70312 -0.0326687
1.71564 -0.03125

-2.57812 -0.310931
-2.5625 -0.310533

-2.59375 -0.268945
-2.57812 -0.26956

-2.5864 -0.265625
-2.59356 -0.25

1.6875 -0.029553
1.6917 -0.03125

1.7135 -0.03125
1.71875 -0.0306548

-0.984375 -0.016052
-0.985393 -0.015625

-1 -0.00994333
-0.989335 -0.015625

-0.984375 -0.0160528
-0.96875 -0.017816

-0.96875 -0.017467
-0.953125 -0.0169855

-0.953125 -0.0167932
-0.941899 -0.015625

-0.942195 -0.015625
-0.9375 -0.0151364

0.359375 -0.0538738
0.354709 -0.046875

-0.9375 -0.0150351
-0.921875 -0.0129137

0.356559 -0.046875
0.357782 -0.03125

-0.921875 -0.0128213
-0.90625 -0.0106358

-0.90625 -0.0105365
-0.890625 -0.0086701

-0.890625 -0.00856137
-0.875 -0.00742999

1.71875 -0.030079
1.73438 -0.0252954

-0.875 -0.007408
-0.859375 -0.00727307

-0.859375 -0.00742113
-0.84375 -0.00803052

1.73438 -0.0244089
1.75 -0.0198927

-0.84375 -0.00831881
-0.828125 -0.00879979

0.359375 -0.0500877
0.375 -0.0580638

0.359375 -0.0448281
0.360004 -0.046875

0.362466 -0.03125
0.375 -0.0167146

-2.57812 -0.266708
-2.5625 -0.269665

1.75 -0.0197532
1.76562 -0.0175563

1.76562 -0.017696
1.78125 -0.0178184

0.375 -0.054117
0.390439 -0.046875

0.390298 -0.046875
0.390625 -0.0467698

0.390625 -0.0457043
0.40625 -0.033047

0.375 -0.0165374
0.375904 -0.015625

0.375114 -0.015625
0.390625 -0.00259801

0.390625 -0.00300248
0.39641 0

0.40625 -0.0330404
0.408186 -0.03125

0.408357 -0.03125
0.421875 -0.0168018

0.421875 -0.0168875
0.422931 -0.015625

0.423149 -0.015625
0.433919 0

-2.5625 -0.311077
-2.54728 -0.296875

-2.54768 -0.296875
-2.54688 -0.288884

-2.54688 -0.290846
-2.54582 -0.28125

-2.54688 -0.27816
-2.56084 -0.265625

-2.54688 -0.276797
-2.54463 -0.28125

-2.73438 -0.0388394
-2.73845 -0.03125

-2.71875 -0.0560641
-2.73154 -0.046875

-2.73438 -0.0379682
-2.7284 -0.046875

-2.75 -0.0170052
-2.73438 -0.0272542

0.03125 0.0270385
0.0193978 0.03125

-2.75 -0.0144389
-2.74145 -0.015625

-2.72633 -0.03125
-2.732 -0.015625

-2.73438 -0.00709425
-2.71875 -0.0148533

-2.71875 -0.052247
-2.70312 -0.0571252

0 0.0401656
0.015625 0.033079

-2.70312 -0.0577715
-2.6875 -0.0596111

1.78125 -0.0179244
1.79688 -0.0198748

0.015625 0.0329667
0.0204562 0.03125

0.03125 0.0267292
0.046875 0.0243071

1.79688 -0.0199425
1.8125 -0.0233736

-0.828125 -0.00899411
-0.8125 -0.00838144

1.84375 -0.0331243
1.83736 -0.03125

1.8125 -0.0235486
1.82812 -0.0279749

0.046875 0.0244846
0.0625 0.0256631

-0.8125 -0.00826544
-0.796875 -0.00640249

-0.796875 -0.00614872
-0.78125 -0.00377505

0.0625 0.0276464
0.078125 0.0281037

0.09375 0.0154471
0.0933931 0.015625

-0.78125 -0.00396232
-0.765625 -0.00121093

-2.71875 -0.0177043
-2.71838 -0.015625

-0.765625 -0.00152989
-0.759555 0

0.078125 0.0290293
0.09375 0.0229499

0.109375 0.0108296
0.0984374 0.015625

1.82812 -0.0280428
1.83907 -0.03125

-2.71875 -0.0144373
-2.71832 -0.015625

1.84375 -0.0330361
1.85938 -0.0368088

-2.67188 -0.102458
-2.67879 -0.09375

-2.67188 -0.113883
-2.65625 -0.115958

0.09375 0.020549
0.104981 0.015625

0.109375 0.0129534
0.125 0.0116197

1.85938 -0.0370305
1.875 -0.0390815

-0.59375 -0.00649613
-0.604951 0

-0.59375 -0.00685692
-0.578125 -0.012656

0.125 0.0124645
0.140625 0.0136333

0.140625 0.0134212
0.155001 0.015625

0.154618 0.015625
0.15625 0.0158752

-0.578125 -0.0124143
-0.5625 -0.0143202

1.875 -0.0391489
1.89062 -0.0389001

-0.5625 -0.0141934
-0.546875 -0.012943

-2.66497 -0.109375
-2.66898 -0.09375

-0.546875 -0.0123558
-0.53125 -0.00937714

0.15625 0.0154764
0.156979 0.015625

-0.515625 -0.0157226
-0.51592 -0.015625

1.89062 -0.0385548
1.90625 -0.036562

-0.53125 -0.0057984
-0.515625 -0.00942271

1.90625 -0.0362379
1.92188 -0.0338398

1.92188 -0.0337175
1.9375 -0.0318068

-0.5 -0.0270312
-0.515229 -0.015625

0.15625 0.0162503
0.171875 0.0194358

0.171875 0.0192541
0.1875 0.0227368

1.9375 -0.0317872
1.94473 -0.03125

0.1875 0.0226337
0.203125 0.0269761

-2.6758 -0.09375
-2.68556 -0.078125

-0.515625 -0.00683514
-0.504716 -0.015625

1.945 -0.03125
1.95312 -0.0306464

0.203125 0.0269225
0.215801 0.03125

-2.6875 -0.0717239
-2.67188 -0.0658648

0.214628 0.03125
0.21875 0.0326572

1.95312 -0.0307026
1.96875 -0.0301797

-0.760194 0
-0.75 0.00256917

-2.67188 -0.0841793
-2.66986 -0.09375

1.96875 -0.0302635
1.98438 -0.0300796

0.21875 0.0325648
0.234375 0.038382

1.98438 -0.0301074
2 -0.0300392

-2.67188 -0.0626668
-2.67179 -0.0625

1.50236 0.015625
1.50035 0.03125

-0.8125 0.355929
-0.814246 0.359375

-2.65625 -0.122708
-2.65216 -0.109375

-0.81397 0.359375
-0.8125 0.364938

-2.6875 -0.061459
-2.67188 -0.0532699

-0.8125 0.356128
-0.796875 0.357223

1.52485 0
1.52462 0.015625

-0.8125 0.364862
-0.796875 0.362861

1.52621 0.015625
1.53125 0.0193852

-2.6873 -0.046875
-2.67188 -0.0353128

0.234375 0.0385022
0.25 0.0441267

-0.75 0.00340783
-0.734375 0.00717138

-0.734375 0.00823775
-0.71875 0.0078982

-0.71875 0.00596799
-0.703125 0.00325305

-0.703125 0.00253228
-0.6875 0.00274389

-0.6875 0.00306016
-0.671875 0.00700734

-0.671875 0.0079554
-0.65625 0.0131095

-0.65625 0.0141134
-0.646662 0.015625

-0.64661 0.015625
-0.640625 0.0165685

-0.625 0.0135041
-0.634452 0.015625

-0.640625 0.0174464
-0.632465 0.015625

-2.67188 -0.0543775
-2.65625 -0.047716

-2.67188 -0.0449179
-2.65625 -0.0424157

0.25 0.0442032
0.258187 0.046875

-2.67551 -0.03125
-2.67188 -0.0291153

1.5 0.0318864
1.50051 0.03125

1.53125 0.0174214
1.54688 0.0222798

0.258385 0.046875
0.265625 0.0492375

1.5625 0.0127116
1.55182 0.015625

-0.625 0.0126736
-0.609375 0.00405953

0.265625 0.0493931
0.28125 0.0536314

-0.609375 0.00318405
-0.603885 0

1.54688 0.020884
1.56 0.015625

-2.67188 -0.0284131
-2.65625 -0.0287011

1.5625 0.0104975
1.57812 0.00415387

1.57812 0.00257906
1.59375 0.00357377

0.28125 0.0536872
0.296875 0.056711

1.59375 0.00327973
1.60938 0.0153023

-2.65625 -0.0531948
-2.64062 -0.0506012

-2.65625 -0.0419939
-2.64062 -0.041559

0.296875 0.0566826
0.3125 0.0584371

-2.64062 -0.0461381
-2.625 -0.0424434

0.3125 0.0584237
0.328125 0.0589924

1.60856 0.015625
1.60938 0.0165447

1.60938 0.0154636
1.60951 0.015625

1.60938 0.0177471
1.61893 0.03125

1.61757 0.03125
1.625 0.0437984

-0.4375 -0.0698734
-0.443682 -0.0625

1.625 0.0438123
1.62681 0.046875

1.625 0.0472058
1.63927 0.0625

-0.484375 -0.0318789
-0.487138 -0.03125

-0.484375 -0.0314961
-0.483365 -0.03125

-0.5 -0.0272468
-0.487714 -0.03125

0.328125 0.0590484
0.34375 0.0583461

-0.484375 -0.0301936
-0.46875 -0.0263847

0.34375 0.0581836
0.359375 0.0564235

-0.444673 -0.0625
-0.441545 -0.046875

0.359375 0.0563984
0.375 0.0539554

-0.46875 -0.0252715
-0.453125 -0.0189563

-2.65625 -0.0291076
-2.65052 -0.03125

1.68747 0
1.6875 2.5269e-05

-2.62706 -0.03125
-2.625 -0.031026

1.63924 0.0625
1.64062 0.063566

-2.61347 -0.25
-2.61219 -0.234375

0.397926 0
0.40625 0.00518635

-2.61211 -0.234375
-2.61165 -0.21875

0.375 0.0541964
0.390625 0.0506388

-0.453125 -0.0182664
-0.444376 -0.015625

1.64062 0.063217
1.65625 0.0714881

-0.44488 -0.015625
-0.4375 -0.0126709

1.65625 0.0712752
1.67188 0.0729363

0.390625 0.0490135
0.40625 0.0471102

-2.61173 -0.21875
-2.61209 -0.203125

0.40625 0.00506271
0.421875 0.0155455

-0.4375 -0.066148
-0.421875 -0.0752307

1.67188 0.0727346
1.6875 0.068615

-0.421875 -0.0757531
-0.40625 -0.0684634

1.68903 0
1.70312 0.0155427

-0.40625 -0.0695744
-0.399933 -0.0625

-2.61205 -0.203125
-2.61314 -0.1875

-0.4375 -0.0493101
-0.436708 -0.046875

0.421399 0.015625
0.421875 0.0160542

-0.435459 -0.046875
-0.421875 -0.0390711

0.436141 0
0.4375 0.00623635

-2.5902 -0.25
-2.58547 -0.234375

1.70272 0.015625
1.70312 0.0161834

0.421875 0.0161716
0.434412 0.03125

1.70312 0.0155625
1.70317 0.015625

1.70312 0.017219
1.71283 0.03125

-2.58507 -0.234375
-2.57812 -0.222872

1.70312 0.05894
1.69721 0.0625

0.40625 0.0464246
0.413725 0.046875

-0.421875 -0.0360024
-0.40625 -0.0403946

-0.4375 -0.0123607
-0.421875 -0.00684814

-0.421875 -0.00675503
-0.40625 -0.00252844

-0.398675 -0.0625
-0.398339 -0.046875

-0.40625 -0.0379068
-0.397789 -0.046875

-0.40625 -0.00269483
-0.392872 0

0.410094 0.046875
0.421875 0.0517657

0.436382 0.03125
0.4375 0.036597

0.421875 0.0576481
0.4375 0.0617748

-2.57812 -0.221724
-2.57633 -0.21875

-2.57593 -0.21875
-2.5625 -0.203725

1.71739 0.03125
1.71807 0.046875

1.70312 0.0613138
1.71615 0.046875

0.429151 0.0625
0.4375 0.0681701

-0.391231 0
-0.390625 0.000122056

0.4375 0.00779798
0.445898 0.015625

-2.61327 -0.1875
-2.61491 -0.171875

0.4375 0.0175268
0.453125 0.0174389

1.6875 0.0685239
1.69809 0.0625

-0.390625 0.000185175
-0.375 0.00312156

-2.61497 -0.171875
-2.61679 -0.15625

-2.61693 -0.15625
-2.61853 -0.140625

-2.61893 -0.140625
-2.61922 -0.125

-0.375 0.00304251
-0.359375 0.00640053

0.453125 0.0197633
0.46875 0.0235228

-0.359375 0.00640405
-0.34375 0.0103348

-0.34375 0.0109945
-0.328125 0.014171

-0.328307 0.015625
-0.328125 0.015662

-0.328125 0.0136648
-0.3125 0.0110509

0 0.986919
0.0100702 1

-0.328125 0.0191444
-0.3125 0.0168347

0.4375 0.0372506
0.440987 0.046875

-2.5625 -0.203697
-2.56189 -0.203125

-2.56154 -0.203125
-2.54688 -0.190974

-0.3125 0.0102539
-0.296875 0.00494336

-2.54688 -0.190352
-2.54173 -0.1875

-0.3125 0.0177883
-0.307226 0.015625

-2.54066 -0.1875
-2.53125 -0.182288

-0.296875 0.00479229
-0.28125 0.00341039

0.448183 0.046875
0.445611 0.0625

-0.28125 0.00393794
-0.265625 0.00646188

0.46875 0.0225827
0.484375 0.0253624

0.25 0.792553
0.238005 0.796875

-0.265625 0.0065187
-0.25 0.0117797

0.238681 0.796875
0.24214 0.8125

-2.53125 -0.182724
-2.51562 -0.177495

0.484375 0.0254774
0.5 0.0289271

0.4375 0.0746376
0.453125 0.0678775

0.238618 0.8125
0.25 0.815193

-0.25 0.0116266
-0.241216 0.015625

0.453125 0.0723802
0.456575 0.0625

-2.51562 -0.177066
-2.5 -0.17482

-0.24353 0.015625
-0.234375 0.0197923

0.25 0.791237
0.259136 0.796875

-2.61987 -0.125
-2.61676 -0.109375

-0.234375 0.0198134
-0.21875 0.0269333

0.256997 0.796875
0.254305 0.8125

-0.21875 0.0269978
-0.206944 0.03125

-2.6173 -0.109375
-2.60938 -0.0955699

-0.208379 0.03125
-0.203125 0.0331423

0.265625 0.79625
0.26602 0.796875

-0.203125 0.0326179
-0.1875 0.0366404

-0.1875 0.0363436
-0.171875 0.0396698

0.25 0.813892
0.252518 0.8125

-0.171875 0.0395705
-0.15625 0.0429927

-2.60938 -0.0947139
-2.60882 -0.09375

0.5 0.0290997
0.509577 0.03125

0.296875 0.984183
0.296853 0.984375

-2.60837 -0.09375
-2.59375 -0.0795615

0.294787 0.984375
0.296875 0.98732

-2.59375 -0.079099
-2.59181 -0.078125

0.296875 0.981123
0.3125 0.969057

-0.15625 0.0429576
-0.140625 0.0467443

0.301234 0.984375
0.3125 0.989661

0.509372 0.03125
0.515625 0.0326539

0.3125 0.975914
0.316795 0.984375

-0.140625 0.0467711
-0.140227 0.046875

-2.59096 -0.078125
-2.57812 -0.0717028

-0.140402 0.046875
-0.125 0.050895

0.3125 0.996607
0.323344 0.984375

0.515625 0.0326432
0.53125 0.0357946

-2.57812 -0.0724636
-2.5625 -0.0704955

0.53125 0.0357833
0.546875 0.0385658

-0.125 0.0511169
-0.109375 0.0548976

0.546875 0.0385767
0.5625 0.0409912

-0.109375 0.054997
-0.09375 0.0578359

-2.625 -0.0423365
-2.60938 -0.0356984

-0.09375 0.0578989
-0.078125 0.059471

-0.078125 0.0595628
-0.0625 0.0595587

0 1.01078
0.0108308 1

-0.0625 0.0596037
-0.046875 0.0577498

-0.046875 0.0578034
-0.03125 0.0539025

0.5625 0.0409955
0.578125 0.0430117

0.578125 0.0430012
0.59375 0.0446313

-0.03125 0.0538153
-0.015625 0.0479344

0.53125 0.993803
0.526029 1

-2.60938 -0.0334271
-2.60264 -0.03125

0.53125 0.996975
0.534345 1

0.59375 0.044601
0.609375 0.0459266

0 0.0404938
-0.0139914 0.046875

0.640625 0.968252
0.65625 0.953136

-0.015625 0.0478969
-0.0133843 0.046875

-2.60209 -0.03125
-2.59375 -0.0285542

0.643839 0.96875
0.65625 0.986657

0.609375 0.045889
0.62264 0.046875

-2.59375 -0.0295871
-2.57812 -0.0282437

0.65625 0.95257
0.657709 0.953125

-2.57812 -0.0284768
-2.5625 -0.0281491

0.622869 0.046875
0.625 0.0470334

-2.5625 -0.0706918
-2.54688 -0.0725306

0.65625 0.956513
0.671875 0.967882

0.671875 0.968115
0.672203 0.96875

0.625 0.0470114
0.640625 0.0481621

0.640625 0.0481456
0.65625 0.0493915

-2.54688 -0.0730584
-2.53125 -0.0772558

-2.51562 -0.0825445
-2.52892 -0.078125

0.65625 0.989465
0.675985 0.96875

-2.51562 -0.0820803
-2.5 -0.0890026

0.65625 0.0494005
0.671875 0.0507565

0.671875 0.0507786
0.6875 0.0521825

-2.5625 -0.0286507
-2.54688 -0.0278692

-2.54688 -0.02776
-2.53125 -0.0257401

-2.53125 -0.0257206
-2.51562 -0.0227195

-2.51562 -0.0226067
-2.5 -0.0188892

0.6875 0.0521973
0.703125 0.0535755

-3 0.00483691
-2.98438 0.00834597

-2.98438 0.00321678
-2.98274 0

0.703125 0.0535677
0.71875 0.0549061

0.71875 0.0548729
0.734375 0.0562535

0.734375 0.0562076
0.75 0.0577888

-3 0.0423132
-2.98438 0.0421392

-3 0.0551222
-2.98438 0.0536702

0.528978 1
0.53125 1.00232

0.53125 1.00528
0.537534 1

-2.98438 0.0536249
-2.98373 0.0625

-3 0.0690372
-2.98438 0.069225

-3 0.0784016
-2.98438 0.0784097

-2.98438 0.0630614
-2.98416 0.0625

-2.98438 0.0781942
-2.98435 0.078125

-0.421875 0.680738
-0.427809 0.6875

-0.421875 0.681836
-0.40625 0.683344

-3 0.102935
-2.96875 0.117626

-2.9375 0.0824558
-2.94474 0.09375

-2.94453 0.09375
-2.94972 0.109375

-0.40625 0.685429
-0.404627 0.6875

-0.425684 0.6875
-0.424773 0.703125

0.75 0.057749
0.765625 0.0597023

0.765625 0.0597285
0.78125 0.0620811

-2.94933 0.109375
-2.95085 0.125

0.78125 0.0621508
0.783522 0.0625

0.782934 0.0625
0.796875 0.0646434

0.796875 0.0646057
0.8125 0.0668128

-0.422596 0.703125
-0.421875 0.703955

0.8125 0.0667892
0.828125 0.068901

1.9375 0.661219
1.93234 0.671875

-2.90625 0.0574547
-2.91367 0.0625

1.9332 0.671875
1.9375 0.681736

-0.421875 0.708389
-0.40625 0.707937

1.9375 0.66278
1.95312 0.666026

-0.404191 0.6875
-0.40399 0.703125

-2.89062 0.0465531
-2.89115 0.046875

-0.40625 0.706645
-0.403518 0.703125

-2.90625 0.0567907
-2.89113 0.046875

0.828125 0.0688684
0.84375 0.0709972

-2.875 0.0377303
-2.8906 0.046875

1.9375 0.682132
1.95312 0.679131

-2.92188 0.065969
-2.93528 0.078125

0.84375 0.0709507
0.859375 0.0732548

0.859375 0.0731469
0.875 0.0759349

1.95312 0.668667
1.95446 0.671875

1.95312 0.679448
1.95545 0.671875

0.875 0.0758348
0.885403 0.078125

-2.9375 0.082493
-2.93448 0.078125

0 0.98688
-0.0130504 1

-2.92188 0.0681951
-2.91366 0.0625

-3 0.125184
-2.98959 0.15625

-2.98894 0.15625
-2.97745 0.1875

0.883927 0.078125
0.890625 0.0795995

0.890625 0.0796077
0.90625 0.0832338

-0.0130269 1
0 1.01003

1.9375 0.687773
1.94417 0.6875

-2.9506 0.125
-2.94976 0.140625

-2.94948 0.140625
-2.94736 0.15625

0.90625 0.0831958
0.921875 0.0866658

0.921875 0.0866378
0.9375 0.0900837

-2.95312 0.164943
-2.95454 0.171875

-2.96875 0.174649
-2.95312 0.178661

-2.94744 0.15625
-2.94417 0.171875

-2.94259 0.171875
-2.93754 0.1875

-2.98489 0.1875
-2.96875 0.216145

-2.97292 0.21875
-2.96875 0.222638

-2.9375 0.204856
-2.96151 0.21875

0.9375 0.0901085
0.953125 0.0935367

0.953125 0.0935458
0.954098 0.09375

-2.96875 0.226082
-2.9375 0.223345

-2.9375 0.185553
-2.93698 0.1875

2.03125 -0.032263
2.02493 -0.03125

2 -0.0298089
2.01562 -0.0302618

0.953936 0.09375
0.96875 0.0968587

0.96875 0.0968948
0.984375 0.0998662

-2.9375 0.190163
-2.937 0.1875

-2.9375 0.213235
-2.93449 0.203125

2.01562 -0.0297063
2.02525 -0.03125

2.03125 -0.031944
2.04688 -0.0381481

0.984375 0.0999181
1 0.102402

-2.9375 0.226063
-2.93292 0.21875

-2.85938 0.0291234
-2.86329 0.03125

2.0625 -0.0488057
2.05866 -0.046875

2.04688 -0.0392286
2.0621 -0.046875

-2.85938 0.0292498
-2.84375 0.0213898

-2.875 0.037586
-2.86335 0.03125

-2.82812 0.0139186
-2.83169 0.015625

-2.84375 0.0213544
-2.83177 0.015625

-2.82812 0.0137781
-2.8125 0.00696877

-2.8125 0.00673984
-2.79688 0.0012759

-2.79688 0.00190532
-2.79092 0

2.0625 -0.0488841
2.07812 -0.0525994

2.07812 -0.0518186
2.09375 -0.0498175

2.09375 -0.0477648
2.10096 -0.046875

2.10008 -0.046875
2.10938 -0.0457287

2.125 -0.0504
2.11731 -0.046875

-2.94062 0.25
-2.9375 0.251324

-2.9375 0.25716
-2.92681 0.25

2.10938 -0.0438428
2.11742 -0.046875

-2.90625 0.292477
-2.91307 0.3125

-2.90625 0.264611
-2.89062 0.264606

-2.90625 0.269193
-2.89062 0.267413

-2.89062 0.265514
-2.89056 0.265625

-2.89062 0.266156
-2.89054 0.265625

-2.90625 0.307446
-2.88326 0.3125

-2.90668 0.3125
-2.90625 0.316699

-2.875 0.318812
-2.89848 0.34375

2.14062 -0.0714352
2.13174 -0.0625

2.15625 -0.0783958
2.15559 -0.078125

-2.89531 0.34375
-2.875 0.355243

-2.875 0.311407
-2.87415 0.3125

-2.875 0.327193
-2.86711 0.34375

-2.875 0.363203
-2.85935 0.34375

2.14062 -0.0710204
2.15389 -0.078125

2.17188 -0.0781824
2.17078 -0.078125

1.46875 -0.0315703
1.4684 -0.03125

1.46676 -0.03125
1.45591 -0.015625

-2.75 0.40566
-2.75066 0.40625

-2.75 0.410412
-2.75277 0.4375

2.15625 -0.077389
2.17028 -0.078125

2.17188 -0.0774449
2.1875 -0.0760566

1.4536 -0.015625
1.45989 0

1.48438 -0.0434811
1.46922 -0.03125

1.5 -0.0565258
1.49211 -0.046875

1.48438 -0.0417336
1.49076 -0.046875

1.46875 -0.0312227
1.46878 -0.03125

-2.75599 0.4375
-2.75 0.444432

1 0.102462
1.01562 0.104234

1.01562 0.104284
1.03125 0.105122

2.125 -0.0514899
2.1363 -0.0625

-2.73438 0.406125
-2.7345 0.40625

-2.71875 0.404277
-2.72787 0.40625

2.1875 -0.0759016
2.20312 -0.0741383

2.20312 -0.0740108
2.21875 -0.0724376

-2.729 0.40625
-2.73907 0.4375

-2.71875 0.407406
-2.70416 0.421875

-2.70312 0.424862
-2.70854 0.4375

2.21875 -0.072319
2.23438 -0.0714283

2.23438 -0.0711896
2.25 -0.071696

-2.70312 0.421618
-2.703 0.421875

-2.70312 0.426391
-2.7025 0.421875

-2.74408 0.4375
-2.71875 0.443363

2.25 -0.0709237
2.26562 -0.0748492

1.03125 0.105157
1.04688 0.104892

-2.71875 0.44341
-2.70769 0.4375

2.28125 -0.0831474
2.26696 -0.078125

1.04688 0.104897
1.0625 0.103451

-2.6875 0.452233
-2.67505 0.453125

-2.6875 0.453799
-2.67188 0.453799

1.0625 0.103426
1.07812 0.100839

1.07812 0.100951
1.09375 0.0970495

2.26562 -0.074606
2.27564 -0.078125

-2.375 -0.32889
-2.3774 -0.328125

-2.39062 -0.314386
-2.37892 -0.328125

2.28125 -0.0826347
2.29688 -0.0851093

-2.39062 -0.311675
-2.375 -0.298574

2.29688 -0.0846249
2.3125 -0.0838613

-2.375 -0.329974
-2.37004 -0.328125

-2.37232 -0.328125
-2.35973 -0.3125

-2.35938 -0.312819
-2.35928 -0.3125

-2.375 -0.297513
-2.35938 -0.311362

-2.35938 -0.311336
-2.35896 -0.3125

1.10938 0.0914289
1.10222 0.09375

1.10938 0.091414
1.125 0.0862998

1.09375 0.0971065
1.10409 0.09375

-2.46875 -0.197326
-2.47219 -0.1875

-2.46875 -0.203616
-2.45312 -0.203149

-2.46875 -0.193495
-2.45312 -0.20002

-2.45312 -0.19119
-2.44905 -0.1875

1.125 0.0864845
1.14062 0.0817178

1.15625 0.0765486
1.15103 0.078125

1.14062 0.0818392
1.15293 0.078125

1.15625 0.0766006
1.17188 0.0727304

1.17188 0.0729518
1.1875 0.0702148

-2.5 -0.17695
-2.48438 -0.174287

-2.48438 -0.173309
-2.46875 -0.172209

2.3125 -0.0835773
2.32812 -0.081112

-2.48438 -0.170855
-2.46875 -0.166447

1.23438 0.0582622
1.22144 0.0625

-2.45312 -0.172149
-2.45421 -0.171875

2.32812 -0.080834
2.34197 -0.078125

-2.46875 -0.169629
-2.45312 -0.164906

1.23438 0.0586425
1.25 0.0531677

-2.45312 -0.179553
-2.4375 -0.171911

2.34234 -0.078125
2.34375 -0.0778489

1.1875 0.070551
1.20312 0.0678319

-2.4413 -0.171875
-2.4375 -0.160805

2.34375 -0.0778965
2.35938 -0.0745611

-2.45312 -0.147189
-2.45538 -0.140625

2.35938 -0.0745851
2.375 -0.0706985

-2.45409 -0.140625
-2.46075 -0.125

-2.45312 -0.147457
-2.44841 -0.15625

2.5 -0.157347
2.49979 -0.15625

2.49986 -0.15625
2.5 -0.155973

-2.4375 -0.192173
-2.42188 -0.191234

-2.42188 -0.205935
-2.41643 -0.203125

1.20312 0.0681925
1.21875 0.0640978

1.21875 0.0641183
1.22369 0.0625

2.375 -0.0710585
2.39062 -0.065853

2.39062 -0.0641513
2.39716 -0.0625

-2.4206 -0.203125
-2.41921 -0.1875

-2.4375 -0.18744
-2.4337 -0.171875

1.17188 0.155377
1.17101 0.15625

-2.4375 -0.171254
-2.43738 -0.171875

2.42188 -0.0783833
2.42174 -0.078125

2.42188 -0.0654168
2.41709 -0.0625

1.17188 0.153621
1.1875 0.154897

1.16978 0.15625
1.17008 0.171875

-2.48438 -0.0984602
-2.49202 -0.09375

-2.46875 -0.112545
-2.47125 -0.109375

1.16717 0.171875
1.17188 0.175864

1.18623 0.15625
1.17997 0.171875

2.4375 -0.0920259
2.42235 -0.078125

2.42188 -0.0666816
2.43174 -0.078125

-2.48438 -0.0978029
-2.47134 -0.109375

2.39753 -0.0625
2.40625 -0.0602969

1.17188 0.173668
1.18578 0.171875

2.40625 -0.0570835
2.42003 -0.0625

-2.5 -0.0892796
-2.49265 -0.09375

-2.46875 -0.112729
-2.46006 -0.125

-2.5 -0.0187777
-2.4876 -0.015625

2.4375 -0.0875577
2.45312 -0.0902966

2.45312 -0.0880144
2.46875 -0.0854476

-2.48773 -0.015625
-2.48438 -0.0147729

-2.48438 -0.014611
-2.46875 -0.010999

1.26562 0.045813
1.26319 0.046875

-2.46875 -0.0107938
-2.45312 -0.00832807

2.46875 -0.0850976
2.48438 -0.0824898

-2.45312 -0.00833324
-2.4375 -0.00741382

2.48438 -0.0824901
2.5 -0.0805407

-2.40625 -0.0866227
-2.41137 -0.078125

-2.41124 -0.078125
-2.40625 -0.0682921

-2.40625 -0.0853647
-2.39062 -0.0792426

-2.40625 -0.0697207
-2.39062 -0.0769843

1.25 0.0535439
1.26528 0.046875

1.26562 0.0462456
1.28125 0.0382807

-2.4375 -0.00718042
-2.42188 -0.00826377

-2.42188 -0.00822527
-2.40625 -0.0118552

1.29688 0.0295235
1.29372 0.03125

1.29688 0.0295127
1.3125 0.0207789

-2.39062 -0.0181576
-2.39669 -0.015625

-2.40625 -0.0117766
-2.39704 -0.015625

1.28125 0.0384715
1.29443 0.03125

1.32812 0.0126108
1.32178 0.015625

-2.39062 -0.0183273
-2.375 -0.027865

2.51562 -0.172598
2.51168 -0.171875

1.3125 0.020562
1.32289 0.015625

-2.35938 -0.0381204
-2.37294 -0.03125

-2.35938 -0.03935
-2.34375 -0.0384959

2.5 -0.157417
2.51527 -0.171875

1.32812 0.0123621
1.34375 0.00824041

-2.375 -0.0295851
-2.37171 -0.03125

-2.34375 -0.0378017
-2.33315 -0.03125

2.51562 -0.170735
2.52394 -0.15625

-2.33566 -0.03125
-2.32812 -0.0265916

1.34375 0.00788384
1.35938 0.00893933

1.35938 0.00889263
1.3744 0.015625

2.50008 -0.15625
2.51562 -0.147688

2.51562 -0.145187
2.52652 -0.15625

-2.32812 -0.0240253
-2.31331 -0.015625

1.37369 0.015625
1.375 0.0162105

2.53125 -0.156342
2.53147 -0.15625

2.54688 -0.156333
2.5558 -0.15625

1.375 0.0177689
1.39062 0.027056

2.54479 -0.15625
2.54688 -0.152059

-2.3131 -0.015625
-2.3125 -0.0153295

2.54688 -0.144759
2.5625 -0.150262

1.39062 0.0282434
1.39908 0.03125

2.54922 -0.140625
2.5625 -0.136278

-2.26562 -0.0794559
-2.2677 -0.078125

-2.26845 -0.078125
-2.27666 -0.0625

1.3993 0.03125
1.40625 0.0337221

-2.26562 -0.0821737
-2.25 -0.0787941

2.5625 -0.143946
2.5639 -0.140625

-2.25662 -0.078125
-2.25141 -0.0625

1.4375 0.027741
1.42281 0.03125

1.40625 0.0337955
1.42188 0.0332566

-2.3125 -0.0152615
-2.29688 -0.0140033

-2.29688 -0.0173802
-2.28125 -0.0168246

-2.28469 -0.015625
-2.28125 -0.0154738

-2.28125 -0.0623861
-2.26562 -0.0477474

-2.26562 -0.0541853
-2.2568 -0.0625

-2.25 -0.0441342
-2.25947 -0.03125

-2.26562 -0.017682
-2.2714 -0.015625

1.42188 0.0327669
1.42823 0.03125

1.4375 0.0270237
1.45312 0.0251008

2.5625 -0.130138
2.56962 -0.140625

1.46266 0
1.46875 0.00672689

-2.28125 -0.0119867
-2.26562 -0.0142951

1.45312 0.0280601
1.46875 0.0266884

2.5 -0.0806343
2.51562 -0.0791557

-2.26562 -0.0165001
-2.25473 -0.03125

1.46875 0.00548689
1.48438 0.0128193

2.51562 -0.079219
2.52851 -0.078125

1.48438 0.0299554
1.47592 0.03125

-2.26562 -0.00518666
-2.25244 -0.015625

1.48438 0.0101365
1.49278 0.015625

1.5 0.0266246
1.49968 0.03125

1.47057 0.03125
1.48438 0.0348079

1.48438 0.0393441
1.5 0.0316018

2.52868 -0.078125
2.53125 -0.0779065

2.53125 -0.0779285
2.54688 -0.0765568

2.54688 -0.0766588
2.5625 -0.0749707

2.5625 -0.0746622
2.57812 -0.0730706

2.57812 -0.073098
2.59375 -0.0721655

2.60938 -0.110425
2.60791 -0.109375

2.60938 -0.106653
2.60789 -0.09375

-2.25 -0.0817211
-2.24744 -0.078125

-2.25 -0.0445668
-2.23438 -0.0439279

2.60938 -0.0962071
2.625 -0.0974612

2.60938 -0.0782253
2.60689 -0.078125

2.59375 -0.0728009
2.60938 -0.0711942

-2.23438 -0.037992
-2.22529 -0.03125

-2.22559 -0.03125
-2.21875 -0.0261734

2.60938 -0.0821449
2.61636 -0.078125

2.60938 -0.0717351
2.625 -0.0662968

-2.21875 -0.0247702
-2.20312 -0.0173189

-2.20312 -0.0185125
-2.1875 -0.0158789

-2.1875 -0.0170525
-2.17871 -0.015625

2.625 -0.105159
2.62681 -0.09375

2.625 -0.0818963
2.62593 -0.078125

-2.1788 -0.015625
-2.17188 -0.0145004

-2.17188 -0.0146598
-2.15625 -0.00957807

2.625 -0.0648622
2.62972 -0.0625

2.62958 -0.0625
2.64062 -0.0572928

-2.15625 -0.00934744
-2.14062 -0.00188019

-2.14062 -0.00112755
-2.13836 0

2.64062 -0.0579599
2.65625 -0.0506096

2.67188 -0.0470242
2.66508 -0.046875

2.65625 -0.0461149
2.67188 -0.0464517

2.67188 -0.0502269
2.6875 -0.0596898

-2.04688 -0.000863361
-2.04958 0

-2.04688 -0.000929141
-2.03125 -0.0064598

2.67188 -0.000529963
2.6875 -0.0107414

2.70312 -0.0689412
2.68959 -0.0625

-2.03125 -0.006405
-2.01562 -0.0124349

-2 -0.0198958
-2.00813 -0.015625

-2.01562 -0.0116112
-2.00799 -0.015625

2.70312 -0.0682298
2.71875 -0.0714243

2.71875 -0.072077
2.73438 -0.0711843

2.73438 -0.0719216
2.75 -0.0641615

2.6875 -0.0616571
2.68931 -0.0625

2.71875 -0.0353307
2.71629 -0.03125

2.6875 -0.0052617
2.70122 0

2.71674 -0.03125
2.71541 -0.015625

2.71307 -0.015625
2.71875 -0.00523387

2.71875 -0.0347923
2.73438 -0.0467692

2.73438 -0.0399473
2.75 -0.0452011

2.71875 -0.010829
2.73438 -0.0043242

2.73438 -0.0133826
2.75 -0.0136943

-2.13848 0
-2.125 0.00671841

-2.125 0.00772789
-2.10938 0.0122037

-2.10938 0.0117875
-2.09375 0.0117471

2.75 -0.0659602
2.75429 -0.0625

2.75824 -0.0625
2.75928 -0.046875

-2.09375 0.011257
-2.07812 0.00851307

-2.07812 0.00834043
-2.0625 0.00421861

2.75 -0.0393914
2.76024 -0.046875

-2.0625 0.00413718
-2.04954 0

2.75 -0.0143557
2.76562 -0.00218258

2.76562 -0.000506416
2.76599 0

2.78894 -0.03125
2.78827 -0.015625

2.78125 -0.0151312
2.78626 -0.015625

2.79987 -0.03125
2.80015 -0.015625

2.79688 -0.0142177
2.7993 -0.015625

-2.375 0.592279
-2.37734 0.59375

2.96875 -0.156253
2.97205 -0.15625

3 -0.12562
2.99938 -0.125

-2.37696 0.59375
-2.37658 0.625

2.9375 -0.00729314
2.93455 0

-2.375 0.593631
-2.37417 0.59375

-2.375 0.597313
-2.35938 0.608792

-2.375 0.615153
-2.35938 0.609539

2.96875 -0.0878978
2.96186 -0.078125

2.95992 -0.078125
2.96294 -0.0625

-2.35938 0.609251
-2.35935 0.609375

2.96875 -0.0897596
2.98438 -0.0881595

2.96875 -0.0710271
2.97847 -0.078125

2.98456 -0.09375
2.99529 -0.078125

2.98438 -0.0766325
2.99956 -0.078125

2.95312 -0.0488852
2.95256 -0.046875

2.95312 -0.040076
2.94789 -0.03125

-2.01562 0.590595
-2.03023 0.59375

-2.01562 0.590553
-2.01133 0.59375

-2.02677 0.59375
-2.02082 0.609375

-2.02306 0.609375
-2.01562 0.610666

2.95312 -0.0485446
2.96875 -0.0573331

2.95312 -0.041211
2.96437 -0.046875

2.94818 -0.03125
2.94006 -0.015625

2.9375 -0.00869635
2.9403 -0.015625

2.96875 -0.0532254
2.97297 -0.046875

2.97373 -0.046875
2.9833 -0.03125

3 -0.0491205
2.99573 -0.046875

-2.01138 0.59375
-2.01311 0.609375

-2.01562 0.610005
-2.01455 0.609375

2.98438 -0.0365398
2.98571 -0.03125

-2.01562 0.724102
-2.02482 0.734375

-2.02447 0.734375
-2.01562 0.74163

2.97819 -0.03125
2.98078 -0.015625

2.981 -0.015625
2.98275 0

-2.01562 0.72471
-2.00778 0.734375

-2.01562 0.742372
-2.00679 0.734375

2.67766 0
2.68339 0.015625

2.68403 0.015625
2.6875 0.0178144

2.6875 0.0649302
2.68585 0.078125

2.68447 0.078125
2.6875 0.0821649

2.70312 0.0020004
2.69704 0.015625

2.6875 0.0193994
2.70312 0.0158625

2.70312 0.00284356
2.70468 0

2.70312 0.0157147
2.7032 0.015625

2.70312 0.0616722
2.69753 0.0625

2.70312 0.0578805
2.70987 0.0625

2.6875 0.0702929
2.69478 0.0625

2.6875 0.0807129
2.70312 0.0820195

2.70591 0.0625
2.70712 0.078125

2.70312 0.0812125
2.70626 0.078125

2.71875 0.405751
2.71864 0.40625

2.73438 0.388993
2.7308 0.390625

2.7288 0.390625
2.72078 0.40625

2.73438 0.389029
2.74091 0.390625

2.74261 0.390625
2.75 0.397807

2.71875 0.411384
2.75 0.414178

2.76366 0
2.76562 0.00224796

2.76562 0.00239191
2.77699 0.015625

2.7758 0.015625
2.78125 0.0210152

2.78125 0.0208419
2.79589 0.03125

2.79688 0.0307221
2.79833 0.03125

2.79712 0.03125
2.8125 0.0368253

2.8125 0.0360905
2.82812 0.0393069

2.82812 0.0391382
2.84375 0.0416676

2.84375 0.0418487
2.85938 0.0436662

2.85938 0.0439633
2.875 0.0441126

-1.98438 -0.0315716
-1.98478 -0.03125

-1.98438 -0.0327941
-1.96875 -0.0444603

-2 -0.0201271
-1.9848 -0.03125

-1.95312 -0.053177
-1.96541 -0.046875

-1.96875 -0.0452035
-1.96549 -0.046875

-1.95312 -0.0530929
-1.9375 -0.056229

-1.9375 -0.0556683
-1.92188 -0.0552313

-1.92188 -0.0544182
-1.90625 -0.0531559

2.875 0.0444268
2.89062 0.0416852

2.89062 0.0418581
2.90625 0.0352513

-1.90625 -0.0524369
-1.89062 -0.0534135

-1.89062 -0.0537529
-1.875 -0.0577273

2.92188 0.0232439
2.91295 0.03125

2.93568 0
2.92727 0.015625

-1.85938 -0.0636892
-1.86278 -0.0625

-1.85938 -0.0640419
-1.84375 -0.0692608

2.92188 0.0220308
2.92691 0.015625

2.90625 0.0356394
2.91251 0.03125

-1.84375 -0.0691759
-1.82812 -0.0734477

-1.82812 -0.0732979
-1.8125 -0.077092

2.9827 0
2.98327 0.015625

2.98304 0.015625
2.98299 0.03125

-1.875 -0.0581233
-1.86246 -0.0625

-1.79688 -0.0809624
-1.80781 -0.078125

2.98294 0.03125
2.98283 0.046875

2.98284 0.046875
2.98274 0.0625

2.98278 0.0625
2.98258 0.078125

2.98285 0.078125
2.98193 0.09375

2.98301 0.09375
2.9743 0.125

2.9375 0.176196
2.9246 0.1875

2.90625 0.235125
2.89995 0.25

-1.8125 -0.0767951
-1.80737 -0.078125

-1.79688 -0.0810769
-1.78125 -0.0855253

2.92188 0.208221
2.91557 0.21875

2.92188 0.196209
2.93444 0.1875

-1.75 -0.0962882
-1.75787 -0.09375

-1.78125 -0.0853837
-1.76562 -0.0902101

-1.76562 -0.089947
-1.75383 -0.09375

2.93287 0.203125
2.9375 0.204702

2.90625 0.219799
2.9189 0.21875

2.96875 0.129092
2.96327 0.140625

2.96617 0.140625
2.95705 0.15625

-1.75 -0.0962578
-1.73438 -0.0994873

-1.73438 -0.0995196
-1.71875 -0.0993065

2.95312 0.156307
2.9444 0.171875

2.94527 0.171875
2.94838 0.1875

2.95312 0.15958
2.95448 0.15625

2.95312 0.179143
2.96041 0.1875

-1.71875 -0.0992801
-1.70312 -0.0956123

-1.70312 -0.0958175
-1.69848 -0.09375

2.96875 0.129986
2.97152 0.125

3 0.181086
2.98123 0.1875

-1.6993 -0.09375
-1.6875 -0.0885041

-1.6875 -0.0885987
-1.67188 -0.0784986

-1.67188 -0.0784856
-1.6714 -0.078125

-1.6712 -0.078125
-1.65625 -0.06505

-1.65625 -0.0651179
-1.65367 -0.0625

-1.65351 -0.0625
-1.64075 -0.046875

2.9375 0.195906
2.95198 0.1875

2.94321 0.21875
2.94815 0.25

-1.64079 -0.046875
-1.64062 -0.0466013

-1.64062 -0.0433716
-1.63071 -0.03125

-1.63484 -0.03125
-1.625 -0.0225724

2.96875 0.203987
3 0.190731

-1.625 -0.0251973
-1.60938 -0.0183654

2.79688 0.359981
2.78585 0.375

2.79688 0.353747
2.80555 0.359375

-1.60938 -0.0193204
-1.59375 -0.0180781

-1.59375 -0.0180302
-1.57812 -0.0205635

2.79873 0.359375
2.79784 0.375

2.85938 0.288996
2.85253 0.296875

2.85362 0.296875
2.85491 0.3125

2.85938 0.292611
2.875 0.287095

2.875 0.310197
2.86893 0.3125

2.82812 0.327667
2.82789 0.328125

-1.57812 -0.0208625
-1.5625 -0.026669

-1.54688 -0.0343619
-1.55402 -0.03125

2.82753 0.328125
2.82812 0.333087

2.84375 0.318307
2.83332 0.328125

2.82812 0.333407
2.84375 0.335545

-1.54688 -0.0346132
-1.53125 -0.0401447

-1.5625 -0.0274667
-1.55382 -0.03125

2.8125 0.343895
2.81269 0.34375

2.84375 0.313172
2.875 0.314934

-1.53125 -0.0400895
-1.51562 -0.0438562

-1.51562 -0.0438707
-1.5 -0.0459538

2.84375 0.345214
2.84616 0.34375

2.75 0.385017
2.75315 0.40625

2.75 0.413804
2.75486 0.40625

2.78125 0.380149
2.79574 0.375

2.89062 0.261986
2.88847 0.265625

2.88754 0.265625
2.88181 0.28125

2.89062 0.262718
2.89816 0.25

2.89062 0.279273
2.89149 0.28125

2.875 0.285916
2.90625 0.293322

2.9375 0.276533
2.92507 0.28125

2.90625 0.284687
2.91666 0.28125

2.875 0.313261
2.87641 0.3125

2.9375 0.276604
2.95205 0.25

3 -0.0960029
3.00407 -0.09375

3 -0.0871789
3.00988 -0.0625

3.00371 -0.0625
3.00097 -0.03125

3 -5.76976e-05
3.00018 0

3.0625 -0.00771938
3.03887 0

3.125 -0.0049252
3.09567 0

3.25 -0.00408105
3.20849 0

3.5 -0.00292841
3.41245 0

-1.5 -0.0460556
-1.48438 -0.0462227

-1.48438 -0.0460774
-1.46875 -0.0444152

3.03125 0.0226106
3.02089 0.03125

3.0285 0.03125
3.02365 0.0625

-1.46875 -0.0442102
-1.45312 -0.0414195

-1.45312 -0.0413329
-1.4375 -0.0379971

3.03125 0.0140671
3.04926 0

-1.4375 -0.0379614
-1.42188 -0.0343254

-1.42188 -0.0343422
-1.4095 -0.03125

-1.40944 -0.03125
-1.40625 -0.0304538

-1.40625 -0.0303998
-1.39062 -0.0262647

-1.39062 -0.0262564
-1.375 -0.0219893

3.02764 0.0625
3.02553 0.09375

-1.375 -0.0220203
-1.35938 -0.0175758

-1.35938 -0.0176158
-1.35292 -0.015625

3.02025 0.09375
3.02276 0.125

3.0625 0.0129416
3.09688 0

-1.35277 -0.015625
-1.34375 -0.0128441

-1.34375 -0.0126759
-1.32812 -0.00764657

-1.32812 -0.00754653
-1.3125 -0.00280367

3 0.176584
3.02587 0.125

3 0.191218
3.00344 0.1875

3.125 0.00807613
3.19237 0

3.25 0.0033782
3.34649 0

-1.3125 -0.00279557
-1.30243 0

4 -0.003701
3.61758 0

-1 -0.0113795
-1.01052 0

-1.4375 0.0861494
-1.44083 0.09375

-1.43942 0.09375
-1.43752 0.109375

-1.44086 0.109375
-1.4375 0.117233

-1.4375 0.0856935
-1.42188 0.086972

-1.42188 0.0865311
-1.41932 0.09375

-1.4375 0.105046
-1.42188 0.0987249

-1.4375 0.115441
-1.42188 0.111271

-1.42188 0.109759
-1.42169 0.109375

-1.4375 0.13056
-1.442 0.140625

-1.44591 0.140625
-1.4375 0.152792

-1.4416 0.15625
-1.4375 0.157197

-1.4375 0.130225
-1.43629 0.125

-1.43389 0.140625
-1.4372 0.15625

-1.4375 0.156531
-1.43693 0.15625

-1.30191 0
-1.29688 0.00139789

-1.29688 0.00160338
-1.28125 0.00539899

-1.28125 0.00544332
-1.26562 0.00838805

-1.26562 0.00834594
-1.25 0.0104353

-1.25 0.0103817
-1.23438 0.0118072

-1.23438 0.0117198
-1.21875 0.0127634

-1.21875 0.0126225
-1.20312 0.0137408

-1.20312 0.0135786
-1.1875 0.0153779

-1.1875 0.0152528
-1.18563 0.015625

-1.18548 0.015625
-1.17188 0.0183298

-1.17188 0.0182991
-1.15625 0.0230818

-1.15625 0.0232583
-1.14062 0.0294331

-1.14062 0.029689
-1.13672 0.03125

-1.13746 0.03125
-1.125 0.0362299

-1.125 0.0366618
-1.10938 0.0410151

-1.10938 0.0412768
-1.09375 0.0422166

-1.09375 0.0420771
-1.07812 0.0393588

-1.07812 0.0386706
-1.0625 0.0339498

-1.04688 0.0292631
-1.05474 0.03125

-1.04688 0.0291857
-1.03125 0.0276432

-1.0625 0.0332885
-1.05443 0.03125

-1.01562 0.0232618
-1.02759 0.03125

-1.00888 0
-1.01528 0.015625

-1.01562 0.0299149
-1.00686 0.015625

