-4 -0.0049947
-3.66846 0

-3.54605 0
-3.5 0.0006938

-3.5 -0.00263287
-3.44727 0

-3.25 -0.00348114
-3.22687 0

-3.125 -0.00491987
-3.10828 0

-3 -0.0635617
-3.00002 -0.0625

-3.0625 -0.000383379
-3.06163 0

-3.00024 -0.0625
-3 -0.0618738

-3.03125 -0.000704231
-3.02476 0

-3.40252 0
-3.25 0.00764436

-3.21731 0
-3.125 0.0147744

-3.10537 0
-3.0625 0.0230643

-3.0625 0.00930269
-3.03632 0.03125

-3.04853 0.03125
-3.03377 0.0625

-3.03125 0.0256138
-3.02341 0.03125

-3.03125 0.0515852
-3.02812 0.0625

-3.04285 0.0625
-3.03414 0.09375

-3.03565 0.09375
-3.03125 0.103499

-3.03125 0.0826684
-3.02702 0.09375

-3.03125 0.100167
-3.00921 0.125

-3.02308 0.125
-3 0.15085

1.5 -0.17635
1.51562 -0.176941

1.51562 -0.176938
1.53125 -0.177339

1.53125 -0.177343
1.54688 -0.177552

1.54688 -0.177553
1.5625 -0.17756

-2.98438 -0.082971
-2.99751 -0.078125

-2.99148 -0.078125
-2.98438 -0.0733813

-2.98438 -0.0785208
-2.9841 -0.078125

-2.98438 -0.0686014
-2.98027 -0.078125

-2.9881 -0.0625
-2.98438 -0.061118

-3 -0.0313394
-2.98943 -0.03125

-3 -0.0160757
-2.98438 -0.0160757

-3 -0.00118088
-2.98438 -0.00118088

1.5625 -0.17755
1.57812 -0.177374

1.57812 -0.177351
1.59375 -0.177056

1.59375 -0.17703
1.60938 -0.176713

1.60938 -0.1767
1.625 -0.176438

1.625 -0.176445
1.64062 -0.176251

1.64062 -0.176271
1.65625 -0.176093

1.65625 -0.176111
1.67188 -0.175872

1.67188 -0.175878
1.6875 -0.17553

1.6875 -0.175522
1.70312 -0.175069

1.70312 -0.175055
1.71875 -0.174543

1.71875 -0.174536
1.73438 -0.174005

-3 0.0112198
-2.98438 0.0112198

-3 0.0242277
-2.98438 0.0242277

-3 0.0395846
-2.98438 0.0395846

1.73438 -0.174019
1.75 -0.173455

-3 0.0525718
-2.98438 0.0525718

-3 0.0736029
-2.98438 0.0736029

-3 0.0843526
-2.98438 0.0843526

-3 0.105378
-2.97064 0.125

-2.9917 0.125
-2.96875 0.154726

-3 0.161351
-2.97045 0.1875

-2.96875 0.142421
-2.95312 0.155783

-2.95312 0.155857
-2.95293 0.15625

-2.96291 0.15625
-2.95312 0.162962

-2.95546 0.171875
-2.95312 0.172437

-2.95312 0.171164
-2.95282 0.171875

-2.95123 0.171875
-2.94531 0.1875

-2.97088 0.1875
-2.96875 0.188324

0.125 -0.125924
0.112793 -0.125

0 -0.118936
0.015625 -0.119696

0.015625 -0.119688
0.03125 -0.120226

1.75 -0.173484
1.76562 -0.1728

-2.95058 0.1875
-2.9375 0.201548

-2.93683 0.203125
-2.92508 0.21875

-2.9263 0.21875
-2.90625 0.243127

0.03125 -0.120182
0.046875 -0.120603

-2.90625 0.249891
-2.90617 0.25

1.76562 -0.172834
1.78125 -0.171907

0.046875 -0.120537
0.0625 -0.121059

-2.90688 0.25
-2.90625 0.251348

1.78125 -0.171904
1.78162 -0.171875

0.0625 -0.121012
0.078125 -0.121862

0.078125 -0.12188
0.09375 -0.123114

-2.90898 0.28125
-2.90625 0.302092

-2.90395 0.25
-2.89062 0.262657

0.09375 -0.123197
0.109375 -0.12461

-2.89062 0.260557
-2.88448 0.265625

1.78166 -0.171875
1.79688 -0.170667

-2.87817 0.265625
-2.875 0.280054

1.79688 -0.170623
1.8125 -0.169158

-2.89924 0.28125
-2.87884 0.3125

1.8125 -0.169093
1.82812 -0.167623

-2.90924 0.3125
-2.90625 0.316906

0.109375 -0.124698
0.113363 -0.125

1.82812 -0.167636
1.84375 -0.166264

-2.90273 0.3125
-2.875 0.322985

1.84375 -0.166315
1.85938 -0.164915

-2.875 0.278603
-2.87399 0.28125

-2.875 0.287121
-2.85938 0.294666

0.125 -0.125976
0.140625 -0.126563

1.85938 -0.164932
1.875 -0.163368

-2.875 0.301595
-2.85938 0.297726

-2.85938 0.295252
-2.85746 0.296875

-2.85938 0.298242
-2.84375 0.310325

0.140625 -0.126572
0.15625 -0.126417

-2.84375 0.310883
-2.8419 0.3125

0.15625 -0.126358
0.171875 -0.125562

0.171875 -0.125476
0.178826 -0.125

1.875 -0.163345
1.89062 -0.161627

-0.703125 -0.00201041
-0.713206 0

-0.703125 -0.00191335
-0.6875 -0.00561287

-0.6875 -0.00575683
-0.671875 -0.0101642

-0.671875 -0.0103317
-0.65625 -0.0148239

-0.640625 -0.0192373
-0.652394 -0.015625

-0.65625 -0.0150018
-0.65422 -0.015625

-0.640625 -0.0195358
-0.625 -0.0248024

-0.59375 -0.0336457
-0.603065 -0.03125

-0.625 -0.0250751
-0.609375 -0.0298811

-0.609375 -0.0300372
-0.60466 -0.03125

-0.59375 -0.0338038
-0.578125 -0.0372273

-0.578125 -0.0371683
-0.5625 -0.0400878

-0.5625 -0.0400693
-0.546875 -0.0426398

-0.546875 -0.0427086
-0.53125 -0.0448294

-0.53125 -0.0448714
-0.515625 -0.046321

-0.5 -0.0470781
-0.50417 -0.046875

-0.515625 -0.0462785
-0.503376 -0.046875

-1 0.0400451
-0.984375 0.0361858

-0.984375 0.0360743
-0.96875 0.0322914

-0.953125 0.0287563
-0.963719 0.03125

-0.953125 0.0287646
-0.9375 0.0248888

-0.96875 0.0322826
-0.964363 0.03125

1.89062 -0.161504
1.90625 -0.159927

-0.9375 0.0247365
-0.921875 0.0208596

1.90625 -0.159947
1.92188 -0.158719

1.92188 -0.158792
1.9375 -0.157727

-0.921875 0.0207908
-0.90625 0.017355

-2.85363 0.3125
-2.84375 0.31662

-0.890625 0.0145351
-0.896601 0.015625

-0.90625 0.0173298
-0.896902 0.015625

1.9375 -0.157775
1.95312 -0.15663

0.177846 -0.125
0.1875 -0.124339

0.1875 -0.124344
0.203125 -0.123299

0.203125 -0.123306
0.21875 -0.12232

0.21875 -0.122359
0.234375 -0.121343

0.234375 -0.121391
0.25 -0.120169

-0.890625 0.0145378
-0.875 0.0122102

0.25 -0.120184
0.265625 -0.118627

0.265625 -0.118575
0.28125 -0.116759

-0.875 0.0121325
-0.859375 0.0104101

-0.859375 0.0103332
-0.84375 0.00952503

1.95312 -0.156467
1.95648 -0.15625

-0.84375 0.00953176
-0.828125 0.00977811

1.9566 -0.15625
1.96875 -0.155467

-0.828125 0.00994936
-0.8125 0.0108943

1.96875 -0.155329
1.98438 -0.155047

-0.8125 0.0111689
-0.796875 0.0119207

-2.8421 0.3125
-2.82812 0.324668

-0.796875 0.0120802
-0.78125 0.0117705

1.98438 -0.155372
2 -0.155435

-0.78125 0.0117321
-0.765625 0.010119

-2.82812 0.324937
-2.82479 0.328125

0.28125 -0.116666
0.296875 -0.114884

-0.765625 0.00999636
-0.75 0.00740208

-2.82565 0.328125
-2.8125 0.340036

0.296875 -0.114823
0.3125 -0.113382

0.3125 -0.113379
0.328125 -0.112407

0.328125 -0.112391
0.34375 -0.111923

-2.8125 0.340233
-2.8082 0.34375

-2.8077 0.34375
-2.79688 0.352322

0.34375 -0.111829
0.359375 -0.112085

0.359375 -0.112003
0.375 -0.113336

-2.79688 0.351822
-2.78779 0.359375

-0.75 0.00729461
-0.734375 0.00417932

-0.734375 0.00404325
-0.71875 0.000894034

-2.78478 0.359375
-2.78125 0.365567

-2.78125 0.366944
-2.77046 0.375

-0.71875 0.000736772
-0.715055 0

0.5 -0.125533
0.496584 -0.125

0.375 -0.113455
0.390625 -0.115794

-2.79918 0.375
-2.78215 0.40625

-2.80255 0.40625
-2.78125 0.425261

0.390625 -0.116094
0.40625 -0.118601

0.40625 -0.118791
0.421875 -0.120488

0.421875 -0.120415
0.4375 -0.121067

-2.77066 0.375
-2.75 0.389281

0.4375 -0.120847
0.453125 -0.121044

0.453125 -0.120807
0.46875 -0.121464

0.46875 -0.121419
0.484375 -0.123098

0.484375 -0.123341
0.495013 -0.125

-2.78125 0.411304
-2.75 0.417487

0 0.984818
0.0136307 1

-2.75 0.388807
-2.74758 0.390625

-2.7481 0.390625
-2.73438 0.401726

-2.73438 0.401715
-2.72953 0.40625

-2.73564 0.40625
-2.71875 0.416632

-2.71875 0.415435
-2.70879 0.421875

-2.71153 0.421875
-2.70312 0.427123

-0.5 -0.047082
-0.484375 -0.047154

-0.484375 -0.047254
-0.477697 -0.046875

-2.70312 0.426801
-2.6875 0.435871

-2.6875 0.435454
-2.68337 0.4375

-0.477644 -0.046875
-0.46875 -0.0463703

0.3125 0.968734
0.312468 0.96875

-0.46875 -0.0460903
-0.453125 -0.0445989

-0.453125 -0.043994
-0.4375 -0.0436648

0.5 -0.125623
0.515625 -0.128639

0.3125 0.973853
0.303241 0.984375

0.515625 -0.129071
0.53125 -0.13198

0.299083 0.984375
0.3125 0.996398

-2.6835 0.4375
-2.67188 0.443267

-2.67188 0.443419
-2.65625 0.450253

0.53125 -0.131974
0.546875 -0.133927

-0.421875 -0.0469066
-0.42209 -0.046875

0.3125 0.969803
0.325442 0.984375

-0.4375 -0.043537
-0.421875 -0.0458352

0.3125 0.992657
0.321858 0.984375

-0.421875 -0.046906
-0.40625 -0.0502515

-2.65625 0.449294
-2.6479 0.453125

0.546875 -0.133631
0.5625 -0.135233

-0.421875 -0.0458636
-0.417151 -0.046875

0.5625 -0.135151
0.578125 -0.13716

0.578125 -0.137333
0.59375 -0.139569

0.609375 -0.141521
0.603316 -0.140625

0.59375 -0.139735
0.599773 -0.140625

0.609375 -0.14172
0.625 -0.144424

0 1.00793
0.00851703 1

-2.64864 0.453125
-2.64062 0.456802

-2.64062 0.457847
-2.625 0.46451

-0.40625 -0.0496312
-0.390625 -0.0531234

-0.390625 -0.0531502
-0.375 -0.0576706

0.53125 0.993824
0.525039 1

-0.359375 -0.0628798
-0.360584 -0.0625

0.53125 0.999218
0.532073 1

-2.5625 0.338327
-2.56696 0.34375

0.65625 0.963608
0.651511 0.96875

0.652228 0.96875
0.65625 0.972582

0.625 -0.144636
0.640625 -0.147434

0.65625 0.964437
0.660352 0.96875

0.640625 -0.147411
0.65625 -0.149922

0.65625 -0.149958
0.671875 -0.152158

-2.57812 0.361439
-2.58921 0.375

0.671875 -0.15216
0.6875 -0.153975

-2.56601 0.34375
-2.57748 0.359375

0.65625 0.973339
0.661218 0.96875

-2.57812 0.360988
-2.57694 0.359375

0.71875 -0.156387
0.716655 -0.15625

-2.5 0.310487
-2.51227 0.3125

-2.54688 0.324506
-2.55198 0.328125

-2.5625 0.337851
-2.55177 0.328125

-0.359375 -0.0629149
-0.34375 -0.0675401

-0.34375 -0.0676388
-0.328125 -0.0716979

-0.328125 -0.0715636
-0.3125 -0.075128

-2.54688 0.324954
-2.53125 0.317096

-2.53125 0.317473
-2.51562 0.312844

-0.375 -0.0579631
-0.360558 -0.0625

-0.296875 -0.079178
-0.300901 -0.078125

-0.3125 -0.0746666
-0.299276 -0.078125

-0.296875 -0.079224
-0.28125 -0.0838136

-2.51562 0.313044
-2.51231 0.3125

-2.60938 0.404935
-2.60981 0.40625

0.6875 -0.153974
0.703125 -0.155404

-2.59375 0.377777
-2.60369 0.390625

0.703125 -0.155428
0.715714 -0.15625

-0.28125 -0.0840092
-0.265625 -0.0879436

-2.60938 0.404899
-2.6044 0.390625

-0.265625 -0.0870961
-0.25 -0.0916789

0.71875 -0.156348
0.734375 -0.15711

0.530401 1
0.53125 1.00089

0.53125 1.00637
0.537587 1

0.734375 -0.157112
0.75 -0.157789

-0.234375 -0.09881
-0.248879 -0.09375

-0.234375 -0.0979674
-0.21875 -0.102612

-2.61009 0.40625
-2.60938 0.409401

-2.60938 0.408808
-2.60638 0.421875

-0.25 -0.0905209
-0.240744 -0.09375

0.75 -0.157795
0.765625 -0.158368

-2.60684 0.421875
-2.59375 0.436771

-2.59375 0.379433
-2.58995 0.375

-0.21875 -0.102762
-0.203125 -0.106098

-0.203125 -0.105871
-0.1875 -0.108052

-2.59375 0.436863
-2.59286 0.4375

-2.625 0.463744
-2.6101 0.46875

-0.171875 -0.109643
-0.174462 -0.109375

-0.1875 -0.107979
-0.173994 -0.109375

-2.61017 0.46875
-2.60938 0.469016

-2.60938 0.469572
-2.59375 0.473785

0.765625 -0.158366
0.78125 -0.158828

0.78125 -0.158824
0.796875 -0.159186

0.796875 -0.159183
0.8125 -0.159462

0.8125 -0.159458
0.828125 -0.159667

-2.58911 0.4375
-2.57812 0.444935

-2.57812 0.442963
-2.56623 0.453125

-2.5625 0.467482
-2.56278 0.46875

-2.59375 0.474551
-2.57812 0.47504

-2.57812 0.477521
-2.56418 0.46875

-2.56056 0.453125
-2.56051 0.46875

-0.171875 -0.109613
-0.15625 -0.110772

-0.15625 -0.110707
-0.140625 -0.111519

-0.140625 -0.111499
-0.125 -0.112136

0.828125 -0.159664
0.84375 -0.159818

0.84375 -0.159813
0.859375 -0.159928

-2.5625 0.470049
-2.56142 0.46875

2 -0.155513
2.01562 -0.155114

2.01562 -0.154745
2.03125 -0.154463

2.04688 -0.157021
2.04071 -0.15625

2.04688 -0.156935
2.0625 -0.160301

0.859375 -0.159924
0.875 -0.160015

-0.125 -0.112098
-0.109375 -0.112673

-0.109375 -0.112656
-0.09375 -0.113278

-0.09375 -0.113269
-0.078125 -0.113992

0.875 -0.160011
0.890625 -0.160096

-0.078125 -0.113994
-0.0625 -0.114834

-2.5 0.31066
-2.48438 0.309407

0.890625 -0.160093
0.90625 -0.160185

-2.48438 0.30949
-2.46875 0.309034

2.03125 -0.153697
2.04688 -0.155651

-0.0625 -0.114835
-0.046875 -0.115788

2.04688 -0.155408
2.05078 -0.15625

0.90625 -0.160182
0.921875 -0.160294

-2.46875 0.309082
-2.45312 0.309162

0.921875 -0.160292
0.9375 -0.160432

-0.046875 -0.115799
-0.03125 -0.116841

-2.45312 0.309182
-2.4375 0.309661

-0.03125 -0.116866
-0.015625 -0.117924

0.9375 -0.160432
0.953125 -0.160605

-0.015625 -0.117956
0 -0.118917

-2.4375 0.30967
-2.42188 0.310491

2.0625 -0.160547
2.07812 -0.162569

0.953125 -0.160605
0.96875 -0.16081

2.07812 -0.162326
2.09375 -0.162786

2.09375 -0.162443
2.10938 -0.162514

0.96875 -0.16081
0.984375 -0.161047

0.984375 -0.161042
1 -0.161319

2.10938 -0.162389
2.125 -0.163004

-2.42188 0.310498
-2.40625 0.311633

-2.40625 0.311656
-2.39677 0.3125

-2.39673 0.3125
-2.39062 0.313044

-2.39062 0.313061
-2.375 0.314638

2.125 -0.163075
2.14062 -0.164341

2.14062 -0.164515
2.15625 -0.165941

-2.375 0.314657
-2.35938 0.316354

-2.35938 0.316377
-2.34375 0.318113

-2.34375 0.318138
-2.32812 0.319818

-2.32812 0.319843
-2.3125 0.321368

2.15625 -0.166033
2.17188 -0.167089

2.17188 -0.167007
2.1875 -0.167675

2.1875 -0.167571
2.20312 -0.168224

2.20312 -0.168263
2.21875 -0.169032

-2.3125 0.321398
-2.29688 0.322658

-2.29688 0.322688
-2.28125 0.323563

-2.28125 0.323616
-2.26562 0.323941

2.21875 -0.169071
2.23438 -0.1698

2.23438 -0.169709
2.25 -0.170504

-2.26562 0.324059
-2.25 0.323489

1 -0.161308
1.01562 -0.161657

1.01562 -0.161644
1.03125 -0.162112

1.03125 -0.162111
1.04688 -0.162726

1.04688 -0.162745
1.0625 -0.163471

1.0625 -0.163511
1.07812 -0.16423

1.07812 -0.164274
1.09375 -0.164818

1.09375 -0.164847
1.10938 -0.165071

1.10938 -0.165071
1.125 -0.164917

-2.25 0.323427
-2.23438 0.321851

-2.23438 0.321555
-2.21875 0.31969

-2.21875 0.319532
-2.20312 0.318285

-2.20312 0.318222
-2.1875 0.318037

1.125 -0.16489
1.14062 -0.164416

1.14062 -0.164377
1.15625 -0.163714

1.15625 -0.163683
1.17188 -0.162973

2.25 -0.170442
2.26562 -0.17161

1.17188 -0.162954
1.1875 -0.162297

2.28125 -0.173429
2.26664 -0.171875

2.26562 -0.171147
2.27247 -0.171875

-2.1875 0.317725
-2.17188 0.319352

-2.17188 0.319023
-2.15625 0.323744

1.1875 -0.162286
1.20312 -0.161741

1.20312 -0.161734
1.21875 -0.161336

1.21875 -0.161333
1.23438 -0.1611

1.23438 -0.161103
1.25 -0.161035

-2.15625 0.32432
-2.14787 0.328125

-2.14839 0.328125
-2.14062 0.33165

-2.14062 0.332516
-2.125 0.338636

1.25 -0.161045
1.26562 -0.161116

-2.125 0.338417
-2.10938 0.342026

1.26562 -0.161128
1.28125 -0.161294

-2.10938 0.341668
-2.09492 0.34375

2.28125 -0.173324
2.29688 -0.175401

1.28125 -0.161298
1.29688 -0.161527

-2.09493 0.34375
-2.09375 0.34392

2.28125 -0.171638
2.28303 -0.171875

1.29688 -0.161517
1.3125 -0.161819

-0.125 0.973562
-0.134459 0.984375

-0.128901 0.984375
-0.125 0.988131

1.3125 -0.1618
1.32812 -0.162234

-0.125 0.979402
-0.12022 0.984375

2.29688 -0.175371
2.3125 -0.177824

-2.09375 0.343944
-2.07812 0.345502

1.32812 -0.162222
1.34375 -0.162852

-0.125 0.993655
-0.114434 0.984375

-2.07812 0.345534
-2.0625 0.346284

2.375 -0.188835
2.36637 -0.1875

1.34375 -0.16285
1.35938 -0.163704

2.3125 -0.17789
2.32812 -0.180619

2.32812 -0.180663
2.34375 -0.183448

1.35938 -0.1637
1.375 -0.164788

-2.0625 0.3463
-2.04688 0.346147

-2.04688 0.34613
-2.03125 0.345075

0 0.990375
-0.00894201 1

1.375 -0.164782
1.39062 -0.166126

2.34375 -0.183465
2.35938 -0.186184

-2.01562 0.343259
-2.02027 0.34375

-2.01562 0.343262
-2 0.341345

1.39062 -0.166139
1.40625 -0.167729

-0.0145041 1
0 1.01309

2.35938 -0.186152
2.36809 -0.1875

-2.03125 0.34495
-2.01988 0.34375

1.40625 -0.167764
1.42188 -0.169504

1.42188 -0.169529
1.4375 -0.171299

1.45312 -0.173038
1.44233 -0.171875

1.4375 -0.171285
1.44297 -0.171875

1.45312 -0.173069
1.46875 -0.174496

1.46875 -0.174482
1.48438 -0.175569

2.375 -0.188715
2.39062 -0.190596

-2.01562 0.728207
-2.02128 0.734375

-2.0277 0.734375
-2.01562 0.74436

2.39062 -0.190557
2.40625 -0.191953

1.48438 -0.175552
1.5 -0.176362

2.40625 -0.191893
2.42188 -0.193003

-2.01562 0.721645
-2.00523 0.734375

-2.01562 0.73838
-2.01128 0.734375

2.42188 -0.19296
2.4375 -0.193988

2.4375 -0.193974
2.45312 -0.195033

2.45312 -0.195038
2.46875 -0.196146

2.46875 -0.196181
2.48438 -0.197259

2.48438 -0.197302
2.5 -0.19819

2.5 -0.198218
2.51562 -0.198773

2.51562 -0.198734
2.53125 -0.198977

2.53125 -0.198876
2.54688 -0.199084

2.54688 -0.198957
2.5625 -0.199588

2.5625 -0.199567
2.57812 -0.200917

2.57812 -0.201142
2.59375 -0.202805

2.60938 -0.204328
2.59743 -0.203125

2.59375 -0.202891
2.59607 -0.203125

2.60938 -0.204175
2.625 -0.206068

-2 0.341426
-1.98438 0.339132

-1.98438 0.339269
-1.96875 0.336163

-1.96875 0.336323
-1.95312 0.331813

-1.9375 0.3257
-1.94408 0.328125

-1.95312 0.331654
-1.94354 0.328125

-1.89062 0.309368
-1.90431 0.3125

-1.89062 0.3099
-1.875 0.309091

-1.9375 0.325568
-1.92188 0.319542

-1.92188 0.319487
-1.90625 0.313802

2.625 -0.205824
2.64062 -0.20888

2.64062 -0.209149
2.65625 -0.213318

-1.90625 0.313132
-1.90349 0.3125

-1.875 0.30953
-1.85938 0.309602

-1.85938 0.310208
-1.84375 0.30907

-1.84375 0.309403
-1.82812 0.305176

-1.8125 0.296317
-1.81364 0.296875

-1.82812 0.305027
-1.8125 0.297382

-1.78125 0.279707
-1.78444 0.28125

2.6875 -0.220442
2.67849 -0.21875

2.65625 -0.213734
2.67188 -0.217644

2.67188 -0.217713
2.67739 -0.21875

-1.8125 0.29628
-1.79688 0.287718

-1.79688 0.287947
-1.78302 0.28125

-1.78125 0.279894
-1.76562 0.273903

2.6875 -0.220826
2.70312 -0.22229

2.70312 -0.22229
2.71875 -0.221677

-1.76562 0.274518
-1.75 0.269642

2.71875 -0.221488
2.73438 -0.219185

2.73336 -0.21875
2.73438 -0.2186

2.73438 -0.218621
2.75 -0.216132

-1.67188 0.246459
-1.68323 0.25

-1.67188 0.24676
-1.65625 0.241907

-1.65625 0.242367
-1.64062 0.236347

-1.625 0.22841
-1.63762 0.234375

-1.64062 0.236571
-1.63598 0.234375

2.75 -0.216284
2.76562 -0.214422

-1.59375 0.212744
-1.6056 0.21875

-1.625 0.228464
-1.60938 0.220708

-1.60938 0.220955
-1.60503 0.21875

2.76562 -0.214428
2.78125 -0.212878

2.78125 -0.212951
2.79688 -0.211556

2.79688 -0.211576
2.8125 -0.21015

-1.59375 0.213103
-1.57812 0.204383

-1.5625 0.194374
-1.57672 0.203125

-1.57812 0.205052
-1.5749 0.203125

2.8125 -0.210213
2.82812 -0.208591

2.82812 -0.208566
2.84375 -0.206674

-1.54688 0.184177
-1.55211 0.1875

-1.54688 0.184156
-1.53125 0.174493

-1.51562 0.165918
-1.5268 0.171875

-1.53125 0.1746
-1.52614 0.171875

-1.51562 0.166048
-1.5 0.159297

2.84375 -0.206675
2.85938 -0.20456

2.85938 -0.204243
2.86977 -0.203125

2.86938 -0.203125
2.875 -0.20252

-1.5625 0.194674
-1.5513 0.1875

-1.73438 0.264175
-1.73888 0.265625

2.875 -0.202847
2.89062 -0.201662

2.89062 -0.202103
2.90625 -0.199937

2.90625 -0.20096
2.92188 -0.194884

2.92188 -0.195509
2.93218 -0.1875

-1.75 0.269799
-1.73704 0.265625

-1.73438 0.264277
-1.71875 0.25976

-1.71875 0.260098
-1.70312 0.256129

2.93121 -0.1875
2.9375 -0.181172

2.9375 -0.180291
2.94401 -0.171875

2.94473 -0.171875
2.95263 -0.15625

2.95077 -0.15625
2.95312 -0.151684

-1.70312 0.256343
-1.6875 0.251819

-1.6875 0.251851
-1.68157 0.25

2.95312 -0.148446
2.95716 -0.140625

2.96049 -0.140625
2.96875 -0.125713

2.96749 -0.125
2.96875 -0.121962

2.96875 -0.122914
2.98107 -0.09375

2.98348 -0.09375
2.98438 -0.0888055

2.98375 -0.078125
2.98179 -0.0625

2.98633 -0.09375
2.98931 -0.078125

2.98438 -0.0733825
2.98498 -0.078125

2.98351 -0.0625
2.98401 -0.046875

2.98373 -0.046875
2.98388 -0.03125

2.98393 -0.03125
2.98418 -0.015625

2.98421 -0.015625
2.98438 -0.00217514

2.98438 -0.00176478
2.9844 0

-1.375 0.124099
-1.37864 0.125

-1.48438 0.154024
-1.49041 0.15625

-1.48438 0.15388
-1.46875 0.14841

-1.5 0.159411
-1.49143 0.15625

-1.46875 0.148184
-1.45312 0.143308

-1.4375 0.139569
-1.44167 0.140625

-1.45312 0.14331
-1.44253 0.140625

-1.4375 0.139671
-1.42188 0.13598

-1.42188 0.135968
-1.40625 0.132059

-1.40625 0.132007
-1.39062 0.128008

-1.39062 0.127942
-1.37874 0.125

-1.375 0.124081
-1.35938 0.120468

-1.35938 0.120368
-1.34375 0.117208

-1.34375 0.117206
-1.32812 0.114706

-1.32812 0.114867
-1.3125 0.112707

2.98438 0.00931109
2.98435 0.015625

2.9843 0.015625
2.98407 0.03125

2.98438 0.0146887
2.98451 0

2.98405 0.03125
2.9839 0.046875

2.98392 0.046875
2.98384 0.0625

-1.3125 0.112894
-1.29688 0.110377

-1.28125 0.107091
-1.29188 0.109375

-1.29688 0.1104
-1.2921 0.109375

-1.28125 0.106934
-1.26562 0.102909

-1.26562 0.102719
-1.25 0.0986892

2.98381 0.0625
2.98385 0.078125

2.98383 0.078125
2.9841 0.09375

2.98416 0.09375
2.98499 0.125

-1.21875 0.0914152
-1.22785 0.09375

-1.25 0.0987231
-1.23438 0.0949994

-1.23438 0.0949737
-1.22961 0.09375

-1.21875 0.0911854
-1.20312 0.0864981

-1.20312 0.0861518
-1.1875 0.0816128

-1.17188 0.0780424
-1.17223 0.078125

-1.1875 0.0815579
-1.17257 0.078125

-1.15625 0.0749918
-1.17051 0.078125

2.9375 0.201746
2.93668 0.203125

2.93701 0.203125
2.92245 0.21875

2.92797 0.21875
2.9235 0.25

-1.15625 0.0749258
-1.14062 0.0708667

-1.14062 0.0706638
-1.125 0.0664908

2.95312 0.136899
2.96875 0.129871

2.96761 0.140625
2.95313 0.15625

-1.09375 0.0600269
-1.10671 0.0625

-1.09375 0.06016
-1.07812 0.0570174

-1.07812 0.0569711
-1.0625 0.0534275

-1.125 0.0663234
-1.10938 0.0627769

-1.10938 0.0627486
-1.10807 0.0625

-1.0625 0.0533001
-1.04688 0.049703

-1.03125 0.0465001
-1.03309 0.046875

-1.04688 0.0495861
-1.03359 0.046875

-1.03125 0.0466479
-1.01562 0.043596

-1.01562 0.043653
-1 0.0401498

2.95312 0.156732
2.94752 0.171875

2.94887 0.171875
2.94606 0.1875

2.95312 0.164764
2.95779 0.15625

2.95312 0.187387
2.95581 0.171875

2.99058 0.125
2.96886 0.15625

3 0.178774
2.99655 0.1875

2.94489 0.1875
2.94966 0.21875

2.96875 0.23121
2.95179 0.25

2.99232 0.1875
2.97271 0.21875

2.96875 0.23682
2.97512 0.21875

2.875 0.295336
2.86355 0.296875

2.85938 0.298525
2.875 0.298525

2.89062 0.275118
2.88863 0.28125

2.90625 0.264216
2.90547 0.265625

2.8997 0.265625
2.90625 0.279561

2.89715 0.28125
2.90625 0.287335

2.90819 0.25
2.9375 0.278653

2.93703 0.28125
2.9375 0.281358

2.9375 0.268128
2.99157 0.25

3 -0.0749447
3.00219 -0.0625

3 -0.0473815
3.00034 -0.0625

3 -0.00327844
3.00154 0

3.0625 -0.00295989
3.05412 0

3.125 -0.00555299
3.1022 0

3.25 -0.00413223
3.22267 0

3.5 -0.00298311
3.44197 0

3.03125 0.0299791
3.02228 0.03125

3.03125 0.0614167
3.03112 0.0625

3.03125 0.0258453
3.06122 0

3.03887 0.03125
3.03136 0.0625

3.03125 0.112323
3.02068 0.125

3.0366 0.0625
3.04015 0.09375

3.04836 0.09375
3.03798 0.125

3.0625 0.0187309
3.09578 0

3 0.175181
3.02556 0.125

3 0.18766
3.00008 0.1875

3.125 0.013718
3.20488 0

3.25 0.00665258
3.37911 0

4 -0.00602506
3.61321 0

3.5 0.000454836
3.5292 0

