-4 -0.00374197
-3.71187 0

-3.59598 0
-3.5 0.00124652

-3.5 -0.00214455
-3.4512 0

-3.25 -0.00285105
-3.22823 0

-3.125 -0.00435644
-3.1094 0

1.5 -0.00616119
1.51562 -0.00910021

1.51562 -0.00918228
1.53125 -0.0119741

1.53125 -0.0120304
1.54688 -0.0143983

1.5625 -0.0162313
1.55727 -0.015625

1.54688 -0.0144026
1.55742 -0.015625

-3 -0.0636895
-3.00049 -0.0625

1.5625 -0.016192
1.57812 -0.0174834

1.57812 -0.0174214
1.59375 -0.0183726

1.59375 -0.0183285
1.60938 -0.0191517

1.60938 -0.0191493
1.625 -0.0199373

-3.0625 -0.000506212
-3.06133 0

-3 -0.0320145
-3.00045 -0.03125

-3.03125 -0.00150618
-3.02707 0

-3.40388 0
-3.25 0.00680357

1.625 -0.019966
1.64062 -0.0206662

1.64062 -0.0206968
1.65625 -0.0211905

1.65625 -0.0212009
1.67188 -0.021406

-3.21611 0
-3.125 0.0130472

-3.10603 0
-3.0625 0.0203522

1.67188 -0.0213903
1.6875 -0.0213175

1.6875 -0.0212831
1.70312 -0.0210326

1.70312 -0.0209944
1.71875 -0.0207113

-3.0625 0.00698726
-3.03243 0.03125

-3.04405 0.03125
-3.03125 0.0576532

-3.03125 0.0304725
-3.03059 0.03125

-3.03125 0.0539361
-3.02834 0.0625

-3.04119 0.0625
-3.03125 0.0897966

-3.03131 0.09375
-3.03125 0.0939223

-3.03125 0.0811914
-3.02115 0.09375

-3.03125 0.0942418
-3 0.120259

-3.02618 0.125
-3 0.15418

-3.00144 0.1875
-3 0.188867

1.71875 -0.0206863
1.73438 -0.0204971

1.73438 -0.0204992
1.75 -0.0204497

1.75 -0.0204813
1.76562 -0.0205037

1.76562 -0.0205487
1.78125 -0.02049

1.78125 -0.0205222
1.79688 -0.0202279

1.79688 -0.0202317
1.8125 -0.0196302

1.8125 -0.0196111
1.82812 -0.018733

1.82812 -0.018709
1.84375 -0.0176404

1.84375 -0.0176275
1.85938 -0.0164422

1.85938 -0.0164474
1.86939 -0.015625

1.86934 -0.015625
1.875 -0.0151598

1.875 -0.0151772
1.89062 -0.01376

1.89062 -0.0137761
1.90625 -0.0121635

1.90625 -0.0121683
1.92188 -0.0103186

1.92188 -0.0103056
1.9375 -0.00823509

-3 -0.0782612
-2.98623 -0.078125

-3 -0.0634935
-2.98438 -0.0633817

-3 -0.061182
-2.98438 -0.0611152

-2.98438 -0.0609879
-2.98399 -0.0625

1.9375 -0.00820389
1.95312 -0.00600091

1.95312 -0.00593215
1.96875 -0.0037966

1.96875 -0.00367161
1.98438 -0.00199098

1.98438 -0.00186661
2 -0.00113963

-2.98438 -0.0236647
-2.99689 -0.015625

-2.9902 -0.015625
-2.98438 -0.0110638

-2.98438 -0.0175909
-2.98279 -0.015625

-2.98438 -0.00500071
-2.97699 -0.015625

0 -0.0485829
0.015625 -0.0486989

0.015625 -0.0487412
0.03125 -0.0488688

0.03125 -0.0489172
0.046875 -0.0488751

0.046875 -0.0488952
0.0625 -0.0485461

0.0625 -0.0485293
0.078125 -0.0478664

0.078125 -0.0478332
0.09375 -0.0469566

0.09375 -0.0469415
0.0947943 -0.046875

0.0948091 -0.046875
0.109375 -0.0459471

-0.859375 -0.00186812
-0.873532 0

-2.98438 0.028443
-2.99034 0.03125

-2.98438 0.0311396
-2.98397 0.03125

-2.98623 0.03125
-2.99138 0.046875

-0.859375 -0.00192142
-0.84375 -0.00436179

-0.84375 -0.00441954
-0.828125 -0.007017

-2.99337 0.046875
-2.98438 0.0552892

-2.98053 0.03125
-2.97248 0.046875

-2.98438 0.0528028
-2.97329 0.046875

-2.98571 0.0625
-2.98676 0.078125

-2.98438 0.0883556
-2.98804 0.09375

-2.96875 0.0771124
-2.97022 0.078125

-2.96875 0.0800456
-2.98243 0.09375

0.109375 -0.0459282
0.125 -0.0448802

0.125 -0.0448817
0.140625 -0.0438159

0.140625 -0.0438307
0.15625 -0.0427144

-3 0.113481
-2.97807 0.09375

-0.828125 -0.00707311
-0.8125 -0.00959997

0 0.9894
0.00949053 1

0.15625 -0.0427323
0.171875 -0.0414999

0.171875 -0.0415108
0.1875 -0.0401049

-2.95312 0.0720285
-2.96851 0.078125

0.1875 -0.0401058
0.203125 -0.0385028

-2.96875 0.0783882
-2.96822 0.078125

-2.95312 0.0740807
-2.9375 0.0723586

0.203125 -0.0384934
0.21875 -0.0367105

0.21875 -0.03669
0.234375 -0.0347869

-2.9375 0.0723802
-2.92188 0.0709854

-2.92188 0.0711917
-2.90625 0.0696685

0.234375 -0.0347573
0.25 -0.0328338

-2.90625 0.0699784
-2.89062 0.0672947

-2.89062 0.0674376
-2.875 0.0626879

-3 0.132626
-2.97417 0.15625

-3 0.175768
-2.97346 0.1875

0.3125 0.975581
0.30449 0.984375

0.25 -0.0328124
0.263157 -0.03125

0.26355 -0.03125
0.265625 -0.0310036

-2.96875 0.159777
-2.95984 0.171875

-2.95575 0.171875
-2.9575 0.1875

0.265625 -0.0309902
0.28125 -0.0291792

-3 0.189378
-2.96875 0.19776

-2.96902 0.21875
-2.96875 0.218841

-2.96875 0.202368
-2.9532 0.1875

-2.96875 0.223095
-2.95676 0.21875

-2.875 0.0617815
-2.85938 0.0564823

0.28125 -0.0291133
0.296875 -0.0274257

0.297753 0.984375
0.3125 0.997383

0.3125 0.968768
0.326149 0.984375

0.3125 0.991108
0.319862 0.984375

-2.85938 0.056497
-2.84375 0.0524316

-0.8125 -0.0096542
-0.796875 -0.0118898

0 1.01231
0.0143316 1

-2.84375 0.0524667
-2.82812 0.0495462

-2.82812 0.0496064
-2.8125 0.0476402

-2.875 0.0627379
-2.8743 0.0625

-2.79688 0.0463043
-2.80291 0.046875

-2.8125 0.047831
-2.80239 0.046875

-0.796875 -0.0119342
-0.78125 -0.0136813

0.53125 0.99382
0.525462 1

0.53125 0.997836
0.533446 1

-0.78125 -0.0137033
-0.765625 -0.0148292

-0.765625 -0.0148341
-0.75 -0.0152849

0.65625 0.964202
0.651954 0.96875

-2.79688 0.0464841
-2.78125 0.044851

-2.78125 0.0448818
-2.76562 0.0427338

-2.76562 0.0425392
-2.75 0.0402038

0.651543 0.96875
0.65625 0.973153

0.65625 0.963846
0.660829 0.96875

0.65625 0.972826
0.660557 0.96875

0.296875 -0.0273865
0.3125 -0.0260324

0.3125 -0.0260316
0.328125 -0.0250906

0.328125 -0.0251233
0.34375 -0.0245318

0.34375 -0.0245695
0.359375 -0.0241867

0.359375 -0.0242125
0.375 -0.0239113

-0.75 -0.0152718
-0.734375 -0.0150641

0.375 -0.0239167
0.390625 -0.0236345

0.390625 -0.0236255
0.40625 -0.0233694

-2.90625 0.273448
-2.92117 0.28125

0.529447 1
0.53125 1.00183

-0.734375 -0.0150205
-0.71875 -0.0142676

0.40625 -0.0233604
0.421875 -0.0231666

-0.71875 -0.0141783
-0.703125 -0.0131457

0.421875 -0.0231664
0.4375 -0.023053

-0.703125 -0.0130224
-0.6875 -0.0121349

-0.6875 -0.0120293
-0.671875 -0.0117449

-0.671875 -0.0117095
-0.65625 -0.01231

0.4375 -0.0230594
0.453125 -0.0230141

-0.65625 -0.0123559
-0.640625 -0.0138202

0.453125 -0.0230194
0.46875 -0.0230187

-0.625 -0.0159563
-0.627635 -0.015625

0.53125 1.00583
0.537481 1

-0.640625 -0.0139493
-0.627297 -0.015625

0.46875 -0.0230182
0.484375 -0.0230524

-2.90625 0.291826
-2.9135 0.3125

-0.625 -0.0160323
-0.609375 -0.0180022

-0.609375 -0.018034
-0.59375 -0.0197218

-0.59375 -0.0197235
-0.578125 -0.021062

-0.578125 -0.0210313
-0.5625 -0.0220787

0.484375 -0.0230488
0.5 -0.0231259

-2.90625 0.302044
-2.875 0.310779

-2.9078 0.3125
-2.90625 0.316962

-2.90625 0.322944
-2.875 0.325988

-2.88402 0.34375
-2.875 0.345955

-0.5625 -0.0220343
-0.546875 -0.0229408

-0.546875 -0.0229018
-0.53125 -0.0238342

-2.875 0.311702
-2.87445 0.3125

-0.53125 -0.0238129
-0.515625 -0.024892

-0.515625 -0.024895
-0.5 -0.0261574

-1 0.00316547
-0.984375 0.0024411

-0.984375 0.00245664
-0.96875 0.00211709

-0.96875 0.00213918
-0.953125 0.0021092

-0.953125 0.00214904
-0.9375 0.00230476

-2.875 0.336448
-2.87387 0.3125

-2.875 0.356928
-2.86158 0.34375

-0.9375 0.0023695
-0.921875 0.00250175

0.5 -0.0231226
0.515625 -0.0232563

0.515625 -0.0232547
0.53125 -0.0234549

0.53125 -0.0234521
0.546875 -0.0237277

-0.921875 0.00257934
-0.90625 0.00240345

0.546875 -0.0237255
0.5625 -0.0240864

-2.78125 0.371529
-2.78585 0.375

0.5625 -0.0240863
0.578125 -0.0245371

-0.90625 0.00246121
-0.890625 0.0017065

-0.890625 0.00171234
-0.875 0.000251645

-2.78125 0.37572
-2.78853 0.40625

-0.875 0.000190306
-0.873558 0

0.578125 -0.0245416
0.59375 -0.0250739

0.59375 -0.0250831
0.609375 -0.0256693

-2.79082 0.40625
-2.78125 0.419577

-2.78125 0.376637
-2.75 0.390961

-2.78125 0.418078
-2.75 0.413155

0.609375 -0.0256799
0.625 -0.0262807

-2.75 0.0400473
-2.73438 0.0382265

-2.73438 0.038235
-2.71875 0.037225

-2.71875 0.0373491
-2.70312 0.0368846

-2.70312 0.0369507
-2.6875 0.0366509

0.625 -0.0262891
0.640625 -0.0268666

0.640625 -0.0268721
0.65625 -0.0273982

0.65625 -0.0274024
0.671875 -0.0278576

0.671875 -0.0278622
0.6875 -0.028229

-2.6875 0.0366517
-2.67188 0.0363831

-2.67188 0.0363766
-2.65625 0.0361506

0.6875 -0.0282348
0.703125 -0.0284924

0.703125 -0.0284992
0.71875 -0.0286226

0.71875 -0.0286304
0.734375 -0.0285901

-2.65625 0.0361598
-2.64062 0.0359711

-2.64062 0.0359872
-2.625 0.0357851

2 -0.00115331
2.01562 -0.00160134

-0.5 -0.0261777
-0.484375 -0.0275771

2.01562 -0.00181026
2.03125 -0.0029881

2.03125 -0.00318227
2.04688 -0.00428374

2.04688 -0.00428561
2.0625 -0.00491865

-0.484375 -0.0275892
-0.46875 -0.029061

-0.4375 -0.0323134
-0.447245 -0.03125

-0.46875 -0.0290387
-0.453125 -0.0306032

-0.453125 -0.0305904
-0.447081 -0.03125

-0.4375 -0.0323276
-0.421875 -0.0341346

-0.421875 -0.0341894
-0.40625 -0.0359464

0.734375 -0.028599
0.75 -0.0283613

-0.40625 -0.0359679
-0.390625 -0.0375222

2.0625 -0.0048105
2.07812 -0.0051877

2.07812 -0.00510117
2.09375 -0.00561191

-0.390625 -0.0375144
-0.375 -0.0388383

0.75 -0.0283714
0.765625 -0.0278984

-2.625 0.0357502
-2.60938 0.0355723

-2.60938 0.0356061
-2.59375 0.0354548

2.09375 -0.00557014
2.10938 -0.00647104

-2.59375 0.035581
-2.57812 0.0351363

0.765625 -0.0279094
0.78125 -0.027159

2.10938 -0.00644624
2.125 -0.00787045

-0.375 -0.0388239
-0.359375 -0.039962

-2.57812 0.0350777
-2.5625 0.0342046

-2.54688 0.0309027
-2.54956 0.03125

-2.53125 0.0288982
-2.54456 0.03125

-2.5625 0.034653
-2.54688 0.0326316

-2.54688 0.0326397
-2.53901 0.03125

-2.53125 0.0287768
-2.51562 0.0274012

-2.51562 0.0273133
-2.5 0.0283811

0.78125 -0.0271706
0.796875 -0.0260975

0.796875 -0.026106
0.8125 -0.0246699

2.125 -0.00788158
2.14062 -0.00985645

2.14062 -0.0098954
2.15625 -0.0123208

-0.359375 -0.0399504
-0.34375 -0.0409548

-0.34375 -0.0409497
-0.328125 -0.0418537

-0.328125 -0.0418518
-0.3125 -0.0426694

2.15625 -0.0123129
2.17188 -0.0151267

2.1875 -0.0183059
2.17407 -0.015625

-2.3125 -0.0774322
-2.31954 -0.0625

-0.3125 -0.0426625
-0.296875 -0.0434116

-2.31978 -0.0625
-2.3125 -0.0513728

-0.296875 -0.0433977
-0.28125 -0.0441199

2.17188 -0.0151191
2.17441 -0.015625

-2.3125 -0.0762064
-2.29688 -0.0684847

0.8125 -0.0246695
0.828125 -0.0228543

-2.29688 -0.0630138
-2.29672 -0.0625

2.1875 -0.0183806
2.20312 -0.0215381

-2.3125 -0.0520431
-2.29688 -0.0574859

2.20312 -0.0215237
2.21875 -0.0245781

-2.29688 -0.0579567
-2.29511 -0.0625

0.828125 -0.0228429
0.84375 -0.0206725

-0.28125 -0.0441073
-0.265625 -0.0448555

0.84375 -0.0206649
0.859375 -0.0181772

-0.265625 -0.0448538
-0.25 -0.0456566

2.21875 -0.0245219
2.23438 -0.0276143

2.23438 -0.0275244
2.25 -0.0309473

0.859375 -0.018191
0.873584 -0.015625

0.873724 -0.015625
0.875 -0.0153946

2.35938 -0.331271
2.35347 -0.328125

2.3544 -0.328125
2.35194 -0.3125

2.35938 -0.330426
2.36906 -0.328125

0.875 -0.0153784
0.890625 -0.0121768

0.890625 -0.0121556
0.90625 -0.00860276

0.90625 -0.00863552
0.921875 -0.00470851

0.921875 -0.00472564
0.9375 -0.000324596

0.9375 -0.000351694
0.938603 0

-0.25 -0.0456685
-0.234375 -0.0465055

-0.21875 -0.0473288
-0.227554 -0.046875

-0.234375 -0.0465302
-0.227686 -0.046875

-0.21875 -0.0473467
-0.203125 -0.0480488

-0.203125 -0.0480525
-0.1875 -0.0486139

-2.5 0.0286411
-2.48708 0.03125

-2.48724 0.03125
-2.48438 0.0318282

-2.48438 0.0320588
-2.46875 0.0362574

-0.1875 -0.0486109
-0.171875 -0.0490302

0.938637 0
0.953125 0.00462128

0.953125 0.00475873
0.96875 0.0101269

0.96875 0.0101079
0.984375 0.015625

-2.46875 0.0364743
-2.45312 0.0407692

2.367 -0.328125
2.37397 -0.3125

-2.45312 0.040799
-2.4375 0.0446966

2.35185 -0.3125
2.35938 -0.306838

-0.171875 -0.0490255
-0.15625 -0.0493183

0.984415 0.015625
1 0.0213441

-0.15625 -0.0493156
-0.140625 -0.0494968

-2.4375 0.0446737
-2.42783 0.046875

-0.140625 -0.0494959
-0.125 -0.0495728

-2.42741 0.046875
-2.42188 0.0481352

-0.125 -0.0495705
-0.109375 -0.0495493

-0.109375 -0.0495431
-0.09375 -0.0494408

-0.09375 -0.0494325
-0.078125 -0.049278

-0.078125 -0.0492725
-0.0625 -0.0490932

2.35938 -0.306928
2.375 -0.311471

-2.42188 0.048222
-2.40625 0.0515005

2.375 -0.325284
2.37626 -0.3125

-2.40625 0.0515166
-2.39062 0.0544313

-2.39062 0.0545531
-2.375 0.0568285

2.375 -0.312303
2.37513 -0.3125

-2.375 0.0568787
-2.35938 0.0581706

-2.35938 0.0578673
-2.34375 0.0586817

-0.0625 -0.0490903
-0.046875 -0.0489028

-2.34375 0.0589714
-2.32812 0.0593356

-2.32812 0.0589684
-2.3125 0.0590374

-2.3125 0.0621837
-2.29688 0.0563995

-2.28125 0.0368837
-2.29022 0.046875

-2.29688 0.0570045
-2.2863 0.046875

2.26562 -0.0348243
2.25091 -0.03125

2.26562 -0.0348889
2.28125 -0.0387607

-0.046875 -0.0488955
-0.03125 -0.0487203

2.25 -0.0308659
2.25158 -0.03125

-2.26562 0.0235497
-2.27768 0.03125

-0.03125 -0.0487048
-0.015625 -0.0485873

-2.26562 0.0254555
-2.25 0.0226325

-0.015625 -0.0485742
0 -0.0485716

2.28125 -0.0387631
2.29688 -0.0425521

-2.28125 0.0348876
-2.27663 0.03125

2.29688 -0.0425096
2.3125 -0.0462958

2.32812 -0.0501238
2.31456 -0.046875

2.3125 -0.0462321
2.31518 -0.046875

1.46875 -0.000997749
1.46047 0

1.46875 -0.000960787
1.48438 -0.00328838

1.48438 -0.00332363
1.5 -0.00607669

1 0.0214837
1.01562 0.0271839

2.32812 -0.0501635
2.34375 -0.0536101

-2.25 0.0234675
-2.23438 0.0228758

-2.23438 0.023048
-2.21875 0.022673

1.01562 0.0270519
1.02712 0.03125

1.02742 0.03125
1.03125 0.0326481

2.34375 -0.0536209
2.35938 -0.0566256

-2.21875 0.0227215
-2.20312 0.0221219

-2.20312 0.0221111
-2.1875 0.0212114

2.35938 -0.0566318
2.375 -0.0591608

-2.1875 0.0212054
-2.17188 0.0200395

-2.17188 0.0200155
-2.15625 0.0186431

1.03125 0.032932
1.04688 0.0385695

1.04688 0.0386594
1.0625 0.0436455

2.40625 -0.0628155
2.40319 -0.0625

-2.15625 0.0186214
-2.14062 0.0171336

2.40625 -0.0628311
2.42188 -0.0639653

1.0625 0.0435346
1.07427 0.046875

2.42188 -0.0639897
2.4375 -0.0645603

-2.125 0.0155983
-2.12528 0.015625

1.0747 0.046875
1.07812 0.0478472

1.07812 0.0478859
1.09375 0.0521503

2.375 -0.0591537
2.39062 -0.0612088

1.09375 0.0517963
1.10938 0.0567071

-2.14062 0.0171026
-2.12521 0.015625

2.39062 -0.0612011
2.40324 -0.0625

1.10938 0.056612
1.12381 0.0625

1.12287 0.0625
1.125 0.06337

2.4375 -0.0645702
2.45312 -0.0645083

2.45312 -0.0644933
2.46875 -0.0638092

-2.125 0.0155784
-2.10938 0.0141867

-2.10938 0.0141372
-2.09375 0.0130032

2.46875 -0.0637768
2.48438 -0.062565

2.48438 -0.0625241
2.48461 -0.0625

1.17188 0.0575487
1.16516 0.0625

2.48461 -0.0625
2.5 -0.0609314

-2.09375 0.0128902
-2.07812 0.0123393

-2.07812 0.0121414
-2.0625 0.0127957

-2.0625 0.0125537
-2.04688 0.0152929

-2.04688 0.0154044
-2.04618 0.015625

1.1875 0.0440332
1.18334 0.046875

1.17188 0.0564137
1.18381 0.046875

1.125 0.0640487
1.14062 0.0699503

1.14062 0.0720846
1.15625 0.0712013

-2.04638 0.015625
-2.03125 0.0204318

-2.03125 0.0214902
-2.01562 0.0262153

-2.01562 0.0264767
-2 0.0283177

1.15625 0.0714552
1.1695 0.0625

1.1875 0.0441079
1.20312 0.0364006

1.20312 0.0370807
1.21875 0.0323696

1.23438 0.0290176
1.22481 0.03125

1.23438 0.0290657
1.25 0.0257989

1.21875 0.0326414
1.22471 0.03125

1.25 0.0258033
1.26562 0.0227938

1.26562 0.0228009
1.28125 0.0200254

2.5 -0.0608929
2.51562 -0.0590795

2.51562 -0.059049
2.53125 -0.0571528

1.28125 0.0200291
1.29688 0.0174661

2.53125 -0.0571281
2.54688 -0.0552592

2.54688 -0.0552354
2.5625 -0.0534909

1.3125 0.0151057
1.30907 0.015625

1.29688 0.0174684
1.30907 0.015625

2.5625 -0.0534722
2.57812 -0.0519372

2.57812 -0.0519254
2.59375 -0.0506609

2.59375 -0.0506621
2.60938 -0.0496891

2.60938 -0.0496999
2.625 -0.0489943

1.3125 0.015109
1.32812 0.0129351

1.32812 0.0129323
1.34375 0.0109463

2.625 -0.0490048
2.64062 -0.0485243

-2.01562 0.728481
-2.02131 0.734375

2.64062 -0.0485071
2.65625 -0.0482651

1.34375 0.010939
1.35938 0.0091611

2.65625 -0.0482141
2.67188 -0.0483469

-2.02803 0.734375
-2.01562 0.744504

1.35938 0.0091621
1.375 0.00760483

2.67188 -0.0482985
2.6875 -0.049005

-2.01562 0.721692
-2.00533 0.734375

1.375 0.00762048
1.39062 0.00625055

1.39062 0.00627688
1.40625 0.00501033

-2.01562 0.738229
-2.01164 0.734375

2.6875 -0.0490325
2.70312 -0.0503546

2.70312 -0.0504452
2.71875 -0.0521468

1.40625 0.00503892
1.42188 0.0037659

1.42188 0.00378812
1.4375 0.00240701

2.71875 -0.0522358
2.73438 -0.0539577

2.73438 -0.0540049
2.75 -0.0554749

1.4375 0.00242584
1.45312 0.00085457

1.45312 0.000908964
1.46067 0

2.75 -0.0555054
2.76562 -0.056568

2.76562 -0.0565785
2.78125 -0.0571519

2.78125 -0.0571446
2.79688 -0.0572223

2.79688 -0.0571633
2.8125 -0.0568777

2.8125 -0.0568088
2.82812 -0.0564157

2.82812 -0.0563333
2.84375 -0.056135

2.84375 -0.056097
2.85938 -0.0563343

2.85938 -0.0563886
2.875 -0.057029

2.875 -0.0573409
2.89062 -0.0576522

2.89062 -0.0578692
2.90625 -0.0567938

2.90625 -0.056607
2.92188 -0.0540845

2.92188 -0.05354
2.9375 -0.0510328

2.96875 -0.079991
2.96747 -0.078125

2.96875 -0.0770013
2.96421 -0.0625

2.96875 -0.0829712
2.98438 -0.0864618

2.96875 -0.0767191
2.97083 -0.078125

2.98438 -0.089289
2.99378 -0.078125

2.98765 -0.078125
2.98871 -0.0625

2.9375 -0.0507448
2.95312 -0.049918

2.96875 -0.054319
2.95484 -0.046875

2.96236 -0.046875
2.96875 -0.0417181

2.96875 -0.0480525
2.98438 -0.0575735

-0.125 0.973741
-0.134368 0.984375

-0.129367 0.984375
-0.125 0.988527

2.96875 -0.0467734
2.97316 -0.03125

2.98865 -0.0625
2.98475 -0.046875

-0.125 0.979047
-0.119944 0.984375

-0.125 0.993501
-0.114692 0.984375

2.99613 -0.046875
2.99243 -0.03125

2.97417 -0.03125
2.97924 -0.015625

2.98184 -0.015625
2.98438 -0.00520675

2.98438 -0.0219143
2.98642 -0.03125

0 0.984609
-0.0130754 1

-0.00895009 1
0 1.00807

2.98436 0
2.98438 0.000214813

2.98438 0.0289898
2.98432 0.03125

2.98438 0.00472341
2.98519 0.015625

2.98608 0.015625
2.98567 0.03125

2.98433 0.03125
2.98335 0.046875

2.9839 0.046875
2.98391 0.0625

2.98438 0.033695
2.98453 0.03125

2.98438 0.046875
2.98439 0.0625

2.98382 0.0625
2.98392 0.078125

2.98384 0.078125
2.98438 0.0933254

2.98413 0.09375
2.98749 0.125

2.9375 0.201694
2.93398 0.203125

2.92188 0.216485
2.9367 0.203125

2.92784 0.21875
2.91115 0.25

2.96875 0.144972
2.9595 0.15625

2.96875 0.159869
2.9611 0.171875

2.95903 0.171875
2.95504 0.1875

2.98486 0.125
2.97875 0.15625

3 0.181175
2.98922 0.1875

2.9375 0.215143
2.96457 0.1875

2.95881 0.21875
2.96348 0.25

2.96875 0.215736
2.98891 0.1875

2.96875 0.222157
2.96971 0.21875

-2 0.0275279
-1.98438 0.0275418

2.85938 0.296092
2.875 0.296092

2.85938 0.297418
2.875 0.297418

-1.98438 0.0274971
-1.96875 0.0273526

-1.96875 0.0274885
-1.95312 0.027003

-1.95312 0.0267929
-1.9375 0.0261146

-1.9375 0.0261311
-1.92188 0.0256476

-1.92188 0.0256035
-1.90625 0.0253699

-1.90625 0.0255019
-1.89062 0.0253425

2.90625 0.260135
2.90539 0.265625

2.89988 0.265625
2.90625 0.278395

2.90379 0.28125
2.90625 0.283505

2.90625 0.26762
2.92229 0.28125

-1.89062 0.0254402
-1.875 0.0248958

2.92241 0.28125
2.9375 0.284341

-1.875 0.024777
-1.85938 0.0238897

2.9375 0.274389
2.97517 0.25

-1.85938 0.0241211
-1.84375 0.0226656

3 -0.0702652
3.00227 -0.0625

3 -0.057551
3.00031 -0.0625

-1.84375 0.0222978
-1.82812 0.0205469

3.0625 -0.00305793
3.05333 0

3.125 -0.00395238
3.10622 0

3.25 -0.00302841
3.22636 0

3.5 -0.00246544
3.444 0

3.03125 0.0280205
3.02146 0.03125

3.03009 0.03125
3.02279 0.0625

3.03125 0.0216787
3.0599 0

3.02625 0.0625
3.03125 0.0927136

3.03125 0.115007
3.02785 0.125

3.03125 0.085683
3.03221 0.09375

3.03706 0.09375
3.03171 0.125

-1.82812 0.0201656
-1.8125 0.0196175

-1.8125 0.0205569
-1.79688 0.0200955

3.0625 0.017116
3.09949 0

3 0.175479
3.02642 0.125

3 0.193731
3.00302 0.1875

-1.79688 0.0201144
-1.78125 0.0178229

-1.76562 0.0142499
-1.77318 0.015625

3.125 0.0115551
3.20216 0

3.25 0.00524372
3.36901 0

4 -0.00492799
3.62484 0

-1.78125 0.0172259
-1.77246 0.015625

-1.76562 0.0142692
-1.75 0.0122883

3.5 0.000203093
3.51546 0

-1.75 0.0122633
-1.73438 0.0112994

-1.73438 0.0112863
-1.71875 0.0114155

-1.71875 0.011527
-1.70312 0.0125525

-1.70312 0.0126981
-1.6875 0.0141056

-1.6875 0.0141442
-1.67188 0.0155652

-1.67188 0.0154557
-1.67026 0.015625

-1.66994 0.015625
-1.65625 0.0170575

-1.65625 0.0169483
-1.64062 0.0193006

-1.64062 0.0194197
-1.625 0.022477

-1.625 0.0227791
-1.60938 0.0256989

-1.60938 0.0257751
-1.59375 0.0278008

-1.59375 0.0277209
-1.57812 0.02886

-1.57812 0.0286487
-1.5625 0.0294834

-1.5625 0.0293168
-1.54688 0.030603

-1.54688 0.0307373
-1.54238 0.03125

-1.5425 0.03125
-1.53125 0.0325337

-1.53125 0.032647
-1.51562 0.0344058

-1.51562 0.034302
-1.5 0.0360098

-1.5 0.0359453
-1.48438 0.037939

-1.48438 0.0379993
-1.46875 0.0402871

-1.46875 0.0402774
-1.45312 0.0427579

-1.45312 0.0425913
-1.4375 0.0456174

-1.4375 0.0454542
-1.43217 0.046875

-1.43236 0.046875
-1.42188 0.0496683

-1.42188 0.0499178
-1.40625 0.0549422

-1.40625 0.0554546
-1.39062 0.0597825

-1.39062 0.0600603
-1.375 0.0621114

-1.375 0.0619947
-1.35938 0.0614468

-1.35938 0.0611774
-1.34375 0.0588027

-1.34375 0.0585962
-1.32812 0.0553466

-1.32812 0.0552603
-1.3125 0.0517211

-1.3125 0.0516957
-1.29688 0.0480903

-1.28125 0.0445299
-1.29172 0.046875

-1.29688 0.0480296
-1.29172 0.046875

-1.28125 0.0445351
-1.26562 0.0412509

-1.26562 0.041254
-1.25 0.0381685

-1.25 0.038163
-1.23438 0.035281

-1.23438 0.035272
-1.21875 0.0326225

-1.20312 0.0302203
-1.20987 0.03125

-1.20312 0.0302596
-1.1875 0.0280883

-1.21875 0.0326236
-1.20976 0.03125

-1.1875 0.0281088
-1.17188 0.0260524

-1.17188 0.0260682
-1.15625 0.024054

-1.15625 0.0240698
-1.14062 0.0220346

-1.14062 0.0220489
-1.125 0.0199326

-1.125 0.0199405
-1.10938 0.0176989

-1.09375 0.0152869
-1.09599 0.015625

-1.10938 0.017695
-1.09568 0.015625

-1.09375 0.0153171
-1.07812 0.0128733

-1.07812 0.0128473
-1.0625 0.010393

-1.0625 0.0103492
-1.04688 0.00802433

-1.04688 0.00798556
-1.03125 0.00595515

-1.03125 0.00593465
-1.01562 0.00431728

-1.01562 0.00431628
-1 0.00315494

