-4 -0.0044191
-3.69857 0

-3.56809 0
-3.5 0.00099826

-3.5 -0.00187052
-3.46166 0

-3.25 -0.00207912
-3.23549 0

-3.125 -0.00333699
-3.11353 0

-3 -0.0663426
-3.00051 -0.0625

-3.0625 -0.000563806
-3.06131 0

-3 -0.0362593
-3.00002 -0.03125

-3 -0.00157221
-3.00035 0

-3.40942 0
-3.25 0.00779206

-3.22263 0
-3.125 0.0150064

-3.10908 0
-3.0625 0.0233111

-3.0625 0.0102078
-3.03657 0.03125

-3.04806 0.03125
-3.03125 0.0619641

-3.03125 0.0610671
-3.02847 0.0625

-3.04148 0.0625
-3.03125 0.0913081

-3.03383 0.09375
-3.03125 0.100308

-3.03125 0.0871101
-3.02269 0.09375

-3.03125 0.100567
-3 0.120909

-3.02808 0.125
-3 0.148189

-2.9375 -0.157507
-2.93899 -0.15625

-2.95312 -0.141292
-2.95371 -0.140625

-2.9542 -0.140625
-2.96711 -0.125

-2.95312 -0.142545
-2.93909 -0.15625

-2.9375 -0.15786
-2.92188 -0.168261

-2.90625 -0.174382
-2.91191 -0.171875

-2.92188 -0.167519
-2.91204 -0.171875

-2.90625 -0.174375
-2.89062 -0.179436

-2.89062 -0.179412
-2.875 -0.18275

-2.96888 -0.125
-2.98455 -0.09375

-2.98559 -0.09375
-2.98723 -0.078125

-2.98488 -0.078125
-2.98438 -0.0712318

-2.98438 -0.0927274
-2.98426 -0.09375

-2.9843 -0.078125
-2.98315 -0.0625

-2.98399 -0.0625
-2.98422 -0.046875

-2.98416 -0.046875
-2.98431 -0.03125

-2.98438 -0.0197804
-2.98466 -0.015625

-2.98528 -0.015625
-2.98743 0

-2.98438 -0.0301501
-2.9843 -0.03125

1.5 0.0863548
1.51562 0.0892233

1.51562 0.0891445
1.53125 0.0917476

1.53125 0.0917471
1.54381 0.09375

-2.875 -0.182626
-2.85938 -0.184541

-2.85938 -0.184495
-2.84375 -0.185324

-2.84375 -0.185179
-2.82812 -0.185305

-2.82812 -0.185219
-2.8125 -0.185106

-2.8125 -0.185049
-2.79688 -0.184983

-2.79688 -0.185043
-2.78125 -0.18502

-2.78125 -0.185103
-2.76562 -0.184839

1.54374 0.09375
1.54688 0.0942496

1.54688 0.0943811
1.5625 0.0964793

-1 -0.154917
-0.984375 -0.153988

-0.984375 -0.153997
-0.96875 -0.153026

-0.96875 -0.153034
-0.953125 -0.151986

-0.953125 -0.151992
-0.9375 -0.150838

-0.9375 -0.150841
-0.921875 -0.149561

-0.921875 -0.149562
-0.90625 -0.148149

-0.90625 -0.148148
-0.890625 -0.146603

-0.890625 -0.1466
-0.875 -0.144931

-0.875 -0.144926
-0.859375 -0.143153

-0.859375 -0.143141
-0.84375 -0.141298

-0.84375 -0.141284
-0.838177 -0.140625

-0.838263 -0.140625
-0.828125 -0.139425

-0.828125 -0.139436
-0.8125 -0.137608

-0.8125 -0.137603
-0.796875 -0.135793

-0.796875 -0.135783
-0.78125 -0.134022

-2.76562 -0.184936
-2.75 -0.18407

-0.78125 -0.134015
-0.765625 -0.132339

-0.765625 -0.132337
-0.75 -0.130763

1.5625 0.0964434
1.57812 0.0979399

1.57812 0.0977453
1.59375 0.099101

1.59375 0.0989828
1.60938 0.100823

1.60938 0.100923
1.625 0.103284

-2.75 -0.184078
-2.73438 -0.182402

0 -0.0601606
0.015625 -0.0574086

0.015625 -0.0573866
0.03125 -0.0545607

0.03125 -0.0545126
0.046875 -0.0517533

0.046875 -0.0516965
0.0625 -0.0492136

0.0625 -0.0492625
0.078125 -0.0470819

0.0770574 -0.046875
0.078125 -0.046726

0.078125 -0.0470717
0.0799392 -0.046875

0.0786368 -0.046875
0.09375 -0.045236

0.09375 -0.0454196
0.109375 -0.0441367

0.109375 -0.0442102
0.125 -0.0428454

0.125 -0.0428768
0.140625 -0.0412203

0.140625 -0.041259
0.15625 -0.0391706

0.15625 -0.0391241
0.171875 -0.0366195

0.171875 -0.0365777
0.1875 -0.0338336

-0.75 -0.130769
-0.734375 -0.129289

0.1875 -0.0339374
0.202143 -0.03125

0.198499 -0.03125
0.203125 -0.0304011

0.203125 -0.0307012
0.21875 -0.0282399

-0.734375 -0.129303
-0.71875 -0.127877

-0.71875 -0.127897
-0.703125 -0.126456

-0.703125 -0.126468
-0.688006 -0.125

1.625 0.103466
1.64062 0.105783

1.64062 0.105832
1.65625 0.107645

1.65625 0.107468
1.67188 0.109034

1.67188 0.108749
1.67616 0.109375

1.67636 0.109375
1.6875 0.111004

1.6875 0.11114
1.70312 0.114503

1.70312 0.114809
1.71875 0.118384

1.71875 0.118394
1.73438 0.121552

1.73438 0.121173
1.75 0.124651

-0.688274 -0.125
-0.6875 -0.124925

-0.6875 -0.124962
-0.671875 -0.123321

-0.671875 -0.123342
-0.65625 -0.121509

-0.65625 -0.121515
-0.640625 -0.119435

-0.640625 -0.11944
-0.625 -0.117093

1.75 0.124503
1.75181 0.125

-0.625 -0.117101
-0.609375 -0.114461

1.75071 0.125
1.76562 0.129102

0.21875 -0.0284143
0.234375 -0.0265077

0.234375 -0.0265401
0.25 -0.0247748

1.76562 0.129387
1.78125 0.13362

1.78125 0.133483
1.79688 0.137309

1.79688 0.136856
1.80978 0.140625

-0.609375 -0.114464
-0.59375 -0.111511

-0.59375 -0.111475
-0.583337 -0.109375

-0.583683 -0.109375
-0.578125 -0.108254

-0.578125 -0.108323
-0.5625 -0.105046

1.80944 0.140625
1.8125 0.14152

1.8125 0.141976
1.82812 0.147069

-0.5625 -0.105091
-0.546875 -0.10155

-0.546875 -0.101533
-0.53125 -0.0976709

0.25 -0.0247541
0.265625 -0.0231066

1.82812 0.147091
1.84375 0.151592

1.84375 0.151116
1.85938 0.155931

0.265625 -0.0230742
0.28125 -0.0216508

0.28125 -0.0216261
0.296875 -0.0205408

0.296875 -0.0205308
0.3125 -0.019853

0.3125 -0.0198625
0.328125 -0.0195932

-0.53125 -0.0975366
-0.515997 -0.09375

1.85938 0.155849
1.86055 0.15625

1.85938 0.156326
1.875 0.161648

-0.516189 -0.09375
-0.515625 -0.09361

-0.515625 -0.0935058
-0.5 -0.0901831

-2.73438 -0.182323
-2.71875 -0.179977

-2.71875 -0.179803
-2.70312 -0.177293

-2.70312 -0.177199
-2.6875 -0.17506

1.875 0.161845
1.89062 0.16649

1.89062 0.165999
1.90625 0.170526

1.90625 0.170227
1.91118 0.171875

1.90962 0.171875
1.92188 0.175972

1.92188 0.176242
1.9375 0.181184

1.9375 0.180576
1.95312 0.185635

-2.6875 -0.175077
-2.67188 -0.173463

-0.5 -0.0901942
-0.484375 -0.0877067

-2.67188 -0.173515
-2.65625 -0.17229

-2.65625 -0.17231
-2.64923 -0.171875

1.95312 0.185208
1.95904 0.1875

0.328125 -0.0196184
0.34375 -0.0196879

1.95682 0.1875
1.96875 0.192125

0.34375 -0.0197184
0.359375 -0.0200155

1.96875 0.192174
1.98438 0.198276

0.359375 -0.0200449
0.375 -0.0204496

1.98438 0.197613
1.99724 0.203125

-0.484375 -0.0877338
-0.46875 -0.0860053

-2.64942 -0.171875
-2.64062 -0.17133

-0.46875 -0.0860798
-0.453125 -0.084907

0.375 -0.0204727
0.390625 -0.0208803

1.99638 0.203125
2 0.204677

0.390625 -0.0208926
0.40625 -0.0212321

-2.64062 -0.171393
-2.625 -0.170539

-0.453125 -0.0849993
-0.4375 -0.0840485

-0.4375 -0.0841041
-0.421875 -0.0830797

-0.421875 -0.0830772
-0.40625 -0.0818731

-2.625 -0.170584
-2.60938 -0.169636

-0.40625 -0.0818338
-0.390625 -0.0805335

0.40625 -0.0212323
0.421875 -0.021479

-2.60938 -0.169677
-2.59375 -0.168463

-2.59375 -0.168451
-2.57812 -0.166916

-0.390625 -0.080493
-0.375 -0.0792559

-2.57812 -0.16689
-2.5625 -0.165111

-2.5625 -0.165045
-2.54688 -0.163206

0.421875 -0.0214733
0.4375 -0.021638

-0.375 -0.0792455
-0.359375 -0.0781732

0.4375 -0.0216399
0.453125 -0.0217303

-0.359375 -0.0781646
-0.35867 -0.078125

0.453125 -0.0217512
0.46875 -0.0217214

-2.54688 -0.163152
-2.53125 -0.161489

0.46875 -0.0217547
0.484375 -0.0214966

0 0.98455
0.0130202 1

0.484375 -0.0215153
0.5 -0.0209252

-0.35859 -0.078125
-0.34375 -0.0772913

-2.53125 -0.161454
-2.51562 -0.160145

-2.51562 -0.160169
-2.5 -0.159232

-0.34375 -0.0773018
-0.328125 -0.0766059

-2.98795 0
-2.98945 0.015625

-2.98954 0.015625
-2.98917 0.03125

-0.328125 -0.0766191
-0.3125 -0.0760572

-0.3125 -0.0760695
-0.296875 -0.0755903

-2.98882 0.03125
-2.9871 0.046875

0.3125 0.968788
0.298132 0.984375

0.305372 0.984375
0.3125 0.99076

-0.296875 -0.0756011
-0.28125 -0.0751586

-0.28125 -0.0751673
-0.265625 -0.0747227

0.3125 0.9687
0.312575 0.96875

0.3125 0.976334
0.319682 0.984375

0.3125 0.997916
0.327094 0.984375

-2.9868 0.046875
-2.9851 0.0625

-2.98438 0.0597735
-2.98408 0.0625

-0.265625 -0.0747264
-0.25 -0.0742549

-2.98458 0.0625
-2.98453 0.078125

-2.98476 0.078125
-2.98692 0.09375

0 1.00801
0.00883342 1

-0.25 -0.0742543
-0.234375 -0.0737496

-0.234375 -0.0737576
-0.21875 -0.073205

-2.98542 0.09375
-2.99919 0.125

0.5 -0.0209038
0.515625 -0.0199871

0.515625 -0.0199291
0.53125 -0.0188444

-0.21875 -0.0732102
-0.203125 -0.0725831

0.53125 -0.0187864
0.546875 -0.0177654

0.546875 -0.0177479
0.5625 -0.0169415

0.53125 0.99499
0.526766 1

0.5625 -0.0169671
0.578125 -0.0163591

0.53125 0.995239
0.535581 1

0.578125 -0.0163902
0.59375 -0.0158673

-0.203125 -0.0725452
-0.1875 -0.0719089

-3 0.129852
-2.98034 0.15625

-0.1875 -0.0718503
-0.171875 -0.0713977

0.59375 -0.0158704
0.601244 -0.015625

0.65625 0.964443
0.652147 0.96875

0.651255 0.96875
0.65625 0.973338

-0.171875 -0.0713908
-0.15625 -0.071253

0.601405 -0.015625
0.609375 -0.015364

-0.15625 -0.0712945
-0.140625 -0.071402

0.65625 0.963586
0.660982 0.96875

-0.140625 -0.0714521
-0.125 -0.0716219

0.65625 0.972563
0.660246 0.96875

-3 0.183437
-2.96875 0.180858

0.609375 -0.0153549
0.625 -0.014856

-0.125 -0.071679
-0.109375 -0.0716964

-0.109375 -0.0717527
-0.09375 -0.0713909

-2.96875 0.156943
-2.961 0.171875

0.625 -0.0148468
0.640625 -0.0143921

-0.09375 -0.0714172
-0.078125 -0.0705112

-0.078125 -0.0704871
-0.0625 -0.0690329

-2.9584 0.171875
-2.96645 0.1875

-3 0.187948
-2.96875 0.190978

0.640625 -0.0143924
0.65625 -0.0139999

-2.96875 0.191079
-2.96444 0.1875

-0.0625 -0.0689527
-0.046875 -0.0671587

-0.046875 -0.0671381
-0.03125 -0.0652061

0.526884 1
0.53125 1.00399

0.53125 1.0042
0.535923 1

-2.96875 0.218858
-2.96861 0.21875

-0.03125 -0.0653661
-0.015625 -0.0630189

-2.90625 0.276334
-2.91252 0.28125

0.65625 -0.0140157
0.671875 -0.013653

-0.015625 -0.0630251
-0.0125899 -0.0625

-2.90625 0.289776
-2.91095 0.3125

0.671875 -0.0136807
0.6875 -0.0132609

-0.0160556 -0.0625
-0.015625 -0.0624353

-0.0139231 -0.0625
0 -0.060091

0.6875 -0.0132897
0.703125 -0.0126996

0.703125 -0.0127197
0.71875 -0.0118616

0.71875 -0.011868
0.734375 -0.0106887

-2.90625 0.298583
-2.875 0.301554

0.734375 -0.0106851
0.75 -0.00917876

-2.9093 0.3125
-2.90625 0.317615

-2.90625 0.318507
-2.875 0.320676

-2.87529 0.34375
-2.875 0.343795

-2.875 0.302496
-2.87079 0.3125

-2.875 0.325958
-2.86871 0.3125

-2.875 0.349238
-2.86742 0.34375

-2.78125 0.374932
-2.78136 0.375

-2.78347 0.375
-2.79131 0.40625

-2.79686 0.40625
-2.78125 0.421065

-2.77195 0.375
-2.75 0.399691

0.75 -0.00916931
0.765625 -0.00736193

0.765625 -0.00736742
0.78125 -0.00526696

0.78125 -0.00528901
0.796875 -0.00284041

0.796875 -0.00291015
0.812136 0

-2.78125 0.415626
-2.75 0.407379

-2.5 -0.159279
-2.48438 -0.158573

-2.48438 -0.158636
-2.46875 -0.157939

-2.46875 -0.158006
-2.45312 -0.157057

-2.45312 -0.157143
-2.44386 -0.15625

-2.44386 -0.15625
-2.4375 -0.155637

-2.4375 -0.155696
-2.42188 -0.153344

-2.42188 -0.153265
-2.40625 -0.15011

-2.40625 -0.149811
-2.39062 -0.146611

-2.39062 -0.146315
-2.375 -0.144262

0.812068 0
0.8125 8.23429e-05

0.8125 0.000235892
0.828125 0.00355324

0.828125 0.0035789
0.84375 0.0068505

-2.375 -0.144286
-2.35938 -0.143924

-2.35938 -0.144136
-2.34375 -0.144994

-2.34375 -0.145149
-2.32812 -0.146494

0.84375 0.00683537
0.859375 0.0100402

0.859375 0.0100032
0.875 0.0132455

2 0.20528
2.01562 0.211949

2.01562 0.211234
2.03125 0.217513

2.03125 0.217239
2.03501 0.21875

2.03265 0.21875
2.04688 0.224468

-0.125 0.973743
-0.134529 0.984375

-0.129167 0.984375
-0.125 0.98837

0.875 0.0132258
0.8861 0.015625

0.885976 0.015625
0.890625 0.0166299

0.890625 0.0167
0.90625 0.0200576

-2.32812 -0.146506
-2.3125 -0.148004

0.90625 0.0200613
0.921875 0.0232137

-2.3125 -0.14792
-2.29688 -0.149717

0.921875 0.0232185
0.9375 0.0261486

0.9375 0.0261559
0.953125 0.0288396

0.953125 0.0287955
0.968401 0.03125

0.968386 0.03125
0.96875 0.0313085

0.96875 0.0313001
0.984375 0.0337378

0.984375 0.0337131
1 0.0361391

-0.125 0.979351
-0.120191 0.984375

-0.125 0.993698
-0.114636 0.984375

-2.29688 -0.149647
-2.28125 -0.152051

0 0.989436
-0.00952367 1

-2.25 -0.158817
-2.2613 -0.15625

-2.28125 -0.152075
-2.26562 -0.155174

-2.26562 -0.155282
-2.26136 -0.15625

2.04688 0.223962
2.0625 0.229902

-0.0144499 1
0 1.01231

-2.25 -0.158886
-2.23438 -0.162561

-2.23438 -0.162659
-2.21875 -0.166138

-2.21875 -0.166226
-2.20312 -0.169137

-2.20312 -0.169187
-2.1875 -0.171256

-2.17188 -0.172435
-2.17897 -0.171875

-2.1875 -0.171202
-2.17896 -0.171875

-2.17188 -0.172332
-2.15625 -0.173042

2.0625 0.22936
2.0742 0.234375

2.07177 0.234375
2.07812 0.237101

-2.15625 -0.172907
-2.14062 -0.173571

-2.14062 -0.173515
-2.125 -0.174513

2.07812 0.236837
2.09375 0.243817

2.09375 0.243053
2.10775 0.25

-2.125 -0.174618
-2.10938 -0.175853

-2.10938 -0.175803
-2.09375 -0.177166

-2.09375 -0.177386
-2.07812 -0.178536

-2.07812 -0.178572
-2.0625 -0.178997

-2.0625 -0.178751
-2.04688 -0.178873

-2.04688 -0.179465
-2.03125 -0.178591

-2.03125 -0.177779
-2.01562 -0.176351

-2.01562 -0.175834
-2 -0.176512

2.10656 0.25
2.10938 0.251395

2.10938 0.251406
2.125 0.26026

2.125 0.259841
2.13474 0.265625

2.13375 0.265625
2.14062 0.269711

2.14062 0.269297
2.15625 0.279488

2.15625 0.279471
2.15893 0.28125

2.15821 0.28125
2.17188 0.290415

2.17188 0.290255
2.18203 0.296875

2.18198 0.296875
2.1875 0.300445

1 0.0361584
1.01562 0.0385834

-2.01562 0.728249
-2.02137 0.734375

2.1875 0.300575
2.20312 0.310373

1.01562 0.0386517
1.03125 0.0409006

-2.02787 0.734375
-2.01562 0.744365

1.03125 0.0409566
1.04688 0.0427808

1.04688 0.0427692
1.0625 0.04408

-2.01562 0.721645
-2.00534 0.734375

1.0625 0.0440247
1.07812 0.0449558

-2.01562 0.738341
-2.01142 0.734375

2.20312 0.310709
2.20641 0.3125

1.07812 0.0449183
1.09375 0.0456555

1.09375 0.0456642
1.10938 0.0462654

1.10938 0.0463015
1.125 0.0466772

2.20645 0.3125
2.21875 0.3192

2.21875 0.319617
2.23438 0.325367

2.23438 0.325697
2.25 0.3272

1.125 0.0466991
1.14062 0.0467334

1.14062 0.0467155
1.15625 0.0464004

1.15625 0.0463513
1.17188 0.0458205

1.17188 0.0457687
1.1875 0.045224

1.1875 0.0451894
1.20312 0.0448036

1.20312 0.0447812
1.21875 0.0446683

1.21875 0.0446402
1.23438 0.0449014

1.23438 0.0448744
1.25 0.0456199

2.25 0.326874
2.26562 0.324121

2.26562 0.322933
2.28125 0.318953

2.28125 0.318459
2.29688 0.316617

2.29688 0.316998
2.3125 0.317519

-2 -0.177839
-1.98438 -0.179005

-1.98438 -0.178967
-1.96875 -0.178041

-1.96875 -0.177558
-1.95312 -0.17558

-1.95312 -0.175448
-1.9375 -0.173647

2.3125 0.317756
2.32812 0.319403

2.32812 0.319374
2.34375 0.321732

2.34375 0.321689
2.35938 0.324904

-1.9375 -0.173588
-1.92188 -0.172347

2.35938 0.324735
2.37123 0.328125

-1.92188 -0.172358
-1.90913 -0.171875

1.25 0.0456187
1.26526 0.046875

2.37104 0.328125
2.375 0.329256

1.26522 0.046875
1.26562 0.0469084

1.26562 0.0469687
1.28125 0.0486697

-1.90871 -0.171875
-1.90625 -0.171782

1.28125 0.0487531
1.29688 0.0505746

1.29688 0.0505577
1.3125 0.0523668

1.3125 0.0523188
1.32812 0.0542454

1.32812 0.0542527
1.34375 0.0563783

1.34375 0.0564211
1.35938 0.0586454

1.35938 0.0586395
1.375 0.0608885

-1.90625 -0.171788
-1.89062 -0.17178

1.375 0.060731
1.38576 0.0625

1.38546 0.0625
1.39062 0.0633487

-1.875 -0.172292
-1.88846 -0.171875

1.39062 0.0634351
1.40625 0.0663668

1.40625 0.066437
1.42188 0.0693519

-1.89062 -0.171799
-1.88817 -0.171875

2.375 0.329355
2.39062 0.335109

2.39062 0.335294
2.40625 0.341688

2.40625 0.341454
2.41151 0.34375

-1.875 -0.172311
-1.85938 -0.173193

-1.85938 -0.173212
-1.84375 -0.17441

-1.84375 -0.174429
-1.82812 -0.175869

-1.82812 -0.175889
-1.8125 -0.177493

2.41098 0.34375
2.42188 0.348503

2.42188 0.348592
2.4375 0.355665

2.4375 0.355195
2.44573 0.359375

2.44572 0.359375
2.45312 0.363139

2.45312 0.362799
2.46875 0.373213

2.46875 0.372911
2.47134 0.375

1.42188 0.0693049
1.4375 0.0721564

1.4375 0.0720724
1.45312 0.0751225

1.45312 0.0749872
1.46646 0.078125

1.4663 0.078125
1.46875 0.0787012

-1.8125 -0.177518
-1.79688 -0.179194

-1.79688 -0.179226
-1.78125 -0.180861

2.47161 0.375
2.48438 0.387655

1.46875 0.0789792
1.48438 0.0829183

-1.78125 -0.180901
-1.76562 -0.182351

-1.76562 -0.182391
-1.75 -0.183495

1.48438 0.082999
1.5 0.0864191

-1.625 -0.265754
-1.62527 -0.265625

-1.62949 -0.265625
-1.63441 -0.25

-1.625 -0.267959
-1.616 -0.265625

-1.61943 -0.265625
-1.61072 -0.25

-1.60938 -0.250887
-1.60925 -0.25

2.48438 0.38876
2.4859 0.390625

-1.75 -0.183538
-1.73438 -0.184131

2.48657 0.390625
2.49672 0.40625

2.49642 0.40625
2.5 0.414465

-1.73438 -0.184165
-1.71875 -0.18409

2.5 0.486478
2.48836 0.5

-1.71875 -0.184165
-1.70312 -0.183202

-1.70312 -0.183328
-1.6875 -0.181072

-1.63449 -0.25
-1.625 -0.242815

-1.6875 -0.181155
-1.67188 -0.177188

-1.67188 -0.177333
-1.65711 -0.171875

-1.66025 -0.171875
-1.65625 -0.170397

-1.65625 -0.170107
-1.64062 -0.165139

-1.64062 -0.165071
-1.625 -0.163586

-1.625 -0.242659
-1.60938 -0.249238

-1.60938 -0.249135
-1.6089 -0.25

-1.625 -0.164062
-1.60938 -0.165244

-1.60938 -0.165605
-1.59375 -0.16778

-1.59375 -0.167872
-1.57812 -0.170135

-1.5625 -0.172282
-1.56547 -0.171875

2.9811 -0.078125
2.98438 -0.0692442

2.98438 -0.082006
2.99332 -0.078125

-1.57812 -0.170151
-1.56553 -0.171875

-1.5625 -0.172306
-1.54688 -0.174252

-1.54688 -0.174294
-1.53125 -0.175927

-1.53125 -0.175931
-1.51562 -0.177162

-1.51562 -0.17714
-1.5 -0.178004

2.98438 -0.0737558
2.98872 -0.078125

2.98438 -0.0604427
2.98717 -0.0625

3 -0.0324726
2.98845 -0.03125

2.98438 -0.0163436
3 -0.0165222

2.98438 -0.00337366
3 -0.00337366

2.5 0.415622
2.50273 0.421875

2.50327 0.421875
2.50729 0.4375

2.50658 0.4375
2.50869 0.453125

2.51001 0.453125
2.509 0.46875

2.50921 0.46875
2.50198 0.484375

2.5 0.486259
2.50136 0.484375

-1.5 -0.177993
-1.48438 -0.178559

-1.48438 -0.178559
-1.46875 -0.178851

-1.46875 -0.178845
-1.45312 -0.178874

2.59375 0.497986
2.59071 0.5

2.59375 0.498206
2.60938 0.490035

2.625 0.483866
2.62393 0.484375

-1.45312 -0.178858
-1.4375 -0.178665

-1.4375 -0.178643
-1.42188 -0.178305

-1.42188 -0.17828
-1.40625 -0.177893

-1.40625 -0.177871
-1.39062 -0.177527

-1.39062 -0.17751
-1.375 -0.177287

2.60938 0.492762
2.625 0.485336

-1.375 -0.177275
-1.35938 -0.177233

-1.35938 -0.177225
-1.34375 -0.177403

2.65625 0.461301
2.6449 0.46875

2.625 0.484107
2.64995 0.46875

2.67188 0.451658
2.66957 0.453125

2.65625 0.463963
2.67188 0.453812

-1.34375 -0.177409
-1.32812 -0.177807

-1.32812 -0.177839
-1.3125 -0.178381

-1.3125 -0.178437
-1.29688 -0.178947

-1.29688 -0.179008
-1.28125 -0.179255

-1.28125 -0.179297
-1.26562 -0.179074

2.67188 0.452008
2.6875 0.442898

2.67188 0.453381
2.67229 0.453125

-1.26562 -0.179087
-1.25 -0.178283

2.70312 0.43712
2.70231 0.4375

2.71875 0.427705
2.7038 0.4375

2.75 0.402026
2.74243 0.40625

2.71875 0.425159
2.74785 0.40625

-1.25 -0.17827
-1.23438 -0.176885

2.6875 0.445143
2.70005 0.4375

-1.23438 -0.176856
-1.21875 -0.174971

-1.21875 -0.17493
-1.20312 -0.172687

-1.20312 -0.172641
-1.19816 -0.171875

-1.19823 -0.171875
-1.1875 -0.17022

-1.1875 -0.17019
-1.17188 -0.167789

-1.17188 -0.167752
-1.15625 -0.1655

-1.15625 -0.165469
-1.14062 -0.163502

-1.14062 -0.163487
-1.125 -0.161898

2.98438 0.00439805
3 0.00439805

-1.125 -0.161908
-1.10938 -0.160708

2.98438 0.0623874
3 0.0623874

2.96875 0.113731
2.96655 0.125

2.98438 0.0773476
3 0.0773476

2.98438 0.0824213
3 0.0824213

-1.10938 -0.160741
-1.09375 -0.159846

2.96875 0.119538
3 0.114693

2.9375 0.171603
2.93735 0.171875

2.93579 0.171875
2.93334 0.1875

-1.09375 -0.159888
-1.07812 -0.159146

-1.07812 -0.159177
-1.0625 -0.158442

-1.0625 -0.158451
-1.04688 -0.157645

-1.04688 -0.157637
-1.03125 -0.156755

-1.03125 -0.156743
-1.02281 -0.15625

-1.02287 -0.15625
-1.01562 -0.155826

-1.01562 -0.155828
-1 -0.154911

2.9214 0.203125
2.91752 0.21875

2.92718 0.1875
2.93172 0.203125

2.92188 0.214958
2.9375 0.212459

2.90625 0.245061
2.92998 0.21875

2.95312 0.148987
2.94736 0.15625

2.96875 0.137823
2.965 0.140625

2.95312 0.149766
2.96294 0.140625

2.9375 0.171537
2.94968 0.15625

2.96737 0.15625
2.95348 0.171875

2.95884 0.171875
2.95439 0.1875

2.96875 0.144946
2.995 0.125

3 0.169696
2.99313 0.1875

2.96769 0.1875
2.94324 0.21875

2.96824 0.21875
2.95481 0.25

2.99041 0.1875
2.96977 0.21875

2.96875 0.2348
2.97302 0.21875

2.79688 0.365256
2.78828 0.375

2.8125 0.350548
2.80118 0.359375

2.79688 0.364592
2.80249 0.359375

2.85938 0.31044
2.85764 0.3125

2.875 0.286734
2.86607 0.296875

2.85938 0.307051
2.86754 0.296875

2.82812 0.34167
2.82609 0.34375

2.84375 0.320606
2.83522 0.328125

2.82812 0.337627
2.83726 0.328125

2.8125 0.354768
2.82481 0.34375

2.84375 0.325524
2.85623 0.3125

2.78125 0.383946
2.75261 0.40625

2.75 0.407613
2.75214 0.40625

2.78125 0.383252
2.78998 0.375

2.89062 0.272575
2.88316 0.28125

2.90625 0.254706
2.89099 0.265625

2.89062 0.268518
2.89616 0.265625

2.875 0.288036
2.88385 0.28125

2.90625 0.268461
2.9375 0.262996

2.9375 0.280499
2.97441 0.25

3 -0.0331852
3.00107 -0.03125

3.03125 -0.00287214
3.02679 0

3.0625 -0.00382752
3.05138 0

3.125 -0.00585176
3.09764 0

3.25 -0.00453077
3.2162 0

3.5 -0.00316763
3.42942 0

3.03125 0.0186655
3.02508 0.03125

3.03001 0.03125
3.02788 0.0625

3.03125 0.0207267
3.05691 0

3.03119 0.0625
3.03125 0.0698285

3.03125 0.111917
3.02104 0.125

3.03247 0.0625
3.03674 0.09375

3.04354 0.09375
3.03527 0.125

3.0625 0.0160961
3.09461 0

3 0.168889
3.02803 0.125

3 0.189505
3.00096 0.1875

3.125 0.011344
3.19878 0

3.25 0.0053259
3.36811 0

4 -0.00544224
3.59696 0

3.5 0.000504214
3.53734 0

2.3125 0.578694
2.30117 0.59375

2.30181 0.59375
2.30944 0.609375

2.31076 0.609375
2.3125 0.610516

2.3125 0.582784
2.32812 0.581332

2.32812 0.585149
2.33728 0.59375

2.3125 0.608589
2.31475 0.609375

2.3125 0.609576
2.32812 0.612827

2.34375 0.593785
2.33793 0.609375

2.32812 0.612894
2.33453 0.609375

2.37298 0.5625
2.36465 0.578125

2.36475 0.578125
2.375 0.593232

2.34375 0.598612
2.34515 0.59375

2.37188 0.59375
2.375 0.595484

2.39062 0.5574
2.38049 0.5625

2.39062 0.558082
2.40625 0.554355

2.40625 0.553773
2.42188 0.553442

2.42188 0.550343
2.4375 0.559539

2.375 0.565023
2.37768 0.5625

2.375 0.588058
2.38747 0.59375

2.39062 0.58999
2.40625 0.585453

2.39846 0.59375
2.40625 0.595204

2.40625 0.585093
2.42188 0.579773

2.4375 0.570023
2.43265 0.578125

2.42188 0.581123
2.42788 0.578125

2.46597 0.515625
2.46485 0.53125

2.4375 0.554024
2.44409 0.5625

2.46515 0.53125
2.46875 0.53632

2.48438 0.501701
2.47121 0.515625

2.46875 0.531134
2.46877 0.53125

2.48438 0.502357
2.48685 0.5

2.46875 0.533941
2.48438 0.543591

2.48438 0.539431
2.5 0.538278

2.4375 0.578794
2.44584 0.5625

2.46875 0.562847
2.47323 0.5625

2.53125 0.52785
2.52114 0.53125

2.5 0.53771
2.53125 0.532709

2.53125 0.528729
2.54688 0.523182

2.54688 0.524845
2.5625 0.518686

2.5625 0.517672
2.59375 0.501536

2.59375 0.5007
2.59501 0.5

