-4 -0.00243974
-3.8053 0

-3.63358 0
-3.5 0.00167384

-3.5 -0.00113645
-3.47421 0

-3.25 -0.000968551
-3.24312 0

-3.125 -0.000139511
-3.12451 0

-3 -0.0757468
-3.00256 -0.0625

-3.00111 -0.0625
-3 -0.059319

-3 -0.00186759
-3.00631 0

-3.40566 0
-3.25 0.00687702

-3.21805 0
-3.125 0.0133583

-3.10785 0
-3.0625 0.0224529

-3.0625 0.0120469
-3.03663 0.03125

-3.0441 0.03125
-3.03125 0.0538267

-3.03125 0.0287115
-3.02774 0.03125

-3.03125 0.0478453
-3.02671 0.0625

-3.03855 0.0625
-3.03125 0.0912796

-3.03125 0.0809107
-3.02604 0.09375

-3.03043 0.09375
-3.00752 0.125

-3.00923 0.125
-3 0.143731

-2.96875 -0.187806
-2.97935 -0.1875

-2.96875 -0.187986
-2.96865 -0.1875

-2.9838 -0.1875
-2.96875 -0.187387

1.53125 -0.158366
1.52482 -0.15625

1.5 -0.147562
1.51562 -0.152697

1.51562 -0.152705
1.52639 -0.15625

1.53125 -0.158212
1.54688 -0.162625

1.5625 -0.172949
1.56148 -0.171875

1.54688 -0.159008
1.5625 -0.169502

1.57812 -0.19838
1.56944 -0.1875

1.59375 -0.2065
1.58765 -0.203125

1.57812 -0.197435
1.58586 -0.203125

1.59375 -0.205957
1.60938 -0.209681

-2.98438 -0.0831237
-2.99562 -0.078125

1.60938 -0.208799
1.625 -0.210847

1.5736 -0.1875
1.56279 -0.171875

1.5625 -0.16809
1.56581 -0.171875

-2.98937 -0.078125
-2.98847 -0.0625

-2.98438 -0.0856292
-2.97559 -0.078125

-2.98069 -0.078125
-2.98307 -0.0625

-2.99832 -0.0625
-2.98438 -0.0576489

-2.99265 -0.046875
-2.98438 -0.0402421

-2.98438 -0.056105
-2.97982 -0.0625

-2.98438 -0.0434141
-2.98349 -0.046875

-3 -0.025385
-2.99342 -0.015625

-3 -0.00182811
-2.98438 -0.00159366

-2.76562 -0.000872692
-2.76771 0

1.65625 -0.221454
1.64794 -0.21875

-2.71875 -0.202443
-2.72708 -0.1875

-2.71875 -0.199441
-2.70312 -0.197415

-2.70312 -0.200807
-2.69674 -0.1875

1.625 -0.210286
1.64062 -0.213546

1.64062 -0.214405
1.65625 -0.218402

1.65625 -0.192644
1.64863 -0.1875

1.65625 -0.220284
1.67188 -0.223895

-2.72632 -0.1875
-2.71875 -0.173408

-2.71875 -0.174297
-2.70312 -0.176441

-2.70312 -0.175657
-2.69762 -0.1875

1.67188 -0.223508
1.6875 -0.225183

1.65625 -0.218498
1.65719 -0.21875

1.65625 -0.193694
1.67188 -0.189013

1.67188 -0.189567
1.67401 -0.1875

-2.73438 -0.00581371
-2.74296 0

-2.71875 -0.0183159
-2.72388 -0.015625

1.64639 -0.1875
1.64576 -0.171875

1.64868 -0.171875
1.65625 -0.166461

-2.73438 -0.00775304
-2.72337 -0.015625

-2.71875 -0.0183356
-2.70312 -0.0176135

-2.70352 -0.015625
-2.70312 -0.0156069

-2.70312 -0.0162011
-2.70141 -0.015625

1.65625 -0.165114
1.67188 -0.168532

1.67578 -0.1875
1.6765 -0.171875

1.67188 -0.168317
1.67522 -0.171875

1.6875 -0.225206
1.70312 -0.225659

1.70312 -0.225612
1.71875 -0.224889

1.71875 -0.224666
1.73438 -0.223307

1.73438 -0.22311
1.75 -0.221954

0 0.0291412
0.015625 0.0298818

0.015625 0.0294513
0.0195557 0.03125

0.0225152 0.03125
0.03125 0.0384514

0.03125 0.0345078
0.0389908 0.046875

0.0322398 0.046875
0.0385822 0.0625

0.0396748 0.0625
0.046875 0.073018

0.046875 0.073497
0.0504797 0.078125

-0.984375 0.0934035
-0.985313 0.09375

-0.984375 0.0930177
-0.96875 0.0881943

-1 0.0992963
-0.984988 0.09375

1.75 -0.221917
1.76562 -0.221432

1.76562 -0.2216
1.78125 -0.221524

1.78125 -0.221685
1.79688 -0.221359

1.79688 -0.221269
1.8125 -0.220555

1.8125 -0.220531
1.82812 -0.219657

1.82812 -0.219793
1.84071 -0.21875

-0.96875 0.088139
-0.953125 0.0853749

-0.953125 0.0854308
-0.9375 0.0847246

0.0479313 0.078125
0.0625 0.090344

-2.70312 -0.0144486
-2.6875 -0.00918952

-2.6875 -0.00740338
-2.67188 -0.00750901

-2.65625 -0.0161207
-2.65705 -0.015625

-2.67188 -0.0081118
-2.65696 -0.015625

-2.65625 -0.0270842
-2.64062 -0.0258563

-2.65625 -0.0155044
-2.64062 -0.0115112

-2.64062 -0.0213655
-2.625 -0.0177502

1.84221 -0.21875
1.84375 -0.218622

1.84752 -0.21875
1.85938 -0.215464

1.85938 -0.213985
1.875 -0.207024

0.0625 0.0895475
0.078125 0.092719

0.078125 0.0881006
0.09375 0.0911608

0.09375 0.0909678
0.0982339 0.09375

0.0970787 0.09375
0.109375 0.103669

0.109375 0.105938
0.112591 0.109375

0.11038 0.109375
0.125 0.121811

1.875 -0.205678
1.88358 -0.203125

0.125 0.121334
0.134235 0.125

1.88556 -0.203125
1.89062 -0.201619

1.89062 -0.202281
1.90625 -0.200128

-0.9375 0.0848066
-0.921875 0.0858823

-0.921875 0.0860959
-0.90625 0.0883622

-0.90625 0.0886018
-0.890625 0.0911523

-0.890625 0.0909569
-0.875 0.0937033

0.171875 0.124658
0.170084 0.125

-0.875 0.0934463
-0.873819 0.09375

0.171875 0.12349
0.1875 0.119062

1.90625 -0.200573
1.92188 -0.197978

-2.64062 -0.00630415
-2.625 -0.00502312

-0.873457 0.09375
-0.859375 0.0973705

0.1875 0.118421
0.203125 0.116036

1.92188 -0.197831
1.9375 -0.194198

0.203125 0.116296
0.21875 0.116716

-0.859375 0.097322
-0.84375 0.103407

-2.59375 -0.0643741
-2.59444 -0.0625

1.9375 -0.19388
1.95312 -0.190139

1.95312 -0.189589
1.96856 -0.1875

1.98438 -0.207058
1.98164 -0.203125

-2.57812 -0.096785
-2.58384 -0.09375

-2.57812 -0.0986775
-2.56333 -0.09375

-2.59375 -0.078376
-2.58072 -0.09375

0.21875 0.117281
0.234375 0.118856

-2.59375 -0.0626279
-2.58495 -0.078125

-0.84375 0.102672
-0.832945 0.109375

1.98438 -0.189028
1.97561 -0.1875

-0.832888 0.109375
-0.828125 0.112539

-2.57315 -0.09375
-2.5625 -0.0798732

0.234375 0.119291
0.25 0.120022

2 -0.212606
1.98845 -0.203125

0.135549 0.125
0.140625 0.126958

-0.828125 0.111481
-0.815989 0.125

1.99975 -0.203125
1.98529 -0.1875

-0.816904 0.125
-0.8125 0.134729

1.97489 -0.1875
1.98438 -0.18588

0.140625 0.126783
0.15625 0.127708

0.15625 0.127566
0.169685 0.125

-2.5744 -0.078125
-2.56487 -0.0625

-2.60938 -0.0324249
-2.61011 -0.03125

1.98438 -0.177075
2 -0.182401

-0.828125 0.22654
-0.832491 0.234375

1.96875 -0.00129321
1.96784 0

-0.835409 0.234375
-0.833461 0.25

-0.828125 0.223265
-0.8125 0.219634

0.25 0.120044
0.265625 0.119017

-0.828125 0.244061
-0.815113 0.234375

1.96875 -0.00363163
1.98438 -0.00621055

0.265625 0.119111
0.28125 0.11609

1.98438 -0.00647086
1.99072 0

-2.59473 -0.0625
-2.60336 -0.046875

0.28125 0.116065
0.296875 0.110914

0.3125 0.103941
0.299727 0.109375

0.296875 0.110758
0.300125 0.109375

0.34375 0.0893882
0.333713 0.09375

0.3125 0.103812
0.328125 0.0965789

1.65625 0.151433
1.64898 0.15625

1.65122 0.15625
1.64832 0.171875

1.64807 0.171875
1.65625 0.184241

-2.60938 -0.0338849
-2.60283 -0.046875

-2.60938 -0.0295171
-2.62113 -0.015625

-2.625 -0.0130719
-2.62238 -0.015625

0.328125 0.0963118
0.33402 0.09375

-2.59375 -0.0601907
-2.59137 -0.0625

-0.8125 0.134698
-0.809908 0.140625

1.65625 0.149286
1.67098 0.15625

-0.811298 0.140625
-0.807125 0.15625

1.66194 0.15625
1.66252 0.171875

0.34375 0.089627
0.359375 0.0836036

-0.807427 0.15625
-0.802641 0.171875

-2.57226 -0.0625
-2.5625 -0.0562288

-0.802583 0.171875
-0.796875 0.18702

-2.5625 -0.0648251
-2.56112 -0.0625

0.375 0.0779528
0.374525 0.078125

-2.56161 -0.0625
-2.54688 -0.0506937

0.359375 0.0836206
0.374519 0.078125

-2.54688 -0.0525826
-2.5407 -0.046875

-2.54138 -0.046875
-2.53125 -0.0345339

-0.796875 0.187037
-0.796675 0.1875

0.421875 0.0584433
0.413373 0.0625

-0.750182 0.140625
-0.754085 0.15625

1.65625 0.183134
1.66267 0.171875

-0.754289 0.15625
-0.759097 0.171875

1.64398 0.1875
1.65625 0.197532

0.421875 0.0584997
0.4375 0.0503423

-2.53125 -0.0320729
-2.53072 -0.03125

0.390625 0.0724116
0.375036 0.078125

-0.75916 0.171875
-0.764338 0.1875

-2.53057 -0.03125
-2.52074 -0.015625

-0.796875 0.216441
-0.798446 0.21875

-2.51914 -0.015625
-2.51562 -0.00915825

0.390625 0.0726056
0.40625 0.0660592

-0.796875 0.187584
-0.789597 0.203125

1.65625 0.197871
1.66359 0.1875

-0.796875 0.206324
-0.782055 0.21875

-0.804352 0.21875
-0.808952 0.234375

-2.51562 -0.00668544
-2.51199 0

-0.782094 0.21875
-0.78125 0.218846

0.40625 0.0659226
0.413423 0.0625

-0.765625 0.192723
-0.770835 0.203125

-0.78125 0.218647
-0.765625 0.206665

0.453125 0.0415761
0.443405 0.046875

-2.99475 0
-2.98829 0.015625

-0.765625 0.193068
-0.763886 0.1875

1.96704 0
1.96822 0.015625

-2.99563 0.015625
-2.98438 0.0195406

1.96821 0.015625
1.96875 0.0162493

-2.98406 0
-2.98351 0.015625

1.96875 0.0171591
1.98438 0.0192341

-0.765625 0.206901
-0.763909 0.203125

1.98982 0
1.98829 0.015625

0.4375 0.0501779
0.443559 0.046875

0.453125 0.0415056
0.46875 0.0332652

-0.78125 0.218772
-0.781184 0.21875

-2.98438 0.0240645
-2.98269 0.015625

-3 0.041854
-2.98438 0.0413367

0.484375 0.0255395
0.47288 0.03125

-3 0.0539753
-2.98438 0.0539753

1.98438 0.0195718
1.98912 0.015625

-0.843436 0.25
-0.828125 0.261745

-3 0.0691165
-2.98438 0.0691165

0.484375 0.0255847
0.5 0.0181376

-0.828125 0.263012
-0.817627 0.25

-2.99529 0.09375
-2.9756 0.125

-2.96875 0.124803
-2.9687 0.125

0.46875 0.0331682
0.472611 0.03125

-3 0.125152
-2.9878 0.15625

-2.98868 0.15625
-2.97692 0.1875

-0.734375 0.0405702
-0.741558 0.046875

-0.738803 0.046875
-0.748503 0.0625

-0.734375 0.0375978
-0.71875 0.0417127

0.078125 0.638829
0.0780537 0.640625

0.0778386 0.640625
0.078125 0.640958

-2.96875 0.130637
-2.96311 0.125

0.078125 0.638572
0.09375 0.629451

0.078125 0.64096
0.09375 0.641372

0.09375 0.625424
0.094402 0.640625

-2.95312 0.144297
-2.94967 0.140625

0.546875 -0.0042502
0.5381 0

-0.722709 0.046875
-0.71875 0.0508144

0.546875 -0.00392162
0.5625 -0.0115456

0.09375 0.641532
0.0946042 0.640625

-0.71875 0.0414209
-0.715263 0.046875

0.171875 0.671692
0.171739 0.671875

-2.96875 0.171348
-2.96693 0.171875

0.171875 0.671589
0.1875 0.671519

-0.71875 0.0475934
-0.714791 0.0625

0.171875 0.673291
0.1875 0.67416

-2.96536 0.171875
-2.9606 0.1875

0.578125 -0.0196054
0.569692 -0.015625

-2.98436 0.1875
-2.96875 0.215066

-2.97222 0.21875
-2.96875 0.222211

-0.745485 0.0625
-0.748571 0.078125

-2.96875 0.204929
-2.95441 0.21875

-0.74875 0.078125
-0.7499 0.09375

0.1875 0.67455
0.187714 0.671875

-0.720075 0.0625
-0.71875 0.0674362

-0.749365 0.09375
-0.748871 0.109375

0.5625 -0.0115641
0.571104 -0.015625

0.578125 -0.0192988
0.59375 -0.025668

-2.96494 0.21875
-2.9375 0.234268

0 0.985457
0.0134226 1

-0.748393 0.109375
-0.748277 0.125

0.609375 -0.0316105
0.608322 -0.03125

-2.9375 0.216349
-2.92188 0.218232

-0.718716 0.0625
-0.717358 0.078125

0.609375 -0.0313639
0.625 -0.0350224

0.59375 -0.0256322
0.609375 -0.0309826

-0.717613 0.078125
-0.711676 0.09375

-0.712751 0.09375
-0.703125 0.105767

0.609375 -0.0309949
0.610465 -0.03125

-0.703125 0.106149
-0.698736 0.109375

0.625 -0.0347017
0.640625 -0.0365714

0.28125 0.980809
0.276513 0.984375

-0.697984 0.109375
-0.6875 0.11567

-2.92188 0.217252
-2.92042 0.21875

-0.65625 0.0304793
-0.658834 0.03125

-2.9375 0.219229
-2.90625 0.239442

0.279183 0.984375
0.28125 0.991723

0.640625 -0.0365234
0.65625 -0.037324

0.296875 0.983897
0.289626 0.984375

0.65625 -0.0374101
0.671875 -0.037065

0.292095 0.984375
0.296875 0.997867

-2.90625 0.24211
-2.89923 0.25

-0.671875 0.0400317
-0.674308 0.046875

0.671875 -0.0370464
0.6875 -0.0354206

-0.675034 0.046875
-0.671875 0.0539378

0.6875 -0.0351736
0.703125 -0.032798

-0.671875 0.038929
-0.662993 0.03125

0.703125 -0.0325214
0.712681 -0.03125

-0.671875 0.0534643
-0.65625 0.0612102

-2.78125 0.015007
-2.78143 0.015625

-0.65625 0.0287294
-0.650418 0.03125

0.3125 0.983607
0.310217 0.984375

-0.651101 0.03125
-0.642631 0.046875

0.310464 0.984375
0.31077 1

-0.65625 0.0603062
-0.643662 0.046875

0.71269 -0.03125
0.71875 -0.0304437

-2.78145 0.015625
-2.78125 0.0161563

0.71875 -0.0304079
0.734375 -0.0292483

0.328125 0.98406
0.322229 0.984375

-0.6875 0.114872
-0.671875 0.11756

0.3125 0.98983
0.328125 0.991361

-0.671875 0.116161
-0.65625 0.11666

0.734375 -0.0292602
0.75 -0.0290665

-0.65625 0.116133
-0.640625 0.118292

0.328125 0.981169
0.334042 0.984375

0.330697 0.984375
0.328822 1

0.34375 0.982197
0.346818 0.984375

0.34375 0.99079
0.346182 0.984375

0.359375 0.984234
0.359702 0.984375

0.359375 0.993031
0.361437 0.984375

-0.640625 0.118903
-0.625 0.122555

0.5 0.779635
0.493161 0.78125

-0.747937 0.125
-0.749836 0.140625

-2.76817 0
-2.77827 0.015625

-0.625 0.123098
-0.614685 0.125

0.49453 0.78125
0.498761 0.796875

0.75 -0.0291365
0.765625 -0.029745

-0.546875 0.123455
-0.559398 0.125

0.498208 0.796875
0.5 0.797206

-2.78125 0.0163869
-2.76562 0.0277401

0.765625 -0.0297873
0.78125 -0.0309737

-0.546875 0.123789
-0.53125 0.119842

0.796875 -0.0326668
0.783933 -0.03125

-2.76562 0.00593936
-2.75 0.0033376

-2.76562 0.0202575
-2.75 0.0190395

-0.53125 0.119929
-0.515625 0.113119

-0.5 0.103231
-0.509929 0.109375

-0.515625 0.113213
-0.509333 0.109375

0.796875 -0.0326245
0.8125 -0.0349789

0.78125 -0.0309677
0.783828 -0.03125

-2.76562 0.21689
-2.76634 0.21875

-2.75 0.196586
-2.75481 0.203125

0.375133 0.984375
0.375177 1

-0.614313 0.125
-0.609375 0.125911

-0.609375 0.125998
-0.59375 0.126986

0.8125 -0.0349196
0.828125 -0.0381247

0.828125 -0.038028
0.84375 -0.0423956

-2.75732 0.203125
-2.75963 0.21875

-2.76591 0.21875
-2.76789 0.234375

-2.76562 0.235385
-2.76925 0.25

-2.7634 0.21875
-2.75412 0.234375

-0.59375 0.126697
-0.578125 0.126287

-0.578125 0.12619
-0.5625 0.125153

0.859375 -0.0483174
0.855468 -0.046875

0.84375 -0.0423207
0.856087 -0.046875

0.859375 -0.0482937
0.875 -0.0552026

-2.76562 0.243806
-2.75 0.236782

0.890625 -0.063208
0.889137 -0.0625

0.890625 -0.0634361
0.90625 -0.0697938

-2.91532 0.25
-2.90625 0.259301

0.90625 -0.0698678
0.921875 -0.0737136

-2.91257 0.28125
-2.90625 0.303917

0.921875 -0.0737949
0.9375 -0.0748181

-0.5625 0.125387
-0.559366 0.125

-2.89857 0.25
-2.89062 0.261476

0.4375 0.966956
0.436879 0.96875

0.875 -0.0553295
0.890072 -0.0625

0.9375 -0.0750168
0.953125 -0.0726573

-2.90151 0.265625
-2.89062 0.280434

0.953125 -0.072516
0.96875 -0.0666587

-2.89062 0.261168
-2.88662 0.265625

0.96875 -0.0660408
0.975891 -0.0625

-2.88793 0.265625
-2.875 0.275974

0.975727 -0.0625
0.984375 -0.0582117

0.437187 0.96875
0.4375 0.969828

0.984375 -0.0577054
1 -0.0504785

-2.88861 0.28125
-2.875 0.29067

-2.90676 0.3125
-2.90625 0.317759

0.434857 0.984375
0.4375 0.987016

0.515625 0.0109039
0.505421 0.015625

0.5 0.0180563
0.505255 0.015625

0.515625 0.0111087
0.53125 0.00369599

0.4375 0.967202
0.453125 0.962528

-2.875 0.318439
-2.89693 0.34375

0.53125 0.00360872
0.538701 0

0.453125 0.962045
0.456899 0.96875

0.4375 0.969921
0.453125 0.975739

0.451383 0.984375
0.453125 0.984529

-2.89593 0.34375
-2.875 0.356562

-2.875 0.278882
-2.85938 0.281045

-2.85938 0.278513
-2.84375 0.272641

-2.875 0.282465
-2.85938 0.281476

-2.875 0.30696
-2.87057 0.296875

-2.84375 0.270438
-2.82812 0.26744

-2.82812 0.268705
-2.8125 0.270456

0.453125 0.978171
0.45742 0.96875

-2.875 0.32809
-2.86826 0.34375

-2.875 0.365149
-2.85997 0.34375

-2.8125 0.271585
-2.79688 0.273296

0.453125 0.984399
0.453164 0.984375

-2.79688 0.274446
-2.78125 0.27156

0 1.00886
0.0115244 1

-2.78125 0.305014
-2.7879 0.3125

-0.453125 0.0221949
-0.459329 0.03125

0.3125 1.00068
0.317926 1

-0.453125 0.0247648
-0.440666 0.015625

-0.456958 0.03125
-0.460791 0.046875

-0.457768 0.046875
-0.460124 0.0625

-2.76562 0.255309
-2.77368 0.265625

-2.78125 0.274755
-2.76858 0.265625

-2.76562 0.253509
-2.7613 0.25

-2.78125 0.307554
-2.77737 0.3125

-2.78559 0.3125
-2.78125 0.315944

-2.78125 0.318319
-2.77481 0.3125

0.375 1.0002
0.375356 1

-2.75 0.408028
-2.75221 0.4375

-2.75686 0.4375
-2.75 0.445679

-0.484375 0.0911396
-0.487668 0.09375

-0.46875 0.0774679
-0.469206 0.078125

-2.74157 0
-2.74649 0.015625

-2.74288 0.015625
-2.73438 0.02852

-2.7366 0.03125
-2.73438 0.0425782

-2.73486 0.046875
-2.7394 0.0625

-0.484375 0.0915006
-0.470213 0.078125

0.65625 0.723701
0.650737 0.734375

-2.73438 0.0544265
-2.72907 0.0625

0.650262 0.734375
0.65625 0.742194

0.65625 0.72475
0.670421 0.734375

-2.70312 0.0458895
-2.70814 0.046875

0.65625 0.741077
0.670827 0.734375

-2.71875 0.055667
-2.70613 0.046875

-2.70312 0.0509205
-2.6875 0.0590585

1.04688 -0.194426
1.0438 -0.1875

-2.74165 0.0625
-2.74607 0.078125

-0.5 0.103192
-0.487711 0.09375

0.5 0.7792
0.503228 0.78125

-0.458735 0.0625
-0.468419 0.078125

0.502355 0.78125
0.500684 0.796875

1.0625 -0.210565
1.05435 -0.203125

1.04688 -0.190745
1.05395 -0.203125

1.04447 -0.1875
1.04595 -0.171875

-0.4375 0.0168054
-0.421875 0.0160011

1.04577 -0.171875
1.04688 -0.169596

1.04759 -0.1875
1.04907 -0.171875

1.04688 -0.171266
1.0576 -0.15625

-2.74638 0.078125
-2.7428 0.09375

1.05745 -0.15625
1.0625 -0.151791

-0.421875 0.0166133
-0.40625 0.0187076

0.5 0.796938
0.500118 0.796875

-2.74346 0.09375
-2.73438 0.105334

-2.73438 0.104326
-2.72791 0.109375

-0.40625 0.0188229
-0.390625 0.0223607

-0.390625 0.022402
-0.375 0.0270701

1.07812 -0.21883
1.07794 -0.21875

-0.375 0.026926
-0.363494 0.03125

1.09375 -0.219018
1.09019 -0.21875

-0.364114 0.03125
-0.359375 0.0330309

0.53125 0.995408
0.525718 1

1.0625 -0.210726
1.07791 -0.21875

-2.72681 0.109375
-2.71875 0.114521

-0.359375 0.0329408
-0.34375 0.0400184

0.53125 0.995747
0.534796 1

-0.34375 0.0398762
-0.330808 0.046875

1.07812 -0.217999
1.08811 -0.21875

0.640625 0.967704
0.65625 0.953156

-0.33061 0.046875
-0.328125 0.0482189

0.643192 0.96875
0.65625 0.98663

-0.328125 0.048126
-0.3125 0.0586314

-2.71854 0.0625
-2.71614 0.078125

0.65625 0.952583
0.657632 0.953125

1.09375 -0.219017
1.09504 -0.21875

0.65625 0.956288
0.671875 0.968355

-2.71157 0.078125
-2.70396 0.09375

1.09377 -0.21875
1.10938 -0.215512

-2.70312 0.104828
-2.7044 0.109375

1.10938 -0.215347
1.125 -0.208764

-0.3125 0.0584608
-0.307425 0.0625

0.671875 0.968135
0.672183 0.96875

-0.307256 0.0625
-0.296875 0.0722829

0.65625 0.989506
0.675199 0.96875

1.0625 -0.15308
1.07812 -0.142575

1.07812 -0.144433
1.084 -0.140625

-0.296875 0.0721967
-0.291778 0.078125

-0.292105 0.078125
-0.281337 0.09375

-0.282398 0.09375
-0.28125 0.0956512

1.08621 -0.140625
1.09375 -0.133719

1.09375 -0.13566
1.10131 -0.125

1.0625 -0.0726869
1.05285 -0.0625

1 -0.0501353
1.01005 -0.046875

1.01067 -0.046875
1.01562 -0.0452671

1.01562 -0.0437967
1.03125 -0.0441146

-0.28125 0.0972698
-0.271704 0.109375

1.04688 -0.0540932
1.03558 -0.046875

-0.274441 0.109375
-0.265625 0.117238

-0.265625 0.11645
-0.25 0.122021

1.03125 -0.0428765
1.03868 -0.046875

1.04688 -0.0550364
1.05408 -0.0625

1.03125 -0.0291674
1.03469 -0.03125

0.526294 1
0.53125 1.00407

1.09375 -0.102714
1.08672 -0.09375

-0.25 0.120102
-0.234375 0.117975

0.53125 1.0048
0.535311 1

-2.71875 0.112499
-2.70312 0.121942

-2.70312 0.0976884
-2.6979 0.109375

-0.234375 0.117379
-0.21875 0.112581

1.07812 -0.0872107
1.06838 -0.078125

1.0625 -0.0732606
1.06731 -0.078125

-0.203125 0.106055
-0.210839 0.109375

-0.21875 0.112829
-0.210723 0.109375

-2.69774 0.109375
-2.6875 0.120149

-2.6875 0.062441
-2.68742 0.0625

-2.65065 0
-2.64062 0.00359469

-0.203125 0.10613
-0.1875 0.0969343

-0.125 0.0619422
-0.126505 0.0625

-0.171875 0.0855267
-0.183857 0.09375

-2.68741 0.0625
-2.67188 0.0734752

-2.67188 0.074481
-2.66052 0.078125

-2.66134 0.078125
-2.65625 0.0797581

-2.6875 0.12254
-2.67716 0.125

-2.67188 0.121268
-2.65625 0.117669

-2.64062 0.0765688
-2.64861 0.078125

-2.65625 0.0793832
-2.6498 0.078125

-2.64062 0.0771459
-2.625 0.0648016

-2.65625 0.120735
-2.64062 0.12109

-2.64062 0.120747
-2.625 0.119611

-2.71875 0.152145
-2.72277 0.15625

-2.73438 0.17791
-2.74028 0.1875

-2.72246 0.15625
-2.73381 0.171875

-0.15625 0.0750057
-0.161285 0.078125

-0.171875 0.0851115
-0.160857 0.078125

-0.1875 0.0968334
-0.182899 0.09375

-0.15625 0.0750545
-0.140625 0.0674177

-2.73438 0.17474
-2.7327 0.171875

-2.70312 0.136722
-2.70337 0.140625

-2.71875 0.153853
-2.70475 0.140625

2 -0.205793
2.01562 -0.211399

2.01562 -0.209093
2.03125 -0.210297

-0.140625 0.0677046
-0.12658 0.0625

2.03125 -0.210202
2.04688 -0.211808

1.07812 -0.0877889
1.08437 -0.09375

-2.70312 0.136808
-2.69428 0.125

-0.125 0.0619674
-0.109375 0.0573449

2.04688 -0.211959
2.0625 -0.213852

-0.109375 0.0573812
-0.09375 0.0537538

2.00687 -0.1875
2.00217 -0.171875

-0.09375 0.0536872
-0.078125 0.0511153

-0.078125 0.0519243
-0.0625 0.0489229

1.1015 -0.125
1.1005 -0.109375

1.09375 -0.102916
1.09823 -0.109375

2 -0.169155
2.00589 -0.171875

2.0625 -0.214344
2.07812 -0.215239

-2.70312 0.151985
-2.6934 0.140625

-2.71875 0.156513
-2.71831 0.15625

-2.71875 0.17192
-2.71863 0.171875

-2.70312 0.162847
-2.68874 0.15625

-2.70312 0.171909
-2.6875 0.171898

-2.75 0.200455
-2.74128 0.1875

-2.75 0.209433
-2.74531 0.21875

-2.74079 0.21875
-2.73438 0.2245

-0.046875 0.043393
-0.0588001 0.046875

-0.0625 0.0496636
-0.0529497 0.046875

1.125 -0.208747
1.13445 -0.203125

1.13396 -0.203125
1.14062 -0.199159

1.14062 -0.198957
1.15625 -0.187987

-2.73438 0.245089
-2.7456 0.25

-2.73438 0.219787
-2.72854 0.234375

-0.046875 0.0436662
-0.03125 0.0389316

0 0.0289866
-0.00953531 0.03125

-0.03125 0.0393651
-0.015625 0.0344934

1.15625 -0.187937
1.15685 -0.1875

-0.015625 0.0339682
-0.00417366 0.03125

-2.73438 0.235997
-2.7335 0.234375

2.07812 -0.215383
2.09375 -0.214007

2.09375 -0.213815
2.10938 -0.210264

1.15643 -0.1875
1.17188 -0.17644

1.17188 -0.175986
1.17796 -0.171875

2.10938 -0.209934
2.125 -0.205251

-0.15625 0.491164
-0.15734 0.5

1.17896 -0.171875
1.1875 -0.166109

2.125 -0.204937
2.1311 -0.203125

-0.15625 0.484244
-0.140625 0.480669

2.13142 -0.203125
2.14062 -0.200391

1.1875 -0.165434
1.20312 -0.156416

-2.6875 0.129645
-2.67188 0.128207

2.14062 -0.200448
2.15625 -0.196168

-0.15625 0.493885
-0.151609 0.484375

2.15625 -0.196302
2.17188 -0.191926

-0.140625 0.480445
-0.134613 0.484375

2.17188 -0.191609
2.1875 -0.187501

-0.134577 0.484375
-0.133272 0.5

1.20312 -0.156386
1.20338 -0.15625

-2.59375 0.0252352
-2.60203 0.03125

2.18953 -0.1875
2.20312 -0.183817

1.20494 -0.15625
1.21875 -0.149042

1.21875 -0.148308
1.23438 -0.140933

2.20312 -0.183758
2.21875 -0.178425

2.21875 -0.177409
2.23438 -0.173054

1.23438 -0.140869
1.23502 -0.140625

1.23623 -0.140625
1.25 -0.135375

-2.60938 0.0401519
-2.6144 0.046875

-2.6128 0.046875
-2.62457 0.0625

-2.60938 0.0389482
-2.60145 0.03125

1.25 -0.135525
1.26562 -0.129889

2.23438 -0.172801
2.25 -0.171966

-2.59375 0.0252285
-2.57812 0.020987

-2.57812 0.0215764
-2.5625 0.0246743

-2.625 0.064448
-2.62331 0.0625

1.26562 -0.129701
1.27931 -0.125

1.28013 -0.125
1.28125 -0.124614

1.28125 -0.124536
1.29688 -0.119409

-2.625 0.119512
-2.60938 0.117769

-2.60938 0.117723
-2.59375 0.115662

1.29688 -0.118755
1.3125 -0.114827

-2.59375 0.115494
-2.57812 0.11354

1.3125 -0.115444
1.32812 -0.112788

1.32812 -0.112945
1.34375 -0.110011

1.34375 -0.109595
1.34573 -0.109375

2.45312 -0.252923
2.44778 -0.25

-2.57812 0.113389
-2.5625 0.112182

1.34375 -0.109101
1.35938 -0.107366

2.45312 -0.26294
2.45926 -0.265625

-2.5625 0.0254724
-2.55038 0.03125

-2.55127 0.03125
-2.54688 0.033344

1.35938 -0.107321
1.375 -0.108693

2.46875 -0.269471
2.47803 -0.265625

-2.54688 0.0348074
-2.53125 0.0412364

2.46875 -0.263307
2.47377 -0.265625

-2.51136 0
-2.50598 0.015625

1.45312 -0.128478
1.44196 -0.125

-2.50286 0.015625
-2.50678 0.03125

2.25 -0.173034
2.26562 -0.175237

1.45312 -0.128541
1.46875 -0.134764

2.2572 -0.171875
2.26562 -0.169746

-2.53125 0.0441014
-2.51562 0.0402213

2.26562 -0.176003
2.28125 -0.177903

-2.51562 0.0422214
-2.50472 0.03125

1.48438 -0.142215
1.48071 -0.140625

-2.5625 0.11204
-2.54688 0.112166

-0.765625 0.573737
-0.767942 0.578125

1.46875 -0.135049
1.48162 -0.140625

-0.76728 0.578125
-0.765625 0.58494

2.26562 -0.168833
2.27148 -0.171875

-0.765625 0.573928
-0.75 0.573856

2.26181 -0.15625
2.2569 -0.140625

-0.765625 0.585758
-0.75 0.586373

2.26386 -0.140625
2.26562 -0.138161

1.48438 -0.14229
1.5 -0.148097

-2.54688 0.112295
-2.53125 0.113778

2.26562 -0.148232
2.28125 -0.154561

-2.5 0.0686955
-2.50764 0.078125

-2.50594 0.078125
-2.50124 0.09375

-0.75 0.574324
-0.747894 0.578125

-0.75 0.586843
-0.747943 0.578125

1.39062 -0.112713
1.37541 -0.109375

1.375 -0.109114
1.37619 -0.109375

2.26562 -0.138289
2.27692 -0.125

-2.53125 0.114062
-2.51562 0.116074

1.39062 -0.112989
1.40625 -0.116737

-2.51562 0.115952
-2.5 0.118169

2.28125 -0.17759
2.29688 -0.177134

2.29688 -0.176613
2.3125 -0.174914

-2.75 0.251343
-2.7434 0.25

2.28125 -0.149593
2.29527 -0.140625

1.40625 -0.116723
1.42188 -0.120249

1.42188 -0.120019
1.4375 -0.123812

-2.64062 0.279069
-2.64185 0.28125

-2.625 0.262275
-2.62909 0.265625

-2.64062 0.2793
-2.62934 0.265625

-2.64208 0.28125
-2.64394 0.296875

-2.64438 0.296875
-2.64062 0.303845

-2.64062 0.304135
-2.63327 0.3125

2.3006 -0.140625
2.30093 -0.125

-0.34375 0.9511
-0.347108 0.953125

-0.345661 0.953125
-0.351893 0.96875

1.4375 -0.123707
1.44165 -0.125

-2.63267 0.3125
-2.625 0.317352

-2.71875 0.393902
-2.73084 0.40625

-2.72303 0.40625
-2.7221 0.4375

-0.359514 0.96875
-0.359375 0.968981

-0.362679 0.984375
-0.359375 0.987984

-0.348007 0.96875
-0.34375 0.975799

-0.345073 0.984375
-0.34375 0.985448

-0.34375 0.951586
-0.332929 0.953125

-2.71875 0.400138
-2.70312 0.403767

-2.70312 0.40508
-2.70195 0.40625

-2.71875 0.426054
-2.70312 0.428704

-2.70162 0.40625
-2.696 0.421875

-2.69138 0.421875
-2.70124 0.4375

-2.73008 0.4375
-2.71875 0.445525

-0.342718 0.953125
-0.328125 0.959635

-0.328125 0.947917
-0.323324 0.953125

-0.34375 0.982815
-0.328125 0.979192

1.32812 0.0463044
1.32796 0.046875

1.32799 0.046875
1.32812 0.047241

1.32812 0.0378745
1.34375 0.0378825

1.32812 0.0544612
1.34375 0.0544557

2.3125 -0.174689
2.32812 -0.173241

2.32812 -0.173154
2.34375 -0.172583

2.34375 -0.172557
2.35938 -0.17309

-2.71875 0.441647
-2.6875 0.437633

2.35938 -0.17299
2.375 -0.174882

2.27968 -0.125
2.28125 -0.12402

-2.6875 0.422736
-2.68737 0.421875

2.28125 -0.119397
2.29688 -0.122666

2.29688 -0.12127
2.30058 -0.125

-2.6875 0.440819
-2.68602 0.4375

2.42188 -0.194841
2.41022 -0.1875

2.4375 -0.208028
2.42931 -0.203125

-2.68453 0.453125
-2.67188 0.45605

-2.67188 0.452676
-2.67106 0.453125

-0.34375 0.984403
-0.343068 0.984375

2.42188 -0.195116
2.43495 -0.203125

-0.159576 0.5
-0.15625 0.505486

-2.67084 0.453125
-2.67145 0.46875

-0.15625 0.503634
-0.140625 0.506617

-0.140625 0.502094
-0.138261 0.5

-2.6875 0.468927
-2.68713 0.46875

-2.65625 0.465601
-2.65591 0.46875

-2.65625 0.469573
-2.65298 0.46875

-2.625 0.262486
-2.60938 0.253933

-2.60938 0.253807
-2.59375 0.252228

2.375 -0.174748
2.39062 -0.178468

2.39062 -0.178076
2.40625 -0.184677

2.40625 -0.184698
2.41101 -0.1875

2.44393 -0.25
2.45312 -0.246723

-2.59375 0.250325
-2.57812 0.259777

-2.57812 0.259405
-2.57269 0.265625

-2.57287 0.265625
-2.56689 0.28125

-2.57812 0.302651
-2.59018 0.3125

2.46875 -0.219182
2.46783 -0.21875

2.4375 -0.205704
2.45312 -0.212201

2.45312 -0.210217
2.46875 -0.217864

-2.56734 0.28125
-2.57293 0.296875

-2.57812 0.302721
-2.57344 0.296875

-2.625 0.316491
-2.60938 0.318459

-2.60938 0.317831
-2.59375 0.313486

-2.59375 0.313723
-2.59162 0.3125

-2.625 0.48379
-2.60938 0.48379

-2.625 0.484564
-2.60938 0.484564

2.46875 -0.220495
2.48438 -0.228087

2.48438 -0.230062
2.5 -0.228412

2.46875 -0.217925
2.47045 -0.21875

0 0.987645
-0.00941977 1

2.40625 -0.0473914
2.42188 -0.0535412

2.40883 -0.046875
2.41246 -0.03125

2.42188 -0.0532844
2.43186 -0.046875

2.4305 -0.046875
2.42889 -0.03125

2.41038 -0.03125
2.42188 -0.0270321

2.42188 -0.0260161
2.43169 -0.03125

-2.5 0.0731932
-2.48438 0.0707306

-2.5 0.0892463
-2.4939 0.09375

-0.0121013 1
0 1.0113

2.45289 -0.09375
2.44344 -0.078125

2.44297 -0.078125
2.45312 -0.0681237

-2.48438 0.0747928
-2.47611 0.078125

-2.47339 0.078125
-2.47548 0.09375

-2.48573 0.09375
-2.48438 0.094448

-2.5 0.119834
-2.48438 0.119195

2.45312 -0.0929954
2.46773 -0.078125

2.45312 -0.0685346
2.46875 -0.0780293

-2.47094 0.09375
-2.46875 0.0949174

-2.48438 0.117504
-2.46875 0.114223

-2.46875 0.0858407
-2.45312 0.0829684

-2.45312 0.0932822
-2.4375 0.0921716

-2.45811 0.09375
-2.46073 0.109375

-2.46875 0.120182
-2.45312 0.117911

-2.45312 0.122786
-2.4375 0.11686

-2.40625 0.0401215
-2.40937 0.046875

-2.40952 0.046875
-2.40625 0.0614046

-2.39062 0.0293899
-2.39585 0.03125

-2.39062 0.0271942
-2.38018 0.03125

-2.40625 0.0410404
-2.39267 0.03125

-2.40625 0.0564434
-2.39394 0.0625

-2.38442 0.03125
-2.3773 0.046875

-2.39062 0.058631
-2.38353 0.046875

-2.4375 0.0877867
-2.42188 0.090392

-2.41753 0.078125
-2.40625 0.0914367

-2.42309 0.09375
-2.42551 0.109375

-2.4375 0.113725
-2.43398 0.109375

-2.42188 0.0945792
-2.42057 0.109375

-2.42188 0.12393
-2.40625 0.11427

-2.40625 0.0713633
-2.39062 0.0636459

-2.40625 0.0908836
-2.40454 0.09375

-2.39062 0.0631705
-2.3901 0.0625

-2.39062 0.102976
-2.40423 0.109375

-2.40625 0.1126
-2.40127 0.109375

-2.39062 0.101528
-2.375 0.0957844

-2.45536 0.125
-2.45312 0.127406

-2.45326 0.140625
-2.45312 0.140782

-2.45312 0.139184
-2.45036 0.140625

-2.45312 0.141003
-2.4375 0.143761

-2.4375 0.135743
-2.42188 0.125581

-2.4375 0.141404
-2.4364 0.140625

-2.42188 0.125238
-2.42155 0.125

-2.35938 0.0935545
-2.36018 0.09375

-2.35938 0.0931962
-2.34375 0.0889305

-2.375 0.0973561
-2.36016 0.09375

-2.34375 0.0885113
-2.32812 0.0853409

-2.32812 0.0851839
-2.3125 0.0842613

-2.29688 0.024147
-2.30989 0.03125

-2.29688 0.028213
-2.28194 0.03125

-2.30527 0.03125
-2.30665 0.046875

-2.29988 0.046875
-2.29688 0.04949

2.5 -0.224475
2.51214 -0.21875

2.51499 -0.21875
2.51562 -0.218451

2.51562 -0.21855
2.53125 -0.210445

-2.29688 0.0320614
-2.28955 0.03125

-2.29688 0.0509764
-2.28125 0.0566122

-2.28125 0.0310319
-2.28093 0.03125

2.53125 -0.208861
2.54063 -0.203125

2.54473 -0.203125
2.54688 -0.201815

-2.28063 0.03125
-2.27045 0.046875

-2.26562 0.0480603
-2.27771 0.0625

-2.26562 0.0621365
-2.26491 0.0625

2.54688 -0.201343
2.5625 -0.189433

2.5625 -0.189468
2.5646 -0.1875

2.56457 -0.1875
2.57812 -0.172069

2.5756 -0.171875
2.57812 -0.168503

-2.3125 0.0848361
-2.29688 0.0853255

-2.29688 0.0850054
-2.28125 0.0863972

-2.26739 0.0625
-2.26562 0.0659483

-2.28125 0.0872734
-2.26562 0.0886327

-2.26458 0.0625
-2.25962 0.078125

2.57812 -0.167984
2.59011 -0.15625

2.58991 -0.15625
2.59375 -0.153469

2.59375 -0.153431
2.60938 -0.146804

-2.26562 0.0892005
-2.25363 0.09375

-2.26562 0.0947099
-2.25 0.0998644

2.60938 -0.148829
2.625 -0.145483

2.625 -0.145521
2.64062 -0.141329

2.64062 -0.140646
2.6407 -0.140625

2.64214 -0.140625
2.65625 -0.136521

-2.25 0.0607842
-2.23761 0.0625

-2.21875 0.0562666
-2.23081 0.0625

-2.21875 0.0553968
-2.20312 0.054388

2.65625 -0.136291
2.67188 -0.132384

2.67188 -0.132695
2.6875 -0.129218

2.6875 -0.12889
2.70312 -0.125877

-2.20312 0.0506594
-2.1932 0.0625

-2.23871 0.0625
-2.24118 0.078125

-2.23062 0.0625
-2.21875 0.0766474

2.70312 -0.126064
2.71034 -0.125

-2.25 0.0973313
-2.23438 0.0991928

2.71058 -0.125
2.71875 -0.123796

2.71875 -0.123734
2.73438 -0.121821

2.73438 -0.121721
2.75 -0.120491

-2.23438 0.0987323
-2.21875 0.0997961

-2.21875 0.0765208
-2.20312 0.0772674

-2.19467 0.0625
-2.20116 0.078125

-2.21875 0.100061
-2.20312 0.100719

-2.20312 0.100865
-2.1875 0.100296

-2.15625 0.0936579
-2.15664 0.09375

-2.1875 0.100517
-2.17188 0.0979871

-2.17188 0.0973729
-2.15658 0.09375

2.79688 -0.12736
2.79024 -0.125

2.8125 -0.140681
2.81243 -0.140625

2.79688 -0.127474
2.8125 -0.13784

-2.15625 0.0926575
-2.14062 0.0910384

2.82812 -0.158085
2.83703 -0.15625

2.8125 -0.141086
2.82812 -0.149421

-2.14062 0.0917132
-2.125 0.0928312

-2.12722 0.09375
-2.125 0.0939089

2.82812 -0.152225
2.84375 -0.145478

-2.0625 0.0595381
-2.06784 0.0625

-2.10938 0.0921652
-2.11851 0.09375

-2.10938 0.0926543
-2.09375 0.0813335

2.84226 -0.140625
2.84375 -0.139645

2.84375 -0.143548
2.84627 -0.140625

2.84526 -0.140625
2.85529 -0.125

-2.125 0.0958035
-2.11287 0.09375

-2.09375 0.0771948
-2.07812 0.0653239

-2.09375 0.0804356
-2.09127 0.078125

-2.07812 0.0671955
-2.06975 0.0625

-2.0625 0.0582262
-2.04688 0.0496062

-2.03125 0.041107
-2.04466 0.046875

-2.03572 0.046875
-2.03125 0.047265

2.75 -0.120209
2.76562 -0.120427

2.76562 -0.120489
2.78125 -0.122592

-2.01562 0.0302273
-2.00676 0.03125

-2.03125 0.039477
-2.01562 0.0354009

-2.01562 0.0518126
-2.02645 0.0625

2.78125 -0.121703
2.79052 -0.125

2.8552 -0.125
2.85812 -0.109375

2.85227 -0.109375
2.85938 -0.094426

2.85938 -0.0951788
2.86107 -0.09375

-2.01048 0.03125
-2 0.0387193

-2.01562 0.0571885
-2 0.0479189

-2.03663 0.0625
-2.03229 0.078125

-2.03552 0.078125
-2.03125 0.0818081

-2.03125 0.0750585
-2.03001 0.078125

-2.02762 0.078125
-2.01562 0.0825415

2.85862 -0.09375
2.85938 -0.0929849

2.85938 -0.0931573
2.875 -0.087387

-2.01562 0.075717
-2.00987 0.078125

-2.00362 0.078125
-2 0.0784603

2.92188 -0.128915
2.91869 -0.125

2.9375 -0.145111
2.93137 -0.140625

2.92188 -0.133168
2.9301 -0.140625

2.96875 -0.18755
2.9694 -0.1875

2.95312 -0.156276
2.95316 -0.15625

2.9375 -0.148656
2.95312 -0.147894

2.95312 -0.145461
2.95934 -0.140625

2.95926 -0.140625
2.96875 -0.128874

2.96875 -0.156324
2.96882 -0.15625

2.89062 -0.0978843
2.88134 -0.09375

2.90625 -0.110848
2.9047 -0.109375

-2.375 0.591736
-2.37986 0.59375

-2.37846 0.59375
-2.37714 0.625

2.89062 -0.0979191
2.90476 -0.109375

2.875 -0.0909667
2.88128 -0.09375

-2.37619 0.625
-2.375 0.625457

-2.375 0.596314
-2.36441 0.609375

2.90625 -0.111379
2.91829 -0.125

2.96701 -0.125
2.96875 -0.121403

2.96875 -0.121732
2.98478 -0.09375

2.98365 -0.09375
2.98438 -0.0853221

2.98416 -0.078125
2.98079 -0.0625

-2.375 0.616768
-2.36406 0.609375

-2.375 0.625037
-2.37487 0.625

2.98845 -0.09375
2.99259 -0.078125

2.98438 -0.0780607
2.9844 -0.078125

-2.01562 0.723841
-2.02781 0.734375

-2.02264 0.734375
-2.01562 0.740308

-2.01562 0.72857
-2.01067 0.734375

2.98336 -0.0625
2.98374 -0.046875

2.9835 -0.046875
2.98296 -0.03125

-2.01562 0.745381
-2.00596 0.734375

2.98438 -0.0597522
2.98477 -0.0625

2.98257 -0.03125
2.98246 -0.015625

2.98269 -0.015625
2.98333 0

2.98362 0
2.98396 0.015625

2.98401 0.015625
2.98336 0.03125

2.98438 0.0149767
2.98439 0.015625

2.98438 0.0159129
2.98439 0.015625

2.98313 0.03125
2.98187 0.046875

2.98145 0.046875
2.98086 0.0625

2.98438 0.0315581
2.9844 0.03125

2.98438 0.0486159
2.98444 0.046875

2.96875 0.116241
2.96408 0.125

2.9815 0.0625
2.98101 0.078125

2.9811 0.078125
2.97925 0.09375

2.98438 0.0750263
2.98477 0.0625

2.98053 0.09375
2.96928 0.125

2.9375 0.178043
2.92846 0.1875

-1.90625 -0.0032146
-1.90975 0

2.90625 0.237271
2.89921 0.25

2.92188 0.206971
2.91523 0.21875

-1.90625 -0.00419415
-1.89062 -0.00211125

-1.89062 -0.0055383
-1.88625 0

2.92188 0.196878
2.935 0.1875

-1.85938 -0.0264999
-1.86513 -0.015625

-1.8651 -0.015625
-1.85938 -0.0037763

-1.85938 -0.025454
-1.84375 -0.02526

-1.85938 -0.00633502
-1.84375 -0.00468535

-1.84375 -0.0278068
-1.83824 -0.015625

-1.84171 -0.015625
-1.84252 0

2.93099 0.203125
2.9375 0.205955

2.90909 0.21875
2.9375 0.222867

2.95312 0.146639
2.94937 0.15625

2.96544 0.125
2.95668 0.140625

2.95312 0.150753
2.95708 0.140625

2.95139 0.15625
2.94634 0.171875

-2 0.0291905
-1.99635 0.03125

2.94401 0.171875
2.94632 0.1875

2.95312 0.182582
2.95774 0.1875

-1.99656 0.03125
-1.99227 0.046875

-2 0.0548897
-1.99233 0.046875

-2 0.0798057
-1.98438 0.0853748

-1.98438 0.0880524
-1.96875 0.0896647

-1.96875 0.0895198
-1.95312 0.0821101

-1.9375 0.068722
-1.95116 0.078125

-1.95312 0.0788778
-1.95208 0.078125

3 0.177741
2.98042 0.1875

2.9375 0.194946
2.95495 0.1875

2.94381 0.21875
2.94715 0.25

-1.91062 0
-1.90957 0.015625

-1.91462 0.015625
-1.90625 0.0209561

-1.92188 0.0620862
-1.92327 0.0625

-1.90625 0.0428364
-1.90944 0.046875

-1.90625 0.0594413
-1.91226 0.0625

2.96875 0.204754
3 0.190517

2.84375 0.300451
2.83134 0.3125

2.875 0.270451
2.86936 0.28125

-1.89147 0
-1.90227 0.015625

-1.89062 0.0430545
-1.89547 0.046875

-1.90625 0.0564328
-1.8952 0.046875

-1.89062 0.0430548
-1.875 0.0324875

-1.9375 0.0665271
-1.92333 0.0625

2.84375 0.3035
2.85608 0.296875

2.85938 0.296655
2.875 0.286353

-1.92188 0.0692525
-1.90686 0.0625

-1.85938 0.0246032
-1.87255 0.03125

2.875 0.30465
2.87182 0.3125

2.82531 0.328125
2.82812 0.335389

2.82909 0.3125
2.83139 0.328125

2.82812 0.338817
2.84375 0.34253

2.82294 0.34375
2.84375 0.345874

2.84375 0.323489
2.86935 0.3125

-1.85938 0.0259889
-1.84375 0.0180271

-1.875 0.0323724
-1.87277 0.03125

-1.84375 0.0144778
-1.82812 0.010591

-1.84375 0.0165931
-1.84152 0.015625

-1.82812 0.00989833
-1.8125 0.00702509

-1.8125 0.00683833
-1.79688 0.00548409

-1.79688 0.00519453
-1.78125 0.00631191

-1.78125 0.00655617
-1.76562 0.0102358

2.84375 0.347056
2.84878 0.34375

2.77128 0.375
2.77033 0.40625

2.77507 0.40625
2.78125 0.406812

2.78379 0.375
2.78283 0.40625

2.78125 0.407032
2.78233 0.40625

-1.76562 0.010714
-1.75 0.0155108

2.89062 0.257155
2.88346 0.265625

2.88165 0.265625
2.876 0.28125

2.89062 0.256387
2.8957 0.25

2.89062 0.279819
2.89207 0.28125

2.875 0.289775
2.90625 0.293656

-1.75 0.0154104
-1.74938 0.015625

-1.74899 0.015625
-1.73438 0.0206885

-1.73438 0.0200137
-1.71875 0.0278588

-1.71875 0.0278838
-1.71363 0.03125

-1.71478 0.03125
-1.70312 0.0392468

-1.70312 0.0390891
-1.6935 0.046875

-1.69327 0.046875
-1.6875 0.0517941

-1.6875 0.0521592
-1.67679 0.0625

-1.677 0.0625
-1.67188 0.0677495

-1.67188 0.0682424
-1.66195 0.078125

-1.66202 0.078125
-1.65625 0.083478

-1.65625 0.0844882
-1.6435 0.09375

-1.64149 0.09375
-1.64062 0.0942898

-1.64062 0.0946597
-1.625 0.102695

2.9375 0.271915
2.92407 0.28125

2.90625 0.285378
2.91529 0.28125

-1.625 0.104032
-1.60938 0.108085

-1.60938 0.108945
-1.59375 0.104625

-1.57812 0.0910125
-1.5846 0.09375

2.875 0.314
2.87725 0.3125

2.9375 0.272959
2.9491 0.25

-1.5625 0.0929544
-1.57476 0.09375

-1.59375 0.101329
-1.57812 0.0946417

-1.57812 0.0942921
-1.57091 0.09375

3 -0.0988455
3.00442 -0.09375

3.00151 -0.09375
3.00859 -0.0625

3.00604 -0.0625
3.00015 -0.03125

-1.5625 0.0935459
-1.55995 0.09375

-1.5625 0.0947837
-1.54688 0.096033

-1.54688 0.0960395
-1.53125 0.0960834

3.0625 -0.00742067
3.03914 0

3.125 -0.00469535
3.09654 0

3.25 -0.00389372
3.20959 0

3.5 -0.00275441
3.41525 0

3.03125 0.0240742
3.02268 0.03125

-1.51562 0.0936818
-1.51631 0.09375

-1.5 0.0915868
-1.51497 0.09375

3.02845 0.03125
3.02503 0.0625

3.03125 0.0148142
3.04988 0

-1.53125 0.0962605
-1.51562 0.0947013

-1.51562 0.0947669
-1.50859 0.09375

3.02889 0.0625
3.02573 0.09375

3.02061 0.09375
3.01767 0.125

3.0625 0.0131297
3.09775 0

3 0.175844
3.0239 0.125

3 0.189685
3.00203 0.1875

3.125 0.0080639
3.19459 0

3.25 0.00343526
3.35007 0

4 -0.00347598
3.62968 0

3.5 6.92282e-05
3.50738 0

-1.5 0.091469
-1.48438 0.0904557

-1.48438 0.0915712
-1.46875 0.0902614

-1.45312 0.0722715
-1.45868 0.078125

-1.45312 0.0848366
-1.46843 0.09375

-1.45312 0.0758003
-1.4375 0.0647315

-1.45312 0.086802
-1.44429 0.078125

-1.4375 0.0678974
-1.42188 0.0647072

-1.42188 0.0661332
-1.40625 0.0665459

-1.40625 0.0665764
-1.39062 0.0676787

-1.39062 0.0673685
-1.375 0.0697198

-1.375 0.0695822
-1.35938 0.0740781

-1.35938 0.0739249
-1.34937 0.078125

-1.35125 0.078125
-1.34375 0.0812735

-1.34375 0.0813437
-1.32812 0.0885585

-1.32812 0.088895
-1.31543 0.09375

-1.31641 0.09375
-1.3125 0.0952471

-1.3125 0.0952064
-1.29688 0.0986046

-1.29688 0.0982221
-1.28125 0.0993019

-1.28125 0.0970508
-1.26562 0.101079

-1.26562 0.102482
-1.25 0.109172

-1.25851 0.109375
-1.25 0.113019

-1.29688 0.158071
-1.29505 0.15625

-1.25 0.109319
-1.24933 0.109375

-1.25 0.11195
-1.23438 0.112942

-1.21875 0.106122
-1.22769 0.109375

-1.23438 0.1114
-1.22881 0.109375

-1.1875 0.0924907
-1.1918 0.09375

-1.21875 0.10464
-1.20312 0.0975082

-1.20312 0.0967222
-1.19298 0.09375

-1.1875 0.0923433
-1.17188 0.0914955

-1.17188 0.0916196
-1.15806 0.09375

-1.15903 0.09375
-1.15625 0.0941787

-1.15625 0.0945142
-1.14062 0.0989593

-1.14062 0.0993002
-1.125 0.104172

-1.125 0.104326
-1.10938 0.108636

-1.10938 0.108722
-1.10628 0.109375

-1.10621 0.109375
-1.09375 0.112001

-1.09375 0.112112
-1.07812 0.114019

-1.07812 0.114028
-1.0625 0.114315

-1.0625 0.11432
-1.04688 0.112964

-1.04688 0.112959
-1.03125 0.10996

-1.01562 0.105279
-1.02938 0.109375

-1.03125 0.110201
-1.02848 0.109375

-1.01562 0.104962
-1 0.0993411

