-3.81017 0
-3.5 0.00122492

-3.44372 0
-3.25 0.00267029

-3.23555 0
-3.125 0.00497045

-3.12146 0
-3.0625 0.0086938

-3.0625 0.000385715
-3.03125 0.0129636

-3.03125 0.00880715
-3.00959 0.03125

-3.01417 0.03125
-3.00198 0.0625

-3.00949 0.0625
-3.00201 0.09375

-3.00069 0.09375
-3 0.0958088

1.51562 -0.188087
1.5096 -0.1875

1.51562 -0.188093
1.53125 -0.189643

1.53125 -0.189649
1.54688 -0.191184

1.54688 -0.191185
1.5625 -0.192691

1.5 -0.18655
1.50975 -0.1875

1.5625 -0.192691
1.57812 -0.194166

1.57812 -0.194165
1.59375 -0.19561

1.59375 -0.19561
1.60938 -0.197027

1.60938 -0.197027
1.625 -0.198417

1.625 -0.198417
1.64062 -0.199781

1.64062 -0.199782
1.65625 -0.201117

1.65625 -0.201115
1.67188 -0.202424

1.6875 -0.203735
1.68027 -0.203125

1.67188 -0.202402
1.68045 -0.203125

0 -0.0210591
0.015625 -0.0226694

0.015625 -0.0226772
0.03125 -0.0242432

0.03125 -0.0242463
0.046875 -0.0257463

0.046875 -0.0257395
0.0625 -0.0271809

-1 0.0878838
-0.984375 0.08609

-2.99863 0.09375
-2.98754 0.125

-0.984375 0.0860943
-0.96875 0.084256

-0.96875 0.0842602
-0.953125 0.0823603

0.0625 -0.0271509
0.078125 -0.0286072

0.078125 -0.0285503
0.09375 -0.030195

0.109375 -0.0322015
0.101785 -0.03125

0.109375 -0.0322912
0.125 -0.0342892

0.09375 -0.0301432
0.102579 -0.03125

0.125 -0.034273
0.140625 -0.0360556

0.140625 -0.0360217
0.15625 -0.0376893

0.15625 -0.0376826
0.171875 -0.0393165

0.171875 -0.0393197
0.1875 -0.0409265

0.1875 -0.0409324
0.203125 -0.042494

0.203125 -0.0424936
0.21875 -0.0439992

0.21875 -0.0439709
0.234375 -0.0454776

-2.99282 0.125
-2.97682 0.15625

1.6875 -0.20374
1.70312 -0.205071

-0.953125 0.0823566
-0.9375 0.080394

-0.9375 0.0803658
-0.921875 0.0784043

0.25 -0.0471372
0.247596 -0.046875

-2.97342 0.15625
-2.96875 0.164165

0.234375 -0.0454033
0.247867 -0.046875

-0.90625 0.0765578
-0.919963 0.078125

1.70312 -0.205075
1.71875 -0.206385

-0.921875 0.0783554
-0.919859 0.078125

-0.90625 0.076632
-0.890625 0.0749953

-0.890625 0.0750025
-0.875 0.0733551

0.25 -0.04718
0.265625 -0.0490863

0.265625 -0.0491318
0.28125 -0.051013

0.28125 -0.051005
0.296875 -0.0527858

0.296875 -0.0527761
0.3125 -0.0544918

0.3125 -0.0544886
0.328125 -0.056165

0.328125 -0.0561665
0.34375 -0.0578071

0.34375 -0.0578109
0.359375 -0.0594053

0.359375 -0.0593958
0.375 -0.0609555

0.390625 -0.0625638
0.390024 -0.0625

0.390625 -0.0625795
0.40625 -0.0644072

0.40625 -0.0644501
0.421875 -0.0663155

0.421875 -0.0663179
0.4375 -0.0681301

0.375 -0.0608978
0.390091 -0.0625

0.4375 -0.0681261
0.453125 -0.0698881

0.453125 -0.0698855
0.46875 -0.0716106

0.46875 -0.0716107
0.484375 -0.073304

0.484375 -0.073307
0.5 -0.0749623

1.71875 -0.206385
1.73438 -0.207662

1.73438 -0.207662
1.75 -0.208905

0.5 -0.0749579
0.515625 -0.0765782

-0.875 0.0733556
-0.859375 0.0716822

1.75 -0.208904
1.76562 -0.210114

1.76562 -0.210113
1.78125 -0.211294

1.78125 -0.211292
1.79688 -0.212452

1.79688 -0.212449
1.8125 -0.213597

1.8125 -0.213594
1.82812 -0.214739

0.53125 -0.0782247
0.530327 -0.078125

0.515625 -0.0765311
0.530382 -0.078125

0.53125 -0.0782338
0.546875 -0.0800532

0.546875 -0.0800853
0.5625 -0.0819429

0.5625 -0.0819464
0.578125 -0.0837708

0.578125 -0.0837692
0.59375 -0.0855564

0.59375 -0.0855547
0.609375 -0.0873113

0.609375 -0.0873115
0.625 -0.0890404

0.625 -0.0890428
0.640625 -0.0907389

0.640625 -0.0907339
0.65625 -0.0924024

0.671875 -0.0941044
0.668682 -0.09375

0.671875 -0.094117
0.6875 -0.095957

0.65625 -0.0923583
0.668788 -0.09375

0.6875 -0.095978
0.703125 -0.0978379

0.703125 -0.0978402
0.71875 -0.0996731

0.71875 -0.0996722
0.734375 -0.101475

0.734375 -0.101474
0.75 -0.103251

0.75 -0.103252
0.765625 -0.105004

0.765625 -0.105006
0.78125 -0.106728

0.78125 -0.106718
0.796875 -0.108425

0.8125 -0.110184
0.805399 -0.109375

0.796875 -0.108381
0.805601 -0.109375

0.8125 -0.110202
0.828125 -0.112064

0.828125 -0.112074
0.84375 -0.113934

0.84375 -0.113935
0.859375 -0.11577

0.859375 -0.115769
0.875 -0.117578

-0.859375 0.0716869
-0.84375 0.0699769

0.953125 -0.126384
0.941202 -0.125

-0.84375 0.0699863
-0.828125 0.0682116

-0.828125 0.0682178
-0.8125 0.0663474

-0.78125 0.0622858
-0.78297 0.0625

-0.78125 0.0623194
-0.765625 0.0606163

-0.765625 0.0606962
-0.75 0.0591636

-0.8125 0.0663449
-0.796875 0.0643716

-0.796875 0.0643161
-0.782287 0.0625

0.953125 -0.126404
0.96875 -0.128269

-0.75 0.059173
-0.734375 0.057632

-2.96875 0.147778
-2.95954 0.15625

0.96875 -0.128273
0.984375 -0.130122

1.82812 -0.214737
1.84375 -0.215891

1.84375 -0.21589
1.85938 -0.21706

1.85938 -0.217054
1.875 -0.218255

1.89062 -0.219516
1.8812 -0.21875

1.89062 -0.219523
1.90625 -0.220865

1.875 -0.218234
1.88135 -0.21875

-2.96875 0.157579
-2.95889 0.171875

-2.95968 0.171875
-2.95385 0.1875

-2.95914 0.1875
-2.93765 0.21875

-2.93761 0.21875
-2.9375 0.218863

-2.9375 0.209757
-2.92783 0.21875

1.90625 -0.220869
1.92188 -0.222251

1.92188 -0.222253
1.9375 -0.223662

-0.734375 0.0576307
-0.71875 0.056065

-0.71875 0.0560717
-0.703125 0.0544706

-0.703125 0.0544821
-0.6875 0.0528091

-0.6875 0.0528298
-0.671875 0.0510207

-0.671875 0.0510344
-0.65625 0.0490203

1.9375 -0.223664
1.95312 -0.225091

1.95312 -0.225093
1.96875 -0.22653

1.96875 -0.226532
1.98438 -0.227973

0.984375 -0.130123
1 -0.131946

1.98438 -0.227974
2 -0.229414

0.875 -0.117577
0.890625 -0.119362

0.890625 -0.119363
0.90625 -0.121124

0.90625 -0.121126
0.921875 -0.122858

0.921875 -0.12284
0.9375 -0.124578

0.9375 -0.124533
0.941522 -0.125

-2.93195 0.21875
-2.90625 0.247633

-0.640625 0.046695
-0.641959 0.046875

-0.65625 0.0489587
-0.640807 0.046875

-0.640625 0.0467202
-0.625 0.0449014

-2.90389 0.25
-2.89094 0.265625

-0.625 0.0450056
-0.609375 0.0435132

-0.609375 0.0435436
-0.59375 0.0421083

-0.59375 0.0421074
-0.578125 0.0406702

-0.578125 0.0406681
-0.5625 0.039235

-0.5625 0.0392413
-0.546875 0.0378038

-2.8917 0.265625
-2.89062 0.266987

-2.89062 0.26802
-2.87809 0.28125

-2.87781 0.28125
-2.875 0.284049

-0.546875 0.0378295
-0.53125 0.0363236

-0.53125 0.036373
-0.515625 0.0346486

-0.515625 0.0347082
-0.5 0.0325473

-2.875 0.282118
-2.85938 0.29675

-2.85995 0.296875
-2.85938 0.297453

-2.85938 0.296763
-2.85927 0.296875

-2.85938 0.298212
-2.84398 0.3125

-2.84394 0.3125
-2.84375 0.312669

-2.84285 0.3125
-2.82812 0.325127

-2.82812 0.325525
-2.82513 0.328125

-2.82537 0.328125
-2.8125 0.338775

-2.8125 0.339034
-2.80587 0.34375

-2.80521 0.34375
-2.79688 0.349608

1 -0.131945
1.01562 -0.133744

1.01562 -0.133744
1.03125 -0.135521

-0.1875 -0.00143024
-0.201191 0

1.03125 -0.135522
1.04688 -0.137275

-2.79688 0.350012
-2.78125 0.358948

-2.78125 0.35882
-2.77975 0.359375

-2.7811 0.359375
-2.76562 0.365098

-2.76562 0.364316
-2.75 0.367766

2.23438 -0.251177
2.22009 -0.25

-2.75 0.367535
-2.73438 0.370627

-0.1875 -0.00132253
-0.171875 -0.00288732

-2.73438 0.370682
-2.71875 0.373765

1.04688 -0.137275
1.0625 -0.139001

2.23438 -0.251185
2.25 -0.252522

1.07812 -0.140729
1.07719 -0.140625

-2.71875 0.37375
-2.71158 0.375

2 -0.229415
2.01562 -0.230852

-2.7129 0.375
-2.70312 0.376705

-0.171875 -0.00288773
-0.15625 -0.00444603

2.01562 -0.230852
2.03125 -0.232287

-0.15625 -0.00446432
-0.140625 -0.00597873

1.0625 -0.138974
1.07722 -0.140625

-2.70312 0.376561
-2.6875 0.378785

1.07812 -0.140732
1.09375 -0.142553

-2.6875 0.378733
-2.67188 0.380658

2.03125 -0.23228
2.04688 -0.233728

-2.67188 0.380636
-2.65625 0.382411

2.0625 -0.23523
2.05369 -0.234375

1.09375 -0.142571
1.10938 -0.144411

-2.65625 0.382419
-2.64062 0.384072

2.04688 -0.2337
2.05384 -0.234375

-2.64062 0.384066
-2.625 0.385594

2.0625 -0.235238
2.07812 -0.236833

2.07812 -0.236839
2.09375 -0.238472

-0.140625 -0.0059579
-0.125 -0.00743349

1.10938 -0.144414
1.125 -0.146232

-0.125 -0.00742473
-0.109375 -0.00892066

-0.109375 -0.00889989
-0.09375 -0.0104752

1.125 -0.146232
1.14062 -0.148025

-0.09375 -0.0104666
-0.078125 -0.0121801

2.09375 -0.23848
2.10938 -0.240121

-0.078125 -0.0121859
-0.0625 -0.0140429

1.14062 -0.148024
1.15625 -0.149793

-2.625 0.385604
-2.60938 0.387003

1.15625 -0.149793
1.17188 -0.151539

-2.60938 0.387007
-2.59375 0.388248

2.10938 -0.24013
2.125 -0.241745

-2.59375 0.388263
-2.57812 0.389308

-2.57812 0.389317
-2.5625 0.390118

-2.5625 0.390133
-2.54741 0.390625

2.125 -0.241753
2.14062 -0.243308

2.14062 -0.243312
2.15625 -0.244781

1.17188 -0.15154
1.1875 -0.153262

1.21875 -0.156667
1.21498 -0.15625

1.1875 -0.15326
1.20312 -0.154957

-2.54726 0.390625
-2.54688 0.390637

1.20312 -0.154928
1.21508 -0.15625

2.15625 -0.244781
2.17188 -0.246158

1.21875 -0.156673
1.23438 -0.158457

2.17188 -0.246152
2.1875 -0.247447

-0.046875 -0.0161267
-0.0508366 -0.015625

-2.54688 0.390653
-2.53125 0.390821

1.23438 -0.158469
1.25 -0.160254

-2.51562 0.390599
-2.51744 0.390625

2.1875 -0.247439
2.20312 -0.248679

2.20312 -0.248661
2.21875 -0.249897

2.21875 -0.249868
2.22035 -0.25

-0.0625 -0.0140197
-0.0498247 -0.015625

-0.046875 -0.0161604
-0.03125 -0.0179841

1.25 -0.160256
1.26562 -0.162017

1.26562 -0.162017
1.28125 -0.163752

2.25 -0.252531
2.26562 -0.253878

2.26562 -0.25389
2.28125 -0.255205

-2.53125 0.390838
-2.51654 0.390625

-2.51562 0.390615
-2.5 0.389955

1.28125 -0.163752
1.29688 -0.165461

1.29688 -0.165461
1.3125 -0.167146

2.28125 -0.25522
2.29688 -0.256451

2.29688 -0.256459
2.3125 -0.257557

1.3125 -0.167147
1.32812 -0.168807

-0.03125 -0.0178929
-0.015625 -0.0194765

2.3125 -0.25756
2.32812 -0.258501

-0.015625 -0.0194446
0 -0.0210344

1.32812 -0.168807
1.34375 -0.170439

1.35938 -0.172069
1.35754 -0.171875

2.32812 -0.258484
2.34375 -0.259299

1.34375 -0.170417
1.35759 -0.171875

-0.484375 0.0299232
-0.493307 0.03125

1.35938 -0.172071
1.375 -0.173763

2.34375 -0.259277
2.35938 -0.260041

2.35938 -0.260017
2.375 -0.260825

-0.484375 0.0299674
-0.46875 0.0280043

2.375 -0.260823
2.39062 -0.261727

-0.5 0.0324656
-0.491817 0.03125

-0.46875 0.0280576
-0.453125 0.026468

2.39062 -0.26173
2.40625 -0.262729

-0.453125 0.0265274
-0.4375 0.0250858

1.375 -0.173776
1.39062 -0.175471

1.39062 -0.175473
1.40625 -0.177142

2.40625 -0.262742
2.42188 -0.263801

1.40625 -0.177142
1.42188 -0.178783

-0.4375 0.0251042
-0.421875 0.0236552

1.42188 -0.178782
1.4375 -0.180395

-0.421875 0.0236539
-0.40625 0.0221633

2.42188 -0.263802
2.4375 -0.264892

-0.40625 0.0221553
-0.390625 0.0206413

2.45312 -0.266013
2.4477 -0.265625

-0.390625 0.0206357
-0.375 0.0191254

1.4375 -0.180395
1.45312 -0.181981

2.4375 -0.264892
2.44776 -0.265625

1.45312 -0.181981
1.46875 -0.183541

-2.40625 0.368662
-2.42061 0.375

1.46875 -0.183542
1.48438 -0.185073

2.45312 -0.266003
2.46875 -0.267155

1.48438 -0.185071
1.5 -0.186575

-2.40625 0.36829
-2.39062 0.360699

-0.375 0.0191378
-0.359375 0.0176179

-0.359375 0.0176763
-0.34375 0.0160054

-0.328125 0.0141023
-0.341281 0.015625

2.46875 -0.267145
2.48438 -0.268364

2.48438 -0.268359
2.5 -0.269677

-2.375 0.353777
-2.389 0.359375

-2.39062 0.360309
-2.38829 0.359375

-2.5 0.389983
-2.48438 0.388822

-2.48438 0.388877
-2.46875 0.387048

-2.46875 0.387084
-2.45312 0.384408

-2.45312 0.384477
-2.4375 0.380747

-2.4375 0.380911
-2.42188 0.375665

-2.42188 0.375666
-2.42037 0.375

-2.375 0.354278
-2.35938 0.349715

2.5 -0.269744
2.51562 -0.271033

-2.35938 0.349959
-2.34375 0.345664

-2.32812 0.341108
-2.33727 0.34375

2.51562 -0.271072
2.53125 -0.27212

2.53125 -0.271989
2.54688 -0.272983

2.54688 -0.272742
2.5625 -0.274426

2.5625 -0.274582
2.57812 -0.277122

-2.32812 0.341264
-2.3125 0.336294

-2.34375 0.345724
-2.33692 0.34375

-2.3125 0.336225
-2.29688 0.330714

2.57812 -0.277337
2.59375 -0.279989

-2.28125 0.324986
-2.29031 0.328125

-2.29688 0.330549
-2.28988 0.328125

2.60938 -0.282305
2.60232 -0.28125

2.60938 -0.282308
2.625 -0.284358

-0.34375 0.0160586
-0.340004 0.015625

-0.328125 0.0141452
-0.3125 0.0123026

-0.3125 0.0122787
-0.296875 0.0104226

2.59375 -0.280004
2.60209 -0.28125

2.625 -0.284455
2.64062 -0.286057

2.64062 -0.286029
2.65625 -0.287047

2.65625 -0.287002
2.67188 -0.287583

2.67188 -0.287511
2.6875 -0.287892

-2.28125 0.325183
-2.26562 0.320096

-2.26562 0.320122
-2.25 0.315044

2.6875 -0.287861
2.70312 -0.288246

2.70312 -0.288204
2.71875 -0.288741

-0.296875 0.0104196
-0.28125 0.00860353

-2 0.247052
-2.0126 0.25

2.71875 -0.288764
2.73438 -0.289493

2.73438 -0.289501
2.75 -0.29036

-0.28125 0.00859997
-0.265625 0.00683692

-0.265625 0.00683517
-0.25 0.00513576

2.75 -0.290431
2.76562 -0.291263

2.76562 -0.291284
2.78125 -0.291901

2.78125 -0.291964
2.79688 -0.292196

-0.25 0.00513875
-0.234375 0.0035005

-0.234375 0.00349893
-0.21875 0.00191898

-0.21875 0.0019713
-0.203125 0.000348174

2.79688 -0.29221
2.8125 -0.291901

2.8125 -0.292078
2.82812 -0.290843

2.82812 -0.291163
2.84375 -0.28801

2.84375 -0.288757
2.85938 -0.281592

2.85823 -0.28125
2.85938 -0.280727

2.85938 -0.280714
2.875 -0.269799

2.875 -0.270262
2.88052 -0.265625

2.88027 -0.265625
2.89062 -0.256214

2.89062 -0.253405
2.89422 -0.25

-2.23438 0.309995
-2.24242 0.3125

2.89551 -0.25
2.90625 -0.240167

-2.23438 0.310172
-2.21875 0.305525

-2.21875 0.30556
-2.20312 0.300821

2.90625 -0.24348
2.92641 -0.21875

-2.1875 0.295912
-2.19073 0.296875

-2.20312 0.300731
-2.1902 0.296875

2.92183 -0.21875
2.92188 -0.218664

2.92188 -0.218644
2.93132 -0.203125

2.93418 -0.203125
2.9375 -0.198985

2.9375 -0.197638
2.94365 -0.1875

-2.25 0.314973
-2.24206 0.3125

-2.1875 0.296082
-2.17188 0.291659

-2.17188 0.291728
-2.15625 0.287319

2.94826 -0.1875
2.95312 -0.176372

2.95172 -0.171875
2.95312 -0.162638

-0.203125 0.000539931
-0.197957 0

-2.125 0.278462
-2.13524 0.28125

-2.15625 0.28728
-2.14062 0.282823

2.95312 -0.175128
2.9545 -0.171875

2.95289 -0.15625
2.95312 -0.155763

2.95312 -0.154888
2.9601 -0.140625

-2.14062 0.282774
-2.13503 0.28125

2.96488 -0.140625
2.96875 -0.134461

2.96875 -0.125711
2.96906 -0.125

2.9726 -0.125
2.98591 -0.09375

2.98865 -0.09375
2.99118 -0.078125

-2.125 0.278585
-2.10938 0.274501

-2.10938 0.274517
-2.09375 0.270369

2.98866 -0.078125
2.98663 -0.0625

2.98489 -0.0625
2.98683 -0.046875

2.98798 -0.046875
2.99505 -0.03125

-2.09375 0.270311
-2.07812 0.266184

-2.0625 0.262228
-2.07606 0.265625

2.99933 -0.015625
3 -0.0143982

-2.07812 0.266163
-2.07598 0.265625

-2.0625 0.262316
-2.04688 0.258516

-2.04688 0.258521
-2.03125 0.254655

-2.03125 0.254609
-2.01562 0.250758

-2.01562 0.250732
-2.0125 0.25

3 -0.0153891
3.0195 0

3.03125 -0.00256971
3.0625 -0.00111325

3.0625 -0.00214997
3.125 -0.00110102

3.125 -0.00142598
3.25 -0.000614713

3.25 -0.000948794
3.5 -0.000556585

3.5 -0.00100345
4 -0.000839245

-2 0.247136
-1.98438 0.243605

-1.98438 0.243612
-1.96875 0.240035

-1.96875 0.240021
-1.95312 0.236409

-1.9375 0.232828
-1.94447 0.234375

-1.95312 0.23636
-1.94419 0.234375

-1.9375 0.232925
-1.92188 0.229628

-1.92188 0.229651
-1.90625 0.226355

-1.90625 0.226355
-1.89062 0.223011

-1.89062 0.222982
-1.875 0.219648

-1.85938 0.216423
-1.87085 0.21875

-1.85938 0.216497
-1.84375 0.213454

-1.875 0.21962
-1.87071 0.21875

-1.84375 0.213462
-1.82812 0.210396

-1.82812 0.210396
-1.8125 0.20729

-1.8125 0.207269
-1.79688 0.204165

-1.78125 0.201148
-1.7917 0.203125

-1.79688 0.204134
-1.79154 0.203125

-1.78125 0.20122
-1.76562 0.198394

-1.76562 0.198404
-1.75 0.195565

-1.70312 0.186862
-1.70666 0.1875

-1.70312 0.186938
-1.6875 0.184276

-1.75 0.195566
-1.73438 0.192693

-1.73438 0.192691
-1.71875 0.189787

-1.71875 0.189742
-1.70631 0.1875

-1.6875 0.184307
-1.67188 0.181685

-1.67188 0.181687
-1.65625 0.179039

-1.65625 0.179039
-1.64062 0.17636

-1.64062 0.176355
-1.625 0.173652

-1.60938 0.170957
-1.61489 0.171875

-1.625 0.173612
-1.61457 0.171875

-1.60938 0.171029
-1.59375 0.168568

-1.59375 0.168589
-1.57812 0.166152

-1.57812 0.166154
-1.5625 0.163692

-1.5625 0.163694
-1.54688 0.161202

-1.54688 0.161202
-1.53125 0.158678

-1.51562 0.156115
-1.51648 0.15625

-1.51562 0.156165
-1.5 0.153837

-1.53125 0.158638
-1.51614 0.15625

-1.5 0.153876
-1.48438 0.151614

-1.48438 0.151616
-1.46875 0.149335

-1.46875 0.149336
-1.45312 0.147027

-1.45312 0.147028
-1.4375 0.144688

-1.4375 0.144686
-1.42188 0.142318

-1.40625 0.139946
-1.4109 0.140625

-1.42188 0.142278
-1.41055 0.140625

-1.40625 0.140012
-1.39062 0.137867

-1.39062 0.13789
-1.375 0.135777

-1.29688 0.124797
-1.29834 0.125

-1.29688 0.124846
-1.28125 0.122812

-1.28125 0.122849
-1.26562 0.120876

-1.26562 0.120878
-1.25 0.118888

-1.375 0.13578
-1.35938 0.133646

-1.35938 0.133648
-1.34375 0.131487

-1.34375 0.131488
-1.32812 0.129293

-1.32812 0.129293
-1.3125 0.127063

-1.3125 0.127023
-1.29796 0.125

-1.25 0.11889
-1.23438 0.116873

-1.23438 0.116875
-1.21875 0.114823

-1.21875 0.114823
-1.20312 0.112734

-1.20312 0.11273
-1.1875 0.110611

-1.17188 0.108507
-1.1786 0.109375

-1.1875 0.110567
-1.17826 0.109375

-1.17188 0.108575
-1.15625 0.1067

-1.15625 0.106719
-1.14062 0.104864

-1.14062 0.104866
-1.125 0.10299

-1.125 0.102993
-1.10938 0.101087

-1.10938 0.101089
-1.09375 0.0991418

-1.09375 0.0991429
-1.07812 0.0971494

-1.07812 0.097147
-1.0625 0.0951093

-1.04688 0.0930666
-1.05238 0.09375

-1.04688 0.0931361
-1.03125 0.0913574

-1.0625 0.0950582
-1.05197 0.09375

-1.03125 0.0913842
-1.01562 0.0896422

-1.01562 0.0896443
-1 0.0878811

