-4 -0.00386589
-3.69256 0

-3.56159 0
-3.5 0.000774422

-3.5 -0.00252245
-3.44093 0

-3.25 -0.0034727
-3.2229 0

-3.125 -0.00525872
-3.10612 0

-3.39468 0
-3.25 0.00622861

-3.21129 0
-3.125 0.0122027

-3.10373 0
-3.0625 0.019082

-3.0625 0.00547262
-3.03125 0.031175

-3.04303 0.03125
-3.03125 0.0577492

-3.03125 0.0567339
-3.02437 0.0625

-3.04135 0.0625
-3.03125 0.0897615

-3.03125 0.0831601
-3.01939 0.09375

-3.02466 0.09375
-3.00024 0.125

-3.02555 0.125
-3 0.157452

-3.00111 0.1875
-3 0.18864

1.5 0.0650188
1.51562 0.0641478

1.51562 0.0642558
1.53125 0.0642281

1.53125 0.0643046
1.54688 0.064751

1.54688 0.0647809
1.5625 0.0654888

1.5625 0.0655217
1.57812 0.0663657

1.57812 0.0664806
1.59375 0.067165

1.59375 0.0673886
1.60938 0.0672363

1.60938 0.0674027
1.625 0.0656336

1.64062 0.0619522
1.63809 0.0625

1.64062 0.0616879
1.65625 0.057857

1.65625 0.0576712
1.67188 0.0545535

1.67188 0.0545829
1.6875 0.0524913

1.625 0.0654824
1.63882 0.0625

1.6875 0.0525455
1.70312 0.0513125

1.70312 0.0513407
1.71875 0.0508014

1.71875 0.0508948
1.73438 0.050806

1.73438 0.050931
1.75 0.0508561

-3 -0.0791248
-2.98438 -0.0796377

-2.98438 -0.0678257
-2.98902 -0.0625

-2.98438 -0.0785235
-2.98427 -0.078125

0 -0.0504508
0.015625 -0.0504424

0.015625 -0.0504575
0.03125 -0.0501848

-2.98438 -0.0629435
-2.98079 -0.0625

0.03125 -0.0502034
0.046875 -0.0495988

-2.98438 -0.0522505
-2.9869 -0.046875

-2.98584 -0.046875
-2.98438 -0.039243

-2.98438 -0.0608744
-2.96875 -0.0602047

-2.98438 -0.0313019
-2.96875 -0.0321545

-2.98546 -0.03125
-2.98639 -0.015625

-2.98438 -0.0122948
-2.98803 0

-2.98438 -0.0173869
-2.96875 -0.0269753

-2.98438 -0.014756
-2.98339 -0.015625

-2.96875 -0.0365423
-2.9666 -0.046875

-2.9375 -0.0316052
-2.9379 -0.03125

-2.96875 -0.0221624
-2.96593 -0.015625

-2.96763 -0.015625
-2.95312 -0.00301882

0.046875 -0.0496083
0.0625 -0.0486158

0.0625 -0.0485905
0.078125 -0.0472418

1.75 0.0508379
1.76562 0.0505635

1.76562 0.0504606
1.78125 0.050229

1.78125 0.0501641
1.79688 0.0503109

1.79688 0.0502403
1.8125 0.0510366

1.8125 0.0510964
1.82812 0.0525638

1.82812 0.0527995
1.84375 0.0543471

1.84375 0.0544287
1.85938 0.0554217

1.85938 0.0552621
1.875 0.0558564

1.875 0.0557665
1.89062 0.0564614

0.078125 -0.0472339
0.0815887 -0.046875

-1 -0.0987879
-0.984375 -0.0998327

1.89062 0.0564356
1.90625 0.0574625

-0.984375 -0.0998951
-0.96875 -0.101323

-2.9375 -0.0159441
-2.93832 -0.015625

-2.95312 -0.0026237
-2.95015 0

-2.9375 -0.0317135
-2.92188 -0.0325232

-0.96875 -0.101376
-0.953125 -0.102957

-0.953125 -0.102928
-0.9375 -0.104615

1.90625 0.0574575
1.92188 0.058878

1.92188 0.058821
1.9375 0.0607595

1.9375 0.0606342
1.94793 0.0625

1.94772 0.0625
1.95312 0.0634671

1.95312 0.0637309
1.96875 0.0670318

1.96875 0.0670533
1.98438 0.0702399

1.98438 0.0702077
2 0.0733017

0.081469 -0.046875
0.09375 -0.0456026

0.09375 -0.0455802
0.109375 -0.0437768

-2.92188 -0.0320773
-2.92095 -0.03125

-2.9375 -0.0305534
-2.92188 -0.0177618

-2.92063 -0.03125
-2.92164 -0.015625

-2.92188 -0.015386
-2.92166 -0.015625

-2.90581 -0.03125
-2.90545 -0.015625

-2.90625 -0.0151655
-2.90484 -0.015625

-2.89062 -0.0225297
-2.89037 -0.015625

-2.89062 -0.0150156
-2.88995 -0.015625

0 0.985868
0.0117991 1

-2.57812 -0.422155
-2.57841 -0.421875

-2.64062 -0.0470314
-2.641 -0.046875

-2.64313 -0.046875
-2.64463 -0.03125

-2.63755 -0.046875
-2.63453 -0.03125

-2.64404 -0.03125
-2.64062 -0.0294967

-2.64062 -0.0290035
-2.63295 -0.03125

0.3125 0.971877
0.30225 0.984375

0.30165 0.984375
0.3125 0.995077

-2.98507 0
-2.98721 0.015625

-2.98899 0.015625
-2.99113 0.03125

-2.99086 0.03125
-2.98996 0.046875

-2.98935 0.046875
-2.98715 0.0625

-2.95222 0
-2.9375 0.011187

-2.98624 0.0625
-2.98579 0.078125

-2.98728 0.078125
-2.98743 0.09375

-2.98438 0.0888851
-2.98436 0.09375

-2.98391 0.09375
-2.99188 0.125

-2.9375 0.0108475
-2.92556 0.015625

-2.92551 0.015625
-2.92188 0.0170525

0.109375 -0.0437507
0.125 -0.0418651

-2.92188 0.0157995
-2.90625 0.0192633

-2.90625 0.0183091
-2.89062 0.023479

0.3125 0.971816
0.324869 0.984375

-2.89062 0.0247823
-2.875 0.0309597

0.3125 0.994519
0.324852 0.984375

0 1.00963
0.0108557 1

0.53125 0.994157
0.525877 1

0.53125 0.996694
0.534415 1

0.65625 0.964508
0.652198 0.96875

0.651178 0.96875
0.65625 0.973384

0.65625 0.963518
0.661019 0.96875

0.65625 0.972491
0.660159 0.96875

0.528287 1
0.53125 1.00284

0.53125 1.00525
0.536943 1

0.125 -0.0418538
0.140625 -0.039961

0.140625 -0.0399797
0.15625 -0.0380651

0.15625 -0.0381047
0.171875 -0.0360516

0.171875 -0.0360736
0.1875 -0.0337588

0.1875 -0.0337369
0.202653 -0.03125

0.201935 -0.03125
0.203125 -0.0310548

0.203125 -0.0311491
0.21875 -0.0284259

0.21875 -0.0285387
0.234375 -0.0254657

0.234375 -0.02548
0.25 -0.0218031

0.25 -0.0216337
0.265625 -0.0176631

2.32812 -0.239146
2.31709 -0.234375

2.31954 -0.234375
2.31941 -0.21875

-2.99699 0.125
-2.97626 0.15625

-3 0.178251
-2.96875 0.186635

-2.96875 0.162863
-2.96292 0.171875

-2.96049 0.171875
-2.95604 0.1875

-3 0.188878
-2.96875 0.199776

-2.97059 0.21875
-2.96875 0.21953

-2.96875 0.208591
-2.94959 0.1875

-2.96875 0.223055
-2.95343 0.21875

-2.875 0.0311804
-2.87462 0.03125

0.265625 -0.0176204
0.273551 -0.015625

2.32812 -0.238248
2.33693 -0.234375

0.273938 -0.015625
0.28125 -0.0137841

2.33711 -0.234375
2.33781 -0.21875

2.31888 -0.21875
2.32812 -0.21431

0.28125 -0.0139331
0.296875 -0.00962862

0.296875 -0.00955751
0.3125 -0.00462527

-2.875 0.0318185
-2.85938 0.0346807

-2.85938 0.0331889
-2.84375 0.0340019

2.32812 -0.214025
2.33957 -0.21875

-2.84375 0.0333292
-2.82812 0.0364206

0.3125 -0.00435548
0.326297 0

-2.82812 0.0364013
-2.8125 0.0431552

-2.8125 0.0448241
-2.80659 0.046875

-2.80994 0.046875
-2.79688 0.0514091

2 0.0733
2.01562 0.0763692

2.01562 0.0763478
2.02471 0.078125

-2.79688 0.0505509
-2.78125 0.0506985

-2.78125 0.0495743
-2.76562 0.0477815

-2.75 0.0461292
-2.75599 0.046875

-2.76562 0.0479684
-2.75685 0.046875

-2.8125 0.170626
-2.81373 0.171875

-2.81481 0.171875
-2.8125 0.174185

-2.8125 0.169551
-2.81017 0.171875

-2.8125 0.17311
-2.81125 0.171875

-2.90625 0.273083
-2.9203 0.28125

-2.90625 0.295722
-2.91241 0.3125

-0.9375 -0.104612
-0.921875 -0.106469

-0.921875 -0.106521
-0.90625 -0.108452

0.327315 0
0.328125 0.000255785

-2.90625 0.265396
-2.90601 0.265625

-2.90621 0.265625
-2.90619 0.28125

2.02451 0.078125
2.03125 0.0794443

-2.90625 0.304048
-2.875 0.309909

2.03125 0.0795556
2.04688 0.0823424

-0.890625 -0.110316
-0.898609 -0.109375

2.04688 0.0822944
2.0625 0.0846389

-2.90661 0.3125
-2.90625 0.313875

2.0625 0.0845534
2.07812 0.0867222

-0.90625 -0.108488
-0.898727 -0.109375

2.07812 0.0866119
2.09375 0.0889965

-0.890625 -0.110324
-0.875 -0.112017

2.09375 0.0888148
2.10938 0.0919993

0.328125 0.000408757
0.34375 0.00513836

0.34375 0.00510245
0.359375 0.00998322

-0.875 -0.11203
-0.859375 -0.113542

0.359375 0.0101047
0.375 0.0149655

2.10938 0.0916897
2.11598 0.09375

-0.859375 -0.113543
-0.84375 -0.114845

-2.90625 0.318835
-2.875 0.330665

2.11573 0.09375
2.125 0.0966435

-2.88844 0.34375
-2.875 0.347497

0.375 0.0150127
0.377094 0.015625

-2.875 0.31308
-2.87344 0.34375

2.125 0.0967803
2.14062 0.103536

0.377223 0.015625
0.390625 0.0195431

-2.875 0.357806
-2.86102 0.34375

-0.84375 -0.114833
-0.828125 -0.115948

2.14062 0.103041
2.15157 0.109375

-2.78125 0.371691
-2.78608 0.375

0.390625 0.0195109
0.40625 0.0238313

-2.78125 0.376302
-2.78924 0.40625

2.15091 0.109375
2.15625 0.112473

-2.78851 0.40625
-2.78125 0.417691

2.15625 0.111372
2.17175 0.125

0.40625 0.0237939
0.421875 0.0280162

-2.78125 0.380083
-2.75 0.391702

-0.828125 -0.115904
-0.8125 -0.116943

-2.78125 0.420421
-2.75 0.415869

-2.75 0.0457653
-2.73438 0.0438028

2.17188 0.120897
2.17548 0.125

-2.73438 0.0440645
-2.71875 0.0421637

-0.8125 -0.116895
-0.796875 -0.118043

2.1706 0.125
2.17188 0.126549

-2.71875 0.0421751
-2.70312 0.03979

2.17188 0.126956
2.18328 0.140625

-2.70312 0.0396634
-2.6875 0.0370242

0.421875 0.0281443
0.433922 0.03125

-2.6875 0.0367402
-2.67188 0.0346679

0.434738 0.03125
0.4375 0.0319619

-2.67188 0.0345495
-2.65625 0.0338487

0.4375 0.0320467
0.453125 0.0358755

-2.65625 0.0340059
-2.64062 0.0345993

2.17943 0.140625
2.1875 0.149005

0.453125 0.0358508
0.46875 0.0396956

0.46875 0.0397152
0.484375 0.0435862

0.484375 0.0438269
0.49843 0.046875

-2.64062 0.0346648
-2.625 0.0361071

0.498744 0.046875
0.5 0.0471475

2.1875 0.147937
2.20312 0.156149

-0.796875 -0.118031
-0.78125 -0.119409

-0.78125 -0.119452
-0.765625 -0.121

-2.625 0.0363769
-2.60938 0.0379976

-2.60938 0.0380483
-2.59375 0.0392066

-0.765625 -0.121068
-0.75 -0.122562

2.20312 0.153211
2.21875 0.15524

2.21875 0.155666
2.22923 0.15625

2.25 0.155529
2.2372 0.15625

-2.59375 0.0393733
-2.57812 0.0396346

-0.75 -0.122615
-0.734375 -0.123815

-0.734375 -0.123838
-0.71875 -0.12459

-0.71875 -0.124591
-0.703125 -0.124847

-0.703125 -0.124841
-0.6875 -0.124613

2.22925 0.15625
2.23438 0.156536

-0.6875 -0.124609
-0.671875 -0.123919

-2.57812 0.0400147
-2.5625 0.0382855

2.23438 0.156395
2.23696 0.15625

-2.53125 0.0279923
-2.54166 0.03125

0.5 0.0472044
0.515625 0.049651

-0.671875 -0.123922
-0.65625 -0.122771

0.515625 0.0493572
0.53125 0.0514593

-2.5625 0.0381051
-2.54688 0.033986

0.53125 0.0519599
0.546875 0.053304

0.546875 0.0556184
0.5625 0.0505746

-2.54688 0.0339533
-2.53824 0.03125

-2.53125 0.0278951
-2.51562 0.0246406

-0.65625 -0.122781
-0.640625 -0.121144

-2.51562 0.0251555
-2.5 0.0236506

2.25 0.155289
2.26562 0.153395

-0.640625 -0.121156
-0.625 -0.118989

2.26562 0.153349
2.28125 0.151009

0.578125 0.0311953
0.57806 0.03125

-0.625 -0.119005
-0.609375 -0.116251

0.59375 0.0240721
0.581187 0.03125

2.28125 0.150779
2.29688 0.148548

0.578125 0.0359808
0.564048 0.046875

-0.609375 -0.116278
-0.59375 -0.112855

-2.75 0.406355
-2.74995 0.40625

-0.59375 -0.112813
-0.580428 -0.109375

0.5625 0.0505068
0.567463 0.046875

0.578125 0.0344398
0.583489 0.03125

-0.580785 -0.109375
-0.578125 -0.108689

-0.578125 -0.10869
-0.5625 -0.104314

2.29688 0.148485
2.3125 0.146949

2.3125 0.146967
2.32812 0.146215

-2.33193 -0.296875
-2.33928 -0.28125

2.32812 0.14635
2.34375 0.146076

-2.32576 -0.296875
-2.31378 -0.28125

0.59375 0.0258564
0.609375 0.0223702

2.34375 0.146222
2.35938 0.145863

-0.5625 -0.104349
-0.546875 -0.0997121

2.35938 0.14597
2.375 0.14502

0.609375 0.0230582
0.625 0.0208206

-2.33787 -0.28125
-2.32812 -0.273233

-2.32812 -0.271831
-2.3125 -0.279843

0.625 0.0208497
0.640625 0.0184267

-0.546875 -0.0997324
-0.53125 -0.0947238

0.640625 0.0183344
0.65625 0.0158524

2.46875 0.120172
2.45563 0.125

-0.53125 -0.0946356
-0.528427 -0.09375

-2.3125 -0.279602
-2.31178 -0.28125

0.671875 0.0135728
0.657315 0.015625

0.65625 0.01578
0.65735 0.015625

-2.40625 -0.0016001
-2.41183 0

2.46875 0.119914
2.48438 0.114081

-0.529077 -0.09375
-0.515625 -0.0895297

2.5 0.108722
2.49797 0.109375

-2.39062 -0.0020095
-2.39434 0

2.48438 0.113917
2.49848 0.109375

0.671875 0.0135326
0.6875 0.0118448

0.6875 0.0119186
0.703125 0.0106786

0.703125 0.0108671
0.71875 0.00955044

2.375 0.145063
2.39062 0.143221

0.71875 0.00948109
0.734375 0.00784931

-2.375 -0.0194344
-2.38009 -0.015625

0.734375 0.00768903
0.75 0.00620141

-2.39062 -0.00399673
-2.37619 -0.015625

-0.515625 -0.0895991
-0.5 -0.0852487

2.40625 0.140399
2.40503 0.140625

2.39062 0.14326
2.40478 0.140625

-2.375 -0.0182519
-2.35938 -0.0248312

-2.35938 -0.0233225
-2.34375 -0.0247423

-2.34375 -0.0243303
-2.32812 -0.0244322

-2.32812 -0.0242885
-2.3125 -0.0241837

0.75 0.00626166
0.765625 0.00511824

0.765625 0.00501212
0.78125 0.00430463

2.40625 0.140369
2.42188 0.136285

0.78125 0.00425878
0.796875 0.00429116

-2.3125 -0.0241832
-2.29688 -0.0241601

2.42188 0.1361
2.4375 0.131185

0.796875 0.00442515
0.8125 0.00502113

-0.5 -0.0853568
-0.484375 -0.0812683

-0.484375 -0.0812955
-0.471902 -0.078125

-2.29688 -0.0241534
-2.28125 -0.0242263

-0.472949 -0.078125
-0.46875 -0.0770575

2.4375 0.131144
2.45312 0.125847

0.8125 0.00512542
0.828125 0.00580845

2.45312 0.125929
2.45565 0.125

-0.46875 -0.0771814
-0.453125 -0.0735562

-2.28125 -0.0242062
-2.26562 -0.0244287

-0.453125 -0.0735942
-0.4375 -0.0703991

0.828125 0.00565807
0.84375 0.00652033

-0.4375 -0.0703989
-0.421875 -0.0675582

2.96875 -0.0783501
2.96863 -0.078125

0.84375 0.00649643
0.859375 0.00788647

2.96875 -0.0641329
2.96836 -0.0625

0.859375 0.0078812
0.875 0.00985736

-0.421875 -0.067622
-0.40625 -0.0650084

-0.40625 -0.0649995
-0.390625 -0.0625095

2.96875 -0.0792156
2.98438 -0.0865495

-2.26562 -0.0244533
-2.25 -0.0248166

2.96875 -0.0650616
2.9792 -0.078125

-0.390625 -0.0625105
-0.390548 -0.0625

0.875 0.00990122
0.890625 0.0123863

-0.391413 -0.0625
-0.390625 -0.0623743

2.98438 -0.0886726
2.99619 -0.078125

0.890625 0.0119282
0.90625 0.015503

-0.390625 -0.0624007
-0.375 -0.0602694

0.902136 0.015625
0.90625 0.0165661

2.9881 -0.078125
2.99054 -0.0625

-0.375 -0.0602912
-0.359375 -0.0586864

-0.359375 -0.0586904
-0.34375 -0.0575605

2.96866 -0.0625
2.96875 -0.0509389

0.90625 0.0154976
0.906667 0.015625

2.96784 -0.046875
2.96875 -0.0445025

-2.25 -0.0247889
-2.23438 -0.025299

-2.23438 -0.0253855
-2.21875 -0.0259251

-2.21875 -0.0260276
-2.20312 -0.0262188

-2.20312 -0.0263681
-2.1875 -0.0257073

0.90625 0.0159061
0.921875 0.020684

0.921875 0.0207871
0.9375 0.0260035

-0.34375 -0.0575633
-0.328125 -0.0568947

0.9375 0.0259693
0.952651 0.03125

2.97387 -0.0625
2.97063 -0.046875

0.951319 0.03125
0.953125 0.0318794

2.96875 -0.0422063
2.98207 -0.03125

-0.328125 -0.0568904
-0.3125 -0.0566858

2.98456 -0.0625
2.98684 -0.046875

-0.3125 -0.0566806
-0.296875 -0.056959

2.99636 -0.046875
2.99015 -0.03125

-2.1875 -0.0259174
-2.17188 -0.0236858

2.98015 -0.03125
2.98438 -0.0297701

-0.296875 -0.0569717
-0.28125 -0.0577181

0.953125 0.0317684
0.96875 0.0368057

-0.28125 -0.0577624
-0.265625 -0.0588631

-0.265625 -0.0589452
-0.25 -0.0601473

2.98438 -0.0277355
2.99326 -0.03125

0.96875 0.0368669
0.984375 0.0407344

-2.17188 -0.0229258
-2.15625 -0.0202229

-2.15625 -0.0193622
-2.14062 -0.0194291

-2.14062 -0.0196463
-2.125 -0.0237701

0.984375 0.0407664
1 0.0432779

2.5 0.10859
2.51562 0.105277

2.51562 0.105376
2.53125 0.104136

-2.09375 -0.033778
-2.10124 -0.03125

2.53125 0.104556
2.54688 0.104355

2.54688 0.104772
2.5625 0.103933

-0.25 -0.0602601
-0.234375 -0.0611738

-0.234375 -0.0612852
-0.21875 -0.0614619

-2.125 -0.0251632
-2.10938 -0.030123

-2.10938 -0.0296997
-2.10478 -0.03125

-2.09375 -0.0355723
-2.07812 -0.040818

-0.21875 -0.0615174
-0.203125 -0.0606233

-2.0625 -0.0493766
-2.06715 -0.046875

-2.07812 -0.0388159
-2.0625 -0.0446785

-0.203125 -0.060577
-0.1875 -0.0585938

-0.1875 -0.0584543
-0.171875 -0.0557536

2.5625 0.104041
2.57812 0.101516

2.57812 0.101152
2.59375 0.0974539

2.60938 0.0935983
2.60864 0.09375

-0.171875 -0.0555758
-0.15625 -0.0527922

2.60938 0.0935343
2.625 0.0922324

2.59375 0.0969906
2.60938 0.0937808

-0.15625 -0.0526758
-0.140625 -0.0503975

2.625 0.0923057
2.64062 0.093251

-0.140625 -0.0503884
-0.125 -0.0488664

-2.03125 -0.066803
-2.04386 -0.0625

2.64062 0.0929974
2.64557 0.09375

2.64094 0.09375
2.65625 0.0960826

2.65625 0.0957344
2.67188 0.0993431

-0.125 -0.0488902
-0.109375 -0.0480948

-0.109375 -0.0481318
-0.09375 -0.0479413

-2.03125 -0.0654485
-2.01562 -0.0696692

-0.09375 -0.0479913
-0.078125 -0.0482316

-2 -0.0831801
-2.00901 -0.078125

-2 -0.0655368
-2.01427 -0.0625

-0.078125 -0.0482798
-0.0625 -0.0487546

1 0.0432377
1.01562 0.0444097

-0.0625 -0.0487906
-0.046875 -0.0493315

1.01562 0.0442996
1.03125 0.0444329

-2.0625 -0.0517308
-2.04688 -0.059385

-0.046875 -0.0493539
-0.03125 -0.0498445

-2.0625 -0.037498
-2.04688 -0.0449768

-0.03125 -0.0498576
-0.015625 -0.0502269

1.03125 0.0443184
1.04688 0.0438621

-0.015625 -0.0502368
0 -0.050439

-2.04688 -0.0515757
-2.03125 -0.0577855

2.67188 0.099409
2.6875 0.104574

-2.03125 -0.0550103
-2.01562 -0.0595517

1.04688 0.0437936
1.0625 0.0431137

1.0625 0.0431135
1.07812 0.0423474

1.07812 0.0423457
1.09375 0.041497

-2.01562 -0.0607779
-2.00681 -0.0625

-2.5 0.0234975
-2.48438 0.0230186

-2.48438 0.0238796
-2.46875 0.0230112

-2.46875 0.022449
-2.45312 0.0205933

-2.45312 0.0215809
-2.4375 0.0178871

-2.42188 0.00904546
-2.43627 0.015625

-2.4375 0.0202673
-2.42713 0.015625

-2.42188 0.00827972
-2.40625 0.00306843

-2.42188 0.0165516
-2.41966 0.015625

-2.40625 0.00779657
-2.39074 0

-2.40625 0.0166634
-2.40385 0.015625

1.09375 0.041468
1.10938 0.0405984

1.10938 0.0405616
1.125 0.0398027

-2.28125 0.0439129
-2.29148 0.046875

1.125 0.0397822
1.14062 0.0392484

2.6875 0.105157
2.70136 0.109375

-1.20312 0.796823
-1.20334 0.796875

1.14062 0.0392412
1.15625 0.0389879

-1.20343 0.796875
-1.20312 0.796992

-1.20312 0.796765
-1.20305 0.796875

1.15625 0.0390257
1.17188 0.0389915

-2.29012 0.046875
-2.28125 0.058913

-1.20312 0.796948
-1.2031 0.796875

-2.28125 0.0430991
-2.27697 0.046875

-2.28125 0.059826
-2.27804 0.046875

2.69702 0.109375
2.70312 0.111234

2.70312 0.111482
2.71875 0.11152

1.17188 0.0390777
1.1875 0.0390144

1.1875 0.0389954
1.20312 0.0387688

1.20312 0.0386889
1.21875 0.0384971

2.75 0.0870241
2.74123 0.09375

2.73438 0.103576
2.72403 0.109375

2.71875 0.11205
2.7241 0.109375

2.73438 0.101003
2.74352 0.09375

-2.28462 0.0625
-2.28125 0.0630481

1.21875 0.0384855
1.23438 0.0385116

1.23438 0.0384872
1.25 0.0388034

2.75 0.0862379
2.76562 0.0807825

2.76562 0.0820459
2.78125 0.0841033

2.78125 0.0857729
2.79688 0.0894768

2.79688 0.0894771
2.8125 0.0914879

1.25 0.038787
1.26562 0.0394751

2.8125 0.0912395
2.82812 0.0920534

2.82812 0.0919814
2.84375 0.092239

1.26562 0.039444
1.28125 0.040599

1.28125 0.040581
1.29688 0.0423011

2.84375 0.0921363
2.85938 0.0921869

2.85938 0.0921386
2.875 0.0922839

1.29688 0.0423499
1.3125 0.0445738

-0.125 0.973735
-0.134456 0.984375

2.875 0.0923434
2.89062 0.0925611

2.89062 0.0929652
2.90625 0.0923282

1.3125 0.0443847
1.32656 0.046875

1.32326 0.046875
1.32812 0.0477368

1.32812 0.0474178
1.34375 0.0505769

2.90625 0.0919154
2.92188 0.0904412

2.92188 0.0908324
2.9375 0.0885642

2.9375 0.0880042
2.95312 0.0852798

2.95312 0.0787154
2.96875 0.0894921

-0.129257 0.984375
-0.125 0.988437

2.96585 0.09375
2.96875 0.0975506

1.34375 0.0504869
1.35938 0.0539275

2.96875 0.101515
2.98276 0.125

1.35938 0.0539508
1.375 0.0578064

-2.01562 0.728312
-2.02136 0.734375

2.92188 0.214001
2.9375 0.205428

1.375 0.0578968
1.39062 0.0619399

2.90625 0.243629
2.93064 0.21875

1.39062 0.0620077
1.39264 0.0625

-2.02795 0.734375
-2.01562 0.74439

1.3924 0.0625
1.40625 0.0658776

-2.01562 0.721626
-2.00536 0.734375

1.40625 0.0659527
1.42188 0.0691292

-0.125 0.979208
-0.120078 0.984375

2.96875 0.140673
2.9613 0.15625

-2.01562 0.738273
-2.01152 0.734375

2.96759 0.15625
2.95842 0.171875

-0.125 0.993604
-0.11466 0.984375

1.42188 0.0692888
1.4375 0.0713471

2.95679 0.171875
2.95612 0.1875

2.97306 0.125
2.98034 0.15625

3 0.185385
2.98345 0.1875

1.4375 0.0715128
1.45312 0.071802

1.45312 0.0716946
1.46875 0.070098

0 0.987417
-0.0110515 1

2.96612 0.1875
2.94533 0.21875

-0.0128767 1
0 1.01088

1.46875 0.0696922
1.48438 0.0672361

1.48438 0.0669542
1.5 0.0650138

2.95316 0.21875
2.9617 0.25

2.96875 0.211196
2.99371 0.1875

2.96875 0.218851
2.96878 0.21875

2.85938 0.296254
2.875 0.296151

2.85938 0.298527
2.875 0.298527

2.89062 0.265541
2.89056 0.265625

2.89052 0.265625
2.89062 0.272223

2.90625 0.253929
2.90087 0.265625

2.89062 0.269973
2.89637 0.28125

2.89983 0.28125
2.90625 0.285564

2.90625 0.272566
2.92177 0.28125

2.90625 0.281276
2.9375 0.284482

2.9375 0.27917
2.96888 0.25

3 -0.071288
3.00355 -0.0625

3 -0.0580604
3.00118 -0.0625

3.0625 -0.00382922
3.05121 0

3.125 -0.00415718
3.10563 0

3.25 -0.00310078
3.22587 0

3.5 -0.00238419
3.44636 0

3.03125 0.0243524
3.02762 0.03125

3.03091 0.03125
3.02568 0.0625

3.03125 0.0214708
3.05832 0

3.02933 0.0625
3.03005 0.09375

3.03125 0.124901
3.0354 0.09375

3.0625 0.0168933
3.09855 0

3 0.173724
3.03145 0.125

3 0.194446
3.0042 0.1875

3.125 0.0115526
3.20027 0

3.25 0.00532471
3.369 0

4 -0.00448615
3.65613 0

3.5 0.000543912
3.54169 0

-2 -0.0971851
-1.98438 -0.0946612

-1.98438 -0.0989564
-1.9827 -0.09375

-1.98438 -0.0835815
-1.99616 -0.078125

-2 -0.0640337
-1.98438 -0.0698325

-1.98438 -0.0730352
-1.96875 -0.0766567

-1.96875 -0.0751936
-1.95312 -0.074739

-1.95312 -0.0740787
-1.9375 -0.0737949

-1.9375 -0.0740911
-1.92188 -0.0747064

-1.92188 -0.0745807
-1.90625 -0.0757542

-1.90625 -0.0760341
-1.89062 -0.0774571

-1.875 -0.0787628
-1.88187 -0.078125

-1.89062 -0.0772703
-1.88141 -0.078125

-1.875 -0.078863
-1.85938 -0.0804265

-1.85938 -0.080354
-1.84375 -0.0819266

-1.84375 -0.0820465
-1.82812 -0.0835333

-1.82812 -0.0835924
-1.8125 -0.0846357

-1.8125 -0.0846073
-1.79688 -0.0851456

-1.79688 -0.0848937
-1.78125 -0.0854874

-1.78125 -0.0852125
-1.76562 -0.0869151

-1.76562 -0.086935
-1.75 -0.0902565

-1.73438 -0.0950234
-1.73879 -0.09375

-1.73438 -0.0952213
-1.71875 -0.100011

-1.75 -0.0904286
-1.73849 -0.09375

-1.71875 -0.100169
-1.70312 -0.104404

-1.70312 -0.104393
-1.6875 -0.107782

-1.67188 -0.110374
-1.67779 -0.109375

-1.6875 -0.107752
-1.67788 -0.109375

-1.67188 -0.110352
-1.65625 -0.112374

-1.65625 -0.112315
-1.64062 -0.113902

-1.64062 -0.113839
-1.625 -0.115235

-1.53125 -0.125056
-1.5318 -0.125

-1.53125 -0.125057
-1.51562 -0.12649

-1.51562 -0.126483
-1.5 -0.127769

-1.625 -0.115188
-1.60938 -0.116614

-1.60938 -0.116602
-1.59375 -0.118176

-1.59375 -0.118191
-1.57812 -0.119908

-1.57812 -0.119936
-1.5625 -0.121709

-1.5625 -0.121735
-1.54688 -0.123454

-1.54688 -0.123465
-1.53179 -0.125

-1.5 -0.127754
-1.48438 -0.128935

-1.48438 -0.128926
-1.46875 -0.13005

-1.46875 -0.13005
-1.45312 -0.131139

-1.45312 -0.131149
-1.4375 -0.132183

-1.4375 -0.132207
-1.42188 -0.13312

-1.42188 -0.133146
-1.40625 -0.133836

-1.40625 -0.133851
-1.39062 -0.134235

-1.39062 -0.134236
-1.375 -0.134281

-1.375 -0.134276
-1.35938 -0.133994

-1.35938 -0.133982
-1.34375 -0.133407

-1.34375 -0.133401
-1.32812 -0.132567

-1.32812 -0.132562
-1.3125 -0.13149

-1.3125 -0.131495
-1.29688 -0.130184

-1.29688 -0.130183
-1.28125 -0.128626

-1.28125 -0.128636
-1.26562 -0.126818

-1.26562 -0.126797
-1.25188 -0.125

-1.25218 -0.125
-1.25 -0.124715

-1.25 -0.124753
-1.23438 -0.122528

-1.23438 -0.122519
-1.21875 -0.12012

-1.21875 -0.120103
-1.20312 -0.117583

-1.20312 -0.117506
-1.1875 -0.115053

-1.1875 -0.115036
-1.17188 -0.11284

-1.17188 -0.11297
-1.15625 -0.110806

-1.15625 -0.111072
-1.14726 -0.109375

-1.14711 -0.109375
-1.14062 -0.10815

-1.14062 -0.108038
-1.125 -0.103936

-1.125 -0.10332
-1.10938 -0.0994915

-1.10938 -0.0993667
-1.09375 -0.097291

-1.09375 -0.0975814
-1.07812 -0.0969279

-1.07812 -0.0971677
-1.0625 -0.0968759

-1.0625 -0.0967205
-1.04688 -0.0966215

-1.04688 -0.0965555
-1.03125 -0.0970923

-1.03125 -0.0973207
-1.01562 -0.0981684

-1.01562 -0.0981281
-1 -0.0989109

