-4 -0.00388377
-3.71826 0

1.5 -0.235782
1.51562 -0.234919

1.51562 -0.234924
1.52349 -0.234375

1.52328 -0.234375
1.53125 -0.233819

1.53125 -0.233826
1.54688 -0.232512

1.54688 -0.232512
1.5625 -0.230975

-3.59211 0
-3.5 0.00126975

1.5625 -0.230992
1.57812 -0.229196

1.57812 -0.229215
1.59375 -0.227089

1.59375 -0.227078
1.60938 -0.224603

-3.5 -0.00177545
-3.46164 0

1.60938 -0.224568
1.625 -0.221838

-3.25 -0.0020652
-3.23502 0

-3.125 -0.0031663
-3.11394 0

-3 -0.0641619
-3.00099 -0.0625

-3.0625 -0.00059383
-3.06121 0

-3 -0.0338741
-3.00154 -0.03125

-3.03125 -0.000879807
-3.02771 0

-3.4108 0
-3.25 0.00746646

-3.22185 0
-3.125 0.0142347

-3.10875 0
-3.0625 0.0223658

-3.0625 0.00940046
-3.03517 0.03125

-3.04662 0.03125
-3.03125 0.0595843

-3.03125 0.0564555
-3.0294 0.0625

-3.04085 0.0625
-3.03125 0.0890784

-3.03131 0.09375
-3.03125 0.0939047

-3.03125 0.0802573
-3.02442 0.09375

1.625 -0.221806
1.64062 -0.218956

-3.02917 0.09375
-3.00178 0.125

1.64062 -0.218899
1.64146 -0.21875

1.64146 -0.21875
1.65625 -0.216106

-3.02052 0.125
-3 0.152671

-3.00018 0.1875
-3 0.187667

1.65625 -0.215869
1.67188 -0.213721

1.67188 -0.213456
1.6875 -0.212957

1.6875 -0.213172
1.70312 -0.214424

1.70312 -0.214874
1.71875 -0.216547

1.71875 -0.216713
1.73438 -0.217573

1.73438 -0.217505
1.75 -0.217355

1.75 -0.217278
1.76562 -0.216408

1.76562 -0.216357
1.78125 -0.215022

1.78125 -0.215031
1.79688 -0.213315

1.79688 -0.213247
1.8125 -0.211269

1.8125 -0.211187
1.82812 -0.209246

1.82812 -0.208738
1.84375 -0.208012

1.875 -0.219399
1.87351 -0.21875

0 -0.0392834
0.015625 -0.0436677

0.03125 -0.0497665
0.0223218 -0.046875

0.015625 -0.0440547
0.0243332 -0.046875

0.03125 -0.049516
0.046875 -0.0536766

0.046875 -0.0529754
0.0625 -0.0574975

0.078125 -0.0639698
0.0739891 -0.0625

0.078125 -0.0639782
0.09375 -0.0687055

0.09375 -0.0682187
0.109375 -0.0719714

0.109375 -0.0718849
0.125 -0.0758096

0.0625 -0.0577239
0.0759397 -0.0625

-3 -0.0634957
-2.98438 -0.0629394

-1 0.159113
-0.984375 0.158015

-3 -0.0599691
-2.98438 -0.0620671

-0.984375 0.158011
-0.96875 0.157097

0.140625 -0.0796835
0.133208 -0.078125

1.84375 -0.207066
1.85938 -0.210462

-2.98438 -0.0259255
-2.99328 -0.015625

1.85938 -0.211735
1.875 -0.218537

-2.99158 -0.015625
-2.98438 -0.0113259

0.125 -0.0762238
0.134048 -0.078125

-0.9375 0.155718
-0.949988 0.15625

0.140625 -0.0794179
0.15625 -0.0814092

-0.96875 0.157111
-0.953125 0.156359

-0.953125 0.156374
-0.950208 0.15625

1.875 -0.219497
1.89062 -0.22524

1.89062 -0.224946
1.90625 -0.228357

-2.98438 -0.0238385
-2.9796 -0.015625

-2.98438 -0.00912181
-2.97718 -0.015625

0.15625 -0.0811143
0.171875 -0.08274

0.171875 -0.0827668
0.1875 -0.0845631

0.1875 -0.0847551
0.203125 -0.0862842

0.203125 -0.0864142
0.21875 -0.0870324

0.21875 -0.0868713
0.234375 -0.0866408

0.234375 -0.0863405
0.25 -0.0861841

-3 0.045089
-2.98438 0.045089

-3 0.0496572
-2.98438 0.0496572

0.25 -0.0861843
0.265625 -0.0867026

0.265625 -0.0868723
0.28125 -0.0877254

0.28125 -0.0877853
0.296875 -0.0885142

0.296875 -0.0884585
0.3125 -0.0890545

1.90625 -0.228091
1.92188 -0.23029

-3 0.0625199
-2.98438 0.0625199

-3 0.102211
-2.9689 0.125

-2.98439 0.125
-2.97228 0.15625

-3 0.166478
-2.98272 0.1875

-2.96787 0.140625
-2.95312 0.153721

-2.95312 0.153513
-2.95181 0.15625

-2.96875 0.163681
-2.95378 0.171875

-2.95312 0.175054
-2.96625 0.1875

-2.95312 0.161269
-2.94872 0.171875

-2.94914 0.171875
-2.9375 0.186651

1.92188 -0.230179
1.9375 -0.231923

1.9375 -0.231865
1.95312 -0.233491

1.96875 -0.235145
1.96127 -0.234375

-3 0.187821
-2.96875 0.19717

-2.95049 0.1875
-2.9375 0.194158

-2.94279 0.21875
-2.9375 0.222728

-2.9375 0.186667
-2.93714 0.1875

-2.9375 0.193852
-2.93166 0.203125

-2.93032 0.203125
-2.92188 0.212602

-2.92188 0.214618
-2.91823 0.21875

-2.91765 0.21875
-2.90625 0.229869

-2.90625 0.23006
-2.90111 0.234375

-2.90135 0.234375
-2.89062 0.242656

-2.89062 0.242756
-2.87881 0.25

-2.90998 0.25
-2.90625 0.25899

-2.90625 0.289274
-2.91259 0.3125

-2.89372 0.25
-2.89062 0.2521

-2.90625 0.269714
-2.90094 0.265625

-2.88004 0.25
-2.875 0.252863

-2.90625 0.310388
-2.875 0.296531

-2.90652 0.3125
-2.90625 0.313051

-2.90625 0.320211
-2.875 0.323691

-2.875 0.252803
-2.85938 0.258943

-2.85938 0.258204
-2.84375 0.2618

-2.875 0.29667
-2.87477 0.296875

-2.875 0.305352
-2.872 0.3125

-2.84375 0.26175
-2.82812 0.26438

-2.82812 0.264373
-2.81646 0.265625

-2.81803 0.265625
-2.8125 0.266219

-2.875 0.330701
-2.87102 0.3125

-2.875 0.353291
-2.86312 0.34375

-2.8125 0.266149
-2.79688 0.266692

-2.79688 0.266388
-2.78125 0.266313

-2.78125 0.266002
-2.76562 0.266541

-2.76562 0.266314
-2.75 0.268546

-2.78125 0.373116
-2.78359 0.375

-0.9375 0.155732
-0.921875 0.155076

-0.921875 0.155084
-0.90625 0.154392

-0.90625 0.154392
-0.890625 0.153649

1.95312 -0.233467
1.96194 -0.234375

1.96875 -0.235139
1.98438 -0.236655

1.98438 -0.236635
2 -0.238036

0 0.986975
0.0116044 1

0.3125 0.977972
0.307244 0.984375

0.300042 0.984375
0.3125 0.999458

0.3125 0.968736
0.312728 0.96875

0.3125 0.97065
0.328125 0.98299

0.3125 0.991637
0.321534 0.984375

0.328125 0.980758
0.328566 0.984375

0 1.01048
0.0125303 1

0.3125 -0.0890002
0.328125 -0.0896836

0.328125 -0.089716
0.34375 -0.0905305

0.53125 0.993916
0.525794 1

0.53125 0.996954
0.534172 1

0.34375 -0.0905746
0.359375 -0.0913668

0.65625 0.96367
0.651554 0.96875

0.359375 -0.0913041
0.375 -0.0921112

0.652157 0.96875
0.65625 0.972648

0.65625 0.964378
0.660407 0.96875

-2.76562 0.37445
-2.77132 0.375

-2.78125 0.375881
-2.78791 0.40625

-2.79063 0.40625
-2.78125 0.419011

-2.78125 0.375607
-2.75 0.389447

-2.78125 0.417101
-2.75 0.412745

0.40625 -0.0944873
0.397545 -0.09375

0.375 -0.0920542
0.390625 -0.0931155

0.390625 -0.0931747
0.397417 -0.09375

0.40625 -0.0945523
0.421875 -0.0959114

0.421875 -0.0959229
0.4375 -0.0971741

0.65625 0.973294
0.661155 0.96875

0.4375 -0.0971339
0.453125 -0.0983345

-2.53125 0.183456
-2.53341 0.1875

-2.53125 0.184455
-2.51562 0.181078

-2.51562 0.184577
-2.51236 0.1875

-2.531 0.1875
-2.52198 0.203125

-2.52837 0.203125
-2.51562 0.206238

-2.50878 0.1875
-2.51061 0.203125

-2.51562 0.205888
-2.51094 0.203125

-0.890625 0.153646
-0.875 0.152855

0.528681 1
0.53125 1.00247

0.53125 1.00534
0.537187 1

0.453125 -0.09833
0.46875 -0.0995697

-0.875 0.152845
-0.859375 0.15203

-0.859375 0.15202
-0.84375 0.151223

-2.75 0.268406
-2.73438 0.273066

0.46875 -0.0995565
0.484375 -0.100871

0.484375 -0.10087
0.5 -0.102286

-2.73438 0.273076
-2.71875 0.280424

-2.71875 0.280788
-2.7178 0.28125

-2.71875 0.281648
-2.70312 0.289243

-2.70312 0.290761
-2.6875 0.293118

-2.65625 0.276832
-2.66385 0.28125

-2.6875 0.292664
-2.67188 0.287627

-0.84375 0.151216
-0.828125 0.150471

-0.828125 0.15048
-0.8125 0.14978

-2.67188 0.286792
-2.66234 0.28125

-2.65625 0.276602
-2.64062 0.267375

-0.8125 0.149806
-0.796875 0.149081

-0.796875 0.149089
-0.78125 0.148267

-0.78125 0.148256
-0.765625 0.147341

-0.765625 0.147323
-0.75 0.146375

-2.625 0.260375
-2.63863 0.265625

-2.64062 0.266583
-2.63814 0.265625

-2.75 0.406109
-2.74999 0.40625

-2.75 0.406436
-2.74989 0.40625

-0.75 0.146396
-0.734375 0.14541

-0.734375 0.145475
-0.71875 0.144277

-0.71875 0.144329
-0.703125 0.142685

-2.625 0.261009
-2.60938 0.258894

0.5 -0.102285
0.515625 -0.103807

0.515625 -0.103756
0.53125 -0.105489

-0.6875 0.140553
-0.688043 0.140625

-0.703125 0.142619
-0.68802 0.140625

0.53125 -0.105514
0.546875 -0.107509

-0.6875 0.140447
-0.671875 0.138313

-2.60938 0.259398
-2.59375 0.258969

-0.671875 0.138357
-0.65625 0.136282

0.5625 -0.110018
0.558377 -0.109375

0.546875 -0.107342
0.55991 -0.109375

0.5625 -0.110016
0.578125 -0.112754

0.578125 -0.112788
0.59375 -0.115389

-0.65625 0.136343
-0.640625 0.13412

-0.640625 0.134143
-0.625 0.131601

-2.59375 0.259263
-2.57812 0.258926

-0.59375 0.124906
-0.594134 0.125

-0.59375 0.124572
-0.578125 0.120387

0.59375 -0.11542
0.609375 -0.117753

-0.578125 0.120282
-0.5625 0.116647

-2.57812 0.258773
-2.5625 0.258246

-0.5625 0.116897
-0.546875 0.113521

-0.546875 0.113648
-0.53125 0.109779

0.609375 -0.117878
0.625 -0.119629

-2.5625 0.258048
-2.54688 0.258031

-2.54688 0.257981
-2.53125 0.258972

-2.53125 0.258951
-2.51562 0.261091

-2.51562 0.261058
-2.5 0.264454

-0.515625 0.105354
-0.530664 0.109375

-0.53125 0.109882
-0.529355 0.109375

-0.515625 0.105455
-0.5 0.10126

-0.625 0.131656
-0.609375 0.128637

-0.609375 0.128752
-0.594082 0.125

2 -0.238038
2.01562 -0.239359

2.01562 -0.239368
2.03125 -0.240587

0.65625 -0.125011
0.656082 -0.125

0.671875 -0.125004
0.671748 -0.125

2.03125 -0.240603
2.04688 -0.241667

2.04688 -0.241686
2.0625 -0.242525

0.703125 -0.125204
0.71875 -0.127362

2.0625 -0.24254
2.07812 -0.243083

2.07812 -0.243087
2.09375 -0.243296

0.71875 -0.127195
0.734375 -0.128421

0.734375 -0.127978
0.75 -0.129476

2.09375 -0.243284
2.10938 -0.243176

2.10938 -0.243142
2.125 -0.242809

0.625 -0.119473
0.640625 -0.120706

0.640625 -0.120692
0.65625 -0.121749

0.65625 -0.121946
0.671875 -0.122462

0.671875 -0.121932
0.6875 -0.122576

2.125 -0.242766
2.14062 -0.24236

2.14062 -0.242323
2.15625 -0.242006

-0.140625 -0.000712593
-0.142879 0

-0.140625 -0.000455158
-0.125 -0.00575749

-2.34375 0.24593
-2.35561 0.25

2.15625 -0.241995
2.17188 -0.241865

-0.125 -0.00591297
-0.109375 -0.0100831

-0.109375 -0.00929734
-0.09375 -0.0135893

0.6875 -0.122486
0.703125 -0.124496

-0.078125 -0.0193396
-0.0896557 -0.015625

0.703125 -0.124811
0.704493 -0.125

-2.34375 0.245954
-2.32812 0.240088

-0.09375 -0.0135844
-0.0874157 -0.015625

2.17188 -0.24188
2.1875 -0.24193

-2.3125 0.23382
-2.31395 0.234375

0.75 -0.12945
0.765625 -0.132159

0.765625 -0.132174
0.78125 -0.136115

-0.078125 -0.0195037
-0.0625 -0.0235174

-0.03125 -0.0317659
-0.0329127 -0.03125

-0.0625 -0.0228613
-0.046875 -0.0263574

2.1875 -0.241966
2.20312 -0.242094

2.20312 -0.242134
2.21875 -0.24219

0.796875 -0.141369
0.794424 -0.140625

0.78125 -0.136272
0.795588 -0.140625

0.796875 -0.141114
0.8125 -0.146149

0.84375 -0.157485
0.840169 -0.15625

-0.046875 -0.0260513
-0.03125 -0.0308996

0.8125 -0.146031
0.828125 -0.151482

0.828125 -0.151774
0.841101 -0.15625

2.21875 -0.242222
2.23438 -0.242062

0.84375 -0.157115
0.859375 -0.161955

-0.03125 -0.0319013
-0.015625 -0.0367232

-2.32812 0.239724
-2.31411 0.234375

-0.015625 -0.0363543
0 -0.039939

-0.03125 -0.0310059
-0.030459 -0.03125

2.23438 -0.242085
2.25 -0.2416

0.859375 -0.161737
0.875 -0.166686

-2.3125 0.233837
-2.29688 0.228349

-0.46875 0.091694
-0.475816 0.09375

-0.5 0.101339
-0.484375 0.0968219

0.890625 -0.172255
0.889469 -0.171875

0.875 -0.166851
0.890279 -0.171875

0.890625 -0.172055
0.90625 -0.176917

2.25 -0.241625
2.26562 -0.240717

-0.484375 0.0968215
-0.473819 0.09375

2.26562 -0.240741
2.28125 -0.239314

-0.46875 0.0918754
-0.453125 0.0880997

2.28125 -0.239317
2.29688 -0.237316

2.29688 -0.237289
2.3125 -0.234762

-0.453125 0.0885062
-0.4375 0.0850362

-0.4375 0.0849864
-0.421875 0.0811087

-2.29688 0.228389
-2.28125 0.223153

-2.26562 0.218259
-2.26724 0.21875

0.90625 -0.176842
0.921875 -0.181472

0.921875 -0.181477
0.9375 -0.186017

2.3125 -0.234704
2.31428 -0.234375

2.31427 -0.234375
2.32812 -0.231823

-0.40625 0.0763612
-0.412883 0.078125

2.32812 -0.231794
2.34375 -0.22874

0.953125 -0.190404
0.942619 -0.1875

-2.26562 0.218309
-2.25 0.214235

-0.421875 0.0813675
-0.409681 0.078125

-2.28125 0.222994
-2.26729 0.21875

0.953125 -0.19034
0.96875 -0.194427

-2.5 0.264538
-2.49591 0.265625

-0.40625 0.0766175
-0.390625 0.0728583

-2.49689 0.265625
-2.48438 0.268949

0.96875 -0.194411
0.984375 -0.198409

-2.48438 0.269439
-2.46875 0.27268

-0.390625 0.0729838
-0.375 0.0700114

2.34375 -0.228699
2.35938 -0.225609

0.984375 -0.198434
1 -0.202326

-0.3125 0.060153
-0.324394 0.0625

-2.46875 0.27292
-2.45312 0.27367

0.9375 -0.18606
0.942711 -0.1875

-2.45312 0.273309
-2.4375 0.271811

-0.375 0.0699375
-0.359375 0.0676487

2.35938 -0.225599
2.375 -0.222572

-2.4375 0.271646
-2.42188 0.268954

-2.42188 0.268727
-2.40625 0.265625

-2.39062 0.262069
-2.40407 0.265625

2.375 -0.222578
2.39062 -0.219624

2.39062 -0.219673
2.39543 -0.21875

-0.359375 0.0679937
-0.34375 0.0658459

-0.34375 0.0657624
-0.328125 0.0632325

-0.328125 0.0637497
-0.321792 0.0625

-0.3125 0.0604592
-0.296875 0.0562033

-0.296875 0.0557448
-0.28125 0.0509516

-0.265625 0.0448419
-0.271253 0.046875

-0.28125 0.0518992
-0.267342 0.046875

2.39546 -0.21875
2.40625 -0.216678

2.40625 -0.216735
2.42188 -0.213466

2.42188 -0.213404
2.4375 -0.209875

-0.265625 0.0450877
-0.25 0.0390316

-2.39062 0.261496
-2.375 0.256322

2.4375 -0.209696
2.45312 -0.206389

2.45312 -0.206248
2.46875 -0.2038

2.46875 -0.203779
2.4768 -0.203125

-0.21875 0.0265965
-0.229967 0.03125

-0.25 0.0396074
-0.234375 0.033658

-2.375 0.256354
-2.35938 0.25114

2.47687 -0.203125
2.48438 -0.202514

-2.35938 0.250512
-2.35788 0.25

2.48438 -0.202692
2.5 -0.202274

-0.234375 0.0339947
-0.227759 0.03125

-0.21875 0.0267636
-0.203125 0.0205741

-0.1875 0.014187
-0.191242 0.015625

-0.203125 0.0209134
-0.189363 0.015625

-0.1875 0.0144117
-0.171875 0.00890887

1.01562 -0.206051
1.00329 -0.203125

-0.171875 0.00903937
-0.15625 0.00451254

-2.25 0.214282
-2.23438 0.210662

1 -0.20233
1.00335 -0.203125

1.01562 -0.20595
1.03125 -0.209629

-0.15625 0.00512779
-0.140625 0.000188284

1.03125 -0.20967
1.04688 -0.213435

-2.23438 0.21066
-2.21875 0.207406

-0.140625 0.000186342
-0.140076 0

1.04688 -0.213517
1.0625 -0.217124

1.07812 -0.220317
1.07042 -0.21875

1.07812 -0.220365
1.09375 -0.222989

1.0625 -0.217214
1.07005 -0.21875

1.09375 -0.22298
1.10938 -0.225045

1.10938 -0.225052
1.125 -0.226564

-2.21875 0.207402
-2.20312 0.204524

1.125 -0.226573
1.14062 -0.227499

1.14062 -0.227495
1.15625 -0.227824

1.15625 -0.227808
1.17188 -0.227579

1.17188 -0.227553
1.1875 -0.226851

2.53125 -0.42214
2.53036 -0.421875

2.52664 -0.421875
2.51592 -0.40625

2.51562 -0.404895
2.53125 -0.398466

1.1875 -0.226814
1.20312 -0.225765

2.53125 -0.4251
2.53851 -0.421875

2.53508 -0.421875
2.53992 -0.40625

1.20312 -0.225705
1.21875 -0.224502

2.53125 -0.398495
2.54037 -0.40625

1.21875 -0.224409
1.23438 -0.223357

1.23438 -0.223251
1.25 -0.222749

-2.1875 0.202004
-2.19443 0.203125

-2.20312 0.204551
-2.19432 0.203125

-2.1875 0.202
-2.17188 0.199809

2.5 -0.202375
2.51562 -0.202248

-2.17188 0.19974
-2.15625 0.198054

1.25 -0.222702
1.26562 -0.223052

1.26562 -0.223127
1.28125 -0.224274

-2.15625 0.197966
-2.14062 0.1971

-2.14062 0.19704
-2.125 0.197291

2.51562 -0.202298
2.53125 -0.20216

-2.125 0.197236
-2.10938 0.198833

1.28125 -0.224399
1.29688 -0.225941

1.29688 -0.226002
1.3125 -0.227565

2.53125 -0.202206
2.54688 -0.201866

-2.10938 0.198901
-2.09375 0.201817

2.54688 -0.201915
2.5625 -0.201186

-2.09375 0.201981
-2.08863 0.203125

-2.08952 0.203125
-2.07812 0.205672

1.3125 -0.227561
1.32812 -0.22903

1.32812 -0.229008
1.34375 -0.230433

2.5625 -0.201168
2.57812 -0.199989

-2.07812 0.205815
-2.0625 0.208869

2.57812 -0.199908
2.59375 -0.198479

1.34375 -0.230423
1.35938 -0.231867

2.59375 -0.198376
2.60938 -0.197065

2.60938 -0.197032
2.625 -0.196111

1.35938 -0.231872
1.375 -0.233345

-2.0625 0.208819
-2.04688 0.211128

-2.04688 0.211042
-2.03125 0.212878

2.625 -0.196119
2.64062 -0.195635

1.39062 -0.234815
1.38579 -0.234375

1.375 -0.233373
1.386 -0.234375

1.39062 -0.234859
1.40625 -0.236049

2.64062 -0.195675
2.65625 -0.19553

-2.03125 0.212703
-2.01562 0.214589

2.65625 -0.195557
2.67188 -0.195615

2.67188 -0.195646
2.6875 -0.195794

2.6875 -0.195801
2.70312 -0.195962

2.70312 -0.19597
2.71875 -0.196114

2.71875 -0.196095
2.73438 -0.196241

2.73438 -0.196246
2.75 -0.196424

1.40625 -0.236072
1.42188 -0.23687

-0.125 0.9736
-0.134483 0.984375

-2.01562 0.214385
-2 0.217079

-0.128944 0.984375
-0.125 0.988171

1.42188 -0.236865
1.4375 -0.237237

1.4375 -0.237216
1.45312 -0.237215

2.75 -0.196421
2.76562 -0.196629

1.45312 -0.23719
1.46875 -0.236912

-0.125 0.979411
-0.120229 0.984375

2.76562 -0.196663
2.78125 -0.196842

1.46875 -0.236898
1.48438 -0.236421

1.48438 -0.236424
1.5 -0.235769

2.78125 -0.196836
2.79688 -0.196934

2.79688 -0.196952
2.8125 -0.196944

-0.125 0.993676
-0.114472 0.984375

2.8125 -0.196924
2.82812 -0.196816

2.82812 -0.196864
2.84375 -0.1966

2.84375 -0.196616
2.85938 -0.196066

0 0.986344
-0.0112987 1

2.85938 -0.196172
2.875 -0.195089

-0.011242 1
0 1.01012

-2.01562 0.728205
-2.02129 0.734375

-2.02767 0.734375
-2.01562 0.744372

-2.01562 0.721687
-2.00523 0.734375

-2.01562 0.738427
-2.01124 0.734375

2.875 -0.19507
2.89062 -0.193283

2.89062 -0.193335
2.90625 -0.190779

2.90625 -0.190929
2.9206 -0.1875

2.92188 -0.189905
2.9281 -0.1875

2.92062 -0.1875
2.92188 -0.187201

2.92188 -0.187433
2.9375 -0.180792

2.9375 -0.184034
2.95067 -0.171875

2.94856 -0.171875
2.95312 -0.163528

2.95255 -0.15625
2.95312 -0.155148

2.95312 -0.154489
2.96036 -0.140625

2.96529 -0.140625
2.96875 -0.135554

2.96875 -0.126003
2.96929 -0.125

2.97455 -0.125
2.98695 -0.09375

2.98438 -0.0778085
2.98134 -0.0625

2.9904 -0.09375
2.99036 -0.078125

2.98438 -0.0687342
2.98632 -0.078125

2.98394 -0.0625
2.98438 -0.0491719

2.98414 -0.046875
2.98427 -0.03125

2.98429 -0.03125
2.98438 -0.0303544

2.98438 -0.02087
2.98485 -0.015625

2.98562 -0.015625
2.98844 0

2.98438 0.0224358
2.98258 0.03125

2.99026 0
2.98994 0.015625

2.98842 0.015625
2.98524 0.03125

2.98418 0.03125
2.98311 0.046875

2.98408 0.046875
2.98424 0.0625

2.98438 0.0374873
2.98486 0.03125

2.98438 0.0573111
2.98442 0.0625

2.98399 0.0625
2.98405 0.078125

2.98394 0.078125
2.98438 0.0848467

2.98393 0.09375
2.9924 0.125

2.9375 0.202364
2.93699 0.203125

2.93733 0.203125
2.92772 0.21875

2.92831 0.21875
2.92048 0.25

2.96875 0.148814
2.96048 0.15625

2.95312 0.176518
2.94532 0.1875

2.96875 0.1663
2.96338 0.171875

2.95312 0.179874
2.959 0.171875

2.99423 0.125
2.9835 0.15625

2.99583 0.15625
3 0.171434

2.9375 0.210553
2.94973 0.1875

2.96875 0.222101
2.95649 0.25

2.98682 0.1875
2.97019 0.21875

2.96875 0.22746
2.9717 0.21875

-2 0.217128
-1.99284 0.21875

-1.99388 0.21875
-1.98438 0.220904

2.90625 0.255082
2.93166 0.28125

2.92762 0.28125
2.9375 0.283686

-1.98438 0.220847
-1.96875 0.224787

-1.96875 0.224791
-1.95312 0.229036

-1.95312 0.229177
-1.9375 0.233435

2.9375 0.269841
2.98627 0.25

3 -0.0751005
3.00069 -0.0625

3.0625 -0.00419024
3.05047 0

3.125 -0.00574595
3.09664 0

3.25 -0.00445475
3.21448 0

-1.9375 0.233424
-1.93381 0.234375

-1.93378 0.234375
-1.92188 0.23744

3.5 -0.00321727
3.42353 0

3.03125 0.0270923
3.01228 0.03125

3.02686 0.03125
3.02522 0.0625

3.03125 0.0188561
3.0559 0

-1.92188 0.237518
-1.90625 0.241186

-1.90625 0.241354
-1.89062 0.244177

-1.89062 0.244072
-1.875 0.245921

3.02766 0.0625
3.03125 0.0858758

-1.875 0.245884
-1.85938 0.247042

-1.85938 0.247101
-1.84375 0.247524

-1.84375 0.247523
-1.82812 0.247094

-1.82812 0.246913
-1.8125 0.245998

3.03125 0.113521
3.02189 0.125

3.03125 0.0744251
3.03397 0.09375

-1.8125 0.246069
-1.79688 0.244889

-1.79688 0.244984
-1.78125 0.243206

-1.78125 0.242967
-1.76562 0.240878

3.04006 0.09375
3.03303 0.125

3.0625 0.0154919
3.09578 0

3 0.174225
3.02445 0.125

3 0.192796
3.00205 0.1875

3.125 0.0104615
3.19723 0

-1.76562 0.240882
-1.75 0.238953

3.25 0.00469016
3.36103 0

4 -0.00525384
3.58403 0

-1.73438 0.232721
-1.73912 0.234375

-1.75 0.241041
-1.73438 0.235591

-1.73438 0.233642
-1.71875 0.223767

-1.73438 0.236799
-1.73037 0.234375

-1.70312 0.213464
-1.71275 0.21875

-1.70312 0.214057
-1.6875 0.209028

-1.71875 0.223315
-1.71059 0.21875

-1.6875 0.209496
-1.67188 0.207015

-1.67188 0.207191
-1.65625 0.20597

-1.65625 0.206106
-1.64062 0.205521

-1.64062 0.205601
-1.625 0.205219

-1.625 0.205253
-1.60938 0.204848

-1.60938 0.204954
-1.59375 0.204244

-1.57812 0.202914
-1.58043 0.203125

-1.59375 0.204349
-1.58042 0.203125

-1.57812 0.202863
-1.5625 0.200593

-1.5625 0.200462
-1.54688 0.197724

-1.54688 0.197613
-1.53125 0.194891

-1.53125 0.194891
-1.51562 0.192409

-1.51562 0.192445
-1.5 0.190134

-1.46875 0.186313
-1.4804 0.1875

-1.46875 0.186304
-1.45312 0.185381

-1.45312 0.185437
-1.4375 0.185097

-1.5 0.190072
-1.48438 0.187984

-1.48438 0.187919
-1.48027 0.1875

-1.4375 0.185182
-1.42188 0.185144

-1.42188 0.185161
-1.40625 0.185223

-1.40625 0.185188
-1.39062 0.185386

-1.39062 0.185368
-1.375 0.185807

-1.375 0.18582
-1.35938 0.186509

-1.35938 0.186613
-1.34375 0.18732

-1.34375 0.18738
-1.33912 0.1875

-1.3125 0.187374
-1.31598 0.1875

-1.3389 0.1875
-1.32812 0.18778

-1.32812 0.188076
-1.3125 0.18751

-1.3125 0.187301
-1.29688 0.185545

-1.29688 0.185349
-1.28125 0.183185

-1.28125 0.18306
-1.26562 0.181176

-1.26562 0.181231
-1.25 0.179768

-1.3125 0.187784
-1.30997 0.1875

-1.25 0.17987
-1.23438 0.178513

-1.23438 0.178533
-1.21875 0.177038

-1.21875 0.176984
-1.20312 0.175418

-1.20312 0.17537
-1.1875 0.173938

-1.1875 0.173923
-1.17188 0.172753

-1.15625 0.171851
-1.15665 0.171875

-1.17188 0.17278
-1.15668 0.171875

-1.14062 0.171056
-1.1558 0.171875

-1.15625 0.171884
-1.15608 0.171875

-1.14062 0.171086
-1.125 0.170171

-1.125 0.170182
-1.10938 0.169111

-1.10938 0.169118
-1.09375 0.167854

-1.09375 0.167837
-1.07812 0.166402

-1.07812 0.166381
-1.0625 0.164852

-1.0625 0.164833
-1.04688 0.163287

-1.04688 0.16327
-1.03125 0.161778

-1.03125 0.161769
-1.01562 0.160382

-1.01562 0.160378
-1 0.159122

