-4 -0.0020504
-3.71982 0

-3.61701 0
-3.5 0.000856314

-3.5 -0.00213028
-3.41726 0

1.5 -0.0625095
1.50007 -0.0625

1.5 -0.0624952
1.51562 -0.0602854

1.51562 -0.0602999
1.53125 -0.0580603

1.53125 -0.0580252
1.54688 -0.055797

-3.25 -0.00330968
-3.21226 0

-3.125 -0.00456797
-3.10339 0

-3.38675 0
-3.25 0.00358423

-3.20315 0
-3.125 0.00702961

-3.10034 0
-3.0625 0.0122885

-3.0625 0.00062225
-3.03125 0.0219929

-3.0322 0.03125
-3.03125 0.0331655

-3.03125 0.0262106
-3.02135 0.03125

-3.02506 0.03125
-3.01394 0.0625

1.54688 -0.0557548
1.5625 -0.0536923

-3.02262 0.0625
-3.01694 0.09375

-3.01613 0.09375
-3.00098 0.125

-3.00954 0.125
-3 0.139389

1.5625 -0.053669
1.57812 -0.0519031

1.57812 -0.0518931
1.59375 -0.0504903

1.59375 -0.0504912
1.60938 -0.0494698

1.60938 -0.0494788
1.625 -0.0488188

1.625 -0.0488385
1.64062 -0.0484826

1.64062 -0.0485004
1.65625 -0.0483739

1.65625 -0.0483821
1.67188 -0.0484331

1.67188 -0.0484334
1.6875 -0.0486446

1.6875 -0.0486205
1.70312 -0.0490397

1.70312 -0.0489486
1.71875 -0.0498062

1.71875 -0.0496495
1.73438 -0.0514412

1.73438 -0.0513364
1.75 -0.0545853

-2.96875 -0.156312
-2.96881 -0.15625

-2.96875 -0.171999
-2.95312 -0.17198

-2.95312 -0.157748
-2.9541 -0.15625

-2.95312 -0.140662
-2.95317 -0.140625

-2.95312 -0.134812
-2.96221 -0.125

-2.9375 -0.142445
-2.94873 -0.140625

-2.95312 -0.135689
-2.9375 -0.140086

1.78125 -0.0685017
1.76828 -0.0625

1.78125 -0.068859
1.79688 -0.0741452

1.79688 -0.0734879
1.8125 -0.076021

1.75 -0.054238
1.76562 -0.0598486

1.76562 -0.0590793
1.77302 -0.0625

1.8125 -0.0757558
1.82812 -0.0773807

-2.9375 -0.138667
-2.92188 -0.127262

-2.92188 -0.125697
-2.92125 -0.125

1.84375 -0.0787836
1.8365 -0.078125

1.82812 -0.0772439
1.83782 -0.078125

-2.96875 -0.110719
-2.97879 -0.09375

-1 0.0607809
-0.984375 0.0562022

0 0.0616808
0.015625 0.0600321

-2.98613 -0.09375
-2.98971 -0.078125

-2.98662 -0.078125
-2.98448 -0.0625

-0.984375 0.0562217
-0.96875 0.0530972

0.015625 0.0600498
0.03125 0.0580179

1.84375 -0.0788613
1.85938 -0.0799528

-2.97857 -0.09375
-2.98235 -0.078125

1.85938 -0.0800157
1.875 -0.0803589

-2.98088 -0.078125
-2.97943 -0.0625

-2.96875 -0.111892
-2.95997 -0.125

1.875 -0.0803381
1.89062 -0.0798486

1.89062 -0.079725
1.90625 -0.0786915

-0.96875 0.0533108
-0.953125 0.0511742

0.03125 0.058041
0.046875 0.0555441

-2.98439 -0.0625
-2.98438 -0.0615878

0.046875 0.0555492
0.0625 0.0525312

1.90625 -0.0786295
1.91244 -0.078125

-2.98086 -0.0625
-2.98136 -0.046875

-2.98142 -0.046875
-2.982 -0.03125

-2.98195 -0.03125
-2.98259 -0.015625

-0.953125 0.0512255
-0.9375 0.0495472

-2.9829 -0.015625
-2.9831 0

1.91315 -0.078125
1.92188 -0.0774138

-0.9375 0.0495781
-0.921875 0.0481934

-0.921875 0.048207
-0.90625 0.0470273

-2.92135 -0.125
-2.90972 -0.109375

-0.890625 0.0460245
-0.903779 0.046875

1.92188 -0.0776415
1.9375 -0.0756799

0.0625 0.052466
0.078125 0.0490474

-0.90625 0.0470125
-0.904124 0.046875

0.09375 0.045469
0.0875218 0.046875

-0.890625 0.045996
-0.875 0.045197

1.9375 -0.0758519
1.95312 -0.0723542

-2.90978 -0.109375
-2.90625 -0.101848

0.078125 0.0489462
0.0873003 0.046875

-0.875 0.0452158
-0.859375 0.0446407

1.95312 -0.0713936
1.96875 -0.067937

-0.859375 0.0446611
-0.84375 0.0442316

-2.90625 -0.101171
-2.90277 -0.09375

0.09375 0.0454988
0.109375 0.0419059

-0.84375 0.044242
-0.828125 0.0438966

0.109375 0.041877
0.125 0.0381573

-2.90327 -0.09375
-2.8985 -0.078125

-0.828125 0.04389
-0.8125 0.0436212

1.96875 -0.0664163
1.98438 -0.067963

-0.8125 0.0435964
-0.796875 0.0434668

2 -0.0785639
1.99912 -0.078125

1.98438 -0.0688876
2 -0.0766048

-0.796875 0.0434166
-0.78125 0.0435761

-0.78125 0.0434722
-0.765625 0.0442289

0.15625 0.0310341
0.155249 0.03125

0.125 0.0380925
0.140625 0.0344335

0.140625 0.0343824
0.155151 0.03125

0.15625 0.0310572
0.171875 0.0279911

-2.89965 -0.078125
-2.89383 -0.0625

1.96875 0.227497
1.9619 0.234375

-0.765625 0.0440849
-0.75 0.0459346

1.96177 0.234375
1.96472 0.25

0.171875 0.0280089
0.1875 0.0251249

-2.89433 -0.0625
-2.89062 -0.0565142

0.1875 0.0251335
0.203125 0.0223788

-0.75 0.0458797
-0.747136 0.046875

-0.741918 0.046875
-0.734375 0.0500489

1.96875 0.227535
1.98438 0.23012

-0.734375 0.0481515
-0.719936 0.0625

1.98438 0.247329
1.98145 0.25

1.98438 0.229705
1.98757 0.234375

1.98688 0.234375
1.9846 0.25

0.203125 0.0223943
0.21875 0.0197207

1.96875 0.252478
1.98438 0.25042

1.98438 0.250858
1.98523 0.25

-0.726258 0.0625
-0.71875 0.0720221

-2.89062 -0.0564159
-2.88384 -0.046875

0.21875 0.0197142
0.234375 0.017104

-0.71875 0.0716071
-0.710354 0.078125

-2.88394 -0.046875
-2.875 -0.0384302

0.25 0.0146104
0.243192 0.015625

-0.709553 0.078125
-0.703125 0.0817512

-2.875 -0.0390495
-2.86343 -0.03125

0.234375 0.0170454
0.243905 0.015625

-2.86354 -0.03125
-2.85938 -0.0287168

-0.703125 0.0808104
-0.6875 0.0840243

0.0625 0.998925
0.0594887 1

-2.85938 -0.0307118
-2.84375 -0.0202346

0.0625 0.998422
0.0656739 1

0.25 0.014359
0.265625 0.0131441

-0.6875 0.083185
-0.671875 0.0839097

0.138596 0.984375
0.140625 0.989014

-0.671875 0.0838776
-0.65625 0.0838559

0.155506 0.96875
0.154524 0.984375

-2.8125 -0.0350884
-2.81511 -0.03125

0.151681 0.984375
0.15625 0.989801

-2.84375 -0.0159318
-2.83842 -0.015625

-2.84375 -0.0132408
-2.82812 -0.0123476

0.265625 0.0126232
0.28125 0.0141913

0.28125 0.0141234
0.284838 0.015625

0.286974 0.015625
0.296875 0.020155

-0.65625 0.0839859
-0.640625 0.0830222

-0.640625 0.0832096
-0.625 0.0806691

-2.82812 -0.0162888
-2.8125 -0.0310846

-0.5625 0.0569622
-0.575887 0.0625

-0.609375 0.076044
-0.616778 0.078125

-0.625 0.0807611
-0.615623 0.078125

-0.609375 0.0759011
-0.59375 0.0704083

-0.59375 0.070619
-0.578125 0.0642557

-0.578125 0.0644706
-0.573362 0.0625

0.171875 0.960802
0.160879 0.96875

-0.5625 0.0570643
-0.546875 0.0519552

-2.78125 -0.10014
-2.78556 -0.09375

-0.546875 0.0525029
-0.53125 0.0479168

-0.515625 0.0428084
-0.529137 0.046875

0.296875 0.0212701
0.311799 0.03125

0.171875 0.961913
0.1875 0.958339

0.30513 0.03125
0.3125 0.0364306

0.15625 0.983888
0.156267 0.984375

-2.79688 -0.0653441
-2.79796 -0.0625

0.159152 0.984375
0.171875 0.992318

-2.78517 -0.09375
-2.79173 -0.078125

0.171875 0.977543
0.173815 0.984375

-2.79688 -0.06507
-2.79075 -0.078125

0.3125 0.0348795
0.328125 0.0406902

0.171875 0.988908
0.1875 0.992513

0.328125 0.0384547
0.34375 0.0401989

-0.53125 0.0483157
-0.526463 0.046875

-0.515625 0.0426903
-0.5 0.0389188

0.34375 0.040213
0.359375 0.0423333

0.359375 0.0425921
0.375 0.0445427

-2.76562 -0.114581
-2.77277 -0.109375

-2.78125 -0.0990708
-2.77228 -0.109375

0.375 0.0446319
0.390625 0.0457168

-2.76562 -0.114577
-2.75 -0.119931

-2.76562 -0.108361
-2.76511 -0.109375

0.390625 0.0455767
0.40625 0.0458976

0.40625 0.0457655
0.421875 0.045867

0.1875 0.954839
0.203125 0.962965

0.421875 0.0458266
0.4375 0.0460533

-2.78125 -0.0839468
-2.77752 -0.09375

-0.5 0.0390663
-0.484375 0.0365223

-2.78125 -0.0748411
-2.76562 -0.0694426

-2.76562 -0.0920609
-2.75 -0.0894396

-2.76562 -0.0712879
-2.75 -0.0760143

0.4375 0.0460698
0.453125 0.0464698

0.453125 0.0465369
0.466515 0.046875

-0.484375 0.0365987
-0.46875 0.0348344

0.465275 0.046875
0.46875 0.0469627

0.46875 0.0470248
0.484375 0.0470927

-2.79697 -0.0625
-2.80396 -0.046875

0.203125 0.958212
0.210768 0.96875

-0.46875 0.0348603
-0.453125 0.0336715

0.1875 0.998562
0.203125 0.990291

0.5 0.0466094
0.492444 0.046875

-2.8125 -0.0322179
-2.80304 -0.046875

0.208877 0.96875
0.207364 0.984375

-2.79688 -0.0605855
-2.79567 -0.0625

-2.77263 -0.0625
-2.76562 -0.0618484

-0.453125 0.0336266
-0.4375 0.0330511

0.484375 0.047142
0.491973 0.046875

-0.4375 0.0328242
-0.421875 0.0334059

-0.421875 0.0330184
-0.40625 0.0359861

-0.40625 0.0360593
-0.390625 0.0420415

-0.390625 0.0426081
-0.37829 0.046875

-0.385736 0.046875
-0.375 0.0505887

-2.70312 -0.126827
-2.70844 -0.125

-0.359375 0.0468363
-0.361434 0.046875

-0.375 0.0500711
-0.359375 0.049654

-2.70312 -0.127185
-2.6875 -0.134559

0.0597382 1
0.0625 1.01323

-2.6875 -0.133921
-2.6744 -0.140625

0.0625 1.01199
0.0645848 1

-2.67188 -0.141833
-2.65625 -0.151908

0.124552 1
0.125 1.0001

0.65625 -0.00014508
0.655889 0

0.65625 -0.000163788
0.671875 -0.00589761

0.671875 -0.00590676
0.6875 -0.00995781

0.18705 1
0.1875 1.00012

0.6875 -0.00989631
0.703125 -0.0122629

0.1875 1.00221
0.193057 1

-2.64062 -0.163425
-2.65083 -0.15625

-0.34375 0.0436767
-0.356149 0.046875

-0.359375 0.0483596
-0.35362 0.046875

0.703125 -0.0122353
0.71875 -0.0130955

-0.34375 0.043315
-0.328125 0.040283

-2.625 -0.173856
-2.62875 -0.171875

-0.328125 0.0403113
-0.3125 0.0393194

0.71875 -0.0130359
0.734375 -0.0125638

-0.3125 0.0393623
-0.296875 0.0402682

-2.64062 -0.164396
-2.627 -0.171875

-2.65625 -0.15256
-2.65095 -0.15625

-0.296875 0.040381
-0.28125 0.0428732

-0.28125 0.0431965
-0.265625 0.0463982

0.734375 -0.0125371
0.75 -0.0109053

-2.75 -0.118868
-2.73438 -0.120373

-2.74741 -0.109375
-2.74998 -0.09375

0.765625 0.940318
0.754522 0.953125

-0.266224 0.046875
-0.265625 0.0469977

0.761187 0.953125
0.765625 0.95721

0.75 -0.0109577
0.765625 -0.00811499

-0.265625 0.047021
-0.25 0.0490399

0.765625 -0.00815168
0.78125 -0.00391983

-2.73438 -0.118944
-2.71875 -0.121321

0.765625 0.947323
0.770946 0.953125

0.765625 0.963776
0.777797 0.953125

-0.25 0.0489782
-0.234375 0.048697

-2.73438 -0.108978
-2.73384 -0.109375

-2.74669 -0.09375
-2.74512 -0.078125

-0.21875 0.0462865
-0.224085 0.046875

-0.234375 0.0484212
-0.220358 0.046875

0.78125 -0.00387895
0.790169 0

-2.71875 -0.120091
-2.70448 -0.125

0.5 0.0465964
0.515625 0.0453246

0.515625 0.0453327
0.53125 0.0433315

-2.71875 -0.047802
-2.72082 -0.046875

-2.72105 -0.046875
-2.73225 -0.03125

-0.21875 0.0459825
-0.203125 0.0447983

-0.203125 0.0444579
-0.1875 0.0457415

0.53125 0.0434393
0.546875 0.0404771

0.546875 0.0405884
0.5625 0.0362271

0.578125 0.0306438
0.576331 0.03125

0.578125 0.0306576
0.59375 0.0250383

0.5625 0.0358689
0.576169 0.03125

0.59375 0.0250449
0.609375 0.0189488

0.625 0.012572
0.617309 0.015625

0.609375 0.01874
0.617222 0.015625

-0.1875 0.0458453
-0.183716 0.046875

0.625 0.0126218
0.640625 0.00656154

0.640625 0.00667932
0.65625 0.000394754

-2.73378 -0.03125
-2.71941 -0.015625

0.65625 0.000781138
0.658379 0

-0.18365 0.046875
-0.171875 0.0500794

-0.171875 0.0506233
-0.15625 0.0565843

-2.71875 -0.0474998
-2.71601 -0.046875

-2.71367 -0.046875
-2.70312 -0.0379134

-0.15625 0.0570456
-0.141161 0.0625

-2.70312 -0.0406601
-2.70039 -0.03125

0.795319 0
0.796875 0.000691619

0.796875 0.000453538
0.8125 0.0146566

-2.71875 -0.0168668
-2.70312 -0.0273504

0.8125 0.0186124
0.811749 0.03125

0.802431 0.03125
0.804436 0.046875

-2.70312 -0.0309854
-2.703 -0.03125

-0.1417 0.0625
-0.140625 0.0628885

2 -0.0786606
2.01562 -0.0867273

-0.140625 0.0629022
-0.125 0.0668978

0.805571 0.046875
0.8125 0.0529279

-0.125 0.0669033
-0.109375 0.0688388

2.01562 -0.0859434
2.03125 -0.0918407

-2.625 -0.175489
-2.60938 -0.174756

2.04688 -0.0971284
2.03708 -0.09375

-2.60938 -0.173712
-2.60633 -0.171875

0.8125 0.0121813
0.814975 0.015625

2.04688 -0.0970332
2.0625 -0.102312

-0.109375 0.0686515
-0.09375 0.0688905

-2.606 -0.171875
-2.59375 -0.159964

-0.09375 0.0687348
-0.078125 0.0679635

0.81659 0.015625
0.815698 0.03125

0.8125 0.0508834
0.828125 0.0567314

0.828125 0.0528427
0.84375 0.0538667

0.84375 0.0541251
0.859375 0.0575856

-0.078125 0.0678287
-0.0625 0.0666283

0.859375 0.0583378
0.875 0.0622135

2.03125 -0.0918927
2.03663 -0.09375

-2.59525 -0.15625
-2.59375 -0.153867

2.01562 -0.048579
2.01434 -0.046875

-2.59375 -0.152081
-2.58233 -0.140625

2.03125 -0.0489229
2.02092 -0.046875

0.875 0.0624229
0.875525 0.0625

2.02277 -0.046875
2.02077 -0.03125

0.9375 0.0607791
0.92887 0.0625

-2.58364 -0.140625
-2.57812 -0.137141

0 0.0616566
-0.00963863 0.0625

-2.57812 -0.137565
-2.5625 -0.135209

-0.0625 0.0665685
-0.046875 0.0653282

0.875267 0.0625
0.890625 0.0647549

0.890625 0.0646563
0.90625 0.0650717

0.90625 0.0650926
0.921875 0.0637828

0.921875 0.0636697
0.927741 0.0625

-0.046875 0.0653372
-0.03125 0.0641585

-0.03125 0.064195
-0.015625 0.0629867

-2.54688 -0.140878
-2.54851 -0.140625

-2.5625 -0.138266
-2.54724 -0.140625

-2.54688 -0.141152
-2.53125 -0.141284

0.9375 0.0610801
0.953125 0.0553325

0.96875 0.0461628
0.967589 0.046875

-0.015625 0.0629999
-0.00991176 0.0625

2.02829 -0.03125
2.03125 -0.0299581

2.03125 -0.0479497
2.03312 -0.046875

2.034 -0.046875
2.03791 -0.03125

0.953125 0.0554768
0.967296 0.046875

1 0.0097012
0.996353 0.015625

0.996687 0.015625
0.984571 0.03125

2.03125 -0.0245222
2.04431 -0.03125

0.96875 0.0464522
0.984375 0.0320227

-2.53125 -0.141501
-2.52756 -0.140625

0.984375 0.0318808
0.984937 0.03125

2.0625 -0.102455
2.07812 -0.107639

-1.89062 0.78122
-1.875 0.768539

-1.88254 0.78125
-1.875 0.786359

2.09375 -0.112355
2.08366 -0.109375

-2.52698 -0.140625
-2.51562 -0.137931

-1.875 0.776038
-1.87139 0.78125

2.07812 -0.10772
2.08373 -0.109375

-2.51562 -0.138346
-2.5 -0.129254

-1.875 0.793655
-1.86436 0.78125

2.09375 -0.112245
2.10938 -0.116301

2.10938 -0.116094
2.125 -0.120207

2.14062 -0.125149
2.14015 -0.125

2.14062 -0.125208
2.15625 -0.130557

2.15625 -0.130988
2.17188 -0.135406

-2.53125 -0.0483926
-2.53459 -0.046875

-2.54475 -0.046875
-2.54454 -0.03125

-2.53125 -0.0475407
-2.52809 -0.046875

2.17188 -0.13558
2.1875 -0.137856

-2.51695 -0.046875
-2.5173 -0.03125

-2.50824 -0.046875
-2.50905 -0.03125

2.1875 -0.137667
2.20312 -0.137832

2.20312 -0.137678
2.21875 -0.136417

2.21875 -0.136625
2.23438 -0.133833

2.23438 -0.134091
2.25 -0.128835

2.125 -0.120064
2.14062 -0.12493

-0.578125 0.560303
-0.58669 0.5625

-0.578125 0.55952
-0.572409 0.5625

-2.53125 -0.0311013
-2.53053 -0.03125

-0.587245 0.5625
-0.591742 0.578125

1.01562 -0.0440858
1.00603 -0.03125

-2.51562 -0.0311832
-2.51549 -0.03125

-0.593185 0.578125
-0.578125 0.582874

-2.98444 0
-2.98438 0.000816364

2.25 -0.128741
2.25728 -0.125

-2.98444 0.015625
-2.98438 0.0160052

1.03125 -0.0505831
1.02472 -0.046875

2.25724 -0.125
2.26562 -0.120693

1.01562 -0.0408171
1.02324 -0.046875

2.26562 -0.120497
2.28125 -0.110311

-0.572786 0.5625
-0.570712 0.578125

2.28125 -0.109994
2.28213 -0.109375

-0.578125 0.583507
-0.569983 0.578125

2.28213 -0.109375
2.29688 -0.0986766

2.29688 -0.0987737
2.30345 -0.09375

1.00794 -0.03125
1.00629 -0.015625

1.0114 -0.015625
1.00833 0

-2.98329 0
-2.98206 0.015625

1.03125 -0.0500946
1.04688 -0.0557941

2.30353 -0.09375
2.3125 -0.0864991

-2.9819 0.015625
-2.97919 0.03125

2.3125 -0.0864337
2.32144 -0.078125

2.32163 -0.078125
2.32812 -0.0712516

2.32812 -0.071054
2.33539 -0.0625

1.04688 -0.0556005
1.0625 -0.059545

2.33556 -0.0625
2.34375 -0.0514229

2.34375 -0.0509742
2.34659 -0.046875

2.3467 -0.046875
2.35687 -0.03125

2.35649 -0.03125
2.35938 -0.026934

2.35938 -0.026312
2.3669 -0.015625

2.36704 -0.015625
2.375 -0.00655351

1.09375 -0.0643001
1.07868 -0.0625

1.09375 -0.0643992
1.10938 -0.0647354

-2.98445 0.03125
-2.98438 0.0316472

-2.98448 0.046875
-2.98438 0.0511402

-2.97878 0.03125
-2.97572 0.046875

1.10938 -0.0647457
1.125 -0.0632914

1.0625 -0.0593901
1.07812 -0.0622767

2.375 -0.00533451
2.38139 0

-2.97518 0.046875
-2.97369 0.0625

-2.96875 0.0609805
-2.96852 0.0625

1.07812 -0.0622144
1.08052 -0.0625

-2.98438 0.0755399
-2.98469 0.078125

1.125 -0.0626811
1.12563 -0.0625

2.46875 -0.00776854
2.45617 0

-2.98707 0.078125
-2.98438 0.0896497

2.46875 -0.00882247
2.48438 -0.0150556

2.48438 -0.0136422
2.5 -0.0145235

1.13106 -0.0625
1.14062 -0.0597403

1.14062 -0.0595356
1.15625 -0.0504741

-2.97632 0.0625
-2.97675 0.078125

-2.97926 0.078125
-2.97313 0.09375

1.15625 -0.0505758
1.16107 -0.046875

1.16 -0.046875
1.17188 -0.0365894

1.17188 -0.0367146
1.17796 -0.03125

2.38206 0
2.39062 0.00633044

1.17424 -0.03125
1.1875 -0.0209611

1.1875 -0.0223628
1.20188 -0.015625

-3 0.122165
-2.96875 0.121657

-2.96746 0.0625
-2.96549 0.078125

-2.96838 0.078125
-2.96306 0.09375

1.20312 -0.0159916
1.20423 -0.015625

1.20394 -0.015625
1.21875 -0.0106991

2.39062 0.00642004
2.40625 0.0131256

2.40625 0.0135435
2.42188 0.0145687

2.42188 0.0134984
2.4375 0.0101482

1.21875 -0.0108416
1.23438 -0.00582732

2.4375 0.0107066
2.45312 0.00400472

2.45312 0.00539988
2.46187 0

-2.96649 0.09375
-2.96075 0.109375

1.23438 -0.00564058
1.25 -0.000907769

2.45312 0.0165188
2.45439 0.015625

-2.96152 0.109375
-2.95542 0.125

1.25 -0.000806763
1.25334 0

1.35938 -0.0460145
1.35369 -0.03125

1.375 -0.0569462
1.36233 -0.046875

1.35938 -0.0418764
1.36195 -0.046875

1.35767 -0.03125
1.35938 -0.0207654

1.35938 -0.00370435
1.35625 0

1.35938 -0.0193431
1.35998 -0.015625

1.35938 -0.000329817
1.36584 -0.015625

1.40625 -0.0650475
1.39491 -0.0625

1.40625 -0.0648658
1.42188 -0.0667444

2.5 -0.0139727
2.51562 -0.0134309

2.51562 -0.0133201
2.53125 -0.0126785

2.53125 -0.0127307
2.54688 -0.0121065

1.42188 -0.0666678
1.4375 -0.0674441

1.375 -0.055599
1.39062 -0.061976

1.39062 -0.0615595
1.39481 -0.0625

1.4375 -0.0674219
1.45312 -0.0672937

2.54688 -0.0121058
2.5625 -0.0113958

1.45312 -0.0672656
1.46875 -0.0663334

-2.99401 0.125
-2.97014 0.15625

-2.99075 0.15625
-2.96875 0.179023

-2.95459 0.125
-2.95312 0.128829

1.46875 -0.0662935
1.48438 -0.0646936

1.48438 -0.0646255
1.5 -0.0625739

2.5625 -0.0114287
2.57812 -0.0105687

1.49993 -0.0625
1.5 -0.0624904

-2.95312 0.132405
-2.94926 0.140625

2.57812 -0.0105746
2.59375 -0.00948706

1 0.00921059
1.00567 0

2.59375 -0.00949085
2.60938 -0.00815638

2.60938 -0.00813725
2.625 -0.00658652

-2.94748 0.140625
-2.94007 0.15625

2.625 -0.00656572
2.64062 -0.00487861

2.64062 -0.00485485
2.65625 -0.00312047

1.25307 0
1.26562 0.00302993

1.26562 0.00323616
1.28125 0.00529638

-2.96875 0.162014
-2.95312 0.167532

-2.96299 0.171875
-2.95312 0.175062

-2.9375 0.168451
-2.93878 0.171875

1.28125 0.00506384
1.29688 0.00543944

1.29688 0.00512114
1.3125 0.00491381

2.65625 -0.00310473
2.67188 -0.00140207

1.3125 0.00499574
1.32812 0.00467822

-2.95312 0.174645
-2.9375 0.184622

2.67188 -0.00139385
2.68531 0

-2.9375 0.16043
-2.92978 0.171875

-2.9375 0.172901
-2.92188 0.178724

-2.92188 0.178989
-2.90625 0.183318

-2.90625 0.179485
-2.89469 0.1875

1.32812 0.00523849
1.34375 0.00352636

2.96875 -0.156443
2.96856 -0.15625

-2.9375 0.188233
-2.92188 0.200628

-2.92188 0.20155
-2.91567 0.203125

1.34375 0.00545742
1.35396 0

1.35938 0.00196158
1.36162 0

-2.91207 0.203125
-2.90625 0.204674

-2.89062 0.187631
-2.89438 0.203125

-2.90625 0.207931
-2.89662 0.203125

3 -0.0788397
2.999 -0.078125

3 -0.0713299
2.99522 -0.0625

2.99709 -0.0625
3 -0.0477574

2.99088 -0.046875
3 -0.0397464

-2.89062 0.187951
-2.8906 0.1875

2.68526 0
2.6875 0.000232809

2.6875 0.000224852
2.70312 0.00175451

2.70312 0.00173609
2.71875 0.00321782

2.71875 0.00318103
2.73438 0.00472524

2.73438 0.00466722
2.75 0.00646354

2.64062 0.27809
2.63499 0.28125

2.64062 0.278419
2.64638 0.28125

2.63622 0.28125
2.64062 0.293514

2.64062 0.293902
2.64569 0.28125

2.71875 0.432418
2.71432 0.4375

2.73438 0.387356
2.73038 0.390625

2.73153 0.390625
2.73438 0.405002

2.73438 0.388208
2.74399 0.390625

2.73438 0.404634
2.74242 0.390625

2.71875 0.406328
2.72011 0.40625

2.71875 0.438201
2.72096 0.4375

-2.5 -0.129027
-2.49525 -0.125

-2.49462 -0.125
-2.48438 -0.112662

-2.48527 -0.109375
-2.48438 -0.107926

-2.48438 -0.112371
-2.48254 -0.109375

-2.48438 -0.107862
-2.47519 -0.09375

-2.48662 -0.078125
-2.48987 -0.0625

-2.46875 -0.0841675
-2.47013 -0.078125

-2.48438 -0.0656921
-2.48354 -0.0625

2.75 0.0063803
2.76562 0.00871125

2.76562 0.00860843
2.78125 0.0118461

2.78125 0.0117453
2.79457 0.015625

-2.46724 -0.09375
-2.46804 -0.078125

-2.46875 -0.065026
-2.45952 -0.0625

-2.45312 -0.0644234
-2.4375 -0.0640136

2.79457 0.015625
2.79688 0.0162977

2.79688 0.0162074
2.8125 0.022453

2.8125 0.0222891
2.82812 0.0307353

-2.49039 -0.0625
-2.48438 -0.0555301

-2.48438 -0.0597616
-2.46875 -0.0548948

-2.46875 -0.0618185
-2.46562 -0.0625

2.82812 0.0306058
2.82913 0.03125

2.82906 0.03125
2.84375 0.0418716

-2.4375 -0.0634826
-2.42188 -0.0634503

-2.42188 -0.0633402
-2.40625 -0.0649673

-2.40625 -0.0657525
-2.39062 -0.0676889

2.84375 0.0419313
2.84947 0.046875

2.84935 0.046875
2.85938 0.0566498

2.85938 0.0566766
2.86459 0.0625

-2.39062 -0.0684548
-2.375 -0.0675983

2.86464 0.0625
2.875 0.076058

-2.375 -0.0684524
-2.36163 -0.0625

2.875 0.24742
2.87315 0.25

2.875 0.0760915
2.8764 0.078125

2.87649 0.078125
2.8857 0.09375

2.88579 0.09375
2.89062 0.10517

2.89062 0.105982
2.89206 0.109375

-2.36103 -0.0625
-2.35938 -0.0617483

-2.35938 -0.0623359
-2.34474 -0.046875

-2.34558 -0.046875
-2.34375 -0.04184

2.89201 0.109375
2.89664 0.125

-2.34375 -0.0413486
-2.3401 -0.03125

-2.34198 -0.03125
-2.33968 -0.015625

-2.34337 -0.015625
-2.33315 0

2.8967 0.125
2.89982 0.140625

2.8998 0.140625
2.90134 0.15625

2.90135 0.15625
2.90132 0.171875

2.90125 0.171875
2.89974 0.1875

2.89994 0.1875
2.89669 0.203125

2.89672 0.203125
2.89127 0.21875

2.89062 0.220026
2.88357 0.234375

2.875 0.247518
2.884 0.234375

2.89062 0.220135
2.8913 0.21875

2.9375 0.245527
2.93173 0.25

3 0.155613
2.99965 0.15625

2.99439 0.15625
2.97724 0.1875

-2.15625 -0.0182807
-2.1584 -0.015625

-2.15817 -0.015625
-2.17053 0

-2.14062 -0.0362572
-2.14544 -0.03125

2.96875 0.215035
2.96651 0.21875

2.9375 0.24745
2.96235 0.21875

2.96875 0.213607
2.98421 0.1875

-2.125 -0.0493331
-2.12802 -0.046875

-2.14062 -0.0362628
-2.12888 -0.046875

2.8125 0.321197
2.80834 0.328125

2.80756 0.328125
2.79953 0.34375

2.79688 0.346087
2.79216 0.359375

-2.15625 -0.0182393
-2.14503 -0.03125

2.78419 0.359375
2.79251 0.375

2.79688 0.355283
2.79793 0.359375

-2 -0.12588
-2.00368 -0.125

-2.09375 -0.0738407
-2.10751 -0.0625

-2.0625 -0.0965852
-2.06707 -0.09375

-2.07812 -0.0878116
-2.09039 -0.078125

-2.09375 -0.0742182
-2.08913 -0.078125

-2.07812 -0.0874301
-2.06824 -0.09375

2.79688 0.370381
2.8125 0.367177

2.84375 0.279952
2.84251 0.28125

2.82812 0.296583
2.82788 0.296875

2.82788 0.296875
2.81675 0.3125

2.84245 0.28125
2.82846 0.296875

2.85938 0.264197
2.85795 0.265625

2.84375 0.280153
2.85793 0.265625

2.85938 0.265133
2.87308 0.25

-2.125 -0.0495081
-2.10938 -0.0616863

-2.10938 -0.0619614
-2.10868 -0.0625

-2.0625 -0.0966243
-2.04688 -0.106036

-2.03125 -0.115564
-2.04235 -0.109375

-2.04688 -0.106186
-2.04116 -0.109375

-2.03125 -0.115522
-2.01562 -0.122

-2.01562 -0.122057
-2.00333 -0.125

2.875 0.310332
2.87279 0.3125

-2.4375 0.081163
-2.45217 0.09375

-2.45312 0.0962271
-2.45674 0.109375

-2.45771 0.109375
-2.45312 0.118371

-2.45312 0.096412
-2.45231 0.09375

-2.45312 0.117002
-2.44361 0.125

-2.4375 0.079675
-2.42188 0.0823893

-2.42188 0.0787706
-2.40625 0.0923064

-2.42188 0.118207
-2.43459 0.125

-2.41641 0.09375
-2.4117 0.109375

2.8125 0.322064
2.81776 0.3125

2.84375 0.337344
2.83609 0.34375

-2.42188 0.116874
-2.40625 0.112669

-2.40625 0.0897727
-2.39816 0.09375

-2.40625 0.102718
-2.39062 0.103267

-2.40625 0.119025
-2.39319 0.125

2.8125 0.3572
2.84375 0.345391

2.84375 0.337277
2.87427 0.3125

2.84375 0.34391
2.84394 0.34375

2.78111 0.375
2.78125 0.375099

-2.39059 0.09375
-2.375 0.106089

-2.375 0.110556
-2.38531 0.125

-2.44717 0.125
-2.4375 0.128765

2.75 0.409238
2.7539 0.40625

2.80004 0.375
2.8125 0.377142

2.90625 0.27787
2.90268 0.28125

2.875 0.309796
2.90541 0.28125

2.93563 0.25
2.9063 0.28125

-2.4375 0.127376
-2.42921 0.125

3.125 -0.188524
3.11736 -0.1875

3.0625 -0.125346
3.06283 -0.125

3 -0.070932
3.03125 -0.0638529

3.03125 -0.063503
3.03163 -0.0625

-2.40518 0.125
-2.39062 0.127569

-2.39062 0.125871
-2.38872 0.125

-2.33151 0
-2.32812 0.00290081

-2.32812 0.00196509
-2.3125 0.0131765

-2.375 0.106846
-2.37408 0.109375

3 -0.0485858
3.02674 -0.0625

3.03125 -0.0169954
3.02404 0

3.0625 -0.00442732
3.04122 0

3.0625 -0.0627463
3.06262 -0.0625

3.125 -0.000667851
3.12072 0

3.125 -0.125189
3.12519 -0.125

3.5 -0.000886951
3.47262 0

3.03125 0.0253354
3.0282 0.03125

3.02986 0.03125
3.02381 0.0625

-2.3125 0.0831544
-2.32365 0.09375

-2.32819 0.109375
-2.32812 0.109496

-2.32549 0.09375
-2.32404 0.109375

-2.32812 0.109762
-2.3125 0.120731

-2.3125 0.0117793
-2.3068 0.015625

-2.30713 0.015625
-2.29688 0.0227036

-2.29688 0.022987
-2.28709 0.03125

-2.28466 0.03125
-2.28125 0.0356695

3.03125 0.0186736
3.05674 0

3.02839 0.0625
3.02454 0.09375

3.02341 0.09375
3.01486 0.125

3.0625 0.0156417
3.10618 0

3 0.159895
3.01698 0.125

3.125 0.00954854
3.20981 0

3.25 0.00420302
3.37278 0

4 -0.00275733
3.70609 0

3.5 0.00060205
3.56366 0

-2.28125 0.0344018
-2.27312 0.046875

-2.27518 0.046875
-2.27267 0.0625

-2.3125 0.0807841
-2.29688 0.0841824

-2.28125 0.0761366
-2.28242 0.078125

-2.29686 0.078125
-2.28847 0.09375

-2.3125 0.118938
-2.29688 0.112379

-2.28955 0.09375
-2.29427 0.109375

-2.29688 0.110734
-2.29564 0.109375

-2.28125 0.0649158
-2.27102 0.078125

-2.27562 0.078125
-2.26562 0.0790305

-2.26562 0.0760824
-2.25 0.0730812

-2.23438 0.0624753
-2.23442 0.0625

-2.23438 0.0624526
-2.21875 0.0530635

-2.1875 0.0215485
-2.19574 0.03125

-2.20312 0.0398327
-2.21116 0.046875

-2.21875 0.0522439
-2.21194 0.046875

-2.20312 0.0390641
-2.19569 0.03125

-2.25 0.0690019
-2.23792 0.0625

-2.17188 0.00207107
-2.18265 0.015625

-2.1875 0.0213561
-2.1828 0.015625

-2.17188 0.00170573
-2.17055 0

-2 -0.125821
-1.98438 -0.126661

-1.98438 -0.127014
-1.97207 -0.125

-1.97441 -0.125
-1.96875 -0.124074

-1.96875 -0.123542
-1.95312 -0.118714

-1.95312 -0.118535
-1.9375 -0.113407

-1.9375 -0.1137
-1.92587 -0.109375

-1.92496 -0.109375
-1.92188 -0.108228

-1.92188 -0.108371
-1.90625 -0.100328

-1.90625 -0.100391
-1.89723 -0.09375

-1.89638 -0.09375
-1.89062 -0.0889593

-1.89062 -0.0888922
-1.88129 -0.078125

-1.8818 -0.078125
-1.875 -0.0666151

-1.92188 -0.0349004
-1.92935 -0.03125

-1.92188 -0.0338403
-1.91311 -0.03125

-1.92549 -0.03125
-1.93624 -0.015625

-1.92924 -0.015625
-1.92947 0

-1.91495 -0.03125
-1.90625 -0.0265798

-1.90625 -0.021405
-1.90283 -0.015625

-1.90406 -0.015625
-1.90124 0

-1.875 -0.0664308
-1.87279 -0.0625

-1.87326 -0.0625
-1.86641 -0.046875

-1.86587 -0.046875
-1.8612 -0.03125

-1.86083 -0.03125
-1.86016 -0.015625

-1.86132 -0.015625
-1.86307 0

-1.6875 -0.00157371
-1.70101 0

-1.6875 -0.0016929
-1.67188 -0.00323127

-1.67188 -0.00312854
-1.65625 -0.00435703

-1.65625 -0.00425244
-1.64062 -0.00558568

-1.64062 -0.00553111
-1.625 -0.00728743

-1.625 -0.00728935
-1.60938 -0.00957404

-1.60938 -0.00958936
-1.59375 -0.0123679

-1.59375 -0.0123965
-1.57812 -0.0155812

-1.5625 -0.0191447
-1.5778 -0.015625

-1.57812 -0.0155675
-1.57787 -0.015625

-1.5625 -0.0194801
-1.54688 -0.0228743

-1.54688 -0.0235627
-1.53125 -0.0247102

-1.53125 -0.0252278
-1.51562 -0.022571

-1.52654 -0.015625
-1.51562 -0.0129836

-1.51562 -0.0214429
-1.5 -0.0209929

-1.51562 -0.0131116
-1.5 -0.0133485

-1.9299 0
-1.93013 0.015625

-1.9308 0.015625
-1.92879 0.03125

-1.92911 0.03125
-1.92288 0.046875

-1.92341 0.046875
-1.92188 0.0493861

-1.92188 0.0492466
-1.91088 0.0625

-1.90372 0
-1.89884 0.015625

-1.90302 0.015625
-1.89062 0.0292544

-1.89062 0.0287782
-1.875 0.0274472

-1.91117 0.0625
-1.90625 0.0668148

-1.90625 0.0668519
-1.89062 0.0756978

-1.89062 0.0747426
-1.875 0.0776767

-1.86077 0
-1.86725 0.015625

-1.875 0.0256581
-1.86571 0.015625

-1.8125 0.0563716
-1.82152 0.0625

-1.875 0.0774663
-1.85938 0.07682

-1.85938 0.0767814
-1.84375 0.0730525

-1.84375 0.0730612
-1.82812 0.0663095

-1.82812 0.0661965
-1.82236 0.0625

-1.78125 0.0269822
-1.78654 0.03125

-1.79688 0.0409898
-1.80327 0.046875

-1.8125 0.0555154
-1.80246 0.046875

-1.79688 0.0407798
-1.7857 0.03125

-1.78125 0.0269347
-1.76562 0.0166711

-1.75 0.00977191
-1.7626 0.015625

-1.76562 0.0170757
-1.7625 0.015625

-1.75 0.00977499
-1.73438 0.00480711

-1.73438 0.00500174
-1.71875 0.0019453

-1.71875 0.00221306
-1.70312 0.00014327

-1.70312 0.000227961
-1.70117 0

-1.67188 0.299598
-1.66915 0.296875

-1.46875 -0.0350787
-1.47586 -0.03125

-1.5 -0.0197997
-1.48438 -0.0254546

-1.5 -0.0152027
-1.49904 -0.015625

-1.48438 -0.0255772
-1.47342 -0.03125

-1.45312 -0.0499036
-1.45995 -0.046875

-1.46875 -0.0360137
-1.45312 -0.041589

-1.45312 -0.0505278
-1.43906 -0.046875

-1.45312 -0.0417874
-1.4375 -0.0374911

-1.4375 -0.048245
-1.43606 -0.046875

-1.4375 -0.037201
-1.42737 -0.03125

-1.43365 -0.03125
-1.42188 -0.0249538

-1.42188 -0.0243698
-1.40625 -0.0214801

-1.39062 -0.0317435
-1.39269 -0.03125

-1.39062 -0.03249
-1.38041 -0.03125

-1.40625 -0.0231253
-1.39062 -0.0268655

-1.38431 -0.03125
-1.375 -0.0270553

-1.375 -0.0338121
-1.3708 -0.03125

-1.37479 -0.03125
-1.36468 -0.015625

-1.36902 -0.015625
-1.37029 0

-1.3125 -0.0606824
-1.3241 -0.046875

-1.32306 -0.046875
-1.32743 -0.03125

-1.32664 -0.03125
-1.32566 -0.015625

-1.32586 -0.015625
-1.32071 0

-1.29688 -0.0687842
-1.30744 -0.0625

-1.28125 -0.0786012
-1.28289 -0.078125

-1.29688 -0.0684337
-1.28125 -0.0726979

-1.28125 -0.074386
-1.26562 -0.0714894

-1.26562 -0.0690322
-1.25346 -0.0625

-1.3125 -0.0603536
-1.30937 -0.0625

-1.25377 -0.0625
-1.25 -0.0604746

-1.25 -0.0601978
-1.23438 -0.0521058

-1.23438 -0.0528861
-1.22346 -0.046875

-1.22327 -0.046875
-1.21875 -0.044385

-1.21875 -0.0444835
-1.20312 -0.0333865

-1.20312 -0.0334065
-1.20048 -0.03125

-1.20099 -0.03125
-1.1875 -0.0196371

-1.1875 -0.0195885
-1.18326 -0.015625

-1.18318 -0.015625
-1.17188 -0.00420939

-1.17188 -0.00442015
-1.16783 0

-1.375 0.0146499
-1.37529 0.015625

-1.37626 0.015625
-1.38141 0.03125

-1.38212 0.03125
-1.38416 0.046875

-1.38419 0.046875
-1.38164 0.0625

-1.38158 0.0625
-1.375 0.0769831

-1.375 0.0151662
-1.37054 0

-1.32048 0
-1.3125 0.0134677

-1.375 0.0776994
-1.37481 0.078125

-1.37482 0.078125
-1.36262 0.09375

-1.36257 0.09375
-1.35938 0.0969928

-1.35938 0.0969917
-1.34411 0.109375

-1.34375 0.108811
-1.34275 0.109375

-1.34263 0.109375
-1.32812 0.11756

-1.32812 0.117071
-1.3125 0.124851

-1.3125 0.0135858
-1.31129 0.015625

-1.3111 0.015625
-1.29844 0.03125

-1.29863 0.03125
-1.29688 0.0331485

-1.29688 0.0331313
-1.28222 0.046875

-1.28223 0.046875
-1.28125 0.0476665

-1.28125 0.0476476
-1.26562 0.0582479

-1.26562 0.0578095
-1.25591 0.0625

-1.3125 0.124824
-1.31218 0.125

-1.25631 0.0625
-1.25 0.0655462

-1.31125 0.125
-1.29688 0.13308

-1.29688 0.132977
-1.28655 0.140625

-1.28536 0.140625
-1.28125 0.143931

-1.28125 0.144142
-1.26989 0.15625

-1.27097 0.15625
-1.26562 0.163521

-1.26562 0.16329
-1.25896 0.171875

-1.26179 0.171875
-1.25 0.183292

-1.25 0.0654206
-1.23438 0.0706614

-1.23438 0.0705657
-1.21875 0.0737118

-1.21875 0.0737543
-1.20312 0.0749121

-1.20312 0.0751076
-1.1875 0.0738012

-1.16733 0
-1.15625 0.0148564

-1.15625 0.0588263
-1.15986 0.0625

-1.15625 0.0150431
-1.15588 0.015625

-1.15545 0.015625
-1.14878 0.03125

-1.14779 0.03125
-1.14853 0.046875

-1.15625 0.0586966
-1.14816 0.046875

-1.1875 0.0742353
-1.17188 0.0692056

-1.17188 0.0696072
-1.16168 0.0625

-1.25 0.182836
-1.23859 0.1875

-1.21875 0.185177
-1.22616 0.1875

-1.1875 0.151802
-1.19327 0.15625

-1.20312 0.166332
-1.20809 0.171875

-1.21875 0.184038
-1.20481 0.171875

-1.20312 0.166412
-1.19201 0.15625

-1.24049 0.1875
-1.23438 0.189641

-1.23438 0.188758
-1.22996 0.1875

-1.1875 0.152124
-1.17188 0.143892

-1.15625 0.140589
-1.15637 0.140625

-1.17188 0.144921
-1.15767 0.140625

-1.15625 0.140596
-1.14062 0.136514

-1.14062 0.136637
-1.125 0.132187

-1.09375 0.120425
-1.10414 0.125

-1.09375 0.120263
-1.07812 0.111534

-1.0625 0.100977
-1.07467 0.109375

-1.07812 0.11155
-1.07478 0.109375

-1 0.0607189
-1.00423 0.0625

-1.04688 0.0882491
-1.05407 0.09375

-1.03125 0.0763518
-1.03382 0.078125

-1.04688 0.087914
-1.0334 0.078125

-1.0625 0.10042
-1.05381 0.09375

-1.03125 0.0762308
-1.01562 0.0670394

-1.01562 0.0670257
-1.00486 0.0625

-1.125 0.13231
-1.10938 0.127002

-1.10938 0.127086
-1.10464 0.125

