-4 -0.00190296
-3.73897 0

-3.63192 0
-3.5 0.000961744

-3.5 -0.00195554
-3.42381 0

-3.25 -0.00280234
-3.21498 0

-3.125 -0.00386452
-3.10539 0

-3.39229 0
-3.25 0.00370464

-3.20705 0
-3.125 0.00725458

-3.10428 0
-3.0625 0.0121088

-3.0625 0.000324671
-3.03125 0.0204357

-3.03276 0.03125
-3.03125 0.0343116

-3 0.0271412
-3.0302 0.03125

-3.02244 0.03125
-3.01464 0.0625

-3.02452 0.0625
-3.01398 0.09375

-3.0095 0.09375
-3 0.119663

-3.01894 0.125
-3 0.152715

1.53125 0.0550252
1.52739 0.0625

1.5625 0.0212074
1.54788 0.03125

1.54688 0.0323847
1.53464 0.046875

1.53125 0.0550016
1.53548 0.046875

1.54688 0.0329403
1.54898 0.03125

1.52745 0.0625
1.52265 0.078125

1.52247 0.078125
1.52116 0.09375

1.51562 0.119399
1.50999 0.125

1.52291 0.09375
1.52192 0.109375

1.52549 0.109375
1.51619 0.125

1.5625 0.0220975
1.57812 0.0173662

1.57812 0.0182575
1.59375 0.0161511

1.60938 0.0143535
1.60078 0.015625

1.59375 0.0166865
1.60092 0.015625

1.60938 0.0139824
1.625 0.0111784

1.5 0.13452
1.51249 0.125

1.5 0.145162
1.50275 0.140625

1.51562 0.125428
1.51609 0.125

-2.9375 -0.195304
-2.94222 -0.1875

1.59375 0.149217
1.59005 0.15625

-2.96875 -0.125169
-2.96883 -0.125

1.5924 0.15625
1.59375 0.160859

-2.95312 -0.178664
-2.95612 -0.171875

-2.95312 -0.156949
-2.95325 -0.15625

-2.95312 -0.172607
-2.94629 -0.1875

-2.95312 -0.160948
-2.9512 -0.171875

-2.95312 -0.154141
-2.95994 -0.140625

-2.96875 -0.13554
-2.96545 -0.140625

-2.95312 -0.15447
-2.95223 -0.15625

1.59375 0.152536
1.60938 0.152701

1.60938 0.150138
1.61275 0.15625

1.59375 0.163225
1.60938 0.163752

-2.90625 -0.235867
-2.93352 -0.21875

-2.92188 -0.216225
-2.9291 -0.203125

1.60597 0.171875
1.60938 0.171958

1.60938 0.16302
1.61115 0.15625

1.60938 0.173477
1.61114 0.171875

-2.9375 -0.199328
-2.93443 -0.203125

-2.92188 -0.215053
-2.91941 -0.21875

-2.90625 -0.234412
-2.90591 -0.234375

1.625 0.0103
1.64062 0.00952219

1.64062 0.00896055
1.65625 0.013089

-2.90625 -0.231481
-2.89062 -0.229866

-2.89062 -0.228619
-2.875 -0.226483

-2.89062 -0.189259
-2.89356 -0.1875

-2.89062 -0.191869
-2.875 -0.189959

-2.90372 -0.1875
-2.90461 -0.171875

-0.890625 -0.131427
-0.903437 -0.125

1.65625 0.0134184
1.66002 0.015625

-2.9025 -0.171875
-2.89062 -0.165565

-2.89062 -0.16854
-2.88147 -0.171875

-2.97275 -0.125
-2.98705 -0.09375

-0.890625 -0.13137
-0.875 -0.13888

-2.99118 -0.09375
-2.9939 -0.078125

-2.99102 -0.078125
-2.98678 -0.0625

-2.98518 -0.0625
-2.98438 -0.0544923

-2.98456 -0.046875
-2.98703 -0.03125

-2.98438 -0.0596301
-2.98311 -0.046875

-1 -0.0673589
-0.984375 -0.0774561

1.66018 0.015625
1.67188 0.023129

-0.96875 -0.0874568
-0.983293 -0.078125

-0.984375 -0.0779723
-0.984132 -0.078125

-0.953125 -0.0971966
-0.958679 -0.09375

-0.953125 -0.0972315
-0.9375 -0.106486

-0.96875 -0.0876745
-0.958959 -0.09375

-0.921875 -0.115301
-0.932404 -0.109375

-0.9375 -0.106713
-0.93277 -0.109375

-0.921875 -0.115308
-0.90625 -0.123589

-0.90625 -0.123719
-0.903696 -0.125

-0.859375 -0.146226
-0.871211 -0.140625

-0.875 -0.138926
-0.87141 -0.140625

1.67188 0.023927
1.68018 0.03125

1.67991 0.03125
1.6875 0.0385145

1.6875 0.0392481
1.69515 0.046875

1.69551 0.046875
1.70312 0.0542588

1.70312 0.0548118
1.71148 0.0625

1.71198 0.0625
1.71875 0.0685036

1.71875 0.0690904
1.72982 0.078125

1.73011 0.078125
1.73438 0.0814448

1.73438 0.0818259
1.75 0.092649

1.75 0.0936819
1.75016 0.09375

1.7501 0.09375
1.76562 0.100339

1.76562 0.099937
1.78125 0.10107

1.8125 0.0853169
1.80053 0.09375

1.78125 0.101392
1.79688 0.0971856

1.79688 0.0988416
1.80652 0.09375

1.82812 0.0698149
1.81557 0.078125

1.8125 0.085211
1.82076 0.078125

-2.9874 -0.03125
-2.99063 -0.015625

-2.99081 -0.015625
-2.99371 0

-2.875 -0.226564
-2.85938 -0.226239

-2.85938 -0.226331
-2.84375 -0.227472

-2.875 -0.199536
-2.86117 -0.1875

-2.85938 -0.194404
-2.85731 -0.1875

-2.84375 -0.227942
-2.82812 -0.229426

-2.82812 -0.229438
-2.8125 -0.2303

-2.86743 -0.1875
-2.87345 -0.171875

-2.8125 -0.230292
-2.79688 -0.230525

-2.79688 -0.230299
-2.78125 -0.230373

1.82812 0.0715166
1.84375 0.0681412

1.82812 0.0782359
1.82847 0.078125

1.8125 0.102901
1.82202 0.09375

1.82812 0.0944935
1.82856 0.09375

1.84375 0.0692104
1.85938 0.0679675

1.84964 0.078125
1.85938 0.0829246

1.85938 0.0669874
1.875 0.0644071

1.86363 0.078125
1.86279 0.09375

1.8583 0.09375
1.85938 0.0959442

1.86083 0.09375
1.875 0.104956

1.875 0.0660657
1.89062 0.0634172

1.875 0.0869984
1.87712 0.09375

1.89062 0.0644756
1.90625 0.0639971

1.88205 0.09375
1.87675 0.109375

1.90625 0.064169
1.92188 0.0643159

1.92188 0.0643163
1.9375 0.0647439

1.9375 0.0647572
1.95312 0.0654379

1.95312 0.0654278
1.96875 0.0663551

1.96875 0.0663617
1.98438 0.0675425

1.98438 0.0675387
2 0.0689672

0.0625 0.990036
0.0547294 1

0.0625 0.998726
0.078125 0.990847

0.078125 0.988578
0.09375 0.999461

0.09375 0.991443
0.100949 1

0.125 0.981539
0.120046 0.984375

0.121161 0.984375
0.122105 1

0.140625 0.980369
0.125612 0.984375

0.126878 0.984375
0.13985 1

0.140625 0.979769
0.155411 0.984375

0.152277 0.984375
0.141741 1

0.1875 0.967903
0.185615 0.96875

0.171875 0.981452
0.166294 0.984375

0.15625 0.986387
0.171875 0.988199

0.184536 0.96875
0.175167 0.984375

0.177648 0.984375
0.1875 0.996133

0.1875 0.968068
0.191299 0.96875

0.203125 0.968488
0.203464 0.96875

0.188094 0.96875
0.203125 0.973062

0.1875 0.994603
0.203125 0.993023

0.203125 0.974065
0.209459 0.984375

0.212722 0.984375
0.206674 1

0.21875 0.985476
0.218866 0.984375

0.053418 1
0.0625 1.01291

0.0625 1.00275
0.09375 1.00314

0.09375 1.00284
0.115837 1

0.155715 1
0.15625 1.00006

0.177605 1
0.1875 1.00263

0.1875 1.00483
0.210518 1

0.21875 1.00125
0.21977 1

0.765625 0.940999
0.755724 0.953125

0.758518 0.953125
0.765625 0.95909

0.765625 0.944423
0.772828 0.953125

0.765625 0.962063
0.776334 0.953125

1.1875 0.505514
1.17843 0.515625

1.17774 0.515625
1.18561 0.53125

1.1875 0.50502
1.20312 0.512315

1.20312 0.518297
1.18776 0.53125

1.20312 0.512096
1.20454 0.515625

1.20312 0.517968
1.20379 0.515625

0 0.0240431
0.0145386 0.03125

0.015625 0.0302026
0.019125 0.03125

0.0147844 0.03125
0.015625 0.0316487

0.0156803 0.03125
0.03125 0.0359092

0.03125 0.034036
0.046875 0.0404828

0.046875 0.0413306
0.0564523 0.046875

0.0545465 0.046875
0.0625 0.0514794

0.0625 0.0513803
0.078125 0.0593203

0.078125 0.0586841
0.0851774 0.0625

0.0879294 0.0625
0.09375 0.0656609

0.09375 0.0655642
0.108343 0.078125

0.108113 0.078125
0.109375 0.0796453

0.109375 0.0796848
0.119651 0.09375

0.118178 0.09375
0.125 0.106257

0.125 0.106188
0.126732 0.109375

0.126558 0.109375
0.135408 0.125

0.13437 0.125
0.140625 0.134041

0.140625 0.13351
0.146473 0.140625

0.14447 0.140625
0.15625 0.1503

0.15625 0.149205
0.171875 0.155749

0.171875 0.15472
0.181784 0.15625

0.180185 0.15625
0.1875 0.15738

0.21875 0.155692
0.213211 0.15625

0.1875 0.157196
0.203125 0.15741

0.203125 0.157229
0.212845 0.15625

0.21875 0.155517
0.234375 0.152793

0.234375 0.152535
0.25 0.149481

-2.78125 -0.230468
-2.76562 -0.230647

-2.76562 -0.230649
-2.75 -0.230742

1.1875 0.531431
1.18826 0.53125

1.17188 0.747308
1.16518 0.75

1.17188 0.746276
1.18182 0.75

1.16401 0.75
1.15813 0.765625

1.15692 0.765625
1.17188 0.774246

1.17972 0.75
1.18516 0.765625

1.17188 0.774249
1.18633 0.765625

2 0.0689709
2.01562 0.0706474

2.01562 0.0706466
2.03125 0.0725653

2.03125 0.0725653
2.04688 0.0747279

2.04688 0.0747213
2.0625 0.077141

2.0625 0.0771249
2.06818 0.078125

2.06831 0.078125
2.07812 0.079853

2.07812 0.0798982
2.09375 0.0829638

2.09375 0.0829664
2.10938 0.086268

2.10938 0.0862603
2.125 0.0898082

2.125 0.0897566
2.14062 0.093669

2.14062 0.0936767
2.14089 0.09375

2.14094 0.09375
2.15625 0.0980567

2.15625 0.0980858
2.17188 0.102923

2.17188 0.102876
2.1875 0.108191

2.1875 0.108193
2.19061 0.109375

2.1907 0.109375
2.20312 0.114096

2.20312 0.114314
2.21875 0.120496

0.25 0.149017
0.265625 0.147074

0.265625 0.146322
0.28125 0.147924

0.28125 0.146838
0.296875 0.155663

0.296875 0.155473
0.297778 0.15625

0.297395 0.15625
0.310514 0.171875

0.30552 0.171875
0.3125 0.181663

0.34375 0.148406
0.339977 0.15625

0.3125 0.181983
0.324946 0.1875

0.341947 0.15625
0.338075 0.171875

0.34375 0.173856
0.332553 0.1875

0.359375 0.131052
0.345229 0.140625

0.34375 0.148569
0.350064 0.140625

-0.859375 -0.146167
-0.84375 -0.15366

-0.828125 -0.161418
-0.838421 -0.15625

-2.51562 -0.251465
-2.5 -0.255944

2.21875 0.12048
2.23038 0.125

-2.75 -0.230821
-2.73438 -0.230664

-2.73438 -0.230578
-2.71875 -0.230186

-0.828125 -0.161444
-0.8125 -0.169757

-0.84375 -0.153698
-0.838665 -0.15625

-0.765625 -0.195154
-0.780858 -0.1875

-0.765625 -0.194794
-0.75 -0.202345

-0.796875 -0.178457
-0.808787 -0.171875

-0.8125 -0.169922
-0.808965 -0.171875

-0.796875 -0.178602
-0.78125 -0.187134

2.23058 0.125
2.23438 0.126477

2.23438 0.126759
2.25 0.132347

-2.71875 -0.229716
-2.70312 -0.230201

-2.70312 -0.230577
-2.6875 -0.232126

-2.67188 -0.234848
-2.68117 -0.234375

-2.6875 -0.23252
-2.67188 -0.233315

-2.67188 -0.235695
-2.65625 -0.235071

2.20312 0.388641
2.20072 0.390625

2.20118 0.390625
2.19339 0.40625

-0.78125 -0.187293
-0.780837 -0.1875

-2.67188 -0.232382
-2.65625 -0.231484

-2.65625 -0.235826
-2.64062 -0.235029

-2.65625 -0.231142
-2.64062 -0.230373

-2.64062 -0.234453
-2.63874 -0.234375

-2.64062 -0.231646
-2.625 -0.231153

0.359375 0.129589
0.375 0.134968

-2.625 -0.230458
-2.60938 -0.23119

2.21875 0.383426
2.20381 0.390625

-2.60938 -0.231898
-2.59375 -0.233831

-0.71875 -0.225688
-0.726426 -0.21875

-0.734375 -0.211105
-0.74718 -0.203125

2.20312 0.392783
2.20534 0.390625

-0.75 -0.202039
-0.748091 -0.203125

2.19578 0.40625
2.20312 0.421602

-0.734375 -0.210839
-0.724859 -0.21875

-2.57812 -0.235354
-2.58926 -0.234375

-0.703125 -0.239239
-0.710148 -0.234375

2.20312 0.419963
2.20406 0.421875

2.20447 0.421875
2.21875 0.435775

2.21875 0.385408
2.23438 0.384995

-2.59375 -0.234067
-2.59025 -0.234375

-2.57812 -0.235008
-2.5625 -0.236216

0.360004 0.140625
0.375 0.148244

-2.5625 -0.236123
-2.54688 -0.23809

-2.54688 -0.236905
-2.53125 -0.24219

2.23438 0.385303
2.25 0.387718

-2.53125 -0.244264
-2.51859 -0.25

-0.71875 -0.226843
-0.708962 -0.234375

2.21875 0.436291
2.2211 0.4375

0.313899 0.1875
0.328125 0.191643

0.328125 0.190413
0.334036 0.1875

-2.99525 0
-2.99476 0.015625

2.22113 0.4375
2.23438 0.444276

-2.99354 0.015625
-2.98722 0.03125

0.375 0.13267
0.385135 0.140625

-2.98438 0.00553607
-2.98288 0.015625

-0.703125 -0.238959
-0.6875 -0.245228

-2.98438 0.0230886
-2.98021 0.03125

0.375 0.147751
0.390625 0.154716

2.23438 0.444515
2.25 0.443921

0.390625 0.149015
0.40625 0.150717

0.40625 0.150237
0.421875 0.153878

-2.9924 0.03125
-2.98438 0.0466593

-2.98744 0.046875
-2.98476 0.0625

0.421875 0.155192
0.427482 0.15625

0.424065 0.15625
0.4375 0.158785

2.25 0.132351
2.26562 0.136997

2.26562 0.136896
2.28057 0.140625

2.28086 0.140625
2.28125 0.140723

2.28125 0.140725
2.29688 0.144221

2.29688 0.144121
2.3125 0.14755

2.3125 0.147429
2.32812 0.15123

2.32812 0.151077
2.34375 0.155797

2.34375 0.155676
2.34519 0.15625

2.34525 0.15625
2.35938 0.161882

2.35938 0.162064
2.375 0.169727

-0.6875 -0.244285
-0.671875 -0.247008

-0.671875 -0.247258
-0.65625 -0.247825

-0.65625 -0.248439
-0.640625 -0.245121

0.4375 0.157771
0.453125 0.158137

-0.640625 -0.246191
-0.625 -0.235656

0.453125 0.157809
0.46875 0.157953

-2.98141 0.03125
-2.97471 0.046875

-2.97652 0.046875
-2.97467 0.0625

-2.96875 0.0508803
-2.96793 0.0625

0.46875 0.157845
0.484375 0.158637

0.484375 0.158517
0.5 0.160413

2.375 0.170352
2.37821 0.171875

2.37811 0.171875
2.39062 0.177812

2.39062 0.178111
2.40625 0.183326

2.40625 0.182797
2.42188 0.186257

2.42188 0.186097
2.42899 0.1875

2.42899 0.1875
2.4375 0.189178

2.4375 0.189386
2.45312 0.191999

2.45312 0.191911
2.46875 0.193817

2.46875 0.193681
2.48438 0.195328

2.48438 0.195233
2.5 0.197081

2.25 0.385733
2.2598 0.390625

2.25913 0.390625
2.26562 0.395155

2.26562 0.393134
2.27549 0.40625

2.26562 0.433666
2.26104 0.4375

-0.62583 -0.234375
-0.625 -0.23369

-2.9873 0.0625
-2.98623 0.078125

-0.640625 -0.156278
-0.640662 -0.15625

-2.98543 0.078125
-2.9872 0.09375

0.5 0.160298
0.515625 0.163768

-2.97665 0.0625
-2.97545 0.078125

2.27525 0.40625
2.27485 0.421875

2.26562 0.433512
2.27415 0.421875

0.515625 0.163712
0.53125 0.169098

0.53125 0.16924
0.537723 0.171875

-2.97568 0.078125
-2.97089 0.09375

-2.96875 0.0970709
-2.99323 0.125

-2.96875 0.0701798
-2.96824 0.078125

2.25 0.443929
2.26048 0.4375

0.536224 0.171875
0.546875 0.176211

0.546875 0.176279
0.5625 0.181975

-0.640685 -0.15625
-0.64499 -0.140625

-2.96274 0.09375
-2.9662 0.109375

-2.96816 0.109375
-2.96272 0.125

0.5625 0.182142
0.578125 0.186258

-3 0.130796
-2.96875 0.150656

-3 0.161988
-2.96875 0.172365

-0.643278 -0.140625
-0.640625 -0.136229

-2.96741 0.125
-2.95577 0.140625

0.578125 0.186239
0.587295 0.1875

-2.95418 0.140625
-2.95321 0.15625

0.586535 0.1875
0.59375 0.188492

-2.95312 0.156356
-2.96558 0.171875

0.59375 0.187736
0.609375 0.189256

2.99999 -0.15625
3 -0.155449

-0.640625 -0.15322
-0.625 -0.155881

3 -0.0796078
2.9974 -0.078125

-2.96875 0.179959
-2.95312 0.173198

0.609375 0.189465
0.625 0.191333

-2.96925 0.1875
-2.96875 0.187624

3 -0.0760968
2.99405 -0.0625

0.625 0.191559
0.640625 0.192905

0.640625 0.193022
0.65625 0.19316

-2.96875 0.188679
-2.96604 0.1875

0.65625 0.193099
0.671875 0.191912

-0.640625 -0.133893
-0.625 -0.130882

2.99878 -0.0625
3 -0.0530001

2.98952 -0.046875
3 -0.0345304

0.671875 0.191668
0.6875 0.189769

2.5 0.197039
2.51562 0.199361

2.51562 0.199362
2.53125 0.202241

-0.625671 -0.125
-0.625 -0.12488

0.71875 0.186943
0.709612 0.1875

0.71875 0.187246
0.734375 0.186357

0.734375 0.18697
0.75 0.184288

-0.625 -0.236204
-0.623133 -0.234375

2.53125 0.202125
2.5355 0.203125

0.6875 0.189536
0.703125 0.18788

0.703125 0.187865
0.709115 0.1875

2.53553 0.203125
2.54688 0.205794

2.54688 0.2057
2.5625 0.210602

-2.5 -0.256612
-2.48438 -0.256655

-2.48438 -0.257086
-2.46875 -0.250498

2.5625 0.210598
2.57812 0.216926

-2.46875 -0.251028
-2.46716 -0.25

2.57812 0.216908
2.5818 0.21875

2.58184 0.21875
2.59375 0.224718

-2.39062 -0.251054
-2.3922 -0.25

-0.625 -0.232777
-0.609738 -0.21875

0.828125 0.115728
0.815926 0.125

-0.612767 -0.21875
-0.609375 -0.215814

-2.39062 -0.252267
-2.375 -0.259998

-0.609375 -0.214251
-0.59375 -0.210121

0.828125 0.115521
0.84375 0.110712

-2.35938 -0.265802
-2.36002 -0.265625

-0.578125 -0.219315
-0.580297 -0.21875

2.59375 0.224739
2.60938 0.234097

-0.578125 -0.219745
-0.5625 -0.220885

-2.375 -0.261039
-2.35938 -0.265351

-0.59375 -0.214959
-0.579178 -0.21875

-2.35938 -0.264916
-2.34375 -0.264592

-0.625 -0.154754
-0.619355 -0.140625

-2.34375 -0.264283
-2.32812 -0.260819

-0.625 -0.127915
-0.617403 -0.140625

-2.32812 -0.260868
-2.3125 -0.254783

-0.5625 -0.220536
-0.551154 -0.21875

-2.3125 -0.254325
-2.30291 -0.25

-0.551248 -0.21875
-0.546875 -0.218062

-2.46929 -0.25
-2.46875 -0.249772

0.84375 0.110952
0.859375 0.113998

-2.46875 -0.248424
-2.45312 -0.238385

-0.546875 -0.217939
-0.53125 -0.212855

-2.45312 -0.237376
-2.44418 -0.234375

-0.53125 -0.212779
-0.515625 -0.205487

2.60938 0.234049
2.60988 0.234375

-0.515625 -0.205298
-0.511824 -0.203125

2.60988 0.234375
2.625 0.245028

-2.44946 -0.234375
-2.4375 -0.230396

0.859375 0.115156
0.875 0.123261

-2.4375 -0.232644
-2.42188 -0.233373

-0.511845 -0.203125
-0.5 -0.196326

0.75 0.184931
0.765625 0.177942

2.625 0.244916
2.6314 0.25

0.78125 0.165281
0.773172 0.171875

0.765625 0.17773
0.773538 0.171875

-0.625 -0.122235
-0.620164 -0.125

2.63122 0.25
2.64062 0.25823

-2.40625 -0.238005
-2.41395 -0.234375

0.796875 0.147236
0.789039 0.15625

-0.546875 -0.121615
-0.553199 -0.109375

2.64062 0.257876
2.64798 0.265625

-0.554194 -0.109375
-0.546875 -0.0964082

-2.42188 -0.233028
-2.41901 -0.234375

-0.546875 -0.122276
-0.53125 -0.115722

-2.40625 -0.243028
-2.39587 -0.25

-0.546875 -0.0982775
-0.53125 -0.104458

0.8125 0.12937
0.802065 0.140625

0.796875 0.14679
0.802237 0.140625

-2.30497 -0.25
-2.29688 -0.246348

-0.546875 -0.0931714
-0.543199 -0.09375

-0.53125 -0.0929721
-0.530485 -0.09375

-2.29688 -0.246505
-2.28125 -0.240957

-2.28125 -0.241221
-2.26562 -0.23735

-2.26562 -0.237263
-2.25 -0.234717

-0.515625 -0.00733759
-0.526302 0

-0.515625 -0.00584567
-0.5 -0.00595735

0.78125 0.164464
0.789097 0.15625

0.8125 0.129389
0.817565 0.125

2.64802 0.265625
2.65625 0.277011

2.65625 0.276484
2.65932 0.28125

2.6593 0.28125
2.6658 0.296875

-2.25 -0.235335
-2.24342 -0.234375

0.875 0.124214
0.876353 0.125

-2.24344 -0.234375
-2.23438 -0.233052

2.66554 0.296875
2.6679 0.3125

2.66749 0.3125
2.66706 0.328125

2.66656 0.328125
2.66514 0.34375

-2.23438 -0.23315
-2.21875 -0.229707

-0.53125 0.00952371
-0.531512 0.015625

-0.53125 0.0119114
-0.529132 0

0.96875 0.122703
0.96073 0.125

-0.527717 0.015625
-0.515625 0.0255664

2.66482 0.34375
2.66405 0.359375

-0.515625 0.0242262
-0.5 0.0272582

0.96875 0.122835
0.984375 0.122954

-2.21875 -0.229445
-2.20312 -0.225172

2.66402 0.359375
2.66462 0.375

2.66494 0.375
2.66635 0.390625

2.66669 0.390625
2.66759 0.40625

2.66786 0.40625
2.66704 0.421875

-2.20312 -0.224326
-2.1875 -0.221439

-2.1875 -0.221947
-2.17188 -0.221121

-2.17188 -0.221535
-2.15625 -0.220924

2.66605 0.421875
2.66492 0.4375

2.65598 0.4375
2.65625 0.439765

0.984375 0.123224
0.990659 0.125

0.877209 0.125
0.890625 0.133659

-0.5 -0.196039
-0.486218 -0.1875

-0.486293 -0.1875
-0.484375 -0.186328

-0.484375 -0.186216
-0.46875 -0.176683

2.65079 0.453125
2.65625 0.460838

2.65384 0.46875
2.65625 0.470897

2.65961 0.4375
2.66927 0.453125

2.66168 0.453125
2.67188 0.457184

2.67188 0.450659
2.6875 0.452261

2.67188 0.453365
2.67315 0.453125

2.6865 0.46875
2.6875 0.468774

0.890625 0.133143
0.904256 0.140625

2.70312 0.435716
2.70037 0.4375

0.895527 0.140625
0.90625 0.1465

-0.46875 -0.176427
-0.460571 -0.171875

2.70312 0.435647
2.71875 0.426842

-0.460378 -0.171875
-0.453125 -0.167838

0.90625 0.140203
0.913 0.140625

-0.453125 -0.16794
-0.4375 -0.16017

0.90625 0.145671
0.921875 0.146186

-0.4375 -0.160154
-0.430438 -0.15625

2.71875 0.426826
2.75 0.410012

2.6875 0.443154
2.70348 0.4375

-2.15625 -0.222739
-2.14265 -0.21875

-0.427411 -0.15625
-0.421875 -0.153188

-2.14062 -0.221364
-2.13574 -0.21875

-2.14494 -0.21875
-2.14062 -0.217484

2.9375 0.244912
2.93242 0.25

2.99236 0.15625
2.97558 0.1875

-0.421875 -0.154342
-0.407856 -0.140625

-0.406448 -0.140625
-0.40625 -0.138744

0.9375 0.136465
0.92821 0.140625

-0.405951 -0.140625
-0.404521 -0.125

2.96875 0.217023
2.96779 0.21875

-2.14062 -0.215819
-2.125 -0.207496

0.921875 0.144402
0.930311 0.140625

-2.12573 -0.203125
-2.125 -0.20274

2.9375 0.24801
2.96359 0.21875

-2.15625 -0.137197
-2.16742 -0.125

-2.14062 -0.158872
-2.14261 -0.15625

2.96875 0.21328
2.98289 0.1875

2.8125 0.363629
2.79782 0.375

2.875 0.308829
2.8712 0.3125

0.9375 0.135676
0.953125 0.128014

0.953125 0.127452
0.961688 0.125

-2.125 -0.17247
-2.1264 -0.171875

-2.14062 -0.159262
-2.125 -0.170764

-2.14062 -0.153939
-2.15179 -0.140625

2.84375 0.337256
2.83588 0.34375

2.8125 0.365696
2.83992 0.34375

0.991384 0.125
1 0.127436

-0.4375 -0.100098
-0.441202 -0.09375

-0.442578 -0.09375
-0.437904 -0.078125

-0.5 -0.00583858
-0.489706 0

-0.484375 -0.000177326
-0.484163 0

-0.4375 -0.0251446
-0.443495 -0.015625

-0.444638 -0.015625
-0.439863 0

-0.421875 -0.110942
-0.424153 -0.109375

2.84375 0.340765
2.875 0.312759

-0.4375 -0.0993265
-0.428744 -0.109375

-0.40625 -0.124193
-0.420208 -0.109375

2.78125 0.391984
2.75983 0.40625

2.75 0.411656
2.75867 0.40625

2.78125 0.389741
2.80015 0.375

2.90625 0.276569
2.90215 0.28125

-0.4375 -0.0795361
-0.436853 -0.078125

-0.435102 -0.078125
-0.421875 -0.0681676

-0.421875 -0.070518
-0.40625 -0.0644506

2.90542 0.28125
2.87517 0.3125

2.90625 0.278852
2.93349 0.25

2.875 0.312843
2.87535 0.3125

3 -0.125061
3.00047 -0.125

3.0625 -0.188324
3.07205 -0.1875

3.0625 -0.125404
3.06288 -0.125

1 0.127757
1.01562 0.135701

3 -0.0722678
3.02628 -0.0625

-0.40625 -0.124337
-0.405897 -0.125

-2.15625 -0.13669
-2.15247 -0.140625

-0.40625 -0.065851
-0.400981 -0.0625

-2.14062 -0.15357
-2.13812 -0.15625

-0.421875 -0.0336622
-0.42695 -0.03125

-2.1875 -0.0933574
-2.19282 -0.078125

-0.421875 -0.03204
-0.40625 -0.0331514

-2.19436 -0.078125
-2.1942 -0.0625

-0.4375 -0.0241448
-0.428073 -0.03125

-2.19602 -0.0625
-2.1875 -0.050303

-2.17188 -0.120154
-2.17972 -0.109375

1.01562 0.136047
1.02248 0.140625

1.02271 0.140625
1.03125 0.146414

-0.4375 -0.00199995
-0.432746 0

-0.409351 -0.03125
-0.40625 -0.0283279

3 -0.038702
3.01458 -0.0625

3.03125 -0.0178527
3.02177 0

-2.17935 -0.109375
-2.18738 -0.09375

-2.17188 -0.120125
-2.16815 -0.125

1.03125 0.146902
1.04347 0.15625

1.04323 0.15625
1.04688 0.159066

-0.421875 -0.00367912
-0.406399 -0.015625

3.0625 -0.00434405
3.04171 0

-0.395763 -0.0625
-0.390625 -0.0548354

1.04688 0.159346
1.0625 0.170867

-0.390625 -0.0434112
-0.399442 -0.03125

3.0625 -0.0627566
3.06264 -0.0625

-0.390625 -0.0547178
-0.3877 -0.046875

1.0625 0.171335
1.06352 0.171875

-0.390625 -0.0328989
-0.390135 -0.03125

3.125 -0.000620534
3.12077 0

-0.40625 -0.0199525
-0.390625 -0.0227538

1.06258 0.171875
1.07812 0.180135

-0.390625 -0.0240093
-0.375 -0.0193656

3.5 -0.00104536
3.46477 0

-2.1875 -0.0925814
-2.18709 -0.09375

1.07812 0.179972
1.09375 0.183451

-2.125 -0.0641854
-2.12866 -0.0625

-0.375 -0.0235823
-0.359375 -0.0249366

-2.1875 -0.0514168
-2.1801 -0.046875

-0.359375 -0.025018
-0.34375 -0.0237976

1.125 0.13356
1.12091 0.140625

-0.34375 -0.0237254
-0.328125 -0.0199118

3.03125 0.0211843
3.02587 0.03125

-2.1792 -0.046875
-2.17188 -0.0444545

1.12049 0.140625
1.11928 0.15625

-2.17188 -0.0469798
-2.15625 -0.0507035

1.09375 0.184073
1.10938 0.181777

-2.17188 -0.0468547
-2.17179 -0.046875

3.02772 0.03125
3.02215 0.0625

3.03125 0.0158174
3.05395 0

-0.328125 -0.0199204
-0.317407 -0.015625

-2.15625 -0.0517739
-2.14062 -0.0578882

-0.317475 -0.015625
-0.3125 -0.013631

-2.14062 -0.0576637
-2.13011 -0.0625

-0.3125 -0.0130679
-0.296875 -0.0055218

-0.296875 -0.00438097
-0.283537 0

-2.125 -0.204384
-2.10938 -0.203827

-2.125 -0.202855
-2.10938 -0.202515

3.02683 0.0625
3.02317 0.09375

-2.10938 -0.206543
-2.09375 -0.215344

3.02184 0.09375
3.0134 0.125

3.0625 0.014279
3.10529 0

1.125 0.15819
1.12154 0.171875

3 0.157785
3.01552 0.125

3.125 0.0085507
3.20655 0

1.10938 0.185203
1.125 0.172067

-0.265625 -0.000179856
-0.270839 0

-2.07812 -0.226115
-2.08925 -0.21875

-0.265625 -0.000340891
-0.25 -0.00525489

-2.0625 -0.237093
-2.06767 -0.234375

3.25 0.00368206
3.36717 0

1.14062 0.115266
1.13215 0.125

4 -0.00264499
3.69236 0

-2.07812 -0.227107
-2.0644 -0.234375

1.15625 0.0990554
1.14652 0.109375

3.5 0.000542929
3.56269 0

-0.25 -0.00648031
-0.234375 -0.0112362

-2.09375 -0.217288
-2.09149 -0.21875

2.15625 0.638263
2.15394 0.640625

1.14062 0.115477
1.14626 0.109375

2.15368 0.640625
2.15625 0.652522

2.15625 0.638024
2.16867 0.640625

-0.234375 -0.0116646
-0.21875 -0.0128921

1.17188 0.083001
1.1613 0.09375

-0.21875 -0.0123014
-0.203125 -0.0103252

1.1875 0.0680149
1.17664 0.078125

-0.203125 -0.00963192
-0.1875 -0.00701971

2.15625 0.649553
2.16564 0.640625

-0.1875 -0.00687727
-0.171875 -0.00530049

1.17188 0.0827626
1.17661 0.078125

-2.125 -0.172206
-2.12362 -0.171875

-0.171875 -0.00540688
-0.15625 -0.00493762

1.15625 0.0987633
1.16106 0.09375

-2.12293 -0.171875
-2.10938 -0.164182

-0.15625 -0.00504063
-0.140625 -0.00526006

-2.10938 -0.163969
-2.10423 -0.15625

-2.10656 -0.15625
-2.10179 -0.140625

-2.10379 -0.140625
-2.10004 -0.125

1.20312 0.0546782
1.19361 0.0625

-2.0625 -0.23715
-2.04688 -0.239969

-2.0625 -0.232326
-2.05114 -0.234375

1.21875 0.0432119
1.21335 0.046875

1.20312 0.0545813
1.21395 0.046875

1.25 0.0281041
1.24183 0.03125

1.21875 0.0431514
1.23438 0.0346902

-2.04688 -0.238849
-2.03125 -0.236241

-2.03841 -0.234375
-2.03125 -0.23318

-2.03125 -0.234842
-2.02994 -0.234375

-2.02818 -0.234375
-2.01562 -0.229903

-2.01562 -0.229365
-2 -0.222913

-2.09849 -0.125
-2.09483 -0.109375

-2.09375 -0.108664
-2.09552 -0.09375

1.23438 0.0355843
1.24563 0.03125

1.1875 0.0678129
1.19368 0.0625

-0.140625 -0.00531614
-0.125 -0.00590606

-2.125 -0.0633516
-2.10938 -0.075056

-0.125 -0.00596795
-0.109375 -0.00669239

1.125 0.134684
1.13095 0.125

-2.09506 -0.09375
-2.10567 -0.078125

-0.109375 -0.00681109
-0.09375 -0.00730886

-2.10938 -0.0752773
-2.10651 -0.078125

-2.09375 -0.109287
-2.09374 -0.109375

1.125 0.158537
1.12524 0.15625

1.125 0.176921
1.12758 0.171875

-0.09375 -0.00750584
-0.078125 -0.00714557

-0.078125 -0.00729994
-0.0625 -0.00537896

1.20312 0.466404
1.18798 0.46875

-2.39062 0.497268
-2.39277 0.5

-0.0625 -0.00513872
-0.046875 -0.00182877

1.20312 0.465537
1.20647 0.46875

1.19076 0.46875
1.20312 0.483312

1.1875 0.499183
1.18982 0.5

1.20551 0.46875
1.20334 0.484375

-2.39062 0.496828
-2.375 0.494339

-0.046875 -0.00105945
-0.0435607 0

-2.375 0.491393
-2.367 0.5

-0.5 0.0293541
-0.484375 0.0201032

1.25 0.0285494
1.26562 0.0251477

1.26562 0.0256848
1.28125 0.0246863

1.25 0.0317697
1.25239 0.03125

1.28125 0.0249591
1.29688 0.0248234

-2.01562 0.239388
-2.02043 0.25

-0.483229 0
-0.477919 0.015625

-2.01562 0.240807
-2 0.244814

-0.484375 0.0281375
-0.475785 0.015625

-0.44456 0
-0.4375 0.00676367

-0.4375 0.00458637
-0.421875 0.00387124

1.29688 0.02466
1.3125 0.0251682

-0.285402 0
-0.28125 0.00136393

-2.125 0.36998
-2.12996 0.375

-0.28125 0.00126923
-0.265625 0.000730241

-2.12902 0.375
-2.12538 0.390625

-0.265625 0.000554915
-0.263861 0

-2.125 0.370933
-2.10938 0.374526

-2.02032 0.25
-2.01562 0.25933

-2.01562 0.258567
-2 0.255007

1.3125 0.0244557
1.32812 0.0273596

-2.125 0.389764
-2.10985 0.375

1.32812 0.0269046
1.33655 0.03125

1.33759 0.03125
1.34375 0.0345187

-0.0374469 0
-0.03125 0.0019809

-2.3931 0.5
-2.39176 0.515625

-0.03125 0.00208503
-0.015625 0.0109264

-0.015625 0.0118313
-0.0101271 0.015625

-0.0117107 0.015625
0 0.0236453

-2.39357 0.515625
-2.39062 0.518513

-2.39062 0.513694
-2.3878 0.515625

1.34375 0.0350403
1.35657 0.046875

1.35594 0.046875
1.35938 0.0512582

1.35938 0.0513456
1.36759 0.0625

1.36671 0.0625
1.375 0.0755557

-2.39062 0.516894
-2.375 0.517632

1.375 0.0762724
1.37615 0.078125

1.3759 0.078125
1.38741 0.09375

1.38699 0.09375
1.39062 0.0979135

1.39062 0.0979959
1.40297 0.109375

-2.36993 0.5
-2.37296 0.515625

1.40304 0.109375
1.40625 0.111814

1.40625 0.111898
1.42188 0.120855

1.42188 0.120456
1.4354 0.125

1.5 0.122545
1.48889 0.125

1.43654 0.125
1.4375 0.125324

1.4375 0.12512
1.45312 0.128635

1.45312 0.127822
1.46875 0.132325

1.46875 0.131751
1.48438 0.13592

1.47516 0.140625
1.48438 0.147572

1.48438 0.136105
1.5 0.131848

1.48438 0.14991
1.5 0.141958

1.47575 0.15625
1.48438 0.166488

1.48438 0.163398
1.49717 0.15625

-2 -0.221882
-1.98913 -0.21875

-1.98835 -0.21875
-1.98438 -0.217605

-1.98438 -0.217675
-1.96875 -0.216602

-1.95312 -0.218977
-1.95811 -0.21875

-1.95312 -0.220196
-1.94586 -0.21875

-1.96875 -0.217157
-1.95312 -0.21787

-1.94652 -0.21875
-1.9375 -0.216937

-1.9375 -0.219148
-1.93671 -0.21875

-1.9375 -0.216899
-1.92188 -0.205734

-1.92188 -0.203245
-1.92162 -0.203125

-1.92188 -0.199356
-1.90625 -0.193106

-1.90625 -0.196951
-1.89062 -0.200685

-1.875 -0.205518
-1.88533 -0.203125

-1.89062 -0.201875
-1.88523 -0.203125

-1.875 -0.205487
-1.85938 -0.206632

-1.85938 -0.206162
-1.84375 -0.20582

-1.84375 -0.205927
-1.82812 -0.204824

-1.82812 -0.204673
-1.81454 -0.203125

-1.8144 -0.203125
-1.8125 -0.202909

-1.8125 -0.202894
-1.79688 -0.200737

-1.79688 -0.20064
-1.78125 -0.198303

-1.78125 -0.19817
-1.76562 -0.196115

-1.76562 -0.196058
-1.75 -0.194666

-1.75 -0.194728
-1.73438 -0.193986

-1.73438 -0.194063
-1.71875 -0.193695

-1.71875 -0.193769
-1.70312 -0.19347

-1.70312 -0.193527
-1.6875 -0.193034

-1.6875 -0.193061
-1.67188 -0.192207

-1.67188 -0.192205
-1.65625 -0.190943

-1.65625 -0.19092
-1.64062 -0.189299

-1.64062 -0.189245
-1.62569 -0.1875

-1.62562 -0.1875
-1.625 -0.187427

-1.625 -0.187419
-1.60938 -0.1855

-1.60938 -0.185527
-1.59375 -0.183464

-1.59375 -0.18347
-1.57812 -0.181194

-1.57812 -0.181176
-1.5625 -0.178711

-1.5625 -0.178678
-1.54688 -0.176126

-1.54688 -0.176096
-1.53125 -0.173583

-1.53125 -0.173575
-1.52015 -0.171875

-1.52023 -0.171875
-1.51562 -0.171171

-1.51562 -0.171174
-1.5 -0.168935

-2 0.245028
-1.9983 0.25

-2 0.254382
-1.99837 0.25

-1.85938 0.4678
-1.84375 0.468306

-1.85938 0.469469
-1.86273 0.484375

-1.86414 0.484375
-1.85938 0.491536

-1.85938 0.470128
-1.84375 0.473572

-1.85938 0.490591
-1.84375 0.489285

-1.84375 0.473244
-1.84174 0.484375

-1.84375 0.488922
-1.84107 0.484375

-1.5 -0.168964
-1.48438 -0.166828

-1.48438 -0.166892
-1.46875 -0.164674

-1.46875 -0.164773
-1.45312 -0.162146

-1.45312 -0.162214
-1.4375 -0.158845

-1.4375 -0.158766
-1.42768 -0.15625

-1.4281 -0.15625
-1.42188 -0.154656

-1.42188 -0.154425
-1.40625 -0.150617

-1.40625 -0.15043
-1.39062 -0.147785

-1.39062 -0.147858
-1.375 -0.146607

-1.45312 -0.0199766
-1.45652 -0.015625

-1.45725 -0.015625
-1.45971 0

-1.45312 -0.0188886
-1.4375 -0.0304683

-1.4375 -0.0278678
-1.42188 -0.0301036

-1.42188 -0.0298758
-1.40625 -0.0284243

-1.40625 -0.028866
-1.39062 -0.0232997

-1.39062 -0.0232615
-1.37905 -0.015625

-1.37951 -0.015625
-1.375 -0.0125996

-1.375 -0.146951
-1.35938 -0.146259

-1.35938 -0.146538
-1.34375 -0.14516

-1.34375 -0.14524
-1.32812 -0.142457

-1.32812 -0.142517
-1.32093 -0.140625

-1.32212 -0.140625
-1.3125 -0.138096

-1.3125 -0.137846
-1.29688 -0.133421

-1.29688 -0.133427
-1.28125 -0.12944

-1.28125 -0.129607
-1.26562 -0.125711

-1.26562 -0.125845
-1.26243 -0.125

-1.375 -0.012104
-1.36087 0

-1.26307 -0.125
-1.25 -0.121546

-1.26562 -0.000247365
-1.26605 0

-1.25 -0.00533556
-1.26226 0

-1.25 -0.121537
-1.23438 -0.117263

-1.23438 -0.117437
-1.21875 -0.11275

-1.21875 -0.112915
-1.20893 -0.109375

-1.20944 -0.109375
-1.20312 -0.1071

-1.20312 -0.107008
-1.1875 -0.100644

-1.25 -0.00473033
-1.23438 -0.00967645

-1.23438 -0.0097035
-1.21875 -0.0143744

-1.20312 -0.0208479
-1.21599 -0.015625

-1.21875 -0.0144749
-1.21517 -0.015625

-1.20312 -0.0210544
-1.1875 -0.0283908

-1.1875 -0.100654
-1.17188 -0.093948

-1.16861 -0.09375
-1.15625 -0.0853156

-1.15625 -0.086274
-1.14845 -0.078125

-1.14694 -0.078125
-1.14269 -0.0625

-1.17188 -0.036368
-1.18123 -0.03125

-1.15625 -0.0470088
-1.15638 -0.046875

-1.17188 -0.0361006
-1.15722 -0.046875

-1.1875 -0.0284295
-1.18235 -0.03125

-1.14354 -0.0625
-1.15454 -0.046875

-1.14062 -0.00256386
-1.15322 0

-1.14062 -0.0019204
-1.125 -0.00531907

-1.125 -0.00533196
-1.10938 -0.0103286

-1.09375 -0.0158963
-1.09457 -0.015625

-1.10938 -0.0110474
-1.09559 -0.015625

-1.07812 -0.0211608
-1.09271 -0.015625

-1.07812 -0.0216517
-1.0625 -0.0293009

-1 -0.0671621
-1.00714 -0.0625

-1.04688 -0.037553
-1.05838 -0.03125

-1.03125 -0.0470442
-1.03154 -0.046875

-1.04688 -0.0379818
-1.03185 -0.046875

-1.0625 -0.0302064
-1.0606 -0.03125

-1.03125 -0.0470817
-1.01562 -0.0569178

-1.01562 -0.0573635
-1.00776 -0.0625

-1.4571 0
-1.45312 0.0065002

-1.45312 0.00592266
-1.44663 0.015625

-1.44477 0.015625
-1.4375 0.023585

-1.4375 0.0857454
-1.44195 0.09375

-1.44325 0.09375
-1.44564 0.109375

-1.44833 0.109375
-1.4375 0.124848

-1.4375 0.0233477
-1.43044 0.03125

-1.42856 0.03125
-1.42188 0.0431881

-1.42188 0.0423896
-1.41963 0.046875

-1.41932 0.046875
-1.42079 0.0625

-1.4227 0.0625
-1.43142 0.078125

-1.4375 0.0861524
-1.43305 0.078125

-1.4375 0.122654
-1.42978 0.125

-1.40625 0.107845
-1.40798 0.109375

-1.42188 0.121562
-1.40625 0.109722

-1.375 0.0862026
-1.38772 0.09375

-1.40625 0.107604
-1.39062 0.0952389

-1.39062 0.0954089
-1.38783 0.09375

-1.43806 0.125
-1.4375 0.125356

-1.4375 0.125459
-1.42188 0.125907

-1.36199 0
-1.35938 0.00234952

-1.35938 0.00241838
-1.34375 0.0150948

-1.34378 0.015625
-1.34375 0.0156492

-1.34375 0.0152276
-1.34305 0.015625

-1.34375 0.015691
-1.32812 0.0244815

-1.32812 0.0231777
-1.3125 0.0294976

-1.3125 0.0604837
-1.31529 0.0625

-1.375 0.0861744
-1.35938 0.0795797

-1.34375 0.0754951
-1.35168 0.078125

-1.35938 0.0794891
-1.35526 0.078125

-1.34375 0.0758852
-1.32812 0.0691308

-1.32812 0.0685909
-1.31885 0.0625

-1.3125 0.0281328
-1.30662 0.03125

-1.28125 0.0139237
-1.2824 0.015625

-1.28159 0.015625
-1.28711 0.03125

-1.30183 0.03125
-1.29688 0.0441939

-1.3125 0.0601928
-1.30048 0.046875

-1.29688 0.0347357
-1.28958 0.03125

-1.28125 0.0139569
-1.26655 0

-1.28125 0.0291538
-1.2797 0.03125

-1.26562 0.00115942
-1.26144 0

-1.26562 0.0305664
-1.25 0.0243314

-1.28125 0.0338325
-1.26562 0.0377888

-1.23438 0.0142991
-1.23837 0.015625

-1.25 0.0230708
-1.23438 0.0170756

-1.23438 0.0144654
-1.21875 0.0155615

-1.23438 0.016954
-1.22756 0.015625

-1.21875 0.0141817
-1.20312 0.0134307

-1.20312 0.0133001
-1.1875 0.0106255

-1.1875 0.0107071
-1.17188 0.00609772

-1.17188 0.00510292
-1.15625 0.000385255

