-3.85041 0
-3.5 0.000724331

-3.46858 0
-3.25 0.00153264

-3.25 2.64458e-05
-3.125 0.00275552

-3.125 0.000585584
-3.0625 0.0047641

-3.0625 0.000579657
-3.03125 0.00720424

-3.03125 0.00174533
-3 0.0306603

-3.00415 0.03125
-3 0.0427929

1.60938 -0.126345
1.59676 -0.125

1.60938 -0.126356
1.625 -0.128054

1.5 -0.114954
1.51562 -0.116585

1.51562 -0.116585
1.53125 -0.118213

1.53125 -0.118213
1.54688 -0.119838

1.54688 -0.119839
1.5625 -0.121459

1.5625 -0.12146
1.57812 -0.123072

1.57812 -0.123062
1.59375 -0.124683

1.59375 -0.124656
1.59697 -0.125

1.625 -0.128055
1.64062 -0.129753

1.64062 -0.129754
1.65625 -0.131448

1.65625 -0.131448
1.67188 -0.133135

1.67188 -0.133135
1.6875 -0.134814

1.6875 -0.134815
1.70312 -0.136486

1.70312 -0.136487
1.71875 -0.138146

1.71875 -0.138143
1.73438 -0.139795

1.75 -0.14147
1.74215 -0.140625

1.73438 -0.139772
1.74229 -0.140625

1.75 -0.141478
1.76562 -0.143195

1.76562 -0.143199
1.78125 -0.144913

1.78125 -0.144914
1.79688 -0.146618

1.79688 -0.146618
1.8125 -0.148308

1.8125 -0.148308
1.82812 -0.149982

1.82812 -0.149983
1.84375 -0.151641

1.84375 -0.151642
1.85938 -0.153281

1.85938 -0.153282
1.875 -0.154901

1.89062 -0.156517
1.88806 -0.15625

1.89062 -0.156519
1.90625 -0.158168

1.875 -0.154886
1.88811 -0.15625

1.90625 -0.158175
1.92188 -0.159822

1.92188 -0.159822
1.9375 -0.161449

1.9375 -0.16145
1.95312 -0.163054

1.95312 -0.163054
1.96875 -0.164632

1.96875 -0.164633
1.98438 -0.166181

1.98438 -0.166183
2 -0.167696

-3 0.0441947
-2.9992 0.046875

-2.99943 0.046875
-2.9976 0.0625

-2.99806 0.0625
-2.99755 0.078125

-2.99981 0.078125
-2.99515 0.09375

-2.99165 0.09375
-2.97898 0.125

-2.98263 0.125
-2.96875 0.152491

-2.96875 0.141278
-2.9581 0.15625

-2.96041 0.15625
-2.95312 0.171365

-2.95422 0.171875
-2.95312 0.174022

-2.95312 0.175542
-2.947 0.1875

-2.94567 0.1875
-2.9375 0.199525

-2.93468 0.203125
-2.92234 0.21875

-2.92255 0.21875
-2.90625 0.238109

-2.90625 0.238882
-2.89636 0.25

-1 0.0601713
-0.984375 0.059227

-0.984375 0.0592271
-0.96875 0.0582864

-2.89484 0.25
-2.89062 0.254394

-2.89062 0.255959
-2.88072 0.265625

-2.88014 0.265625
-2.875 0.270361

0.03125 -5.178e-05
0.0305088 0

0.03125 -6.14553e-05
0.046875 -0.0011511

0.046875 -0.00113018
0.0625 -0.00213094

0.0625 -0.00211036
0.078125 -0.00310284

0.078125 -0.00310992
0.09375 -0.00412115

0.09375 -0.0041243
0.109375 -0.00513379

0.109375 -0.00513305
0.125 -0.00613598

0.125 -0.00613645
0.140625 -0.00713337

0.140625 -0.00713355
0.15625 -0.00812319

0.15625 -0.00812362
0.171875 -0.00910477

0.171875 -0.00910503
0.1875 -0.0100763

0.1875 -0.0100767
0.203125 -0.0110369

0.203125 -0.0110381
0.21875 -0.0119841

0.21875 -0.0119867
0.234375 -0.0129108

0.234375 -0.0129125
0.25 -0.0138062

-0.96875 0.0582866
-0.953125 0.0573491

-0.953125 0.0573494
-0.9375 0.0564144

-2.875 0.270841
-2.86222 0.28125

-2.86186 0.28125
-2.85938 0.283151

-2.85938 0.283376
-2.84375 0.294223

0.25 -0.0137982
0.265625 -0.0146742

-0.9375 0.0564148
-0.921875 0.055481

-0.921875 0.0554814
-0.90625 0.0545475

-2.84375 0.294753
-2.83969 0.296875

-2.83969 0.296875
-2.82812 0.302924

-2.82812 0.302685
-2.8125 0.307604

-2.8125 0.307514
-2.79688 0.309841

0.265625 -0.0146442
0.28125 -0.0155786

0.296875 -0.0166259
0.281827 -0.015625

0.28125 -0.015561
0.282212 -0.015625

0.296875 -0.0166488
0.3125 -0.0177312

-0.90625 0.0545478
-0.890625 0.0536124

-0.890625 0.0536129
-0.875 0.0526741

-2.79688 0.309651
-2.78125 0.309946

-0.875 0.0526747
-0.859375 0.0517306

-0.859375 0.0517311
-0.84375 0.0507799

0.3125 -0.0177334
0.328125 -0.018806

-2.78125 0.309842
-2.76562 0.308695

-2.76562 0.3086
-2.75 0.306407

0.328125 -0.0188044
0.34375 -0.0198659

0.34375 -0.019865
0.359375 -0.0209207

0.359375 -0.0209203
0.375 -0.0219725

0.375 -0.0219725
0.390625 -0.0230221

0.390625 -0.0230218
0.40625 -0.0240693

-0.84375 0.0507801
-0.828125 0.0498203

-0.828125 0.0498204
-0.8125 0.0488512

-0.8125 0.0488496
-0.796875 0.047874

-0.796875 0.0478659
-0.78125 0.0469035

-2.54688 0.246513
-2.56092 0.25

0.40625 -0.0240696
0.421875 -0.0251148

-2.54688 0.246573
-2.53125 0.242588

-2.53125 0.242598
-2.51562 0.238371

0.421875 -0.0251151
0.4375 -0.026157

0.4375 -0.0261574
0.453125 -0.0271944

0.453125 -0.0271955
0.46875 -0.0282246

0.46875 -0.0282268
0.484375 -0.0292416

0.484375 -0.0292406
0.5 -0.0302387

0 0.00207435
0.015625 0.00108191

0.015625 0.00109577
0.03125 4.16265e-06

0.03125 5.1038e-05
0.0319819 0

0.53125 -0.0323356
0.515711 -0.03125

0.5 -0.030218
0.515625 -0.0312429

0.515625 -0.0312205
0.516048 -0.03125

2 -0.167698
2.01562 -0.169169

2.01562 -0.169171
2.03125 -0.170593

2.04688 -0.171973
2.04577 -0.171875

2.03125 -0.170585
2.0458 -0.171875

2.04688 -0.171973
2.0625 -0.173331

2.0625 -0.173336
2.07812 -0.17465

2.07812 -0.174648
2.09375 -0.175911

2.09375 -0.175908
2.10938 -0.17713

-0.765625 0.0459766
-0.780871 0.046875

2.10938 -0.177126
2.125 -0.178318

0.53125 -0.032349
0.546875 -0.0334783

-2.5 0.233859
-2.50187 0.234375

0.546875 -0.0334805
0.5625 -0.0346152

-0.78125 0.0468985
-0.780852 0.046875

0.5625 -0.0346156
0.578125 -0.0357505

0.578125 -0.0357506
0.59375 -0.0368846

2.125 -0.178315
2.14062 -0.179491

2.14062 -0.179488
2.15625 -0.18066

2.15625 -0.180658
2.17188 -0.181834

2.17188 -0.181833
2.1875 -0.183019

2.25 -0.187897
2.24502 -0.1875

2.1875 -0.183019
2.20312 -0.184219

2.20312 -0.184219
2.21875 -0.185431

2.21875 -0.185432
2.23438 -0.186655

2.23438 -0.186646
2.24508 -0.1875

-0.765625 0.0459899
-0.75 0.0450965

2.25 -0.187901
2.26562 -0.189169

2.26562 -0.189171
2.28125 -0.19044

2.28125 -0.190438
2.29688 -0.191709

2.29688 -0.191702
2.3125 -0.192997

2.3125 -0.192988
2.32812 -0.194339

-0.75 0.0450963
-0.734375 0.0442039

-2.51562 0.238298
-2.50143 0.234375

-0.734375 0.0442036
-0.71875 0.0433132

0.59375 -0.0368848
0.609375 -0.0380176

0.609375 -0.0380174
0.625 -0.0391491

-2.75 0.306401
-2.73438 0.303363

0.625 -0.039149
0.640625 -0.0402799

0.640625 -0.0402801
0.65625 -0.0414098

2.32812 -0.194332
2.34375 -0.195768

-2.73438 0.3033
-2.71875 0.299554

2.34375 -0.19577
2.35938 -0.197299

2.35938 -0.197308
2.375 -0.198908

0.65625 -0.0414101
0.671875 -0.0425377

2.375 -0.198924
2.39062 -0.200545

2.39062 -0.200555
2.40625 -0.202145

-2.70312 0.295326
-2.70919 0.296875

2.42188 -0.203692
2.41614 -0.203125

-0.71875 0.0433132
-0.703125 0.0424257

0.671875 -0.0425384
0.6875 -0.0436619

2.40625 -0.202137
2.41624 -0.203125

2.42188 -0.203689
2.4375 -0.205192

-0.703125 0.0424258
-0.6875 0.041541

-0.6875 0.0415413
-0.671875 0.0406585

-0.671875 0.0406589
-0.65625 0.0397766

-0.65625 0.0397772
-0.640625 0.0388934

-0.640625 0.0388939
-0.625 0.0380064

-0.625 0.0380073
-0.609375 0.037113

-0.609375 0.0371143
-0.59375 0.036209

-0.59375 0.0362105
-0.578125 0.0352882

0.6875 -0.0436636
0.703125 -0.0447784

-2.71875 0.299425
-2.70876 0.296875

-2.70312 0.295569
-2.6875 0.291332

-0.578125 0.0352894
-0.5625 0.0343448

0.703125 -0.0447777
0.71875 -0.045882

0.734375 -0.0469982
0.732676 -0.046875

0.71875 -0.045863
0.732713 -0.046875

0.734375 -0.0470003
0.75 -0.0481892

-2.65625 0.278027
-2.66315 0.28125

-2.6875 0.291795
-2.67188 0.286039

-0.5625 0.0343449
-0.546875 0.0333755

-0.546875 0.0333734
-0.53125 0.0323832

-0.5 0.030428
-0.513761 0.03125

-0.53125 0.0323757
-0.515625 0.031384

-0.515625 0.0313643
-0.513711 0.03125

-2.67188 0.285772
-2.66219 0.28125

-2.65625 0.277785
-2.64062 0.270861

0.75 -0.0481988
0.765625 -0.0494159

0.765625 -0.0494174
0.78125 -0.0506408

-2.625 0.265313
-2.62591 0.265625

-2.64062 0.270779
-2.62562 0.265625

0.78125 -0.0506413
0.796875 -0.0518673

0.796875 -0.0518675
0.8125 -0.0530945

-2.60938 0.26153
-2.62492 0.265625

-2.60938 0.26171
-2.59375 0.258003

-2.59375 0.258055
-2.57812 0.254297

2.4375 -0.205186
2.45312 -0.20665

2.45312 -0.206637
2.46875 -0.208097

2.46875 -0.20809
2.48438 -0.209585

2.48438 -0.209578
2.5 -0.211133

-0.5 0.0304529
-0.484375 0.0295734

-0.484375 0.0295759
-0.46875 0.028696

-0.46875 0.0286949
-0.453125 0.0278116

-0.453125 0.0278105
-0.4375 0.0269281

-2.57812 0.25427
-2.5625 0.25041

-0.4375 0.0269275
-0.421875 0.0260491

-2.5625 0.250407
-2.56086 0.25

0.8125 -0.0530947
0.828125 -0.0543219

0.828125 -0.0543217
0.84375 -0.055549

-0.421875 0.0260488
-0.40625 0.025176

0.84375 -0.0555492
0.859375 -0.0567765

2.5 -0.21114
2.51562 -0.212754

-0.40625 0.0251758
-0.390625 0.0243094

2.51562 -0.212767
2.53125 -0.214399

0.859375 -0.0567768
0.875 -0.0580032

-0.390625 0.0243096
-0.375 0.0234495

0.9375 -0.0628915
0.932602 -0.0625

0.875 -0.0580037
0.890625 -0.0592275

-0.375 0.0234494
-0.359375 0.0225957

-0.359375 0.0225957
-0.34375 0.0217485

2.53125 -0.214432
2.54688 -0.21599

0.890625 -0.059229
0.90625 -0.0604461

2.54688 -0.21601
2.5625 -0.217385

0.90625 -0.0604438
0.921875 -0.061656

-2.5 0.233948
-2.48438 0.22975

-0.34375 0.0217488
-0.328125 0.0209074

-2.48438 0.229777
-2.46875 0.225683

-0.328125 0.0209086
-0.3125 0.0200702

-2.4375 0.217693
-2.4418 0.21875

-0.3125 0.0200742
-0.296875 0.0192284

2.59375 -0.219467
2.58229 -0.21875

-0.296875 0.0192373
-0.28125 0.0183584

2.5625 -0.217392
2.57812 -0.218531

0.921875 -0.0616354
0.932694 -0.0625

-2.46875 0.225678
-2.45312 0.221646

0.9375 -0.0628968
0.953125 -0.0641977

-2.45312 0.221607
-2.44151 0.21875

-0.28125 0.018371
-0.265625 0.0174161

-2.4375 0.217786
-2.42188 0.21417

-0.265625 0.0174214
-0.25 0.0163548

2.57812 -0.218478
2.58246 -0.21875

0.953125 -0.0642037
0.96875 -0.0655241

-2.42188 0.214202
-2.40625 0.210669

-2.40625 0.210672
-2.39062 0.207151

2.59375 -0.219445
2.60938 -0.220392

-0.234375 0.0151745
-0.240647 0.015625

2.60938 -0.220388
2.625 -0.221351

-2.39062 0.207124
-2.375 0.203666

0.96875 -0.0655251
0.984375 -0.0668512

-0.25 0.0163368
-0.24009 0.015625

-0.234375 0.0151726
-0.21875 0.0141141

2.625 -0.221382
2.64062 -0.222308

-0.21875 0.0141172
-0.203125 0.0131695

-0.203125 0.0131848
-0.1875 0.0123113

0.984375 -0.0668516
1 -0.0681805

2.64062 -0.222245
2.65625 -0.223201

2.65625 -0.223135
2.67188 -0.224379

-0.1875 0.0123232
-0.171875 0.0114696

-0.171875 0.0114733
-0.15625 0.0106081

-2.35938 0.200349
-2.37257 0.203125

-2.375 0.203649
-2.37251 0.203125

2.67188 -0.224338
2.6875 -0.226084

2.6875 -0.226171
2.70312 -0.228326

2.70312 -0.228409
2.71875 -0.230632

-2.35938 0.200397
-2.34375 0.197244

-2.34375 0.197248
-2.32812 0.19413

-0.15625 0.0106071
-0.140625 0.00972475

-0.140625 0.00972138
-0.125 0.00883063

2.71875 -0.230708
2.73438 -0.232682

2.73438 -0.232676
2.75 -0.234262

-2.32812 0.194131
-2.3125 0.191039

-0.125 0.00882758
-0.109375 0.00794125

-2.28125 0.185086
-2.29434 0.1875

2.76562 -0.235488
2.75172 -0.234375

-0.109375 0.0079381
-0.09375 0.00706859

2.75 -0.234278
2.75121 -0.234375

-2.28125 0.185126
-2.26562 0.182362

2.76562 -0.235422
2.78125 -0.236521

-0.09375 0.00706678
-0.078125 0.00622402

-0.078125 0.00622478
-0.0625 0.00541084

2.78125 -0.23654
2.79688 -0.237589

-0.0625 0.00541545
-0.046875 0.00461959

-0.046875 0.00462789
-0.03125 0.00382427

2.79688 -0.237604
2.8125 -0.238535

2.8125 -0.238668
2.82812 -0.239185

-2.26562 0.182365
-2.25 0.179637

-2.3125 0.191019
-2.29688 0.187991

-0.03125 0.0038334
-0.015625 0.00298717

-0.015625 0.00299166
0 0.00207558

2.82812 -0.239244
2.84375 -0.238962

2.84375 -0.239128
2.85938 -0.237601

-2.29688 0.187978
-2.29428 0.1875

2.85938 -0.237573
2.875 -0.234526

2.875 -0.234579
2.87569 -0.234375

2.87567 -0.234375
2.89062 -0.229969

2.89062 -0.230269
2.90625 -0.223415

2.90625 -0.224486
2.91426 -0.21875

2.91414 -0.21875
2.92188 -0.212048

2.92188 -0.208493
2.92646 -0.203125

-2.25 0.179638
-2.23438 0.176937

-2.23438 0.176938
-2.21875 0.17426

2.92792 -0.203125
2.9375 -0.191172

2.9375 -0.190495
2.93969 -0.1875

-2.20312 0.171597
-2.2048 0.171875

-2.21875 0.174236
-2.20455 0.171875

2.94139 -0.1875
2.95071 -0.171875

1 -0.0681809
1.01562 -0.069511

1.01562 -0.0695108
1.03125 -0.0708417

2.95096 -0.171875
2.95312 -0.165325

2.95287 -0.15625
2.95312 -0.155738

-2.20312 0.171638
-2.1875 0.169166

1.03125 -0.0708418
1.04688 -0.0721733

1.04688 -0.0721735
1.0625 -0.0735048

1.0625 -0.0735054
1.07812 -0.0748347

1.07812 -0.074836
1.09375 -0.0761596

1.09375 -0.0761547
1.10938 -0.0774799

2.95312 -0.155063
2.9602 -0.140625

1.125 -0.0788388
1.11685 -0.078125

1.10938 -0.0774572
1.117 -0.078125

2.96497 -0.140625
2.96875 -0.134333

2.96875 -0.125634
2.96904 -0.125

2.97207 -0.125
2.98455 -0.09375

2.98701 -0.09375
2.98936 -0.078125

-2.1875 0.169187
-2.17188 0.166789

2.98705 -0.078125
2.98519 -0.0625

1.125 -0.0788466
1.14062 -0.0802637

-2.17188 0.166791
-2.15625 0.164424

1.14062 -0.0802673
1.15625 -0.0816973

2.98438 -0.0524495
2.98488 -0.046875

-2.15625 0.164425
-2.14062 0.162083

1.15625 -0.0816979
1.17188 -0.0831326

-2.14062 0.162083
-2.125 0.159763

2.98543 -0.046875
2.99244 -0.03125

2.99475 -0.03125
3 -0.0222665

2.99956 -0.015625
3 -0.0148525

1.17188 -0.0831332
1.1875 -0.08457

-2.09375 0.155224
-2.10102 0.15625

-2.125 0.15976
-2.10938 0.157468

-2.10938 0.157452
-2.10086 0.15625

-2.09375 0.155258
-2.07812 0.15315

-2.07812 0.153157
-2.0625 0.15109

1.1875 -0.0845701
1.20312 -0.0860078

-2.0625 0.151091
-2.04688 0.149049

-2.04688 0.14905
-2.03125 0.147029

3 -0.0131025
3.01742 0

3.03125 -0.00199894
3.0625 -0.000839744

1.20312 -0.0860079
1.21875 -0.0874461

1.21875 -0.0874463
1.23438 -0.0888846

1.23438 -0.0888852
1.25 -0.0903217

3.0625 -0.00154635
3.125 -0.000691464

3.125 -0.000980863
3.25 -0.000359051

3.25 -0.000649008
3.5 -0.000386671

1.25 -0.0903229
1.26562 -0.0917541

-2.03125 0.14703
-2.01562 0.145027

1.26562 -0.0917478
1.28125 -0.0931838

1.29688 -0.0946577
1.28731 -0.09375

1.29688 -0.0946665
1.3125 -0.0961936

1.28125 -0.09316
1.28747 -0.09375

1.3125 -0.0961962
1.32812 -0.0977332

1.32812 -0.0977339
1.34375 -0.0992741

1.34375 -0.0992747
1.35938 -0.100816

1.35938 -0.100816
1.375 -0.102356

3.5 -0.000746592
4 -0.000655539

-2.01562 0.145027
-2 0.143042

1.375 -0.102356
1.39062 -0.103896

1.39062 -0.103897
1.40625 -0.105435

1.40625 -0.105436
1.42188 -0.106969

1.42188 -0.106966
1.4375 -0.108498

1.45312 -0.110058
1.44633 -0.109375

1.4375 -0.108475
1.44644 -0.109375

1.45312 -0.110065
1.46875 -0.111685

1.46875 -0.111689
1.48438 -0.11332

1.48438 -0.113321
1.5 -0.114953

-2 0.143034
-1.98438 0.141083

-1.96875 0.139194
-1.98069 0.140625

-1.98438 0.141074
-1.98063 0.140625

-1.96875 0.139216
-1.95312 0.137412

-1.95312 0.137413
-1.9375 0.135634

-1.9375 0.135634
-1.92188 0.133875

-1.92188 0.133876
-1.90625 0.132134

-1.90625 0.132135
-1.89062 0.130408

-1.89062 0.130409
-1.875 0.128696

-1.82812 0.123696
-1.8408 0.125

-1.82812 0.123713
-1.8125 0.122158

-1.8125 0.122159
-1.79688 0.120623

-1.79688 0.120623
-1.78125 0.119103

-1.78125 0.119104
-1.76562 0.117598

-1.76562 0.117598
-1.75 0.116105

-1.875 0.128696
-1.85938 0.126995

-1.85938 0.126988
-1.84375 0.125316

-1.84375 0.125309
-1.84074 0.125

-1.75 0.116105
-1.73438 0.114622

-1.73438 0.114623
-1.71875 0.113149

-1.71875 0.113149
-1.70312 0.111684

-1.70312 0.111683
-1.6875 0.110229

-1.67188 0.108796
-1.6783 0.109375

-1.6875 0.110219
-1.67815 0.109375

-1.67188 0.108815
-1.65625 0.107456

-1.65625 0.10746
-1.64062 0.106123

-1.64062 0.106123
-1.625 0.104799

-1.625 0.104799
-1.60938 0.103487

-1.60938 0.103487
-1.59375 0.102185

-1.59375 0.102185
-1.57812 0.100891

-1.57812 0.100892
-1.5625 0.0996054

-1.5625 0.0996057
-1.54688 0.0983252

-1.54688 0.0983254
-1.53125 0.0970496

-1.53125 0.0970493
-1.51562 0.0957783

-1.51562 0.0957775
-1.5 0.0945134

-1.48438 0.0932639
-1.49056 0.09375

-1.48438 0.0932807
-1.46875 0.092095

-1.5 0.0945047
-1.4904 0.09375

-1.46875 0.0920986
-1.45312 0.0909295

-1.45312 0.0909296
-1.4375 0.0897697

-1.4375 0.0897699
-1.42188 0.0886184

-1.42188 0.0886187
-1.40625 0.0874748

-1.40625 0.0874752
-1.39062 0.0863375

-1.39062 0.0863377
-1.375 0.085205

-1.375 0.0852054
-1.35938 0.0840766

-1.35938 0.0840769
-1.34375 0.0829505

-1.34375 0.0829508
-1.32812 0.0818258

-1.32812 0.0818259
-1.3125 0.0807017

-1.3125 0.0807011
-1.29688 0.0795784

-1.29688 0.0795752
-1.28125 0.0784614

-1.26562 0.0773714
-1.27655 0.078125

-1.28125 0.0784552
-1.27646 0.078125

-1.26562 0.0773849
-1.25 0.0763397

-1.25 0.0763405
-1.23438 0.0753031

-1.23438 0.0753031
-1.21875 0.0742717

-1.21875 0.0742718
-1.20312 0.0732459

-1.20312 0.0732461
-1.1875 0.0722251

-1.1875 0.0722254
-1.17188 0.0712081

-1.17188 0.0712084
-1.15625 0.0701936

-1.15625 0.0701939
-1.14062 0.0691804

-1.14062 0.0691808
-1.125 0.0681675

-1.125 0.0681678
-1.10938 0.0671532

-1.10938 0.0671535
-1.09375 0.0661363

-1.09375 0.0661365
-1.07812 0.065116

-1.07812 0.0651154
-1.0625 0.0640927

-1.03125 0.0620574
-1.03821 0.0625

-1.03125 0.0620733
-1.01562 0.0611161

-1.01562 0.0611192
-1 0.0601714

-1.0625 0.0640919
-1.04688 0.0630697

-1.04688 0.0630606
-1.03805 0.0625

