-4 -0.00377763
-3.70516 0

-3.58623 0
-3.5 0.00110482

-3.5 -0.00226917
-3.4477 0

-3.25 -0.00306083
-3.22655 0

-3.125 -0.0046376
-3.10842 0

-3 -0.0634161
-3.00016 -0.0625

-3.0625 -0.00045632
-3.06144 0

-3 -0.0316595
-3.00023 -0.03125

-3.03125 -0.00145044
-3.0263 0

-3.40105 0
-3.25 0.00659866

-3.21476 0
-3.125 0.0127486

-3.1052 0
-3.0625 0.0199815

-3.0625 0.00653574
-3.03215 0.03125

-3.04379 0.03125
-3.03125 0.0579216

-3.03125 0.0304949
-3.0305 0.03125

-3.03125 0.0533657
-3.02838 0.0625

1.5 0.10599
1.51562 0.105857

1.51562 0.105688
1.53125 0.105489

1.53125 0.105065
1.54688 0.105986

-3.04134 0.0625
-3.03125 0.0900208

-3.03125 0.0786472
-3.02336 0.09375

-3.02514 0.09375
-3.00141 0.125

-3.02499 0.125
-3 0.153633

-3.00121 0.1875
-3 0.18869

1.54688 0.105513
1.5625 0.109079

1.55821 0.109375
1.5625 0.110353

1.5625 0.108654
1.5654 0.109375

1.5625 0.110785
1.57812 0.114665

1.57812 0.114725
1.59375 0.115654

1.59375 0.115115
1.60938 0.113917

1.60938 0.113582
1.625 0.112006

1.625 0.111894
1.64062 0.110836

1.64062 0.110947
1.65625 0.11041

1.65625 0.110437
1.67188 0.110145

1.67188 0.110056
1.6875 0.110135

1.6875 0.110179
1.70312 0.110719

1.70312 0.110873
1.71875 0.11148

1.71875 0.111651
1.73438 0.111676

1.73438 0.111735
1.75 0.110716

1.76562 0.108649
1.7597 0.109375

1.75 0.110594
1.75995 0.109375

1.76562 0.108466
1.78125 0.106336

1.78125 0.106194
1.79688 0.104538

0 -0.0551224
0.015625 -0.0531093

0.015625 -0.0530859
0.03125 -0.0513031

-3 -0.0784961
-2.98438 -0.0784697

-3 -0.0631699
-2.98438 -0.064517

-3 -0.0622044
-2.98438 -0.0615376

-2.98438 -0.0605764
-2.98338 -0.0625

-3 -0.0167953
-2.98438 -0.0233192

-1 -0.0971512
-0.984375 -0.0955787

0.03125 -0.0513228
0.046875 -0.049778

-0.984375 -0.0956564
-0.96875 -0.095571

0.046875 -0.0498321
0.0625 -0.0483779

1.79688 0.104504
1.8125 0.103671

0.0625 -0.0484252
0.0779652 -0.046875

-0.96875 -0.0957513
-0.953125 -0.0966367

0.0778543 -0.046875
0.078125 -0.0468479

-2.99763 -0.015625
-2.98438 -0.0128614

-2.98438 -0.0208916
-2.98289 -0.015625

-2.98438 -0.00967103
-2.98004 -0.015625

1.8125 0.1037
1.82812 0.103697

1.82812 0.103751
1.84375 0.104413

0.078125 -0.0468487
0.09375 -0.0450965

0.09375 -0.0451228
0.109375 -0.0431522

1.84375 0.10449
1.85938 0.105556

-2.50074 -0.4375
-2.5 -0.437394

0.109375 -0.0431404
0.125 -0.0409225

1.85938 0.105658
1.875 0.10677

-2.98438 0.0266505
-2.9959 0.03125

0.125 -0.0408758
0.140625 -0.0385274

-0.953125 -0.0967312
-0.9375 -0.098038

-0.9375 -0.0980628
-0.921875 -0.0995522

-0.921875 -0.0995602
-0.90625 -0.101167

-0.90625 -0.101175
-0.890625 -0.102865

-0.890625 -0.102876
-0.875 -0.10461

0.140625 -0.0384763
0.15625 -0.0361928

0.15625 -0.0361882
0.171875 -0.0340808

0.171875 -0.0341215
0.1875 -0.0321182

0.1875 -0.0320765
0.194646 -0.03125

0.193954 -0.03125
0.203125 -0.0301894

-0.875 -0.104622
-0.859375 -0.106355

0.203125 -0.0302773
0.21875 -0.028734

0.21875 -0.0287823
0.234375 -0.0272999

0.234375 -0.0273378
0.25 -0.0257437

-0.859375 -0.106364
-0.84375 -0.108051

0.25 -0.0257359
0.265625 -0.0239697

-0.828125 -0.109659
-0.830904 -0.109375

-2.98438 0.0271781
-2.9787 0.03125

-2.98438 0.0331547
-2.99409 0.046875

-2.98933 0.046875
-2.98559 0.0625

0.265625 -0.023946
0.28125 -0.0220707

-2.98438 0.0388471
-2.9719 0.046875

-2.97005 0.046875
-2.97792 0.0625

-2.99269 0.0625
-2.98438 0.0719288

-2.99246 0.078125
-2.98438 0.0895552

-2.98438 0.0633813
-2.96875 0.0631979

-2.96875 0.0922566
-2.96965 0.09375

-3 0.123719
-2.96875 0.101145

-2.95312 0.0774016
-2.95938 0.078125

-2.96875 0.0896413
-2.95524 0.078125

-2.9375 0.0778078
-2.93979 0.078125

-2.95312 0.0800341
-2.93978 0.078125

-2.96875 0.0960019
-2.96724 0.09375

-0.84375 -0.108062
-0.830923 -0.109375

-0.828125 -0.10967
-0.8125 -0.111144

-0.8125 -0.111139
-0.796875 -0.112479

-0.796875 -0.112478
-0.78125 -0.113692

-0.78125 -0.113694
-0.765625 -0.11478

-0.765625 -0.114784
-0.75 -0.115729

0.28125 -0.0220458
0.296875 -0.0201588

0.296875 -0.0201626
0.3125 -0.0183062

-0.75 -0.115736
-0.734375 -0.116518

-0.734375 -0.116525
-0.71875 -0.117119

-0.71875 -0.117122
-0.703125 -0.117508

-2.92188 0.0780858
-2.92284 0.078125

-0.703125 -0.117506
-0.6875 -0.117683

0.3125 -0.018305
0.328125 -0.0164742

-2.9375 0.0789559
-2.92188 0.0783203

-0.6875 -0.117675
-0.671875 -0.117667

-0.671875 -0.117655
-0.65625 -0.117503

0.328125 -0.0164088
0.335853 -0.015625

-2.90625 0.0769706
-2.91976 0.078125

-0.65625 -0.117494
-0.640625 -0.117241

0.335043 -0.015625
0.34375 -0.0147419

-2.92188 0.0783558
-2.91917 0.078125

0.34375 -0.0147463
0.359375 -0.0136942

0.359375 -0.0136923
0.375 -0.0132449

-0.640625 -0.117239
-0.625 -0.116907

-2.90625 0.0770404
-2.89062 0.0748915

-2.89062 0.0744905
-2.875 0.0722062

-2.993 0.125
-2.98202 0.15625

-0.625 -0.116916
-0.609375 -0.11649

-0.609375 -0.116508
-0.59375 -0.115933

-0.59375 -0.115952
-0.578125 -0.115157

-0.578125 -0.115171
-0.5625 -0.114094

-3 0.174696
-2.97334 0.1875

-2.96875 0.162404
-2.95987 0.171875

-2.95523 0.171875
-2.95659 0.1875

-0.5625 -0.114104
-0.546875 -0.112695

-0.546875 -0.1127
-0.53125 -0.110926

0.375 -0.0132802
0.390625 -0.0133707

0.390625 -0.0134276
0.40625 -0.0138715

0.40625 -0.0139228
0.421875 -0.0145036

-0.53125 -0.110927
-0.519894 -0.109375

-0.520084 -0.109375
-0.515625 -0.108766

-2.95312 0.168831
-2.95042 0.171875

-2.95253 0.171875
-2.95034 0.1875

-3 0.189357
-2.96875 0.198234

-0.515625 -0.108692
-0.5 -0.106394

0.421875 -0.0145303
0.4375 -0.0150923

-2.97043 0.21875
-2.96875 0.219302

-2.96875 0.202054
-2.953 0.1875

-2.96875 0.223246
-2.95689 0.21875

0.4375 -0.0151032
0.453125 -0.0155714

0.46875 -0.015917
0.455295 -0.015625

0.453125 -0.0155789
0.455249 -0.015625

1.875 0.106852
1.89062 0.107644

0.46875 -0.0159268
0.484375 -0.016104

1.89062 0.10763
1.90625 0.107967

-2.875 0.0718321
-2.85938 0.0709626

-0.5 -0.106267
-0.484375 -0.104246

-0.484375 -0.104168
-0.46875 -0.102836

-0.46875 -0.102843
-0.453125 -0.102343

-2.85938 0.0708462
-2.84375 0.0723725

-2.84375 0.0729546
-2.82812 0.0759454

-2.82812 0.0765969
-2.81615 0.078125

-0.453125 -0.102418
-0.4375 -0.102589

1.90625 0.107894
1.92188 0.107947

1.92188 0.107987
1.9375 0.107825

-2.81605 0.078125
-2.8125 0.0785785

-0.4375 -0.102681
-0.421875 -0.103188

-0.421875 -0.103253
-0.40625 -0.103782

-0.40625 -0.10382
-0.390625 -0.104168

-0.390625 -0.104201
-0.375 -0.104225

1.9375 0.107988
1.95312 0.107207

-0.375 -0.10425
-0.359375 -0.103832

-0.359375 -0.103826
-0.34375 -0.102925

-2.79688 0.078112
-2.7972 0.078125

-0.34375 -0.10289
-0.328125 -0.101585

0.484375 -0.0161144
0.5 -0.0160895

1.95312 0.107253
1.96875 0.105434

1.96875 0.10534
1.98438 0.10258

-2.8125 0.0787472
-2.79688 0.0781269

-0.328125 -0.10156
-0.3125 -0.0999699

-2.79688 0.0776604
-2.78125 0.0750401

1.98438 0.102477
2 0.0991719

-2.78125 0.0745313
-2.76562 0.0718611

-2.76562 0.0718959
-2.75 0.0701237

-0.3125 -0.0999906
-0.296875 -0.0981235

-0.296875 -0.0981834
-0.28125 -0.0958785

-0.28125 -0.0959104
-0.269709 -0.09375

-0.269722 -0.09375
-0.265625 -0.0929831

-0.265625 -0.092877
-0.25 -0.0894858

-2.90625 0.273481
-2.92123 0.28125

0 0.98821
0.0103177 1

-2.90625 0.293281
-2.91341 0.3125

-0.25 -0.0892665
-0.234375 -0.0860636

-2.90625 0.302937
-2.875 0.310878

-2.90767 0.3125
-2.90625 0.317058

-0.234375 -0.0860076
-0.21875 -0.083544

-0.21875 -0.0836969
-0.203125 -0.081779

-2.90625 0.32209
-2.875 0.327395

0.3125 0.974242
0.303543 0.984375

-2.88586 0.34375
-2.875 0.346554

-0.203125 -0.0818619
-0.1875 -0.0800177

0.298512 0.984375
0.3125 0.996563

-0.1875 -0.0800341
-0.172244 -0.078125

0.3125 0.969244
0.325535 0.984375

-2.875 0.342477
-2.87402 0.3125

0.5 -0.0160951
0.515625 -0.0158361

-2.875 0.357576
-2.8612 0.34375

0.3125 0.99206
0.321137 0.984375

-2.78125 0.371579
-2.78592 0.375

0.515625 -0.0158293
0.522164 -0.015625

0 1.0115
0.0134572 1

0.522103 -0.015625
0.53125 -0.0153392

-0.173238 -0.078125
-0.171875 -0.0779545

-2.78125 0.375978
-2.78884 0.40625

-2.79028 0.40625
-2.78125 0.419316

0.53125 0.993773
0.52567 1

-2.78125 0.377804
-2.75 0.391324

0.53125 0.997592
0.533736 1

-0.171875 -0.0782824
-0.170516 -0.078125

0.53125 -0.015304
0.546875 -0.0146743

0.546875 -0.0146341
0.5625 -0.0140152

0.65625 0.96451
0.652198 0.96875

0.5625 -0.0140023
0.578125 -0.0135005

-2.78125 0.418886
-2.75 0.413935

0.578125 -0.0135262
0.59375 -0.0131156

-2.75 0.0702249
-2.73438 0.0690786

-0.171875 -0.0779269
-0.15625 -0.076118

-2.73438 0.0690538
-2.71875 0.0683808

0.651237 0.96875
0.65625 0.9734

-2.71875 0.068491
-2.70312 0.0681208

0.65625 0.963581
0.661036 0.96875

-0.15625 -0.0762689
-0.140625 -0.0745948

0.65625 0.972544
0.660214 0.96875

-0.140625 -0.0746448
-0.125 -0.0727172

-2.70312 0.0681954
-2.6875 0.0677583

-0.125 -0.0726511
-0.109375 -0.0705022

-0.109375 -0.0704824
-0.09375 -0.068284

-0.09375 -0.0682657
-0.078125 -0.0660941

-0.078125 -0.0661185
-0.0625 -0.0639615

0.529408 1
0.53125 1.0019

0.53125 1.00567
0.537591 1

0.59375 -0.0131608
0.609375 -0.0126998

-0.0625 -0.064005
-0.0517984 -0.0625

-2.625 0.0613693
-2.63077 0.0625

0.609375 -0.0127314
0.625 -0.0120664

-2.6875 0.0678596
-2.67188 0.0670036

-0.0526385 -0.0625
-0.046875 -0.0616894

0.625 -0.0120632
0.640625 -0.0111375

-2.67188 0.0668086
-2.65625 0.0657214

0.640625 -0.0111053
0.65625 -0.00998994

0.65625 -0.00995618
0.671875 -0.00878311

0.671875 -0.00877439
0.6875 -0.00762857

0.6875 -0.00764906
0.703125 -0.00650697

0.703125 -0.00654452
0.71875 -0.00529009

0.71875 -0.00532692
0.734375 -0.0038114

-0.046875 -0.0617475
-0.03125 -0.0595428

0.734375 -0.00383489
0.75 -0.00193764

-0.03125 -0.0595625
-0.015625 -0.0573503

-0.015625 -0.0573059
0 -0.0551356

-2.65625 0.0656825
-2.64062 0.064832

-2.64062 0.0663038
-2.625 0.0632418

0.75 -0.00196767
0.762807 0

-2.60938 0.0551905
-2.62437 0.0625

-2.59375 0.0423289
-2.60007 0.046875

-2.60938 0.0554706
-2.5971 0.046875

-2.5625 0.0262299
-2.57592 0.03125

-2.59375 0.042288
-2.57812 0.0322022

-2.57812 0.0321242
-2.57579 0.03125

-2.625 0.063919
-2.6219 0.0625

-2.5625 0.0269633
-2.54688 0.0241513

-2.54688 0.0249247
-2.53125 0.0221457

-2.53125 0.0230122
-2.51562 0.0169865

-2.5 0.0067804
-2.51505 0.015625

-2.51562 0.0170804
-2.51307 0.015625

2.34375 -0.194547
2.33557 -0.1875

2.34375 -0.193271
2.35938 -0.189096

2.35938 -0.191027
2.3617 -0.1875

0.763084 0
0.765625 0.000390376

0.765625 0.000443777
0.78125 0.00338632

0.78125 0.00344016
0.796875 0.00678071

2.33646 -0.1875
2.34049 -0.171875

2.35938 -0.18287
2.35035 -0.171875

-2.39062 -0.25448
-2.39232 -0.25

-2.39062 -0.254685
-2.375 -0.260854

2.35938 -0.17959
2.36054 -0.1875

-2.375 -0.261574
-2.36731 -0.25

0.796875 0.00679345
0.8125 0.0103989

0.8125 0.0103969
0.828125 0.0142457

0.828125 0.0141965
0.833374 0.015625

2.03125 0.0917368
2.02305 0.09375

0.833535 0.015625
0.84375 0.0184052

0.84375 0.0185527
0.859375 0.0230996

2 0.0991361
2.01562 0.0955645

0.859375 0.0230867
0.875 0.0276886

2.01562 0.0956274
2.02327 0.09375

2.03125 0.0916651
2.04688 0.0876867

2.04688 0.0876172
2.0625 0.0838316

2.0625 0.0838654
2.07812 0.0803438

0.875 0.0275979
0.88662 0.03125

0.886924 0.03125
0.890625 0.0324134

0.890625 0.0325563
0.90625 0.0378631

2.09375 0.0769317
2.08832 0.078125

2.07812 0.0804152
2.08854 0.078125

2.09375 0.0769029
2.10938 0.0735655

2.10938 0.0736313
2.125 0.0703817

0.90625 0.0378822
0.921875 0.0434043

2.15625 0.0621931
2.15519 0.0625

2.15625 0.0621583
2.17188 0.0572164

-2.39146 -0.25
-2.39062 -0.24735

2.17188 0.0571363
2.1875 0.0526626

-0.125 0.973803
-0.134331 0.984375

0.921875 0.0432795
0.931165 0.046875

2.125 0.0705408
2.14062 0.0669292

0.931487 0.046875
0.9375 0.0492023

-0.129506 0.984375
-0.125 0.988649

0.9375 0.0494568
0.953125 0.0560183

2.14062 0.0670548
2.15625 0.0625325

0.953125 0.0559588
0.968058 0.0625

-0.125 0.978936
-0.119853 0.984375

0.968309 0.0625
0.96875 0.0626931

2.15625 0.062678
2.15681 0.0625

0.96875 0.0628201
0.984375 0.0700325

-0.125 0.99345
-0.114768 0.984375

0.984375 0.0701422
1 0.0774614

2.1875 0.0526626
2.20312 0.0488235

-2.39062 -0.24482
-2.375 -0.23669

0 0.985264
-0.0124417 1

2.21875 0.0455518
2.21256 0.046875

-2.48438 -0.00316513
-2.49013 0

-0.0101323 1
0 1.00895

-2.48438 -0.00288706
-2.46875 -0.00878698

-2.46875 -0.00800898
-2.45312 -0.0123158

-2.4375 -0.0174628
-2.44356 -0.015625

-2.45312 -0.011815
-2.44057 -0.015625

2.20312 0.0488912
2.21255 0.046875

-2.4375 -0.0171662
-2.42188 -0.0221276

-2.42188 -0.0210296
-2.40625 -0.0277174

2.21875 0.0455453
2.23438 0.0425708

2.23438 0.0425635
2.25 0.0399809

-2.39062 -0.0365411
-2.40277 -0.03125

-2.39062 -0.0363351
-2.375 -0.0396449

-2.40625 -0.0292849
-2.40174 -0.03125

-2.375 -0.235159
-2.36739 -0.25

2.25 0.0400019
2.26562 0.0377837

2.26562 0.0378048
2.28125 0.0358671

2.28125 0.0358752
2.29688 0.0341594

2.29688 0.0341468
2.3125 0.0326617

2.34375 0.0306498
2.33176 0.03125

2.3125 0.0326382
2.32812 0.0314556

2.32812 0.0314241
2.3316 0.03125

-2.375 -0.0392331
-2.35938 -0.0400509

-2.35938 -0.0398318
-2.34375 -0.0394194

2.34375 0.030636
2.35938 0.0303295

2.35938 0.0303302
2.375 0.030522

-2.34375 -0.0393219
-2.32812 -0.0383127

-2.32812 -0.0382679
-2.3125 -0.0369468

2.375 0.0305388
2.39062 0.0311939

2.39062 0.0312109
2.39121 0.03125

2.39119 0.03125
2.40625 0.0322603

2.40625 0.0322843
2.42188 0.0336401

-2.3125 -0.0369129
-2.29688 -0.0354375

2.42188 0.0336612
2.4375 0.0352348

2.4375 0.0352608
2.45312 0.0369582

2.45312 0.0369787
2.46875 0.0387067

2.46875 0.038723
2.48438 0.0404082

-2.29688 -0.0354035
-2.28125 -0.0339097

-2.28125 -0.0338828
-2.26562 -0.0324922

2.48438 0.0404043
2.5 0.0420217

-2.26562 -0.0324667
-2.25 -0.0312838

1 0.0774992
1.00135 0.078125

1.00147 0.078125
1.01562 0.0846734

1.01562 0.0851997
1.03125 0.0913115

1.03125 0.0906609
1.04006 0.09375

1.04083 0.09375
1.04688 0.095868

1.04688 0.0962913
1.0625 0.102129

1.0625 0.102664
1.07812 0.107263

1.07812 0.106133
1.08933 0.109375

1.08918 0.109375
1.09375 0.110698

1.09375 0.112136
1.10938 0.115881

1.10938 0.118279
1.125 0.113513

-2.25 -0.0313119
-2.24902 -0.03125

1.15625 0.0858966
1.14424 0.09375

-2.24898 -0.03125
-2.23438 -0.0303296

-2.23438 -0.0303241
-2.21875 -0.0294875

-2.21875 -0.0294929
-2.20312 -0.0288044

2.96875 -0.0791475
2.96813 -0.078125

2.96875 -0.0630889
2.9686 -0.0625

2.96875 -0.0802877
2.98438 -0.0856344

2.96875 -0.0725134
2.97399 -0.078125

2.98438 -0.088057
2.99515 -0.078125

2.9878 -0.078125
2.99082 -0.0625

2.96815 -0.0625
2.96875 -0.0596384

2.96516 -0.046875
2.96875 -0.0392479

2.96875 -0.0595748
2.97608 -0.046875

2.96875 -0.0450525
2.98438 -0.0342222

1.14062 0.098265
1.12663 0.109375

1.125 0.110719
1.12677 0.109375

1.14062 0.0964648
1.14468 0.09375

2.98686 -0.0625
2.98495 -0.046875

2.99841 -0.046875
2.98925 -0.03125

-2.20312 -0.0287727
-2.1875 -0.0282848

-2.1875 -0.028259
-2.17188 -0.0280868

-2.17188 -0.028113
-2.15625 -0.0282558

2.5 0.0419974
2.51562 0.0436035

2.51562 0.0435607
2.53125 0.0452898

2.53125 0.0452493
2.5438 0.046875

2.54391 0.046875
2.54688 0.0472594

-2.15625 -0.0283039
-2.14062 -0.028613

-2.14062 -0.028664
-2.125 -0.028941

2.54688 0.0472581
2.5625 0.0496884

2.5625 0.0497612
2.57812 0.0524772

1.15625 0.0868234
1.17188 0.0810982

2.57812 0.0526776
2.59375 0.055133

1.1875 0.078057
1.18718 0.078125

1.17188 0.0812973
1.18675 0.078125

1.1875 0.0780715
1.20312 0.0765238

2.59375 0.055463
2.60938 0.0565967

1.20312 0.0766207
1.21875 0.076458

1.21875 0.0765204
1.23438 0.0774241

2.60938 0.0568716
2.625 0.0554737

1.23438 0.0773948
1.24144 0.078125

2.625 0.0550744
2.64062 0.0513935

1.23918 0.078125
1.25 0.0792428

-2.125 -0.0289781
-2.10938 -0.0290468

-2.10938 -0.029071
-2.09375 -0.0288091

-2.09375 -0.0286877
-2.07812 -0.0282894

2.65625 0.0467845
2.65588 0.046875

2.64062 0.0507312
2.65625 0.0468927

2.65625 0.0467703
2.67188 0.0443439

1.25 0.0791519
1.26562 0.0812517

-2.07812 -0.0280566
-2.0625 -0.0282302

2.67188 0.044491
2.6875 0.0434251

-2.03125 -0.0325713
-2.03883 -0.03125

-2.0625 -0.0280909
-2.04688 -0.0295804

2.6875 0.0435724
2.70312 0.0432782

2.70312 0.0433789
2.71875 0.0433603

1.26562 0.0813089
1.28125 0.0837837

1.28125 0.0838019
1.29688 0.086501

1.29688 0.0865195
1.3125 0.0893692

2.71875 0.0434218
2.73438 0.0433544

2.73438 0.0433967
2.75 0.0430729

-2.04688 -0.0296873
-2.03791 -0.03125

-2.03125 -0.0327324
-2.01562 -0.0358381

-2.01562 -0.0359955
-2 -0.0386721

-2.5 0.0062008
-2.48881 0

2.75 0.0431008
2.76562 0.0423804

2.76562 0.0423677
2.78125 0.0412202

2.78125 0.041193
2.79688 0.0396984

1.3125 0.0893772
1.32812 0.0923247

1.32812 0.0923349
1.33605 0.09375

2.79688 0.0396348
2.8125 0.0379747

2.8125 0.037949
2.82812 0.036302

2.82812 0.0362625
2.84375 0.0347589

2.84375 0.0348219
2.85938 0.0334146

2.85938 0.0333522
2.875 0.0320402

1.3349 0.09375
1.34375 0.0953315

2.89062 0.0308827
2.88582 0.03125

2.89062 0.0305839
2.90625 0.0300294

2.875 0.0320976
2.88609 0.03125

1.34375 0.0952221
1.35938 0.0976448

1.35938 0.0976367
1.375 0.0997326

2.90625 0.0301375
2.92188 0.0306328

2.92188 0.0301592
2.92947 0.03125

1.375 0.099709
1.39062 0.101541

1.39062 0.10157
1.40625 0.103129

2.92926 0.03125
2.9375 0.0324341

2.9375 0.0329754
2.95312 0.0367758

1.40625 0.103175
1.42188 0.104312

-2.01562 0.728514
-2.02136 0.734375

-2.02814 0.734375
-2.01562 0.744513

-2.01562 0.721703
-2.00539 0.734375

-2.01562 0.738205
-2.01172 0.734375

1.42188 0.104301
1.4375 0.104944

1.4375 0.104876
1.45312 0.105182

1.45312 0.105113
1.46875 0.105357

2.95312 0.0355488
2.96875 0.0422474

2.96875 0.0396578
2.97786 0.046875

1.46875 0.105363
1.48438 0.105674

1.48438 0.105756
1.5 0.105958

2.97596 0.046875
2.98438 0.059879

2.98265 0.0625
2.98421 0.078125

2.98372 0.078125
2.98424 0.09375

2.98396 0.09375
2.98599 0.125

2.92188 0.216281
2.9375 0.204531

2.9289 0.21875
2.90723 0.25

2.96875 0.142672
2.95981 0.15625

2.96875 0.157111
2.96038 0.171875

2.95807 0.171875
2.95539 0.1875

2.9826 0.125
2.97691 0.15625

3 0.183049
2.98724 0.1875

2.96555 0.1875
2.9377 0.21875

2.95679 0.21875
2.9632 0.25

2.96875 0.213571
2.99004 0.1875

2.96875 0.220853
2.96932 0.21875

2.85938 0.296483
2.875 0.296483

2.85938 0.298077
2.875 0.298077

2.90625 0.253048
2.90255 0.265625

2.89499 0.265625
2.90347 0.28125

2.90403 0.28125
2.90625 0.282957

2.90625 0.270076
2.92188 0.28125

2.9198 0.28125
2.9375 0.284101

2.9375 0.276054
2.97237 0.25

3 -0.071348
3.00318 -0.0625

3 -0.0591972
3.00107 -0.0625

3.0625 -0.00298584
3.05353 0

3.125 -0.00381644
3.10726 0

3.25 -0.00290236
3.22749 0

3.5 -0.00234587
3.44721 0

3.03125 0.0260397
3.02765 0.03125

3.03125 0.0388851
3.02087 0.0625

3.03125 0.0223949
3.0603 0

3.02959 0.0625
3.02804 0.09375

3.03125 0.117461
3.0293 0.125

3.03125 0.0899311
3.03162 0.09375

3.03125 0.123936
3.03607 0.09375

3.0625 0.017375
3.09981 0

3 0.176195
3.02713 0.125

3 0.194028
3.00343 0.1875

3.125 0.011722
3.20236 0

3.25 0.00534813
3.37006 0

4 -0.00476728
3.63849 0

3.5 0.000340239
3.5258 0

-2 -0.0387396
-1.98438 -0.0405372

-1.98438 -0.0403175
-1.96875 -0.0415403

-1.96875 -0.0414097
-1.95312 -0.0427583

-1.95312 -0.0430197
-1.9375 -0.0442324

-1.9375 -0.0443899
-1.92188 -0.044629

-1.92188 -0.0444159
-1.90625 -0.0437928

-1.90625 -0.0436815
-1.89062 -0.0428451

-1.89062 -0.0427018
-1.875 -0.0421614

-1.875 -0.0420224
-1.85938 -0.0423428

-1.85938 -0.0426513
-1.84375 -0.0434934

-1.84375 -0.0436008
-1.82812 -0.0441327

-1.82812 -0.044044
-1.8125 -0.0442283

-1.8125 -0.0440282
-1.79688 -0.0444425

-1.79688 -0.0445566
-1.78125 -0.0453732

-1.78125 -0.0455867
-1.76562 -0.0461504

-1.76562 -0.0457488
-1.75 -0.0464359

-1.73438 -0.0483251
-1.745 -0.046875

-1.75 -0.046144
-1.74464 -0.046875

-1.73438 -0.0487052
-1.71875 -0.0520099

-1.71875 -0.0523846
-1.70312 -0.0553198

-1.70312 -0.055327
-1.6875 -0.0571289

-1.625 -0.0628748
-1.62703 -0.0625

-1.6875 -0.0569702
-1.67188 -0.0579421

-1.67188 -0.0577219
-1.65625 -0.0586218

-1.65625 -0.0584244
-1.64062 -0.0600874

-1.64062 -0.0600687
-1.62743 -0.0625

-1.625 -0.0631608
-1.60938 -0.0668673

-1.60938 -0.0670128
-1.59375 -0.070809

-1.59375 -0.0709524
-1.57812 -0.0742604

-1.57812 -0.0741586
-1.5625 -0.0768955

-1.54688 -0.0795288
-1.5555 -0.078125

-1.5625 -0.0766424
-1.55339 -0.078125

-1.54688 -0.0794303
-1.53125 -0.0817975

-1.53125 -0.0818157
-1.51562 -0.0838137

-1.51562 -0.0838042
-1.5 -0.0854154

-1.5 -0.085402
-1.48438 -0.0866719

-1.48438 -0.0862448
-1.46875 -0.0880546

-1.4375 -0.0949827
-1.44348 -0.09375

-1.46875 -0.0881143
-1.45312 -0.0911986

-1.45312 -0.091676
-1.44307 -0.09375

-1.4375 -0.0948913
-1.42188 -0.0973141

-1.42188 -0.0971002
-1.40625 -0.0992277

-1.40625 -0.0993022
-1.39062 -0.101413

-1.39062 -0.101499
-1.375 -0.103274

-1.375 -0.103222
-1.35938 -0.104594

-1.35938 -0.104545
-1.34375 -0.105715

-1.34375 -0.105726
-1.32812 -0.106769

-1.32812 -0.106817
-1.3125 -0.107616

-1.3125 -0.107636
-1.29688 -0.108056

-1.29688 -0.108034
-1.28125 -0.108077

-1.28125 -0.108023
-1.26562 -0.107843

-1.26562 -0.107818
-1.25 -0.107574

-1.25 -0.107603
-1.23438 -0.10729

-1.23438 -0.107308
-1.21875 -0.106834

-1.21875 -0.106795
-1.20312 -0.106199

-1.20312 -0.10614
-1.1875 -0.105618

-1.1875 -0.105608
-1.17188 -0.105298

-1.17188 -0.105334
-1.15625 -0.105186

-1.15625 -0.105198
-1.14062 -0.10512

-1.14062 -0.105097
-1.125 -0.105107

-1.125 -0.105106
-1.10938 -0.10525

-1.10938 -0.105285
-1.09375 -0.105495

-1.09375 -0.105536
-1.07812 -0.105662

-1.07812 -0.105717
-1.0625 -0.105569

-1.0625 -0.105674
-1.04688 -0.104931

-1.04688 -0.105026
-1.03125 -0.103287

-1.03125 -0.103175
-1.01562 -0.100476

-1.01562 -0.100124
-1 -0.0973937

