-4 -0.000842368
-3.87827 0

-3.72563 0
-3.5 0.00156137

-3.5 -0.00034056
-3.48584 0

-3.25 -0.000312596
-3.24582 0

-3.125 -0.00047696
-3.12247 0

-3.43367 0
-3.25 0.00441733

-3.236 0
-3.125 0.00836125

-3.1202 0
-3.0625 0.0141563

-3.0625 0.00349535
-3.03125 0.0216555

-3.03125 0.0280029
-3 0.0306183

-3.03125 0.0319967
-3.00273 0.0625

-3.02068 0.0625
-3.00636 0.09375

-3.00224 0.09375
-3 0.110627

-3.0037 0.125
-3 0.134967

-2.96875 -0.0664262
-2.97292 -0.0625

-2.96875 -0.0668593
-2.95312 -0.0749689

-2.95312 -0.0731619
-2.9375 -0.0728896

-2.97284 -0.0625
-2.98347 -0.046875

-2.98438 -0.0337628
-2.98188 -0.046875

-2.98438 -0.00336076
-2.98448 0

-2.98384 -0.03125
-2.98437 -0.015625

-2.9375 -0.0719809
-2.92188 -0.068758

-2.92188 -0.0682158
-2.90625 -0.064944

1.5 -0.00480923
1.51562 -0.00570811

-1 -0.0341753
-0.984375 -0.0334037

1.51562 -0.00571164
1.53125 -0.00664763

-2.90625 -0.0648756
-2.89062 -0.062776

-2.89062 -0.0629166
-2.88461 -0.0625

-0.984375 -0.0334042
-0.96875 -0.0325882

-2.88448 -0.0625
-2.875 -0.061843

1.53125 -0.00666372
1.54688 -0.0075976

-0.96875 -0.0325886
-0.953125 -0.0317263

-2.875 -0.0620154
-2.85938 -0.0613064

-2.85938 -0.0613983
-2.84375 -0.0605272

-2.84375 -0.0604511
-2.82812 -0.0593863

-0.953125 -0.0317274
-0.944917 -0.03125

1.54688 -0.00761459
1.5625 -0.00848019

-2.82812 -0.05922
-2.8125 -0.058446

-0.944962 -0.03125
-0.9375 -0.030816

-2.8125 -0.058364
-2.79688 -0.0583776

1.5625 -0.00848547
1.57812 -0.00923824

-0.9375 -0.0308182
-0.921875 -0.0298617

0 0.0753971
0.015625 0.0756908

1.57812 -0.00922724
1.59375 -0.00987861

0.015625 0.0756955
0.03125 0.0759145

-2.79688 -0.0584356
-2.78125 -0.0592848

-0.921875 -0.0298621
-0.90625 -0.0288553

-0.90625 -0.0288556
-0.890625 -0.0277969

0.03125 0.0759288
0.046875 0.0760352

1.59375 -0.00985798
1.60938 -0.0104712

0.046875 0.0760539
0.0625 0.0759817

1.60938 -0.0104539
1.625 -0.0111049

0.0625 0.0759907
0.078125 0.0756845

1.625 -0.0111027
1.64062 -0.0118308

1.64062 -0.0118476
1.65625 -0.0126238

-2.78125 -0.0593678
-2.76562 -0.0607704

-0.890625 -0.0277973
-0.875 -0.0266856

0.078125 0.075669
0.09375 0.0751419

1.65625 -0.0126514
1.67188 -0.0133869

-0.875 -0.0266859
-0.859375 -0.0255198

1.67188 -0.0134103
1.6875 -0.0140032

0.09375 0.0751008
0.109375 0.074466

-2.76562 -0.0610532
-2.75 -0.0622774

1.6875 -0.0140095
1.70312 -0.0144005

1.70312 -0.0143863
1.71875 -0.0145912

0.109375 0.0744183
0.125 0.0738534

-0.859375 -0.0255202
-0.84375 -0.0242984

-0.84375 -0.0242987
-0.828125 -0.02302

-2.73438 -0.0625423
-2.74787 -0.0625

1.71875 -0.0145628
1.73438 -0.0146668

-2.73438 -0.0625201
-2.73412 -0.0625

1.73438 -0.0146378
1.75 -0.0147558

-2.75 -0.0624916
-2.74732 -0.0625

-2.73438 -0.0623839
-2.71875 -0.0611422

-0.828125 -0.0230202
-0.8125 -0.0216835

1.75 -0.0147415
1.76562 -0.0149601

1.76562 -0.0149682
1.78125 -0.0152998

1.79688 -0.0157026
1.79364 -0.015625

1.78125 -0.0153258
1.7937 -0.015625

1.79688 -0.0157321
1.8125 -0.0160377

1.8125 -0.0160561
1.82812 -0.0161939

1.82812 -0.016191
1.84375 -0.0161298

1.84375 -0.0161071
1.85938 -0.0158985

1.85938 -0.0158649
1.87478 -0.015625

0.125 0.0738284
0.140625 0.0734788

0.140625 0.0734951
0.15625 0.0733783

0.15625 0.0734283
0.171875 0.0734115

-2.71875 -0.0607146
-2.70312 -0.0593538

0.171875 0.0734648
0.1875 0.0733414

-0.8125 -0.0216838
-0.796875 -0.020288

-0.796875 -0.0202881
-0.78125 -0.0188326

-0.78125 -0.0188327
-0.765625 -0.0173173

-0.765625 -0.0173158
-0.75 -0.0157435

0.1875 0.0733675
0.203125 0.0729788

0.203125 0.0729687
0.21875 0.0722827

0.21875 0.0722493
0.234375 0.071353

-0.75 -0.0157441
-0.748853 -0.015625

1.87477 -0.015625
1.875 -0.0156214

-0.748876 -0.015625
-0.734375 -0.0141189

0.234375 0.0713154
0.25 0.0703504

-2.70312 -0.0591582
-2.6875 -0.0589251

-0.734375 -0.0141219
-0.71875 -0.0124458

-2.6875 -0.0591364
-2.67188 -0.0599996

0.25 0.070322
0.265625 0.0694203

0.265625 0.0694092
0.28125 0.0686498

-0.71875 -0.012446
-0.703125 -0.0107105

1.875 -0.0155903
1.89062 -0.0154417

-0.703125 -0.0107106
-0.6875 -0.00891539

0.28125 0.0686561
0.296875 0.0680488

0.296875 0.0680647
0.3125 0.0675649

1.89062 -0.0154279
1.90625 -0.015464

0.3125 0.0675835
0.328125 0.067122

1.92188 -0.0157037
1.91648 -0.015625

-0.6875 -0.0089155
-0.671875 -0.00706028

0.328125 0.0671473
0.34375 0.0666363

-0.671875 -0.00706095
-0.65625 -0.00514411

1.90625 -0.0154734
1.91665 -0.015625

-0.65625 -0.0051441
-0.640625 -0.00316433

1.92188 -0.0157307
1.9375 -0.0160723

-2.67188 -0.0602838
-2.65625 -0.0612522

1.9375 -0.0161051
1.95312 -0.0164378

1.95312 -0.0164591
1.96875 -0.0166747

-2.65625 -0.0613209
-2.64062 -0.0616887

-0.640625 -0.00316325
-0.625 -0.00112272

0.34375 0.0666791
0.359375 0.0659827

0.359375 0.0660267
0.375 0.0649715

-2.64062 -0.0616234
-2.625 -0.0613839

1.96875 -0.0166773
1.98438 -0.016728

1.98438 -0.0167127
2 -0.0166237

0.40625 0.0617218
0.398225 0.0625

-2.625 -0.0613219
-2.60938 -0.0607299

-0.625 -0.00111913
-0.616603 0

0.40625 0.0617509
0.421875 0.0606295

0.421875 0.0606774
0.4375 0.05996

0.375 0.0649548
0.390625 0.063486

0.390625 0.06339
0.399803 0.0625

0.4375 0.059995
0.453125 0.059516

0.453125 0.0595519
0.46875 0.0591695

0.46875 0.0592086
0.484375 0.0587729

0.484375 0.0588061
0.5 0.0581726

-2.60938 -0.0607067
-2.59375 -0.0599327

-2.59375 -0.0599124
-2.57812 -0.0590435

-2.57812 -0.0590117
-2.5625 -0.0581518

-2.5625 -0.0581173
-2.54688 -0.0573987

-2.54688 -0.0573842
-2.53125 -0.0569051

-0.61668 0
-0.609375 0.000973548

-0.609375 0.000962042
-0.59375 0.00308197

-0.59375 0.00307904
-0.578125 0.00525438

-0.578125 0.0052548
-0.5625 0.00749056

-2.53125 -0.0569167
-2.51562 -0.0566829

0.5 0.0581824
0.515625 0.0572651

0.515625 0.0572359
0.53125 0.0560735

-2.51562 -0.056711
-2.5 -0.0566431

-2.98461 0
-2.98556 0.015625

-2.98517 0.015625
-2.98482 0.03125

-2.98438 0.0423423
-2.98491 0.046875

-2.98438 0.0379579
-2.98416 0.046875

-2.98426 0.046875
-2.98424 0.0625

-2.98438 0.083313
-2.99269 0.09375

-2.98438 0.0653838
-2.98411 0.0625

-2.98438 0.0786162
-2.98427 0.078125

-3 0.0973859
-2.96875 0.113011

-2.96875 0.124147
-2.96829 0.125

-3 0.138863
-2.99223 0.15625

-2.99121 0.15625
-2.96875 0.173058

-2.96841 0.125
-2.96451 0.140625

0.53125 0.0560146
0.546875 0.0547834

-2.96522 0.140625
-2.95847 0.15625

-2.95312 0.154593
-2.95212 0.15625

0.546875 0.0547331
0.5625 0.0536517

0.5625 0.0536479
0.578125 0.0528246

0.578125 0.0528697
0.59375 0.0522221

0.59375 0.0522801
0.609375 0.051602

0.609375 0.0516285
0.625 0.0507512

2 -0.016597
2.01562 -0.0164523

0.625 0.0507259
0.640625 0.0496471

0.640625 0.0495935
0.65625 0.0484712

2.01562 -0.016424
2.03125 -0.0163337

-2.95312 0.161261
-2.95524 0.171875

-0.5625 0.00749088
-0.546875 0.00978559

-2.96875 0.181616
-2.95312 0.184333

-0.546875 0.00978614
-0.53125 0.0121381

2.03125 -0.0163159
2.04688 -0.0163722

-0.53125 0.0121431
-0.515625 0.0145411

2.04688 -0.0163742
2.0625 -0.0166089

-0.515625 0.0145504
-0.508633 0.015625

2.0625 -0.0166313
2.07812 -0.0169956

-2.95243 0.15625
-2.94769 0.171875

0.65625 0.0484352
0.671875 0.0474484

-2.9458 0.171875
-2.95004 0.1875

-0.508715 0.015625
-0.5 0.0169644

-2.97485 0.1875
-2.96875 0.193134

2.07812 -0.0170287
2.09375 -0.0174118

0.6875 0.046671
0.683504 0.046875

0.671875 0.0474538
0.683211 0.046875

2.09375 -0.0174417
2.10938 -0.0177178

-2.96904 0.21875
-2.96875 0.219001

0.6875 0.0467009
0.703125 0.0459919

0.703125 0.0460315
0.71875 0.0452503

-2.96875 0.19504
-2.9375 0.189456

-2.96875 0.2195
-2.95434 0.21875

0.71875 0.0452631
0.734375 0.0443048

0.734375 0.044279
0.75 0.0431695

2.10938 -0.0177345
2.125 -0.0178106

2.125 -0.0178111
2.14062 -0.0176528

-2.9375 0.251392
-2.93611 0.25

0.75 0.0431243
0.765625 0.0420054

0.765625 0.0419752
0.78125 0.0409974

0.78125 0.0410016
0.796875 0.040217

2.14062 -0.0176393
2.15625 -0.0172725

2.15625 -0.0172496
2.17188 -0.0167471

0.796875 0.0402469
0.8125 0.0395874

-0.5 0.016947
-0.484375 0.019343

2.17188 -0.0167218
2.1875 -0.0161802

-0.484375 0.0193399
-0.46875 0.0217605

-0.46875 0.0217629
-0.453125 0.0242096

-0.453125 0.0242112
-0.4375 0.0266762

-0.4375 0.02668
-0.421875 0.0291529

-0.421875 0.029169
-0.408514 0.03125

-0.408675 0.03125
-0.40625 0.0316277

-0.40625 0.0316019
-0.390625 0.0339655

-0.390625 0.0339474
-0.375 0.0362863

2.1875 -0.016162
2.20312 -0.0156684

2.20312 -0.0156643
2.20465 -0.015625

2.20472 -0.015625
2.21875 -0.0152619

2.21875 -0.0152789
2.23438 -0.0149344

2.23438 -0.0149654
2.25 -0.0145842

2.25 -0.0146152
2.26562 -0.0140735

2.26562 -0.0140918
2.28125 -0.0132911

2.28125 -0.0132891
2.29688 -0.0121968

2.29688 -0.0121734
2.3125 -0.0108403

2.3125 -0.0108016
2.32812 -0.00935187

0.8125 0.0396191
0.828125 0.0389617

2.32812 -0.00931091
2.34375 -0.00790384

2.34375 -0.00787678
2.35938 -0.0066484

-0.375 0.0362837
-0.359375 0.0386391

0.828125 0.038977
0.84375 0.0382277

-0.359375 0.0386355
-0.34375 0.0410196

2.35938 -0.00664745
2.375 -0.00565376

-0.34375 0.0410143
-0.328125 0.0434448

0.84375 0.0382257
0.859375 0.0373581

-0.328125 0.0434462
-0.3125 0.0459311

2.375 -0.00567856
2.39062 -0.00487188

-0.3125 0.0459402
-0.306643 0.046875

-2.5 -0.0566689
-2.48438 -0.0566591

-0.306765 0.046875
-0.296875 0.0484534

-2.48438 -0.0566736
-2.46875 -0.0566413

-0.296875 0.0484061
-0.28125 0.0509461

2.39062 -0.0049088
2.40625 -0.00416567

-0.28125 0.0509293
-0.265625 0.0536292

-2.46875 -0.0566456
-2.45312 -0.0565529

-2.45312 -0.0565536
-2.4375 -0.0563904

2.40625 -0.0041954
2.42188 -0.00338252

2.42188 -0.00339252
2.4375 -0.00243044

2.4375 -0.00242186
2.45312 -0.00130776

2.45312 -0.00129472
2.46875 -7.1814e-05

0.859375 0.0373505
0.875 0.0363839

2.46875 -6.76991e-05
2.46957 0

-2.4375 -0.0563908
-2.42188 -0.056155

-2.42188 -0.0561558
-2.40625 -0.0558448

-2.40625 -0.0558442
-2.39062 -0.0554577

-2.39062 -0.055454
-2.375 -0.0550008

0.875 0.0363803
0.890625 0.0353373

-0.265625 0.053627
-0.25 0.0565248

-2.375 -0.0549932
-2.35938 -0.054496

0.890625 0.0353352
0.90625 0.0342272

2.4695 0
2.48438 0.00122404

-2.35938 -0.0544862
-2.34375 -0.0539797

0.90625 0.0342186
0.921875 0.0330668

0.921875 0.0330508
0.9375 0.0319042

-2.34375 -0.0539709
-2.32812 -0.0534925

-0.25 0.0565291
-0.234375 0.0596206

2.48438 0.00122398
2.5 0.00255124

-0.234375 0.0596774
-0.220339 0.0625

-2.32812 -0.0534887
-2.3125 -0.0530634

-0.22079 0.0625
-0.21875 0.0629103

-0.21875 0.0628569
-0.203125 0.0658613

-0.203125 0.0658447
-0.1875 0.068691

-0.1875 0.0687543
-0.171875 0.0713491

-0.171875 0.0714253
-0.15625 0.0734896

2.96875 -0.172467
2.96727 -0.171875

0.953125 0.0308069
0.946763 0.03125

2.9669 -0.171875
2.96875 -0.169407

0.953125 0.030803
0.96875 0.029799

-2.3125 -0.0530659
-2.29688 -0.0526964

2.9688 -0.1875
2.96879 -0.15625

-2.29688 -0.0527029
-2.28125 -0.0523713

0.9375 0.0318926
0.946726 0.03125

-0.15625 0.0735327
-0.140625 0.0748279

2.98438 -0.0785996
2.98417 -0.078125

-0.140625 0.0748084
-0.125 0.0752877

0.96875 0.0298088
0.984375 0.0288745

-2.28125 -0.0523776
-2.26562 -0.0520579

-0.125 0.0752127
-0.109375 0.0750649

0.984375 0.0288901
1 0.027975

-0.109375 0.0749677
-0.09375 0.0745372

-2.26562 -0.052061
-2.25 -0.0517341

2.98423 -0.078125
2.98417 -0.0625

2.98438 -0.0832065
3 -0.0830918

-0.09375 0.0744604
-0.078125 0.0740955

-0.078125 0.0740686
-0.0625 0.073977

2.98537 -0.078125
2.9968 -0.0625

2.98438 -0.0493928
2.98424 -0.046875

2.98438 -0.0320942
2.98426 -0.03125

2.98438 -0.0514857
3 -0.052453

2.98438 -0.0390881
3 -0.0403142

-2.25 -0.0517337
-2.23438 -0.0513941

2.98434 -0.03125
2.98438 -0.0285893

-0.0625 0.0739968
-0.046875 0.0741926

-2.23438 -0.0513924
-2.21875 -0.0510445

2.98438 -0.0158974
2.99724 -0.03125

2.99569 -0.015625
2.98814 0

2.5 0.00253481
2.51562 0.00393623

-0.046875 0.0742311
-0.03125 0.0745976

-2.21875 -0.0510438
-2.20312 -0.0506921

-0.03125 0.0746268
-0.015625 0.0750284

-0.015625 0.0750385
0 0.0753967

2.51562 0.00391126
2.53125 0.00546964

2.53125 0.00544503
2.54688 0.00725953

-2.20312 -0.0506925
-2.1875 -0.0503378

-2.1875 -0.0503379
-2.17188 -0.049979

-2.17188 -0.0499772
-2.15625 -0.0496177

-2.15625 -0.0496137
-2.14062 -0.049265

2.54688 0.00724359
2.5625 0.00939529

-2.14062 -0.0492605
-2.125 -0.0489393

2.5625 0.00939538
2.57812 0.011916

2.57812 0.0119312
2.59375 0.01479

2.59375 0.0147826
2.59797 0.015625

2.59776 0.015625
2.60938 0.0179436

2.60938 0.0179117
2.625 0.0212811

1.4375 -0.000965875
1.42381 0

2.625 0.0210699
2.64062 0.0251544

2.64062 0.0252442
2.65625 0.0302869

1.4375 -0.000986686
1.45312 -0.00206195

1.45312 -0.0020694
1.46875 -0.0030601

1.46875 -0.00305144
1.48438 -0.00396001

1.48438 -0.00394365
1.5 -0.00482012

1 0.0279835
1.01562 0.0270396

1.01562 0.0270362
1.03125 0.0260531

1.03125 0.026044
1.04688 0.0250465

1.04688 0.0250421
1.0625 0.0240573

1.0625 0.0240615
1.07812 0.0230902

1.07812 0.0230977
1.09375 0.0221166

2.65625 0.0307098
2.65818 0.03125

2.65701 0.03125
2.67188 0.0354155

2.67188 0.0353535
2.6875 0.0376971

-2.125 -0.0489369
-2.10938 -0.048657

2.6875 0.0369729
2.70312 0.0387968

2.70312 0.039215
2.71875 0.0411311

2.71875 0.0416916
2.73438 0.0417426

-2.10938 -0.0486581
-2.09375 -0.0484223

-2.09375 -0.0484264
-2.07812 -0.0482245

-2.07812 -0.0482299
-2.0625 -0.0480429

2.73438 0.0408985
2.75 0.0396513

1.09375 0.0221191
1.10938 0.0211082

1.10938 0.0211029
1.125 0.0200677

-2.0625 -0.0480476
-2.04688 -0.0478552

1.125 0.0200601
1.14062 0.0190265

1.14062 0.0190254
1.15625 0.0180106

-2.04688 -0.0478582
-2.03125 -0.0476453

-2.03125 -0.0476467
-2.01562 -0.0474045

1.15625 0.0180173
1.17188 0.0170101

1.17188 0.0170194
1.1875 0.015988

2.75 0.0387649
2.76562 0.0396805

2.76562 0.0398308
2.78125 0.0443814

-2.01562 -0.0474051
-2 -0.0471299

2.78125 0.0446745
2.78632 0.046875

2.78548 0.046875
2.79688 0.0518257

1.20312 0.0149101
1.1928 0.015625

1.1875 0.0159915
1.1928 0.015625

2.79688 0.0525858
2.8125 0.0587766

2.8125 0.0586609
2.82716 0.0625

1.20312 0.0148974
1.21875 0.013784

1.21875 0.0137694
1.23438 0.0126788

2.82812 0.0624586
2.82836 0.0625

2.82723 0.0625
2.82812 0.0627351

1.23438 0.0126751
1.25 0.0116438

2.8283 0.0625
2.84375 0.0652569

2.84375 0.0648765
2.85938 0.0676841

2.85938 0.0674457
2.875 0.0715109

1.25 0.0116557
1.26562 0.0106673

1.26562 0.0106866
1.28125 0.0096789

1.28125 0.00968997
1.29688 0.00860222

1.29688 0.00859457
1.3125 0.00741993

2.875 0.0709077
2.89062 0.0779007

2.88995 0.078125
2.89062 0.0784269

2.89062 0.078094
2.89068 0.078125

2.89062 0.0787858
2.90625 0.0881431

2.90625 0.0891676
2.91563 0.09375

2.91495 0.09375
2.92188 0.0971349

2.92188 0.0972997
2.9375 0.100178

2.99419 0
2.98825 0.015625

1.3125 0.00739759
1.32812 0.00619604

1.32812 0.00617516
1.34375 0.00503316

2.98889 0.015625
2.98574 0.03125

2.98438 0.0451818
2.98558 0.03125

2.98438 0.0622959
2.98483 0.046875

2.96875 0.0918029
2.96416 0.09375

1.34375 0.00502852
1.35938 0.00399711

1.35938 0.00401125
1.375 0.00307142

2.9375 0.0998827
2.95312 0.0978805

2.95312 0.0977958
2.96294 0.09375

1.375 0.00309372
1.39062 0.00217257

1.39062 0.00218708
1.40625 0.00121102

2.98438 0.0714198
2.9826 0.078125

2.98402 0.078125
2.96922 0.09375

1.40625 0.00120934
1.42188 0.000152704

1.42188 0.000139283
1.42385 0

2.96875 0.094009
2.96912 0.09375

3 -0.0651047
3.00099 -0.0625

3 -0.0345618
3.00321 -0.03125

3 -0.00735412
3.03125 -0.0113846

3.03125 -0.00460317
3.0625 -0.00143672

3.0625 -0.00372773
3.125 -0.00164288

3.125 -0.00251816
3.25 -0.000968071

3.25 -0.00161184
3.5 -0.000735065

3.5 -0.00147603
4 -0.00102957

-2 -0.04713
-1.98712 -0.046875

-1.98718 -0.046875
-1.98438 -0.0468195

-1.98438 -0.0468199
-1.96875 -0.0464782

-1.96875 -0.0464761
-1.95312 -0.0461073

-1.95312 -0.046103
-1.9375 -0.04572

-1.9375 -0.0457138
-1.92188 -0.0453375

-1.92188 -0.0453305
-1.90625 -0.0449875

-1.90625 -0.0449816
-1.89062 -0.0446977

-1.89062 -0.0446949
-1.875 -0.0444873

-1.875 -0.0444889
-1.85938 -0.0443599

-1.85938 -0.044366
-1.84375 -0.0443002

-1.84375 -0.0443092
-1.82812 -0.0442763

-1.82812 -0.0442857
-1.8125 -0.0442489

-1.8125 -0.0442561
-1.79688 -0.0441821

-1.79688 -0.0441854
-1.78125 -0.0440534

-1.78125 -0.0440522
-1.76562 -0.0438579

-1.76562 -0.0438532
-1.75 -0.0436082

-1.75 -0.0436013
-1.73438 -0.0433287

-1.73438 -0.0433215
-1.71875 -0.0430494

-1.71875 -0.0430431
-1.70312 -0.0427989

-1.70312 -0.0427946
-1.6875 -0.0425994

-1.6875 -0.0425977
-1.67188 -0.0424634

-1.67188 -0.0424643
-1.65625 -0.0423924

-1.65625 -0.0423956
-1.64062 -0.0423779

-1.64062 -0.0423824
-1.625 -0.0424038

-1.625 -0.0424086
-1.60938 -0.0424503

-1.60938 -0.0424544
-1.59375 -0.0424988

-1.59375 -0.0425015
-1.57812 -0.0425351

-1.57812 -0.0425364
-1.5625 -0.0425512

-1.5625 -0.0425512
-1.54688 -0.0425448

-1.54688 -0.042544
-1.53125 -0.0425181

-1.53125 -0.0425169
-1.51562 -0.0424757

-1.51562 -0.0424743
-1.5 -0.0424231

-1.5 -0.0424217
-1.48438 -0.0423658

-1.48438 -0.0423645
-1.46875 -0.0423092

-1.46875 -0.0423081
-1.45312 -0.0422582

-1.45312 -0.0422575
-1.4375 -0.0422167

-1.4375 -0.0422164
-1.42188 -0.042187

-1.42188 -0.0421872
-1.40625 -0.0421693

-1.40625 -0.0421701
-1.39062 -0.0421615

-1.39062 -0.0421628
-1.375 -0.0421592

-1.375 -0.0421608
-1.35938 -0.0421565

-1.35938 -0.0421582
-1.34375 -0.0421465

-1.34375 -0.0421481
-1.32812 -0.0421223

-1.32812 -0.0421237
-1.3125 -0.0420776

-1.3125 -0.0420788
-1.29688 -0.0420072

-1.29688 -0.0420081
-1.28125 -0.0419071

-1.28125 -0.0419077
-1.26562 -0.0417742

-1.26562 -0.0417746
-1.25 -0.0416066

-1.25 -0.0416068
-1.23438 -0.0414029

-1.23438 -0.041403
-1.21875 -0.0411627

-1.21875 -0.0411627
-1.20312 -0.0408859

-1.20312 -0.0408858
-1.1875 -0.0405729

-1.1875 -0.0405727
-1.17188 -0.0402244

-1.17188 -0.0402242
-1.15625 -0.0398414

-1.15625 -0.0398412
-1.14062 -0.0394249

-1.14062 -0.0394247
-1.125 -0.0389756

-1.125 -0.0389756
-1.10938 -0.0384943

-1.10938 -0.0384943
-1.09375 -0.0379808

-1.09375 -0.0379809
-1.07812 -0.0374349

-1.07812 -0.0374351
-1.0625 -0.0368556

-1.0625 -0.036856
-1.04688 -0.0362418

-1.04688 -0.0362423
-1.03125 -0.0355917

-1.03125 -0.0355922
-1.01562 -0.0349035

-1.01562 -0.0349041
-1 -0.0341749

