-4 -0.00373679
-3.7141 0

-3.59807 0
-3.5 0.00128176

-3.5 -0.00203367
-3.45388 0

-3.25 -0.00265991
-3.22972 0

-3.125 -0.00409078
-3.1103 0

-3 -0.0635691
-3.00056 -0.0625

-3.0625 -0.00046922
-3.06141 0

-3 -0.0323287
-3.00064 -0.03125

-3.03125 -0.00145978
-3.02734 0

-3.40662 0
-3.25 0.00694436

-3.21779 0
-3.125 0.0132373

-3.10681 0
-3.0625 0.0206654

-3.0625 0.00729608
-3.0325 0.03125

-3.04421 0.03125
-3.03125 0.0572746

-3.03125 0.0303756
-3.0305 0.03125

-3.03125 0.0545096
-3.02811 0.0625

-3.04082 0.0625
-3.03125 0.0891067

-3.03208 0.09375
-3.03125 0.0959516

-3.03125 0.081922
-3.02028 0.09375

-3.03125 0.0965631
-3 0.11842

-3.02542 0.125
-3 0.153287

-3.0012 0.1875
-3 0.188641

-3 -0.0633647
-2.98438 -0.0631767

-3 -0.0607084
-2.98438 -0.0611248

-2.98438 -0.0231695
-2.99566 -0.015625

-2.98942 -0.015625
-2.98438 -0.0101405

-2.98438 -0.0173663
-2.9825 -0.015625

-2.98438 -0.00370692
-2.9766 -0.015625

1.51562 -0.0951082
1.50345 -0.09375

1.51562 -0.0952328
1.53125 -0.0981382

1.5 -0.0933193
1.50386 -0.09375

1.53125 -0.0983172
1.54688 -0.101756

1.54688 -0.10185
1.5625 -0.105277

1.5625 -0.105314
1.57812 -0.108468

1.59375 -0.111261
1.58295 -0.109375

1.57812 -0.108457
1.58338 -0.109375

1.59375 -0.111285
1.60938 -0.113415

-2.98438 0.0302151
-2.98625 0.03125

-2.98438 0.0312336
-2.98428 0.03125

-2.98438 0.0343595
-2.99112 0.046875

-2.99094 0.046875
-2.98438 0.0583279

-2.98438 0.0363984
-2.96875 0.0440054

-2.97634 0.046875
-2.972 0.0625

1.60938 -0.113404
1.625 -0.114861

-2.96875 0.0449702
-2.96767 0.046875

-2.95312 0.0603276
-2.96591 0.0625

1.625 -0.114842
1.64062 -0.115685

1.64062 -0.115659
1.65625 -0.115981

-2.95312 0.0614761
-2.9375 0.0591792

-2.98438 0.0648518
-2.98603 0.078125

1.65625 -0.115949
1.67188 -0.115864

1.67188 -0.115826
1.6875 -0.115476

1.6875 -0.115428
1.70312 -0.114984

-2.98438 0.0924389
-2.98536 0.09375

-2.96875 0.0737708
-2.97158 0.078125

-2.98438 0.0905036
-2.97444 0.078125

-3 0.112128
-2.98632 0.09375

-2.96875 0.0699404
-2.957 0.0625

-2.9375 0.0602821
-2.92188 0.0592173

-2.92188 0.058909
-2.90625 0.0574872

-2.90625 0.0575633
-2.89062 0.0562492

-2.89062 0.0560369
-2.875 0.0551028

1.70312 -0.11493
1.71875 -0.114596

1.71875 -0.114542
1.73438 -0.114536

1.73438 -0.114494
1.75 -0.11501

-3 0.13502
-2.97195 0.15625

-3 0.17604
-2.97418 0.1875

-2.96875 0.159845
-2.96026 0.171875

-2.95609 0.171875
-2.95813 0.1875

-3 0.189067
-2.96875 0.197114

-2.96875 0.20209
-2.9533 0.1875

-2.96875 0.222767
-2.95696 0.21875

-2.875 0.0549772
-2.85938 0.0550989

-2.85938 0.0550208
-2.84375 0.0566058

1.82812 -0.127079
1.81896 -0.125

-2.84375 0.0567932
-2.82812 0.0596227

-2.82812 0.0599907
-2.81491 0.0625

1.82812 -0.127277
1.84375 -0.130676

1.84375 -0.130875
1.85938 -0.13319

-2.81485 0.0625
-2.8125 0.0629462

-2.8125 0.0631029
-2.79688 0.0651798

-2.79688 0.0650577
-2.78125 0.0661946

1.85938 -0.133243
1.875 -0.133968

1.75 -0.114993
1.76562 -0.116146

-2.78125 0.0659745
-2.76562 0.0668559

-2.76562 0.0667296
-2.75 0.0680484

1.76562 -0.116155
1.78125 -0.117961

-2.90625 0.273225
-2.92075 0.28125

-2.90625 0.290134
-2.91321 0.3125

-2.90625 0.300973
-2.875 0.310172

1.78125 -0.117974
1.79688 -0.120387

1.79688 -0.120371
1.8125 -0.123399

-2.90763 0.3125
-2.90625 0.316015

-2.90625 0.322906
-2.875 0.324982

-2.88177 0.34375
-2.875 0.345319

-2.875 0.310843
-2.87392 0.3125

1.8125 -0.12337
1.81968 -0.125

0 -0.0296643
0.015625 -0.0301757

0.015625 -0.0301709
0.03125 -0.030658

0.0625 -0.0315654
0.0521289 -0.03125

0.03125 -0.0306613
0.046875 -0.0311272

-2.875 0.333952
-2.87353 0.3125

-2.875 0.355929
-2.86213 0.34375

0.046875 -0.0311607
0.0498096 -0.03125

-2.78125 0.371635
-2.78557 0.375

-2.78125 0.375997
-2.78819 0.40625

-2.79112 0.40625
-2.78125 0.419743

0.0625 -0.0315922
0.078125 -0.0320972

1.875 -0.133894
1.89062 -0.133071

0.078125 -0.0320947
0.09375 -0.0326179

-2.78125 0.375896
-2.75 0.390398

-2.78125 0.417493
-2.75 0.412688

0.09375 -0.0326332
0.109375 -0.0331489

0.109375 -0.0331771
0.125 -0.0335982

-0.953125 0.121383
-0.964358 0.125

0.125 -0.0336232
0.140625 -0.0338433

0.140625 -0.0338473
0.15625 -0.0338082

0.15625 -0.033775
0.171875 -0.033535

0.171875 -0.0334698
0.1875 -0.0332257

-0.953125 0.121736
-0.9375 0.117666

0.1875 -0.0331614
0.203125 -0.0331722

0.203125 -0.0331548
0.21875 -0.0335837

-2.75 0.0680578
-2.73438 0.0700477

1.89062 -0.132951
1.90625 -0.130971

-2.73438 0.0701216
-2.71875 0.0726159

-0.9375 0.117783
-0.921875 0.11382

1.90625 -0.13086
1.92188 -0.128183

-0.921875 0.113705
-0.90625 0.109844

1.92188 -0.1281
1.9375 -0.125114

-2.71875 0.0726957
-2.70312 0.0753872

1.9375 -0.125049
1.93776 -0.125

0.21875 -0.0336281
0.234375 -0.034421

-2.70312 0.0754633
-2.6875 0.0780405

0.234375 -0.0344866
0.25 -0.0354233

1.93776 -0.125
1.95312 -0.122049

-0.890625 0.106311
-0.904193 0.109375

-2.6875 0.0780831
-2.68721 0.078125

1.95312 -0.12201
1.96875 -0.119203

-2.6872 0.078125
-2.67188 0.0803098

-0.90625 0.109869
-0.904063 0.109375

1.96875 -0.119197
1.98438 -0.116674

-0.890625 0.106465
-0.875 0.102969

-2.67188 0.0802962
-2.65625 0.0821196

-1 0.138561
-0.984375 0.132563

0.25 -0.0354585
0.265625 -0.0363375

1.98438 -0.116685
2 -0.114437

-2.65625 0.0820782
-2.64062 0.0836072

-0.984375 0.132668
-0.96875 0.126858

0.265625 -0.0363359
0.28125 -0.0370898

-0.96875 0.126559
-0.963907 0.125

-2.64062 0.0834752
-2.625 0.0850566

0.28125 -0.037074
0.296875 -0.0377379

-0.875 0.102971
-0.859375 0.0992051

-2.625 0.0848542
-2.60938 0.0871565

-2.60938 0.0871247
-2.59375 0.0906162

-2.59375 0.091145
-2.58264 0.09375

-0.859375 0.0991804
-0.84375 0.0951909

-0.828125 0.0911534
-0.838645 0.09375

-0.828125 0.0912815
-0.8125 0.0876628

-0.84375 0.0950907
-0.838318 0.09375

0.296875 -0.0377233
0.3125 -0.038358

0.3125 -0.038344
0.328125 -0.0390065

-2.58281 0.09375
-2.57812 0.0948489

0.328125 -0.038985
0.34375 -0.0397462

-0.8125 0.0876427
-0.796875 0.0841002

-0.796875 0.0840736
-0.78125 0.080701

-0.765625 0.0775546
-0.768576 0.078125

-0.78125 0.0806495
-0.768189 0.078125

0 0.987123
0.0113504 1

-2.57812 0.0951958
-2.5625 0.0971939

-2.5625 0.0969215
-2.54688 0.0970477

-2.54688 0.0969301
-2.53125 0.0959642

-0.765625 0.0776839
-0.75 0.0750104

0.34375 -0.039717
0.359375 -0.0406784

0.3125 0.968731
0.31247 0.96875

0.3125 0.975827
0.30477 0.984375

-2.5 0.0924732
-2.51421 0.09375

0.297816 0.984375
0.3125 0.997565

0.359375 -0.0406541
0.375 -0.0419228

0.3125 0.968778
0.326398 0.984375

-0.75 0.0750793
-0.734375 0.0724795

0.3125 0.990998
0.319797 0.984375

-0.734375 0.0725061
-0.71875 0.0697887

-0.71875 0.0698169
-0.703125 0.0668722

-0.703125 0.0668718
-0.6875 0.0636442

-0.671875 0.0602758
-0.682781 0.0625

0 1.01063
0.012597 1

0.375 -0.0419147
0.390625 -0.0435555

0.390625 -0.0435355
0.40625 -0.0456049

0.421875 -0.0481946
0.413464 -0.046875

0.40625 -0.0455533
0.414674 -0.046875

0.53125 0.993846
0.525601 1

-2.53125 0.0958707
-2.51562 0.0942351

0.53125 0.99744
0.533782 1

-2.51562 0.0938877
-2.51409 0.09375

0.421875 -0.0482607
0.4375 -0.0506858

-0.671875 0.0603631
-0.65625 0.0574069

0.5 -0.0628015
0.498803 -0.0625

0.4375 -0.0505655
0.453125 -0.0528827

-2.75 0.406344
-2.74995 0.40625

-0.65625 0.0574082
-0.640625 0.0545456

0.65625 0.964115
0.651891 0.96875

-0.640625 0.0545205
-0.625 0.0517988

-0.6875 0.0635272
-0.682463 0.0625

0.65162 0.96875
0.65625 0.973076

-2.42188 -0.103929
-2.42836 -0.09375

0.65625 0.963906
0.660766 0.96875

-2.42188 -0.10156
-2.40625 -0.0986194

-0.625 0.0517747
-0.609375 0.0492924

0.453125 -0.0527831
0.46875 -0.0554321

-0.609375 0.0492935
-0.59375 0.0470965

-2.42589 -0.09375
-2.42188 -0.0811908

0.46875 -0.0554189
0.484375 -0.0586251

-0.578125 0.0451535
-0.591782 0.046875

0.484375 -0.0585409
0.5 -0.0624759

0.65625 0.972887
0.66064 0.96875

-2.42192 -0.078125
-2.42188 -0.0780863

-2.40625 -0.0828418
-2.42126 -0.078125

-0.59375 0.0471328
-0.591705 0.046875

-0.578125 0.0452302
-0.5625 0.0432814

-2.42188 -0.0781061
-2.42146 -0.078125

-2.40625 -0.0958789
-2.40511 -0.09375

-0.5625 0.0433169
-0.546875 0.0411669

-0.546875 0.0411932
-0.53125 0.0387185

-2.40625 -0.0870691
-2.40488 -0.09375

0.529107 1
0.53125 1.00212

0.53125 1.00562
0.537366 1

-0.53125 0.0387262
-0.515625 0.0358587

-0.515625 0.0358484
-0.5 0.0325935

-2.5 0.0923023
-2.48438 0.0921894

-2.48438 0.0922473
-2.46875 0.0936529

0.5 -0.0628619
0.515625 -0.0669347

0.515625 -0.0668743
0.53125 -0.0704568

-2.46892 0.09375
-2.46875 0.0937654

-2.46875 0.0938554
-2.45312 0.0962588

0.53125 -0.0703031
0.546875 -0.0738109

0.546875 -0.0736829
0.5625 -0.0776792

0.5 -0.0622739
0.500868 -0.0625

-0.3125 -0.000480783
-0.315539 0

-2.45312 0.0963313
-2.4375 0.0991827

-0.3125 -0.000422384
-0.296875 -0.00279996

-0.296875 -0.00276966
-0.28125 -0.00514504

-0.28125 -0.00514293
-0.265625 -0.00758094

-2.4375 0.099191
-2.42188 0.102329

-2.42188 0.102489
-2.40625 0.105577

0.578125 -0.08213
0.562736 -0.078125

0.5625 -0.0775038
0.564887 -0.078125

-0.265625 -0.00759248
-0.25 -0.0100743

0.578125 -0.0821355
0.59375 -0.0854926

-2.40625 0.105548
-2.39062 0.108324

-2.39062 0.108012
-2.3839 0.109375

0.59375 -0.0853605
0.609375 -0.0881672

0.609375 -0.0880478
0.625 -0.090807

-2.38381 0.109375
-2.375 0.11116

-0.25 -0.0101006
-0.234375 -0.0125503

-2.375 0.111668
-2.35938 0.114868

-2.35938 0.115262
-2.34375 0.116707

-0.234375 -0.0125797
-0.21875 -0.0148859

2 -0.114455
2.01562 -0.11242

-2.34375 0.115863
-2.32812 0.116456

2.01562 -0.112438
2.03125 -0.110544

-2.32812 0.116062
-2.3125 0.11828

-0.203125 -0.0169477
-0.213428 -0.015625

-2.3125 0.118673
-2.29688 0.122519

-0.21875 -0.0149219
-0.213274 -0.015625

0.75 -0.125744
0.747067 -0.125

-2.29688 0.122869
-2.28879 0.125

0.640625 -0.093995
0.639471 -0.09375

0.640625 -0.094041
0.65625 -0.0980832

2.03125 -0.110559
2.04139 -0.109375

-2.28826 0.125
-2.28125 0.126848

-0.203125 -0.016904
-0.1875 -0.0185857

-2.28125 0.12682
-2.26562 0.130851

-2.26562 0.130879
-2.25 0.134969

-0.1875 -0.0185674
-0.171875 -0.0200355

-0.171875 -0.0200206
-0.15625 -0.0213415

2.04145 -0.109375
2.04688 -0.108742

-0.15625 -0.0213352
-0.140625 -0.0225512

-0.140625 -0.0225525
-0.125 -0.0236735

2.04688 -0.108743
2.0625 -0.106948

-0.125 -0.0236764
-0.109375 -0.0246939

-0.109375 -0.0246928
-0.09375 -0.0256033

-0.09375 -0.0255976
-0.078125 -0.0264146

-2.25 0.134921
-2.23438 0.139111

-2.23438 0.139164
-2.2293 0.140625

-2.22873 0.140625
-2.21875 0.143498

0.625 -0.0906199
0.639743 -0.09375

0.65625 -0.0981706
0.671875 -0.102563

0.671875 -0.102508
0.6875 -0.107185

2.0625 -0.10694
2.07812 -0.105183

0.703125 -0.112304
0.694049 -0.109375

0.6875 -0.107119
0.694491 -0.109375

-2.21875 0.143453
-2.20312 0.148572

-0.078125 -0.026408
-0.0625 -0.0271563

2.07812 -0.105153
2.09375 -0.10351

0.703125 -0.11246
0.71875 -0.117405

-2.20312 0.148825
-2.1875 0.15426

0.71875 -0.117414
0.734375 -0.121811

-2.1875 0.154903
-2.18226 0.15625

-0.0625 -0.027153
-0.046875 -0.0278522

-0.046875 -0.0278529
-0.03125 -0.028508

-0.03125 -0.0285098
-0.015625 -0.0291154

-2.1821 0.15625
-2.17188 0.158876

-0.015625 -0.0291148
0 -0.0296685

-0.484375 0.0291063
-0.494507 0.03125

0.734375 -0.121739
0.747233 -0.125

-0.484375 0.0292007
-0.46875 0.0260171

-0.5 0.0324769
-0.494201 0.03125

-2.17188 0.158835
-2.15625 0.160302

-2.125 0.155967
-2.12691 0.15625

-0.46875 0.0260182
-0.453125 0.0228125

0.75 -0.125781
0.765625 -0.129295

2.09375 -0.103467
2.10938 -0.102085

0.765625 -0.129307
0.78125 -0.132203

2.10938 -0.102061
2.125 -0.101074

0.78125 -0.13218
0.796875 -0.13448

-2.15625 0.160272
-2.14062 0.159363

-0.453125 0.0227808
-0.4375 0.0196141

0.796875 -0.13446
0.8125 -0.136248

-0.4375 0.0195728
-0.421875 0.0165911

-0.40625 0.0139076
-0.416481 0.015625

2.125 -0.101092
2.14062 -0.100512

2.14062 -0.100543
2.15625 -0.100272

2.15625 -0.100267
2.17188 -0.100252

-0.421875 0.0165734
-0.416225 0.015625

2.17188 -0.100239
2.1875 -0.100514

0.8125 -0.136231
0.828125 -0.137583

-2.14062 0.158926
-2.125 0.15661

0.828125 -0.13757
0.84375 -0.138543

2.1875 -0.100571
2.20312 -0.101047

-0.40625 0.0140123
-0.390625 0.0116604

2.20312 -0.101105
2.21875 -0.101552

-0.390625 0.0116869
-0.375 0.00937386

-2.125 0.156087
-2.10938 0.154269

0.84375 -0.138537
0.859375 -0.13917

-0.375 0.00938884
-0.359375 0.00703194

-0.359375 0.00703599
-0.34375 0.00459712

2.21875 -0.101415
2.23438 -0.10199

2.23438 -0.101719
2.25 -0.103236

0.859375 -0.139169
0.875 -0.139475

2.35938 -0.454441
2.35602 -0.453125

2.35487 -0.453125
2.34915 -0.4375

-2.10938 0.154949
-2.09375 0.153279

-2.125 0.156408
-2.12364 0.15625

-0.34375 0.00458734
-0.328125 0.00207796

-0.328125 0.00204336
-0.315209 0

2.35938 -0.454159
2.363 -0.453125

2.36318 -0.453125
2.37379 -0.4375

2.35025 -0.4375
2.35938 -0.430415

0.875 -0.139479
0.890625 -0.139453

0.890625 -0.139456
0.90625 -0.139087

0.90625 -0.139086
0.921875 -0.138371

0.921875 -0.138367
0.9375 -0.137316

-2.09375 0.154061
-2.07812 0.149629

-2.0625 0.140439
-2.06289 0.140625

-2.07812 0.148941
-2.0625 0.141565

2.35938 -0.429433
2.375 -0.436176

2.375 -0.443899
2.37629 -0.4375

2.375 -0.435938
2.37581 -0.4375

0.9375 -0.137309
0.953125 -0.135946

2.34375 -0.125119
2.34307 -0.125

2.34375 -0.125121
2.35938 -0.127799

-2.0625 0.140394
-2.04688 0.133758

-2.0625 0.141082
-2.06142 0.140625

2.35938 -0.127831
2.375 -0.130408

2.25 -0.103137
2.26562 -0.106339

0.953125 -0.135939
0.96875 -0.134292

2.28125 -0.111655
2.27335 -0.109375

2.26562 -0.10627
2.27639 -0.109375

2.28125 -0.111559
2.29688 -0.11595

2.29688 -0.115855
2.3125 -0.119472

2.3125 -0.119464
2.32812 -0.122513

2.32812 -0.122395
2.343 -0.125

-2.04688 0.133877
-2.03125 0.13008

-2.03125 0.130191
-2.01562 0.128803

0.96875 -0.134286
0.984375 -0.132382

0.984375 -0.132377
1 -0.13024

2.375 -0.130425
2.39062 -0.132804

2.39062 -0.132824
2.40625 -0.134931

-2.01562 0.128729
-2 0.129674

2.40625 -0.134943
2.42188 -0.136712

2.42188 -0.136715
2.4375 -0.138117

2.4375 -0.138113
2.45312 -0.139148

2.45312 -0.139143
2.46875 -0.139828

2.46875 -0.13983
2.48438 -0.140172

2.48438 -0.140186
2.5 -0.140155

-2.01562 0.728374
-2.02127 0.734375

-2.02786 0.734375
-2.01562 0.744455

-2.01562 0.721679
-2.00526 0.734375

-2.01562 0.738303
-2.01147 0.734375

-0.125 0.973662
-0.134447 0.984375

-0.129128 0.984375
-0.125 0.988325

-0.125 0.979265
-0.120119 0.984375

-0.125 0.99361
-0.114573 0.984375

2.5 -0.14017
2.51562 -0.139707

2.51562 -0.139677
2.53125 -0.138809

2.53125 -0.13869
2.54688 -0.137717

2.54688 -0.137552
2.5625 -0.137041

0 0.986181
-0.0115352 1

2.5625 -0.136969
2.57812 -0.137397

-0.0111616 1
0 1.00994

2.57812 -0.137465
2.59375 -0.13884

2.60938 -0.140903
2.60709 -0.140625

2.59375 -0.13898
2.60728 -0.140625

2.60938 -0.141037
2.625 -0.142867

2.625 -0.143001
2.64062 -0.144186

2.64062 -0.144234
2.65625 -0.144413

2.65625 -0.144345
2.67188 -0.143559

2.67188 -0.143382
2.6875 -0.142119

2.6875 -0.141984
2.70312 -0.140869

2.70312 -0.140841
2.70839 -0.140625

2.70843 -0.140625
2.71875 -0.140203

2.71875 -0.140254
2.73438 -0.14004

2.73438 -0.140044
2.75 -0.140146

1 -0.130238
1.01562 -0.12788

1.01562 -0.127883
1.03125 -0.125304

2.75 -0.140172
2.76562 -0.140529

2.78125 -0.14105
2.76749 -0.140625

2.76562 -0.140576
2.76722 -0.140625

2.78125 -0.141093
2.79688 -0.141539

2.79688 -0.141499
2.8125 -0.141904

2.8125 -0.141881
2.82812 -0.142371

1.03125 -0.125305
1.03294 -0.125

1.03297 -0.125
1.04688 -0.122493

1.04688 -0.12251
1.0625 -0.11941

2.82812 -0.142364
2.84375 -0.142999

2.84375 -0.143108
2.85938 -0.143682

1.0625 -0.119423
1.07812 -0.11598

1.07812 -0.11598
1.09375 -0.112169

2.85938 -0.143751
2.875 -0.143909

-2 0.129544
-1.98438 0.13323

-1.98438 0.133418
-1.96875 0.13973

2.875 -0.144023
2.89062 -0.143396

2.89062 -0.143424
2.90625 -0.141726

1.09375 -0.11215
1.10413 -0.109375

1.10432 -0.109375
1.10938 -0.108024

2.90625 -0.141789
2.91255 -0.140625

2.91227 -0.140625
2.92188 -0.138852

-1.96875 0.140264
-1.96798 0.140625

-1.96816 0.140625
-1.95312 0.147685

1.10938 -0.107917
1.125 -0.103529

-1.95312 0.14794
-1.9375 0.154559

1.125 -0.103296
1.14062 -0.0993087

2.92188 -0.139045
2.9375 -0.134562

-1.9375 0.154629
-1.93248 0.15625

1.14062 -0.0989404
1.15625 -0.0965545

2.9375 -0.13523
2.95312 -0.127464

-1.93291 0.15625
-1.92188 0.159816

1.15625 -0.0964025
1.17188 -0.0966586

1.17188 -0.0971998
1.1875 -0.0993196

-1.92188 0.15988
-1.90625 0.162812

-1.90625 0.162635
-1.89062 0.16359

-1.89062 0.16329
-1.875 0.163222

1.1875 -0.099822
1.20312 -0.101718

-1.875 0.162916
-1.85938 0.163037

1.20312 -0.101655
1.21875 -0.102449

2.95312 -0.126361
2.95534 -0.125

-1.85938 0.162898
-1.84375 0.164098

2.9556 -0.125
2.96875 -0.11591

2.96875 -0.120005
2.98874 -0.09375

1.21875 -0.102245
1.23438 -0.102472

2.9878 -0.09375
2.99021 -0.078125

2.98838 -0.078125
2.98629 -0.0625

1.23438 -0.102384
1.25 -0.102628

-1.84375 0.164162
-1.82812 0.16659

-1.82812 0.166821
-1.8125 0.169888

-1.8125 0.170118
-1.8025 0.171875

1.25 -0.10263
1.26562 -0.103063

1.26562 -0.103098
1.28125 -0.103644

-1.80279 0.171875
-1.79688 0.172914

2.98438 -0.0618536
2.98299 -0.046875

2.9841 -0.046875
2.98381 -0.03125

-1.79688 0.172915
-1.78125 0.174776

-1.78125 0.174823
-1.76562 0.175642

2.98628 -0.0625
2.9847 -0.046875

-1.76562 0.175734
-1.75 0.175233

1.28125 -0.103679
1.29688 -0.1042

1.29688 -0.104228
1.3125 -0.104597

1.3125 -0.104618
1.32812 -0.104738

2.98508 -0.046875
2.98465 -0.03125

2.98417 -0.03125
2.98434 -0.015625

1.32812 -0.104751
1.34375 -0.104553

1.34375 -0.104558
1.35938 -0.104003

1.35938 -0.104002
1.375 -0.103082

-1.75 0.175312
-1.73438 0.173146

-1.71875 0.169406
-1.73019 0.171875

-1.73438 0.172974
-1.72928 0.171875

-1.71875 0.16927
-1.70312 0.165699

-1.70312 0.165603
-1.6875 0.162412

-1.6875 0.162447
-1.67188 0.15976

1.375 -0.103077
1.39062 -0.101802

2.98438 -0.0135379
2.98516 0

-1.67188 0.159801
-1.65625 0.157466

-1.64062 0.155507
-1.64724 0.15625

-1.64062 0.155667
-1.625 0.154585

-1.65625 0.157343
-1.64651 0.15625

1.39062 -0.101787
1.40625 -0.100198

1.40625 -0.100161
1.42188 -0.0983636

1.42188 -0.0983046
1.4375 -0.0964917

-1.625 0.154698
-1.60938 0.153844

-1.60938 0.15392
-1.59375 0.152915

2.98569 0
2.98645 0.015625

2.98679 0.015625
2.9857 0.03125

-1.59375 0.152966
-1.57812 0.151557

2.98438 0.0318507
2.98331 0.046875

2.98401 0.046875
2.98405 0.0625

2.98438 0.034927
2.98463 0.03125

1.4375 -0.0964319
1.45312 -0.0948409

1.45312 -0.0947944
1.46725 -0.09375

-1.57812 0.151562
-1.5625 0.149637

1.46717 -0.09375
1.46875 -0.093633

2.98438 0.0488602
2.9844 0.0625

-1.5625 0.14955
-1.54688 0.147272

1.46875 -0.0935793
1.48438 -0.0930709

-1.54688 0.147184
-1.53125 0.144906

-1.53125 0.144871
-1.51562 0.14284

1.48438 -0.0929741
1.5 -0.0934246

-1.51562 0.142805
-1.5 0.141161

2.98392 0.0625
2.98399 0.078125

2.98388 0.078125
2.98438 0.0906817

2.98396 0.09375
2.98884 0.125

2.9375 0.200189
2.93249 0.203125

2.93683 0.203125
2.92288 0.21875

2.92801 0.21875
2.91417 0.25

2.96875 0.146359
2.95881 0.15625

2.96875 0.162318
2.96192 0.171875

2.95998 0.171875
2.95375 0.1875

2.98722 0.125
2.98073 0.15625

3 0.176764
2.99228 0.1875

2.9375 0.21265
2.96008 0.1875

2.96081 0.21875
2.96341 0.25

2.96875 0.218312
2.98784 0.1875

2.96875 0.223212
2.97013 0.21875

2.90625 0.262343
2.9058 0.265625

2.90062 0.265625
2.90625 0.275791

2.90476 0.28125
2.90625 0.282686

2.90625 0.264938
2.92464 0.28125

2.92593 0.28125
2.9375 0.28361

2.9375 0.272627
2.97721 0.25

3 -0.0710468
3.00102 -0.0625

-1.48438 0.139993
-1.49304 0.140625

-1.5 0.141144
-1.49289 0.140625

-1.48438 0.139998
-1.46875 0.139407

-1.46875 0.139402
-1.45312 0.139368

-1.45312 0.139371
-1.4375 0.1399

-1.4375 0.139916
-1.42701 0.140625

-1.42699 0.140625
-1.42188 0.14097

-1.42188 0.140994
-1.40625 0.142497

-1.40625 0.142526
-1.39062 0.144374

3.0625 -0.00330613
3.0527 0

3.125 -0.00448852
3.10337 0

3.25 -0.00344219
3.22296 0

-1.39062 0.144405
-1.375 0.146481

3.5 -0.00271006
3.43766 0

3.03125 0.0277441
3.01752 0.03125

-1.375 0.146507
-1.35938 0.148698

-1.35938 0.148711
-1.34375 0.150941

-1.34375 0.15094
-1.32812 0.153185

-1.32812 0.153191
-1.3125 0.155441

3.02901 0.03125
3.02336 0.0625

3.03125 0.0207363
3.05867 0

3.02642 0.0625
3.03125 0.0904303

3.03125 0.114026
3.0263 0.125

3.03125 0.0816997
3.03281 0.09375

3.03807 0.09375
3.03221 0.125

3.0625 0.0166336
3.09845 0

3 0.175029
3.0257 0.125

3 0.193401
3.00264 0.1875

3.125 0.0112476
3.20093 0

-1.3125 0.155484
-1.30693 0.15625

-1.30697 0.15625
-1.29688 0.157639

-1.29688 0.157719
-1.28125 0.15951

3.25 0.00507483
3.36668 0

4 -0.0050848
3.60946 0

-1.28125 0.159591
-1.26562 0.160696

-1.26562 0.160722
-1.25 0.160929

-1.25 0.160896
-1.23438 0.160217

-1.23438 0.160153
-1.21875 0.15878

-1.1875 0.154969
-1.19832 0.15625

-1.21875 0.158704
-1.20312 0.156918

-1.20312 0.15682
-1.19831 0.15625

-1.1875 0.154923
-1.17188 0.1533

-1.17188 0.153255
-1.15625 0.152043

-1.15625 0.152006
-1.14062 0.151368

-1.14062 0.151346
-1.125 0.151399

-1.125 0.151423
-1.10938 0.152163

-1.10938 0.152269
-1.09375 0.153438

-1.09375 0.153627
-1.07812 0.154634

-1.07812 0.154831
-1.0625 0.154902

-1.0625 0.155021
-1.04688 0.153524

-1.04688 0.153532
-1.03125 0.150214

-1.03125 0.150164
-1.01562 0.145108

-1 0.138601
-1.00524 0.140625

-1.01562 0.144844
-1.0047 0.140625

