-4 -0.00452194
-3.69047 0

-3.56252 0
-3.5 0.000913415

-3.5 -0.00216951
-3.45541 0

-3.25 -0.00264677
-3.23157 0

-3.125 -0.00413785
-3.11084 0

-3 -0.0668672
-3.00046 -0.0625

-3.0625 -0.000562086
-3.06131 0

-3.00002 -0.0625
-3 -0.059752

-3 -0.000321672
-3.00008 0

-3.40647 0
-3.25 0.00763656

-3.22022 0
-3.125 0.0147293

-3.10758 0
-3.0625 0.0228382

-3.0625 0.00945692
-3.0362 0.03125

-3.04775 0.03125
-3.03145 0.0625

-3.03125 0.0617844
-3.02713 0.0625

-3.04181 0.0625
-3.03125 0.092999

-3.03437 0.09375
-3.03125 0.101679

-3.03125 0.0880307
-3.02306 0.09375

-3.03125 0.101204
-3 0.121348

-3.03018 0.125
-3 0.147963

-2.9375 -0.188776
-2.93853 -0.1875

-2.96875 -0.125595
-2.96903 -0.125

-2.93918 -0.1875
-2.94898 -0.171875

-2.95312 -0.163939
-2.95009 -0.171875

-2.95312 -0.154225
-2.95987 -0.140625

-2.96875 -0.133795
-2.96462 -0.140625

-2.95312 -0.155251
-2.95263 -0.15625

-2.92188 -0.205832
-2.92526 -0.203125

-2.9375 -0.190722
-2.92543 -0.203125

-2.92188 -0.206551
-2.90625 -0.213978

-2.90625 -0.212438
-2.89062 -0.214531

-2.89062 -0.214007
-2.875 -0.21489

-2.97189 -0.125
-2.98405 -0.09375

-2.98765 -0.09375
-2.9892 -0.078125

-2.98571 -0.078125
-2.98438 -0.0683496

-2.98438 -0.0754606
-2.9826 -0.0625

-2.98404 -0.0625
-2.98427 -0.046875

-2.98438 -0.0344046
-2.98421 -0.046875

-2.98438 -0.0242357
-2.98511 -0.015625

-2.98571 -0.015625
-2.98823 0

-2.98438 -0.0308184
-2.98434 -0.03125

-2.875 -0.214859
-2.85938 -0.215643

-2.85938 -0.215693
-2.84375 -0.216342

-2.84375 -0.21639
-2.82812 -0.21671

-2.82812 -0.216693
-2.8125 -0.216621

-2.8125 -0.216606
-2.79688 -0.216207

-2.79688 -0.216165
-2.78125 -0.215555

-2.78125 -0.21555
-2.76562 -0.214823

-2.76562 -0.214824
-2.75 -0.213988

1.5 0.167828
1.51562 0.169529

1.51562 0.169547
1.53125 0.171225

1.53125 0.17127
1.53748 0.171875

1.5374 0.171875
1.54688 0.172795

1.54688 0.172778
1.5625 0.174063

-2.75 -0.214
-2.73438 -0.213026

1.5625 0.174001
1.57812 0.175208

-2.73438 -0.212973
-2.71875 -0.211941

1.57812 0.175139
1.59375 0.176532

1.59375 0.176482
1.60938 0.178298

1.60938 0.178327
1.625 0.180606

-2.71875 -0.211841
-2.70312 -0.211056

-2.70312 -0.211003
-2.6875 -0.210772

1.625 0.180657
1.64062 0.183237

-2.6875 -0.210894
-2.67188 -0.211076

-2.67188 -0.21131
-2.65625 -0.211194

-2.65625 -0.211222
-2.64062 -0.210285

-2.64062 -0.209971
-2.625 -0.208785

1.64062 0.183227
1.65625 0.186029

-2.625 -0.208664
-2.60938 -0.2081

1.65625 0.185942
1.66394 0.1875

1.6637 0.1875
1.67188 0.189156

1.67188 0.189142
1.6875 0.192782

1.6875 0.192814
1.70312 0.196845

1.70312 0.196822
1.71875 0.201226

1.71875 0.201052
1.7252 0.203125

1.72482 0.203125
1.73438 0.206196

1.73438 0.206379
1.75 0.211744

-2.60938 -0.208149
-2.59375 -0.208348

-2.59375 -0.208589
-2.57812 -0.208969

-2.57812 -0.209015
-2.5625 -0.209002

-2.5625 -0.208814
-2.54688 -0.208692

-2.54688 -0.208604
-2.53125 -0.208928

-2.53125 -0.208951
-2.51562 -0.209851

-2.51562 -0.209893
-2.5 -0.21124

0 -0.0492228
0.0134524 -0.046875

1.75 0.211794
1.76562 0.216938

1.76562 0.216725
1.77179 0.21875

1.7715 0.21875
1.78125 0.221952

1.78125 0.222058
1.79688 0.227194

1.79688 0.227286
1.8125 0.231955

1.8125 0.231955
1.82222 0.234375

1.82157 0.234375
1.82812 0.236008

1.82812 0.235959
1.84375 0.238841

-2.9887 0
-2.99053 0.015625

0.01171 -0.046875
0.015625 -0.0461917

-2.9907 0.015625
-2.99055 0.03125

1.84375 0.238601
1.85938 0.240858

-2.9901 0.03125
-2.98852 0.046875

0.015625 -0.0463234
0.03125 -0.0440233

-2.98831 0.046875
-2.98664 0.0625

-2.98604 0.0625
-2.98589 0.078125

1.85938 0.24081
1.875 0.243015

-2.98639 0.078125
-2.98795 0.09375

-2.98602 0.09375
-2.99825 0.125

0.03125 -0.0440763
0.046875 -0.0423236

0.046875 -0.0423447
0.0625 -0.0409913

-3 0.126553
-2.98235 0.15625

1.875 0.243158
1.89062 0.245118

-1 -0.214915
-0.984375 -0.215448

-3 0.185064
-2.96875 0.17936

-0.984375 -0.215494
-0.96875 -0.215773

-0.96875 -0.215796
-0.953125 -0.215685

-0.953125 -0.215693
-0.9375 -0.215131

0.0625 -0.041006
0.078125 -0.0399804

1.89062 0.245096
1.90625 0.246569

0.078125 -0.0399986
0.09375 -0.0392349

-0.9375 -0.215131
-0.921875 -0.214099

-0.921875 -0.214094
-0.90625 -0.212604

-0.90625 -0.212595
-0.890625 -0.210673

-0.890625 -0.21067
-0.875 -0.208342

-0.875 -0.208343
-0.859375 -0.205615

-0.859375 -0.205554
-0.846612 -0.203125

-0.847078 -0.203125
-0.84375 -0.202491

-0.84375 -0.202515
-0.828125 -0.199547

-0.828125 -0.199553
-0.8125 -0.196674

-0.8125 -0.196655
-0.796875 -0.193892

-0.796875 -0.193897
-0.78125 -0.191275

-0.78125 -0.191297
-0.765625 -0.188761

-0.765625 -0.188696
-0.75761 -0.1875

-0.757823 -0.1875
-0.75 -0.186332

-0.75 -0.18639
-0.734375 -0.18434

-0.734375 -0.184387
-0.71875 -0.182441

-0.71875 -0.182445
-0.703125 -0.1805

-0.703125 -0.180495
-0.6875 -0.178553

-0.6875 -0.178553
-0.671875 -0.176628

-0.671875 -0.176613
-0.65625 -0.174735

-0.65625 -0.174812
-0.640625 -0.172857

-0.640625 -0.172889
-0.632861 -0.171875

-0.634334 -0.171875
-0.625 -0.170657

-0.625 -0.170728
-0.609375 -0.168782

-0.609375 -0.168816
-0.59375 -0.166923

-0.59375 -0.166963
-0.578125 -0.164978

-0.578125 -0.164995
-0.5625 -0.162805

-0.5625 -0.162772
-0.546875 -0.160412

-0.546875 -0.160512
-0.53125 -0.157848

-0.53125 -0.157943
-0.522568 -0.15625

-0.524182 -0.15625
-0.515625 -0.154582

-0.515625 -0.154657
-0.5 -0.151515

0.09375 -0.0392574
0.109375 -0.0386742

0.109375 -0.0386929
0.125 -0.0382076

-0.5 -0.151535
-0.484375 -0.148426

-0.484375 -0.148373
-0.46875 -0.145366

0.125 -0.0382089
0.140625 -0.0377817

0.140625 -0.0377596
0.15625 -0.0374322

0.15625 -0.0373953
0.171875 -0.0372859

0.171875 -0.037251
0.1875 -0.0375034

0.1875 -0.037473
0.203125 -0.0382178

0.203125 -0.0382482
0.21875 -0.0394857

0.21875 -0.0396222
0.234375 -0.0410187

0.234375 -0.041106
0.25 -0.0422137

-0.46875 -0.145423
-0.453125 -0.142509

-0.453125 -0.142712
-0.442336 -0.140625

-0.444514 -0.140625
-0.4375 -0.139268

0.25 -0.0422055
0.265625 -0.0428662

-0.4375 -0.139459
-0.421875 -0.136381

0.265625 -0.042835
0.28125 -0.0431275

-2.96875 0.15963
-2.96359 0.171875

-2.96055 0.171875
-2.96863 0.1875

1.90625 0.246244
1.92188 0.247928

1.92188 0.24756
1.93417 0.25

0.28125 -0.0431009
0.296875 -0.0431408

1.93248 0.25
1.9375 0.250997

-2.99674 0.1875
-2.96875 0.189202

1.9375 0.251375
1.95312 0.255203

1.95312 0.255089
1.96875 0.258621

-0.421875 -0.136345
-0.40625 -0.133428

-2.96875 0.190124
-2.96568 0.1875

1.96875 0.258068
1.98438 0.262637

1.98438 0.262343
1.99361 0.265625

1.98915 0.265625
2 0.269482

0.296875 -0.0431213
0.3125 -0.0430008

0.3125 -0.0429901
0.328125 -0.0427697

0.328125 -0.0427705
0.34375 -0.0424697

0.34375 -0.0424771
0.359375 -0.0420796

0.359375 -0.0420868
0.375 -0.0415635

0 0.984883
0.012913 1

0.375 -0.0415628
0.390625 -0.0409008

-0.40625 -0.133458
-0.390625 -0.13071

-0.390625 -0.130644
-0.375 -0.128135

0.390625 -0.0408924
0.40625 -0.0401099

0.40625 -0.0400976
0.421875 -0.0392361

-2.90625 0.276247
-2.91241 0.28125

0.421875 -0.0392188
0.4375 -0.0383371

-0.375 -0.12825
-0.359375 -0.12588

0.3125 0.968743
0.312429 0.96875

-0.359375 -0.126054
-0.352568 -0.125

-2.90625 0.28951
-2.9104 0.3125

0.4375 -0.038319
0.453125 -0.0374882

-2.90625 0.298525
-2.875 0.299999

-2.90903 0.3125
-2.90625 0.316992

-2.90625 0.31786
-2.875 0.32023

0.453125 -0.0374804
0.46875 -0.0367521

0.46875 -0.0367662
0.484375 -0.0361277

0.3125 0.969802
0.296952 0.984375

0.484375 -0.0361595
0.5 -0.0355188

-2.87598 0.34375
-2.875 0.343887

0.304182 0.984375
0.3125 0.991475

-2.875 0.300964
-2.87051 0.3125

-0.359489 -0.125
-0.359375 -0.124983

-0.354578 -0.125
-0.34375 -0.123323

-0.34375 -0.123503
-0.328125 -0.12095

-0.328125 -0.120911
-0.3125 -0.118174

-0.3125 -0.118063
-0.296875 -0.115442

-0.296875 -0.115446
-0.28125 -0.113153

-0.28125 -0.113385
-0.265625 -0.110951

-0.265625 -0.110995
-0.257021 -0.109375

-0.258051 -0.109375
-0.25 -0.107859

-2.875 0.325375
-2.86813 0.3125

0.5 -0.0355521
0.515625 -0.034779

0.515625 -0.0347879
0.53125 -0.0337979

0.53125 -0.0338295
0.546875 -0.0325417

0.546875 -0.0326297
0.559893 -0.03125

0.3125 0.97678
0.319004 0.984375

-2.875 0.348029
-2.86887 0.34375

-2.78125 0.373719
-2.78343 0.375

-2.78125 0.374474
-2.77696 0.375

-2.78393 0.375
-2.79291 0.40625

-2.7984 0.40625
-2.78125 0.421566

-2.77255 0.375
-2.75 0.403606

-2.78125 0.416498
-2.75 0.40657

-2.5 -0.211288
-2.48438 -0.212903

-2.48438 -0.21295
-2.46875 -0.214642

-2.46875 -0.214658
-2.45312 -0.216301

-2.45312 -0.21629
-2.4375 -0.217875

-2.42188 -0.219457
-2.42869 -0.21875

-2.42188 -0.219455
-2.40625 -0.221188

-2.4375 -0.217839
-2.42871 -0.21875

-2.40625 -0.221181
-2.39062 -0.223045

-2.39062 -0.223053
-2.375 -0.225047

0.3125 0.998555
0.325885 0.984375

0.556869 -0.03125
0.5625 -0.0306532

0 1.00842
0.00944466 1

-2.375 -0.22505
-2.35938 -0.227153

-2.35938 -0.227163
-2.34375 -0.229349

0.5625 -0.0307484
0.578125 -0.0289988

0.578125 -0.0290304
0.59375 -0.0274057

0.53125 0.994504
0.526366 1

0.59375 -0.0274226
0.609375 -0.0258258

0.609375 -0.025858
0.625 -0.024191

-2.34375 -0.229353
-2.32812 -0.231594

0.625 -0.0242132
0.640625 -0.022367

-2.32812 -0.231598
-2.3125 -0.23388

0.53125 0.996064
0.535102 1

-0.25 -0.107878
-0.234375 -0.104689

0.640625 -0.0224068
0.65625 -0.0202576

-2.29688 -0.236201
-2.30917 -0.234375

0.65625 -0.0203836
0.671875 -0.0175999

-2.3125 -0.233875
-2.30913 -0.234375

0.65625 0.964484
0.652178 0.96875

-0.234375 -0.104744
-0.21875 -0.101361

0.651243 0.96875
0.65625 0.973376

0.671875 -0.0177877
0.680502 -0.015625

-2.29688 -0.236216
-2.28125 -0.238544

0.67995 -0.015625
0.6875 -0.0137322

-0.21875 -0.10155
-0.203125 -0.0974859

-2.28125 -0.238556
-2.26562 -0.240837

-0.203125 -0.0973252
-0.190958 -0.09375

0.65625 0.963583
0.661015 0.96875

0.6875 -0.0135366
0.703125 -0.00877867

0.65625 0.972552
0.660226 0.96875

0.703125 -0.00864968
0.71875 -0.0038481

-2.26562 -0.240853
-2.25 -0.243032

0.71875 -0.00388933
0.731843 0

-0.19232 -0.09375
-0.1875 -0.0923336

-0.1875 -0.092479
-0.171875 -0.0881911

-0.171875 -0.0884712
-0.15625 -0.0842239

-0.15625 -0.0842229
-0.140625 -0.0794583

-0.140625 -0.0792211
-0.13694 -0.078125

0.527748 1
0.53125 1.00343

0.53125 1.00482
0.53667 1

-0.137284 -0.078125
-0.125 -0.0744716

-2.25 -0.243052
-2.23438 -0.245058

0.731564 0
0.734375 0.00083489

-0.125 -0.0745986
-0.109375 -0.070494

-2.23438 -0.245084
-2.21875 -0.246826

-2.21875 -0.246871
-2.20312 -0.248208

0.734375 0.0008836
0.75 0.00518456

-2.20312 -0.248274
-2.1875 -0.248984

-0.109375 -0.0705899
-0.09375 -0.0666282

-0.09375 -0.0665098
-0.078125 -0.0627362

1.35938 0.649264
1.35154 0.65625

0.75 0.00504488
0.765625 0.00905009

1.35938 0.64961
1.375 0.651065

-2.1875 -0.249087
-2.17188 -0.248831

1.35437 0.65625
1.34924 0.671875

-0.078125 -0.0626635
-0.0773099 -0.0625

1.34878 0.671875
1.35938 0.686161

-2.17188 -0.248901
-2.15625 -0.247333

0.765625 0.00917793
0.78125 0.0129111

-2.15625 -0.24731
-2.14062 -0.244337

1.35938 0.686066
1.375 0.683845

-0.077491 -0.0625
-0.0625 -0.0594935

1.35866 0.6875
1.35938 0.68791

-2.14062 -0.24407
-2.125 -0.240271

-0.0625 -0.059637
-0.046875 -0.0570743

-0.046875 -0.0571882
-0.03125 -0.0546849

1.35938 0.68764
1.36107 0.6875

0.78125 0.0129003
0.794473 0.015625

0.794361 0.015625
0.796875 0.016143

0.796875 0.0159645
0.8125 0.0190028

0.8125 0.019012
0.828125 0.0221685

0.828125 0.022363
0.84375 0.0252305

0.84375 0.0249976
0.859375 0.0276528

0.859375 0.027378
0.875 0.0308362

-2.125 -0.23993
-2.10938 -0.236521

0.875 0.0307769
0.876751 0.03125

-2.10938 -0.236752
-2.09458 -0.234375

-0.03125 -0.0546763
-0.015625 -0.0520218

-2.09909 -0.234375
-2.09375 -0.233517

1.375 0.653363
1.37797 0.65625

0.875348 0.03125
0.890625 0.0353781

1.37903 0.65625
1.38361 0.671875

-2.09375 -0.234093
-2.07812 -0.232316

-0.015625 -0.0520147
0 -0.0492402

-2.07812 -0.232435
-2.0625 -0.231162

0.890625 0.0356082
0.90625 0.039495

-2.0625 -0.23121
-2.04688 -0.230108

0.90625 0.0393063
0.921875 0.0427238

-2.04688 -0.230199
-2.03125 -0.22899

1.375 0.68192
1.38205 0.671875

-2.03125 -0.228952
-2.01562 -0.227531

0.921875 0.0425441
0.9375 0.0462291

-2.01562 -0.227417
-2 -0.226086

0.9375 0.0461339
0.940381 0.046875

0.939276 0.046875
0.953125 0.0504368

0.953125 0.050545
0.96875 0.0543028

0.96875 0.0542666
0.984375 0.057535

0.984375 0.0575595
1 0.0603617

1.875 0.639021
1.87468 0.640625

1.87408 0.640625
1.875 0.643566

1.89062 0.609199
1.89035 0.609375

1.89062 0.609893
1.87683 0.625

1.89062 0.609099
1.90625 0.606744

1.89062 0.61013
1.89597 0.609375

1.90625 0.606548
1.91148 0.609375

-2.01562 0.728377
-2.02138 0.734375

-2.02803 0.734375
-2.01562 0.74443

-2.01562 0.72166
-2.00538 0.734375

-2.01562 0.738261
-2.01159 0.734375

1.91061 0.609375
1.92188 0.622455

1.92188 0.62307
1.92266 0.625

1.875 0.639055
1.87783 0.625

1.875 0.643358
1.88199 0.65625

1.87717 0.65625
1.89062 0.666866

1.89062 0.666294
1.90625 0.663165

1.91975 0.625
1.9192 0.640625

1.92079 0.640625
1.91125 0.65625

1.90625 0.662344
1.91283 0.65625

-2 -0.226188
-1.98438 -0.224973

-1.98438 -0.224541
-1.96875 -0.224099

-1.96875 -0.224549
-1.95312 -0.224846

-1.95312 -0.224517
-1.9375 -0.225314

-1.9375 -0.22558
-1.92188 -0.227005

-1.92188 -0.227562
-1.90625 -0.227966

-1.90625 -0.227897
-1.89062 -0.226306

-1.89062 -0.225966
-1.875 -0.2232

1 0.0601984
1.01377 0.0625

-1.875 -0.223012
-1.85938 -0.220125

-1.85938 -0.220041
-1.85146 -0.21875

-0.125 0.973829
-0.134481 0.984375

-0.129372 0.984375
-0.125 0.988549

1.01374 0.0625
1.01562 0.0628154

-0.125 0.97919
-0.120057 0.984375

1.01562 0.0627966
1.03125 0.065575

-1.85091 -0.21875
-1.84375 -0.217583

1.03125 0.0656849
1.04688 0.068439

-1.84375 -0.217491
-1.82812 -0.215458

1.04688 0.0685555
1.0625 0.0708324

2 0.269025
2.01562 0.27389

1.0625 0.0707811
1.07812 0.0724505

-0.125 0.993628
-0.114745 0.984375

-1.82812 -0.215484
-1.8125 -0.214006

0 0.988982
-0.00975332 1

1.07812 0.0723596
1.09375 0.0737058

2.01562 0.273127
2.03125 0.278322

-0.0139554 1
0 1.01205

2.03125 0.278145
2.04017 0.28125

2.03533 0.28125
2.04688 0.285269

-1.8125 -0.214037
-1.79688 -0.212999

-1.79688 -0.213028
-1.78125 -0.212311

1.09375 0.0735773
1.10938 0.075039

1.10938 0.0748892
1.125 0.077023

2.04688 0.284461
2.0625 0.288748

1.125 0.0769669
1.13118 0.078125

1.12998 0.078125
1.14062 0.0801205

-1.78125 -0.212322
-1.76562 -0.211849

1.14062 0.0804121
1.15625 0.0832203

2.0625 0.28817
2.07812 0.292675

1.15625 0.0830129
1.17188 0.0853712

-1.76562 -0.211851
-1.75 -0.211597

2.07812 0.292647
2.09029 0.296875

2.08786 0.296875
2.09375 0.298922

2.09375 0.298568
2.10938 0.303992

1.17188 0.085242
1.1875 0.0878237

-1.75 -0.211586
-1.73438 -0.211568

-1.73438 -0.211569
-1.71875 -0.211806

2.10938 0.303517
2.125 0.309411

-1.71875 -0.211824
-1.70312 -0.21228

2.03125 0.498449
2.0297 0.5

1.1875 0.0876978
1.20312 0.0910129

2.03125 0.498372
2.04688 0.488

-1.70312 -0.212356
-1.6875 -0.212842

2.04688 0.489065
2.0625 0.486882

-1.6875 -0.213
-1.67188 -0.213047

-1.67188 -0.213162
-1.65625 -0.212227

1.20312 0.0908935
1.21319 0.09375

1.21269 0.09375
1.21875 0.095469

1.21875 0.095855
1.23438 0.100589

1.23438 0.100387
1.25 0.104875

-1.65625 -0.212066
-1.64062 -0.21024

-1.64062 -0.209678
-1.625 -0.208405

2.0625 0.487278
2.07812 0.490362

2.07812 0.491106
2.09375 0.497179

2.09375 0.498021
2.09901 0.5

-1.625 -0.208143
-1.60938 -0.20907

-1.60938 -0.209376
-1.59375 -0.212417

2.125 0.309493
2.13263 0.3125

2.13047 0.3125
2.14062 0.316503

1.25 0.104626
1.26443 0.109375

1.26439 0.109375
1.26562 0.109782

-1.5625 -0.220044
-1.56863 -0.21875

-1.59375 -0.212811
-1.57812 -0.216566

2.14062 0.315861
2.15625 0.321696

1.26562 0.110199
1.28125 0.115629

-1.57812 -0.216765
-1.56872 -0.21875

1.28125 0.115619
1.29688 0.120494

-1.5625 -0.220028
-1.54688 -0.222538

1.29688 0.120247
1.31224 0.125

2.15625 0.321502
2.17188 0.327974

2.17182 0.328125
2.17188 0.328148

-1.54688 -0.222505
-1.53125 -0.22435

-1.53125 -0.224308
-1.51562 -0.22564

1.31223 0.125
1.3125 0.125084

1.3125 0.125292
1.32812 0.130158

2.17188 0.32813
2.1875 0.335316

2.1875 0.335028
2.20312 0.343191

2.20312 0.343265
2.20395 0.34375

1.32812 0.130231
1.34375 0.13456

1.34375 0.13445
1.35938 0.138317

-1.51562 -0.225611
-1.5 -0.226573

2.20392 0.34375
2.21875 0.352838

2.21875 0.352664
2.22802 0.359375

1.35938 0.138158
1.36921 0.140625

1.3691 0.140625
1.375 0.142105

2.22824 0.359375
2.23438 0.363869

2.23438 0.363978
2.24666 0.375

1.375 0.142203
1.39062 0.146239

1.39062 0.146252
1.40625 0.150146

-1.39062 -0.303913
-1.3939 -0.296875

-1.39289 -0.296875
-1.39062 -0.289449

-1.39062 -0.302987
-1.375 -0.305572

-1.39062 -0.288243
-1.375 -0.283822

1.40625 0.150144
1.42188 0.153875

-1.375 -0.306501
-1.36909 -0.296875

-1.375 -0.282666
-1.3696 -0.296875

2.24701 0.375
2.25 0.378041

-1.5 -0.226572
-1.48438 -0.227225

1.42188 0.153836
1.43225 0.15625

-1.48438 -0.227258
-1.46875 -0.227538

2.21875 0.495403
2.20646 0.5

-1.46875 -0.227587
-1.45312 -0.227331

-1.45312 -0.227358
-1.4375 -0.226415

2.21875 0.495647
2.23438 0.487606

2.25 0.476579
2.23971 0.484375

1.43216 0.15625
1.4375 0.157492

1.4375 0.157581
1.45312 0.160978

-1.4375 -0.226354
-1.42188 -0.224791

-1.42188 -0.224619
-1.40625 -0.222903

-1.40625 -0.22277
-1.39062 -0.22151

-1.39062 -0.221506
-1.375 -0.220974

1.45312 0.161024
1.46875 0.163889

-1.375 -0.221028
-1.35938 -0.221127

1.46875 0.163879
1.48438 0.166142

2.23438 0.487092
2.23841 0.484375

-1.35938 -0.221196
-1.34375 -0.22168

-1.34375 -0.221754
-1.32812 -0.222336

-1.32812 -0.222373
-1.3125 -0.222834

1.48438 0.166067
1.5 0.167901

2.25 0.378092
2.26079 0.390625

2.26093 0.390625
2.26562 0.398632

2.26562 0.398254
2.27024 0.40625

2.27022 0.40625
2.27447 0.421875

-1.3125 -0.222825
-1.29688 -0.22311

-1.29688 -0.223098
-1.28125 -0.223247

-1.28125 -0.223257
-1.26562 -0.223274

-1.26562 -0.223295
-1.25 -0.223116

2.27443 0.421875
2.27378 0.4375

2.26562 0.457953
2.2581 0.46875

2.27373 0.4375
2.26835 0.453125

2.26562 0.457118
2.26808 0.453125

2.25 0.47629
2.25751 0.46875

-1.25 -0.223123
-1.23438 -0.222689

-1.23438 -0.222683
-1.21875 -0.221992

-1.21875 -0.221976
-1.20312 -0.221072

-1.20312 -0.221051
-1.1875 -0.220011

-1.1875 -0.22
-1.17188 -0.218886

-1.17188 -0.218857
-1.1703 -0.21875

-1.17062 -0.21875
-1.15625 -0.217769

-1.15625 -0.217754
-1.14062 -0.216864

-1.14062 -0.216877
-1.125 -0.216172

-1.125 -0.216188
-1.10938 -0.215611

-1.10938 -0.215627
-1.09375 -0.215113

-1.09375 -0.215116
-1.07812 -0.214624

-1.07812 -0.214605
-1.0625 -0.21417

-1.0625 -0.214133
-1.04688 -0.213864

-1.04688 -0.213835
-1.03125 -0.213863

-1.03125 -0.213873
-1.01562 -0.214233

-1.01562 -0.214286
-1 -0.21485

2.98438 -0.0830845
2.98333 -0.078125

2.98438 -0.0812335
3 -0.078314

2.98438 -0.0768574
3 -0.0776367

2.99539 -0.0625
3 -0.0616766

3 -0.0328254
2.99385 -0.03125

2.98438 -0.0162734
3 -0.0165495

2.98438 -0.00521299
3 -0.00521299

2.59375 0.496854
2.58823 0.5

2.59375 0.497778
2.60938 0.487816

2.625 0.475988
2.61312 0.484375

2.60938 0.488789
2.61565 0.484375

2.64062 0.466413
2.63602 0.46875

2.65625 0.461061
2.64233 0.46875

2.625 0.475476
2.6358 0.46875

2.67188 0.447028
2.66313 0.453125

2.65625 0.459811
2.66584 0.453125

2.67188 0.447991
2.6875 0.439084

2.70312 0.432102
2.69156 0.4375

2.71875 0.421856
2.71872 0.421875

2.70312 0.433654
2.71875 0.424257

2.75 0.404884
2.74744 0.40625

2.71875 0.421605
2.74404 0.40625

2.6875 0.439166
2.69039 0.4375

2.98438 0.0013631
3 0.0013631

2.98438 0.0624008
3 0.0624008

2.96875 0.122605
2.96825 0.125

2.98438 0.0777997
3 0.0777997

2.98438 0.0821985
3 0.0821985

2.96875 0.123271
3 0.117444

2.9375 0.169591
2.93668 0.171875

2.93661 0.171875
2.9375 0.175239

2.90625 0.237225
2.90336 0.25

2.92188 0.218466
2.92171 0.21875

2.93108 0.1875
2.93471 0.203125

2.92188 0.218349
2.9375 0.213919

2.90625 0.241662
2.92906 0.21875

2.95312 0.149677
2.94343 0.15625

2.96875 0.140152
2.96805 0.140625

2.95312 0.153034
2.96875 0.144545

2.9375 0.16745
2.94542 0.15625

2.9375 0.178754
2.94632 0.1875

2.96398 0.15625
2.95777 0.171875

2.96009 0.171875
2.9545 0.1875

2.96875 0.14445
3 0.125707

3 0.172012
2.99078 0.1875

2.96553 0.1875
2.94366 0.21875

2.96798 0.21875
2.95354 0.25

2.99149 0.1875
2.96963 0.21875

2.96875 0.234998
2.97314 0.21875

2.79688 0.365512
2.78829 0.375

2.8125 0.350356
2.80092 0.359375

2.79688 0.364143
2.80204 0.359375

2.85938 0.309979
2.85735 0.3125

2.875 0.287686
2.86596 0.296875

2.85938 0.308092
2.86866 0.296875

2.82812 0.340281
2.82467 0.34375

2.84375 0.321725
2.83596 0.328125

2.82812 0.337517
2.8377 0.328125

2.8125 0.355088
2.82545 0.34375

2.84375 0.326724
2.85771 0.3125

2.75 0.406014
2.78125 0.382695

2.78125 0.383077
2.79025 0.375

2.89062 0.275808
2.88614 0.28125

2.90625 0.253835
2.89425 0.265625

2.89062 0.269993
2.89819 0.265625

2.875 0.290505
2.88722 0.28125

2.90625 0.269696
2.9375 0.262476

2.90625 0.281377
2.90755 0.28125

2.9375 0.281434
2.97397 0.25

3 -0.0632612
3.0001 -0.0625

3 -0.0340986
3.00187 -0.03125

3.03125 -0.00375101
3.0256 0

3.0625 -0.00319533
3.05301 0

3.125 -0.00532475
3.10158 0

3.25 -0.00413122
3.22063 0

3.5 -0.00300789
3.43728 0

3.03125 0.0216975
3.02705 0.03125

3.03125 0.0479905
3.02959 0.0625

3.03125 0.0233843
3.05936 0

3.03125 0.0415752
3.03369 0.03125

3.03103 0.0625
3.03125 0.0686014

3.03125 0.111907
3.02279 0.125

3.0336 0.0625
3.03742 0.09375

3.04373 0.09375
3.03597 0.125

3.0625 0.0172853
3.09564 0

3 0.171432
3.03007 0.125

3 0.189432
3.00099 0.1875

3.125 0.0124171
3.20115 0

3.25 0.00588888
3.37242 0

4 -0.00560404
3.61146 0

3.5 0.000571773
3.53964 0

2.01562 0.526505
2.0142 0.53125

2.0303 0.5
2.01854 0.515625

2.01562 0.526067
2.01875 0.515625

2.01325 0.53125
2.01562 0.543605

2.01373 0.546875
2.01562 0.550452

2.01562 0.54168
2.01788 0.546875

2.01562 0.549796
2.03125 0.561073

2.03125 0.556766
2.04688 0.553159

2.0625 0.544374
2.05685 0.546875

2.04688 0.5514
2.0571 0.546875

2.0625 0.544165
2.07812 0.538098

2.07812 0.537501
2.09375 0.534035

2.09899 0.5
2.10938 0.503907

2.10938 0.503993
2.125 0.5078

2.09375 0.53397
2.10938 0.534429

2.10938 0.534997
2.125 0.538375

2.125 0.507631
2.14062 0.50953

2.14062 0.509524
2.15625 0.509861

2.125 0.53882
2.14062 0.543088

2.14062 0.543167
2.15466 0.546875

2.15502 0.546875
2.15625 0.5472

2.15625 0.509894
2.17188 0.508615

2.17188 0.50862
2.1875 0.505651

2.15625 0.547427
2.17188 0.550993

2.17188 0.551056
2.1875 0.553653

2.1875 0.505539
2.20312 0.501091

2.20312 0.500742
2.20511 0.5

2.1875 0.553614
2.20312 0.555197

2.20312 0.55518
2.21875 0.55586

2.21875 0.555822
2.23438 0.555707

2.23438 0.55562
2.25 0.554962

2.25 0.554825
2.26562 0.55407

2.26562 0.554033
2.28125 0.553531

2.28125 0.55356
2.29688 0.553327

2.29688 0.553463
2.3125 0.553171

2.3125 0.553222
2.32812 0.552498

2.32812 0.552535
2.34375 0.551203

2.34375 0.5509
2.35938 0.549493

2.35938 0.549323
2.375 0.548788

2.375 0.548813
2.39062 0.549442

2.39062 0.549684
2.40625 0.550942

2.40625 0.550733
2.42188 0.552554

2.42188 0.552491
2.4375 0.555418

2.4375 0.557053
2.45312 0.557939

2.45312 0.558061
2.46875 0.553392

2.48438 0.544638
2.47897 0.546875

2.46875 0.551522
2.47999 0.546875

2.48438 0.545435
2.5 0.540169

2.53125 0.527157
2.52272 0.53125

2.5 0.540759
2.52372 0.53125

2.53125 0.525814
2.54688 0.519436

2.5625 0.515249
2.56152 0.515625

2.54688 0.521218
2.56142 0.515625

2.5625 0.514733
2.59042 0.5

