-4 -0.00140624
-3.79982 0

-3.67987 0
-3.5 0.00126361

-3.5 -0.0011254
-3.45389 0

-3.25 -0.00135444
-3.23163 0

-3.125 -0.00183226
-3.11521 0

-3.41821 0
-3.25 0.00412138

-3.22547 0
-3.125 0.00789787

-3.11498 0
-3.0625 0.0131162

-3.0625 0.00275039
-3.03125 0.0210164

-3.03262 0.03125
-3.03125 0.0331985

-3 0.0257394
-3.02194 0.03125

-3.03125 0.0350662
-3 0.0602894

-3.01958 0.0625
-3.00989 0.09375

-3 0.104561
-3.00294 0.125

-3.01214 0.125
-3 0.150137

1.5 0.180249
1.51562 0.18654

1.51562 0.186469
1.51809 0.1875

1.51732 0.1875
1.53125 0.193329

1.53125 0.19326
1.54688 0.199693

1.54688 0.199475
1.55543 0.203125

1.55506 0.203125
1.5625 0.206301

1.5625 0.20648
1.57812 0.213148

1.57812 0.212822
1.59177 0.21875

1.5917 0.21875
1.59375 0.219642

-2.84375 -0.250451
-2.84597 -0.25

-2.84375 -0.250476
-2.82812 -0.252703

-2.82812 -0.25271
-2.8125 -0.253861

0 -0.145309
0.015625 -0.144017

1.59375 0.21994
1.60938 0.226838

-2.8125 -0.253757
-2.79688 -0.254026

1.60938 0.226572
1.625 0.233458

0.015625 -0.144025
0.03125 -0.142685

-2.79688 -0.25396
-2.78125 -0.253687

-2.78125 -0.253568
-2.76562 -0.253119

1.625 0.233386
1.62716 0.234375

-1 -0.219288
-0.990044 -0.21875

-0.990031 -0.21875
-0.984375 -0.218445

-0.984375 -0.218449
-0.96875 -0.21762

-0.96875 -0.217624
-0.953125 -0.216793

-0.953125 -0.216796
-0.9375 -0.21595

-0.9375 -0.215952
-0.921875 -0.215079

-0.921875 -0.215081
-0.90625 -0.21417

-0.90625 -0.214171
-0.890625 -0.213218

-0.890625 -0.213218
-0.875 -0.21222

-2.76562 -0.253074
-2.75 -0.252777

-0.875 -0.212219
-0.859375 -0.211176

-2.9375 -0.191503
-2.94025 -0.1875

-2.96875 -0.125323
-2.96889 -0.125

-2.94239 -0.1875
-2.95126 -0.171875

-2.95312 -0.164119
-2.95083 -0.171875

0.03125 -0.142691
0.046875 -0.141274

-0.859375 -0.211175
-0.84375 -0.210092

-0.84375 -0.21009
-0.828125 -0.208973

-0.828125 -0.208971
-0.8125 -0.207827

-2.95312 -0.154383
-2.95986 -0.140625

-0.8125 -0.207825
-0.796875 -0.206664

-2.96875 -0.133604
-2.96478 -0.140625

0.046875 -0.141298
0.0541263 -0.140625

0.0531572 -0.140625
0.0625 -0.139759

0.0625 -0.139762
0.078125 -0.138406

0.078125 -0.138437
0.09375 -0.137183

0.09375 -0.137195
0.109375 -0.135955

0.109375 -0.135952
0.125 -0.134708

0.125 -0.134708
0.140625 -0.133465

0.140625 -0.133468
0.15625 -0.13222

-0.796875 -0.206662
-0.78125 -0.205495

0.15625 -0.132228
0.171875 -0.130954

-0.78125 -0.205492
-0.765625 -0.204329

-2.95312 -0.155456
-2.95274 -0.15625

-0.765625 -0.204325
-0.75 -0.203178

-2.90625 -0.229658
-2.91893 -0.21875

-2.92188 -0.209878
-2.92709 -0.203125

0.171875 -0.130956
0.1875 -0.129635

-2.9375 -0.19209
-2.92886 -0.203125

-2.92188 -0.213851
-2.91768 -0.21875

0.1875 -0.129643
0.203125 -0.128256

-0.75 -0.203178
-0.749264 -0.203125

0.203125 -0.128271
0.21875 -0.126771

0.21875 -0.126796
0.234375 -0.125105

1.62667 0.234375
1.64062 0.240766

-2.89062 -0.235691
-2.89306 -0.234375

-2.90625 -0.227135
-2.89334 -0.234375

0.234375 -0.125111
0.235374 -0.125

0.23443 -0.125
0.25 -0.123266

-0.749265 -0.203125
-0.734375 -0.202054

-0.734375 -0.202059
-0.71875 -0.20095

-0.71875 -0.20095
-0.703125 -0.199845

-0.703125 -0.199846
-0.6875 -0.198741

1.64062 0.240691
1.65625 0.247963

-2.89062 -0.236612
-2.875 -0.243488

1.65625 0.24785
1.66074 0.25

-0.6875 -0.198742
-0.671875 -0.197633

-2.97074 -0.125
-2.9827 -0.09375

-0.671875 -0.197635
-0.65625 -0.196516

-2.98785 -0.09375
-2.98954 -0.078125

-0.65625 -0.196517
-0.640625 -0.195383

-0.640625 -0.195384
-0.625 -0.19423

-2.98438 -0.0922936
-2.98419 -0.09375

-2.98426 -0.078125
-2.98192 -0.0625

-2.98375 -0.0625
-2.98425 -0.046875

-2.98393 -0.046875
-2.98425 -0.03125

-2.98438 -0.0225757
-2.98553 -0.015625

-2.98676 -0.015625
-2.9918 0

-2.98438 -0.0299787
-2.98416 -0.03125

-2.875 -0.243044
-2.85938 -0.247435

-2.85938 -0.24724
-2.84579 -0.25

0.25 -0.123254
0.265625 -0.121685

0.265625 -0.121728
0.28125 -0.120274

0.28125 -0.120301
0.296875 -0.11882

-0.625 -0.194231
-0.609375 -0.193053

-0.609375 -0.193053
-0.59375 -0.19185

-0.59375 -0.19185
-0.578125 -0.190621

-0.578125 -0.190619
-0.5625 -0.189369

-0.5625 -0.189365
-0.546875 -0.188104

-0.546875 -0.188098
-0.539405 -0.1875

-0.539446 -0.1875
-0.53125 -0.186843

-0.53125 -0.186853
-0.515625 -0.185609

-0.515625 -0.185611
-0.5 -0.184356

1.66041 0.25
1.67188 0.255487

0.296875 -0.118818
0.3125 -0.117263

-2.75 -0.25271
-2.73438 -0.252791

0.3125 -0.117254
0.328125 -0.11565

-2.73438 -0.252778
-2.71875 -0.253398

-2.71875 -0.253393
-2.70312 -0.254589

0.328125 -0.115649
0.34375 -0.114015

1.67188 0.255511
1.6875 0.263056

1.6875 0.262906
1.69306 0.265625

1.69285 0.265625
1.70312 0.270652

1.70312 0.270766
1.71875 0.278389

1.71875 0.278179
1.72503 0.28125

1.7249 0.28125
1.73438 0.285887

1.73438 0.286005
1.75 0.293719

0.34375 -0.114043
0.359375 -0.112324

-0.5 -0.184354
-0.484375 -0.183089

-0.484375 -0.183087
-0.46875 -0.181821

1.75 0.293457
1.75674 0.296875

-0.46875 -0.18182
-0.453125 -0.180559

1.75657 0.296875
1.76562 0.301467

-0.453125 -0.180559
-0.4375 -0.179305

0.359375 -0.112344
0.375 -0.110447

-0.4375 -0.179306
-0.421875 -0.178061

-0.421875 -0.178062
-0.40625 -0.176826

-0.40625 -0.176827
-0.390625 -0.175596

1.76562 0.30159
1.78125 0.309841

-0.390625 -0.175597
-0.375 -0.174368

1.78125 0.309622
1.7865 0.3125

0.375 -0.110503
0.383445 -0.109375

-2.70312 -0.254656
-2.6875 -0.256301

0.382388 -0.109375
0.390625 -0.108274

-2.6875 -0.256374
-2.67188 -0.258185

-2.67188 -0.258304
-2.65625 -0.259901

0.390625 -0.108211
0.40625 -0.10623

0.40625 -0.106291
0.421875 -0.104564

0.421875 -0.10462
0.4375 -0.102914

0.4375 -0.102922
0.453125 -0.101108

0.453125 -0.101094
0.46875 -0.0991856

0.46875 -0.0992029
0.484375 -0.0971947

0.484375 -0.0971919
0.5 -0.0950546

1.78632 0.3125
1.79688 0.318285

1.79688 0.318351
1.8125 0.327345

-0.375 -0.174367
-0.359375 -0.173137

-0.359375 -0.173127
-0.34375 -0.17192

-0.34375 -0.171918
-0.343176 -0.171875

-0.343191 -0.171875
-0.328125 -0.170759

-0.328125 -0.170775
-0.3125 -0.169641

-2.65625 -0.260011
-2.64062 -0.260937

-0.3125 -0.169645
-0.296875 -0.168494

-0.296875 -0.168492
-0.28125 -0.16732

-0.28125 -0.167318
-0.265625 -0.166131

-0.265625 -0.16613
-0.25 -0.164933

0.5 -0.0951242
0.509581 -0.09375

0.508287 -0.09375
0.515625 -0.0926976

0.515625 -0.0926854
0.53125 -0.0905969

1.8125 0.327291
1.81394 0.328125

0.53125 -0.0907051
0.546875 -0.0887894

0.546875 -0.0888305
0.5625 -0.0867889

1.8138 0.328125
1.82812 0.336575

-0.25 -0.164933
-0.234375 -0.163727

-0.234375 -0.163727
-0.21875 -0.162513

1.82812 0.33649
1.83996 0.34375

-0.21875 -0.162514
-0.203125 -0.161292

-2.64062 -0.261037
-2.625 -0.260873

-0.203125 -0.161293
-0.1875 -0.160059

0.5625 -0.0867957
0.578125 -0.0845324

-0.1875 -0.160059
-0.171875 -0.158811

-0.171875 -0.158817
-0.15625 -0.157543

1.83991 0.34375
1.84375 0.3461

-0.15625 -0.157551
-0.140884 -0.15625

-2.625 -0.260865
-2.60938 -0.259427

1.84375 0.3462
1.85938 0.356045

-2.60938 -0.259233
-2.59375 -0.256928

-0.141777 -0.15625
-0.140625 -0.156153

-0.140625 -0.15617
-0.125 -0.1549

-2.59375 -0.256624
-2.57812 -0.254446

-0.125 -0.154926
-0.109375 -0.153764

-0.109375 -0.15378
-0.09375 -0.152644

-0.09375 -0.15265
-0.078125 -0.151494

-0.078125 -0.151495
-0.0625 -0.150305

-0.0625 -0.150303
-0.046875 -0.149081

-0.046875 -0.149077
-0.03125 -0.147833

-0.03125 -0.147833
-0.015625 -0.146574

-0.015625 -0.146573
0 -0.145302

0.578125 -0.0845351
0.59375 -0.0820311

0.59375 -0.0820293
0.609375 -0.0792828

1.85938 0.355868
1.86482 0.359375

1.86468 0.359375
1.875 0.366077

-2.57812 -0.254418
-2.5625 -0.25303

0.609375 -0.0793615
0.616281 -0.078125

0.614698 -0.078125
0.625 -0.0762804

1.875 0.366073
1.88806 0.375

0.625 -0.0763517
0.640625 -0.0737694

-2.5625 -0.253131
-2.54688 -0.252389

-2.54688 -0.252364
-2.53125 -0.252117

1.88802 0.375
1.89062 0.376758

1.89062 0.376763
1.90625 0.387922

0.640625 -0.0738803
0.65625 -0.0713709

0.65625 -0.0714251
0.671875 -0.068658

0.671875 -0.0686001
0.6875 -0.0655825

1.90625 0.387879
1.91002 0.390625

1.90993 0.390625
1.92188 0.399626

-2.53125 -0.252109
-2.51562 -0.252422

-2.51562 -0.252532
-2.5 -0.253203

1.92188 0.399668
1.93023 0.40625

1.93009 0.40625
1.9375 0.412155

0.6875 -0.0656346
0.702635 -0.0625

0.701793 -0.0625
0.703125 -0.0622241

0.703125 -0.0621155
0.71875 -0.0591224

0.71875 -0.0592764
0.734375 -0.0567638

0.734375 -0.0568732
0.75 -0.054314

1.9375 0.412182
1.94888 0.421875

1.94886 0.421875
1.95312 0.425588

1.95312 0.425557
1.96619 0.4375

-2.99326 0
-2.99615 0.015625

1.96619 0.4375
1.96875 0.439918

-2.99278 0.015625
-2.9902 0.03125

-2.99155 0.03125
-2.9887 0.046875

1.96875 0.439901
1.98222 0.453125

0.75 -0.054334
0.765625 -0.0514694

-2.98625 0.046875
-2.98438 0.0545911

1.98221 0.453125
1.98438 0.455346

0.765625 -0.0514694
0.78125 -0.0482597

-2.98438 0.0509508
-2.98239 0.0625

0.78125 -0.048321
0.788209 -0.046875

0.786507 -0.046875
0.796875 -0.0447207

0.796875 -0.0447985
0.8125 -0.0419443

1.98438 0.455313
1.99688 0.46875

0.8125 -0.0421076
0.828125 -0.0394404

0.828125 -0.0395147
0.84375 -0.0365595

-2.98438 0.0721236
-2.98636 0.078125

0.84375 -0.0365505
0.859375 -0.0331766

0.859375 -0.0332584
0.868286 -0.03125

0.866398 -0.03125
0.875 -0.0293113

1.99692 0.46875
2 0.472286

0.875 -0.0293971
0.890625 -0.0262435

-2.9927 0.078125
-2.99794 0.09375

-2.9908 0.09375
-2.96875 0.109406

0.890625 -0.0264566
0.90625 -0.023507

-3 0.152731
-2.96875 0.154853

-3 0.163467
-2.96875 0.170946

-2.96875 0.140468
-2.96874 0.140625

-2.96871 0.140625
-2.96461 0.15625

-2.95843 0.15625
-2.96164 0.171875

0.90625 -0.0235248
0.921875 -0.0203174

0.921875 -0.0203756
0.9375 -0.0167581

-2.96875 0.185238
-2.95312 0.177241

0.9375 -0.0168674
0.942713 -0.015625

-2.9783 0.1875
-2.96875 0.190681

-2.96875 0.191374
-2.95935 0.1875

-2.96875 0.219925
-2.96464 0.21875

-2.9375 0.218729
-2.92188 0.218729

0.940866 -0.015625
0.953125 -0.0127034

0.953125 -0.0129095
0.96875 -0.00932868

0.96875 -0.00937419
0.984375 -0.00567473

-2.9375 0.218806
-2.93745 0.21875

0.984375 -0.0057991
1 -0.00164125

-2.9375 0.250247
-2.93725 0.25

1.60938 0.558344
1.60632 0.5625

1.60938 0.558553
1.625 0.547518

1.59375 0.592753
1.59326 0.59375

1.57812 0.623832
1.57758 0.625

1.59301 0.59375
1.58506 0.609375

1.57812 0.623799
1.58488 0.609375

1.609 0.5625
1.59999 0.578125

1.59375 0.592735
1.60098 0.578125

-2.5 -0.253274
-2.48438 -0.253939

-2.48438 -0.253929
-2.46875 -0.254466

1.60938 0.563069
1.60982 0.5625

1.57718 0.625
1.57163 0.640625

1.57163 0.640625
1.56861 0.65625

1.5686 0.65625
1.56814 0.671875

1.56813 0.671875
1.57026 0.6875

1.56997 0.6875
1.57528 0.703125

1.57511 0.703125
1.57812 0.708353

1.57812 0.708299
1.58466 0.71875

1.58407 0.71875
1.59375 0.728835

1.59375 0.728683
1.60219 0.734375

1.60317 0.734375
1.60938 0.738128

1.60938 0.73791
1.625 0.743622

1.625 0.549794
1.64062 0.55174

1.64062 0.552949
1.65625 0.560914

1.65625 0.561278
1.65801 0.5625

1.66087 0.5625
1.67188 0.574617

-2.46875 -0.254403
-2.45312 -0.254958

-2.45312 -0.254922
-2.4375 -0.255697

1.67188 0.575891
1.67318 0.578125

1.67249 0.578125
1.67679 0.59375

1.67188 0.622554
1.67123 0.625

1.67665 0.59375
1.67598 0.609375

1.67188 0.622517
1.67536 0.609375

-2.4375 -0.255706
-2.42188 -0.256757

-2.42188 -0.256807
-2.40625 -0.258016

1.65397 0.671875
1.65625 0.686093

1.67076 0.625
1.6653 0.640625

1.66457 0.640625
1.66018 0.65625

-2.40625 -0.258062
-2.39062 -0.259235

-2.39062 -0.259268
-2.375 -0.260247

1.66103 0.65625
1.65746 0.671875

1.65625 0.685326
1.65662 0.6875

1.625 0.743403
1.64062 0.746609

1.64062 0.746298
1.65625 0.748059

1.65633 0.6875
1.67188 0.702835

-2.375 -0.26026
-2.35938 -0.260951

-2.35938 -0.260962
-2.34375 -0.261317

1.67188 0.70121
1.67673 0.703125

1.67896 0.703125
1.6875 0.706487

1.65625 0.747827
1.67188 0.749229

1.67188 0.749227
1.67883 0.75

-2.34375 -0.26132
-2.32812 -0.261316

-2.32812 -0.261314
-2.3125 -0.260949

1 -0.00181359
1.00629 0

-2.3125 -0.260935
-2.29688 -0.26024

-2.29688 -0.260216
-2.28125 -0.259265

1.6875 0.705941
1.70312 0.708925

-2.28125 -0.259225
-2.26562 -0.258145

-2.26562 -0.258092
-2.25 -0.257071

1.70312 0.708781
1.71875 0.710647

1.71875 0.710568
1.73438 0.711763

1.73438 0.711724
1.75 0.712486

1.68093 0.75
1.6875 0.750731

1.6875 0.750724
1.70312 0.753287

1.70312 0.753441
1.71875 0.756774

-2.25 -0.257018
-2.23438 -0.256269

-2.23438 -0.256251
-2.21875 -0.255918

-2.21875 -0.255959
-2.20312 -0.255996

-2.20312 -0.256076
-2.1875 -0.256242

1.71875 0.757057
1.73438 0.760282

1.73438 0.760516
1.75 0.762601

1.00443 0
1.01562 0.00322772

1.01562 0.00306572
1.03125 0.00751413

1.03125 0.00737749
1.04688 0.0119986

1.04688 0.0117498
1.05869 0.015625

1.05655 0.015625
1.0625 0.0175779

1.75 0.712496
1.76562 0.712883

1.0625 0.0173504
1.07812 0.0225283

-2.1875 -0.256307
-2.17188 -0.256309

1.07812 0.0222927
1.09375 0.0274832

1.76562 0.71291
1.78125 0.712849

1.09375 0.0272718
1.10477 0.03125

1.10297 0.03125
1.10938 0.0335612

1.78125 0.71286
1.79688 0.712276

1.79688 0.712268
1.8125 0.711156

-2.17188 -0.256328
-2.15625 -0.255997

-2.15625 -0.255972
-2.14062 -0.25532

-2.14062 -0.255272
-2.125 -0.254444

1.8125 0.711134
1.82812 0.709554

-2.125 -0.254391
-2.10938 -0.253587

1.10938 0.0333748
1.125 0.0389567

-2.10938 -0.253547
-2.09375 -0.252954

1.82812 0.709534
1.84375 0.70757

1.125 0.0386659
1.14062 0.0443025

-2.09375 -0.252938
-2.07812 -0.252668

1.14062 0.0441871
1.14778 0.046875

-2.07812 -0.252683
-2.0625 -0.252736

-2.0625 -0.252773
-2.04688 -0.253047

-2.04688 -0.253088
-2.03125 -0.253428

-2.03125 -0.253456
-2.01562 -0.253728

1.84375 0.707561
1.85938 0.705271

1.875 0.702695
1.87244 0.703125

1.14635 0.046875
1.15625 0.0505962

1.15625 0.0504139
1.17188 0.0560376

1.17188 0.0557472
1.1875 0.0616257

1.85938 0.705273
1.8722 0.703125

-2.01562 -0.253739
-2 -0.253864

1.1875 0.0616037
1.18988 0.0625

1.18858 0.0625
1.20312 0.0679827

1.20312 0.0677494
1.21875 0.0731905

1.875 0.702674
1.89062 0.699685

1.89062 0.699674
1.90625 0.696311

1.89062 0.748565
1.8796 0.75

1.89062 0.748758
1.90625 0.746998

1.90625 0.696314
1.92188 0.692596

1.92188 0.692615
1.9375 0.688495

1.90625 0.74703
1.92188 0.745151

1.92188 0.745299
1.9375 0.742942

1.95312 0.683834
1.9412 0.6875

1.95312 0.683739
1.96875 0.678156

1.96875 0.678268
1.98426 0.671875

2 0.664058
1.98478 0.671875

1.98438 0.672029
1.98468 0.671875

1.9375 0.688545
1.9409 0.6875

1.9375 0.742921
1.95312 0.739831

1.95312 0.739805
1.96875 0.736074

1.21875 0.072968
1.23285 0.078125

1.23198 0.078125
1.23438 0.0790009

1.23438 0.0790521
1.25 0.0847447

1.98438 0.7323
1.97373 0.734375

1.96875 0.735597
1.97502 0.734375

1.98438 0.732866
2 0.730829

1.75 0.762608
1.76562 0.763071

1.76562 0.762904
1.78125 0.762064

1.78125 0.761911
1.79688 0.760407

1.79688 0.760355
1.8125 0.758598

1.8125 0.758571
1.82812 0.756717

1.82812 0.7567
1.84375 0.754835

1.84375 0.75487
1.85938 0.752958

1.85938 0.753021
1.875 0.750869

1.875 0.750689
1.88029 0.75

1.25 0.0845261
1.26562 0.0899745

1.26562 0.089838
1.27635 0.09375

1.27549 0.09375
1.28125 0.0958524

1.28125 0.0958369
1.29688 0.101458

1.29688 0.101223
1.3125 0.10685

1.3125 0.106777
1.31938 0.109375

1.31859 0.109375
1.32812 0.112975

1.32812 0.112947
1.34375 0.118725

1.34375 0.11848
1.35938 0.124435

1.35938 0.124418
1.36087 0.125

1.3601 0.125
1.375 0.13082

1.375 0.130683
1.39062 0.13664

1.39062 0.136443
1.40108 0.140625

1.4004 0.140625
1.40625 0.142964

1.40625 0.143063
1.42188 0.149261

1.42188 0.148942
1.4375 0.155179

1.4375 0.155121
1.44026 0.15625

1.43936 0.15625
1.45312 0.161888

1.45312 0.161799
1.46875 0.167915

1.46875 0.167659
1.47922 0.171875

1.47877 0.171875
1.48438 0.17413

1.48438 0.174303
1.5 0.180567

2 0.472324
2.01007 0.484375

2.0102 0.484375
2.01562 0.491751

2.01562 0.491926
2.02147 0.5

-2 -0.253864
-1.98438 -0.253822

-1.98438 -0.253816
-1.96875 -0.25362

-1.96875 -0.253612
-1.95312 -0.253288

-1.95312 -0.253279
-1.9375 -0.252861

-1.9375 -0.252852
-1.92188 -0.252373

-1.92188 -0.252365
-1.90625 -0.251859

-1.90625 -0.251852
-1.89062 -0.251346

-1.89062 -0.251342
-1.875 -0.250859

-1.875 -0.250857
-1.85938 -0.250412

-1.85938 -0.250411
-1.84375 -0.250009

2.99998 -0.21875
2.99993 -0.1875

2.99987 -0.1875
3 -0.187434

-1.84375 -0.250009
-1.84337 -0.25

2.98438 -0.0784251
3 -0.0826162

2.99202 -0.078125
2.99765 -0.0625

3 -0.0571165
2.99724 -0.046875

2.99675 -0.046875
2.99366 -0.03125

2.98807 -0.03125
3 -0.0245962

-1.84335 -0.25
-1.82812 -0.24965

-1.82812 -0.249651
-1.8125 -0.24933

-1.8125 -0.249332
-1.79688 -0.249043

2.60938 0.499955
2.60929 0.5

2.625 0.49842
2.62137 0.5

-1.79688 -0.249045
-1.78125 -0.248782

2.65625 0.48038
2.62588 0.5

2.67188 0.465136
2.66836 0.46875

2.6875 0.450105
2.68184 0.453125

2.67188 0.462205
2.68517 0.453125

2.65625 0.478981
2.67048 0.46875

2.71875 0.437327
2.71846 0.4375

2.75 0.41823
2.7189 0.4375

2.6875 0.456268
2.71875 0.437864

2.71875 0.437698
2.71908 0.4375

-1.78125 -0.248784
-1.76562 -0.248535

-1.76562 -0.248538
-1.75 -0.248293

2.9375 0.237031
2.9249 0.25

2.96821 0.171875
2.96503 0.1875

3 0.134273
2.98762 0.15625

2.96875 0.181328
2.98055 0.15625

2.96875 0.1998
2.95922 0.21875

2.9375 0.23946
2.95593 0.21875

2.96875 0.199026
2.97406 0.1875

2.8125 0.361411
2.79807 0.375

2.875 0.304478
2.86728 0.3125

2.84375 0.334919
2.83381 0.34375

2.8125 0.367585
2.83968 0.34375

2.84375 0.340499
2.87302 0.3125

2.78125 0.397219
2.76937 0.40625

2.75 0.419235
2.76829 0.40625

-1.75 -0.248296
-1.73438 -0.248043

-1.73438 -0.248046
-1.71875 -0.247775

2.78125 0.39681
2.80574 0.375

2.90625 0.270227
2.89798 0.28125

2.875 0.310743
2.90038 0.28125

2.90625 0.270561
2.92402 0.25

-1.71875 -0.247776
-1.70312 -0.24748

-1.70312 -0.24748
-1.6875 -0.247157

3 -0.207437
3.00027 -0.1875

3 -0.125132
3.00025 -0.125

3 -0.073197
3.01106 -0.0625

3 -0.0496812
3.01343 -0.03125

3.03125 -0.0169743
3.00842 0

3.0625 -0.00300912
3.04177 0

-1.6875 -0.247156
-1.67188 -0.246806

-1.67188 -0.246805
-1.65625 -0.24643

3.125 -0.000249852
3.12205 0

3.25 -0.000966492
3.23049 0

3.5 -0.0014957
3.39535 0

3.03125 0.00267778
3.01286 0.03125

3.01571 0.03125
3.01188 0.0625

-1.65625 -0.246429
-1.64062 -0.246036

-1.64062 -0.246035
-1.625 -0.245626

3.03125 0.00374533
3.03963 0

3.01722 0.0625
3.01412 0.09375

-1.625 -0.245626
-1.60938 -0.245204

-1.60938 -0.245204
-1.59375 -0.244771

3.01247 0.09375
3.00276 0.125

3.0625 0.00650418
3.0976 0

3 0.134149
3.00413 0.125

3.125 0.00323118
3.18183 0

3.25 0.00116891
3.32474 0

4 -0.00194573
3.53823 0

3.5 6.61654e-05
3.51549 0

2.02168 0.5
2.03125 0.515525

2.03118 0.515625
2.03125 0.515773

-1.59375 -0.244771
-1.57812 -0.244327

-1.57812 -0.244327
-1.5625 -0.243873

2.03125 0.515727
2.03902 0.53125

2.03913 0.53125
2.04516 0.546875

2.04513 0.546875
2.04688 0.553479

-1.5625 -0.243873
-1.54688 -0.243409

-1.54688 -0.243409
-1.53125 -0.242936

2.04688 0.553556
2.04923 0.5625

2.04932 0.5625
2.05146 0.578125

-1.53125 -0.242936
-1.51562 -0.242452

-1.51562 -0.242453
-1.5 -0.241956

2.05158 0.578125
2.05134 0.59375

2.04688 0.613487
2.04192 0.625

2.05144 0.59375
2.04835 0.609375

2.04688 0.613497
2.04865 0.609375

2.01562 0.654338
2.0128 0.65625

2.03125 0.639875
2.03061 0.640625

2.01562 0.654134
2.0303 0.640625

2 0.664098
2.01162 0.65625

2.03125 0.639786
2.04228 0.625

2 0.730803
2.01562 0.728875

2.01562 0.729171
2.03125 0.726809

2.0625 0.717481
2.05824 0.71875

2.03125 0.726922
2.0625 0.719694

2.0625 0.717853
2.07812 0.713748

2.07812 0.714579
2.09375 0.711657

2.09375 0.711831
2.10938 0.70808

2.10938 0.707612
2.125 0.703623

2.17188 0.686685
2.16973 0.6875

2.17188 0.687007
2.1875 0.682631

2.125 0.704379
2.15625 0.694772

2.15625 0.694253
2.17883 0.6875

2.1875 0.684764
2.20312 0.681451

2.20312 0.680981
2.21875 0.676329

2.21875 0.676577
2.25 0.665479

2.35938 0.618796
2.34892 0.625

2.35938 0.622995
2.375 0.618997

2.28125 0.649518
2.26849 0.65625

2.25 0.666281
2.27374 0.65625

-1.5 -0.241957
-1.48438 -0.241443

-1.48438 -0.241444
-1.46875 -0.240908

2.28125 0.649412
2.29688 0.643584

2.29688 0.643041
2.3125 0.642428

-1.46875 -0.24091
-1.45312 -0.240347

-1.45312 -0.240348
-1.4375 -0.239755

2.3125 0.647957
2.34375 0.637211

2.34375 0.630782
2.35633 0.625

2.375 0.620648
2.40625 0.60708

2.42188 0.592956
2.42033 0.59375

2.4375 0.590348
2.42795 0.59375

2.40625 0.602743
2.42556 0.59375

2.5 0.559739
2.49427 0.5625

-1.4375 -0.239755
-1.42188 -0.239132

-1.42188 -0.239131
-1.40625 -0.238482

-1.40625 -0.23848
-1.39062 -0.237809

-1.39062 -0.237806
-1.375 -0.237122

2.4375 0.591099
2.46875 0.578426

2.46875 0.57822
2.5 0.563573

-1.375 -0.237119
-1.35938 -0.236431

-1.35938 -0.236429
-1.34375 -0.235747

-1.34375 -0.235745
-1.32812 -0.235077

-1.32812 -0.235075
-1.3125 -0.234427

2.53125 0.54744
2.50193 0.5625

2.5625 0.529533
2.55834 0.53125

2.53125 0.546175
2.56225 0.53125

2.5 0.563553
2.50206 0.5625

2.59375 0.517076
2.56725 0.53125

2.5625 0.533402
2.56653 0.53125

2.59375 0.513469
2.61787 0.5

-1.3125 -0.234427
-1.3112 -0.234375

2.625 0.500446
2.62582 0.5

-1.3112 -0.234375
-1.29688 -0.233803

-1.29688 -0.233804
-1.28125 -0.233202

-1.28125 -0.233203
-1.26562 -0.23262

-1.26562 -0.232622
-1.25 -0.23205

-1.25 -0.232052
-1.23438 -0.231482

-1.23438 -0.231486
-1.21875 -0.230906

-1.21875 -0.230909
-1.20312 -0.230308

-1.20312 -0.230311
-1.1875 -0.229674

-1.1875 -0.229677
-1.17188 -0.228995

-1.17188 -0.228997
-1.15625 -0.228264

-1.15625 -0.228264
-1.14062 -0.227476

-1.14062 -0.227475
-1.125 -0.226635

-1.125 -0.226632
-1.10938 -0.225747

-1.10938 -0.225744
-1.09375 -0.224823

-1.09375 -0.224819
-1.07812 -0.223877

-1.07812 -0.223873
-1.0625 -0.222924

-1.0625 -0.222921
-1.04688 -0.221979

-1.04688 -0.221977
-1.03125 -0.221054

-1.03125 -0.221053
-1.01562 -0.220156

-1.01562 -0.220156
-1 -0.219287

