0 0 12.0000 -3.7500 3.7500 0.0000 0.0000
109 0.0989949 12.0000 -3.7500 3.7500 -0.0002 0.0000
208 0.19799 12.0000 -3.7500 3.7500 -0.0007 0.0001
307 0.296985 12.0000 -3.7500 3.7500 -0.0017 0.0002
406 0.39598 12.0000 -3.7500 3.7500 -0.0032 0.0004
505 0.494975 12.0000 -3.7500 3.7500 -0.0051 0.0006
604 0.59397 12.0000 -3.7500 3.7500 -0.0074 0.0009
703 0.692965 12.0000 -3.7500 3.7500 -0.0102 0.0013
802 0.79196 12.0000 -3.7500 3.7500 -0.0135 0.0017
901 0.890955 12.0000 -3.7500 3.7500 -0.0173 0.0023
1000 0.989949 12.0000 -3.7500 3.7500 -0.0213 0.0037
1099 1.08894 12.0000 -3.7500 3.7500 -0.0259 0.0059
1198 1.18794 12.0000 -3.7500 3.7500 -0.0308 0.0087
1297 1.28693 12.0000 -3.7500 3.7500 -0.0362 0.0120
1396 1.38593 12.0000 -3.7500 3.7500 -0.0417 0.0161
1495 1.48492 12.0000 -3.7500 3.7500 -0.0476 0.0207
1594 1.58392 12.0000 -3.7500 3.7500 -0.0537 0.0258
1693 1.68291 12.0000 -3.7500 3.7500 -0.0599 0.0315
1792 1.78191 12.0000 -3.7500 3.7500 -0.0662 0.0378
1891 1.8809 12.0000 -3.7500 3.7500 -0.0732 0.0448
1990 1.9799 12.0000 -3.7500 3.7500 -0.0808 0.0524
2089 2.07889 12.0000 -3.7500 3.7500 -0.0883 0.0607
2188 2.17789 12.0000 -3.7500 3.7500 -0.0963 0.0695
2287 2.27688 12.0000 -3.7500 3.7500 -0.1044 0.0789
2386 2.37588 12.0000 -3.7500 3.7500 -0.1127 0.0888
2485 2.47487 12.0000 -3.7500 3.7500 -0.1212 0.0994
2584 2.57387 12.0000 -3.7500 3.7500 -0.1302 0.1115
2683 2.67286 12.0000 -3.7500 3.7500 -0.1393 0.1246
2782 2.77186 12.0000 -3.7500 3.7500 -0.1483 0.1388
2881 2.87085 12.0000 -3.7500 3.7500 -0.1567 0.1534
2980 2.96985 12.0000 -3.7500 3.7500 -0.1647 0.1685
3079 3.06884 12.0000 -3.7500 3.7500 -0.1730 0.1826
3178 3.16784 12.0000 -3.7500 3.7500 -0.1810 0.1970
3277 3.26683 12.0000 -3.7500 3.7500 -0.1886 0.2111
3376 3.36583 12.0000 -3.7500 3.7500 -0.1960 0.2257
3475 3.46482 12.0000 -3.7500 3.7500 -0.2037 0.2402
3574 3.56382 12.0000 -3.7500 3.7500 -0.2113 0.2547
3673 3.66281 12.0000 -3.7500 3.7500 -0.2182 0.2691
3772 3.76181 12.0000 -3.7500 3.7500 -0.2250 0.2831
3871 3.8608 12.0000 -3.7500 3.7500 -0.2321 0.2967
3970 3.9598 12.0000 -3.7500 3.7500 -0.2391 0.3098
4069 4.05879 12.0000 -3.7500 3.7500 -0.2458 0.3222
4168 4.15779 12.0000 -3.7500 3.7500 -0.2519 0.3335
4267 4.25678 12.0000 -3.7500 3.7500 -0.2581 0.3439
4366 4.35578 12.0000 -3.7500 3.7500 -0.2638 0.3533
4465 4.45477 12.0000 -3.7500 3.7500 -0.2694 0.3617
4564 4.55377 12.0000 -3.7500 3.7500 -0.2747 0.3692
4663 4.65276 12.0000 -3.7500 3.7500 -0.2797 0.3757
4762 4.75176 12.0000 -3.7500 3.7500 -0.2840 0.3815
4861 4.85075 12.0000 -3.7500 3.7500 -0.2883 0.3865
4960 4.94975 12.0000 -3.7500 3.7500 -0.2921 0.3907
5059 5.04874 12.0000 -3.7500 3.7500 -0.2954 0.3944
5158 5.14774 12.0000 -3.7500 3.7500 -0.2984 0.3972
5257 5.24673 12.0000 -3.7500 3.7500 -0.3010 0.3993
5356 5.34573 12.0000 -3.7500 3.7500 -0.3033 0.4007
5455 5.44472 12.0000 -3.7500 3.7500 -0.3054 0.4013
5554 5.54372 12.0000 -3.7500 3.7500 -0.3068 0.4011
5653 5.64271 12.0000 -3.7500 3.7500 -0.3076 0.4002
5752 5.74171 12.0000 -3.7500 3.7500 -0.3079 0.3985
5851 5.8407 12.0000 -3.7500 3.7500 -0.3080 0.3960
5950 5.9397 12.0000 -3.7500 3.7500 -0.3076 0.3929
6049 6.03869 12.0000 -3.7500 3.7500 -0.3068 0.3887
6148 6.13769 12.0000 -3.7500 3.7500 -0.3054 0.3839
6247 6.23668 12.0000 -3.7500 3.7500 -0.3040 0.3790
6346 6.33568 12.0000 -3.7500 3.7500 -0.3013 0.3729
6445 6.43467 12.0000 -3.7500 3.7500 -0.2977 0.3653
6544 6.53367 12.0000 -3.7500 3.7500 -0.2949 0.3583
6643 6.63266 12.0000 -3.7500 3.7500 -0.2913 0.3497
6742 6.73166 12.0000 -3.7500 3.7500 -0.2864 0.3405
6841 6.83065 12.0000 -3.7500 3.7500 -0.2829 0.3306
6940 6.92965 12.0000 -3.7500 3.7500 -0.2767 0.3200
7039 7.02864 12.0000 -3.7500 3.7500 -0.2684 0.3087
7138 7.12764 12.0000 -3.7500 3.7500 -0.2620 0.2969
7237 7.22663 12.0000 -3.7500 3.7500 -0.2505 0.2845
7336 7.32563 12.0000 -3.7500 3.7500 -0.2436 0.2718
7435 7.42462 12.0000 -3.7500 3.7500 -0.2308 0.2589
7534 7.52362 12.0000 -3.7500 3.7500 -0.2200 0.2507
7633 7.62261 12.0000 -3.7500 3.7500 -0.2183 0.2508
7732 7.72161 12.0000 -3.7500 3.7500 -0.2030 0.2510
7831 7.8206 12.0000 -3.7500 3.7500 -0.1890 0.2511
7930 7.9196 12.0000 -3.7500 3.7500 -0.1740 0.2511
8029 8.01859 12.0000 -3.7500 3.7500 -0.1721 0.2511
8128 8.11759 12.0000 -3.7500 3.7500 -0.1732 0.2511
8227 8.21658 12.0000 -3.7500 3.7500 -0.1724 0.2510
8326 8.31558 12.0000 -3.7500 3.7500 -0.1722 0.2510
8425 8.41457 12.0000 -3.7500 3.7500 -0.1722 0.2509
8524 8.51357 12.0000 -3.7500 3.7500 -0.1722 0.2509
8623 8.61256 12.0000 -3.7500 3.7500 -0.1722 0.2508
8722 8.71156 12.0000 -3.7500 3.7500 -0.1722 0.2508
8821 8.81055 12.0000 -3.7500 3.7500 -0.1722 0.2507
8920 8.90955 12.0000 -3.7500 3.7500 -0.1875 0.2507
9019 9.00854 12.0000 -3.7500 3.7500 -0.1875 0.2507
9118 9.10754 12.0000 -3.7500 3.7500 -0.1875 0.2506
9217 9.20653 12.0000 -3.7500 3.7500 -0.1875 0.2506
9316 9.30553 12.0000 -3.7500 3.7500 -0.1875 0.2505
9415 9.40452 12.0000 -3.7500 3.7500 -0.1875 0.2787
9514 9.50352 12.0000 -3.7500 3.7500 -0.1875 0.3189
9613 9.60251 12.0000 -3.7500 3.7500 -0.1875 0.3614
9712 9.70151 12.0000 -3.7500 3.7500 -0.1875 0.4073
9811 9.8005 12.0000 -3.7500 3.7500 -0.1875 0.4576
9910 9.89949 12.0000 -3.7500 3.7500 -0.1876 0.5052
10009 9.99849 12.0000 -3.7500 3.7500 -0.1917 0.5434
10108 10.0975 12.0000 -3.7500 3.7500 -0.1995 0.5774
10207 10.1965 12.0000 -3.7500 3.7500 -0.2077 0.6108
10306 10.2955 12.0000 -3.7500 3.7500 -0.2165 0.6423
10405 10.3945 12.0000 -3.7500 3.7500 -0.2250 0.6715
10504 10.4935 12.0000 -3.7500 3.7500 -0.2330 0.6972
10603 10.5925 12.0000 -3.7500 3.7500 -0.2407 0.7189
10702 10.6915 12.0000 -3.7500 3.7500 -0.2480 0.7347
10801 10.7904 12.0000 -3.7500 3.7500 -0.2548 0.7461
10900 10.8894 12.0000 -3.7500 3.7500 -0.2613 0.7628
10999 10.9884 12.0000 -3.7500 3.7500 -0.2673 0.7750
11098 11.0874 12.0000 -3.7500 3.7500 -0.2730 0.7822
11197 11.1864 12.0000 -3.7500 3.7500 -0.2781 0.7852
11296 11.2854 12.0000 -3.7500 3.7500 -0.2828 0.7883
11395 11.3844 12.0000 -3.7500 3.7500 -0.2875 0.7899
11494 11.4834 12.0000 -3.7500 3.7500 -0.2918 0.7917
11593 11.5824 12.0000 -3.7500 3.7500 -0.2953 0.7923
11692 11.6814 12.0000 -3.7500 3.7500 -0.2982 0.7915
11791 11.7804 12.0000 -3.7500 3.7500 -0.3009 0.7894
11890 11.8794 12.0000 -3.7500 3.7500 -0.3031 0.7867
11989 11.9784 12.0000 -3.7500 3.7500 -0.3051 0.7848
12088 12.0774 12.0000 -3.7500 3.7500 -0.3065 0.7819
12187 12.1764 12.0000 -3.7500 3.7500 -0.3075 0.7774
12286 12.2754 12.0000 -3.7500 3.7500 -0.3082 0.7715
12385 12.3744 12.0000 -3.7500 3.7500 -0.3083 0.7692
12484 12.4734 12.0000 -3.7500 3.7500 -0.3078 0.7677
12583 12.5724 12.0000 -3.7500 3.7500 -0.3070 0.8137
12682 12.6714 12.0000 -3.7500 3.7500 -0.3058 1.0078
12781 12.7703 12.0000 -3.7500 3.7500 -0.3040 1.0080
12880 12.8693 12.0000 -3.7500 3.7500 -0.3014 1.0085
12979 12.9683 12.0000 -3.7500 3.7500 -0.2975 1.0090
13078 13.0673 12.0000 -3.7500 3.7500 -0.2998 1.0086
13177 13.1663 12.0000 -3.7500 3.7500 -0.3185 1.0089
13276 13.2653 12.0000 -3.7500 3.7500 -0.3446 1.0097
13375 13.3643 12.0000 -3.7500 3.7500 -0.3568 1.0096
13474 13.4633 12.0000 -3.7500 3.7500 -0.3575 1.0097
13573 13.5623 12.0000 -3.7500 3.7500 -0.3469 1.0052
13672 13.6613 12.0000 -3.7500 3.7500 -0.3232 1.0068
13771 13.7603 12.0000 -3.7500 3.7500 -0.2854 1.0067
13870 13.8593 12.0000 -3.7500 3.7500 -0.2648 1.0065
13969 13.9583 12.0000 -3.7500 3.7500 -0.2516 1.0060
14068 14.0573 12.0000 -3.7500 3.7500 -0.2504 1.0053
14167 14.1563 12.0000 -3.7500 3.7500 -0.2659 1.0054
14266 14.2553 12.0000 -3.7500 3.7500 -0.2699 1.0048
14365 14.3543 12.0000 -3.7500 3.7500 -0.2738 1.0040
14464 14.4533 12.0000 -3.7500 3.7500 -0.2718 1.0047
14563 14.5523 12.0000 -3.7500 3.7500 -0.2590 1.0082
14662 14.6513 12.0000 -3.7500 3.7500 -0.2326 1.0313
14761 14.7502 12.0000 -3.7500 3.7500 -0.2015 1.0313
14860 14.8492 12.0000 -3.7500 3.7500 -0.1880 1.0066
14959 14.9482 12.0000 -3.7500 3.7500 -0.1881 1.0020
15058 15.0472 12.0000 -3.7500 3.7500 -0.1881 1.0020
15157 15.1462 12.0000 -3.7500 3.7500 -0.1881 1.0020
15256 15.2452 12.0000 -3.7500 3.7500 -0.1881 1.0020
15355 15.3442 12.0000 -3.7500 3.7500 -0.1881 1.0020
15454 15.4432 12.0000 -3.7500 3.7500 -0.1880 1.0020
15553 15.5422 12.0000 -3.7500 3.7500 -0.2022 1.0020
15652 15.6412 12.0000 -3.7500 3.7500 -0.2158 1.0020
15751 15.7402 12.0000 -3.7500 3.7500 -0.2261 1.0020
15850 15.8392 12.0000 -3.7500 3.7500 -0.2350 1.0020
15949 15.9382 12.0000 -3.7500 3.7500 -0.2442 1.0020
16048 16.0372 12.0000 -3.7500 3.7500 -0.2530 1.0020
16147 16.1362 12.0000 -3.7500 3.7500 -0.2611 1.0020
16246 16.2352 12.0000 -3.7500 3.7500 -0.2751 1.0020
16345 16.3342 12.0000 -3.7500 3.7500 -0.2882 1.0020
16444 16.4332 12.0000 -3.7500 3.7500 -0.3011 1.0020
16543 16.5322 12.0000 -3.7500 3.7500 -0.3145 1.0020
16642 16.6312 12.0000 -3.7500 3.7500 -0.3261 1.0020
16741 16.7301 12.0000 -3.7500 3.7500 -0.3354 1.0020
16840 16.8291 12.0000 -3.7500 3.7500 -0.3430 1.0020
16939 16.9281 12.0000 -3.7500 3.7500 -0.3492 1.0020
17038 17.0271 12.0000 -3.7500 3.7500 -0.3538 1.0021
17137 17.1261 12.0000 -3.7500 3.7500 -0.3553 1.0021
17236 17.2251 12.0000 -3.7500 3.7500 -0.3541 1.0021
17335 17.3241 12.0000 -3.7500 3.7500 -0.3561 1.0021
17434 17.4231 12.0000 -3.7500 3.7500 -0.3657 1.0022
17533 17.5221 12.0000 -3.7500 3.7500 -0.3735 1.0023
17632 17.6211 12.0000 -3.7500 3.7500 -0.3776 1.0317
17731 17.7201 12.0000 -3.7500 3.7500 -0.3777 1.0317
17830 17.8191 12.0000 -3.7500 3.7500 -0.3771 1.0317
17929 17.9181 12.0000 -3.7500 3.7500 -0.3748 1.0317
18028 18.0171 12.0000 -3.7500 3.7500 -0.3708 1.0316
18127 18.1161 12.0000 -3.7500 3.7500 -0.3642 1.0315
18226 18.2151 12.0000 -3.7500 3.7500 -0.3544 1.0313
18325 18.3141 12.0000 -3.7500 3.7500 -0.3514 1.0081
18424 18.4131 12.0000 -3.7500 3.7500 -0.3465 1.0073
18523 18.5121 12.0000 -3.7500 3.7500 -0.3413 1.0055
18622 18.6111 12.0000 -3.7500 3.7500 -0.3352 1.0070
18721 18.71 12.0000 -3.7500 3.7500 -0.3290 1.0059
18820 18.809 12.0000 -3.7500 3.7500 -0.3193 1.0052
18919 18.908 12.0000 -3.7500 3.7500 -0.3084 1.0050
19018 19.007 12.0000 -3.7500 3.7500 -0.2986 1.0056
19117 19.106 12.0000 -3.7500 3.7500 -0.2860 1.0052
19216 19.205 12.0000 -3.7500 3.7500 -0.2730 1.0057
19315 19.304 12.0000 -3.7500 3.7500 -0.2718 1.0053
19414 19.403 12.0000 -3.7500 3.7500 -0.2685 1.0055
19513 19.502 12.0000 -3.7500 3.7500 -0.2690 1.0052
19612 19.601 12.0000 -3.7500 3.7500 -0.2690 1.0055
19711 19.7 12.0000 -3.7500 3.7500 -0.2694 1.0050
19810 19.799 12.0000 -3.7500 3.7500 -0.2675 1.0056
19909 19.898 12.0000 -3.7500 3.7500 -0.2344 1.0057
20008 19.997 12.0000 -3.7500 3.7500 -0.2441 1.0070
20107 20.096 12.0000 -3.7500 3.7500 -0.2665 1.0052
20206 20.195 12.0000 -3.7500 3.7500 -0.2827 1.0074
20305 20.294 12.0000 -3.7500 3.7500 -0.2983 1.0058
20404 20.393 12.0000 -3.7500 3.7500 -0.3077 1.0065
20503 20.492 12.0000 -3.7500 3.7500 -0.3159 1.0057
20602 20.5909 12.0000 -3.7500 3.7500 -0.3195 1.0055
20701 20.6899 12.0000 -3.7500 3.7500 -0.3227 1.0061
20800 20.7889 12.0000 -3.7500 3.7500 -0.3290 1.0054
20899 20.8879 12.0000 -3.7500 3.7500 -0.3327 1.0054
20998 20.9869 12.0000 -3.7500 3.7500 -0.3533 1.0056
21097 21.0859 12.0000 -3.7500 3.7500 -0.3619 1.0054
21196 21.1849 12.0000 -3.7500 3.7500 -0.3725 1.0057
21295 21.2839 12.0000 -3.7500 3.7500 -0.3777 1.0060
21394 21.3829 12.0000 -3.7500 3.7500 -0.3912 1.0059
21493 21.4819 12.0000 -3.7500 3.7500 -0.3958 1.0064
21592 21.5809 12.0000 -3.7500 3.7500 -0.4014 1.0061
21691 21.6799 12.0000 -3.7500 3.7500 -0.4090 1.0064
21790 21.7789 12.0000 -3.7500 3.7500 -0.4165 1.0061
21889 21.8779 12.0000 -3.7500 3.7500 -0.4256 1.0061
21988 21.9769 12.0000 -3.7500 3.7500 -0.4330 1.0060
22087 22.0759 12.0000 -3.7500 3.7500 -0.4377 1.0059
22186 22.1749 12.0000 -3.7500 3.7500 -0.4435 1.0059
22285 22.2739 12.0000 -3.7500 3.7500 -0.4487 1.0059
22384 22.3729 12.0000 -3.7500 3.7500 -0.4510 1.0059
22483 22.4719 12.0000 -3.7500 3.7500 -0.4541 1.0059
22582 22.5708 12.0000 -3.7500 3.7500 -0.4543 1.0059
22681 22.6698 12.0000 -3.7500 3.7500 -0.4556 1.0059
22780 22.7688 12.0000 -3.7500 3.7500 -0.4536 1.0059
22879 22.8678 12.0000 -3.7500 3.7500 -0.4499 1.0059
22978 22.9668 12.0000 -3.7500 3.7500 -0.4453 1.0059
23077 23.0658 12.0000 -3.7500 3.7500 -0.4417 1.0059
23176 23.1648 12.0000 -3.7500 3.7500 -0.4388 1.0059
23275 23.2638 12.0000 -3.7500 3.7500 -0.4237 1.0059
23374 23.3628 12.0000 -3.7500 3.7500 -0.4019 1.0059
23473 23.4618 12.0000 -3.7500 3.7500 -0.3947 1.0059
23572 23.5608 12.0000 -3.7500 3.7500 -0.3892 1.0059
23671 23.6598 12.0000 -3.7500 3.7500 -0.3842 1.0059
23770 23.7588 12.0000 -3.7500 3.7500 -0.3810 1.0059
23869 23.8578 12.0000 -3.7500 3.7500 -0.3757 1.0060
23968 23.9568 12.0000 -3.7500 3.7500 -0.3660 1.0060
24067 24.0558 12.0000 -3.7500 3.7500 -0.3605 1.0060
24166 24.1548 12.0000 -3.7500 3.7500 -0.3529 1.0060
24265 24.2538 12.0000 -3.7500 3.7500 -0.3434 1.0061
24364 24.3528 12.0000 -3.7500 3.7500 -0.3354 1.0061
24463 24.4518 12.0000 -3.7500 3.7500 -0.3438 1.0062
24562 24.5507 12.0000 -3.7500 3.7500 -0.3163 1.0063
24661 24.6497 12.0000 -3.7500 3.7500 -0.3439 1.0063
24760 24.7487 12.0000 -3.7500 3.7500 -0.2976 1.0056
24859 24.8477 12.0000 -3.7500 3.7500 -0.3598 1.0056
24958 24.9467 12.0000 -3.7500 3.7500 -0.4552 1.0060
25057 25.0457 12.0000 -3.7500 3.7500 -0.5314 1.0055
25156 25.1447 12.0000 -3.7500 3.7500 -0.4845 1.0055
25255 25.2437 12.0000 -3.7500 3.7500 -0.2344 1.0058
25354 25.3427 12.0000 -3.7500 3.7500 -0.2344 1.0060
25453 25.4417 12.0000 -3.7500 3.7500 -0.2344 1.0061
25552 25.5407 12.0000 -3.7500 3.7500 -0.2344 1.0062
25651 25.6397 12.0000 -3.7500 3.7500 -0.2347 1.0064
25750 25.7387 12.0000 -3.7500 3.7500 -0.2344 1.0065
25849 25.8377 12.0000 -3.7500 3.7500 -0.2344 1.0067
25948 25.9367 12.0000 -3.7500 3.7500 -0.2344 1.0064
26047 26.0357 12.0000 -3.7500 3.7500 -0.2814 1.0067
26146 26.1347 12.0000 -3.7500 3.7500 -0.2981 1.0056
26245 26.2337 12.0000 -3.7500 3.7500 -0.2829 1.0058
26344 26.3327 12.0000 -3.7500 3.7500 -0.2988 1.0057
26443 26.4317 12.0000 -3.7500 3.7500 -0.3171 1.0051
26542 26.5306 12.0000 -3.7500 3.7500 -0.3439 1.0052
26641 26.6296 12.0000 -3.7500 3.7500 -0.3596 1.0051
26740 26.7286 12.0000 -3.7500 3.7500 -0.3752 1.0055
26839 26.8276 12.0000 -3.7500 3.7500 -0.3816 1.0054
26938 26.9266 12.0000 -3.7500 3.7500 -0.3935 1.0053
27037 27.0256 12.0000 -3.7500 3.7500 -0.4068 1.0054
27136 27.1246 12.0000 -3.7500 3.7500 -0.4089 1.0053
27235 27.2236 12.0000 -3.7500 3.7500 -0.4121 1.0052
27334 27.3226 12.0000 -3.7500 3.7500 -0.4116 1.0055
27433 27.4216 12.0000 -3.7500 3.7500 -0.4077 1.0055
27532 27.5206 12.0000 -3.7500 3.7500 -0.3948 1.0057
27631 27.6196 12.0000 -3.7500 3.7500 -0.3911 1.0059
27730 27.7186 12.0000 -3.7500 3.7500 -0.3907 1.0059
27829 27.8176 12.0000 -3.7500 3.7500 -0.3907 1.0061
27928 27.9166 12.0000 -3.7500 3.7500 -0.3906 1.0061
28027 28.0156 12.0000 -3.7500 3.7500 -0.3906 1.0062
28126 28.1146 12.0000 -3.7500 3.7500 -0.3906 1.0062
28225 28.2136 12.0000 -3.7500 3.7500 -0.3908 1.0063
28324 28.3126 12.0000 -3.7500 3.7500 -0.3908 1.0063
28423 28.4116 12.0000 -3.7500 3.7500 -0.3908 1.0063
28522 28.5105 12.0000 -3.7500 3.7500 -0.3908 1.0063
28621 28.6095 12.0000 -3.7500 3.7500 -0.3908 1.0063
28720 28.7085 12.0000 -3.7500 3.7500 -0.3908 1.0063
28819 28.8075 12.0000 -3.7500 3.7500 -0.3908 1.0063
28918 28.9065 12.0000 -3.7500 3.7500 -0.3908 1.0063
29017 29.0055 12.0000 -3.7500 3.7500 -0.3908 1.0063
29116 29.1045 12.0000 -3.7500 3.7500 -0.3908 1.0063
29215 29.2035 12.0000 -3.7500 3.7500 -0.3908 1.0063
29314 29.3025 12.0000 -3.7500 3.7500 -0.3908 1.0063
29413 29.4015 12.0000 -3.7500 3.7500 -0.3908 1.0062
29512 29.5005 12.0000 -3.7500 3.7500 -0.3908 1.0062
29611 29.5995 12.0000 -3.7500 3.7500 -0.3908 1.0061
29710 29.6985 12.0000 -3.7500 3.7500 -0.3908 1.0061
29809 29.7975 12.0000 -3.7500 3.7500 -0.3908 1.0060
29908 29.8965 12.0000 -3.7500 3.7500 -0.4220 1.0060
30007 29.9955 12.0000 -3.7500 3.7500 -0.4220 1.0060
30106 30.0945 12.0000 -3.7500 3.7500 -0.4220 1.0059
30205 30.1935 12.0000 -3.7500 3.7500 -0.4220 1.0059
30304 30.2925 12.0000 -3.7500 3.7500 -0.4220 1.0058
30403 30.3914 12.0000 -3.7500 3.7500 -0.4220 1.0058
30502 30.4904 12.0000 -3.7500 3.7500 -0.4220 1.0056
30601 30.5894 12.0000 -3.7500 3.7500 -0.4220 1.0056
30700 30.6884 12.0000 -3.7500 3.7500 -0.4220 1.0054
30799 30.7874 12.0000 -3.7500 3.7500 -0.4220 1.0053
30898 30.8864 12.0000 -3.7500 3.7500 -0.4220 1.0053
30997 30.9854 12.0000 -3.7500 3.7500 -0.4220 1.0051
31096 31.0844 12.0000 -3.7500 3.7500 -0.4220 1.0052
31195 31.1834 12.0000 -3.7500 3.7500 -0.4220 1.0052
31294 31.2824 12.0000 -3.7500 3.7500 -0.4220 1.0052
31393 31.3814 12.0000 -3.7500 3.7500 -0.4220 1.0053
31492 31.4804 12.0000 -3.7500 3.7500 -0.4220 1.0053
31591 31.5794 12.0000 -3.7500 3.7500 -0.4220 1.0053
31690 31.6784 12.0000 -3.7500 3.7500 -0.4533 1.0054
31789 31.7774 12.0000 -3.7500 3.7500 -0.4688 1.0054
31888 31.8764 12.0000 -3.7500 3.7500 -0.4375 1.0055
31987 31.9754 12.0000 -3.7500 3.7500 -0.4375 1.0055
32086 32.0744 12.0000 -3.7500 3.7500 -0.4375 1.0055
32185 32.1734 12.0000 -3.7500 3.7500 -0.4375 1.0056
32284 32.2724 12.0000 -3.7500 3.7500 -0.4375 1.0056
32383 32.3713 12.0000 -3.7500 3.7500 -0.4375 1.0056
32482 32.4703 12.0000 -3.7500 3.7500 -0.4375 1.0057
32581 32.5693 12.0000 -3.7500 3.7500 -0.4375 1.0057
32680 32.6683 12.0000 -3.7500 3.7500 -0.4375 1.0058
32779 32.7673 12.0000 -3.7500 3.7500 -0.4375 1.0058
32878 32.8663 12.0000 -3.7500 3.7500 -0.4375 1.0058
32977 32.9653 12.0000 -3.7500 3.7500 -0.4375 1.0059
33076 33.0643 12.0000 -3.7500 3.7500 -0.4375 1.0059
33175 33.1633 12.0000 -3.7500 3.7500 -0.4376 1.0059
33274 33.2623 12.0000 -3.7500 3.7500 -0.2668 1.0060
33373 33.3613 12.0000 -3.7500 3.7500 -0.2823 1.0060
33472 33.4603 12.0000 -3.7500 3.7500 -0.2980 1.0061
33571 33.5593 12.0000 -3.7500 3.7500 -0.3138 1.0061
33670 33.6583 12.0000 -3.7500 3.7500 -0.3297 1.0062
33769 33.7573 12.0000 -3.7500 3.7500 -0.3458 1.0062
33868 33.8563 12.0000 -3.7500 3.7500 -0.3623 1.0062
33967 33.9553 12.0000 -3.7500 3.7500 -0.3784 1.0063
34066 34.0543 12.0000 -3.7500 3.7500 -0.3939 1.0063
34165 34.1533 12.0000 -3.7500 3.7500 -0.4087 1.0064
34264 34.2523 12.0000 -3.7500 3.7500 -0.4230 1.0058
34363 34.3512 12.0000 -3.7500 3.7500 -0.4275 1.0049
34462 34.4502 12.0000 -3.7500 3.7500 -0.4394 1.0051
34561 34.5492 12.0000 -3.7500 3.7500 -0.4424 1.0052
34660 34.6482 12.0000 -3.7500 3.7500 -0.4538 1.0053
34759 34.7472 12.0000 -3.7500 3.7500 -0.4548 1.0055
34858 34.8462 12.0000 -3.7500 3.7500 -0.4551 1.0054
34957 34.9452 12.0000 -3.7500 3.7500 -0.4550 1.0056
35056 35.0442 12.0000 -3.7500 3.7500 -0.4551 1.0055
35155 35.1432 12.0000 -3.7500 3.7500 -0.4552 1.0056
35254 35.2422 12.0000 -3.7500 3.7500 -0.4556 1.0056
35353 35.3412 12.0000 -3.7500 3.7500 -0.4560 1.0056
35452 35.4402 12.0000 -3.7500 3.7500 -0.4564 1.0057
35551 35.5392 12.0000 -3.7500 3.7500 -0.4557 1.0056
35650 35.6382 12.0000 -3.7500 3.7500 -0.4543 1.0058
35749 35.7372 12.0000 -3.7500 3.7500 -0.4535 1.0056
35848 35.8362 12.0000 -3.7500 3.7500 -0.4532 1.0058
35947 35.9352 12.0000 -3.7500 3.7500 -0.4437 1.0057
36046 36.0342 12.0000 -3.7500 3.7500 -0.4428 1.0057
36145 36.1332 12.0000 -3.7500 3.7500 -0.4408 1.0057
36244 36.2322 12.0000 -3.7500 3.7500 -0.4397 1.0055
36343 36.3311 12.0000 -3.7500 3.7500 -0.4378 1.0056
36442 36.4301 12.0000 -3.7500 3.7500 -0.4297 1.0053
36541 36.5291 12.0000 -3.7500 3.7500 -0.4286 1.0054
36640 36.6281 12.0000 -3.7500 3.7500 -0.4235 1.0052
36739 36.7271 12.0000 -3.7500 3.7500 -0.4107 1.0052
36838 36.8261 12.0000 -3.7500 3.7500 -0.4065 1.0052
36937 36.9251 12.0000 -3.7500 3.7500 -0.3957 1.0053
37036 37.0241 12.0000 -3.7500 3.7500 -0.3885 1.0052
37135 37.1231 12.0000 -3.7500 3.7500 -0.3794 1.0054
37234 37.2221 12.0000 -3.7500 3.7500 -0.3643 1.0054
37333 37.3211 12.0000 -3.7500 3.7500 -0.3536 1.0055
37432 37.4201 12.0000 -3.7500 3.7500 -0.3445 1.0056
37531 37.5191 12.0000 -3.7500 3.7500 -0.3295 1.0056
37630 37.6181 12.0000 -3.7500 3.7500 -0.3172 1.0058
37729 37.7171 12.0000 -3.7500 3.7500 -0.3013 1.0058
37828 37.8161 12.0000 -3.7500 3.7500 -0.2854 1.0059
37927 37.9151 12.0000 -3.7500 3.7500 -0.2690 1.0059
38026 38.0141 12.0000 -3.7500 3.7500 -0.2523 1.0060
38125 38.1131 12.0000 -3.7500 3.7500 -0.2355 1.0060
38224 38.2121 12.0000 -3.7500 3.7500 -0.2197 1.0060
38323 38.311 12.0000 -3.7500 3.7500 -0.2038 1.0061
38422 38.41 12.0000 -3.7500 3.7500 -0.1771 1.0061
38521 38.509 12.0000 -3.7500 3.7500 -0.1641 1.0061
38620 38.608 12.0000 -3.7500 3.7500 -0.1472 1.0061
38719 38.707 12.0000 -3.7500 3.7500 -0.1110 1.0062
38818 38.806 12.0000 -3.7500 3.7500 -0.1089 1.0062
38917 38.905 12.0000 -3.7500 3.7500 -0.1066 1.0062
39016 39.004 12.0000 -3.7500 3.7500 -0.1065 1.0062
39115 39.103 12.0000 -3.7500 3.7500 -0.1101 1.0063
39214 39.202 12.0000 -3.7500 3.7500 -0.1154 1.0063
39313 39.301 12.0000 -3.7500 3.7500 -0.1284 1.0063
39412 39.4 12.0000 -3.7500 3.7500 -0.1422 1.0065
39511 39.499 12.0000 -3.7500 3.7500 -0.1569 1.0062
39610 39.598 12.0000 -3.7500 3.7500 -0.1672 1.0055
39709 39.697 12.0000 -3.7500 3.7500 -0.1823 1.0057
39808 39.796 12.0000 -3.7500 3.7500 -0.1974 1.0058
39907 39.895 12.0000 -3.7500 3.7500 -0.2122 1.0059
40006 39.994 12.0000 -3.7500 3.7500 -0.2258 1.0059
40105 40.093 12.0000 -3.7500 3.7500 -0.2382 1.0060
40204 40.1919 12.0000 -3.7500 3.7500 -0.2511 1.0060
40303 40.2909 12.0000 -3.7500 3.7500 -0.2543 1.0060
40402 40.3899 12.0000 -3.7500 3.7500 -0.2567 1.0061
40501 40.4889 12.0000 -3.7500 3.7500 -0.2662 1.0061
40600 40.5879 12.0000 -3.7500 3.7500 -0.2668 1.0062
40699 40.6869 12.0000 -3.7500 3.7500 -0.2659 1.0061
40798 40.7859 12.0000 -3.7500 3.7500 -0.2665 1.0062
40897 40.8849 12.0000 -3.7500 3.7500 -0.2672 1.0062
40996 40.9839 12.0000 -3.7500 3.7500 -0.2688 1.0062
41095 41.0829 12.0000 -3.7500 3.7500 -0.2708 1.0062
41194 41.1819 12.0000 -3.7500 3.7500 -0.2813 1.0062
41293 41.2809 12.0000 -3.7500 3.7500 -0.2842 1.0061
41392 41.3799 12.0000 -3.7500 3.7500 -0.2876 1.0062
41491 41.4789 12.0000 -3.7500 3.7500 -0.2988 1.0060
41590 41.5779 12.0000 -3.7500 3.7500 -0.3043 1.0060
41689 41.6769 12.0000 -3.7500 3.7500 -0.3136 1.0058
41788 41.7759 12.0000 -3.7500 3.7500 -0.3170 1.0059
41887 41.8749 12.0000 -3.7500 3.7500 -0.3209 1.0056
41986 41.9739 12.0000 -3.7500 3.7500 -0.3284 1.0057
42085 42.0729 12.0000 -3.7500 3.7500 -0.3286 1.0055
42184 42.1718 12.0000 -3.7500 3.7500 -0.3223 1.0055
42283 42.2708 12.0000 -3.7500 3.7500 -0.3187 1.0054
42382 42.3698 12.0000 -3.7500 3.7500 -0.3182 1.0053
42481 42.4688 12.0000 -3.7500 3.7500 -0.3143 1.0053
42580 42.5678 12.0000 -3.7500 3.7500 -0.3042 1.0051
42679 42.6668 12.0000 -3.7500 3.7500 -0.2929 1.0052
42778 42.7658 12.0000 -3.7500 3.7500 -0.2855 1.0052
42877 42.8648 12.0000 -3.7500 3.7500 -0.2835 1.0052
42976 42.9638 12.0000 -3.7500 3.7500 -0.2813 1.0053
43075 43.0628 12.0000 -3.7500 3.7500 -0.2672 1.0054
43174 43.1618 12.0000 -3.7500 3.7500 -0.2545 1.0054
43273 43.2608 12.0000 -3.7500 3.7500 -0.2449 1.0055
43372 43.3598 12.0000 -3.7500 3.7500 -0.2362 1.0055
43471 43.4588 12.0000 -3.7500 3.7500 -0.2237 1.0056
43570 43.5578 12.0000 -3.7500 3.7500 -0.2112 1.0057
43669 43.6568 12.0000 -3.7500 3.7500 -0.2049 1.0058
43768 43.7558 12.0000 -3.7500 3.7500 -0.1921 1.0059
43867 43.8548 12.0000 -3.7500 3.7500 -0.1820 1.0060
43966 43.9538 12.0000 -3.7500 3.7500 -0.1730 1.0061
44065 44.0528 12.0000 -3.7500 3.7500 -0.1597 1.0062
44164 44.1517 12.0000 -3.7500 3.7500 -0.1539 1.0065
44263 44.2507 12.0000 -3.7500 3.7500 -0.1486 1.0061
44362 44.3497 12.0000 -3.7500 3.7500 -0.1424 1.0058
44461 44.4487 12.0000 -3.7500 3.7500 -0.1362 1.0058
44560 44.5477 12.0000 -3.7500 3.7500 -0.1281 1.0060
44659 44.6467 12.0000 -3.7500 3.7500 -0.1152 1.0062
44758 44.7457 12.0000 -3.7500 3.7500 -0.1045 1.0062
44857 44.8447 12.0000 -3.7500 3.7500 -0.1041 1.0063
44956 44.9437 12.0000 -3.7500 3.7500 -0.1078 1.0063
45055 45.0427 12.0000 -3.7500 3.7500 -0.1187 1.0063
45154 45.1417 12.0000 -3.7500 3.7500 -0.1279 1.0063
45253 45.2407 12.0000 -3.7500 3.7500 -0.1369 1.0063
45352 45.3397 12.0000 -3.7500 3.7500 -0.1457 1.0063
45451 45.4387 12.0000 -3.7500 3.7500 -0.1564 1.0063
45550 45.5377 12.0000 -3.7500 3.7500 -0.1666 1.0064
45649 45.6367 12.0000 -3.7500 3.7500 -0.1745 1.0064
45748 45.7357 12.0000 -3.7500 3.7500 -0.1812 1.0064
45847 45.8347 12.0000 -3.7500 3.7500 -0.1874 1.0064
45946 45.9337 12.0000 -3.7500 3.7500 -0.1954 1.0065
46045 46.0327 12.0000 -3.7500 3.7500 -0.2030 1.0064
46144 46.1316 12.0000 -3.7500 3.7500 -0.2097 1.0065
46243 46.2306 12.0000 -3.7500 3.7500 -0.2150 1.0065
46342 46.3296 12.0000 -3.7500 3.7500 -0.2185 1.0065
46441 46.4286 12.0000 -3.7500 3.7500 -0.2208 1.0065
46540 46.5276 12.0000 -3.7500 3.7500 -0.2220 1.0065
46639 46.6266 12.0000 -3.7500 3.7500 -0.2218 1.0066
46738 46.7256 12.0000 -3.7500 3.7500 -0.2201 1.0066
46837 46.8246 12.0000 -3.7500 3.7500 -0.2165 1.0066
46936 46.9236 12.0000 -3.7500 3.7500 -0.2130 1.0067
47035 47.0226 12.0000 -3.7500 3.7500 -0.2087 1.0065
47134 47.1216 12.0000 -3.7500 3.7500 -0.2035 1.0059
47233 47.2206 12.0000 -3.7500 3.7500 -0.2056 1.0061
47332 47.3196 12.0000 -3.7500 3.7500 -0.2079 1.0060
47431 47.4186 12.0000 -3.7500 3.7500 -0.2095 1.0067
47530 47.5176 12.0000 -3.7500 3.7500 -0.2102 1.0066
47629 47.6166 12.0000 -3.7500 3.7500 -0.2102 1.0067
47728 47.7156 12.0000 -3.7500 3.7500 -0.2101 1.0075
47827 47.8146 12.0000 -3.7500 3.7500 -0.2109 1.0072
47926 47.9136 12.0000 -3.7500 3.7500 -0.2105 1.0070
48025 48.0126 12.0000 -3.7500 3.7500 -0.2089 1.0070
48124 48.1115 12.0000 -3.7500 3.7500 -0.2062 1.0070
48223 48.2105 12.0000 -3.7500 3.7500 -0.2025 1.0071
48322 48.3095 12.0000 -3.7500 3.7500 -0.1978 1.0071
48421 48.4085 12.0000 -3.7500 3.7500 -0.1937 1.0071
48520 48.5075 12.0000 -3.7500 3.7500 -0.1899 1.0072
48619 48.6065 12.0000 -3.7500 3.7500 -0.1853 1.0072
48718 48.7055 12.0000 -3.7500 3.7500 -0.1804 1.0072
48817 48.8045 12.0000 -3.7500 3.7500 -0.1746 1.0072
48916 48.9035 12.0000 -3.7500 3.7500 -0.1676 1.0073
49015 49.0025 12.0000 -3.7500 3.7500 -0.1597 1.0072
49114 49.1015 12.0000 -3.7500 3.7500 -0.1515 1.0072
49213 49.2005 12.0000 -3.7500 3.7500 -0.1429 1.0072
49312 49.2995 12.0000 -3.7500 3.7500 -0.1341 1.0073
49411 49.3985 12.0000 -3.7500 3.7500 -0.1240 1.0073
49510 49.4975 12.0000 -3.7500 3.7500 -0.1124 1.0072
