0 0 
0.0989949 0.00301752 
0.19799 0.00408265 
0.296985 0.00718104 
0.39598 0.0107518 
0.494975 0.0147824 
0.59397 0.0194519 
0.692965 0.0250486 
0.79196 0.0314353 
0.890955 0.0391035 
0.989949 0.0472757 
1.08894 0.0552974 
1.18794 0.0641927 
1.28693 0.0740462 
1.38593 0.0841693 
1.48492 0.0948297 
1.58392 0.109094 
1.68291 0.11631 
1.78191 0.136434 
1.8809 0.14755 
1.9799 0.157138 
2.07889 0.175914 
2.17789 0.17623 
2.27688 0.194888 
2.37588 0.210657 
2.47487 0.231627 
2.57387 0.25071 
2.67286 0.247292 
2.77186 0.255093 
2.87085 0.260292 
2.96985 0.263063 
3.06884 0.273192 
3.16784 0.291602 
3.26683 0.295138 
3.36583 0.299394 
3.46482 0.308 
3.56382 0.318288 
3.66281 0.325298 
3.76181 0.332416 
3.8608 0.337253 
3.9598 0.340167 
4.05879 0.343266 
4.15779 0.341336 
4.25678 0.340766 
4.35578 0.335512 
4.45477 0.330317 
4.55377 0.322277 
4.65276 0.314727 
4.75176 0.308843 
4.85075 0.297996 
4.94975 0.294692 
5.04874 0.298034 
5.14774 0.300383 
5.24673 0.305994 
5.34573 0.315633 
5.44472 0.327547 
5.54372 0.341549 
5.64271 0.355061 
5.74171 0.373038 
5.8407 0.387387 
5.9397 0.393712 
6.03869 0.413965 
6.13769 0.435676 
6.23668 0.438963 
6.33568 0.464353 
6.43467 0.476217 
6.53367 0.494617 
6.63266 0.515878 
6.73166 0.535245 
6.83065 0.518097 
6.92965 0.557072 
7.02864 0.567874 
7.12764 0.564377 
7.22663 0.561341 
7.32563 0.581047 
7.42462 0.598249 
7.52362 0.616299 
7.62261 0.629189 
7.72161 0.633213 
7.8206 0.632072 
7.9196 0.640072 
8.01859 0.657912 
8.11759 0.679208 
8.21658 0.692193 
8.31558 0.693274 
8.41457 0.723016 
8.51357 0.771855 
8.61256 0.743637 
8.71156 0.738278 
8.81055 0.732102 
8.90955 0.726347 
9.00854 0.735788 
9.10754 0.762866 
9.20653 0.785219 
9.30553 0.781726 
9.40452 0.773549 
9.50352 0.797498 
9.60251 0.812266 
9.70151 0.851132 
9.8005 0.888729 
9.89949 0.926682 
9.99849 0.951511 
10.0975 0.965842 
10.1965 0.971902 
10.2955 0.961287 
10.3945 0.937247 
10.4935 0.899593 
10.5925 0.862502 
10.6915 0.814272 
10.7904 0.776872 
10.8894 0.923912 
10.9884 1.10943 
11.0874 1.29361 
11.1864 1.48909 
11.2854 1.6371 
11.3844 1.7493 
11.4834 1.82843 
11.5824 1.87644 
11.6814 1.94215 
11.7804 2.01576 
11.8794 2.0675 
11.9784 2.12582 
12.0774 2.20988 
12.1764 2.36619 
12.2754 3.11344 
12.3744 3.40022 
12.4734 4.55876 
12.5724 5.237 
12.6714 5.86825 
12.7703 3.71612 
12.8693 3.96158 
12.9683 3.17746 
13.0673 3.83703 
13.1663 3.18015 
13.2653 3.58764 
13.3643 3.12311 
13.4633 3.11113 
13.5623 3.25732 
13.6613 3.91876 
13.7603 4.20832 
13.8593 4.91418 
13.9583 3.96099 
14.0573 3.772 
14.1563 4.15379 
14.2553 4.13537 
14.3543 4.95002 
14.4533 3.57805 
14.5523 3.67275 
14.6513 3.35887 
14.7502 3.14454 
14.8492 3.22368 
14.9482 3.09003 
15.0472 3.24922 
15.1462 3.16386 
15.2452 3.55101 
15.3442 3.54761 
15.4432 3.4415 
15.5422 3.42981 
15.6412 3.28539 
15.7402 3.34599 
15.8392 3.37126 
15.9382 3.24695 
16.0372 3.346 
16.1362 3.06573 
16.2352 3.07393 
16.3342 3.16824 
16.4332 2.62837 
16.5322 2.45714 
16.6312 2.46921 
16.7301 2.4947 
16.8291 2.53876 
16.9281 2.58515 
17.0271 2.616 
17.1261 3.14505 
17.2251 3.12786 
17.3241 2.97045 
17.4231 3.07719 
17.5221 3.0825 
17.6211 3.15861 
17.7201 3.57866 
17.8191 3.49518 
17.9181 2.76723 
18.0171 2.69956 
18.1161 2.85933 
18.2151 3.21667 
18.3141 3.10693 
18.4131 2.96356 
18.5121 3.57994 
18.6111 4.23291 
18.71 4.11342 
18.809 3.7968 
18.908 4.19391 
19.007 4.32486 
19.106 4.53408 
19.205 3.55487 
19.304 3.31964 
19.403 3.73166 
19.502 4.03318 
19.601 3.80435 
19.7 3.53436 
19.799 3.70278 
19.898 4.12836 
19.997 3.81736 
20.096 3.34989 
20.195 2.96286 
20.294 2.67352 
20.393 2.50642 
20.492 2.20742 
20.5909 2.09727 
20.6899 2.22473 
20.7889 2.18672 
20.8879 2.18523 
20.9869 2.10613 
21.0859 2.27038 
21.1849 2.28474 
21.2839 2.19921 
21.3829 2.10247 
21.4819 1.79678 
21.5809 1.74074 
21.6799 1.8112 
21.7789 1.86286 
21.8779 2.23707 
21.9769 1.81013 
22.0759 2.04219 
22.1749 2.57958 
22.2739 2.59667 
22.3729 1.89793 
22.4719 1.79336 
22.5708 1.81776 
22.6698 1.78653 
22.7688 1.76988 
22.8678 1.76385 
22.9668 1.80301 
23.0658 1.7334 
23.1648 1.71044 
23.2638 1.67993 
23.3628 1.64242 
23.4618 1.60509 
23.5608 1.56326 
23.6598 1.50401 
23.7588 1.4545 
23.8578 1.39451 
23.9568 1.34226 
24.0558 1.35872 
24.1548 1.31797 
24.2538 1.3933 
24.3528 1.33812 
24.4518 1.43883 
24.5507 1.50586 
24.6497 1.44392 
24.7487 1.53763 
24.8477 1.56415 
24.9467 1.45587 
25.0457 1.35876 
25.1447 1.26519 
25.2437 1.61682 
25.3427 1.43496 
25.4417 1.31745 
25.5407 1.39172 
25.6397 1.36019 
25.7387 1.28661 
25.8377 1.23971 
25.9367 1.21296 
26.0357 1.18134 
26.1347 1.14012 
26.2337 1.12353 
26.3327 1.10172 
26.4317 1.06722 
26.5306 1.02381 
26.6296 0.975275 
26.7286 0.944481 
26.8276 0.917812 
26.9266 0.888951 
27.0256 0.858245 
27.1246 0.826604 
27.2236 0.812029 
27.3226 0.80155 
27.4216 0.79049 
27.5206 0.775363 
27.6196 0.756535 
27.7186 0.734547 
27.8176 0.7097 
27.9166 0.682778 
28.0156 0.664201 
28.1146 0.701599 
28.2136 0.716229 
28.3126 0.657217 
28.4116 0.615414 
28.5105 0.604169 
28.6095 0.673434 
28.7085 0.679431 
28.8075 0.589512 
28.9065 0.607826 
29.0055 0.614977 
29.1045 0.625272 
29.2035 0.626185 
29.3025 0.615746 
29.4015 0.626191 
29.5005 0.634004 
29.5995 0.630926 
29.6985 0.628365 
29.7975 0.627578 
29.8965 0.632411 
29.9955 0.641684 
30.0945 0.653951 
30.1935 0.650492 
30.2925 0.627246 
30.3914 0.606168 
30.4904 0.616146 
30.5894 0.583651 
30.6884 0.581226 
30.7874 0.563263 
30.8864 0.550535 
30.9854 0.537439 
31.0844 0.53541 
31.1834 0.536107 
31.2824 0.539833 
31.3814 0.543354 
31.4804 0.546729 
31.5794 0.550057 
31.6784 0.556792 
31.7774 0.557451 
31.8764 0.561503 
31.9754 0.564902 
32.0744 0.56844 
32.1734 0.571222 
32.2724 0.57478 
32.3713 0.577958 
32.4703 0.584156 
32.5693 0.589208 
32.6683 0.597509 
32.7673 0.604982 
32.8663 0.611236 
32.9653 0.616083 
33.0643 0.618982 
33.1633 0.61954 
33.2623 0.618076 
33.3613 0.614102 
33.4603 0.628649 
33.5593 0.643565 
33.6583 0.650873 
33.7573 0.640031 
33.8563 0.633104 
33.9553 0.632454 
34.0543 0.637321 
34.1533 0.650781 
34.2523 0.681393 
34.3512 0.658312 
34.4502 0.666598 
34.5492 0.674035 
34.6482 0.67984 
34.7472 0.694593 
34.8462 0.750677 
34.9452 0.715152 
35.0442 0.651644 
35.1432 0.631446 
35.2422 0.621192 
35.3412 0.603927 
35.4402 0.588311 
35.5392 0.565723 
35.6382 0.570659 
35.7372 0.583558 
35.8362 0.560777 
35.9352 0.510627 
36.0342 0.453506 
36.1332 0.429852 
36.2322 0.399744 
36.3311 0.425507 
36.4301 0.412994 
36.5291 0.355427 
36.6281 0.309215 
36.7271 0.351925 
36.8261 0.361427 
36.9251 0.387012 
37.0241 0.378365 
37.1231 0.39711 
37.2221 0.422854 
37.3211 0.447665 
37.4201 0.466782 
37.5191 0.477655 
37.6181 0.483708 
37.7171 0.507004 
37.8161 0.52346 
37.9151 0.536462 
38.0141 0.554548 
38.1131 0.580802 
38.2121 0.611805 
38.311 0.641804 
38.41 0.66383 
38.509 0.701985 
38.608 0.744994 
38.707 0.760833 
38.806 0.76544 
38.905 0.768732 
39.004 0.755801 
39.103 0.732009 
39.202 0.719438 
39.301 0.740461 
39.4 0.765575 
39.499 0.780941 
39.598 0.814894 
39.697 0.840234 
39.796 0.900949 
39.895 0.962662 
39.994 1.01413 
40.093 1.1147 
40.1919 1.32093 
40.2909 1.85805 
40.3899 1.13439 
40.4889 0.84563 
40.5879 0.719401 
40.6869 0.690685 
40.7859 0.641426 
40.8849 0.711681 
40.9839 0.833397 
41.0829 0.829161 
41.1819 0.803314 
41.2809 1.10625 
41.3799 1.44809 
41.4789 1.72283 
41.5779 1.91768 
41.6769 2.17318 
41.7759 2.43178 
41.8749 2.46091 
41.9739 2.6186 
42.0729 2.30082 
42.1718 1.84251 
42.2708 1.76422 
42.3698 1.67197 
42.4688 1.82633 
42.5678 1.86039 
42.6668 1.86386 
42.7658 1.74262 
42.8648 1.52296 
42.9638 1.49299 
43.0628 1.49115 
43.1618 1.5209 
43.2608 1.57328 
43.3598 1.529 
43.4588 1.39646 
43.5578 1.49084 
43.6568 1.59511 
43.7558 1.60556 
43.8548 1.41238 
43.9538 1.27693 
44.0528 1.28828 
44.1517 1.30228 
44.2507 1.26774 
44.3497 1.22223 
44.4487 1.16681 
44.5477 1.18234 
44.6467 1.14537 
44.7457 1.06801 
44.8447 1.05639 
44.9437 1.00285 
45.0427 0.959174 
45.1417 1.03625 
45.2407 1.21471 
45.3397 1.07174 
45.4387 0.987523 
45.5377 0.981764 
45.6367 1.02996 
45.7357 0.992262 
45.8347 0.963033 
45.9337 0.938607 
46.0327 1.07004 
46.1316 1.28233 
46.2306 1.62762 
46.3296 1.1941 
46.4286 1.03195 
46.5276 0.993222 
46.6266 0.986348 
46.7256 1.0468 
46.8246 1.17603 
46.9236 1.44646 
47.0226 1.21835 
47.1216 1.00516 
47.2206 0.895108 
47.3196 0.870937 
47.4186 0.887714 
47.5176 0.951194 
47.6166 0.976861 
47.7156 1.02321 
47.8146 1.08138 
47.9136 1.08321 
48.0126 1.03371 
48.1115 1.09869 
48.2105 1.19111 
48.3095 1.25631 
48.4085 1.42046 
48.5075 1.47913 
48.6065 1.66346 
48.7055 1.81655 
48.8045 1.93022 
48.9035 1.69069 
49.0025 1.70661 
49.1015 1.64072 
49.2005 1.59231 
49.2995 1.57931 
49.3985 1.63262 
49.4975 1.70679 
