0 0 
0.0989949 0.00297332 
0.19799 0.00394839 
0.296985 0.00700436 
0.39598 0.0105323 
0.494975 0.0145168 
0.59397 0.0188749 
0.692965 0.0235741 
0.79196 0.0286326 
0.890955 0.0339413 
0.989949 0.0395762 
1.08894 0.0454448 
1.18794 0.0515067 
1.28693 0.0578345 
1.38593 0.0643463 
1.48492 0.0709952 
1.58392 0.0778718 
1.68291 0.0848321 
1.78191 0.0919294 
1.8809 0.099145 
1.9799 0.106453 
2.07889 0.113842 
2.17789 0.121923 
2.27688 0.130488 
2.37588 0.139093 
2.47487 0.147707 
2.57387 0.156257 
2.67286 0.164778 
2.77186 0.173123 
2.87085 0.181329 
2.96985 0.190048 
3.06884 0.200312 
3.16784 0.211723 
3.26683 0.223028 
3.36583 0.233928 
3.46482 0.244679 
3.56382 0.254729 
3.66281 0.263661 
3.76181 0.271522 
3.8608 0.278432 
3.9598 0.283777 
4.05879 0.287433 
4.15779 0.289292 
4.25678 0.289846 
4.35578 0.288354 
4.45477 0.284843 
4.55377 0.279487 
4.65276 0.272414 
4.75176 0.263207 
4.85075 0.252696 
4.94975 0.245567 
5.04874 0.248196 
5.14774 0.2531 
5.24673 0.259088 
5.34573 0.267932 
5.44472 0.278226 
5.54372 0.29173 
5.64271 0.305567 
5.74171 0.326171 
5.8407 0.341952 
5.9397 0.346203 
6.03869 0.359008 
6.13769 0.385009 
6.23668 0.392994 
6.33568 0.414736 
6.43467 0.429357 
6.53367 0.441061 
6.63266 0.459865 
6.73166 0.479553 
6.83065 0.454469 
6.92965 0.495669 
7.02864 0.509757 
7.12764 0.504285 
7.22663 0.501686 
7.32563 0.522474 
7.42462 0.539633 
7.52362 0.552387 
7.62261 0.56365 
7.72161 0.569725 
7.8206 0.574134 
7.9196 0.581599 
8.01859 0.58533 
8.11759 0.587827 
8.21658 0.599208 
8.31558 0.610152 
8.41457 0.617516 
8.51357 0.619241 
8.61256 0.613356 
8.71156 0.619329 
8.81055 0.62058 
8.90955 0.611203 
9.00854 0.61596 
9.10754 0.607796 
9.20653 0.606221 
9.30553 0.604687 
9.40452 0.60143 
9.50352 0.602184 
9.60251 0.598933 
9.70151 0.592393 
9.8005 0.5819 
9.89949 0.568139 
9.99849 0.551005 
10.0975 0.530457 
10.1965 0.507591 
10.2955 0.485063 
10.3945 0.458274 
10.4935 0.426975 
10.5925 0.426978 
10.6915 0.425744 
10.7904 0.45372 
10.8894 0.691979 
10.9884 0.829342 
11.0874 0.943252 
11.1864 1.08693 
11.2854 1.1884 
11.3844 1.27179 
11.4834 1.34379 
11.5824 1.39856 
11.6814 1.47908 
11.7804 1.57373 
11.8794 1.6634 
11.9784 1.77235 
12.0774 1.89052 
12.1764 1.88027 
12.2754 2.38157 
12.3744 2.54847 
12.4734 3.27534 
12.5724 3.64016 
12.6714 4.08683 
12.7703 3.35286 
12.8693 3.40981 
12.9683 2.42667 
13.0673 2.26559 
13.1663 1.8827 
13.2653 2.02466 
13.3643 2.22381 
13.4633 2.15132 
13.5623 2.36279 
13.6613 2.64567 
13.7603 2.82586 
13.8593 3.22244 
13.9583 2.47655 
14.0573 2.38573 
14.1563 2.85486 
14.2553 3.02774 
14.3543 3.07273 
14.4533 2.79597 
14.5523 3.13072 
14.6513 2.86192 
14.7502 2.5259 
14.8492 2.32453 
14.9482 2.2092 
15.0472 2.52535 
15.1462 2.60753 
15.2452 2.44338 
15.3442 2.59421 
15.4432 2.90994 
15.5422 2.96466 
15.6412 2.66639 
15.7402 2.82232 
15.8392 2.86146 
15.9382 2.57788 
16.0372 2.87783 
16.1362 2.63853 
16.2352 2.46301 
16.3342 2.62293 
16.4332 2.31836 
16.5322 2.11688 
16.6312 2.1189 
16.7301 2.09176 
16.8291 2.07698 
16.9281 2.03844 
17.0271 2.11538 
17.1261 2.28483 
17.2251 2.35176 
17.3241 2.60666 
17.4231 2.85571 
17.5221 2.69731 
17.6211 2.38111 
17.7201 2.70283 
17.8191 2.5885 
17.9181 1.95683 
18.0171 2.09899 
18.1161 2.21324 
18.2151 2.64962 
18.3141 2.13418 
18.4131 1.7954 
18.5121 2.63646 
18.6111 3.33273 
18.71 2.89762 
18.809 2.51194 
18.908 2.67659 
19.007 2.68228 
19.106 3.31731 
19.205 2.74609 
19.304 2.59625 
19.403 2.89257 
19.502 3.2999 
19.601 2.93468 
19.7 2.88705 
19.799 3.13783 
19.898 3.00613 
19.997 3.24788 
20.096 2.65333 
20.195 2.14563 
20.294 1.79992 
20.393 1.80943 
20.492 1.69014 
20.5909 1.62013 
20.6899 1.70749 
20.7889 1.75991 
20.8879 1.74597 
20.9869 1.59856 
21.0859 1.69392 
21.1849 1.6725 
21.2839 1.55568 
21.3829 1.55587 
21.4819 1.35045 
21.5809 1.23016 
21.6799 1.23903 
21.7789 1.21964 
21.8779 1.21714 
21.9769 1.17299 
22.0759 1.1859 
22.1749 1.26963 
22.2739 1.33653 
22.3729 1.38815 
22.4719 1.42198 
22.5708 1.44084 
22.6698 1.45247 
22.7688 1.44632 
22.8678 1.44451 
22.9668 1.42817 
23.0658 1.40099 
23.1648 1.3698 
23.2638 1.33257 
23.3628 1.29251 
23.4618 1.26532 
23.5608 1.24702 
23.6598 1.2174 
23.7588 1.17313 
23.8578 1.11285 
23.9568 1.07362 
24.0558 1.02837 
24.1548 1.00332 
24.2538 1.10037 
24.3528 0.988353 
24.4518 1.03061 
24.5507 1.15976 
24.6497 1.25613 
24.7487 1.30657 
24.8477 1.36919 
24.9467 1.25668 
25.0457 1.12827 
25.1447 0.989883 
25.2437 1.39074 
25.3427 1.12359 
25.4417 0.999903 
25.5407 1.09724 
25.6397 1.0447 
25.7387 0.984175 
25.8377 0.958144 
25.9367 0.943538 
26.0357 0.931268 
26.1347 0.916196 
26.2337 0.889941 
26.3327 0.856015 
26.4317 0.812362 
26.5306 0.762538 
26.6296 0.709014 
26.7286 0.681198 
26.8276 0.659903 
26.9266 0.636576 
27.0256 0.612086 
27.1246 0.585764 
27.2236 0.561236 
27.3226 0.542977 
27.4216 0.524264 
27.5206 0.504156 
27.6196 0.482392 
27.7186 0.460641 
27.8176 0.438049 
27.9166 0.413882 
28.0156 0.403342 
28.1146 0.398195 
28.2136 0.391386 
28.3126 0.383517 
28.4116 0.373718 
28.5105 0.363693 
28.6095 0.371534 
28.7085 0.376375 
28.8075 0.380187 
28.9065 0.407505 
29.0055 0.401882 
29.1045 0.433113 
29.2035 0.434655 
29.3025 0.419891 
29.4015 0.435809 
29.5005 0.447704 
29.5995 0.444427 
29.6985 0.44241 
29.7975 0.44301 
29.8965 0.451532 
29.9955 0.466495 
30.0945 0.484711 
30.1935 0.481797 
30.2925 0.451298 
30.3914 0.422957 
30.4904 0.438355 
30.5894 0.392392 
30.6884 0.389546 
30.7874 0.363501 
30.8864 0.345402 
30.9854 0.326327 
31.0844 0.326447 
31.1834 0.332273 
31.2824 0.343176 
31.3814 0.354869 
31.4804 0.36686 
31.5794 0.379072 
31.6784 0.391255 
31.7774 0.404418 
31.8764 0.417401 
31.9754 0.429795 
32.0744 0.441945 
32.1734 0.453247 
32.2724 0.465572 
32.3713 0.475121 
32.4703 0.483001 
32.5693 0.489879 
32.6683 0.501081 
32.7673 0.511512 
32.8663 0.520874 
32.9653 0.528742 
33.0643 0.534595 
33.1633 0.537936 
33.2623 0.539073 
33.3613 0.537298 
33.4603 0.544405 
33.5593 0.555604 
33.6583 0.562838 
33.7573 0.561991 
33.8563 0.563576 
33.9553 0.564862 
34.0543 0.566305 
34.1533 0.571286 
34.2523 0.576848 
34.3512 0.58083 
34.4502 0.583631 
34.5492 0.582944 
34.6482 0.578133 
34.7472 0.569155 
34.8462 0.556495 
34.9452 0.540815 
35.0442 0.522844 
35.1432 0.503214 
35.2422 0.48218 
35.3412 0.460226 
35.4402 0.437839 
35.5392 0.415747 
35.6382 0.401379 
35.7372 0.409305 
35.8362 0.400129 
35.9352 0.381191 
36.0342 0.353783 
36.1332 0.329944 
36.2322 0.306408 
36.3311 0.282289 
36.4301 0.262129 
36.5291 0.247731 
36.6281 0.240095 
36.7271 0.264267 
36.8261 0.277246 
36.9251 0.300063 
37.0241 0.313032 
37.1231 0.332856 
37.2221 0.357094 
37.3211 0.376054 
37.4201 0.389671 
37.5191 0.394285 
37.6181 0.390077 
37.7171 0.405483 
37.8161 0.410386 
37.9151 0.410219 
38.0141 0.415598 
38.1131 0.42916 
38.2121 0.443582 
38.311 0.452107 
38.41 0.468654 
38.509 0.488331 
38.608 0.500259 
38.707 0.509528 
38.806 0.531578 
38.905 0.525761 
39.004 0.528691 
39.103 0.515592 
39.202 0.505614 
39.301 0.500609 
39.4 0.495131 
39.499 0.485582 
39.598 0.468709 
39.697 0.460685 
39.796 0.444034 
39.895 0.420381 
39.994 0.401597 
40.093 0.371956 
40.1919 0.36384 
40.2909 0.359129 
40.3899 0.353742 
40.4889 0.344086 
40.5879 0.329715 
40.6869 0.322514 
40.7859 0.329142 
40.8849 0.327701 
40.9839 0.352647 
41.0829 0.348861 
41.1819 0.474133 
41.2809 0.704488 
41.3799 0.864699 
41.4789 1.08684 
41.5779 1.35566 
41.6769 1.55592 
41.7759 1.7433 
41.8749 1.81252 
41.9739 1.81396 
42.0729 1.55858 
42.1718 1.23083 
42.2708 1.18122 
42.3698 1.31018 
42.4688 1.37679 
42.5678 1.39696 
42.6668 1.35515 
42.7658 1.27125 
42.8648 1.18583 
42.9638 1.13075 
43.0628 1.07568 
43.1618 1.03212 
43.2608 0.988701 
43.3598 1.02573 
43.4588 1.03632 
43.5578 1.10723 
43.6568 1.15197 
43.7558 1.19334 
43.8548 1.18973 
43.9538 1.18707 
44.0528 1.17689 
44.1517 1.1571 
44.2507 1.12794 
44.3497 1.09158 
44.4487 1.04921 
44.5477 1.0882 
44.6467 1.05538 
44.7457 0.97169 
44.8447 0.93012 
44.9437 0.890928 
45.0427 0.849745 
45.1417 0.81871 
45.2407 0.889688 
45.3397 0.801774 
45.4387 0.7794 
45.5377 0.740521 
45.6367 0.693786 
45.7357 0.689652 
45.8347 0.691252 
45.9337 0.713658 
46.0327 0.852635 
46.1316 1.06028 
46.2306 1.38192 
46.3296 1.00393 
46.4286 0.862617 
46.5276 0.802967 
46.6266 0.779388 
46.7256 0.840476 
46.8246 0.964921 
46.9236 1.10203 
47.0226 0.872693 
47.1216 0.759657 
47.2206 0.611137 
47.3196 0.587734 
47.4186 0.543101 
47.5176 0.531405 
47.6166 0.516119 
47.7156 0.570669 
47.8146 0.765094 
47.9136 0.858873 
48.0126 0.848317 
48.1115 0.95094 
48.2105 0.959568 
48.3095 0.997583 
48.4085 1.04569 
48.5075 1.04527 
48.6065 1.16844 
48.7055 1.36692 
48.8045 1.48182 
48.9035 1.45205 
49.0025 1.41936 
49.1015 1.37389 
49.2005 1.34503 
49.2995 1.36456 
49.3985 1.43952 
49.4975 1.49052 
