0 0 
0.0989949 0.000514621 
0.19799 0.0010384 
0.296985 0.0015831 
0.39598 0.00216128 
0.494975 0.00278958 
0.59397 0.00470267 
0.692965 0.00846717 
0.79196 0.0129751 
0.890955 0.0194183 
0.989949 0.0258596 
1.08894 0.0315052 
1.18794 0.0383114 
1.28693 0.0462387 
1.38593 0.0542589 
1.48492 0.0628677 
1.58392 0.076404 
1.68291 0.0795711 
1.78191 0.100813 
1.8809 0.109276 
1.9799 0.115585 
2.07889 0.134111 
2.17789 0.127247 
2.27688 0.144755 
2.37588 0.158208 
2.47487 0.17842 
2.57387 0.196059 
2.67286 0.184395 
2.77186 0.187353 
2.87085 0.186741 
2.96985 0.181889 
3.06884 0.185766 
3.16784 0.200512 
3.26683 0.193299 
3.36583 0.186854 
3.46482 0.187071 
3.56382 0.190842 
3.66281 0.19053 
3.76181 0.191771 
3.8608 0.190302 
3.9598 0.187574 
4.05879 0.187655 
4.15779 0.181164 
4.25678 0.179195 
4.35578 0.171523 
4.45477 0.167255 
4.55377 0.160467 
4.65276 0.157618 
4.75176 0.161574 
4.85075 0.157945 
4.94975 0.162912 
5.04874 0.164993 
5.14774 0.161772 
5.24673 0.162805 
5.34573 0.166844 
5.44472 0.17285 
5.54372 0.177621 
5.64271 0.180822 
5.74171 0.181025 
5.8407 0.182038 
5.9397 0.187489 
6.03869 0.206107 
6.13769 0.203917 
6.23668 0.195561 
6.33568 0.208848 
6.43467 0.205998 
6.53367 0.223856 
6.63266 0.233784 
6.73166 0.237731 
6.83065 0.248762 
6.92965 0.254248 
7.02864 0.250257 
7.12764 0.253414 
7.22663 0.251823 
7.32563 0.254236 
7.42462 0.258259 
7.52362 0.2733 
7.62261 0.279602 
7.72161 0.276355 
7.8206 0.264359 
7.9196 0.267273 
8.01859 0.300395 
8.11759 0.34027 
8.21658 0.346528 
8.31558 0.329155 
8.41457 0.376068 
8.51357 0.460761 
8.61256 0.420464 
8.71156 0.401852 
8.81055 0.3884 
8.90955 0.392443 
9.00854 0.402464 
9.10754 0.461031 
9.20653 0.499064 
9.30553 0.495429 
9.40452 0.486476 
9.50352 0.522854 
9.60251 0.548685 
9.70151 0.611144 
9.8005 0.671737 
9.89949 0.732091 
9.99849 0.775737 
10.0975 0.807135 
10.1965 0.828821 
10.2955 0.829932 
10.3945 0.817567 
10.4935 0.791809 
10.5925 0.7494 
10.6915 0.694104 
10.7904 0.630609 
10.8894 0.612191 
10.9884 0.736904 
11.0874 0.885265 
11.1864 1.01784 
11.2854 1.12597 
11.3844 1.20108 
11.4834 1.23992 
11.5824 1.25102 
11.6814 1.25867 
11.7804 1.25964 
11.8794 1.22787 
11.9784 1.17383 
12.0774 1.14435 
12.1764 1.43647 
12.2754 2.0054 
12.3744 2.25096 
12.4734 3.17087 
12.5724 3.76502 
12.6714 4.2112 
12.7703 1.60246 
12.8693 2.01675 
12.9683 2.05122 
13.0673 3.09676 
13.1663 2.56296 
13.2653 2.96175 
13.3643 2.19282 
13.4633 2.24744 
13.5623 2.24218 
13.6613 2.89088 
13.7603 3.1184 
13.8593 3.71012 
13.9583 3.09131 
14.0573 2.92169 
14.1563 3.01724 
14.2553 2.81675 
14.3543 3.88086 
14.4533 2.23271 
14.5523 1.92034 
14.6513 1.75824 
14.7502 1.87296 
14.8492 2.23354 
14.9482 2.16049 
15.0472 2.04451 
15.1462 1.79188 
15.2452 2.57674 
15.3442 2.41983 
15.4432 1.83743 
15.5422 1.72464 
15.6412 1.91941 
15.7402 1.79727 
15.8392 1.78255 
15.9382 1.97413 
16.0372 1.70699 
16.1362 1.56106 
16.2352 1.8392 
16.3342 1.77707 
16.4332 1.23838 
16.5322 1.24753 
16.6312 1.26778 
16.7301 1.35944 
16.8291 1.45995 
16.9281 1.58989 
17.0271 1.53904 
17.1261 2.16122 
17.2251 2.06222 
17.3241 1.4244 
17.4231 1.1463 
17.5221 1.4921 
17.6211 2.07535 
17.7201 2.34554 
17.8191 2.3486 
17.9181 1.95663 
18.0171 1.6976 
18.1161 1.81034 
18.2151 1.82386 
18.3141 2.25795 
18.4131 2.35781 
18.5121 2.42179 
18.6111 2.60968 
18.71 2.91958 
18.809 2.84708 
18.908 3.22873 
19.007 3.39261 
19.106 3.09084 
19.205 2.25745 
19.304 2.0687 
19.403 2.3576 
19.502 2.31888 
19.601 2.42089 
19.7 2.03879 
19.799 1.96586 
19.898 2.82959 
19.997 2.00587 
20.096 2.04489 
20.195 2.04324 
20.294 1.97686 
20.393 1.73438 
20.492 1.41991 
20.5909 1.3318 
20.6899 1.42616 
20.7889 1.29788 
20.8879 1.31408 
20.9869 1.37128 
21.0859 1.51171 
21.1849 1.55653 
21.2839 1.55447 
21.3829 1.41408 
21.4819 1.1852 
21.5809 1.23163 
21.6799 1.32107 
21.7789 1.40809 
21.8779 1.87698 
21.9769 1.37864 
22.0759 1.66259 
22.1749 2.2455 
22.2739 2.22629 
22.3729 1.29429 
22.4719 1.09275 
22.5708 1.10824 
22.6698 1.04021 
22.7688 1.02011 
22.8678 1.0122 
22.9668 1.10054 
23.0658 1.02075 
23.1648 1.02434 
23.2638 1.02295 
23.3628 1.01338 
23.4618 0.987575 
23.5608 0.942731 
23.6598 0.883166 
23.7588 0.859857 
23.8578 0.84037 
23.9568 0.80562 
24.0558 0.888018 
24.1548 0.854633 
24.2538 0.854684 
24.3528 0.902067 
24.4518 1.00403 
24.5507 0.960502 
24.6497 0.712074 
24.7487 0.810681 
24.8477 0.756224 
24.9467 0.735057 
25.0457 0.757123 
25.1447 0.787934 
25.2437 0.824598 
25.3427 0.892554 
25.4417 0.857828 
25.5407 0.856126 
25.6397 0.871036 
25.7387 0.82871 
25.8377 0.786665 
25.9367 0.762242 
26.0357 0.726849 
26.1347 0.678567 
26.2337 0.685808 
26.3327 0.693563 
26.4317 0.692115 
26.5306 0.683176 
26.6296 0.669671 
26.7286 0.654228 
26.8276 0.637893 
26.9266 0.620487 
27.0256 0.601611 
27.1246 0.583228 
27.2236 0.586861 
27.3226 0.589626 
27.4216 0.591626 
27.5206 0.58908 
27.6196 0.582789 
27.7186 0.572163 
27.8176 0.558379 
27.9166 0.543035 
28.0156 0.52771 
28.1146 0.577652 
28.2136 0.599834 
28.3126 0.533713 
28.4116 0.488947 
28.5105 0.482439 
28.6095 0.561672 
28.7085 0.565657 
28.8075 0.450535 
28.9065 0.450991 
29.0055 0.465498 
29.1045 0.450975 
29.2035 0.450757 
29.3025 0.450372 
29.4015 0.449651 
29.5005 0.448913 
29.5995 0.447831 
29.6985 0.446225 
29.7975 0.444518 
29.8965 0.44279 
29.9955 0.440614 
30.0945 0.438984 
30.1935 0.43705 
30.2925 0.435623 
30.3914 0.434221 
30.4904 0.432991 
30.5894 0.43206 
30.6884 0.431368 
30.7874 0.430269 
30.8864 0.428703 
30.9854 0.427027 
31.0844 0.424378 
31.1834 0.42072 
31.2824 0.416714 
31.3814 0.411462 
31.4804 0.405372 
31.5794 0.398581 
31.6784 0.396152 
31.7774 0.383664 
31.8764 0.375582 
31.9754 0.366594 
32.0744 0.357504 
32.1734 0.347651 
32.2724 0.337067 
32.3713 0.329083 
32.4703 0.328554 
32.5693 0.327391 
32.6683 0.325477 
32.7673 0.323046 
32.8663 0.319844 
32.9653 0.316213 
33.0643 0.312006 
33.1633 0.307335 
33.2623 0.302354 
33.3613 0.297374 
33.4603 0.314362 
33.5593 0.324776 
33.6583 0.326877 
33.7573 0.306279 
33.8563 0.28845 
33.9553 0.28448 
34.0543 0.292364 
34.1533 0.311686 
34.2523 0.362689 
34.3512 0.309856 
34.4502 0.322069 
34.5492 0.338378 
34.6482 0.357692 
34.7472 0.398149 
34.8462 0.503814 
34.9452 0.467934 
35.0442 0.38894 
35.1432 0.381444 
35.2422 0.391641 
35.3412 0.391051 
35.4402 0.392946 
35.5392 0.383663 
35.6382 0.405644 
35.7372 0.415944 
35.8362 0.392897 
35.9352 0.339755 
36.0342 0.283735 
36.1332 0.275517 
36.2322 0.256728 
36.3311 0.318386 
36.4301 0.319143 
36.5291 0.254868 
36.6281 0.194855 
36.7271 0.232409 
36.8261 0.231871 
36.9251 0.244418 
37.0241 0.212534 
37.1231 0.216572 
37.2221 0.226472 
37.3211 0.242872 
37.4201 0.256986 
37.5191 0.269618 
37.6181 0.28603 
37.7171 0.304363 
37.8161 0.324952 
37.9151 0.345704 
38.0141 0.367154 
38.1131 0.391347 
38.2121 0.421355 
38.311 0.455534 
38.41 0.470142 
38.509 0.504297 
38.608 0.552048 
38.707 0.56502 
38.806 0.550748 
38.905 0.560825 
39.004 0.540113 
39.103 0.519617 
39.202 0.511806 
39.301 0.545595 
39.4 0.58391 
39.499 0.611619 
39.598 0.666607 
39.697 0.702682 
39.796 0.783927 
39.895 0.866024 
39.994 0.931221 
40.093 1.05081 
40.1919 1.26983 
40.2909 1.82302 
40.3899 1.07783 
40.4889 0.772461 
40.5879 0.639395 
40.6869 0.610763 
40.7859 0.550539 
40.8849 0.631745 
40.9839 0.755109 
41.0829 0.752199 
41.1819 0.648469 
41.2809 0.852926 
41.3799 1.16158 
41.4789 1.33676 
41.5779 1.35634 
41.6769 1.51718 
41.7759 1.69542 
41.8749 1.66459 
41.9739 1.88855 
42.0729 1.69252 
42.1718 1.37109 
42.2708 1.31041 
42.3698 1.03871 
42.4688 1.19997 
42.5678 1.22863 
42.6668 1.27966 
42.7658 1.1919 
42.8648 0.955619 
42.9638 0.974895 
43.0628 1.03269 
43.1618 1.11708 
43.2608 1.2238 
43.3598 1.1339 
43.4588 0.936028 
43.5578 0.998324 
43.6568 1.10333 
43.7558 1.07413 
43.8548 0.761167 
43.9538 0.470551 
44.0528 0.524024 
44.1517 0.59754 
44.2507 0.578723 
44.3497 0.549812 
44.4487 0.510498 
44.5477 0.462325 
44.6467 0.44504 
44.7457 0.443238 
44.8447 0.500827 
44.9437 0.460396 
45.0427 0.444913 
45.1417 0.635238 
45.2407 0.827022 
45.3397 0.71118 
45.4387 0.606414 
45.5377 0.644585 
45.6367 0.761233 
45.7357 0.713417 
45.8347 0.670524 
45.9337 0.609652 
46.0327 0.646537 
46.1316 0.721227 
46.2306 0.85991 
46.3296 0.646541 
46.4286 0.566394 
46.5276 0.584579 
46.6266 0.604513 
46.7256 0.624018 
46.8246 0.672296 
46.9236 0.936893 
47.0226 0.850165 
47.1216 0.658235 
47.2206 0.65401 
47.3196 0.642728 
47.4186 0.702195 
47.5176 0.78891 
47.6166 0.829385 
47.7156 0.849286 
47.8146 0.764203 
47.9136 0.66006 
48.0126 0.590691 
48.1115 0.550311 
48.2105 0.705668 
48.3095 0.763641 
48.4085 0.961369 
48.5075 1.04653 
48.6065 1.184 
48.7055 1.19641 
48.8045 1.23693 
48.9035 0.866031 
49.0025 0.9476 
49.1015 0.896876 
49.2005 0.852255 
49.2995 0.795103 
49.3985 0.770212 
49.4975 0.831554 
