-4 -0.00505263
-3.59251 0

-3.5 -0.0032942
-3.41877 0

-3.25 -0.00487725
-3.21094 0

-3.125 -0.00690438
-3.09875 0

-3.38803 0
-3.25 0.00562918

-3.20655 0
-3.125 0.0109109

-3.10041 0
-3.0625 0.0175825

-3.0625 0.00221435
-3.03125 0.0280264

-3.03835 0.03125
-3.03125 0.0501195

-3 0.0300954
-3.00155 0.03125

-3.03125 0.0559636
-3.02636 0.0625

-3.038 0.0625
-3.03125 0.0891099

-3.03747 0.09375
-3.03125 0.109791

-3.03125 0.0857444
-3.02366 0.09375

-3.03125 0.0960953
-3 0.122282

-3.01976 0.125
-3 0.153256

1.54688 -0.125853
1.5412 -0.125

1.54688 -0.125867
1.5625 -0.127781

-3 -0.0973382
-2.96875 -0.0973382

-2.98487 -0.09375
-2.98897 -0.078125

-1 0.0919979
-0.984375 0.0876867

1.5625 -0.127742
1.57812 -0.129203

1.57812 -0.129161
1.59375 -0.130331

1.59375 -0.130303
1.60938 -0.131321

1.60938 -0.131306
1.625 -0.132258

1.5 -0.117275
1.51562 -0.120757

1.51562 -0.120721
1.53125 -0.123536

1.53125 -0.123453
1.54155 -0.125

1.625 -0.132252
1.64062 -0.133181

1.64062 -0.133185
1.65625 -0.134095

1.65625 -0.134103
1.67188 -0.134972

1.67188 -0.134966
1.6875 -0.135791

1.6875 -0.135779
1.70312 -0.136596

1.70312 -0.136602
1.71875 -0.137426

1.71875 -0.137439
1.73438 -0.138232

1.73438 -0.138221
1.75 -0.138978

1.75 -0.138935
1.76562 -0.139761

1.78125 -0.140731
1.77955 -0.140625

1.76562 -0.139764
1.77941 -0.140625

1.78125 -0.140736
1.79688 -0.141863

1.79688 -0.141862
1.8125 -0.14315

1.8125 -0.143166
1.82812 -0.144583

1.82812 -0.144607
1.84375 -0.146073

1.84375 -0.146099
1.85938 -0.147517

1.85938 -0.147531
1.875 -0.148823

-0.984375 0.0877109
-0.96875 0.0842025

-1 0.0938346
-0.999693 0.09375

-0.96875 0.0841774
-0.953125 0.0814752

-0.953125 0.082054
-0.9375 0.0790507

-0.921875 0.0748296
-0.935585 0.078125

-0.9375 0.0791526
-0.933225 0.078125

-0.921875 0.074786
-0.90625 0.0712958

-0.90625 0.0708544
-0.890625 0.0688247

-0.890625 0.0684651
-0.875 0.0694981

-0.875 0.0698964
-0.859375 0.0739148

-0.859375 0.0749945
-0.846654 0.078125

-0.848365 0.078125
-0.84375 0.0792606

-0.84375 0.0792283
-0.828125 0.0799636

-0.8125 0.0777571
-0.816354 0.078125

-0.828125 0.07923
-0.816549 0.078125

-0.8125 0.0775448
-0.796875 0.0756807

-0.796875 0.0757789
-0.78125 0.0737427

-0.78125 0.0738067
-0.765625 0.0712741

-0.765625 0.0710387
-0.75 0.0683526

-0.75 0.0676589
-0.734375 0.0666776

-0.734375 0.0659512
-0.71875 0.0695153

-0.71875 0.069874
-0.703125 0.0778404

-0.708314 0.078125
-0.703125 0.0807704

-0.703125 0.0777288
-0.701962 0.078125

-0.703125 0.0810195
-0.6875 0.0863422

-0.6875 0.0850163
-0.671875 0.0848671

-0.671875 0.084061
-0.65625 0.0826894

-0.65625 0.0827337
-0.640625 0.0816633

-0.640625 0.0817612
-0.625 0.0807075

-0.625 0.0807261
-0.609375 0.0794563

-0.59375 0.0780108
-0.594911 0.078125

-0.609375 0.0794535
-0.595873 0.078125

-0.59375 0.0780021
-0.578125 0.0760306

-0.578125 0.0759005
-0.5625 0.0736031

-0.5625 0.0735472
-0.546875 0.0712959

-0.546875 0.071279
-0.53125 0.0692192

-0.53125 0.0692075
-0.515625 0.0673963

-0.515625 0.0675003
-0.5 0.065753

-0.015625 -0.000470655
-0.0173588 0

-0.015625 -0.00044235
0 -0.00471517

-0.46875 0.0597925
-0.481359 0.0625

0 -0.00459265
0.015625 -0.00925252

0.015625 -0.00926195
0.03125 -0.014535

0.046875 -0.0203462
0.0342919 -0.015625

0.03125 -0.0148056
0.0334339 -0.015625

0.046875 -0.0202464
0.0625 -0.0270008

0.078125 -0.034715
0.0710636 -0.03125

0.078125 -0.0348336
0.09375 -0.043082

0.0625 -0.0272273
0.0706979 -0.03125

0.109375 -0.0513977
0.100315 -0.046875

0.09375 -0.043543
0.100425 -0.046875

0.109375 -0.0519979
0.125 -0.0571177

0.125 -0.0577515
0.140625 -0.057677

0.140625 -0.0570104
0.15625 -0.0518074

0.15625 -0.04993
0.166983 -0.046875

0.163651 -0.046875
0.171875 -0.0445341

0.1875 -0.0470311
0.18589 -0.046875

0.171875 -0.0447483
0.1875 -0.0462636

0.234375 -0.0688247
0.221417 -0.0625

0.234375 -0.0689696
0.25 -0.076721

0.1875 -0.0473192
0.203125 -0.0533583

0.203125 -0.0539209
0.21875 -0.0612632

1.875 -0.148804
1.89062 -0.149979

1.89062 -0.149942
1.90625 -0.151111

1.90625 -0.151092
1.92188 -0.152366

1.92188 -0.152386
1.9375 -0.153762

1.96875 -0.156267
1.96851 -0.15625

1.9375 -0.153814
1.95312 -0.155145

1.95312 -0.155206
1.96851 -0.15625

-2.98461 -0.078125
-2.98438 -0.0751549

-2.98438 -0.0909757
-2.96875 -0.0841605

-2.96875 -0.0696009
-2.96996 -0.0625

-2.98494 -0.0625
-2.98438 -0.0595022

1.96875 -0.156272
1.98438 -0.156928

-0.46875 0.0599289
-0.453125 0.0562653

-2.98438 -0.0368192
-2.98534 -0.03125

-2.98438 -0.0518377
-2.96875 -0.0522325

-2.98438 -0.0385509
-2.96875 -0.042516

-0.453125 0.0563191
-0.4375 0.0523748

1.98438 -0.156916
2 -0.157178

-2.98438 -0.0230389
-2.98657 -0.015625

-2.98569 -0.015625
-2.98919 0

-2.98438 -0.0291392
-2.98118 -0.03125

-2.96875 -0.0296927
-2.9582 -0.015625

-0.5 0.0660454
-0.484375 0.0635691

-0.484375 0.0638375
-0.478146 0.0625

-0.4375 0.0523446
-0.421875 0.0480722

-0.40625 0.0437355
-0.418625 0.046875

-0.421875 0.0480373
-0.417294 0.046875

-2.95748 -0.015625
-2.95312 -0.0101197

-2.95312 -0.00912195
-2.94544 0

-0.40625 0.0437878
-0.390625 0.0407726

-0.390625 0.0407802
-0.375 0.0387633

-0.375 0.0387898
-0.359375 0.0377029

-0.359375 0.0377407
-0.34375 0.0374556

-0.34375 0.0374817
-0.328125 0.0378706

-0.328125 0.0378872
-0.3125 0.0388645

-0.3125 0.0388713
-0.296875 0.0403903

-2.99012 0
-2.99325 0.015625

-0.296875 0.0403926
-0.28125 0.0424352

-0.28125 0.0424517
-0.265625 0.0449804

-2.99342 0.015625
-2.99383 0.03125

-2.99329 0.03125
-2.99172 0.046875

-0.265625 0.0450158
-0.255665 0.046875

-2.99148 0.046875
-2.98959 0.0625

0.21875 -0.0612703
0.221269 -0.0625

-2.94609 0
-2.9375 0.00853862

-2.98925 0.0625
-2.9882 0.078125

-2.98868 0.078125
-2.98819 0.09375

0.265625 -0.084146
0.252592 -0.078125

-0.255622 0.046875
-0.25 0.0479244

0.25 -0.0768645
0.252728 -0.078125

-2.98521 0.09375
-2.99535 0.125

-2.9375 0.00912861
-2.92702 0.015625

-2.92763 0.015625
-2.92188 0.0187771

0.265625 -0.0841334
0.28125 -0.0904302

-0.25 0.0480067
-0.234375 0.0510918

-0.234375 0.0512122
-0.21875 0.0540708

-2.92188 0.0176318
-2.90625 0.0213189

-2.90625 0.0203909
-2.89062 0.0224105

2 -0.157157
2.01562 -0.157092

0.296875 -0.0957904
0.290855 -0.09375

-2.89062 0.0226056
-2.875 0.0244233

0.296875 -0.0957629
0.3125 -0.0999844

-2.99971 0.125
-2.97533 0.15625

-0.21875 0.0542188
-0.203125 0.0563137

-0.203125 0.0564925
-0.1875 0.0571702

-3 0.18075
-2.96875 0.185836

-0.1875 0.0573689
-0.171875 0.0558746

-2.96875 0.165313
-2.96534 0.171875

2.01562 -0.157059
2.03125 -0.156778

-2.96245 0.171875
-2.96123 0.1875

0.28125 -0.0904576
0.290964 -0.09375

0.3125 -0.0999508
0.328125 -0.103174

0.328125 -0.103118
0.34375 -0.105524

0.34375 -0.105431
0.359375 -0.107318

0.359375 -0.1072
0.375 -0.108988

-2.98951 0.1875
-2.96875 0.203023

0.4375 -0.125441
0.436274 -0.125

0.4375 -0.125457
0.453125 -0.13093

0.453125 -0.130992
0.46875 -0.136052

0.46875 -0.136261
0.484375 -0.140367

0.5 -0.143205
0.486462 -0.140625

0.484375 -0.140394
0.485588 -0.140625

0.390625 -0.111073
0.378944 -0.109375

0.375 -0.108861
0.378539 -0.109375

0.390625 -0.110886
0.40625 -0.114386

0.40625 -0.114467
0.421875 -0.119436

0.421875 -0.11976
0.43644 -0.125

-0.171875 0.0559879
-0.15625 0.0516975

-0.140625 0.0443524
-0.146382 0.046875

2.03125 -0.156745
2.04688 -0.156378

2.04688 -0.156337
2.05136 -0.15625

2.05123 -0.15625
2.0625 -0.156032

-0.15625 0.0516005
-0.145466 0.046875

-0.140625 0.0440724
-0.125 0.0362259

0.5 -0.14311
0.515625 -0.145431

0.515625 -0.145453
0.53125 -0.1473

0.53125 -0.147307
0.546875 -0.148623

0.546875 -0.148618
0.5625 -0.149397

2.09375 -0.156398
2.08944 -0.15625

0.5625 -0.149383
0.578125 -0.149663

-0.109375 0.0285858
-0.115011 0.03125

0.578125 -0.149632
0.59375 -0.149502

-0.109375 0.0285773
-0.09375 0.0221751

0.59375 -0.149483
0.609375 -0.149044

-0.125 0.0360791
-0.114785 0.03125

0.609375 -0.149152
0.625 -0.148225

-0.09375 0.0222651
-0.078125 0.0168225

0.625 -0.148687
0.640625 -0.146131

-0.0625 0.0121438
-0.0739988 0.015625

-0.078125 0.0168036
-0.0742318 0.015625

-0.0625 0.0122297
-0.046875 0.0079365

-0.046875 0.00801953
-0.03125 0.00378951

-0.03125 0.00374036
-0.0174716 0

0.640625 -0.14692
0.655612 -0.140625

0.654036 -0.140625
0.65625 -0.139694

0.65625 -0.139206
0.671875 -0.129361

-2.97013 0.21875
-2.96875 0.224809

-2.96186 0.1875
-2.96678 0.21875

-2.95553 0.21875
-2.95428 0.25

-2.9375 0.218627
-2.93735 0.21875

-2.9373 0.21875
-2.93073 0.25

-2.875 0.0242207
-2.85938 0.0258514

0.671875 -0.1275
0.683326 -0.125

-2.85938 0.0259688
-2.84375 0.0275827

0.703125 -0.131669
0.689428 -0.125

2.0625 -0.15597
2.07812 -0.155947

0.71875 -0.144395
0.71325 -0.140625

-2.84375 0.0274193
-2.82812 0.0291085

-2.82812 0.0292825
-2.8125 0.031026

2.07812 -0.15588
2.08894 -0.15625

-2.8125 0.0309687
-2.80977 0.03125

0.703125 -0.133778
0.713093 -0.140625

2.09375 -0.15636
2.10938 -0.157695

2.10938 -0.1577
2.125 -0.159923

0.75 -0.15966
0.739895 -0.15625

0.71875 -0.144851
0.734375 -0.153842

-2.8095 0.03125
-2.79688 0.0325504

-2.79688 0.0326446
-2.78125 0.0341004

2.125 -0.159857
2.14062 -0.163088

-2.78125 0.0340031
-2.76562 0.035322

0.734375 -0.154576
0.739334 -0.15625

2.14062 -0.163115
2.15625 -0.167435

2.17188 -0.172994
2.16815 -0.171875

-2.76562 0.0353463
-2.75 0.0366744

0.671045 -0.125
0.671875 -0.124435

-2.97415 0.25
-2.9375 0.257966

0.671875 -0.12457
0.6875 -0.121377

0.6875 -0.12422
0.689175 -0.125

2.15625 -0.167656
2.1703 -0.171875

2.17188 -0.173017
2.1875 -0.1763

0.75 -0.159738
0.765625 -0.160047

0.765625 -0.160031
0.778989 -0.15625

-2.9375 0.267564
-2.92137 0.25

2.1875 -0.176047
2.20312 -0.177311

2.20312 -0.177183
2.21875 -0.177193

2.21875 -0.1771
2.23438 -0.1763

2.23438 -0.176209
2.25 -0.174968

2.25 -0.174865
2.26562 -0.173571

2.26562 -0.173476
2.28125 -0.172525

2.28125 -0.172456
2.29688 -0.172174

2.29688 -0.172179
2.3125 -0.172693

2.3125 -0.172818
2.32812 -0.173866

2.32812 -0.173971
2.34375 -0.175094

2.34375 -0.175119
2.35938 -0.176057

2.35938 -0.176018
2.375 -0.176799

0.777029 -0.15625
0.78125 -0.155056

0.78125 -0.154725
0.796875 -0.147378

0.796875 -0.146583
0.810338 -0.140625

0.808925 -0.140625
0.8125 -0.139043

-2.75 0.0366074
-2.73438 0.03803

-2.73438 0.0380602
-2.71875 0.039651

2.375 -0.176728
2.39062 -0.177574

-2.71875 0.0396343
-2.70312 0.0413664

-2.70312 0.0414041
-2.6875 0.0432354

2.39062 -0.177519
2.40625 -0.178683

2.40625 -0.1787
2.42188 -0.180259

2.42188 -0.180344
2.4375 -0.182093

0.8125 -0.139344
0.828125 -0.135099

0.828125 -0.135549
0.84375 -0.133496

0.84375 -0.133686
0.859375 -0.132546

-2.6875 0.0432441
-2.67188 0.0450818

-2.67188 0.045132
-2.65625 0.0468584

2.4375 -0.18219
2.45312 -0.183764

-2.65625 0.046861
-2.65611 0.046875

0.859375 -0.132807
0.875 -0.131679

2.45312 -0.18381
2.46875 -0.184926

2.46875 -0.184898
2.48438 -0.18552

2.48438 -0.185437
2.5 -0.185787

0.875 -0.131748
0.890625 -0.129974

0.890625 -0.129643
0.90625 -0.127745

0.90625 -0.126971
0.921875 -0.127158

-2.65602 0.046875
-2.64062 0.0483785

-2.64062 0.048401
-2.625 0.049693

0.921875 -0.126151
0.9375 -0.131984

2.54688 -0.187977
2.54001 -0.1875

2.54688 -0.188003
2.5625 -0.189285

0.984375 -0.191815
0.977627 -0.1875

0.984375 -0.191673
1 -0.194807

0.96875 -0.179917
0.963385 -0.171875

0.966532 -0.171875
0.95866 -0.15625

0.953125 -0.146508
0.947925 -0.140625

-2.625 0.0497918
-2.60938 0.0506076

-2.60938 0.0506857
-2.59375 0.0506715

2.5 -0.185697
2.51562 -0.186125

-2.59375 0.0504916
-2.57812 0.0498507

0.9375 -0.132184
0.948144 -0.140625

2.51562 -0.186089
2.53125 -0.186849

0.953125 -0.145982
0.960427 -0.15625

0.96875 -0.178128
0.978492 -0.1875

-2.57812 0.0496215
-2.5625 0.0491721

-2.5625 0.0491249
-2.54688 0.0494195

-2.54688 0.0494831
-2.53125 0.0504891

2.53125 -0.186885
2.54009 -0.1875

2.5625 -0.189352
2.57812 -0.190639

2.57812 -0.19074
2.59375 -0.191695

2.59375 -0.191786
2.60938 -0.192023

2.60938 -0.192109
2.625 -0.191273

2.625 -0.19139
2.64062 -0.189073

-2.53125 0.0504546
-2.51562 0.0521141

-2.51562 0.0519079
-2.5 0.0547022

2.64062 -0.1891
2.64683 -0.1875

2.64664 -0.1875
2.65625 -0.185023

2.65625 -0.185017
2.67188 -0.179339

2.67188 -0.179029
2.6875 -0.172375

2.6872 -0.171875
2.6875 -0.171749

2.6875 -0.171732
2.70312 -0.16601

2.70312 -0.165628
2.71875 -0.162886

2.71875 -0.162506
2.73438 -0.164271

2.73438 -0.164491
2.75 -0.171085

1 -0.195722
1.01562 -0.188087

2.78125 -0.191502
2.77472 -0.1875

-2.5 0.0544095
-2.48438 0.0593364

2.78125 -0.191787
2.79688 -0.19969

2.8125 -0.204676
2.80746 -0.203125

2.79688 -0.200114
2.80666 -0.203125

2.76562 -0.181292
2.75 -0.171875

2.75 -0.171581
2.75051 -0.171875

-2.48438 0.059674
-2.47803 0.0625

-2.47805 0.0625
-2.46875 0.0666422

2.76562 -0.181777
2.77496 -0.1875

2.8125 -0.204546
2.82812 -0.206171

2.82812 -0.206131
2.84375 -0.205232

2.84375 -0.205073
2.85412 -0.203125

-2.46875 0.0676112
-2.45312 0.0739781

-2.45312 0.073947
-2.4375 0.0778382

-2.4375 0.077333
-2.43248 0.078125

1.01562 -0.187529
1.01566 -0.1875

2.85344 -0.203125
2.85938 -0.202009

2.85938 -0.201988
2.875 -0.197627

1.0625 -0.225895
1.05496 -0.21875

1.05479 -0.21875
1.05866 -0.203125

-2.43258 0.078125
-2.42188 0.0798154

-2.42188 0.0796917
-2.40625 0.0819602

2.875 -0.197749
2.89062 -0.191928

2.89062 -0.1918
2.89968 -0.1875

2.90006 -0.1875
2.90625 -0.184562

1.01291 -0.1875
1.01562 -0.186041

1.01562 -0.185844
1.02926 -0.171875

1.02694 -0.171875
1.03125 -0.167107

1.03125 -0.16757
1.04318 -0.15625

1.04407 -0.15625
1.04688 -0.153933

1.04688 -0.15391
1.0625 -0.141399

1.0625 -0.225224
1.07812 -0.222443

1.07812 -0.222911
1.08119 -0.21875

-2.40625 0.0818127
-2.39062 0.0844154

-2.39062 0.0846161
-2.375 0.0874469

2.90625 -0.185083
2.92188 -0.174918

2.92188 -0.174493
2.92511 -0.171875

2.92535 -0.171875
2.9375 -0.160787

-2.375 0.0875718
-2.35938 0.0899794

-2.35938 0.0900066
-2.34375 0.0916871

-2.34375 0.091619
-2.32812 0.0926542

-2.32812 0.0926431
-2.3125 0.0931912

2.9375 -0.160351
2.94134 -0.15625

2.94168 -0.15625
2.95312 -0.141866

2.95277 -0.140625
2.95312 -0.140135

1.07812 -0.207803
1.07188 -0.203125

-2.3125 0.0931974
-2.29688 0.0932681

-2.29688 0.0932185
-2.28125 0.0928987

2.95312 -0.139902
2.96454 -0.125

1.08132 -0.21875
1.07857 -0.203125

1.0625 -0.141556
1.06368 -0.140625

-2.28125 0.0928032
-2.26562 0.0923832

-2.26562 0.0922878
-2.25 0.0921493

2.96681 -0.125
2.96875 -0.122308

2.96875 -0.122926
2.9847 -0.09375

2.984 -0.09375
2.98438 -0.0912498

2.98411 -0.078125
2.98188 -0.0625

-2.25 0.0921165
-2.23438 0.0925155

2.98666 -0.09375
2.9897 -0.078125

1.06365 -0.140625
1.07812 -0.129139

2.98764 -0.078125
2.98532 -0.0625

-2.23438 0.0925437
-2.21875 0.0934892

-2.21875 0.0935464
-2.21636 0.09375

2.98394 -0.0625
2.98346 -0.046875

2.98397 -0.046875
2.9843 -0.03125

1.07812 -0.128686
1.08313 -0.125

-2.21631 0.09375
-2.20312 0.0948706

-2.20312 0.0949182
-2.1875 0.0964285

2.98413 -0.03125
2.98438 -0.0272115

-2.1875 0.0964688
-2.17188 0.0979864

1.0829 -0.125
1.09375 -0.117126

2.9842 -0.015625
2.98438 -0.0142868

-2.17188 0.0980109
-2.15625 0.099406

1.09375 -0.117344
1.10687 -0.109375

2.98438 -0.017834
2.98454 -0.015625

1.10725 -0.109375
1.10938 -0.108122

-2.15625 0.0994152
-2.14062 0.10062

-2.14062 0.100622
-2.125 0.101616

2.98494 -0.015625
2.98714 0

1.10938 -0.108158
1.125 -0.0996002

1.125 -0.0997792
1.13616 -0.09375

2.98422 0
2.98385 0.015625

1.13592 -0.09375
1.14062 -0.0912061

-2.125 0.10162
-2.10938 0.102392

-2.10938 0.1024
-2.09375 0.102926

2.98408 0.015625
2.98165 0.03125

2.98854 0
2.98917 0.015625

1.14062 -0.0910321
1.15625 -0.0829678

1.15625 -0.0828778
1.16699 -0.078125

2.98913 0.015625
2.98666 0.03125

1.16679 -0.078125
1.17188 -0.0758741

-2.09375 0.102931
-2.07812 0.103184

2.98388 0.03125
2.98276 0.046875

1.17188 -0.0758166
1.1875 -0.0705133

-2.07812 0.103175
-2.0625 0.103165

1.1875 -0.0705463
1.20312 -0.0670237

2.98381 0.046875
2.98393 0.0625

2.98438 0.0414253
2.98545 0.03125

1.20312 -0.0670867
1.21875 -0.0651527

-2.0625 0.103134
-2.04688 0.10294

1.21875 -0.0652355
1.23438 -0.0645987

1.23438 -0.0647301
1.25 -0.0649621

-2.04688 0.102891
-2.03125 0.102676

-2.03125 0.102624
-2.01562 0.102589

2.9847 0.046875
2.98462 0.0625

2.98375 0.0625
2.9837 0.078125

-2.01562 0.102557
-2 0.102867

1.25 -0.0650441
1.26562 -0.0657179

1.26562 -0.0656722
1.28125 -0.0667152

1.28125 -0.0665784
1.29688 -0.0683556

1.29688 -0.0683724
1.3125 -0.0711235

2.98382 0.078125
2.98428 0.09375

2.98412 0.09375
2.98622 0.125

2.9375 0.20004
2.93601 0.203125

2.93669 0.203125
2.92846 0.21875

2.92587 0.21875
2.92386 0.25

1.3125 -0.0713821
1.32812 -0.0745566

1.32812 -0.074649
1.34375 -0.0775448

1.35938 -0.0801231
1.34778 -0.078125

1.34375 -0.0773712
1.34813 -0.078125

2.96875 0.140507
2.96862 0.140625

2.9686 0.140625
2.95687 0.15625

2.95312 0.175638
2.93874 0.1875

2.96813 0.15625
2.96026 0.171875

2.96875 0.175588
2.95877 0.1875

1.35938 -0.080122
1.375 -0.0828397

2.97762 0.125
2.98335 0.15625

3 0.164725
2.98003 0.1875

1.375 -0.0828494
1.39062 -0.0855434

1.39062 -0.0854361
1.40625 -0.0883013

2.9375 0.200527
2.94824 0.1875

2.96875 0.226852
2.94515 0.25

1.4375 -0.09701
1.4269 -0.09375

2.98409 0.1875
2.97146 0.21875

-2 0.102863
-1.98438 0.103592

1.40625 -0.0880779
1.42188 -0.0917759

2.96875 0.234137
2.9734 0.21875

1.42188 -0.091367
1.42962 -0.09375

-1.98438 0.103614
-1.96875 0.104728

-1.96875 0.104766
-1.95312 0.106146

2.85938 0.296829
2.85934 0.296875

2.8593 0.296875
2.85938 0.297585

1.4375 -0.0969277
1.45312 -0.102155

-1.95312 0.106184
-1.9375 0.107674

2.85938 0.295937
2.875 0.29594

2.85938 0.300913
2.875 0.300891

1.45312 -0.102049
1.46875 -0.107392

2.89939 0.265625
2.90625 0.279528

-1.9375 0.107695
-1.92188 0.109179

1.48438 -0.113035
1.47342 -0.109375

2.89777 0.28125
2.90625 0.285177

-1.92188 0.109176
-1.91972 0.109375

1.46875 -0.107255
1.47509 -0.109375

2.91048 0.25
2.9375 0.277391

2.93597 0.28125
2.9375 0.281707

1.48438 -0.112967
1.5 -0.117362

-1.91972 0.109375
-1.90625 0.110617

-1.90625 0.110619
-1.89062 0.112018

-1.89062 0.112055
-1.875 0.113334

2.875 0.312631
2.87519 0.3125

2.9375 0.269303
2.99996 0.25

3 -0.0956934
3.00115 -0.09375

-1.875 0.113381
-1.85938 0.114372

-1.85938 0.114396
-1.84375 0.114958

3 -0.0815711
3.0025 -0.0625

3 -0.00455587
3.00326 0

-1.84375 0.114939
-1.82812 0.115065

-1.82812 0.115013
-1.8125 0.114846

3.0625 -0.00449341
3.04881 0

3.125 -0.00559714
3.09906 0

-1.8125 0.114791
-1.79688 0.114545

-1.79688 0.114513
-1.78125 0.114363

3.25 -0.00417764
3.21944 0

3.5 -0.00334443
3.43024 0

-1.78125 0.11436
-1.76562 0.114375

-1.76562 0.114394
-1.75 0.114542

3.03125 0.0254037
3.00633 0.03125

3.03068 0.03125
3.03125 0.0406035

3.03125 0.0215938
3.05737 0

3.03125 0.0519334
3.03498 0.03125

3.03125 0.122125
3.02993 0.125

3.03327 0.0625
3.03641 0.09375

3.04229 0.09375
3.0352 0.125

3.0625 0.0161906
3.09406 0

3 0.176133
3.02975 0.125

-1.75 0.11457
-1.73438 0.114759

-1.73438 0.114789
-1.71875 0.114906

3 0.191931
3.00187 0.1875

3.125 0.0122251
3.20085 0

-1.71875 0.114934
-1.70312 0.114862

-1.70312 0.114886
-1.6875 0.11452

-1.6875 0.11453
-1.67188 0.113803

-1.67188 0.113775
-1.65625 0.112723

3.25 0.00574429
3.36966 0

4 -0.0061587
3.57836 0

3.5 0.000254749
3.51744 0

-1.65625 0.112623
-1.64062 0.111505

-1.64062 0.111314
-1.625 0.110714

-1.625 0.110496
-1.60938 0.11123

-1.60938 0.111254
-1.59375 0.113712

-1.59375 0.114193
-1.57812 0.117363

-1.57812 0.117706
-1.5625 0.119942

-1.5625 0.119739
-1.54688 0.120762

-1.54688 0.120512
-1.53125 0.121229

-1.53125 0.121212
-1.51562 0.122157

-1.51562 0.122224
-1.5 0.123297

-1.5 0.123332
-1.48438 0.124331

-1.48438 0.124336
-1.47201 0.125

-1.47214 0.125
-1.46875 0.125182

-1.46875 0.12518
-1.45312 0.125838

-1.45312 0.125836
-1.4375 0.126313

-1.4375 0.126302
-1.42188 0.126622

-1.42188 0.126606
-1.40625 0.12682

-1.40625 0.126806
-1.39062 0.126974

-1.39062 0.126968
-1.375 0.127131

-1.26562 0.124888
-1.26744 0.125

-1.26562 0.124871
-1.25 0.123756

-1.375 0.127137
-1.35938 0.127296

-1.35938 0.127316
-1.34375 0.127418

-1.34375 0.127443
-1.32812 0.1274

-1.32812 0.127415
-1.3125 0.127148

-1.3125 0.127149
-1.29688 0.126625

-1.29688 0.126616
-1.28125 0.125852

-1.28125 0.125839
-1.2676 0.125

-1.25 0.123751
-1.23438 0.122508

-1.23438 0.122495
-1.21875 0.121161

-1.21875 0.12113
-1.20312 0.119794

-1.20312 0.119741
-1.1875 0.118572

-1.1875 0.118514
-1.17188 0.117734

-1.17188 0.117713
-1.15625 0.117479

-1.15625 0.117546
-1.14062 0.117768

-1.14062 0.117933
-1.125 0.118149

-1.125 0.118333
-1.10938 0.117844

-1.10938 0.117943
-1.09375 0.116186

-1.09375 0.116253
-1.07812 0.112899

-1.0625 0.107347
-1.06916 0.109375

-1.07812 0.113044
-1.06608 0.109375

-1.0625 0.107356
-1.04688 0.102762

-1.04688 0.102948
-1.03125 0.0993915

-1 0.0916428
-1.00813 0.09375

-1.03125 0.0995928
-1.01562 0.0962975

-1.01562 0.0970903
-1.00274 0.09375

