-4 -0.000511366
-3.92666 0

-3.74285 0
-3.5 0.00169326

-3.43392 0
-3.25 0.0044938

-3.23481 0
-3.125 0.00850988

-3.11955 0
-3.0625 0.0145479

-3.0625 0.00346836
-3.03125 0.0218818

-3.03125 0.0196411
-3.02144 0.03125

-3.02495 0.03125
-3.01097 0.0625

-3.01851 0.0625
-3.00977 0.09375

-3.00589 0.09375
-3 0.111954

-3.00222 0.125
-3 0.129523

1.5 -0.137502
1.51562 -0.138613

1.51562 -0.138605
1.53125 -0.139882

1.54688 -0.141346
1.53905 -0.140625

1.53125 -0.139877
1.53936 -0.140625

1.54688 -0.14134
1.5625 -0.142909

1.5625 -0.142956
1.57812 -0.144544

1.57812 -0.144604
1.59375 -0.145997

1.59375 -0.146021
1.60938 -0.147052

1.60938 -0.147027
1.625 -0.147697

0.203125 -0.000871917
0.196582 0

0.203125 -0.000820374
0.21875 -0.00292867

0.21875 -0.00290781
0.234375 -0.00500489

0.234375 -0.0050342
0.25 -0.00710315

0.25 -0.00704079
0.265625 -0.00914772

0.265625 -0.00895669
0.28125 -0.0116084

0.296875 -0.0158359
0.295909 -0.015625

0.28125 -0.0116861
0.296875 -0.0150962

0.296875 -0.0156623
0.3125 -0.0185964

0.296875 -0.0152311
0.298973 -0.015625

0.3125 -0.0183999
0.328125 -0.0201316

0.328125 -0.0199719
0.34375 -0.0211605

0.34375 -0.0210394
0.359375 -0.0222468

0.359375 -0.022127
0.375 -0.0238347

-3 0.117478
-2.98967 0.125

0.375 -0.0237335
0.390625 -0.0263834

0.390625 -0.0265276
0.40625 -0.0300338

0.421875 -0.0336483
0.409239 -0.03125

-2.95312 0.0841269
-2.9581 0.09375

-2.95312 0.0774766
-2.9375 0.0643635

-2.95312 0.0796036
-2.95219 0.078125

-2.95877 0.09375
-2.96297 0.109375

-2.96295 0.109375
-2.96305 0.125

0.421875 -0.0334395
0.4375 -0.0349841

-2.875 0.0622717
-2.87669 0.0625

-2.9375 0.0670314
-2.92188 0.0649504

-2.92188 0.0666382
-2.90625 0.0669661

-2.90625 0.0675159
-2.89062 0.0657775

0.40625 -0.0303102
0.411202 -0.03125

0.4375 -0.0347653
0.453125 -0.0355551

-2.89062 0.0643825
-2.87672 0.0625

-3 0.135712
-2.98099 0.15625

-2.98207 0.15625
-2.96875 0.173081

-2.96289 0.125
-2.95927 0.140625

-2.95769 0.140625
-2.95432 0.15625

-2.95312 0.148918
-2.95039 0.15625

-2.95312 0.166576
-2.9584 0.171875

-2.96556 0.171875
-2.96232 0.1875

-2.95066 0.15625
-2.94643 0.171875

0.453125 -0.0353884
0.46875 -0.0361944

0.46875 -0.0360676
0.484375 -0.0374766

0.484375 -0.0374282
0.5 -0.0397906

-2.94578 0.171875
-2.9429 0.1875

-2.97415 0.1875
-2.96875 0.196184

-2.96916 0.21875
-2.96875 0.219135

-1 0.181858
-0.984375 0.182409

1.625 -0.147646
1.64062 -0.148109

-2.96875 0.20067
-2.9375 0.196869

1.64062 -0.148068
1.65625 -0.148505

1.65625 -0.14849
1.67188 -0.149015

0 0.0295487
0.015625 0.0263794

0.015625 0.0264407
0.03125 0.0240039

0.03125 0.024007
0.046875 0.022174

0.046875 0.0222435
0.0625 0.0208692

0.0625 0.0210712
0.078125 0.0196126

-0.984375 0.18241
-0.96875 0.182687

0.078125 0.0199339
0.09375 0.0173446

1.67188 -0.149013
1.6875 -0.149662

0.109375 0.0130852
0.0985382 0.015625

-0.96875 0.18268
-0.953125 0.182693

-2.96875 0.219526
-2.94239 0.21875

-0.953125 0.18268
-0.9375 0.182467

-2.9375 0.203158
-2.93747 0.203125

-0.9375 0.182453
-0.921875 0.182069

-2.9375 0.218812
-2.93744 0.21875

-0.921875 0.182053
-0.90625 0.181557

1.6875 -0.149657
1.70312 -0.150442

0.09375 0.017377
0.101225 0.015625

0.109375 0.0130858
0.125 0.00954452

-2.875 0.0617539
-2.86578 0.0625

0.125 0.00950153
0.140625 0.00665988

0.140625 0.00667783
0.15625 0.00458592

0.15625 0.00473245
0.171875 0.00306129

1.70312 -0.150433
1.71875 -0.151383

-0.90625 0.181535
-0.890625 0.181002

-0.890625 0.180984
-0.875 0.180492

1.71875 -0.151392
1.73438 -0.152507

-0.875 0.180495
-0.859375 0.180072

-0.859375 0.180094
-0.84375 0.179688

1.73438 -0.152552
1.75 -0.153722

0.171875 0.00319871
0.1875 0.0013804

0.1875 0.00135791
0.197691 0

-2.86661 0.0625
-2.85938 0.063088

-2.85938 0.0644949
-2.84375 0.0672132

-2.84375 0.0672102
-2.82812 0.0684946

-0.84375 0.179742
-0.828125 0.179201

-2.82812 0.0679021
-2.8125 0.0689433

1.75 -0.153783
1.76562 -0.154793

-0.828125 0.179327
-0.8125 0.17829

-0.8125 0.178406
-0.796875 0.176387

1.76562 -0.154826
1.78125 -0.155487

1.78125 -0.155469
1.79688 -0.155752

-0.796875 0.176585
-0.78125 0.172958

-0.765625 0.167686
-0.779549 0.171875

-0.78125 0.173
-0.77751 0.171875

-0.765625 0.167447
-0.75 0.163292

-0.75 0.163351
-0.734375 0.160318

-0.734375 0.160497
-0.71875 0.15811

-0.703125 0.155754
-0.706187 0.15625

-0.703125 0.155713
-0.6875 0.152768

-0.71875 0.158337
-0.705866 0.15625

-0.6875 0.15267
-0.671875 0.149674

-0.671875 0.149639
-0.65625 0.146862

-0.65625 0.146905
-0.640625 0.144331

-0.640625 0.144467
-0.625 0.141739

-0.515625 0.122174
-0.530409 0.125

-0.515625 0.122168
-0.5 0.119507

-0.609375 0.13855
-0.619923 0.140625

-0.625 0.141829
-0.61888 0.140625

-0.609375 0.13847
-0.59375 0.135444

-0.59375 0.135437
-0.578125 0.132778

-0.578125 0.132852
-0.5625 0.130425

-0.5625 0.13046
-0.546875 0.128046

-0.546875 0.128201
-0.53125 0.125423

-0.53125 0.125457
-0.528859 0.125

1.79688 -0.155703
1.8125 -0.15574

1.8125 -0.155692
1.82812 -0.155675

1.82812 -0.155649
1.84375 -0.155728

0.5 -0.0399054
0.515625 -0.0430886

0.515625 -0.0434173
0.53125 -0.0465346

0.546875 -0.0487159
0.532131 -0.046875

0.53125 -0.046658
0.532988 -0.046875

0.546875 -0.0484543
0.5625 -0.0493009

0.5625 -0.0490808
0.578125 -0.0497685

0.578125 -0.049627
0.59375 -0.050879

-0.5 0.119619
-0.484375 0.117133

-2.8125 0.0692211
-2.79688 0.0706484

1.875 -0.156378
1.87019 -0.15625

1.84375 -0.155722
1.85938 -0.155961

1.85938 -0.155956
1.87041 -0.15625

-0.484375 0.11717
-0.46875 0.114563

-0.46875 0.114618
-0.453125 0.111708

1.875 -0.156362
1.89062 -0.156986

-0.4375 0.108045
-0.443656 0.109375

-2.79688 0.070852
-2.78125 0.0717025

1.89062 -0.15698
1.90625 -0.157847

-2.78125 0.0715966
-2.76562 0.0716748

1.90625 -0.157872
1.92188 -0.158944

0.59375 -0.0508547
0.609375 -0.0530025

1.92188 -0.159003
1.9375 -0.160113

-2.76562 0.0714537
-2.75 0.0714136

1.9375 -0.160168
1.95312 -0.161088

0.609375 -0.0531268
0.625 -0.0559703

-0.453125 0.111884
-0.441508 0.109375

-2.9375 0.252108
-2.93539 0.25

-0.4375 0.108066
-0.421875 0.10476

-0.421875 0.104893
-0.40625 0.101975

-2.75 0.0714032
-2.73438 0.0717075

-2.73438 0.0717701
-2.71875 0.0723145

-0.40625 0.101997
-0.390625 0.0991537

-0.390625 0.0992028
-0.375 0.0962908

0.6875 -0.0630869
0.676147 -0.0625

-0.359375 0.0926865
-0.364422 0.09375

-0.359375 0.0927508
-0.34375 0.0895726

-2.71875 0.0723173
-2.70312 0.0729713

1.95312 -0.161102
1.96875 -0.161693

0.625 -0.0561848
0.640625 -0.0590465

1.96875 -0.161663
1.98438 -0.161956

-0.375 0.0965296
-0.361809 0.09375

1.98438 -0.161911
2 -0.162054

0.640625 -0.0592014
0.65625 -0.0613426

-2.70312 0.0729921
-2.6875 0.0737085

0.65625 -0.0612931
0.671835 -0.0625

-2.6875 0.0736841
-2.67188 0.0744701

-2.67188 0.074498
-2.65625 0.0753468

-2.65625 0.0753496
-2.64062 0.0762001

-2.64062 0.0762243
-2.625 0.0770224

0.671875 -0.0623146
0.675461 -0.0625

-2.625 0.0770324
-2.60938 0.0777098

-2.60938 0.0777131
-2.59723 0.078125

-0.34375 0.0897111
-0.328125 0.0870789

0.6875 -0.0629409
0.703125 -0.0640864

-2.59724 0.078125
-2.59375 0.0782433

-0.328125 0.0871398
-0.3125 0.0846548

-2.59375 0.0782235
-2.57812 0.0786391

0.703125 -0.0640579
0.71875 -0.0659079

0.71875 -0.066013
0.734375 -0.068414

-0.3125 0.0845545
-0.296875 0.0822953

-0.296875 0.0824722
-0.28125 0.0802858

-2.57812 0.0786065
-2.5625 0.0790121

-2.5625 0.0790001
-2.54688 0.0794847

0.734375 -0.0685702
0.75 -0.0709994

-2.54688 0.0794974
-2.53125 0.0800599

-0.265625 0.0769903
-0.271793 0.078125

-0.28125 0.0806974
-0.267267 0.078125

-0.265625 0.0772101
-0.25 0.0740502

-2.53125 0.0800818
-2.51562 0.0806531

-2.51562 0.0806556
-2.5 0.0811869

-0.1875 0.061638
-0.191703 0.0625

-0.25 0.0742174
-0.234375 0.0712472

-0.234375 0.0712018
-0.21875 0.0681778

-0.21875 0.068177
-0.203125 0.0651914

-0.203125 0.0654245
-0.188865 0.0625

-0.1875 0.0618051
-0.171875 0.0587452

0.75 -0.0710939
0.765625 -0.0730501

0.765625 -0.0730348
0.78125 -0.0743597

-0.171875 0.058908
-0.15625 0.0562895

-0.15625 0.0562795
-0.140625 0.0537968

-2.5 0.0811764
-2.48438 0.0816839

-2.48438 0.0816796
-2.46875 0.0821927

-2.46875 0.0822048
-2.45312 0.082708

-2.45312 0.0827222
-2.4375 0.0831627

-0.140625 0.0537434
-0.125 0.0515233

0.78125 -0.0742609
0.796875 -0.0751827

-0.125 0.051633
-0.109375 0.0495632

0.796875 -0.0750591
0.8125 -0.0760226

-2.4375 0.0831625
-2.42188 0.0835125

0.8125 -0.0759431
0.828125 -0.0773544

2 -0.162017
2.01562 -0.162174

-0.09375 0.0468184
-0.0941081 0.046875

0.84375 -0.0793449
0.833779 -0.078125

-0.109375 0.0497292
-0.09375 0.0472594

2.01562 -0.162151
2.03125 -0.162438

-0.078125 0.0442678
-0.093005 0.046875

0.828125 -0.0773661
0.834328 -0.078125

-0.09375 0.0472444
-0.0916419 0.046875

-0.078125 0.0443781
-0.0625 0.0416584

-2.42188 0.0834953
-2.40625 0.0837896

-0.0625 0.041618
-0.046875 0.0388202

0.84375 -0.0793969
0.859375 -0.0815467

2.03125 -0.162422
2.04688 -0.162918

0.859375 -0.0816447
0.875 -0.0836816

-0.046875 0.0387523
-0.03125 0.0360927

0.875 -0.0837367
0.890625 -0.0853544

0 0.0294099
-0.00829091 0.03125

2.04688 -0.162908
2.0625 -0.163668

0.890625 -0.0853278
0.90625 -0.0864694

2.0625 -0.163676
2.07812 -0.164704

0.90625 -0.0863865
0.921875 -0.087271

-0.03125 0.0363652
-0.015625 0.0334345

0.921875 -0.087182
0.9375 -0.0881532

-2.40625 0.0837696
-2.39062 0.0840824

2.07812 -0.164747
2.09375 -0.165938

-2.39062 0.0840733
-2.375 0.0844625

-0.015625 0.0336045
-0.00501676 0.03125

-2.375 0.0844661
-2.35938 0.0849428

-2.35938 0.0849507
-2.34375 0.0854919

2.09375 -0.166006
2.10938 -0.167136

2.10938 -0.167188
2.125 -0.168019

-2.34375 0.0854963
-2.32812 0.0860774

-2.32812 0.0860782
-2.3125 0.0866889

0.9375 -0.088099
0.953125 -0.0894432

0.953125 -0.0894526
0.96875 -0.0912592

2.125 -0.168024
2.14062 -0.16844

2.14062 -0.168403
2.15625 -0.168471

-2.3125 0.0866921
-2.29688 0.0873242

-2.29688 0.0873349
-2.28125 0.0879605

1 -0.095461
0.986108 -0.09375

0.96875 -0.0913504
0.984375 -0.0934184

0.984375 -0.0934826
0.986546 -0.09375

-2.28125 0.0879772
-2.26562 0.0885416

-2.26562 0.0885555
-2.25 0.0889975

2.15625 -0.168421
2.17188 -0.168313

2.17188 -0.168278
2.1875 -0.168165

2.1875 -0.168153
2.20312 -0.168129

2.20312 -0.168134
2.21875 -0.168212

2.21875 -0.168221
2.23438 -0.168374

-2.25 0.0890004
-2.23438 0.0892863

-2.23438 0.0892747
-2.21875 0.0894217

-2.21875 0.0894008
-2.20312 0.0894738

-2.20312 0.0894524
-2.1875 0.0895357

-2.1875 0.0895209
-2.17188 0.0896869

2.23438 -0.16838
2.25 -0.168577

-2.17188 0.089682
-2.15625 0.0899701

-2.15625 0.0899742
-2.14062 0.0903862

-2.14062 0.0903969
-2.125 0.0909032

2.25 -0.168584
2.26562 -0.1688

2.26562 -0.168815
2.28125 -0.169009

-2.125 0.0909171
-2.10938 0.0914685

-2.10938 0.0914816
-2.09375 0.0920242

-2.09375 0.0920328
-2.07812 0.0925232

-2.07812 0.0925256
-2.0625 0.092942

-2.0625 0.0929371
-2.04688 0.0932843

2.28125 -0.169031
2.29688 -0.169128

2.29688 -0.169146
2.3125 -0.169067

-2.04688 0.0932755
-2.03125 0.093581

2.3125 -0.169069
2.32812 -0.168775

1 -0.0954582
1.01562 -0.097008

2.32812 -0.168759
2.34375 -0.16828

-2.03125 0.0935709
-2.02194 0.09375

2.34375 -0.168254
2.35938 -0.167675

1.01562 -0.0970027
1.03125 -0.0981808

2.35938 -0.167648
2.375 -0.167076

-2.02201 0.09375
-2.01562 0.0938727

-2.01562 0.0938649
-2 0.0941935

1.03125 -0.0981374
1.04688 -0.0990411

1.04688 -0.0989669
1.0625 -0.0998317

2.375 -0.167055
2.39062 -0.166583

2.39062 -0.166573
2.40625 -0.166263

1.0625 -0.0997653
1.07812 -0.100873

1.07812 -0.100857
1.09375 -0.102371

1.09375 -0.10242
1.10938 -0.104276

1.10938 -0.104356
1.125 -0.106298

2.40625 -0.166258
2.42188 -0.166143

1.125 -0.106357
1.14062 -0.108108

1.15625 -0.109506
1.15479 -0.109375

1.14062 -0.108132
1.15451 -0.109375

1.15625 -0.109495
1.17188 -0.110564

1.17188 -0.110519
1.1875 -0.111415

2.42188 -0.166153
2.4375 -0.166221

2.4375 -0.166239
2.45312 -0.166434

1.1875 -0.111365
1.20312 -0.112279

1.20312 -0.112228
1.21875 -0.113363

1.21875 -0.113347
1.23438 -0.114836

1.23438 -0.114881
1.25 -0.116665

2.45312 -0.166478
2.46875 -0.166679

2.46875 -0.166711
2.48438 -0.166765

2.48438 -0.166835
2.5 -0.16654

1.35938 -0.125832
1.34788 -0.125

1.35938 -0.125796
1.375 -0.127127

1.25 -0.116742
1.26562 -0.118576

1.26562 -0.118625
1.28125 -0.120257

1.28125 -0.120252
1.29688 -0.121595

1.29688 -0.121563
1.3125 -0.122692

-2 0.0941903
-1.98438 0.0945673

-1.98438 0.094568
-1.96875 0.0949982

2.5 -0.166562
2.51562 -0.165733

2.51562 -0.165695
2.53125 -0.164362

1.3125 -0.122663
1.32812 -0.1237

1.32812 -0.12368
1.34375 -0.124722

-1.96875 0.0950016
-1.95312 0.095477

-1.95312 0.0954813
-1.9375 0.0959869

2.53125 -0.164214
2.54688 -0.162747

2.54688 -0.162497
2.5625 -0.161695

1.34375 -0.124698
1.34793 -0.125

1.375 -0.127128
1.39062 -0.128729

1.39062 -0.128778
1.40625 -0.130547

2.5625 -0.161995
2.57812 -0.161758

2.57812 -0.160532
2.59375 -0.162712

-1.9375 0.0959907
-1.92188 0.0965104

-1.92188 0.0965127
-1.90625 0.0970343

1.40625 -0.130617
1.42188 -0.132317

1.42188 -0.132355
1.4375 -0.133774

2.59375 -0.163829
2.60938 -0.168641

2.625 -0.172564
2.62118 -0.171875

-1.90625 0.0970345
-1.89062 0.0975529

-1.89062 0.0975512
-1.875 0.0980695

1.4375 -0.133756
1.45312 -0.134853

1.45312 -0.134806
1.46875 -0.13571

-1.875 0.0980662
-1.85938 0.0985948

1.46875 -0.135671
1.48438 -0.136553

2.60938 -0.16987
2.62048 -0.171875

-1.85938 0.0985906
-1.84375 0.0991446

-1.84375 0.0991407
-1.82812 0.0997364

1.48438 -0.136536
1.5 -0.137509

-1.82812 0.0997338
-1.8125 0.100384

-1.8125 0.100383
-1.79688 0.101096

-1.79688 0.101097
-1.78125 0.101871

-1.78125 0.101873
-1.76562 0.102703

2.625 -0.172087
2.63347 -0.171875

2.63241 -0.171875
2.64062 -0.17167

-1.76562 0.102705
-1.75 0.103584

2.64062 -0.171274
2.65625 -0.169658

2.65625 -0.169538
2.67188 -0.167758

2.67188 -0.167758
2.6875 -0.166054

-1.75 0.103585
-1.73438 0.104509

2.6875 -0.16603
2.70312 -0.164449

2.70312 -0.164504
2.71875 -0.162986

-1.73438 0.104508
-1.71875 0.10548

-1.71875 0.105477
-1.70312 0.106504

-1.70312 0.106501
-1.6875 0.107594

-1.6875 0.107593
-1.67188 0.10876

2.71875 -0.162976
2.73438 -0.161433

2.73438 -0.161578
2.75 -0.15974

-1.67188 0.108762
-1.6641 0.109375

-1.66421 0.109375
-1.65625 0.110002

-1.65625 0.109996
-1.64062 0.111285

-1.64062 0.111287
-1.625 0.112634

2.75 -0.15966
2.76562 -0.1574

2.76562 -0.157571
2.77321 -0.15625

-1.625 0.112638
-1.60938 0.114033

-1.60938 0.114035
-1.59375 0.115465

-1.59375 0.115466
-1.57812 0.116924

-1.57812 0.116924
-1.5625 0.118411

-1.5625 0.118409
-1.54688 0.119929

-1.54688 0.119927
-1.53125 0.121486

-1.53125 0.121486
-1.51562 0.123086

-1.51562 0.123092
-1.5 0.124724

2.77245 -0.15625
2.78125 -0.154718

2.78125 -0.154244
2.79688 -0.151936

2.79688 -0.152168
2.8125 -0.150879

2.8125 -0.150637
2.82812 -0.150385

2.82812 -0.150943
2.84375 -0.151098

2.84375 -0.150555
2.85938 -0.151087

2.85938 -0.152157
2.875 -0.152015

2.875 -0.150802
2.89062 -0.150272

2.89062 -0.150741
2.90625 -0.151313

2.9375 -0.163504
2.92708 -0.15625

2.90625 -0.14986
2.92188 -0.153501

2.92188 -0.153797
2.92643 -0.15625

2.9375 -0.177296
2.95312 -0.176309

2.93903 -0.171875
2.95312 -0.165584

-1.5 0.124724
-1.49737 0.125

-1.49744 0.125
-1.48438 0.126369

-1.48438 0.126355
-1.46875 0.12801

-1.46875 0.12801
-1.45312 0.129706

-1.45312 0.129707
-1.4375 0.131445

2.95312 -0.17676
2.95589 -0.171875

2.95312 -0.157146
2.9535 -0.15625

2.94856 -0.15625
2.95312 -0.152693

2.95312 -0.153921
2.96087 -0.140625

-1.4375 0.131445
-1.42188 0.133223

-1.42188 0.133223
-1.40625 0.135039

-1.40625 0.135039
-1.39062 0.136897

-1.39062 0.136896
-1.375 0.138796

2.96617 -0.140625
2.96875 -0.137184

2.96875 -0.126422
2.96958 -0.125

-1.375 0.138809
-1.36014 0.140625

2.97562 -0.125
2.99036 -0.09375

2.99087 -0.09375
2.9932 -0.078125

2.99148 -0.078125
2.99122 -0.0625

-1.3605 0.140625
-1.35938 0.140762

-1.35938 0.14072
-1.34375 0.142609

-1.34375 0.142592
-1.32812 0.144498

-1.32812 0.144498
-1.3125 0.146454

-1.3125 0.146456
-1.29688 0.148461

-1.29688 0.148462
-1.28125 0.150511

-1.28125 0.150513
-1.26562 0.152601

-1.26562 0.152605
-1.25 0.154723

2.99034 -0.0625
2.99271 -0.046875

2.99357 -0.046875
2.99861 -0.03125

-1.25 0.154745
-1.23865 0.15625

-1.23898 0.15625
-1.23438 0.156861

-1.23438 0.156811
-1.21875 0.158805

-1.21875 0.158791
-1.20312 0.160771

-1.20312 0.160773
-1.1875 0.162764

-1.1875 0.162766
-1.17188 0.164761

-1.17188 0.164762
-1.15625 0.166756

-1.15625 0.166759
-1.14062 0.168741

-1.14062 0.168749
-1.125 0.170696

-1.125 0.170717
-1.11509 0.171875

3 -0.0221545
3.02608 0

3.03125 -0.00466172
3.0625 -0.00175971

3.0625 -0.00393273
3.125 -0.00196349

-1.11539 0.171875
-1.10938 0.172577

-1.10938 0.172532
-1.09375 0.174214

-1.09375 0.174207
-1.07812 0.175807

-1.07812 0.175816
-1.0625 0.177333

3.125 -0.00267719
3.25 -0.0011248

3.25 -0.00171419
3.5 -0.000789697

3.5 -0.00151725
4 -0.00102996

-1.0625 0.177342
-1.04688 0.178738

-1.04688 0.178748
-1.03125 0.179985

-1.03125 0.179993
-1.01562 0.181033

-1.01562 0.181041
-1 0.181851

