-4 -0.00551048
-3.62489 0

-3.52398 0
-3.5 0.000352298

-3.5 -0.00268912
-3.44371 0

-3.25 -0.00342732
-3.22629 0

-3.125 -0.0042214
-3.11009 0

-3 -0.0689932
-3.00337 -0.0625

-3.0625 -0.000803517
-3.06062 0

-3.00316 -0.0625
-3 -0.0541144

-3.03125 -0.00128875
-3.02871 0

-3.39899 0
-3.25 0.00711854

-3.21621 0
-3.125 0.0138713

-3.10525 0
-3.0625 0.0220769

-3.0625 0.00847505
-3.03435 0.03125

-3.0459 0.03125
-3.03125 0.0621752

-3.03125 0.0248039
-3.02585 0.03125

-3.03125 0.053724
-3.02917 0.0625

-3.04054 0.0625
-3.03236 0.09375

-3.03821 0.09375
-3.03125 0.108989

-3.03125 0.0860749
-3.02832 0.09375

-3.03125 0.0957567
-3.00753 0.125

-3.01717 0.125
-3 0.152458

1.5 -0.109405
1.50101 -0.109375

-1 -0.00699348
-0.984375 -0.0103845

-0.984375 -0.0105686
-0.96875 -0.0138919

-0.953125 -0.0165045
-0.958503 -0.015625

-0.96875 -0.0141238
-0.959571 -0.015625

1.50002 -0.109375
1.51562 -0.108915

0.140625 -0.00125085
0.132944 0

0.140625 -0.00113971
0.15625 -0.00458531

1.51562 -0.108941
1.53125 -0.108814

1.53125 -0.108892
1.54688 -0.108895

1.54688 -0.108944
1.5625 -0.108823

1.5625 -0.108808
1.57812 -0.108498

1.57812 -0.108437
1.59375 -0.108091

1.59375 -0.108092
1.60938 -0.107833

1.60938 -0.107941
1.625 -0.107551

0.15625 -0.0045276
0.171875 -0.00923778

1.70312 -0.125077
1.70292 -0.125

1.71875 -0.128747
1.70318 -0.125

1.71875 -0.12844
1.73438 -0.13076

1.73438 -0.130623
1.75 -0.132393

1.625 -0.107436
1.64062 -0.106928

1.64062 -0.106332
1.65625 -0.107129

1.67188 -0.110916
1.66598 -0.109375

1.65625 -0.106678
1.66656 -0.109375

1.67188 -0.111578
1.6875 -0.118229

1.6875 -0.119088
1.70294 -0.125

1.75 -0.132346
1.76562 -0.133936

1.76562 -0.133899
1.78125 -0.135477

1.78125 -0.135449
1.79688 -0.137145

1.79688 -0.137155
1.8125 -0.139005

1.82812 -0.140915
1.82569 -0.140625

1.8125 -0.139069
1.82558 -0.140625

-0.953125 -0.0165096
-0.9375 -0.0181724

-0.9375 -0.0181478
-0.921875 -0.0191742

-0.921875 -0.0191507
-0.90625 -0.0196368

-0.90625 -0.0196155
-0.890625 -0.0196511

-0.890625 -0.0196279
-0.875 -0.0193023

1.82812 -0.141063
1.84375 -0.142536

-0.875 -0.0192681
-0.859375 -0.0186959

1.84375 -0.142673
1.85938 -0.143212

1.85938 -0.143155
1.875 -0.142601

0.171875 -0.00935133
0.1875 -0.0152144

1.875 -0.142317
1.89062 -0.141351

0.203125 -0.0218449
0.188076 -0.015625

-0.859375 -0.0186582
-0.84375 -0.017983

-0.84375 -0.0179432
-0.828125 -0.0173201

-0.828125 -0.0172749
-0.8125 -0.0168742

-0.8125 -0.0168596
-0.796875 -0.0168009

-0.796875 -0.0168307
-0.78125 -0.0170837

-0.78125 -0.0171351
-0.765625 -0.0175371

-0.765625 -0.0175766
-0.75 -0.0179455

0.1875 -0.0152393
0.188433 -0.015625

0.203125 -0.0219542
0.21875 -0.0284431

0.234375 -0.0346477
0.225843 -0.03125

0.234375 -0.0345782
0.25 -0.0407075

0.21875 -0.0285376
0.225561 -0.03125

0.3125 -0.0637382
0.308223 -0.0625

0.265625 -0.0471765
0.264882 -0.046875

0.25 -0.0406706
0.265297 -0.046875

0.265625 -0.0472573
0.28125 -0.0533789

0.28125 -0.0533778
0.296875 -0.0587992

0.296875 -0.0588057
0.309635 -0.0625

0.3125 -0.0638878
0.328125 -0.0663845

0.328125 -0.0665434
0.34375 -0.0657653

0.34375 -0.0656624
0.355899 -0.0625

0.35514 -0.0625
0.359375 -0.0613976

0.359375 -0.0607103
0.375 -0.0553292

0.375 -0.0547205
0.390625 -0.0509153

0.390625 -0.0510118
0.40625 -0.049807

0.40625 -0.0501545
0.421875 -0.0506621

0.421875 -0.0509002
0.4375 -0.0519487

0.4375 -0.0520949
0.453125 -0.052916

0.453125 -0.0527704
0.46875 -0.0533629

0.46875 -0.0532823
0.484375 -0.0540985

0.484375 -0.0545788
0.5 -0.0548192

0 0.0125011
0.015625 0.0111506

0.015625 0.0111891
0.03125 0.00997011

0.03125 0.0100073
0.046875 0.00876838

0.046875 0.00877177
0.0625 0.00743192

0.0625 0.00742084
0.078125 0.00599541

0.078125 0.00597413
0.09375 0.00452784

0.09375 0.00457167
0.109375 0.00305945

0.109375 0.0031783
0.125 0.00127478

0.125 0.00126803
0.132787 0

0.53125 -0.0629401
0.530202 -0.0625

0.53125 -0.0625084
0.546875 -0.0713721

0.546875 -0.0710505
0.5625 -0.0752538

0.5 -0.0539899
0.515625 -0.0543528

0.515625 -0.0523967
0.53125 -0.0584235

0.53125 -0.0589061
0.53747 -0.0625

0.5625 -0.0743934
0.578125 -0.0748696

0.578125 -0.0744848
0.59375 -0.073724

0.59375 -0.0736081
0.609375 -0.0726115

-3 -0.0818858
-2.98983 -0.078125

-3 -0.0728841
-2.99644 -0.078125

-3 -0.0609642
-2.99927 -0.0625

-0.75 -0.0179537
-0.734375 -0.018194

-0.734375 -0.0181728
-0.71875 -0.0183104

0.609375 -0.0725827
0.625 -0.0716398

1.89062 -0.141172
1.90625 -0.140722

-0.71875 -0.0182741
-0.703125 -0.0184243

-0.703125 -0.0183855
-0.6875 -0.0186986

0.625 -0.0716454
0.640625 -0.0708027

-0.6875 -0.0186641
-0.671875 -0.0192868

-3 -0.0355477
-2.99724 -0.03125

-0.671875 -0.0192655
-0.65625 -0.0203091

0.640625 -0.0707926
0.65625 -0.0700589

-0.65625 -0.0203205
-0.640625 -0.0218046

-0.640625 -0.021856
-0.625 -0.0236549

-0.625 -0.0237325
-0.609375 -0.025588

-0.609375 -0.0256425
-0.59375 -0.0272907

1.90625 -0.140671
1.92188 -0.141198

-0.59375 -0.0272861
-0.578125 -0.0286272

-0.578125 -0.0285893
-0.5625 -0.0297083

1.92188 -0.141125
1.9375 -0.142876

1.9375 -0.143042
1.95312 -0.145833

1.95312 -0.146002
1.96875 -0.149163

-0.53125 -0.0317876
-0.538674 -0.03125

1.96875 -0.149412
1.98438 -0.152106

1.98438 -0.152478
2 -0.153461

-2.98438 -0.0175686
-2.99538 -0.015625

0.65625 -0.070013
0.671875 -0.0695

-0.5625 -0.0296722
-0.546875 -0.0307173

-0.546875 -0.0306901
-0.539142 -0.03125

0.671875 -0.0694406
0.6875 -0.0693592

0.6875 -0.0692971
0.703125 -0.0698903

0.703125 -0.0698215
0.71875 -0.0713511

0.71875 -0.071331
0.734375 -0.073975

-0.53125 -0.0318247
-0.515625 -0.03309

-0.515625 -0.033173
-0.5 -0.0343662

-3 -0.000527582
-2.98438 -0.000875403

-2.98438 -0.0193018
-2.98389 -0.015625

0.75 -0.0781793
0.749748 -0.078125

0.734375 -0.0741874
0.75 -0.0775601

0.890625 -0.318087
0.888691 -0.3125

-0.5 -0.034446
-0.484375 -0.0352414

-0.484375 -0.0353154
-0.46875 -0.0354058

-0.46875 -0.0354475
-0.453125 -0.0346015

-0.453125 -0.0348968
-0.4375 -0.0324407

-0.4375 -0.0327717
-0.432614 -0.03125

-0.433624 -0.03125
-0.421875 -0.0275912

-0.421875 -0.0278712
-0.40625 -0.0200022

-0.40625 -0.0202329
-0.398992 -0.015625

-0.401312 -0.015625
-0.390625 -0.00883868

-0.390625 -0.00845911
-0.375485 0

-3 0.0136327
-2.98438 0.0136327

-3 0.0287409
-2.98438 0.0286632

-3 0.0411552
-2.98438 0.0407237

-3 0.0508058
-2.98438 0.0508999

-2.98438 0.0428966
-2.98407 0.046875

-0.375561 0
-0.375 0.000294241

-0.375 0.000208078
-0.359375 0.00596358

-0.359375 0.00558302
-0.34375 0.00925302

-0.34375 0.00902833
-0.328125 0.0118233

-0.328125 0.0116837
-0.3125 0.0143323

2 -0.153171
2.01562 -0.152278

2.01562 -0.150967
2.03125 -0.151398

2.04688 -0.156275
2.04678 -0.15625

2.04688 -0.156577
2.0625 -0.161841

2.03125 -0.151579
2.04688 -0.155593

2.0625 -0.161858
2.07812 -0.16637

2.07812 -0.166661
2.09375 -0.169806

2.09375 -0.169844
2.10938 -0.170964

2.10938 -0.17056
2.125 -0.170386

-2.98438 0.0470588
-2.98434 0.046875

-3 0.0651132
-2.98438 0.0651508

-2.98438 0.0897936
-2.98733 0.09375

-2.98438 0.0626286
-2.98433 0.0625

-0.3125 0.01426
-0.305112 0.015625

-0.305312 0.015625
-0.296875 0.0171838

2.125 -0.170341
2.14062 -0.169771

2.14062 -0.169738
2.15625 -0.168928

2.15625 -0.168828
2.17188 -0.168043

2.17188 -0.167888
2.1875 -0.167639

2.1875 -0.167682
2.20312 -0.168191

2.20312 -0.168469
2.21875 -0.169095

-0.296875 0.01724
-0.28125 0.0203237

0.90625 -0.328389
0.904907 -0.328125

-0.28125 0.0204856
-0.265625 0.0232953

2.21875 -0.169237
2.23438 -0.169138

-2.98437 0.078125
-2.98434 0.09375

2.23438 -0.169103
2.25 -0.168065

-0.265625 0.0234207
-0.25 0.025382

2.25 -0.168203
2.26562 -0.166021

2.26562 -0.166035
2.28125 -0.162404

-0.25 0.0253565
-0.234375 0.0262693

2.28125 -0.162193
2.29688 -0.157507

-0.234375 0.0261495
-0.21875 0.0263047

-3 0.101042
-2.97149 0.125

-0.21875 0.0261947
-0.203125 0.026052

0.890625 -0.319608
0.9042 -0.328125

0.90625 -0.329102
0.908237 -0.328125

0.907717 -0.328125
0.91716 -0.3125

0.888324 -0.3125
0.890625 -0.306613

0.890625 -0.306134
0.90625 -0.298079

0.903265 -0.296875
0.90625 -0.296306

0.90625 -0.297574
0.917182 -0.3125

0.90625 -0.295472
0.909034 -0.296875

0.765625 -0.0809486
0.751212 -0.078125

0.75 -0.0777052
0.752143 -0.078125

0.765625 -0.0807526
0.78125 -0.0832398

-0.203125 0.0259853
-0.1875 0.0258979

-0.1875 0.0258826
-0.171875 0.0260146

-0.171875 0.026057
-0.15625 0.0263541

-0.15625 0.0264408
-0.140625 0.0266451

-0.140625 0.0267345
-0.125 0.0264936

-0.125 0.0265323
-0.109375 0.0255902

-0.109375 0.0255443
-0.09375 0.0239155

-0.09375 0.0238152
-0.078125 0.0217924

-0.078125 0.0217211
-0.0625 0.0196474

-0.0625 0.019639
-0.046875 0.0176737

-0.046875 0.0176755
-0.03125 0.015832

2.29688 -0.157782
2.30239 -0.15625

2.29878 -0.15625
2.3125 -0.152442

2.3125 -0.152916
2.32812 -0.149439

2.32812 -0.149724
2.34375 -0.146063

2.34375 -0.146112
2.35938 -0.141601

2.35938 -0.142056
2.36406 -0.140625

2.36081 -0.140625
2.375 -0.136293

-2.99412 0.125
-2.97818 0.15625

-3 0.166745
-2.98251 0.1875

-2.96875 0.150241
-2.95312 0.149403

-2.96875 0.167324
-2.95599 0.15625

-2.96574 0.171875
-2.96321 0.1875

-2.95312 0.157647
-2.94416 0.171875

-2.95133 0.171875
-2.94057 0.1875

-2.98844 0.1875
-2.96875 0.207192

-2.96988 0.21875
-2.96875 0.221882

-2.96875 0.199785
-2.9375 0.193064

-2.96875 0.222179
-2.9375 0.248242

-2.90625 0.147772
-2.91673 0.15625

-2.92188 0.169257
-2.92412 0.171875

-2.92188 0.176033
-2.93141 0.1875

-2.92188 0.164325
-2.91617 0.15625

-2.90625 0.150774
-2.89062 0.142049

-2.89062 0.140302
-2.875 0.134552

-2.89062 0.140763
-2.89025 0.140625

-2.9375 0.200586
-2.92772 0.1875

-2.93397 0.203125
-2.92547 0.21875

-2.93012 0.21875
-2.93513 0.25

0.78125 -0.0832402
0.796875 -0.0855055

0.796875 -0.0854713
0.8125 -0.0875822

0.8125 -0.0873681
0.828125 -0.0898214

2.375 -0.136448
2.39062 -0.132187

-0.015625 0.0141025
-0.0293239 0.015625

-0.03125 0.0158264
-0.0294382 0.015625

-0.015625 0.0140665
0 0.0124948

2.39062 -0.131826
2.40625 -0.128874

2.40625 -0.128584
2.42188 -0.12824

2.42188 -0.128538
2.4375 -0.130787

2.4375 -0.131411
2.45312 -0.134411

2.45312 -0.134835
2.46875 -0.136491

2.46875 -0.136457
2.48438 -0.135986

2.48438 -0.135784
2.5 -0.133658

-2.75 0.123556
-2.76245 0.125

-2.875 0.135926
-2.85938 0.133894

-2.85938 0.134116
-2.84375 0.132617

-2.84375 0.13258
-2.82812 0.131244

-2.82812 0.131463
-2.8125 0.129925

-2.8125 0.129489
-2.79688 0.128181

0.828125 -0.0897034
0.84375 -0.0931633

0.859375 -0.0974769
0.844354 -0.09375

0.859375 -0.0974835
0.875 -0.100891

0.84375 -0.0932938
0.845589 -0.09375

0.875 -0.100945
0.890625 -0.103712

0.890625 -0.103764
0.90625 -0.105676

0.90625 -0.105666
0.921875 -0.106641

0.921875 -0.10656
0.9375 -0.10678

2.5 -0.133566
2.51562 -0.130376

2.51562 -0.130323
2.53125 -0.126357

2.53125 -0.127828
2.54222 -0.125

2.54688 -0.126614
2.55305 -0.125

2.53148 -0.125
2.54688 -0.121034

2.54688 -0.122011
2.5625 -0.117928

2.5625 -0.118601
2.57812 -0.113145

2.57812 -0.110453
2.58468 -0.109375

2.58718 -0.109375
2.59375 -0.108303

2.59375 -0.109408
2.60938 -0.112136

2.60938 -0.115082
2.625 -0.114582

-2.79688 0.128752
-2.78125 0.127406

2.625 -0.114562
2.63674 -0.109375

-2.78125 0.127048
-2.76562 0.125238

-2.76562 0.125356
-2.76256 0.125

-2.97022 0.25
-2.9375 0.25867

-2.9375 0.266391
-2.92067 0.25

2.63015 -0.109375
2.64062 -0.104748

0.9375 -0.106703
0.953125 -0.106484

-2.75 0.123517
-2.73438 0.121519

0.953125 -0.106435
0.96875 -0.106028

0.96875 -0.106003
0.984375 -0.105558

-2.73438 0.12148
-2.71875 0.119447

-2.71875 0.11952
-2.70312 0.117381

-2.70312 0.11732
-2.6875 0.115054

0.984375 -0.105548
1 -0.105139

-2.6875 0.115052
-2.67188 0.112783

-2.67188 0.112765
-2.65625 0.110533

-2.64062 0.108387
-2.6478 0.109375

-2.65625 0.110519
-2.64794 0.109375

-2.64062 0.10839
-2.625 0.106303

-2.625 0.106305
-2.60938 0.104252

2.64062 -0.104132
2.65625 -0.0979159

2.65625 -0.0984516
2.67188 -0.0962326

2.67188 -0.0965806
2.6875 -0.0965907

-2.60938 0.104245
-2.59375 0.102235

2.6875 -0.0970077
2.70312 -0.0977171

2.70312 -0.0980498
2.71875 -0.0979592

-2.59375 0.102231
-2.57812 0.100284

-2.57812 0.100285
-2.5625 0.0984064

-2.5625 0.0984128
-2.54688 0.096588

-2.54688 0.0965937
-2.53125 0.0947984

-2.51562 0.0930402
-2.52196 0.09375

-2.51562 0.0930423
-2.5 0.0913427

-2.53125 0.0947817
-2.52205 0.09375

1 -0.105141
1.01562 -0.104784

1.01562 -0.104791
1.03125 -0.104467

1.03125 -0.10447
1.04688 -0.104159

1.04688 -0.104164
1.0625 -0.10385

1.0625 -0.10386
1.07812 -0.103509

1.07812 -0.103523
1.09375 -0.103086

2.71875 -0.0980816
2.73438 -0.0962808

2.73438 -0.0967938
2.74675 -0.09375

2.74163 -0.09375
2.75 -0.0916897

-2.5 0.0913406
-2.48438 0.0896809

2.75 -0.0943012
2.75183 -0.09375

1.09375 -0.103091
1.10938 -0.102529

2.75 -0.0918178
2.76562 -0.087102

2.76562 -0.0886179
2.78125 -0.0814103

2.77966 -0.078125
2.78125 -0.0772854

2.78125 -0.082979
2.79085 -0.078125

2.78125 -0.0774993
2.79688 -0.0696732

2.79688 -0.0720544
2.8125 -0.0665838

2.8125 -0.0677335
2.82597 -0.0625

2.82812 -0.0626102
2.8284 -0.0625

2.82107 -0.0625
2.82812 -0.0597574

2.82812 -0.0603789
2.84375 -0.0539676

2.84375 -0.0553643
2.85938 -0.0476725

2.85577 -0.046875
2.85938 -0.0450986

2.85938 -0.0479573
2.8617 -0.046875

2.85938 -0.0453411
2.875 -0.0380788

-2.48438 0.0896784
-2.46875 0.0880679

-2.46875 0.0880768
-2.45312 0.0865031

2.96875 -0.172089
2.96573 -0.171875

2.96669 -0.171875
2.96875 -0.170514

1.10938 -0.102519
1.125 -0.101839

-2.45312 0.0865293
-2.4375 0.0849222

-2.4375 0.0849587
-2.42188 0.0831923

2.96875 -0.140625
2.96875 -0.125

-2.42188 0.0832197
-2.40625 0.0811665

-2.40625 0.0811436
-2.39062 0.0787947

2.96875 -0.157013
2.96931 -0.15625

2.96875 -0.125135
2.98733 -0.125

1.125 -0.101812
1.14062 -0.101088

1.14062 -0.101079
1.15625 -0.100381

1.15625 -0.100405
1.17188 -0.0997037

2.875 -0.0388097
2.89062 -0.0347677

2.89062 -0.0341896
2.90625 -0.0332239

2.90625 -0.0326732
2.92188 -0.0370415

2.9375 -0.0470906
2.93718 -0.046875

1.17188 -0.0997752
1.1875 -0.0988817

1.1875 -0.0989693
1.20312 -0.097565

1.20312 -0.0975646
1.21875 -0.0954754

2.92188 -0.0374347
2.93655 -0.046875

2.96875 -0.0972488
2.96684 -0.09375

-2.375 0.0762842
-2.38672 0.078125

2.95312 -0.063378
2.95245 -0.0625

1.21875 -0.0956101
1.22975 -0.09375

-2.39062 0.0786697
-2.38716 0.078125

2.96875 -0.089708
2.96421 -0.078125

2.95312 -0.0641022
2.96355 -0.078125

2.96875 -0.10744
3 -0.102327

2.96875 -0.0888847
2.97042 -0.09375

2.97947 -0.078125
2.98374 -0.0625

-2.375 0.0762781
-2.35938 0.0738419

-2.35938 0.0738102
-2.34375 0.0714353

-2.34375 0.0714157
-2.32812 0.0692047

-2.32812 0.0692095
-2.3125 0.0671921

-2.26562 0.0617791
-2.27208 0.0625

-2.26562 0.0617716
-2.25 0.0601365

-2.3125 0.0672144
-2.29688 0.0653367

-2.29688 0.0653535
-2.28125 0.0635373

-2.28125 0.0635097
-2.27221 0.0625

2.99217 -0.09375
2.98695 -0.078125

2.98438 -0.0712757
2.98567 -0.078125

2.9375 -0.0472074
2.95291 -0.0625

-2.25 0.0601151
-2.23438 0.0586309

-2.23438 0.0586101
-2.21875 0.0573612

2.98261 -0.0625
2.98438 -0.0541278

2.98364 -0.046875
2.98396 -0.03125

1.22673 -0.09375
1.23438 -0.0924579

1.23438 -0.0925516
1.25 -0.0899185

-2.21875 0.0573536
-2.20312 0.0563969

-2.20312 0.0564045
-2.1875 0.0557399

2.98426 -0.03125
2.98438 -0.0301687

1.25 -0.090165
1.26562 -0.08748

-2.1875 0.0557563
-2.17188 0.055336

1.26562 -0.087379
1.28125 -0.0843509

2.98438 -0.0228605
2.98513 -0.015625

1.28125 -0.0838508
1.29688 -0.0816818

1.29688 -0.081364
1.3125 -0.0816901

2.98605 -0.015625
2.9881 0

-2.17188 0.0553544
-2.15625 0.055109

-2.15625 0.0551247
-2.14062 0.0549861

-2.14062 0.0549981
-2.125 0.0549108

1.3125 -0.0821305
1.32812 -0.0847064

-2.125 0.0549207
-2.10938 0.0548411

1.32812 -0.0852444
1.34375 -0.0881134

1.34375 -0.08794
1.35938 -0.090373

1.35938 -0.0899167
1.375 -0.0931733

2.98438 0.0018148
2.98311 0.015625

1.39062 -0.098102
1.37663 -0.09375

1.39062 -0.0986796
1.40625 -0.103843

-2.10938 0.0548511
-2.09375 0.0547395

1.375 -0.0932126
1.37673 -0.09375

2.98438 0.0171171
2.98251 0.03125

2.98959 0
2.98819 0.015625

2.98438 0.0277357
2.98612 0.015625

-2.09375 0.0547512
-2.07812 0.0545639

1.40625 -0.10409
1.42188 -0.107902

-2.07812 0.0545765
-2.0625 0.054265

-2.0625 0.054277
-2.04688 0.0537922

-2.04688 0.0538006
-2.03125 0.0531017

2.98425 0.03125
2.9841 0.046875

2.98396 0.046875
2.98385 0.0625

2.98438 0.038238
2.9845 0.03125

2.98389 0.0625
2.98409 0.078125

2.98396 0.078125
2.98438 0.0825615

2.98437 0.09375
2.99448 0.125

2.92188 0.215568
2.9375 0.203498

2.92899 0.21875
2.93069 0.25

1.4375 -0.109875
1.43397 -0.109375

1.42188 -0.107821
1.43285 -0.109375

1.4375 -0.109922
1.45312 -0.110922

2.95312 0.15527
2.952 0.15625

1.45312 -0.110856
1.46875 -0.110914

1.46875 -0.110808
1.48438 -0.110265

2.96875 0.150601
2.95366 0.15625

1.48438 -0.110147
1.5 -0.109451

2.95286 0.15625
2.94538 0.171875

2.95008 0.171875
2.94848 0.1875

2.95312 0.165718
2.96435 0.15625

2.95581 0.171875
2.95393 0.1875

2.99966 0.125
2.98299 0.15625

2.99535 0.15625
2.99972 0.1875

2.94794 0.1875
2.95342 0.21875

-2.03125 0.0531065
-2.01562 0.0521671

-2.01562 0.0521714
-2 0.0509733

2.9375 0.246848
2.96875 0.238848

2.98921 0.1875
2.97051 0.21875

2.96875 0.247827
2.97528 0.21875

2.85938 0.286327
2.85228 0.296875

2.85707 0.296875
2.85938 0.298579

2.85938 0.291756
2.86303 0.296875

2.85938 0.303115
2.86785 0.296875

2.90102 0.265625
2.90625 0.272424

2.90393 0.28125
2.90625 0.281799

2.91883 0.25
2.9375 0.27228

2.9375 0.265372
3 0.252032

3 -0.0944217
3.00029 -0.09375

3 -0.0629942
3.00003 -0.0625

3.0625 -0.00633716
3.04521 0

3.125 -0.00820238
3.08687 0

3.25 -0.00584197
3.20696 0

3.5 -0.0041304
3.40842 0

3.03125 0.0220939
3.01346 0.03125

3.03058 0.03125
3.03125 0.0364472

3.03125 0.0190375
3.05312 0

3.03125 0.059647
3.03329 0.03125

3.03125 0.119932
3.0198 0.125

3.0343 0.0625
3.03912 0.09375

3.04715 0.09375
3.03721 0.125

3.0625 0.0139437
3.08896 0

3 0.166593
3.02694 0.125

3 0.190607
3.00124 0.1875

3.125 0.0107519
3.19495 0

3 0.25115
3.00071 0.25

3.25 0.0049988
3.3601 0

4 -0.0063551
3.53832 0

-1.76562 -0.346644
-1.76808 -0.34375

-1.76562 -0.345799
-1.75397 -0.34375

-1.76742 -0.34375
-1.76562 -0.335576

-1.76562 -0.336699
-1.75501 -0.34375

-2 0.0509739
-1.98438 0.0495073

-1.98438 0.049477
-1.96875 0.0478013

-1.95312 0.0460683
-1.96088 0.046875

-1.96875 0.0477099
-1.96072 0.046875

-1.95312 0.0458512
-1.9375 0.0449274

-1.9375 0.0446866
-1.92188 0.0453963

-1.92188 0.0452153
-1.91381 0.046875

-1.91366 0.046875
-1.90625 0.0484009

-1.90625 0.0487142
-1.89062 0.0542386

-1.89062 0.0550613
-1.875 0.0606535

-1.875 0.0610913
-1.86774 0.0625

-1.82812 0.0602858
-1.83993 0.0625

-1.82812 0.0597487
-1.8125 0.0563599

-1.86825 0.0625
-1.85938 0.0642201

-1.85938 0.0641268
-1.84375 0.0637075

-1.84375 0.0634635
-1.83861 0.0625

-1.8125 0.0561762
-1.79688 0.0539127

-1.79688 0.0539824
-1.78125 0.0530721

-1.78125 0.0532359
-1.76562 0.0532114

-1.76562 0.0533518
-1.75 0.0536049

-1.75 0.0536864
-1.73438 0.0537735

-1.73438 0.0538075
-1.71875 0.0534975

-1.71875 0.0535024
-1.70312 0.0527175

-1.70312 0.0527055
-1.6875 0.0514596

-1.6875 0.0514407
-1.67188 0.0497956

-1.67188 0.0497767
-1.65625 0.0478079

-1.64062 0.0455659
-1.64986 0.046875

-1.65625 0.0477986
-1.64973 0.046875

-1.64062 0.0455519
-1.625 0.0431772

-1.625 0.0431697
-1.60938 0.0406925

-1.60938 0.0406895
-1.59375 0.0381307

-1.59375 0.0381255
-1.57812 0.0355015

-1.57812 0.0354903
-1.5625 0.0328337

-1.54688 0.0301998
-1.55318 0.03125

-1.54688 0.030183
-1.53125 0.0277284

-1.5625 0.0328011
-1.55319 0.03125

-1.53125 0.0277166
-1.51562 0.0254659

-1.51562 0.0254559
-1.5 0.0234527

-1.03125 -0.00172738
-1.04179 0

-1.03125 -0.00156038
-1.01562 -0.00402266

-1.01562 -0.00397393
-1 -0.00692265

-1.5 0.0234477
-1.48438 0.021722

-1.48438 0.0217317
-1.46875 0.0202744

-1.46875 0.0202995
-1.45312 0.0190409

-1.45312 0.0190753
-1.4375 0.0178964

-1.4375 0.0179298
-1.42188 0.0166953

-1.40625 0.0152511
-1.41012 0.015625

-1.42188 0.0167753
-1.40998 0.015625

-1.40625 0.0152559
-1.39062 0.0133269

-1.39062 0.0132773
-1.375 0.0110403

-1.375 0.010972
-1.35938 0.00866278

-1.35938 0.00858647
-1.34375 0.00649433

-1.34375 0.00639499
-1.32812 0.00487117

-1.32812 0.00473171
-1.3125 0.0042538

-1.3125 0.00405992
-1.29688 0.00529459

-1.29688 0.00493894
-1.28125 0.00898527

-1.28125 0.00823214
-1.26811 0.015625

-1.2693 0.015625
-1.26562 0.0177909

-1.26562 0.0167461
-1.25116 0.03125

-1.25477 0.03125
-1.25 0.0368675

-1.25 0.0372974
-1.23811 0.046875

-1.23746 0.046875
-1.23438 0.0486985

-1.23438 0.0485341
-1.21875 0.0526017

-1.21875 0.051802
-1.20312 0.0512906

-1.20312 0.0508067
-1.1875 0.0482836

-1.17188 0.0448297
-1.18161 0.046875

-1.1875 0.0481876
-1.18125 0.046875

-1.17188 0.0446275
-1.15625 0.0413367

-1.15625 0.0412006
-1.14062 0.0386364

-1.14062 0.0385867
-1.125 0.0371206

-1.09375 0.0249514
-1.10409 0.03125

-1.125 0.0386599
-1.10938 0.0353128

-1.10938 0.0372661
-1.09902 0.03125

-1.07812 0.0112433
-1.0844 0.015625

-1.09375 0.0243185
-1.08225 0.015625

-1.07812 0.0114364
-1.0625 0.00362981

-1.0625 0.00434522
-1.04688 0.000316794

-1.04688 0.000548613
-1.04353 0

