-4 -0.0024729
-3.78819 0

-3.62891 0
-3.5 0.00150503

-3.5 -0.00118564
-3.47076 0

-3.25 -0.00131517
-3.2391 0

-0.859375 -0.953162
-0.859412 -0.953125

-0.859375 -0.94865
-0.8549 -0.953125

-3.125 -0.0018029
-3.11791 0

-3 -0.0811446
-3.00488 -0.0625

-3.0625 -0.0017636
-3.05751 0

-3 -0.0437477
-3.00044 -0.03125

-3 -0.0209185
-3.00573 0

-3.40971 0
-3.25 0.00656116

-3.22142 0
-3.125 0.0125539

-3.11236 0
-3.0625 0.0208781

-3.0625 0.0106192
-3.03362 0.03125

-3.03891 0.03125
-3.03125 0.0440069

-3.03125 0.0302808
-3.01728 0.03125

-3.03125 0.0486613
-3.02501 0.0625

-3.03629 0.0625
-3.03125 0.0772275

-3.03125 0.0735352
-3.02236 0.09375

-3.01456 0.09375
-3.00555 0.125

-3.01596 0.125
-3 0.162315

1.5 0.0775641
1.50821 0.078125

1.50786 0.078125
1.51562 0.0786555

1.51562 0.078674
1.53125 0.0803285

1.53125 0.0803889
1.54688 0.082448

1.54688 0.0825152
1.5625 0.084724

1.5625 0.0847683
1.57812 0.086904

1.57812 0.0869129
1.59375 0.0888692

1.59375 0.0888564
1.60938 0.0906409

-2.96875 -0.221017
-2.97314 -0.21875

1.60938 0.0906201
1.625 0.0923002

0 -0.0564041
0.015625 -0.0607292

1.625 0.092304
1.63902 0.09375

1.63911 0.09375
1.64062 0.0939064

1.64062 0.0938924
1.65625 0.0954743

1.65625 0.0954579
1.67188 0.0970875

1.67188 0.0970717
1.6875 0.0988134

1.6875 0.098792
1.70312 0.10072

1.70312 0.100688
1.71875 0.102911

1.71875 0.102867
1.73438 0.105537

-1 -0.179462
-0.984375 -0.176554

1.73438 0.105539
1.75 0.108737

-0.984375 -0.176264
-0.97755 -0.171875

-0.978824 -0.171875
-0.96875 -0.16391

-0.96875 -0.164021
-0.962057 -0.15625

0 -0.0451092
0.0025355 -0.046875

0.015625 -0.0600183
0.03125 -0.0606791

0.03125 -0.0600815
0.046875 -0.0594085

-0.963264 -0.15625
-0.953125 -0.142026

0.046875 -0.0592654
0.0625 -0.05874

0.0625 -0.05871
0.078125 -0.0586783

0.078125 -0.0586906
0.09375 -0.0591879

0.09375 -0.0591904
0.109375 -0.0601873

-0.953125 -0.142127
-0.952152 -0.140625

-0.953125 -0.140379
-0.941447 -0.125

0.109375 -0.0601529
0.125 -0.0617132

-0.942028 -0.125
-0.9375 -0.120086

1.75 0.108732
1.75267 0.109375

1.75275 0.109375
1.76562 0.112477

1.76562 0.112472
1.78125 0.116868

1.78125 0.116885
1.79688 0.121893

1.79688 0.12193
1.80562 0.125

1.80554 0.125
1.8125 0.127443

1.8125 0.127476
1.82812 0.133252

1.82812 0.13329
1.84375 0.139187

1.84375 0.139252
1.84744 0.140625

1.84743 0.140625
1.85938 0.145064

1.85938 0.145095
1.875 0.150616

0.140625 -0.0639358
0.130326 -0.0625

0.140625 -0.0643481
0.15625 -0.0662317

0.15625 -0.0665549
0.171875 -0.066598

0.171875 -0.0665241
0.1875 -0.0642279

0.125 -0.0616553
0.131059 -0.0625

0.1875 -0.0641585
0.194534 -0.0625

0.234375 -0.06341
0.25 -0.0671827

0.192268 -0.0625
0.203125 -0.0599402

0.203125 -0.0587536
0.21875 -0.0572626

0.21875 -0.0571832
0.234375 -0.060821

0.234375 -0.0621894
0.235661 -0.0625

0.25 -0.0676837
0.265625 -0.0654115

0.265625 -0.0643923
0.269588 -0.0625

0.269807 -0.0625
0.28125 -0.0570357

0.28125 -0.0562868
0.296875 -0.0469625

0.296875 -0.046701
0.3125 -0.03748

0.3125 -0.0372578
0.323324 -0.03125

0.325237 -0.03125
0.328125 -0.0296472

0.328125 -0.0283845
0.34375 -0.0211051

0.34375 -0.0212129
0.359375 -0.0160348

0.359375 -0.0162676
0.36195 -0.015625

0.362294 -0.015625
0.375 -0.0124541

0.375 -0.0123459
0.390625 -0.00930469

0.390625 -0.00957062
0.40625 -0.00704192

0.40625 -0.00699302
0.421875 -0.00454276

0.421875 -0.00441517
0.4375 -0.00239631

0.4375 -0.00249782
0.453125 -0.000962494

0.453125 -0.00127304
0.46361 0

0.463883 0
0.46875 0.000590953

0.46875 0.000439068
0.484375 0.00368897

0.484375 0.00378893
0.5 0.00854049

-2.96875 -0.18998
-2.9696 -0.1875

-2.9375 -0.219721
-2.93862 -0.21875

-2.9375 -0.187567
-2.93756 -0.1875

-2.96875 -0.156306
-2.9688 -0.15625

-2.95312 -0.156278
-2.95315 -0.15625

-2.9375 -0.163272
-2.94213 -0.15625

-2.95312 -0.133751
-2.95804 -0.125

-2.94234 -0.15625
-2.95066 -0.140625

-2.95312 -0.135757
-2.95039 -0.140625

-2.92188 -0.187561
-2.92193 -0.1875

-2.90625 -0.200384
-2.92028 -0.1875

-2.89062 -0.209213
-2.9007 -0.203125

-2.90625 -0.200034
-2.9012 -0.203125

0.5 0.00846087
0.515625 0.0146734

1.875 0.150649
1.89062 0.155753

1.89062 0.155806
1.89216 0.15625

1.89217 0.15625
1.90625 0.160324

1.90625 0.160345
1.92188 0.164141

1.92188 0.164157
1.9375 0.167157

1.9375 0.167152
1.95312 0.169336

1.95312 0.169307
1.96875 0.170742

1.96875 0.170709
1.98438 0.171519

1.98438 0.171518
2 0.171768

-0.9375 -0.118968
-0.923663 -0.109375

-0.922632 -0.109375
-0.921875 -0.108989

-0.921875 -0.109494
-0.921224 -0.109375

-0.919355 -0.109375
-0.90625 -0.106974

0.515625 0.014665
0.517495 0.015625

0.517685 0.015625
0.53125 0.0225875

0.53125 0.0230135
0.545072 0.03125

0.546875 0.0328039
0.5625 0.041618

0.5625 0.0422075
0.573684 0.046875

0.576616 0.046875
0.578125 0.0475046

0.578125 0.0484718
0.59375 0.0520343

0.59375 0.0518736
0.609375 0.0528466

0.609375 0.0523932
0.625 0.0520048

0.625 0.0518768
0.640625 0.0512901

0.640625 0.0512269
0.65625 0.0508244

0.65625 0.0507467
0.671875 0.0508104

0.671875 0.0507513
0.6875 0.051555

0.6875 0.0515623
0.703125 0.0532094

0.703125 0.0533258
0.71875 0.055569

0.71875 0.0557012
0.734375 0.0580436

0.734375 0.0580317
0.75 0.0602328

0.75 0.0603918
0.765625 0.0621574

0.765625 0.0622496
0.76835 0.0625

0.773314 0.0625
0.78125 0.0632293

0.78125 0.0632843
0.796875 0.065009

0.796875 0.0652145
0.8125 0.067011

0.8125 0.067224
0.828125 0.0682553

0.828125 0.0682463
0.84375 0.0681045

0.84375 0.0678979
0.859375 0.067014

0.859375 0.0668068
0.875 0.0660082

0.875 0.0659057
0.890625 0.0658116

0.890625 0.0658552
0.90625 0.0665837

0.90625 0.0667518
0.921875 0.0678798

0.921875 0.0680044
0.9375 0.0689464

0.9375 0.0689539
0.953125 0.0694458

0.953125 0.0694105
0.96875 0.0695081

0.96875 0.0695103
0.984375 0.0692795

0.984375 0.0693223
1 0.0686732

2 0.171802
2.01562 0.171426

2.01562 0.171434
2.03125 0.170347

2.03125 0.170213
2.04688 0.168667

2.04688 0.168391
2.0625 0.167208

2.0625 0.166999
2.07812 0.16715

2.07812 0.167162
2.09375 0.169041

2.09375 0.169213
2.10663 0.171875

1.04688 0.0612498
1.03924 0.0625

1.04688 0.0614967
1.0625 0.0608134

1 0.0687775
1.01562 0.0674159

1.01562 0.0675231
1.03125 0.0650263

2.10648 0.171875
2.10938 0.172473

2.10938 0.17261
2.125 0.176507

-2.89062 -0.209033
-2.875 -0.215323

-2.92188 -0.184308
-2.93198 -0.171875

-2.9375 -0.164695
-2.93271 -0.171875

-2.92188 -0.184588
-2.91931 -0.1875

-2.96875 -0.110021
-2.97689 -0.09375

-2.98438 -0.0890869
-2.98765 -0.078125

-2.98477 -0.078125
-2.98438 -0.0701662

-2.97788 -0.09375
-2.98123 -0.078125

-2.97953 -0.078125
-2.97921 -0.0625

1.03125 0.0646565
1.04441 0.0625

1.0625 0.0611709
1.07812 0.0622992

1.07812 0.0623436
1.07958 0.0625

1.07734 0.0625
1.07812 0.0625568

1.07812 0.0625767
1.09375 0.0642612

1.09375 0.0642206
1.10938 0.0659904

1.10938 0.0658762
1.125 0.0680265

1.125 0.0679931
1.14062 0.0708189

1.14062 0.0709121
1.15625 0.0742937

1.15625 0.0746013
1.17188 0.077737

1.17188 0.0777913
1.17376 0.078125

1.17585 0.078125
1.1875 0.0801889

1.1875 0.0800784
1.20312 0.0833316

1.20312 0.0833336
1.21875 0.0874276

1.21875 0.0877439
1.23438 0.092042

1.23438 0.0923329
1.24022 0.09375

1.24204 0.09375
1.25 0.0956805

2.125 0.176641
2.14062 0.180615

-0.90625 -0.106816
-0.890625 -0.108957

-0.890625 -0.109755
-0.875 -0.115591

-0.890625 -0.108892
-0.889331 -0.109375

-0.84375 -0.131003
-0.856683 -0.125

-0.84375 -0.131256
-0.828125 -0.136868

-0.828125 -0.136991
-0.8125 -0.140018

-0.8125 -0.140126
-0.796875 -0.140107

-0.796875 -0.14014
-0.78125 -0.13679

-0.78125 -0.136364
-0.765625 -0.130468

-0.765625 -0.130051
-0.754292 -0.125

-0.875 -0.115901
-0.859375 -0.123215

-0.859375 -0.123289
-0.855688 -0.125

-0.753331 -0.125
-0.75 -0.123515

-0.75 -0.123121
-0.734375 -0.115858

-0.734375 -0.115086
-0.719202 -0.109375

-0.718346 -0.109375
-0.703125 -0.105991

-0.703125 -0.105957
-0.6875 -0.104444

-0.6875 -0.104619
-0.671875 -0.104783

-0.671875 -0.105128
-0.65625 -0.105931

-0.65625 -0.106199
-0.640625 -0.106415

-0.640625 -0.106013
-0.625 -0.10591

-0.625 -0.105746
-0.609375 -0.106456

-0.609375 -0.107
-0.59375 -0.107764

-0.59375 -0.107961
-0.578125 -0.107297

-0.578125 -0.10731
-0.5625 -0.104797

-0.5625 -0.10487
-0.546875 -0.100336

-0.546875 -0.0998374
-0.53125 -0.0941308

-0.53125 -0.0940839
-0.530484 -0.09375

-0.529186 -0.09375
-0.515625 -0.0878314

-0.515625 -0.088979
-0.500566 -0.078125

-0.500619 -0.078125
-0.5 -0.077607

-0.5 -0.0765025
-0.486241 -0.0625

-0.487593 -0.0625
-0.484375 -0.0590432

-0.484375 -0.0572227
-0.469143 -0.046875

-0.472007 -0.046875
-0.46875 -0.0453051

-0.46875 -0.0480995
-0.457822 -0.046875

-0.461145 -0.046875
-0.453125 -0.0460048

-0.453125 -0.047731
-0.4375 -0.0490212

-0.453125 -0.0467003
-0.451009 -0.046875

-0.40625 -0.0639115
-0.408519 -0.0625

-0.40625 -0.062939
-0.390625 -0.070926

-0.390625 -0.0695725
-0.375 -0.0726596

-0.4375 -0.0479659
-0.421875 -0.0513548

-0.421875 -0.0507836
-0.40625 -0.0592956

-0.40625 -0.0604884
-0.402394 -0.0625

-0.375 -0.0705818
-0.359375 -0.0751353

-0.34375 -0.0835436
-0.356938 -0.078125

-0.359375 -0.0765686
-0.355587 -0.078125

-0.34375 -0.083842
-0.328125 -0.087554

-0.328125 -0.0871918
-0.3125 -0.0881023

-0.3125 -0.0879414
-0.296875 -0.0870966

-0.296875 -0.0869327
-0.28125 -0.0849823

-0.28125 -0.0848389
-0.265625 -0.0823976

-0.265625 -0.0825201
-0.25 -0.0796297

-0.25 -0.0796107
-0.243365 -0.078125

-0.24355 -0.078125
-0.234375 -0.0760707

-0.234375 -0.076152
-0.21875 -0.0720036

-0.21875 -0.0720586
-0.203125 -0.0670222

-0.203125 -0.066205
-0.190014 -0.0625

-0.18984 -0.0625
-0.1875 -0.0618386

2.14062 0.180701
2.15625 0.184314

-0.1875 -0.0620597
-0.171875 -0.0593596

-0.171875 -0.0598662
-0.15625 -0.057343

-0.15625 -0.0572814
-0.140625 -0.0540453

-0.140625 -0.0536542
-0.125 -0.0506104

1.25 0.0956393
1.26562 0.0993051

1.26562 0.0993574
1.28125 0.103259

-2.96875 -0.109405
-2.95932 -0.125

2.15625 0.184364
2.17188 0.187344

-2.97985 -0.0625
-2.98029 -0.046875

1.28125 0.103343
1.29688 0.107208

2.17188 0.187371
2.17279 0.1875

1.29688 0.107432
1.30594 0.109375

-2.98017 -0.046875
-2.98041 -0.03125

1.30674 0.109375
1.3125 0.11061

1.3125 0.110607
1.32812 0.113343

-2.98438 -0.0164348
-2.98448 -0.015625

-2.98439 -0.015625
-2.98438 -0.0089328

1.32812 0.11394
1.34375 0.115083

1.34375 0.116204
1.35938 0.112319

1.375 0.101789
1.36225 0.109375

-0.125 -0.0504296
-0.109375 -0.0487219

-2.98042 -0.03125
-2.98066 -0.015625

-2.98072 -0.015625
-2.98081 0

-0.109375 -0.0490189
-0.09375 -0.0484151

2.17279 0.1875
2.1875 0.189567

-0.09375 -0.0485312
-0.078125 -0.0482052

-0.078125 -0.0480766
-0.0625 -0.0480536

2.1875 0.189558
2.20312 0.190935

2.20312 0.190896
2.21875 0.191551

2.21875 0.191485
2.23438 0.191628

2.23438 0.19156
2.25 0.191459

1.35938 0.112257
1.36438 0.109375

-2.85938 -0.219741
-2.86243 -0.21875

-2.85938 -0.219954
-2.84375 -0.224648

-2.875 -0.214626
-2.86227 -0.21875

-2.84375 -0.224584
-2.82812 -0.228527

-0.0625 -0.0479667
-0.046875 -0.048678

1.39062 0.0903936
1.38496 0.09375

1.39062 0.0906871
1.40625 0.0848288

-2.82812 -0.228571
-2.8125 -0.231804

1.375 0.10068
1.38641 0.09375

-2.8125 -0.231904
-2.79688 -0.234136

-2.79688 -0.234376
-2.78125 -0.23495

2.25 0.191425
2.26562 0.191282

-0.046875 -0.0487718
-0.03125 -0.0502294

-0.046875 -0.0466422
-0.0432643 -0.046875

-0.03125 -0.0508768
-0.015625 -0.0530829

-0.03125 -0.0446762
-0.015625 -0.0457885

2.26562 0.191301
2.28125 0.191146

1.40625 0.0854587
1.42188 0.082452

-2.79688 -0.234258
-2.7937 -0.234375

1.42188 0.0827372
1.4375 0.0807518

1.4375 0.0808024
1.45312 0.0791667

-0.015625 -0.0530161
0 -0.057276

-2.78125 -0.234951
-2.77693 -0.234375

-0.015625 -0.0408593
0 -0.0459954

2.28125 0.191218
2.29688 0.190867

-2.77381 -0.234375
-2.76562 -0.233284

2.29688 0.191039
2.3125 0.190004

2.32812 0.187434
2.32777 0.1875

2.34375 0.181704
2.32907 0.1875

2.35938 0.17125
2.35822 0.171875

2.34375 0.180881
2.35938 0.172437

2.35938 0.1711
2.375 0.164664

2.35938 0.172272
2.36034 0.171875

2.3125 0.190407
2.32812 0.187537

2.32812 0.187748
2.32875 0.1875

-2.76562 -0.233651
-2.75 -0.227319

2.5 0.0763413
2.49585 0.078125

1.46875 0.077836
1.4651 0.078125

1.45312 0.0790964
1.46541 0.078125

1.46875 0.0777898
1.48438 0.0772359

1.48438 0.0772161
1.5 0.0775144

-2.75 -0.227374
-2.73826 -0.21875

-2.73863 -0.21875
-2.73438 -0.215196

-2.73438 -0.21555
-2.72332 -0.203125

-2.72469 -0.203125
-2.71875 -0.195076

2.49853 0.078125
2.49078 0.09375

2.49309 0.09375
2.5 0.103069

2.375 0.165102
2.39062 0.162423

2.39062 0.16302
2.40625 0.162051

2.40625 0.162229
2.42188 0.161422

2.42188 0.161126
2.4375 0.160718

-2.71875 -0.195013
-2.71319 -0.1875

2.4375 0.160286
2.45312 0.161734

2.45312 0.161732
2.46875 0.165905

2.46875 0.166992
2.48438 0.171721

2.48438 0.171809
2.48496 0.171875

2.48438 0.172393
2.5 0.174164

-2.71434 -0.1875
-2.70312 -0.175584

-2.70312 -0.175376
-2.6983 -0.171875

-2.6973 -0.171875
-2.6875 -0.165182

-2.6875 -0.16544
-2.67188 -0.158332

-2.67188 -0.158402
-2.66518 -0.15625

-2.66397 -0.15625
-2.65625 -0.153772

-2.65625 -0.153941
-2.64062 -0.149759

-2.64062 -0.149684
-2.625 -0.145789

-2.625 -0.145455
-2.60938 -0.142668

-2.60938 -0.142377
-2.59375 -0.141947

-2.59375 -0.142094
-2.57812 -0.144311

-2.57812 -0.145012
-2.5625 -0.148178

-2.5625 -0.149009
-2.54688 -0.150062

2.73438 -0.00159957
2.72953 0

2.73438 -0.00184572
2.75 -0.00621022

-2.54688 -0.149901
-2.53125 -0.147503

-2.53125 -0.146174
-2.51562 -0.143308

-2.51562 -0.143277
-2.5 -0.142665

2.75 -0.00570944
2.76562 -0.00988765

-2.9808 0
-2.98066 0.015625

2.76562 -0.011221
2.78125 -0.0135478

2.78125 -0.0142618
2.79688 -0.0106428

2.79688 -0.00857873
2.8125 -0.00171406

2.8125 -0.000930393
2.81695 0

2.85938 -0.000443771
2.85591 0

2.85938 -0.000515931
2.875 -0.00469759

-2.98061 0.015625
-2.98036 0.03125

-2.98036 0.03125
-2.98009 0.046875

-2.98012 0.046875
-2.97977 0.0625

-2.97982 0.0625
-2.97923 0.078125

-2.9794 0.078125
-2.97812 0.09375

2.96875 -0.221459
2.96861 -0.21875

2.96856 -0.21875
2.96875 -0.218553

2.96875 -0.220785
2.97113 -0.21875

2.96875 -0.218609
2.97189 -0.21875

3 -0.125799
2.99901 -0.125

2.875 -0.00567064
2.89062 -0.010261

2.89062 -0.0101883
2.90625 -0.0133865

2.90625 -0.0130923
2.92183 -0.015625

2.9375 -0.018408
2.92344 -0.015625

2.92188 -0.0153778
2.92312 -0.015625

3 -0.0941652
2.9982 -0.09375

2.98438 -0.0816677
2.97951 -0.078125

2.96875 -0.0642388
2.98438 -0.072487

2.98438 -0.0816714
3 -0.0824768

2.98438 -0.0723344
2.99136 -0.0625

2.9375 -0.0193747
2.95312 -0.0217237

2.95312 -0.0225784
2.96875 -0.0205514

2.96875 -0.0540643
2.98438 -0.0491889

2.98438 -0.0567395
2.98974 -0.0625

2.98438 -0.0450985
2.98662 -0.046875

2.96875 -0.02263
2.97896 -0.015625

-2.97878 0.09375
-2.97159 0.125

-2.96875 0.118364
-2.9658 0.125

-2.99891 0.15625
-2.97192 0.1875

2.97864 -0.015625
2.98438 -0.00788884

-2.96736 0.125
-2.95886 0.140625

-2.96014 0.140625
-2.95312 0.155908

-2.95312 0.148906
-2.94974 0.15625

-2.95658 0.15625
-2.95312 0.17053

2.5625 0.0479752
2.54908 0.0625

2.5 0.0887807
2.51562 0.0826258

2.51562 0.0878145
2.53125 0.0910298

2.5 0.09375
2.51408 0.109375

2.5144 0.109375
2.51562 0.109954

2.51562 0.109818
2.53125 0.111239

2.54688 0.074279
2.54507 0.078125

2.54688 0.0874729
2.5403 0.09375

2.54688 0.0694039
2.54923 0.0625

2.54688 0.084334
2.5482 0.09375

2.53125 0.106282
2.54688 0.103876

2.53125 0.110321
2.53512 0.109375

2.54688 0.0995903
2.5625 0.10621

2.57812 0.0412021
2.56665 0.046875

2.5625 0.0492343
2.56712 0.046875

2.57812 0.0425524
2.59375 0.0390743

2.59375 0.0394688
2.60938 0.0369

2.60938 0.0371204
2.625 0.0342314

2.5625 0.104817
2.57812 0.103448

2.57812 0.102552
2.59375 0.097408

2.60938 0.0906017
2.60184 0.09375

2.60938 0.0898352
2.625 0.0840236

2.59375 0.0970896
2.60175 0.09375

2.5 0.173735
2.51562 0.172061

2.51562 0.171552
2.53125 0.168303

2.51562 0.171972
2.51609 0.171875

-2.96875 0.176857
-2.95691 0.171875

-2.95047 0.15625
-2.9439 0.171875

-2.94462 0.171875
-2.93889 0.1875

-2.98228 0.1875
-2.96875 0.203946

2.53125 0.168314
2.54688 0.164486

2.54688 0.164602
2.5625 0.159947

2.57812 0.154216
2.57294 0.15625

2.57812 0.153836
2.59375 0.146202

2.5625 0.160051
2.57219 0.15625

-2.96875 0.209465
-2.9375 0.203536

2.60938 0.137797
2.60438 0.140625

2.59375 0.14603
2.6033 0.140625

2.60938 0.137578
2.625 0.127085

-2.94899 0.21875
-2.9375 0.238176

-2.9375 0.237575
-2.90625 0.229285

-2.90625 0.231401
-2.90117 0.234375

-2.90239 0.234375
-2.89062 0.244831

2.64062 0.0305881
2.63781 0.03125

2.64062 0.0304802
2.65625 0.0261797

2.625 0.0342386
2.63771 0.03125

2.65625 0.0262243
2.67188 0.021386

2.6875 0.015261
2.68655 0.015625

2.67188 0.0216497
2.6875 0.0156791

-2.89062 0.246016
-2.88786 0.25

-2.93197 0.25
-2.91077 0.28125

-2.90909 0.28125
-2.90625 0.283129

-2.90625 0.277432
-2.89062 0.278403

-2.88771 0.25
-2.88129 0.265625

-2.88035 0.265625
-2.87861 0.28125

2.625 0.0834178
2.64062 0.0810262

2.64062 0.0815051
2.65625 0.0827873

2.64062 0.115777
2.62601 0.125

2.64062 0.115394
2.65625 0.109838

2.65625 0.082232
2.67188 0.0865896

2.67188 0.0850264
2.6875 0.0891536

2.67188 0.106983
2.66697 0.109375

2.65625 0.111631
2.6663 0.109375

2.67188 0.109345
2.6875 0.101862

2.6875 0.0149569
2.70312 0.00877104

2.70312 0.00901499
2.71875 0.00354825

2.71875 0.00348586
2.72932 0

2.71875 0.0620245
2.73438 0.0506631

2.73438 0.0462135
2.73697 0.046875

2.73589 0.046875
2.75 0.0616035

2.6875 0.0880974
2.70312 0.0893866

2.71875 0.0738061
2.71669 0.078125

2.70312 0.085468
2.71875 0.0890327

2.6875 0.106952
2.70312 0.103201

2.71853 0.09375
2.70603 0.109375

2.71875 0.0680731
2.7265 0.078125

2.71875 0.0853359
2.72867 0.078125

2.74496 0.0625
2.73513 0.078125

2.625 0.126756
2.62769 0.125

-2.90567 0.28125
-2.875 0.293781

-2.875 0.276984
-2.87236 0.28125

-2.87331 0.28125
-2.85938 0.294151

-2.875 0.306055
-2.86828 0.3125

-2.85938 0.293644
-2.85671 0.296875

2.75 0.0611199
2.75033 0.0625

2.81361 0
2.82812 0.00303545

2.82812 0.00162184
2.84375 0.00115995

2.84375 0.00133644
2.8542 0

-2.85584 0.296875
-2.84848 0.3125

2.98435 0
2.98438 0.000529827

2.98436 0.015625
2.98408 0.03125

2.98438 0.00572795
2.98479 0.015625

2.98438 0.0268663
2.98455 0.015625

2.98391 0.03125
2.98356 0.046875

2.98373 0.046875
2.98344 0.0625

2.98485 0.03125
2.9845 0.046875

2.98357 0.0625
2.98335 0.078125

2.98352 0.078125
2.98275 0.09375

2.98384 0.09375
2.97615 0.125

-2.87262 0.3125
-2.84375 0.325146

-2.84425 0.34375
-2.84375 0.344066

-2.84375 0.312888
-2.83156 0.328125

-2.84375 0.342874
-2.82812 0.338031

-2.82812 0.325948
-2.82672 0.328125

-2.8261 0.328125
-2.8269 0.34375

-2.84375 0.346869
-2.8125 0.344371

-2.8125 0.354869
-2.80756 0.359375

-2.8125 0.366062
-2.79816 0.359375

2.92188 0.200902
2.9375 0.200884

2.92196 0.203125
2.9375 0.206441

2.90625 0.224056
2.9312 0.21875

2.96875 0.130027
2.96381 0.140625

2.9668 0.140625
2.95897 0.15625

2.95312 0.169227
2.95253 0.171875

-2.5 -0.143194
-2.48438 -0.143842

-2.48438 -0.14366
-2.46875 -0.144875

-2.46875 -0.144981
-2.45312 -0.146916

-2.45312 -0.147508
-2.4375 -0.148766

2.95272 0.171875
2.95312 0.173269

2.95712 0.15625
2.95366 0.171875

2.95312 0.174154
2.9595 0.1875

2.96875 0.149927
2.97446 0.125

2.96875 0.187109
3 0.183212

2.95219 0.1875
2.96875 0.191585

-2.4375 -0.148896
-2.42188 -0.148033

-2.42188 -0.147768
-2.40625 -0.145055

-2.40625 -0.14487
-2.39062 -0.141207

-2.39062 -0.1411
-2.3888 -0.140625

-2.38871 -0.140625
-2.375 -0.137051

-2.375 -0.136945
-2.35938 -0.132839

-2.35938 -0.13282
-2.34375 -0.128926

2.94064 0.21875
2.9493 0.25

2.96875 0.201787
3 0.192397

-2.34375 -0.128834
-2.32812 -0.125374

-2.32812 -0.125349
-2.32622 -0.125

-2.32598 -0.125
-2.3125 -0.122524

-2.3125 -0.122471
-2.29688 -0.120254

-2.29688 -0.120245
-2.28125 -0.118793

-2.28125 -0.118853
-2.26562 -0.118066

-2.26562 -0.118131
-2.25 -0.117761

2.85938 0.296087
2.85896 0.296875

2.85777 0.296875
2.85938 0.305913

2.85938 0.2937
2.875 0.290645

-2.125 -0.125089
-2.12731 -0.125

-2.25 -0.117748
-2.23438 -0.11769

-2.23438 -0.11764
-2.21875 -0.118018

2.85938 0.306266
2.875 0.304983

2.84375 0.325198
2.83372 0.328125

-2.21875 -0.11801
-2.20312 -0.118936

-2.20312 -0.118986
-2.1875 -0.120377

-2.1875 -0.120467
-2.17188 -0.122044

-2.17188 -0.122138
-2.15625 -0.123534

-2.15625 -0.12356
-2.14062 -0.124537

2.82812 0.329154
2.84375 0.329154

2.87261 0.3125
2.875 0.312543

2.89062 0.263765
2.88871 0.265625

2.88905 0.265625
2.88603 0.28125

2.90625 0.253194
2.89929 0.265625

2.89062 0.279769
2.8913 0.28125

2.88692 0.28125
2.90625 0.288055

2.90625 0.278457
2.9375 0.279351

2.90625 0.281879
2.91237 0.28125

2.9375 0.277098
2.95412 0.25

3 -0.125068
3.00014 -0.125

3 -0.0954685
3.00361 -0.09375

3 -0.0845433
3.00995 -0.0625

-2.14062 -0.124491
-2.12735 -0.125

-2.125 -0.125073
-2.10938 -0.12542

3.00231 -0.0625
3.00029 -0.03125

3 -5.24828e-05
3.00076 0

3.0625 -0.00871775
3.03694 0

-2.10938 -0.125448
-2.09375 -0.125518

-2.09375 -0.125471
-2.07812 -0.125304

-2.07812 -0.125167
-2.0625 -0.125129

3.125 -0.00521303
3.09299 0

-2.0625 -0.125203
-2.04688 -0.12542

3.25 -0.00433137
3.20529 0

3.5 -0.00312584
3.40478 0

3.03125 0.0210091
3.01815 0.03125

-2.04688 -0.125589
-2.03125 -0.125573

-2.03125 -0.125596
-2.01646 -0.125

3.02748 0.03125
3.0225 0.0625

3.03125 0.0119276
3.04691 0

3.02446 0.0625
3.02579 0.09375

3.02246 0.09375
3.02519 0.125

3.0625 0.0123168
3.09551 0

-2.01701 -0.125
-2.01562 -0.124944

-2.01562 -0.124884
-2 -0.123757

3 0.172992
3.02715 0.125

3 0.192706
3.00481 0.1875

3.125 0.0076357
3.18964 0

3.25 0.00310733
3.34075 0

4 -0.00390693
3.59081 0

-2.45312 0.437716
-2.45291 0.4375

-2 -0.123685
-1.98438 -0.122364

-1.98438 -0.122313
-1.96875 -0.121043

-1.96875 -0.121037
-1.95312 -0.119932

-1.95312 -0.119904
-1.9375 -0.119032

-1.9375 -0.118964
-1.92188 -0.118518

-1.92188 -0.118486
-1.90625 -0.118664

-1.90625 -0.118737
-1.89062 -0.119454

-1.89062 -0.11958
-1.875 -0.120437

-1.875 -0.120511
-1.85938 -0.121105

-1.85938 -0.121105
-1.84375 -0.121291

-1.84375 -0.121255
-1.82812 -0.121106

-1.82812 -0.121077
-1.8125 -0.120725

-1.8125 -0.120709
-1.79688 -0.120244

-1.79688 -0.120256
-1.78125 -0.119687

-1.78125 -0.119703
-1.76562 -0.118976

-1.76562 -0.119018
-1.75 -0.118017

-1.75 -0.118023
-1.73438 -0.116654

-1.73438 -0.11669
-1.71875 -0.114871

-1.71875 -0.115019
-1.70312 -0.112381

-1.70312 -0.111765
-1.68835 -0.109375

-1.68419 -0.109375
-1.67188 -0.107524

-1.67188 -0.107277
-1.65625 -0.104345

-1.65625 -0.103994
-1.64062 -0.101568

-1.64062 -0.101401
-1.625 -0.100518

-1.625 -0.100401
-1.60938 -0.101626

-1.60938 -0.101914
-1.59375 -0.104905

-1.57812 -0.10998
-1.5798 -0.109375

-1.59375 -0.104159
-1.5793 -0.109375

-1.57812 -0.111512
-1.5625 -0.117864

-1.5625 -0.117947
-1.54688 -0.121449

-1.54688 -0.121292
-1.53125 -0.122092

-1.53125 -0.121994
-1.51562 -0.120604

-1.51562 -0.12033
-1.5 -0.117494

-1.5 -0.117328
-1.48438 -0.113928

-1.48438 -0.113613
-1.46875 -0.110613

-1.46875 -0.110403
-1.46104 -0.109375

-1.44962 -0.109375
-1.4375 -0.105685

-1.4375 -0.103573
-1.42188 -0.0966518

-1.42188 -0.0955506
-1.41369 -0.09375

-1.41038 -0.09375
-1.40625 -0.0928406

-1.40624 -0.09375
-1.39062 -0.0927193

-1.38925 -0.09375
-1.375 -0.0899972

-1.29688 -0.125432
-1.30477 -0.125

-1.29688 -0.125765
-1.28125 -0.125118

-1.28125 -0.125107
-1.28072 -0.125

-1.34375 -0.114521
-1.34613 -0.109375

-1.375 -0.0883706
-1.35938 -0.0816369

-1.34375 -0.0793587
-1.35507 -0.078125

-1.34389 -0.078125
-1.34375 -0.0780744

-1.34375 -0.112005
-1.33034 -0.125

-1.34375 -0.103262
-1.33999 -0.09375

-1.32812 -0.121906
-1.3136 -0.125

-1.32812 -0.0835425
-1.32849 -0.078125

-1.34375 -0.0753454
-1.32812 -0.0723886

-1.32812 -0.0883015
-1.31641 -0.078125

-1.32812 -0.0645731
-1.3125 -0.0708288

-1.30838 -0.125
-1.29688 -0.124528

-1.28666 -0.125
-1.28125 -0.12402

-1.28125 -0.101181
-1.29383 -0.09375

-1.29688 -0.0863911
-1.30719 -0.078125

-1.3125 -0.0712935
-1.29688 -0.0739837

-1.29688 -0.0789546
-1.29473 -0.09375

-1.29688 -0.0777399
-1.28125 -0.0725702

-1.28078 -0.125
-1.26562 -0.122193

-1.28125 -0.100761
-1.26562 -0.0954859

-1.26562 -0.121565
-1.25 -0.116322

-1.26562 -0.107392
-1.26435 -0.109375

-1.28125 -0.0712744
-1.26789 -0.078125

-1.26369 -0.09375
-1.26445 -0.078125

-1.25 -0.115221
-1.23741 -0.109375

-1.23438 -0.10751
-1.21875 -0.10119

-1.21875 -0.100749
-1.20312 -0.0974282

-1.20312 -0.0979184
-1.1875 -0.0974974

-1.1875 -0.0976622
-1.17188 -0.0988312

-1.17188 -0.0989096
-1.15625 -0.101182

-1.15625 -0.10136
-1.14062 -0.104224

-1.14062 -0.10439
-1.125 -0.107157

-1.04688 -0.130422
-1.05435 -0.125

-1.03125 -0.149713
-1.03799 -0.140625

-1.04688 -0.13052
-1.03749 -0.140625

-1.01562 -0.171079
-1.02894 -0.15625

-1.01562 -0.172247
-1 -0.179966

-1.01562 -0.171232
-1.01445 -0.171875

-1.03125 -0.149883
-1.02678 -0.15625

-1.10938 -0.109534
-1.11042 -0.109375

-1.125 -0.10714
-1.11027 -0.109375

-1.09375 -0.111707
-1.109 -0.109375

-1.09375 -0.11151
-1.07812 -0.114704

-1.07812 -0.114069
-1.0625 -0.119733

-1.0625 -0.118792
-1.05312 -0.125

