-4 -0.00544015
-3.61671 0

-3.51451 0
-3.5 0.000205979

-3.5 -0.00286057
-3.4381 0

-3.25 -0.00379671
-3.22302 0

-3.125 -0.00481319
-3.10776 0

-3 -0.0670622
-3.00165 -0.0625

-3.0625 -0.000761625
-3.06067 0

-3.00185 -0.0625
-3 -0.0524431

-3.03125 -0.00135388
-3.02816 0

-3.39593 0
-3.25 0.00674459

-3.2138 0
-3.125 0.0131741

-3.10404 0
-3.0625 0.0210297

-3.0625 0.00741409
-3.03278 0.03125

-3.04415 0.03125
-3.03125 0.0599458

-3.03125 0.0243951
-3.02558 0.03125

-3.03125 0.0526094
-3.02912 0.0625

-3.03998 0.0625
-3.0321 0.09375

-3.03786 0.09375
-3.03125 0.108531

-3.03125 0.0851788
-3.02787 0.09375

-3.03125 0.0955552
-3.00635 0.125

-3.01726 0.125
-3 0.152576

-3 -0.0814054
-2.98438 -0.0783657

-3 -0.0756015
-2.99384 -0.078125

-3 -0.0558518
-2.99929 -0.0625

1.5 -0.239526
1.51562 -0.239978

1.51562 -0.239794
1.53125 -0.240006

1.53125 -0.239882
1.54688 -0.240471

1.54688 -0.240556
1.5625 -0.241599

-3 -0.0353898
-2.99591 -0.03125

-0.984375 -0.00139878
-0.997969 0

-0.984375 -0.00137646
-0.96875 -0.00309514

-0.96875 -0.00309442
-0.953125 -0.00497227

-0.953125 -0.00497212
-0.9375 -0.00701092

-0.9375 -0.00701821
-0.921875 -0.00920368

-0.921875 -0.00918257
-0.90625 -0.0115423

-0.90625 -0.0114884
-0.890625 -0.0141725

-0.875 -0.0173359
-0.883404 -0.015625

-0.890625 -0.0141233
-0.883248 -0.015625

-0.875 -0.0173298
-0.859375 -0.0210544

-0.859375 -0.021037
-0.84375 -0.0253226

1.5625 -0.241685
1.57812 -0.242839

1.57812 -0.242868
1.59375 -0.243903

-0.8125 -0.034941
-0.825046 -0.03125

1.59375 -0.24393
1.60938 -0.244736

-2.98438 -0.0174969
-2.9962 -0.015625

1.60938 -0.244755
1.625 -0.245237

-0.84375 -0.025406
-0.828125 -0.0301204

-0.828125 -0.0301856
-0.824507 -0.03125

-0.8125 -0.0350337
-0.796875 -0.03888

-0.796875 -0.038911
-0.78125 -0.0416914

-0.78125 -0.0416507
-0.765625 -0.0433846

-0.765625 -0.0432962
-0.75 -0.0442417

-3 -0.000673498
-2.98438 -0.00082901

-2.98438 -0.0192864
-2.98409 -0.015625

-0.75 -0.0441454
-0.734375 -0.0446718

-0.734375 -0.0446013
-0.71875 -0.0450419

-0.71875 -0.0450086
-0.703125 -0.0455711

-0.703125 -0.045493
-0.6875 -0.0464003

-0.671875 -0.0477724
-0.683521 -0.046875

-0.6875 -0.0463723
-0.680976 -0.046875

-0.671875 -0.0478007
-0.65625 -0.0489088

-0.65625 -0.0489533
-0.640625 -0.0496882

-0.640625 -0.0498991
-0.625 -0.0497501

-0.625 -0.0497446
-0.609375 -0.0483008

-0.609375 -0.0475113
-0.600409 -0.046875

-0.601033 -0.046875
-0.59375 -0.0463581

-0.578125 -0.0473723
-0.5858 -0.046875

-0.59375 -0.0462512
-0.584123 -0.046875

-0.578125 -0.0479417
-0.5625 -0.049982

-0.5625 -0.0500946
-0.546875 -0.0516765

-0.546875 -0.0516005
-0.53125 -0.052651

-0.53125 -0.0525927
-0.515625 -0.0533803

-0.515625 -0.0532926
-0.5 -0.0541096

-1 0.000200381
-0.998053 0

1.625 -0.245221
1.64062 -0.245372

-3 0.0132356
-2.98438 0.0132356

-3 0.0274723
-2.98438 0.0274723

-3 0.0372407
-2.98438 0.0372407

-3 0.0506484
-2.98438 0.0506484

-3 0.0652971
-2.98438 0.0652971

-3 0.0933362
-2.98438 0.0933362

-3 0.0998398
-2.96954 0.125

-2.96875 0.109153
-2.96853 0.109375

-2.99261 0.125
-2.9777 0.15625

-3 0.166753
-2.98281 0.1875

-2.96875 0.147112
-2.95312 0.151037

-2.96875 0.163591
-2.95312 0.156378

-2.96875 0.185504
-2.95899 0.171875

-2.95312 0.171667
-2.953 0.171875

-2.94417 0.171875
-2.94121 0.1875

-2.98881 0.1875
-2.96875 0.206659

-2.96979 0.21875
-2.96875 0.221906

-2.95612 0.1875
-2.9375 0.215595

-2.96367 0.21875
-2.94336 0.25

-2.9375 0.206014
-2.9299 0.21875

-0.5 -0.0540888
-0.484375 -0.0551522

-0.484375 -0.0552576
-0.46875 -0.0563981

-0.46875 -0.0565175
-0.453125 -0.0572854

-0.453125 -0.0573447
-0.4375 -0.0573826

-0.4375 -0.0573941
-0.421875 -0.0565604

-0.421875 -0.0565264
-0.40625 -0.0548661

-0.40625 -0.0547661
-0.390625 -0.0525472

-0.390625 -0.0523965
-0.375 -0.0501207

-0.375 -0.0500158
-0.359375 -0.0481942

-0.359375 -0.0482257
-0.34375 -0.047005

-0.34375 -0.0471188
-0.339666 -0.046875

-0.339411 -0.046875
-0.328125 -0.0462013

-2.93625 0.21875
-2.90625 0.247291

-2.95732 0.25
-2.9375 0.267603

-2.93176 0.25
-2.90625 0.262425

-2.90625 0.251936
-2.89062 0.264623

-2.8915 0.265625
-2.89062 0.266133

-2.89062 0.26522
-2.89022 0.265625

-2.89062 0.265978
-2.87576 0.28125

-2.87605 0.28125
-2.875 0.282144

-0.328125 -0.0462895
-0.3125 -0.0452103

-0.3125 -0.0452058
-0.296875 -0.0438048

-0.296875 -0.0437231
-0.28125 -0.0421726

-0.28125 -0.042083
-0.265625 -0.0407256

-0.265625 -0.0406757
-0.25 -0.0397902

1.64062 -0.245319
1.65625 -0.245277

-0.25 -0.0397853
-0.234375 -0.0394811

-0.234375 -0.0395071
-0.21875 -0.039742

0 -0.0433896
0.015625 -0.0409295

1.65625 -0.245244
1.67188 -0.245181

-2.875 0.28275
-2.86051 0.296875

0.015625 -0.0410393
0.03125 -0.0374695

-0.21875 -0.0397773
-0.203125 -0.0404285

-0.203125 -0.0404563
-0.1875 -0.0413976

-0.1875 -0.0414193
-0.171875 -0.0425517

1.67188 -0.24519
1.6875 -0.245157

1.6875 -0.245186
1.70312 -0.245109

1.70312 -0.245129
1.71875 -0.244909

1.71875 -0.244905
1.73438 -0.244508

0.03125 -0.0373162
0.046875 -0.0327237

-2.86057 0.296875
-2.85938 0.297968

-2.85938 0.297291
-2.84375 0.311659

-2.84404 0.3125
-2.84375 0.312707

-2.84375 0.315183
-2.82812 0.323024

-2.82812 0.322433
-2.8125 0.317885

-2.79688 0.306964
-2.81098 0.3125

-2.79688 0.308998
-2.78125 0.306788

-0.171875 -0.0425788
-0.15625 -0.0438045

1.73438 -0.244492
1.75 -0.243958

-0.15625 -0.0438355
-0.140625 -0.045038

-0.140625 -0.04506
-0.125 -0.0461333

1.75 -0.243941
1.76562 -0.243337

-0.109375 -0.0470079
-0.111769 -0.046875

-0.125 -0.0461513
-0.111967 -0.046875

-2.78125 0.306713
-2.76562 0.304463

-2.76562 0.304193
-2.75 0.302592

-2.8125 0.312783
-2.81178 0.3125

1.76562 -0.243352
1.78125 -0.242683

-2.75 0.303115
-2.73438 0.301658

-2.73438 0.301378
-2.71875 0.299579

1.78125 -0.24271
1.79688 -0.241892

1.79688 -0.241878
1.8125 -0.240885

-2.71875 0.299552
-2.70312 0.298026

-2.6875 0.296815
-2.68826 0.296875

1.8125 -0.240884
1.82812 -0.239746

1.82812 -0.239679
1.84375 -0.238535

-2.70312 0.298048
-2.68837 0.296875

1.84375 -0.238456
1.85938 -0.237595

-0.109375 -0.0470348
-0.09375 -0.0476293

0.046875 -0.0325077
0.0510972 -0.03125

-2.6875 0.296871
-2.67188 0.295738

0.0505962 -0.03125
0.0625 -0.0277042

0.0625 -0.0272152
0.078125 -0.0242075

1.85938 -0.237922
1.875 -0.23685

0.078125 -0.0237634
0.09375 -0.0243439

1.875 -0.237184
1.89062 -0.23477

-0.09375 -0.0476484
-0.078125 -0.0478964

-0.078125 -0.0479049
-0.0625 -0.0477511

-0.0625 -0.0477423
-0.046875 -0.0471873

-0.046875 -0.0471923
-0.0414374 -0.046875

-0.0419113 -0.046875
-0.03125 -0.046253

-0.03125 -0.0462774
-0.015625 -0.0450056

-0.015625 -0.045045
0 -0.043304

-2.67188 0.295754
-2.65625 0.294569

-2.65625 0.294553
-2.64062 0.293316

-2.64062 0.293336
-2.625 0.292042

0.125 -0.0403832
0.110083 -0.03125

0.09375 -0.0240109
0.109375 -0.029734

1.88625 -0.234375
1.89062 -0.233699

0.109375 -0.0298616
0.111842 -0.03125

0.21875 -0.129118
0.215106 -0.125

0.21875 -0.12671
0.234375 -0.136657

0.234375 -0.134409
0.25 -0.135124

1.89062 -0.234689
1.89217 -0.234375

0.15625 -0.0718151
0.147725 -0.0625

0.171875 -0.0842242
0.163259 -0.078125

1.89062 -0.234132
1.90625 -0.230953

1.90625 -0.230943
1.92188 -0.228105

1.92188 -0.22821
1.9375 -0.225555

0.15625 -0.0715605
0.164195 -0.078125

0.171875 -0.0828675
0.1875 -0.0914607

0.140625 -0.0533731
0.13318 -0.046875

0.125 -0.0393205
0.134998 -0.046875

0.140625 -0.0517844
0.150503 -0.0625

0.203125 -0.101477
0.193746 -0.09375

1.9375 -0.225846
1.95312 -0.222581

0.21875 -0.123394
0.207569 -0.109375

0.203125 -0.10196
0.209367 -0.109375

0.1875 -0.0898201
0.193424 -0.09375

0.21875 -0.123887
0.220051 -0.125

1.95312 -0.222882
1.96628 -0.21875

0.25 -0.134236
0.265625 -0.131895

-2.625 0.29204
-2.60938 0.290651

0.265625 -0.131568
0.28125 -0.128605

1.96507 -0.21875
1.96875 -0.217593

0.28125 -0.12863
0.296875 -0.125652

0.296875 -0.125818
0.300429 -0.125

0.301062 -0.125
0.3125 -0.122367

0.3125 -0.121901
0.328125 -0.117995

0.328125 -0.117648
0.34375 -0.114983

1.96875 -0.216557
1.98438 -0.21224

1.98438 -0.212773
2 -0.210665

0.34375 -0.114987
0.359375 -0.114252

0.359375 -0.114686
0.375 -0.115002

-2.60938 0.290677
-2.59375 0.289147

-2.59375 0.289139
-2.57812 0.287432

-2.57812 0.287419
-2.5625 0.285579

-2.5625 0.285536
-2.54688 0.283676

-2.54688 0.283618
-2.53125 0.281942

0.4375 -0.126602
0.431737 -0.125

0.4375 -0.1264
0.453125 -0.128363

0.453125 -0.128037
0.46875 -0.128123

0.46875 -0.127947
0.484375 -0.127159

0.484375 -0.127093
0.5 -0.125913

0.375 -0.11505
0.390625 -0.115455

0.390625 -0.114793
0.40625 -0.116514

0.40625 -0.116569
0.421875 -0.120819

0.421875 -0.121851
0.433201 -0.125

-2.51562 0.280625
-2.52327 0.28125

-2.51562 0.280614
-2.5 0.279839

-2.53125 0.281886
-2.52347 0.28125

-2.26562 0.0731324
-2.2692 0.078125

-2.26893 0.078125
-2.26562 0.084052

-2.26562 0.0738939
-2.257 0.078125

-2.26562 0.0835308
-2.257 0.078125

0.703125 -0.313761
0.701615 -0.3125

2 -0.211081
2.01562 -0.209283

0.703125 -0.313507
0.71875 -0.314975

0.71875 -0.315374
0.722981 -0.3125

0.700199 -0.3125
0.698815 -0.296875

0.701706 -0.296875
0.703125 -0.295346

0.703125 -0.310635
0.704912 -0.3125

0.703125 -0.293853
0.71875 -0.290894

0.723456 -0.3125
0.726497 -0.296875

0.71875 -0.288377
0.728444 -0.296875

-2.26562 0.194161
-2.2685 0.203125

-2.26696 0.203125
-2.26562 0.206351

-2.26562 0.198618
-2.25033 0.1875

-2.26562 0.206953
-2.25 0.217674

2.01562 -0.209218
2.03125 -0.20703

0.5 -0.125718
0.509768 -0.125

-2.5 0.27986
-2.48438 0.279551

-2.48438 0.279593
-2.46875 0.279623

-2.46875 0.279667
-2.45312 0.279864

0.511947 -0.125
0.515625 -0.12473

0.515625 -0.124614
0.53125 -0.123798

0.53125 -0.123883
0.546875 -0.123238

2.03125 -0.207022
2.04688 -0.20459

2.04688 -0.204278
2.05581 -0.203125

2.05563 -0.203125
2.0625 -0.202238

0.546875 -0.12324
0.5625 -0.12259

0.5625 -0.122511
0.578125 -0.122011

0.578125 -0.121982
0.59375 -0.121849

2.0625 -0.202321
2.07812 -0.201223

2.07812 -0.201207
2.09375 -0.200921

2.09375 -0.200774
2.10938 -0.201626

0.59375 -0.121924
0.609375 -0.122068

0.609375 -0.122196
0.625 -0.122214

0.625 -0.122303
0.640625 -0.12176

0.640625 -0.121745
0.65625 -0.120493

0.65625 -0.120366
0.671875 -0.11869

2.125 -0.203889
2.11968 -0.203125

2.10938 -0.201645
2.11968 -0.203125

2.125 -0.204252
2.14062 -0.207121

2.14062 -0.207407
2.15625 -0.209602

2.15625 -0.209617
2.17188 -0.210535

0.671875 -0.118589
0.6875 -0.116945

0.6875 -0.116987
0.703125 -0.115491

0.703125 -0.1155
0.71875 -0.114049

2.17188 -0.21051
2.1875 -0.210175

2.1875 -0.210306
2.20312 -0.208505

2.20312 -0.209006
2.21875 -0.204493

2.21785 -0.203125
2.21875 -0.202866

2.21875 -0.205206
2.22454 -0.203125

2.21875 -0.202799
2.23438 -0.197187

0.71875 -0.113999
0.734375 -0.112673

0.734375 -0.11271
0.75 -0.111533

2.23438 -0.197195
2.25 -0.193838

0.75 -0.111527
0.765625 -0.110438

0.765625 -0.110347
0.78125 -0.109538

2.25 -0.194373
2.26562 -0.192959

0.78125 -0.109539
0.787748 -0.109375

0.789418 -0.109375
0.796875 -0.109186

0.796875 -0.109334
0.8125 -0.108971

2.26562 -0.193105
2.28125 -0.192274

2.28125 -0.192208
2.29688 -0.191802

2.29688 -0.191641
2.3125 -0.192113

0.8125 -0.109202
0.828125 -0.108075

0.828125 -0.107895
0.84375 -0.1059

0.84375 -0.104687
0.859375 -0.10461

2.3125 -0.192119
2.32812 -0.193782

0.875 -0.110526
0.871659 -0.109375

0.859375 -0.103992
0.875 -0.109373

0.90625 -0.126491
0.902798 -0.125

0.90625 -0.126377
0.921875 -0.131432

0.921875 -0.131321
0.9375 -0.135827

2.32812 -0.194093
2.34375 -0.19631

2.34375 -0.196742
2.35938 -0.198027

2.35938 -0.198483
2.375 -0.19706

0.9375 -0.135828
0.953125 -0.140002

0.96875 -0.144074
0.956372 -0.140625

0.953125 -0.139846
0.955921 -0.140625

2.375 -0.197201
2.39062 -0.191873

2.39062 -0.191159
2.39869 -0.1875

2.39668 -0.1875
2.40625 -0.183158

0.96875 -0.144253
0.984375 -0.148995

0.984375 -0.149262
1 -0.153549

0.875 -0.111245
0.890625 -0.119574

2.40625 -0.18282
2.42188 -0.177884

0.890625 -0.120208
0.901722 -0.125

-2.45312 0.27989
-2.4375 0.280113

-2.4375 0.280116
-2.42188 0.280309

-2.42188 0.280304
-2.40625 0.280473

-2.40625 0.280477
-2.39062 0.280626

-2.39062 0.280653
-2.375 0.280719

-2.375 0.280771
-2.35938 0.280595

-2.35938 0.280652
-2.34375 0.280017

2.42188 -0.177819
2.4375 -0.176669

2.5 -0.221728
2.49431 -0.21875

2.48438 -0.202296
2.47082 -0.1875

2.48438 -0.211545
2.49318 -0.21875

2.4375 -0.17662
2.45312 -0.179484

2.45312 -0.179036
2.46875 -0.186904

2.46875 -0.185788
2.47111 -0.1875

1.01562 -0.156816
1.0131 -0.15625

1.01562 -0.156765
1.03125 -0.160089

1 -0.153473
1.01236 -0.15625

1.03125 -0.160119
1.04688 -0.163575

1.04688 -0.163639
1.0625 -0.167038

2.5 -0.225145
2.51562 -0.218859

1.0625 -0.167103
1.07812 -0.170186

1.09375 -0.17277
1.08865 -0.171875

1.07812 -0.170191
1.08772 -0.171875

1.09375 -0.173038
1.10938 -0.175218

1.10938 -0.175382
1.125 -0.176347

2.50308 -0.21875
2.51562 -0.212455

2.51562 -0.21008
2.52266 -0.203125

2.52225 -0.203125
2.53125 -0.195653

1.125 -0.176317
1.14062 -0.1758

1.14062 -0.175463
1.15625 -0.174195

1.15625 -0.173793
1.17188 -0.173251

2.53125 -0.195371
2.54359 -0.1875

2.54393 -0.1875
2.54688 -0.185772

2.54688 -0.185757
2.5625 -0.179469

1.17188 -0.17322
1.1875 -0.174273

1.1875 -0.174482
1.20312 -0.176771

1.20312 -0.176938
1.21875 -0.179708

2.5625 -0.179552
2.57812 -0.176188

2.57812 -0.176463
2.59375 -0.175309

2.59375 -0.175629
2.60938 -0.175492

1.21875 -0.17978
1.23438 -0.182552

1.23438 -0.18256
1.25 -0.185176

2.60938 -0.175931
2.625 -0.175294

1.26562 -0.187583
1.26511 -0.1875

2.625 -0.175535
2.64062 -0.173037

1.26562 -0.187636
1.28125 -0.190079

1.28125 -0.190086
1.29688 -0.192481

2.64062 -0.173113
2.64523 -0.171875

2.6433 -0.171875
2.65625 -0.168396

2.65625 -0.168031
2.67188 -0.163745

1.29688 -0.192413
1.3125 -0.194882

1.25 -0.185153
1.2647 -0.1875

1.3125 -0.194801
1.32812 -0.197639

2.67188 -0.163727
2.6875 -0.160363

2.6875 -0.160352
2.70312 -0.15797

2.70312 -0.158038
2.71875 -0.156523

1.32812 -0.197688
1.34375 -0.200959

1.35938 -0.204809
1.35288 -0.203125

1.34375 -0.200721
1.35302 -0.203125

1.35938 -0.204604
1.375 -0.210247

-2.34375 0.280059
-2.32812 0.278767

-2.32812 0.278788
-2.3125 0.276712

-2.3125 0.276757
-2.29688 0.273762

-2.29688 0.273826
-2.28125 0.269694

-2.26562 0.26457
-2.26894 0.265625

-2.28125 0.269468
-2.26919 0.265625

-2.26562 0.264689
-2.25 0.258917

-2.25 0.187222
-2.24936 0.1875

-2.24931 0.1875
-2.2373 0.203125

-2.23678 0.203125
-2.24968 0.21875

-2.21875 0.245086
-2.23 0.25

-2.21875 0.244804
-2.20312 0.238812

-2.20312 0.238513
-2.1875 0.234439

-2.1875 0.234313
-2.17188 0.233005

-2.1875 0.234426
-2.18689 0.234375

-2.17188 0.233036
-2.15905 0.234375

-2.15951 0.234375
-2.15625 0.234716

1.40625 -0.223037
1.39393 -0.21875

2.71875 -0.156501
2.72393 -0.15625

-2.15625 0.234896
-2.14062 0.23895

-2.14062 0.239322
-2.125 0.244617

1.375 -0.210825
1.39062 -0.217271

2.72423 -0.15625
2.73438 -0.155758

1.39062 -0.217593
1.39395 -0.21875

1.40625 -0.222835
1.42188 -0.227002

1.42188 -0.22688
1.4375 -0.230424

2.73438 -0.155855
2.75 -0.155676

-2.125 0.244909
-2.10973 0.25

2.78125 -0.15653
2.77175 -0.15625

1.4375 -0.230469
1.45312 -0.233545

2.75 -0.155641
2.76562 -0.155909

2.76562 -0.156072
2.77167 -0.15625

2.78125 -0.156388
2.79688 -0.157004

1.46875 -0.236085
1.45863 -0.234375

1.45312 -0.233565
1.45792 -0.234375

1.46875 -0.236239
1.48438 -0.238334

1.48438 -0.23838
1.5 -0.239613

-2.25 0.25879
-2.23438 0.252118

-2.23438 0.251768
-2.23033 0.25

2.79688 -0.157285
2.8125 -0.157779

-2.1097 0.25
-2.10938 0.250107

2.8125 -0.157453
2.82812 -0.157917

2.82812 -0.158312
2.84375 -0.158605

-2.10938 0.250227
-2.09375 0.254555

-2.09375 0.25461
-2.07812 0.257732

-2.07812 0.257713
-2.0625 0.259556

-2.0625 0.259536
-2.04688 0.260176

-2.04688 0.260191
-2.03125 0.259638

-2.03125 0.259653
-2.01562 0.257845

-2.01562 0.257925
-2 0.254674

2.84375 -0.157988
2.85938 -0.158551

2.85938 -0.159218
2.875 -0.159952

2.875 -0.15929
2.89062 -0.160184

2.89062 -0.160873
2.90625 -0.161876

2.90625 -0.160271
2.92188 -0.163214

2.92188 -0.164201
2.9375 -0.170323

2.9375 -0.187667
2.93804 -0.1875

2.9375 -0.180836
2.95312 -0.175422

2.94209 -0.171875
2.95312 -0.161377

2.95312 -0.175287
2.95479 -0.171875

2.95312 -0.156635
2.95327 -0.15625

2.94993 -0.15625
2.95312 -0.151987

2.95312 -0.153001
2.9606 -0.140625

2.96519 -0.140625
2.96875 -0.136138

2.96875 -0.126596
2.9697 -0.125

2.97716 -0.125
2.99031 -0.09375

2.98438 -0.0738846
2.9817 -0.0625

2.99177 -0.09375
2.99083 -0.078125

2.98438 -0.0628785
2.988 -0.078125

2.98416 -0.0625
2.98374 -0.046875

2.98421 -0.046875
2.98438 -0.0396273

2.98432 -0.03125
2.98438 -0.0306907

2.98438 -0.0251633
2.98529 -0.015625

2.98598 -0.015625
2.98871 0

-1.98438 0.249861
-1.98483 0.25

-1.98438 0.249895
-1.96875 0.24368

-1.96875 0.243589
-1.95312 0.236043

-1.9375 0.227554
-1.95041 0.234375

2.98438 0.012416
2.98409 0.015625

2.98438 0.0175602
2.98165 0.03125

-1.95312 0.235879
-1.95028 0.234375

-1.90625 0.212548
-1.92093 0.21875

-1.9375 0.227261
-1.92188 0.219341

-1.92188 0.219244
-1.92071 0.21875

-1.90625 0.212662
-1.89062 0.207533

2.99077 0
2.98947 0.015625

2.98438 0.0300396
2.98729 0.015625

-1.89062 0.207312
-1.875 0.203881

-1.82812 0.17637
-1.83524 0.1875

-1.8125 0.161974
-1.82481 0.171875

-1.82812 0.176092
-1.82502 0.171875

2.98402 0.03125
2.98374 0.046875

2.98395 0.046875
2.984 0.0625

-1.85938 0.202414
-1.86592 0.203125

-1.875 0.204063
-1.86635 0.203125

-1.84375 0.199999
-1.85362 0.203125

-1.85938 0.203832
-1.85638 0.203125

-1.82812 0.187645
-1.84278 0.203125

2.98438 0.0325038
2.98442 0.03125

2.98391 0.0625
2.98407 0.078125

2.98395 0.078125
2.98438 0.0841304

2.98417 0.09375
2.99237 0.125

2.9375 0.202429
2.937 0.203125

2.93726 0.203125
2.92465 0.21875

-1.82812 0.187692
-1.82804 0.1875

-1.78125 0.151833
-1.79429 0.15625

-1.8125 0.163333
-1.79688 0.156348

-1.79688 0.156634
-1.79574 0.15625

-1.78125 0.151971
-1.76562 0.146535

2.92757 0.21875
2.92942 0.25

2.96875 0.150528
2.95423 0.15625

-1.76562 0.146367
-1.75 0.140732

-2 0.254625
-1.98481 0.25

2.95312 0.158114
2.94559 0.171875

2.95127 0.171875
2.94667 0.1875

2.95312 0.170787
2.96823 0.15625

-1.6875 0.120819
-1.7027 0.125

-1.6875 0.12078
-1.67188 0.117113

-1.67188 0.117039
-1.65625 0.114225

-1.65625 0.114172
-1.64062 0.112465

-1.64062 0.112503
-1.625 0.111935

-1.73438 0.135266
-1.74978 0.140625

-1.75 0.140716
-1.74974 0.140625

2.95985 0.171875
2.9546 0.1875

2.99354 0.125
2.98407 0.15625

-1.73438 0.135289
-1.71875 0.130067

-1.71875 0.129969
-1.70312 0.125113

-1.70312 0.125105
-1.70274 0.125

2.995 0.15625
2.99704 0.1875

-1.625 0.112072
-1.60938 0.112294

-1.60938 0.112441
-1.59375 0.112884

-1.59375 0.112925
-1.57812 0.113211

-1.57812 0.113128
-1.5625 0.113341

-1.5625 0.113234
-1.54688 0.113755

-1.54688 0.113733
-1.53125 0.114821

2.94863 0.1875
2.9447 0.21875

2.9375 0.249264
2.96875 0.236059

-1.53125 0.114919
-1.51562 0.116418

-1.51562 0.116565
-1.5 0.117985

2.98761 0.1875
2.97154 0.21875

2.96875 0.244133
2.97505 0.21875

2.85938 0.287457
2.85243 0.296875

2.8568 0.296875
2.85938 0.29926

2.85938 0.292327
2.86355 0.296875

2.85938 0.303579
2.86829 0.296875

2.9011 0.265625
2.90625 0.275336

2.9013 0.28125
2.90625 0.282971

2.91622 0.25
2.9375 0.274156

2.93719 0.28125
2.9375 0.281371

2.9375 0.266265
3 0.251724

3 -0.0961316
3.00094 -0.09375

-1.5 0.118078
-1.48438 0.118938

-1.48438 0.118944
-1.46875 0.119045

-1.46875 0.119015
-1.45312 0.118405

3 -0.0777975
3.00009 -0.0625

3.0625 -0.00591037
3.04612 0

3.125 -0.00780563
3.08915 0

-1.45312 0.118504
-1.4375 0.117046

-1.4375 0.117247
-1.42188 0.114341

-1.42188 0.11427
-1.40625 0.109656

-1.40625 0.109252
-1.39062 0.103867

-1.40625 0.109645
-1.40547 0.109375

-1.39062 0.103671
-1.375 0.0987129

3.25 -0.00561184
3.20885 0

-1.34375 0.0908321
-1.35555 0.09375

3.5 -0.00401584
3.41241 0

3.03125 0.0236205
3.01129 0.03125

-1.375 0.0987641
-1.35938 0.0945364

-1.35938 0.0945757
-1.35604 0.09375

-1.34375 0.0909261
-1.32812 0.0869194

-1.32812 0.0869424
-1.3125 0.0825037

-1.25 0.0607574
-1.2548 0.0625

-1.29688 0.0775456
-1.29869 0.078125

-1.3125 0.0825395
-1.29867 0.078125

3.03064 0.03125
3.03125 0.0361239

3.03125 0.0197438
3.05414 0

-1.29688 0.0774614
-1.28125 0.0720386

-1.28125 0.0719917
-1.26562 0.066408

-1.26562 0.0664144
-1.25485 0.0625

3.03125 0.0580004
3.03388 0.03125

3.03125 0.12032
3.02471 0.125

-1.25 0.0606769
-1.23438 0.055025

-1.23438 0.0550399
-1.21875 0.0495176

-1.20312 0.0441088
-1.21112 0.046875

3.03408 0.0625
3.0384 0.09375

3.04571 0.09375
3.03668 0.125

-1.21875 0.0495036
-1.21116 0.046875

-1.20312 0.0440679
-1.1875 0.0388549

-1.15625 0.0291277
-1.16322 0.03125

3.0625 0.0144281
3.08994 0

3 0.169564
3.02799 0.125

-1.1875 0.0388697
-1.17188 0.0338911

-1.17188 0.033881
-1.16323 0.03125

-1.15625 0.0290973
-1.14062 0.0246394

-1.14062 0.0246378
-1.125 0.0205392

3 0.190933
3.00136 0.1875

3.125 0.0110497
3.19565 0

-1.125 0.0205542
-1.10938 0.0167881

-1.09375 0.01334
-1.10418 0.015625

-1.10938 0.0167765
-1.10412 0.015625

-1.09375 0.0133346
-1.07812 0.0103087

-1.07812 0.0103175
-1.0625 0.00769143

-1.0625 0.00770334
-1.04688 0.00543579

-1.04688 0.0054544
-1.03125 0.00348432

-1.03125 0.00350182
-1.01562 0.00175701

3 0.251049
3.00065 0.25

3.25 0.0051519
3.36171 0

4 -0.00628992
3.54939 0

-1.01562 0.0017861
-1 0.000173397

