-4 -0.00434858
-3.66392 0

-3.55528 0
-3.5 0.000715254

1.5 -0.0126915
1.51562 -0.0110761

1.51562 -0.0107604
1.53125 -0.0107108

1.53125 -0.0110217
1.54688 -0.0125477

-3.5 -0.00224586
-3.44739 0

1.54688 -0.0131703
1.5625 -0.0144051

1.5625 -0.014519
1.57812 -0.0139897

1.57812 -0.0135755
1.59375 -0.0118828

-3.25 -0.00294669
-3.22773 0

-3.125 -0.0037472
-3.11063 0

-3 -0.0674062
-3.00891 -0.0625

-3.00884 -0.0625
-3 -0.0593435

-3.40411 0
-3.25 0.00661491

-3.2184 0
-3.125 0.0127184

-3.10649 0
-3.0625 0.0207727

1.59375 -0.00959471
1.60938 -0.0121435

1.625 -0.0244868
1.61425 -0.015625

1.60938 -0.0115417
1.61585 -0.015625

-3.0625 0.0070832
-3.03135 0.03125

-3.03993 0.03125
-3.03125 0.0469297

-3.03125 0.0549801
-3.02618 0.0625

-3.03355 0.0625
-3.03125 0.0769726

-3.03649 0.09375
-3.03125 0.106659

-3.03125 0.0760067
-3.0223 0.09375

1.64062 -0.0449337
1.62679 -0.03125

1.65625 -0.0535827
1.6449 -0.046875

1.64062 -0.0443977
1.64467 -0.046875

-3.03125 0.103616
-3.00369 0.125

-3.01273 0.125
-3 0.143978

1.625 -0.0262093
1.62918 -0.03125

1.65625 -0.0529292
1.67188 -0.0586425

1.67188 -0.0584414
1.6875 -0.0623916

1.70312 -0.0650364
1.68846 -0.0625

1.70312 -0.0649768
1.71875 -0.0666623

1.71875 -0.0665467
1.73438 -0.067568

1.73438 -0.0674288
1.75 -0.0682956

1.6875 -0.062346
1.68839 -0.0625

1.75 -0.0681952
1.76562 -0.0693867

1.76562 -0.0693682
1.78125 -0.071122

1.78125 -0.0711654
1.79688 -0.0734317

1.79688 -0.0734923
1.8125 -0.0760632

1.82812 -0.0787663
1.82444 -0.078125

1.8125 -0.0760911
1.82418 -0.078125

1.82812 -0.078839
1.84375 -0.0815991

1.84375 -0.0816169
1.85938 -0.0843043

-3 -0.0816982
-2.99643 -0.078125

-3 -0.0575269
-2.99794 -0.0625

-3 -0.0460129
-2.99851 -0.046875

1.85938 -0.0843052
1.875 -0.0868822

1.875 -0.0868776
1.89062 -0.0893519

1.89062 -0.0893332
1.90625 -0.0917514

1.92188 -0.0941628
1.91931 -0.09375

1.92188 -0.0942019
1.9375 -0.0969239

1.90625 -0.0917053
1.91898 -0.09375

1.9375 -0.0969655
1.95312 -0.0998251

1.95312 -0.0998643
1.96875 -0.1027

1.96875 -0.10272
1.98438 -0.105413

1.98438 -0.10543
2 -0.107905

-2.98438 0.0302808
-2.98485 0.03125

-2.96875 0.014879
-2.96969 0.015625

-2.96959 0.015625
-2.98219 0.03125

-2.98438 0.0465875
-2.98048 0.03125

-2.98342 0.046875
-2.98426 0.0625

-2.96875 0.015273
-2.95312 0.00774773

-2.95312 0.0100207
-2.9375 0.00804752

-2.98438 0.0909119
-2.98477 0.09375

-2.98401 0.0625
-2.98429 0.078125

-2.98438 0.0794775
-2.98419 0.078125

-2.98583 0.09375
-2.99634 0.125

-2.9375 0.00815085
-2.92188 0.00697729

-2.92188 0.00719082
-2.90625 0.00618311

-2.90625 0.00595112
-2.89062 0.00514618

-2.89062 0.00517262
-2.875 0.00498156

-3 0.152128
-2.96875 0.137501

0.046875 -0.000269286
0.045462 0

0.046875 -0.000253633
0.0625 -0.00287536

0.0625 -0.00289711
0.078125 -0.00517475

-0.875 -0.000264918
-0.88475 0

2.01562 -0.110068
2.01062 -0.109375

2 -0.107949
2.01029 -0.109375

2.01562 -0.110177
2.03125 -0.111818

2.03125 -0.111817
2.04688 -0.112779

2.04688 -0.11274
2.0625 -0.113107

2.0625 -0.113104
2.07812 -0.112957

2.07812 -0.112953
2.09375 -0.112305

2.09375 -0.112288
2.10938 -0.111178

2.10938 -0.111192
2.125 -0.109626

2.125 -0.109604
2.12689 -0.109375

2.12639 -0.109375
2.14062 -0.107646

2.14062 -0.107425
2.15625 -0.105802

2.15625 -0.10563
2.17188 -0.105078

2.17188 -0.105005
2.1875 -0.106014

2.1875 -0.106123
2.20312 -0.10862

2.21875 -0.112083
2.20537 -0.109375

2.20312 -0.108925
2.20535 -0.109375

2.21875 -0.112457
2.23438 -0.114936

2.23438 -0.115004
2.25 -0.115917

-0.875 -0.000250442
-0.859375 -0.000692431

-0.859375 -0.00067825
-0.84375 -0.0011963

0.078125 -0.00518627
0.09375 -0.00705327

2.35938 -0.125265
2.35642 -0.125

2.35938 -0.125114
2.375 -0.126401

2.25 -0.115518
2.26562 -0.115528

2.26562 -0.115164
2.28125 -0.115795

2.28125 -0.115949
2.29688 -0.117624

2.29688 -0.117796
2.3125 -0.119866

2.3125 -0.119898
2.32812 -0.121955

2.32812 -0.122039
2.34375 -0.123853

2.34375 -0.12385
2.35653 -0.125

2.375 -0.126323
2.39062 -0.127935

2.39062 -0.127956
2.40625 -0.130005

2.40625 -0.130036
2.42188 -0.132419

2.42188 -0.132452
2.4375 -0.135043

2.4375 -0.135103
2.45312 -0.137718

2.45312 -0.137782
2.46875 -0.140175

2.48438 -0.142187
2.47207 -0.140625

2.46875 -0.140211
2.47201 -0.140625

2.48438 -0.142183
2.5 -0.143709

-0.84375 -0.00118758
-0.828125 -0.00182749

2.5 -0.143652
2.51562 -0.144848

2.51562 -0.144808
2.53125 -0.145867

2.53125 -0.14585
2.54688 -0.146885

2.54688 -0.14689
2.5625 -0.147922

2.5625 -0.147911
2.57812 -0.148953

-0.828125 -0.00182734
-0.8125 -0.00260686

-2.99916 0.15625
-2.98007 0.1875

-0.8125 -0.0026167
-0.796875 -0.00351647

-0.796875 -0.00353524
-0.78125 -0.00449805

2.57812 -0.148927
2.59375 -0.150053

-0.78125 -0.00452084
-0.765625 -0.00546358

-0.765625 -0.00548325
-0.75 -0.00632099

2.59375 -0.150011
2.60938 -0.151359

2.60938 -0.151343
2.625 -0.153029

-2.96875 0.129457
-2.95312 0.135288

-2.9612 0.140625
-2.95312 0.155377

0.09375 -0.00706944
0.109375 -0.00847043

0.109375 -0.00849242
0.125 -0.00935107

0.125 -0.00936619
0.140625 -0.00960829

0.140625 -0.00960716
0.15625 -0.00920472

0.15625 -0.00918174
0.171875 -0.00818301

0.171875 -0.00813378
0.1875 -0.00668318

-0.75 -0.00633256
-0.734375 -0.00700285

-0.734375 -0.00700577
-0.71875 -0.00747963

-0.71875 -0.00747642
-0.703125 -0.00775444

-0.703125 -0.00774836
-0.6875 -0.00784914

-0.6875 -0.00784325
-0.671875 -0.00779077

-0.671875 -0.00778614
-0.65625 -0.00760144

-0.65625 -0.00759996
-0.640625 -0.00729526

-0.640625 -0.00729404
-0.625 -0.00687476

-2.95312 0.132603
-2.94851 0.140625

-0.625 -0.00687871
-0.609375 -0.00633942

2.65625 -0.157467
2.6483 -0.15625

-0.609375 -0.00634758
-0.59375 -0.00566404

-0.59375 -0.00570046
-0.578125 -0.0047835

0.1875 -0.00660604
0.203125 -0.00495631

-2.95148 0.140625
-2.95028 0.15625

0.203125 -0.00486059
0.21875 -0.00335742

0.21875 -0.003316
0.234375 -0.00223368

0.234375 -0.0023153
0.25 -0.00157345

-2.95964 0.15625
-2.95913 0.171875

-2.95459 0.171875
-2.95864 0.1875

2.625 -0.153033
2.64062 -0.155084

-0.578125 -0.00495571
-0.5625 -0.00338807

2.64062 -0.155111
2.64806 -0.15625

2.65625 -0.157555
2.67188 -0.160132

0.25 -0.00173331
0.265625 -0.000848946

-0.5625 -0.00356587
-0.546875 -0.000647547

0.265625 -0.00115206
0.275381 0

-2.95114 0.15625
-2.95068 0.171875

-0.546875 -0.000741944
-0.544875 0

-2.95018 0.171875
-2.95065 0.1875

-1 0.004514
-0.984375 0.00380642

2.67188 -0.160169
2.6875 -0.162718

-2.98482 0.1875
-2.96875 0.201282

-2.96928 0.21875
-2.96875 0.221614

-2.96875 0.208793
-2.94974 0.1875

-2.94456 0.21875
-2.95297 0.25

0.484375 -0.000730006
0.482125 0

0.484375 -0.000158673
0.5 -0.00575231

-0.984375 0.00379376
-0.96875 0.00306658

-0.96875 0.00305731
-0.953125 0.00235438

-0.953125 0.00234929
-0.9375 0.00169931

-0.9375 0.00169742
-0.921875 0.00111435

-0.921875 0.00111524
-0.90625 0.000601109

-0.90625 0.000605489
-0.890625 0.000149753

-0.890625 0.000157888
-0.884814 0

2.6875 -0.162705
2.70312 -0.165178

2.70312 -0.165167
2.71875 -0.167614

2.71875 -0.167602
2.73438 -0.170067

2.75 -0.172558
2.74589 -0.171875

2.73438 -0.170044
2.74538 -0.171875

-2.9375 0.214242
-2.93062 0.21875

-0.542633 0
-0.53125 0.00470071

0 0.00887555
0.015625 0.00592933

-2.9375 0.219519
-2.92485 0.25

0.015625 0.00593992
0.03125 0.00284246

-0.53125 0.00404019
-0.515625 0.0149268

0.03125 0.00269521
0.045392 0

-0.522726 0.015625
-0.515625 0.0214115

-2.875 0.00498633
-2.85938 0.00534675

-0.515625 0.0149636
-0.514469 0.015625

-0.515625 0.0198588
-0.5 0.0270659

2.75 -0.172664
2.76562 -0.175398

2.76562 -0.175427
2.78125 -0.178151

2.78125 -0.17814
2.79688 -0.180816

2.79688 -0.180839
2.8125 -0.183441

0.274272 0
0.28125 0.000824064

0.28125 0.000876596
0.296875 0.00392153

0.296875 0.00406774
0.3125 0.00776074

0.3125 0.00792607
0.328125 0.0116441

-0.5 0.0252237
-0.484375 0.0252011

0.328125 0.0117974
0.34375 0.014903

0.34375 0.0150284
0.348467 0.015625

0.348699 0.015625
0.359375 0.0169753

0.359375 0.0169788
0.375 0.0176268

0.375 0.0175876
0.390625 0.016997

0.40625 0.0151922
0.401966 0.015625

0.390625 0.0169497
0.40374 0.015625

0.40625 0.0151906
0.421875 0.0130811

0.421875 0.0130363
0.4375 0.0107689

0.4375 0.0107429
0.453125 0.00845903

0.453125 0.00877369
0.46875 0.00589625

0.46875 0.00643285
0.484375 0.0013644

0.484375 0.00131064
0.488036 0

0.5 -0.00546319
0.515625 -0.00921924

0.515625 -0.00903543
0.53125 -0.0115927

0.53125 -0.0116121
0.546875 -0.0132992

0.546875 -0.0133303
0.5625 -0.0140462

0.5625 -0.0139556
0.578125 -0.0138195

0.578125 -0.0136699
0.59375 -0.013162

0.59375 -0.0130442
0.609375 -0.0126993

0.609375 -0.0126485
0.625 -0.0128039

0.625 -0.0128139
0.640625 -0.0135509

0.640625 -0.0136012
0.65625 -0.0147992

0.671875 -0.0163166
0.664635 -0.015625

0.65625 -0.0148392
0.664477 -0.015625

0.671875 -0.0163197
0.6875 -0.0180507

0.6875 -0.018055
0.703125 -0.0200257

0.703125 -0.0200489
0.71875 -0.0222045

0.71875 -0.022239
0.734375 -0.0244642

-0.484375 0.0243841
-0.46875 0.022426

-2.85938 0.0055867
-2.84375 0.00600916

-0.46875 0.0222201
-0.453125 0.0203727

-0.453125 0.0203682
-0.4375 0.0190522

-0.4375 0.0190674
-0.421875 0.0182612

-0.421875 0.0182553
-0.40625 0.0179404

-0.40625 0.0179251
-0.390625 0.0181439

-0.390625 0.0181461
-0.375 0.0189249

-0.375 0.0189606
-0.359375 0.0202236

-2.84375 0.006074
-2.82812 0.00594895

-2.82812 0.00577979
-2.8125 0.00531588

-2.8125 0.00513515
-2.79688 0.00503217

-2.79688 0.00513495
-2.78125 0.00554879

-2.78125 0.00571194
-2.76562 0.00611074

-2.76562 0.0060814
-2.75 0.00619753

-0.359375 0.0202853
-0.34375 0.0218377

-0.34375 0.0218993
-0.328125 0.0234945

-0.328125 0.0235317
-0.3125 0.024972

-0.3125 0.0249771
-0.296875 0.0261778

-0.296875 0.0261555
-0.28125 0.0271509

2.84375 -0.187872
2.84115 -0.1875

-0.28125 0.0271063
-0.265625 0.0280304

0.734375 -0.024504
0.75 -0.0266503

-0.265625 0.0279652
-0.25 0.0290378

-2.96853 0.25
-2.9375 0.263928

2.84375 -0.18811
2.85938 -0.190195

2.85938 -0.190251
2.875 -0.191909

2.8125 -0.183489
2.82812 -0.185874

-0.25 0.028974
-0.234375 0.030453

-2.9375 0.272662
-2.91619 0.25

-0.234375 0.0304604
-0.2281 0.03125

-2.75 0.00605685
-2.73438 0.00623036

-2.73438 0.00620928
-2.71875 0.00676372

-0.22831 0.03125
-0.21875 0.032453

-0.21875 0.0325623
-0.203125 0.034729

0.75 -0.0267045
0.765625 -0.0285838

-0.203125 0.0350696
-0.1875 0.0365164

0.765625 -0.0286286
0.78125 -0.030043

-0.1875 0.0367592
-0.171875 0.0363193

2.82812 -0.185833
2.83977 -0.1875

-0.171875 0.0360448
-0.15625 0.0337818

0.8125 -0.0313255
0.810068 -0.03125

0.78125 -0.0300311
0.796875 -0.0309149

0.796875 -0.0308655
0.809265 -0.03125

-0.140625 0.0307972
-0.143239 0.03125

-0.140625 0.0306913
-0.125 0.0283098

-0.15625 0.0333322
-0.144228 0.03125

-0.125 0.0283321
-0.109375 0.0261681

-0.109375 0.026226
-0.09375 0.024119

-0.09375 0.0241416
-0.078125 0.0219306

-0.078125 0.0219346
-0.0625 0.0195664

-0.0625 0.0195764
-0.046875 0.017023

-0.03125 0.0143607
-0.0387635 0.015625

0.8125 -0.0313058
0.828125 -0.0315796

-2.71875 0.00689882
-2.70312 0.00760618

0.828125 -0.0315588
0.84375 -0.031743

0.84375 -0.0317339
0.859375 -0.0318884

2.875 -0.191987
2.89062 -0.192948

0.859375 -0.031885
0.875 -0.0320346

2.89062 -0.193087
2.90625 -0.192918

2.90625 -0.193402
2.92188 -0.190861

-2.70312 0.00773241
-2.6875 0.00807004

-2.6875 0.00804704
-2.67188 0.00780848

-0.046875 0.0169276
-0.0391342 0.015625

-0.03125 0.0143811
-0.015625 0.0117011

-0.015625 0.0116933
0 0.00887396

0.875 -0.0320286
0.890625 -0.0321923

0.890625 -0.0321819
0.90625 -0.0323924

0.90625 -0.0323791
0.921875 -0.0326838

0.921875 -0.0326689
0.9375 -0.0331239

0.9375 -0.0331075
0.953125 -0.0337754

0.953125 -0.0337678
0.96875 -0.0346966

0.96875 -0.0347218
0.984375 -0.0358764

0.984375 -0.0359576
1 -0.0371252

-2.67188 0.0076597
-2.65625 0.00718848

-2.65625 0.0070806
-2.64062 0.00689002

-2.64062 0.00689004
-2.625 0.00719585

2.92188 -0.192199
2.93129 -0.1875

2.92986 -0.1875
2.9375 -0.183435

-2.625 0.00725643
-2.60938 0.00793745

-2.60938 0.0079833
-2.59375 0.00882667

2.9375 -0.184343
2.94918 -0.171875

2.94913 -0.171875
2.95312 -0.163782

2.95274 -0.15625
2.95312 -0.155516

-2.59375 0.00883461
-2.57812 0.00973275

-2.57812 0.00971631
-2.5625 0.0106862

-2.5625 0.0106765
-2.54688 0.0117705

-2.54688 0.0117911
-2.53125 0.0129875

-2.53125 0.0130583
-2.51562 0.0141743

2.95312 -0.155112
2.96066 -0.140625

2.96571 -0.140625
2.96875 -0.13621

2.96875 -0.126296
2.96946 -0.125

-2.51562 0.0142695
-2.5 0.0149729

2.97496 -0.125
2.98774 -0.09375

1 -0.0372553
1.01562 -0.0380132

1.01562 -0.0381602
1.03125 -0.0379542

2.98438 -0.0649059
2.98394 -0.0625

2.98907 -0.09375
2.99001 -0.078125

2.98758 -0.078125
2.98477 -0.0625

2.98437 -0.0625
2.9835 -0.046875

1.03125 -0.038078
1.04688 -0.0363665

1.04688 -0.0365185
1.0625 -0.0327499

1.0625 -0.0329228
1.06687 -0.03125

1.066 -0.03125
1.07812 -0.0266128

2.9843 -0.046875
2.98438 -0.0460733

2.98438 -0.0332031
2.98456 -0.03125

2.98495 -0.03125
2.98888 -0.015625

2.98981 -0.015625
2.99468 0

-2.5 0.0150139
-2.48438 0.0150323

-2.48438 0.0149682
-2.46875 0.0143478

-2.46875 0.0142155
-2.45312 0.0133489

1.07812 -0.0263549
1.09375 -0.0190082

1.09375 -0.0189029
1.10071 -0.015625

1.09986 -0.015625
1.10938 -0.0111459

1.10938 -0.0110224
1.125 -0.00491706

2.9956 0
2.99771 0.015625

2.99517 0.015625
2.99099 0.03125

2.99088 0.03125
2.98755 0.046875

2.98987 0.046875
2.98976 0.0625

1.125 -0.00486501
1.14062 -0.000696941

1.14062 -0.000562829
1.14534 0

1.1875 -0.0031356
1.17398 0

1.1875 -0.00328767
1.20312 -0.00930743

1.21875 -0.0172262
1.21538 -0.015625

1.20312 -0.00959972
1.2158 -0.015625

1.21875 -0.0174323
1.23438 -0.0248795

1.23438 -0.0252359
1.24997 -0.03125

2.98953 0.0625
2.98848 0.078125

2.98839 0.078125
2.98703 0.09375

2.98503 0.09375
2.99002 0.125

-2.45312 0.0132331
-2.4375 0.0126166

2.9375 0.216807
2.93445 0.21875

2.93241 0.21875
2.92105 0.25

-2.4375 0.0125795
-2.42188 0.012519

2.96875 0.158046
2.96247 0.171875

1.25 -0.0312613
1.26562 -0.0351517

-2.42188 0.0125456
-2.40625 0.013062

-2.40625 0.0131106
-2.39062 0.0140537

2.96538 0.171875
2.96486 0.1875

2.98421 0.125
2.98994 0.15625

1.26562 -0.0351742
1.28125 -0.0368846

1.28125 -0.0368629
1.29688 -0.0363916

1.29688 -0.0363263
1.3125 -0.0338474

1.3125 -0.0338534
1.32223 -0.03125

1.32137 -0.03125
1.32812 -0.029442

1.32812 -0.0292617
1.34375 -0.0241809

1.34375 -0.0238513
1.35938 -0.0191645

1.35938 -0.018864
1.375 -0.0158317

-2.39062 0.0141
-2.375 0.01528

1.375 -0.0158578
1.379 -0.015625

2.96875 0.181052
3 0.186544

-2.375 0.0153155
-2.37112 0.015625

-2.37118 0.015625
-2.35938 0.0165667

-2.35938 0.0165923
-2.34375 0.0177731

-2.34375 0.0177918
-2.32812 0.0188162

-2.32812 0.0188219
-2.3125 0.0196411

1.37996 -0.015625
1.39062 -0.0150051

1.40625 -0.015767
1.40088 -0.015625

1.39062 -0.0153126
1.40243 -0.015625

1.40625 -0.0159762
1.42188 -0.0165641

1.42188 -0.0166
1.4375 -0.0168141

1.4375 -0.016784
1.45312 -0.0166127

1.45312 -0.0166502
1.46875 -0.0160787

1.46875 -0.0161362
1.47541 -0.015625

1.47585 -0.015625
1.48438 -0.0149706

1.48438 -0.0148844
1.5 -0.0130486

-2.3125 0.0196324
-2.29688 0.0202526

1.14538 0
1.15625 0.00129735

1.15625 0.00136816
1.17188 0.000527605

1.17188 0.000553652
1.17426 0

-2.29688 0.0202325
-2.28125 0.0207116

-2.28125 0.0206879
-2.26562 0.0211137

-2.26562 0.0210941
-2.25 0.0215535

2.96875 0.188329
2.94571 0.21875

2.94946 0.21875
2.96875 0.244817

2.96875 0.212965
2.98669 0.1875

2.97143 0.21875
2.96942 0.25

-2.25 0.0215422
-2.23438 0.0220969

-2.23438 0.0220939
-2.21875 0.0227722

-2.21875 0.0227748
-2.20312 0.0235775

2.91243 0.25
2.9375 0.278983

-2.20312 0.0235831
-2.1875 0.0244941

-2.1875 0.0245001
-2.17188 0.0254963

-2.17188 0.0255018
-2.15625 0.0265604

-2.15625 0.0265649
-2.14062 0.0276661

2.9375 0.26964
2.9946 0.25

-2.14062 0.0276699
-2.125 0.0287969

3 -0.0967675
3.00133 -0.09375

3 -0.0795142
3.00075 -0.0625

3.0625 -0.00868419
3.03923 0

3.125 -0.00729396
3.08469 0

-2.125 0.0288001
-2.10938 0.0299388

-2.10938 0.0299442
-2.09375 0.0310775

-2.09375 0.0310806
-2.09136 0.03125

3.25 -0.00559312
3.19989 0

3.5 -0.00391711
3.39529 0

3 0.0271464
3.03125 0.0299714

3.023 0.03125
3.02739 0.0625

-2.09139 0.03125
-2.07812 0.03219

-2.07812 0.03219
-2.0625 0.0332613

-2.0625 0.0332659
-2.04688 0.0342912

-2.04688 0.0342966
-2.03125 0.035256

-2.03125 0.0352617
-2.01562 0.0361329

-2.01562 0.0361389
-2 0.0368985

3.03125 0.0128194
3.04776 0

3.0243 0.0625
3.03125 0.0818552

3.03125 0.119098
3.0284 0.125

3.03125 0.0771361
3.03331 0.09375

3.03125 0.119159
3.03605 0.09375

3.0625 0.0121541
3.09061 0

3 0.166906
3.02844 0.125

3 0.195015
3.00323 0.1875

3.125 0.00829823
3.18831 0

3.25 0.0035662
3.34384 0

4 -0.00537009
3.52301 0

-2 0.0369043
-1.98438 0.0375287

-1.98438 0.0375346
-1.96875 0.0380002

-1.96875 0.0380062
-1.95312 0.0382891

-1.95312 0.0382953
-1.9375 0.0383711

-1.9375 0.0383772
-1.92188 0.0382212

-1.92188 0.038229
-1.90625 0.0378131

-1.90625 0.0378229
-1.89062 0.037112

-1.89062 0.0371238
-1.875 0.0360749

-1.875 0.0360905
-1.85938 0.0346489

-1.85938 0.0346676
-1.84375 0.0327646

-1.82812 0.0304148
-1.83378 0.03125

-1.82812 0.0304397
-1.8125 0.0277578

-1.84375 0.032715
-1.83383 0.03125

-1.8125 0.0277417
-1.79688 0.024658

-1.79688 0.024631
-1.78125 0.0212318

-1.78125 0.0211702
-1.76562 0.0176328

-1.75 0.0142201
-1.75661 0.015625

-1.76562 0.017499
-1.75681 0.015625

-1.75 0.0141776
-1.73438 0.0113416

-1.73438 0.0112642
-1.71875 0.00910525

-1.71875 0.00901875
-1.70312 0.00786466

-1.70312 0.00775379
-1.6875 0.00799928

-1.6875 0.00783702
-1.67188 0.0100284

-1.67188 0.00983577
-1.65625 0.0146827

-1.65625 0.0146306
-1.65419 0.015625

-1.65441 0.015625
-1.64062 0.022578

-1.64062 0.0224336
-1.6269 0.03125

-1.63057 0.03125
-1.625 0.0348713

-1.625 0.0347261
-1.60938 0.0426697

-1.60938 0.0423966
-1.59375 0.0454226

-1.59375 0.0450245
-1.57812 0.0444752

-1.57812 0.0441831
-1.5625 0.041439

-1.5625 0.0412754
-1.54688 0.037248

-1.54688 0.0370669
-1.53125 0.0324456

-1.51562 0.0277081
-1.52754 0.03125

-1.51562 0.0276877
-1.5 0.0232432

-1.53125 0.0323033
-1.52771 0.03125

-1.5 0.0232013
-1.48438 0.0190592

-1.46875 0.0154181
-1.46966 0.015625

-1.48438 0.0189509
-1.4697 0.015625

-1.46875 0.0153799
-1.45312 0.0127205

-1.45312 0.0126656
-1.4375 0.0110591

-1.4375 0.0110037
-1.42188 0.010671

-1.42188 0.0106195
-1.40625 0.0117747

-1.40625 0.0117146
-1.39062 0.0145811

-1.39062 0.0146028
-1.38675 0.015625

-1.38803 0.015625
-1.375 0.0190598

-1.375 0.0193451
-1.35938 0.0234275

-1.35938 0.0237674
-1.34375 0.0264224

-1.34375 0.0265044
-1.32812 0.0268882

-1.32812 0.0267346
-1.3125 0.0249901

-1.3125 0.0247471
-1.29688 0.0216677

-1.29688 0.0214257
-1.28125 0.0179815

-1.26562 0.0148608
-1.26966 0.015625

-1.28125 0.0177915
-1.26982 0.015625

-1.26562 0.0148388
-1.25 0.0127226

-1.25 0.0127753
-1.23438 0.0113975

-1.23438 0.0114788
-1.21875 0.0105717

-1.21875 0.0106328
-1.20312 0.00991176

-1.20312 0.0099333
-1.1875 0.00923317

-1.1875 0.00922271
-1.17188 0.00852127

-1.17188 0.00849881
-1.15625 0.00786191

-1.15625 0.00784677
-1.14062 0.00734964

-1.14062 0.00735152
-1.125 0.00702065

-1.125 0.00703601
-1.10938 0.00683693

-1.10938 0.00685694
-1.09375 0.00671889

-1.09375 0.00673392
-1.07812 0.00658682

-1.07812 0.00659609
-1.0625 0.00639133

-1.0625 0.00639805
-1.04688 0.00610363

-1.04688 0.0061085
-1.03125 0.00570126

-1.03125 0.00570125
-1.01562 0.00517147

-1.01562 0.00516436
-1 0.00452628

