-4 -0.00139834
-3.79809 0

-3.68086 0
-3.5 0.00125252

-3.5 -0.0011222
-3.45328 0

-3.25 -0.00133669
-3.23143 0

-3.125 -0.00176123
-3.11545 0

-3.41932 0
-3.25 0.004082

1.5 0.169825
1.50467 0.171875

1.50389 0.171875
1.51562 0.177024

-3.22625 0
-3.125 0.00781017

-3.11582 0
-3.0625 0.0129437

-3.0625 0.00325275
-3.03125 0.0210526

-3 0.0261257
-3.02368 0.03125

-3.03125 0.0323818
-3 0.061001

-3.01775 0.0625
-3.00921 0.09375

-3 0.101454
-3.00295 0.125

1.51562 0.176874
1.53125 0.183718

1.53125 0.183525
1.54002 0.1875

1.53942 0.1875
1.54688 0.190879

1.54688 0.190857
1.5625 0.198063

-3.01267 0.125
-3 0.150525

1.5625 0.197764
1.57364 0.203125

1.57309 0.203125
1.57812 0.205545

1.57812 0.205592
1.59375 0.213391

1.59375 0.213054
1.60476 0.21875

1.60412 0.21875
1.60938 0.221467

1.60938 0.221455
1.625 0.229861

1.625 0.229605
1.63376 0.234375

1.63315 0.234375
1.64062 0.238445

1.64062 0.238374
1.65625 0.246988

1.65625 0.246875
1.66206 0.25

1.66159 0.25
1.67188 0.25553

1.67188 0.255471
1.6875 0.263505

1.6875 0.263321
1.69212 0.265625

1.69186 0.265625
1.70312 0.271239

1.70312 0.271226
1.71875 0.278903

1.71875 0.278629
1.72396 0.28125

1.72365 0.28125
1.73438 0.286641

1.73438 0.28665
1.75 0.294907

-2.84375 -0.250731
-2.84731 -0.25

-2.84375 -0.250759
-2.82812 -0.253006

-2.82812 -0.252999
-2.8125 -0.254158

-2.8125 -0.254061
-2.79688 -0.254338

-2.79688 -0.254282
-2.78125 -0.253983

-2.78125 -0.25387
-2.76562 -0.253333

1.75 0.29472
1.7539 0.296875

1.75357 0.296875
1.76562 0.303537

1.76562 0.303455
1.78101 0.3125

-2.76562 -0.253288
-2.75 -0.252829

-2.9375 -0.191861
-2.94047 -0.1875

1.781 0.3125
1.78125 0.312646

1.78125 0.31291
1.79688 0.322182

-2.96875 -0.125334
-2.96889 -0.125

0 -0.145609
0.015625 -0.144296

0.015625 -0.144255
0.03125 -0.142904

1.79688 0.32198
1.80732 0.328125

1.80725 0.328125
1.8125 0.331214

-2.94274 -0.1875
-2.95134 -0.171875

-2.95312 -0.163844
-2.95077 -0.171875

0.03125 -0.14292
0.046875 -0.141585

0.046875 -0.141887
0.060277 -0.140625

0.0532746 -0.140625
0.0625 -0.139756

0.0625 -0.140077
0.078125 -0.138543

0.078125 -0.138561
0.09375 -0.137126

0.09375 -0.137114
0.109375 -0.135767

0.109375 -0.135783
0.125 -0.134516

0.125 -0.134526
0.140625 -0.133286

0.140625 -0.133301
0.15625 -0.132038

0.15625 -0.132041
0.171875 -0.130718

-1 -0.219912
-0.984375 -0.218987

-0.984375 -0.218983
-0.980571 -0.21875

1.8125 0.331401
1.82812 0.340475

1.82812 0.340165
1.83431 0.34375

1.83419 0.34375
1.84375 0.349297

1.84375 0.349298
1.85938 0.358826

1.85938 0.35873
1.86042 0.359375

1.86036 0.359375
1.875 0.368859

1.875 0.368783
1.88386 0.375

1.88372 0.375
1.89062 0.379847

1.89062 0.379899
1.90492 0.390625

1.90492 0.390625
1.90625 0.391628

1.90625 0.391645
1.92188 0.403878

1.92188 0.403882
1.92484 0.40625

1.92482 0.40625
1.9375 0.416608

1.9375 0.416646
1.94373 0.421875

1.94365 0.421875
1.95312 0.429967

1.95312 0.430047
1.96141 0.4375

1.9614 0.4375
1.96875 0.444371

1.96875 0.444397
1.97757 0.453125

1.97765 0.453125
1.98438 0.460195

1.98438 0.460182
1.99207 0.46875

1.99227 0.46875
2 0.478146

-0.980664 -0.21875
-0.96875 -0.218019

-2.95312 -0.154537
-2.96002 -0.140625

-2.96875 -0.134197
-2.96517 -0.140625

-2.95312 -0.155444
-2.95273 -0.15625

-2.90625 -0.229916
-2.91927 -0.21875

-2.92188 -0.210493
-2.92763 -0.203125

-0.96875 -0.218027
-0.953125 -0.217039

-0.953125 -0.217036
-0.9375 -0.21601

0.171875 -0.130723
0.1875 -0.129325

-0.9375 -0.216007
-0.921875 -0.214955

-0.921875 -0.214952
-0.90625 -0.213886

-2.9375 -0.192916
-2.92953 -0.203125

-2.92188 -0.214117
-2.9179 -0.21875

0.1875 -0.129354
0.203125 -0.127814

1.5625 0.569178
1.55778 0.578125

1.55697 0.578125
1.54906 0.59375

1.54688 0.599894
1.5428 0.609375

-2.89062 -0.235929
-2.8935 -0.234375

-2.90625 -0.227442
-2.89385 -0.234375

-0.90625 -0.213884
-0.890625 -0.212817

1.54237 0.609375
1.5368 0.625

-0.890625 -0.212816
-0.875 -0.211757

1.54688 0.600193
1.54964 0.59375

-2.89062 -0.23686
-2.875 -0.243713

0.203125 -0.127718
0.21875 -0.12617

-2.97062 -0.125
-2.98252 -0.09375

0.21875 -0.126443
0.232868 -0.125

-2.98767 -0.09375
-2.98951 -0.078125

-2.98438 -0.0930634
-2.98428 -0.09375

-2.98434 -0.078125
-2.9821 -0.0625

-2.98387 -0.0625
-2.98436 -0.046875

-2.98438 -0.031505
-2.98405 -0.046875

-2.98438 -0.0240437
-2.98589 -0.015625

-2.98717 -0.015625
-2.99249 0

-2.98438 -0.0305105
-2.98424 -0.03125

-2.875 -0.243275
-2.85938 -0.247675

-2.85938 -0.247472
-2.84705 -0.25

-2.75 -0.252765
-2.73438 -0.252602

-2.73438 -0.252582
-2.71875 -0.252881

-2.71875 -0.252843
-2.70312 -0.25372

-2.70312 -0.253752
-2.6875 -0.25522

-2.6875 -0.255263
-2.67188 -0.257169

-2.67188 -0.257257
-2.65625 -0.259338

-2.65625 -0.259439
-2.64062 -0.261321

-2.64062 -0.261463
-2.625 -0.262661

-2.625 -0.262782
-2.60938 -0.262766

-2.60938 -0.26282
-2.59375 -0.261239

-2.59375 -0.261027
-2.57812 -0.258197

-2.57812 -0.257756
-2.5625 -0.254986

-2.5625 -0.25489
-2.54688 -0.253255

-2.54688 -0.253431
-2.53125 -0.252769

-2.53125 -0.252743
-2.51562 -0.252755

-2.51562 -0.252822
-2.5 -0.253427

-2.99447 0
-2.99639 0.015625

-2.9933 0.015625
-2.98718 0.03125

-2.98588 0.03125
-2.98438 0.0433818

-2.98443 0.046875
-2.98479 0.0625

-2.98438 0.0368379
-2.98255 0.046875

-2.98438 0.0595181
-2.98422 0.046875

-2.98438 0.0735803
-2.98572 0.078125

-2.99191 0.078125
-2.99598 0.09375

-2.98438 0.0633521
-2.98412 0.0625

-2.98777 0.09375
-2.96875 0.10851

-3 0.150896
-2.96875 0.152849

-3 0.162968
-2.96875 0.1704

-2.96875 0.125323
-2.96874 0.125

-2.96862 0.140625
-2.96372 0.15625

-2.95746 0.15625
-2.96058 0.171875

-2.96875 0.183345
-2.95312 0.176537

-0.875 -0.211756
-0.859375 -0.210709

-0.859375 -0.21071
-0.84375 -0.209676

1.57812 0.542794
1.57337 0.546875

-0.84375 -0.209677
-0.828125 -0.208653

1.57572 0.546875
1.56331 0.5625

-2.95312 0.170957
-2.95296 0.171875

-2.97822 0.1875
-2.96875 0.190435

0.227298 -0.125
0.234375 -0.124276

-2.96875 0.189475
-2.96383 0.1875

-0.828125 -0.208655
-0.8125 -0.207635

1.57812 0.543173
1.59375 0.537991

-0.8125 -0.207637
-0.796875 -0.206611

1.59375 0.540544
1.60938 0.545268

-2.96875 0.219407
-2.96763 0.21875

-0.796875 -0.206614
-0.78125 -0.205572

-0.78125 -0.205575
-0.765625 -0.204508

-0.765625 -0.204503
-0.75 -0.203416

0.234375 -0.124552
0.25 -0.122945

1.60938 0.546063
1.61072 0.546875

-0.75 -0.203411
-0.745852 -0.203125

-0.745985 -0.203125
-0.734375 -0.202325

-0.734375 -0.202344
-0.71875 -0.201267

-0.71875 -0.201268
-0.703125 -0.200157

-0.703125 -0.200156
-0.6875 -0.199008

-0.6875 -0.199008
-0.671875 -0.197826

-0.671875 -0.197826
-0.65625 -0.196613

0.25 -0.123076
0.265625 -0.121475

-0.65625 -0.196612
-0.640625 -0.195372

-2.5 -0.253576
-2.48438 -0.254343

1.61425 0.546875
1.625 0.55615

-2.48438 -0.254385
-2.46875 -0.254934

1.5625 0.569717
1.56631 0.5625

-0.640625 -0.195371
-0.625 -0.194106

1.53677 0.625
1.53337 0.640625

-2.46875 -0.254854
-2.45312 -0.255263

1.53324 0.640625
1.53231 0.65625

-2.45312 -0.255187
-2.4375 -0.255768

-0.625 -0.194105
-0.609375 -0.192817

-0.609375 -0.192817
-0.59375 -0.19151

1.53225 0.65625
1.53415 0.671875

1.53405 0.671875
1.53907 0.6875

-2.4375 -0.255757
-2.42188 -0.256686

1.53876 0.6875
1.54688 0.701544

1.54688 0.701886
1.54759 0.703125

0.265625 -0.121411
0.28125 -0.119684

-2.42188 -0.256743
-2.40625 -0.25793

-2.40625 -0.257991
-2.39062 -0.2592

-2.39062 -0.259251
-2.375 -0.260256

0.28125 -0.119667
0.296875 -0.117977

0.296875 -0.11799
0.3125 -0.116345

0.3125 -0.116358
0.328125 -0.114704

1.54759 0.703125
1.56165 0.71875

1.5615 0.71875
1.5625 0.719674

1.625 0.626253
1.61762 0.640625

1.61754 0.640625
1.61101 0.65625

1.60938 0.661238
1.60618 0.671875

1.60269 0.671875
1.60707 0.6875

-2.375 -0.260286
-2.35938 -0.260925

1.60938 0.661588
1.61098 0.65625

0.328125 -0.114767
0.34375 -0.11295

-0.59375 -0.191509
-0.578125 -0.190185

0.34375 -0.112879
0.359375 -0.110912

-0.578125 -0.190184
-0.5625 -0.188846

1.5625 0.719729
1.57812 0.73122

-0.5625 -0.188823
-0.546875 -0.187517

0.359375 -0.111075
0.372363 -0.109375

-2.35938 -0.260944
-2.34375 -0.261118

0.368873 -0.109375
0.375 -0.108573

1.57812 0.730716
1.58597 0.734375

-0.546875 -0.187517
-0.546657 -0.1875

-0.547266 -0.1875
-0.546875 -0.187467

-0.546751 -0.1875
-0.53125 -0.186298

-0.53125 -0.186324
-0.515625 -0.185168

-0.515625 -0.185169
-0.5 -0.184016

1.58762 0.734375
1.59375 0.737231

1.60858 0.6875
1.60938 0.688503

1.60938 0.688385
1.625 0.701927

1.59375 0.737151
1.60938 0.742933

1.60938 0.743084
1.625 0.748073

1.625 0.556939
1.6292 0.5625

-2.34375 -0.261116
-2.32812 -0.260792

0.375 -0.108714
0.390625 -0.106897

0.390625 -0.107152
0.40625 -0.105427

0.40625 -0.105385
0.421875 -0.103325

0.421875 -0.103271
0.4375 -0.101067

-0.5 -0.184016
-0.484375 -0.182866

0.4375 -0.101075
0.453125 -0.0988184

-0.484375 -0.182867
-0.46875 -0.181719

-0.46875 -0.18172
-0.453125 -0.180572

-2.32812 -0.260777
-2.3125 -0.259987

-0.453125 -0.180573
-0.4375 -0.179422

0.453125 -0.0988333
0.46875 -0.0964788

-2.3125 -0.259952
-2.29688 -0.258796

0.46875 -0.0964493
0.484375 -0.094026

-0.4375 -0.179424
-0.421875 -0.178264

-2.29688 -0.258735
-2.28125 -0.257405

-0.421875 -0.178265
-0.40625 -0.177089

0.484375 -0.0943356
0.488906 -0.09375

1.62854 0.5625
1.63646 0.578125

0.484375 -0.0937342
0.5 -0.0917148

-0.40625 -0.177091
-0.390625 -0.175891

-2.28125 -0.257313
-2.26562 -0.256113

-0.390625 -0.175896
-0.375 -0.174659

1.6375 0.578125
1.63927 0.59375

1.63806 0.59375
1.63402 0.609375

1.63392 0.609375
1.62671 0.625

-2.26562 -0.256023
-2.25 -0.255319

1.625 0.626007
1.62552 0.625

1.625 0.700482
1.63127 0.703125

-0.375 -0.174666
-0.359375 -0.173371

-0.359375 -0.173342
-0.34375 -0.172031

1.63253 0.703125
1.64062 0.706536

1.64062 0.706233
1.65625 0.71042

-0.34375 -0.172007
-0.342016 -0.171875

-0.342245 -0.171875
-0.328125 -0.170801

-2.25 -0.255303
-2.23438 -0.255306

-2.23438 -0.255404
-2.21875 -0.25595

1.625 0.748092
1.63227 0.75

-0.328125 -0.170852
-0.3125 -0.169768

-2.21875 -0.256086
-2.20312 -0.256706

-0.3125 -0.169773
-0.296875 -0.168683

1.65625 0.71032
1.67188 0.713383

-0.296875 -0.168682
-0.28125 -0.167577

-2.20312 -0.256787
-2.1875 -0.257049

-0.28125 -0.167576
-0.265625 -0.16646

-2.1875 -0.257051
-2.17188 -0.25679

0.5 -0.0920527
0.515625 -0.0903448

-2.17188 -0.256744
-2.15625 -0.256049

-0.265625 -0.16646
-0.25 -0.165331

1.67188 0.713295
1.6875 0.715609

0.515625 -0.0904133
0.53125 -0.0883741

-2.15625 -0.255985
-2.14062 -0.255076

0.53125 -0.0883047
0.546875 -0.0859363

-2.14062 -0.255014
-2.125 -0.254143

-0.25 -0.165332
-0.234375 -0.164189

-2.125 -0.254098
-2.10938 -0.253479

1.6875 0.715573
1.70312 0.717385

1.70312 0.717396
1.71868 0.71875

-0.234375 -0.16419
-0.21875 -0.163028

-0.21875 -0.163031
-0.203125 -0.161843

-0.203125 -0.161844
-0.1875 -0.160623

-0.1875 -0.160618
-0.171875 -0.159372

-0.171875 -0.159411
-0.15625 -0.158075

-2.10938 -0.253465
-2.09375 -0.253216

-0.15625 -0.1581
-0.140625 -0.156549

-2.09375 -0.253238
-2.07812 -0.25334

1.71861 0.71875
1.71875 0.718762

-2.07812 -0.253387
-2.0625 -0.253703

1.71875 0.718782
1.73438 0.719616

-0.140625 -0.156486
-0.138123 -0.15625

1.73438 0.719627
1.75 0.719863

0.546875 -0.0859288
0.5625 -0.0833847

1.63319 0.75
1.64062 0.751951

1.64062 0.751899
1.65625 0.755667

-0.141024 -0.15625
-0.140625 -0.15621

1.65625 0.755742
1.67188 0.759372

-0.139403 -0.15625
-0.125 -0.15489

1.67188 0.759489
1.6875 0.762596

-2.0625 -0.253749
-2.04688 -0.254092

1.6875 0.762696
1.70312 0.764847

1.70312 0.764857
1.71547 0.765625

0.5625 -0.083326
0.578125 -0.0807388

0.578125 -0.0807287
0.59375 -0.0782359

-0.125 -0.154973
-0.109375 -0.153773

-0.109375 -0.153805
-0.09375 -0.152682

-0.09375 -0.152691
-0.078125 -0.151562

1.71545 0.765625
1.71875 0.76583

1.73438 0.765604
1.73089 0.765625

1.71875 0.765766
1.73438 0.765671

1.73438 0.765576
1.75 0.764729

-0.078125 -0.151563
-0.0625 -0.150411

1.78125 0.718567
1.7781 0.71875

-0.0625 -0.150411
-0.046875 -0.149236

1.75 0.719855
1.76562 0.71949

-0.046875 -0.149235
-0.03125 -0.148042

0.59375 -0.0785047
0.59665 -0.078125

-0.03125 -0.148046
-0.015625 -0.14683

-2.04688 -0.254121
-2.03125 -0.254341

1.76562 0.719468
1.77801 0.71875

-2.03125 -0.254348
-2.01562 -0.25437

1.78125 0.71854
1.79688 0.717182

1.79688 0.71716
1.8125 0.715442

1.8125 0.715426
1.82812 0.713424

1.82812 0.713416
1.84375 0.71118

-0.015625 -0.146826
0 -0.145584

-2.01562 -0.254365
-2 -0.254185

0.59375 -0.0780345
0.609375 -0.0759889

0.609375 -0.0763343
0.625 -0.0744479

1.84375 0.711176
1.85938 0.708733

1.85938 0.708737
1.875 0.706086

0.625 -0.0744477
0.640625 -0.0721004

1.875 0.706097
1.89062 0.703207

1.90625 0.700006
1.89127 0.703125

0.640625 -0.0720939
0.65625 -0.0692988

0.65625 -0.0692209
0.671875 -0.0661465

1.89062 0.703242
1.89119 0.703125

1.89062 0.749139
1.88454 0.75

1.89062 0.749321
1.90625 0.747457

0.671875 -0.0661023
0.6875 -0.062993

0.6875 -0.0632875
0.692172 -0.0625

1.90625 0.699979
1.92188 0.696312

1.92188 0.696334
1.9375 0.69226

0.688507 -0.0625
0.703125 -0.0600358

0.703125 -0.0604328
0.71875 -0.0581266

0.71875 -0.0582857
0.734375 -0.05542

0.734375 -0.0553056
0.75 -0.0517909

1.90625 0.747552
1.92188 0.745714

1.92188 0.74587
1.9375 0.743555

1.96875 0.682219
1.95404 0.6875

1.96875 0.682127
1.98438 0.67543

2 0.667695
1.99216 0.671875

1.98438 0.675526
1.99123 0.671875

1.9375 0.692317
1.95312 0.687679

1.95312 0.687789
1.95393 0.6875

1.9375 0.743535
1.95312 0.740473

1.95312 0.74043
1.96875 0.73675

1.98438 0.73287
1.97689 0.734375

0.75 -0.0517354
0.765625 -0.0479114

0.765625 -0.0480859
0.771502 -0.046875

1.96875 0.736364
1.97865 0.734375

1.98438 0.73336
2 0.731256

0.767746 -0.046875
0.78125 -0.0440924

0.78125 -0.0446231
0.796875 -0.0421452

0.796875 -0.0423743
0.8125 -0.0395143

1.75 0.764657
1.76562 0.763386

0.8125 -0.0393655
0.828125 -0.0359629

0.828125 -0.0360485
0.84375 -0.0322383

1.76562 0.763338
1.78125 0.761885

1.78125 0.761868
1.79688 0.760365

1.79688 0.760368
1.8125 0.758842

1.8125 0.758852
1.82812 0.757277

1.82812 0.757276
1.84375 0.755633

1.84375 0.755688
1.85938 0.753868

1.85938 0.753917
1.875 0.751709

0.843012 -0.03125
0.84375 -0.03107

0.84375 -0.0323678
0.848857 -0.03125

0.845293 -0.03125
0.859375 -0.0281677

0.859375 -0.028711
0.875 -0.025887

1.875 0.751531
1.88582 0.75

0.875 -0.0260399
0.890625 -0.0227518

0.890625 -0.0227093
0.90625 -0.0187363

0.90625 -0.0189584
0.918662 -0.015625

0.914254 -0.015625
0.921875 -0.0135781

0.921875 -0.0141973
0.9375 -0.0104628

0.9375 -0.0107708
0.953125 -0.00719035

0.953125 -0.0072567
0.96875 -0.00308175

0.96875 -0.0034786
0.98068 0

0.97573 0
0.984375 0.00252071

0.984375 0.00183999
1 0.00604569

-2 -0.254174
-1.98438 -0.253828

2 0.478229
2.00484 0.484375

2.00511 0.484375
2.01562 0.499052

2.01562 0.499454
2.01599 0.5

-1.98438 -0.253815
-1.96875 -0.253351

-1.96875 -0.25334
-1.95312 -0.252806

-1.95312 -0.252797
-1.9375 -0.252235

-1.9375 -0.252228
-1.92188 -0.251671

-1.92188 -0.251666
-1.90625 -0.25114

-1.90625 -0.251136
-1.89062 -0.25066

-1.89062 -0.250657
-1.875 -0.250246

-1.875 -0.250245
-1.8637 -0.25

-1.86366 -0.25
-1.85938 -0.249907

-1.85938 -0.249909
-1.84375 -0.249638

-1.84375 -0.249643
-1.82812 -0.249425

-1.82812 -0.249431
-1.8125 -0.249242

-1.8125 -0.249249
-1.79688 -0.249062

-1.79688 -0.249067
-1.78125 -0.248859

-1.78125 -0.248861
-1.76562 -0.248616

-1.76562 -0.248617
-1.75 -0.24833

2.96875 -0.187606
2.96872 -0.1875

2.96875 -0.187661
3 -0.187549

2.9687 -0.1875
2.96875 -0.187352

2.96859 -0.171875
2.96875 -0.171718

2.96875 -0.187344
2.99967 -0.1875

2.98438 -0.0783139
3 -0.0827288

2.99164 -0.078125
2.9991 -0.0625

-1.75 -0.248328
-1.73438 -0.248003

-1.73438 -0.248001
-1.71875 -0.247645

3 -0.057591
2.99809 -0.046875

2.9978 -0.046875
2.9954 -0.03125

-1.71875 -0.247642
-1.70312 -0.247266

2.99069 -0.03125
3 -0.0248034

-1.70312 -0.247264
-1.6875 -0.246875

-1.6875 -0.246873
-1.67188 -0.246481

-1.67188 -0.246479
-1.65625 -0.246089

-1.65625 -0.246088
-1.64062 -0.245704

-1.64062 -0.245703
-1.625 -0.245329

2.625 0.498388
2.62124 0.5

-1.625 -0.245329
-1.60938 -0.244964

-1.60938 -0.244966
-1.59375 -0.244604

2.65625 0.480745
2.62639 0.5

2.67188 0.465166
2.66841 0.46875

2.6875 0.450241
2.68212 0.453125

2.67188 0.462439
2.68537 0.453125

2.65625 0.479208
2.67065 0.46875

2.71875 0.437405
2.71859 0.4375

2.75 0.418376
2.71896 0.4375

2.6875 0.45622
2.71875 0.437765

2.71875 0.43767
2.71904 0.4375

-1.59375 -0.244607
-1.57812 -0.244239

1 0.00582665
1.01562 0.00973482

1.01562 0.00960861
1.03125 0.0139097

1.03125 0.013558
1.03886 0.015625

2.9375 0.237209
2.92503 0.25

1.03483 0.015625
1.04688 0.0188973

1.04688 0.0183196
1.0625 0.0221799

2.9683 0.171875
2.9651 0.1875

3 0.134598
2.98778 0.15625

-1.57812 -0.244243
-1.5625 -0.243855

1.0625 0.0220677
1.07812 0.0261397

1.07812 0.0259916
1.09375 0.030793

1.09336 0.03125
1.09375 0.0313689

2.96875 0.181441
2.98065 0.15625

1.09375 0.0307542
1.09552 0.03125

1.09375 0.0315417
1.10938 0.0359274

1.10938 0.0353492
1.125 0.0389811

-1.5625 -0.243859
-1.54688 -0.243438

1.125 0.0388008
1.14062 0.0431397

-1.54688 -0.24344
-1.53125 -0.242974

2.96875 0.199897
2.95928 0.21875

2.9375 0.239557
2.95603 0.21875

-1.53125 -0.242975
-1.51562 -0.242457

1.14062 0.0429546
1.15281 0.046875

-1.51562 -0.242457
-1.5 -0.241887

2.96875 0.199099
2.9741 0.1875

1.14931 0.046875
1.15625 0.0491095

1.15625 0.0487717
1.17188 0.0532795

2.8125 0.361239
2.79802 0.375

2.875 0.304364
2.86713 0.3125

2.84375 0.334819
2.8337 0.34375

2.8125 0.367632
2.83969 0.34375

2.84375 0.340501
2.87306 0.3125

2.78125 0.397371
2.76956 0.40625

2.75 0.419389
2.76854 0.40625

2.78125 0.397071
2.80593 0.375

1.17188 0.0528383
1.1875 0.0568792

1.1875 0.0565641
1.20312 0.0616507

1.20312 0.0615691
1.20591 0.0625

2.90625 0.270131
2.89796 0.28125

2.875 0.310872
2.90045 0.28125

1.20313 0.0625
1.21875 0.0677303

2.90625 0.270489
2.92397 0.25

3 -0.0725253
3.01138 -0.0625

3 -0.0469522
3.01642 -0.03125

1.21875 0.0673424
1.23438 0.0717962

3.03125 -0.0177885
3.00844 0

-1.5 -0.241885
-1.48438 -0.241267

1.23438 0.0714113
1.25 0.0764681

3.0625 -0.00301613
3.04084 0

-1.48438 -0.241264
-1.46875 -0.240608

-1.46875 -0.240604
-1.45312 -0.239923

3.125 -0.00024631
3.12205 0

1.25 0.076311
1.25539 0.078125

-1.45312 -0.239919
-1.4375 -0.239228

1.25244 0.078125
1.26562 0.0825594

3.25 -0.000992092
3.22999 0

-1.4375 -0.239224
-1.42188 -0.238539

1.26562 0.0822012
1.28125 0.0867007

-1.42188 -0.238536
-1.40625 -0.237872

-1.40625 -0.237869
-1.39062 -0.237242

-1.39062 -0.23724
-1.375 -0.23666

3.5 -0.00150932
3.39452 0

-1.375 -0.236659
-1.35938 -0.236132

3.03125 0.00282313
3.013 0.03125

3.0158 0.03125
3.01197 0.0625

-1.35938 -0.236134
-1.34375 -0.235656

-1.34375 -0.23566
-1.32812 -0.23522

-1.32812 -0.235226
-1.3125 -0.234805

3.03125 0.00347422
3.03899 0

3.01726 0.0625
3.01421 0.09375

1.28125 0.0862612
1.29688 0.0911025

3.01262 0.09375
3.00296 0.125

-1.3125 -0.234811
-1.29688 -0.234385

-1.29688 -0.234391
-1.29634 -0.234375

3.0625 0.0065186
3.09777 0

-1.29632 -0.234375
-1.28125 -0.233936

-1.28125 -0.233942
-1.26562 -0.233434

3 0.134491
3.00429 0.125

3.125 0.00322625
3.18152 0

1.29688 0.0908213
1.30515 0.09375

1.30239 0.09375
1.3125 0.0973305

1.3125 0.0971306
1.32812 0.10236

1.32812 0.101818
1.34375 0.107366

1.34375 0.107166
1.34942 0.109375

1.34714 0.109375
1.35938 0.114142

1.35938 0.11396
1.375 0.11958

3.25 0.00116533
3.32422 0

1.375 0.119099
1.39047 0.125

-1.26562 -0.233437
-1.25 -0.232857

4 -0.00194815
3.53784 0

3.5 6.51975e-05
3.51522 0

1.39033 0.125
1.39062 0.125112

1.39062 0.125605
1.40625 0.131779

1.40625 0.131457
1.42188 0.137402

1.42188 0.137209
1.43027 0.140625

1.4293 0.140625
1.4375 0.14396

-1.25 -0.232858
-1.23438 -0.232196

-1.23438 -0.232195
-1.21875 -0.231453

2.01621 0.5
2.02583 0.515625

2.02592 0.515625
2.03125 0.525839

1.4375 0.143972
1.45312 0.150312

2.03125 0.526208
2.03388 0.53125

-1.21875 -0.231449
-1.20312 -0.230636

2.03403 0.53125
2.0406 0.546875

1.45312 0.149986
1.46807 0.15625

2.04069 0.546875
2.04545 0.5625

-1.20312 -0.230631
-1.1875 -0.229763

1.46799 0.15625
1.46875 0.156568

2.04545 0.5625
2.04688 0.570488

1.46875 0.156905
1.48438 0.163564

1.48438 0.163263
1.5 0.169896

2.04688 0.570448
2.04824 0.578125

2.04836 0.578125
2.04889 0.59375

2.04688 0.609199
2.04685 0.609375

-1.1875 -0.229757
-1.17188 -0.228857

-1.17188 -0.228851
-1.15625 -0.227942

2.04688 0.609799
2.04155 0.625

2.04688 0.608893
2.04898 0.59375

-1.15625 -0.227937
-1.14062 -0.227043

-1.14062 -0.227039
-1.125 -0.226176

2.04688 0.609465
2.04691 0.609375

-1.125 -0.226175
-1.10938 -0.225354

-1.10938 -0.225355
-1.09375 -0.224573

2.03125 0.641771
2.01687 0.65625

2 0.667627
2.01562 0.656622

2.01562 0.657158
2.01674 0.65625

2.04187 0.625
2.03203 0.640625

2.03125 0.641465
2.03193 0.640625

2 0.731314
2.01562 0.729559

-1.09375 -0.224577
-1.07812 -0.223826

-1.07812 -0.223831
-1.0625 -0.223094

-1.0625 -0.223099
-1.04688 -0.222356

-1.04688 -0.222361
-1.03125 -0.221591

2.01562 0.72985
2.03125 0.727745

2.0625 0.718362
2.06128 0.71875

-1.03125 -0.221595
-1.01562 -0.220781

-1.01562 -0.220784
-1 -0.219914

2.03125 0.728047
2.0625 0.720761

2.0625 0.718462
2.07812 0.714087

2.07812 0.715172
2.09375 0.712462

2.09375 0.712703
2.10938 0.709006

2.10938 0.708507
2.125 0.70434

2.17188 0.687352
2.17148 0.6875

2.17188 0.68739
2.1875 0.682649

2.125 0.704889
2.15625 0.695411

2.15625 0.695493
2.18301 0.6875

2.1875 0.685404
2.20312 0.681945

2.20312 0.681602
2.21875 0.676975

2.21875 0.677167
2.25 0.666179

2.35938 0.619201
2.34957 0.625

2.35938 0.623454
2.375 0.619419

2.28125 0.649842
2.26926 0.65625

2.25 0.667158
2.27569 0.65625

2.28125 0.650144
2.29688 0.644123

2.29688 0.643432
2.3125 0.642821

2.3125 0.648596
2.34375 0.637858

2.34375 0.63123
2.35726 0.625

2.375 0.6212
2.40625 0.607616

2.42188 0.593465
2.42131 0.59375

2.4375 0.590589
2.42883 0.59375

2.40625 0.603391
2.42685 0.59375

2.5 0.559907
2.49462 0.5625

2.4375 0.591505
2.46875 0.578826

2.46875 0.578674
2.5 0.564031

2.53125 0.547811
2.50278 0.5625

2.5625 0.529561
2.55843 0.53125

2.53125 0.546546
2.5625 0.531435

2.5 0.56401
2.50294 0.5625

2.59375 0.517311
2.56787 0.53125

2.5625 0.533699
2.56706 0.53125

2.59375 0.513603
2.61815 0.5

2.625 0.5007
2.62628 0.5

