-4 -0.00482839
-3.61234 0

-3.5191 0
-3.5 0.000237948

-3.5 -0.00311713
-3.42384 0

1.64062 -4.95437e-05
1.64057 0

1.64062 -0.000194423
1.65625 -0.0115316

1.67188 -0.0181618
1.66623 -0.015625

1.65625 -0.0125406
1.66748 -0.015625

1.67188 -0.0189648
1.6875 -0.0213915

1.68494 -0.015625
1.6875 -0.0122474

-3.25 -0.00456953
-3.21384 0

-3.125 -0.00640472
-3.10079 0

-3 -0.0791098
-3.00085 -0.0625

-3.00002 -0.0625
-3.00012 -0.03125

-3.39143 0
-3.25 0.00582989

-3.20867 0
-3.125 0.0112593

-3.10166 0
-3.0625 0.0182557

-3.0625 0.00349009
-3.03125 0.0290192

-3.03893 0.03125
-3.03125 0.0496024

-3 0.0307149
-3.00067 0.03125

-3.03125 0.0555933
-3.02705 0.0625

-3.03718 0.0625
-3.03125 0.0869007

-3.03763 0.09375
-3.03125 0.110297

-3.03125 0.0839156
-3.02326 0.09375

-3.03125 0.0964224
-3 0.123431

-3.01891 0.125
-3 0.152131

1.6875 -0.0224367
1.70312 -0.0200972

1.70312 -0.00820355
1.69398 0

1.70312 -0.0240542
1.71864 -0.015625

1.71828 -0.015625
1.71004 0

-1 -0.146037
-0.984375 -0.141202

-0.984375 -0.144513
-0.96875 -0.142869

1.71875 -0.0196683
1.72225 -0.015625

1.72261 -0.015625
1.72063 0

0 -0.0209169
0.015625 -0.0209563

0.015625 -0.0209845
0.03125 -0.020888

0.03125 -0.0208993
0.046875 -0.020588

0.046875 -0.0205808
0.0625 -0.0200463

0.0625 -0.0200346
0.078125 -0.0193147

0.078125 -0.0193225
0.09375 -0.0184252

0.09375 -0.0184554
0.109375 -0.0173044

0.109375 -0.0173095
0.125 -0.0158339

-2.96875 -0.12647
-2.96974 -0.125

0.125 -0.0157841
0.126353 -0.015625

1.625 0.0165847
1.61609 0.03125

1.60938 0.0568132
1.60823 0.0625

1.61652 0.03125
1.61103 0.046875

0.126954 -0.015625
0.140625 -0.0140178

-2.9375 -0.163473
-2.95278 -0.15625

-2.95312 -0.151946
-2.96391 -0.140625

0.140625 -0.0142604
0.15625 -0.0115355

1.60938 0.0571298
1.61144 0.046875

0.15625 -0.0124888
0.171875 -0.00646918

0.171875 -0.00746097
0.181789 0

-0.96875 -0.141392
-0.96321 -0.140625

0.234375 -0.000452005
0.233831 0

0.25 -0.00886753
0.236429 0

-0.962986 -0.140625
-0.953125 -0.139261

-0.953125 -0.139987
-0.9375 -0.138748

-0.9375 -0.138557
-0.921875 -0.137147

-0.921875 -0.137016
-0.90625 -0.136077

-0.90625 -0.136207
-0.890625 -0.135739

1.6084 0.0625
1.60657 0.078125

1.60657 0.078125
1.60577 0.09375

0.25 -0.00810477
0.265625 -0.0139306

1.60576 0.09375
1.606 0.109375

1.60599 0.109375
1.60734 0.125

1.5 0.187809
1.51562 0.190481

1.51562 0.190607
1.53125 0.193157

1.53125 0.193469
1.54688 0.19502

1.54688 0.19486
1.5625 0.195107

1.60727 0.125
1.60938 0.137308

0.28125 -0.0173053
0.275611 -0.015625

0.265625 -0.0136194
0.272355 -0.015625

0.3125 -0.0313347
0.312349 -0.03125

0.28125 -0.01729
0.296875 -0.0233705

0.296875 -0.0233259
0.311045 -0.03125

0.359375 -0.0708914
0.344802 -0.0625

0.359375 -0.0732186
0.375 -0.0689323

0.3125 -0.0314566
0.328125 -0.0441554

-0.890625 -0.13573
-0.875 -0.135492

0.34375 -0.060177
0.32917 -0.046875

-0.875 -0.135627
-0.859375 -0.13537

0.328125 -0.0459823
0.329041 -0.046875

1.60938 0.138314
1.60977 0.140625

1.60998 0.140625
1.61402 0.15625

-0.859375 -0.135335
-0.84375 -0.134859

1.61443 0.15625
1.61892 0.171875

-2.96875 -0.136558
-2.96564 -0.140625

1.61906 0.171875
1.62291 0.1875

0.34375 -0.0611653
0.345991 -0.0625

1.5625 0.194159
1.57812 0.195319

-0.84375 -0.134881
-0.828125 -0.13421

-2.95312 -0.149479
-2.94004 -0.15625

-0.828125 -0.134186
-0.8125 -0.133322

-2.9375 -0.158394
-2.92188 -0.160217

-0.8125 -0.133325
-0.796875 -0.132312

1.57812 0.194163
1.59375 0.200447

-2.92188 -0.16029
-2.90625 -0.160898

1.59375 0.200553
1.59785 0.203125

-0.796875 -0.132304
-0.78125 -0.131152

1.59743 0.203125
1.60938 0.214954

1.625 0.190949
1.62347 0.203125

1.625 0.21586
1.61946 0.21875

-0.78125 -0.131151
-0.765625 -0.129877

1.60901 0.21875
1.60938 0.219548

0.375 -0.0714056
0.383791 -0.0625

0.379523 -0.0625
0.387206 -0.046875

0.383498 -0.046875
0.388144 -0.03125

0.38842 -0.03125
0.390625 -0.0272275

0.390625 -0.026855
0.397069 -0.015625

-0.765625 -0.129882
-0.75 -0.128477

0.39677 -0.015625
0.40625 -0.00476055

0.40625 -0.00439146
0.411931 0

-2.90625 -0.160725
-2.89062 -0.16032

-2.89062 -0.160048
-2.875 -0.159521

-2.97493 -0.125
-2.98749 -0.09375

-2.98831 -0.09375
-2.98839 -0.078125

-2.98586 -0.078125
-2.98438 -0.0671514

-2.98438 -0.0765141
-2.98252 -0.0625

-2.98408 -0.0625
-2.98435 -0.046875

1.60938 0.219994
1.62213 0.234375

0.180763 0
0.1875 0.00699703

-0.75 -0.12848
-0.734375 -0.126925

0.1875 0.00745225
0.193566 0.015625

-0.734375 -0.126926
-0.71875 -0.125211

-0.71875 -0.125199
-0.717045 -0.125

0.189886 0.015625
0.203125 0.0302115

1.61525 0.234375
1.62316 0.25

1.64015 0
1.62537 0.015625

-0.717199 -0.125
-0.703125 -0.123359

-0.703125 -0.123326
-0.6875 -0.121522

-0.6875 -0.121519
-0.671875 -0.11981

-0.671875 -0.119821
-0.65625 -0.118192

-0.65625 -0.118206
-0.640625 -0.116609

-0.640625 -0.116615
-0.625 -0.115014

1.625 0.0163983
1.62548 0.015625

-0.625 -0.115013
-0.609375 -0.113398

1.67188 0.0121348
1.67132 0.015625

1.67188 0.0171523
1.67084 0.03125

-0.609375 -0.113395
-0.59375 -0.111773

-0.59375 -0.11177
-0.578125 -0.110154

0.203125 0.0288484
0.209493 0.03125

0.204125 0.03125
0.21875 0.0372537

0.231252 0
0.225068 0.015625

0.234375 0.0251113
0.231009 0.03125

-0.578125 -0.110149
-0.570578 -0.109375

0.234375 0.000557576
0.23472 0

-0.57053 -0.109375
-0.5625 -0.108551

1.67188 0.0127547
1.68348 0

1.67188 0.0163236
1.67193 0.015625

1.67089 0.03125
1.67188 0.0337503

1.67188 0.0333012
1.67755 0.046875

-0.5625 -0.108551
-0.546875 -0.106961

-0.546875 -0.106968
-0.53125 -0.105373

-0.53125 -0.105384
-0.515625 -0.103748

0.234375 0.0267452
0.235913 0.015625

0.21875 0.0393808
0.234293 0.03125

0.234375 0.038116
0.239158 0.03125

-0.515625 -0.10376
-0.5 -0.102036

1.67737 0.046875
1.6875 0.0584459

0.412493 0
0.421875 0.00650043

0.421875 0.00604632
0.4375 0.0125999

0.4375 0.0118973
0.45003 0.015625

0.44943 0.015625
0.453125 0.0167243

-0.5 -0.102048
-0.484375 -0.100187

-2.98438 -0.0407571
-2.98421 -0.046875

-2.98438 -0.0289734
-2.98599 -0.015625

-2.98662 -0.015625
-2.98974 0

-2.98438 -0.0310097
-2.98435 -0.03125

0.453125 0.0167626
0.46875 0.0204773

1.6875 0.000225458
1.6883 0

1.70312 0.00147762
1.70793 0

1.6875 0.0586429
1.69337 0.0625

1.71875 0.00400307
1.72459 0

-0.484375 -0.100199
-0.46875 -0.0981506

1.69408 0.0625
1.70312 0.067725

-0.46875 -0.0981578
-0.453125 -0.0958836

-0.453125 -0.09588
-0.439847 -0.09375

-2.875 -0.159522
-2.85938 -0.159414

-0.439859 -0.09375
-0.4375 -0.0933716

-2.85938 -0.159305
-2.84375 -0.159832

-0.4375 -0.0933341
-0.421875 -0.090681

-0.421875 -0.0906241
-0.40625 -0.0880163

-0.40625 -0.0880145
-0.390625 -0.0855692

1.70312 0.0667052
1.71875 0.0706678

1.71875 0.0704687
1.73438 0.0719549

1.73438 0.0721324
1.75 0.0711856

1.625 0.198472
1.62607 0.203125

-0.390625 -0.085625
-0.375 -0.0832342

1.62753 0.203125
1.62982 0.21875

-2.84375 -0.159959
-2.82812 -0.161087

1.63303 0.21875
1.63064 0.234375

0.46875 0.0203475
0.484375 0.0230319

1.63606 0.234375
1.63035 0.25

0.484375 0.0227879
0.5 0.0251896

1.51562 0.296875
1.53125 0.296875

-2.82812 -0.1611
-2.8125 -0.162549

-2.8125 -0.162692
-2.79688 -0.16415

-2.79688 -0.164136
-2.78125 -0.165346

-2.78125 -0.165337
-2.76562 -0.166346

-0.375 -0.083293
-0.359375 -0.0807272

-0.359375 -0.0807783
-0.345368 -0.078125

-0.345386 -0.078125
-0.34375 -0.0778152

-0.34375 -0.0777847
-0.328125 -0.0743963

-0.328125 -0.0742855
-0.3125 -0.0707569

-0.3125 -0.0706659
-0.296875 -0.0674007

-0.296875 -0.0674902
-0.28125 -0.0644915

-0.28125 -0.0650062
-0.271718 -0.0625

-0.270835 -0.0625
-0.265625 -0.06113

-0.265625 -0.0621859
-0.25 -0.0533628

0.5 0.0250221
0.515625 0.0279638

0.515625 0.0278829
0.528795 0.03125

0.529005 0.03125
0.53125 0.031824

0.53125 0.0318799
0.546875 0.0370848

0.546875 0.0374698
0.5625 0.0430944

-0.25 -0.0538045
-0.2415 -0.046875

0.5625 0.0432948
0.573495 0.046875

-0.246032 -0.046875
-0.234375 -0.0378406

-0.234375 -0.0373267
-0.221053 -0.03125

-2.76562 -0.166191
-2.75 -0.167327

-0.220886 -0.03125
-0.21875 -0.0304046

-0.21875 -0.0320941
-0.211472 -0.03125

-0.212287 -0.03125
-0.203125 -0.0301874

-0.203125 -0.0306429
-0.1875 -0.0296733

0.574787 0.046875
0.578125 0.0479621

0.578125 0.0480768
0.59375 0.0528393

0.59375 0.0534468
0.609375 0.0570664

0.609375 0.056908
0.625 0.0584864

1.61701 0.25
1.625 0.261399

1.625 0.272416
1.61782 0.28125

1.62012 0.28125
1.61356 0.296875

-0.1875 -0.0295466
-0.171875 -0.0288448

-0.171875 -0.0290429
-0.15625 -0.0284657

-0.15625 -0.0285651
-0.140625 -0.0275173

-0.140625 -0.0274063
-0.125 -0.0259112

-0.125 -0.0257981
-0.109375 -0.0243041

-0.109375 -0.0242748
-0.09375 -0.0230666

-0.09375 -0.0230849
-0.078125 -0.0221846

-0.078125 -0.0221998
-0.0625 -0.0215404

-0.0625 -0.0215409
-0.046875 -0.021091

1.61197 0.296875
1.625 0.308516

0.625 0.0581617
0.640625 0.0586647

0.640625 0.0588114
0.65625 0.0585951

0.65625 0.0586909
0.671875 0.0572704

0.671875 0.0571017
0.6875 0.0546228

0.6875 0.0544143
0.703125 0.0516315

0.703125 0.0514453
0.71875 0.0491478

-0.046875 -0.0210908
-0.03125 -0.0208496

-0.03125 -0.0208616
-0.015625 -0.0208052

1.625 0.261734
1.64051 0.25

1.625 0.274986
1.63031 0.28125

1.62982 0.28125
1.63941 0.296875

1.625 0.308748
1.64062 0.298554

-2.75 -0.167275
-2.73438 -0.168954

1.78125 0.0623353
1.7807 0.0625

0.71875 0.0488008
0.734375 0.0480549

-0.015625 -0.0208316
0 -0.0208832

0.734375 0.0477982
0.75 0.0498111

1.78125 0.0622954
1.79688 0.0577717

1.79688 0.0574963
1.8125 0.0536749

0.75 0.0495156
0.765625 0.0553919

1.75 0.0710747
1.76562 0.0675617

1.76562 0.0669532
1.78061 0.0625

-2.73438 -0.169048
-2.71875 -0.171185

-2.70312 -0.173366
-2.71543 -0.171875

-2.71875 -0.171346
-2.71438 -0.171875

-2.70312 -0.173194
-2.6875 -0.174617

0.765625 0.0562724
0.776692 0.0625

1.8125 0.0530518
1.82812 0.0517298

1.82812 0.0511381
1.84375 0.054745

0.777551 0.0625
0.78125 0.0647185

0.78125 0.0637621
0.796875 0.0763157

0.790944 0.078125
0.796875 0.0842123

0.796875 0.0744009
0.802431 0.078125

0.796875 0.0823329
0.8125 0.09032

-2.6875 -0.174625
-2.67188 -0.175845

-2.67188 -0.175807
-2.65625 -0.176886

-2.65625 -0.17688
-2.64062 -0.17791

-2.64062 -0.177857
-2.625 -0.178956

-2.625 -0.17892
-2.60938 -0.180268

-2.60938 -0.180246
-2.59375 -0.181958

-2.59375 -0.182056
-2.57812 -0.18398

-2.57812 -0.184087
-2.5625 -0.185814

-2.53125 -0.187975
-2.53918 -0.1875

-2.53125 -0.187939
-2.51562 -0.188749

-2.51562 -0.188783
-2.5 -0.18947

-2.5625 -0.185833
-2.54688 -0.187112

-2.54688 -0.187041
-2.5392 -0.1875

-2.99022 0
-2.99241 0.015625

-2.99256 0.015625
-2.99251 0.03125

-2.99211 0.03125
-2.99033 0.046875

-2.99009 0.046875
-2.98791 0.0625

-2.98755 0.0625
-2.98617 0.078125

-2.98596 0.078125
-2.98654 0.09375

-2.98531 0.09375
-2.99621 0.125

-3 0.126006
-2.97225 0.15625

-3 0.17864
-2.97213 0.1875

-2.96875 0.162299
-2.96332 0.171875

-2.95952 0.171875
-2.96051 0.1875

-2.99046 0.1875
-2.96875 0.202289

-2.96955 0.21875
-2.96875 0.222531

-2.96138 0.1875
-2.96749 0.21875

-2.94869 0.21875
-2.95824 0.25

-2.9375 0.21875
-2.929 0.25

-2.97437 0.25
-2.9375 0.259611

-2.9375 0.268708
-2.92057 0.25

-2.5 -0.189524
-2.48438 -0.189914

-2.48438 -0.189959
-2.46875 -0.189854

-2.46875 -0.189918
-2.45312 -0.189098

-2.45312 -0.188861
-2.4375 -0.187673

-2.4375 -0.187534
-2.43675 -0.1875

-2.375 -0.187697
-2.37784 -0.1875

-2.4375 -0.187485
-2.42188 -0.186777

-2.42188 -0.186981
-2.40625 -0.186723

-2.40625 -0.186552
-2.39062 -0.186678

-2.39062 -0.186555
-2.37697 -0.1875

-2.375 -0.1882
-2.35938 -0.189354

-2.35938 -0.189465
-2.34375 -0.189361

1.84375 0.0550146
1.85907 0.0625

1.85234 0.0625
1.85938 0.065937

1.85938 0.0653243
1.875 0.0711029

-2.34375 -0.189104
-2.32812 -0.188034

1.875 0.0699742
1.89062 0.0723497

1.89062 0.0723768
1.90625 0.0735526

0.8125 0.0861801
0.828125 0.0881568

-2.32812 -0.187785
-2.32394 -0.1875

-2.32356 -0.1875
-2.3125 -0.186749

0.828125 0.0879819
0.84375 0.0912538

1.90625 0.0734525
1.92188 0.0735747

0.84375 0.0915974
0.852283 0.09375

0.85112 0.09375
0.859375 0.0958325

0.859375 0.0957866
0.875 0.0992164

-2.26562 -0.187527
-2.26614 -0.1875

0.875 0.0992506
0.890625 0.101893

0.890625 0.101605
0.90625 0.103968

1.92188 0.0735201
1.9375 0.0728979

0.90625 0.103646
0.921875 0.106949

-2.26562 -0.187568
-2.25 -0.188442

-2.3125 -0.18668
-2.29688 -0.186211

-2.29688 -0.186194
-2.28125 -0.186476

-2.28125 -0.186591
-2.26562 -0.187426

1.9375 0.0728317
1.95312 0.0717066

1.95312 0.0716341
1.96875 0.0702836

1.96875 0.0701808
1.98438 0.0689556

-2.25 -0.188483
-2.23438 -0.189032

-2.23438 -0.188934
-2.21875 -0.189272

-2.21875 -0.189171
-2.20312 -0.189697

-2.20312 -0.189704
-2.1875 -0.190609

-2.1875 -0.19067
-2.17188 -0.191818

-2.17188 -0.19186
-2.15625 -0.193044

-2.15625 -0.193069
-2.14062 -0.194157

-2.14062 -0.194189
-2.125 -0.195066

0.921875 0.106841
0.929261 0.109375

-2.125 -0.195092
-2.10938 -0.195643

-2.10938 -0.195644
-2.09375 -0.195817

-2.09375 -0.195799
-2.07812 -0.195625

0.929998 0.109375
0.9375 0.111949

-2.07812 -0.195604
-2.0625 -0.195158

-2.0625 -0.195141
-2.04688 -0.194499

-2.04688 -0.194484
-2.03125 -0.193714

-2.03125 -0.193697
-2.01562 -0.192863

0.9375 0.112119
0.953125 0.119923

-2.01562 -0.192843
-2 -0.192017

0.953125 0.119961
0.961097 0.125

1.98438 0.0688921
2 0.0681245

0.960779 0.125
0.96875 0.130043

0.96875 0.129974
0.982979 0.140625

0.98363 0.140625
0.984375 0.141225

0.984375 0.141224
1 0.155565

0.995673 0.15625
1 0.160724

1 0.154513
1.00215 0.15625

1 0.159775
1.01562 0.169349

1.01562 0.166792
1.03125 0.169529

1.03125 0.168968
1.04688 0.170865

1.04688 0.170671
1.05637 0.171875

1.05203 0.171875
1.0625 0.173202

1.0625 0.172939
1.07812 0.174818

1.07812 0.174905
1.09375 0.176521

1.09375 0.176533
1.10938 0.17769

1.10938 0.177586
1.125 0.178467

1.125 0.178474
1.14062 0.179276

1.14062 0.179338
1.15625 0.17992

1.15625 0.179967
1.17188 0.180111

1.17188 0.180119
1.1875 0.179715

1.1875 0.179684
1.20312 0.178779

1.20312 0.178724
1.21875 0.177489

1.21875 0.177456
1.23438 0.176066

1.23438 0.176058
1.25 0.174593

-2 -0.191998
-1.98438 -0.191258

-1.98438 -0.19124
-1.96875 -0.190662

-1.96875 -0.190646
-1.95312 -0.1903

1.25 0.174329
1.26562 0.173332

1.26562 0.172664
1.28125 0.173999

1.28125 0.174458
1.29688 0.17854

1.29688 0.179886
1.3125 0.183102

1.3125 0.183279
1.32812 0.182584

1.32812 0.181905
1.34375 0.178305

1.34375 0.177738
1.35938 0.173723

1.375 0.170687
1.36855 0.171875

1.35938 0.173477
1.36806 0.171875

-1.95312 -0.190291
-1.9375 -0.190226

-1.9375 -0.190238
-1.92188 -0.190445

-1.92188 -0.190482
-1.90625 -0.190864

1.375 0.170717
1.39062 0.169222

1.39062 0.169155
1.40625 0.169013

1.40625 0.168934
1.42188 0.170437

1.42188 0.170572
1.42891 0.171875

-1.90625 -0.190904
-1.89062 -0.191306

1.42824 0.171875
1.4375 0.17359

1.4375 0.173696
1.45312 0.177253

1.45312 0.177296
1.46875 0.18111

-1.89062 -0.191326
-1.875 -0.191628

2 0.0681155
2.01562 0.0679505

-1.875 -0.191623
-1.85938 -0.191792

2.01562 0.0679548
2.03125 0.0684018

1.46875 0.181267
1.48438 0.184935

1.48438 0.18504
1.4971 0.1875

1.49746 0.1875
1.5 0.187991

2.03125 0.0684396
2.04688 0.0694145

2.04688 0.0694637
2.0625 0.0707927

-1.85938 -0.191776
-1.84375 -0.191854

-1.84375 -0.191841
-1.82812 -0.191885

-1.82812 -0.191888
-1.8125 -0.191919

-1.8125 -0.191941
-1.79688 -0.191909

-1.79688 -0.191933
-1.78125 -0.191746

-1.78125 -0.191728
-1.76562 -0.191375

-1.76562 -0.191317
-1.75 -0.190948

2.0625 0.070855
2.07812 0.0723149

2.07812 0.0723784
2.09375 0.0737177

2.09375 0.0737636
2.10938 0.0747638

2.10938 0.0747765
2.125 0.0753207

2.125 0.0752966
2.14062 0.0754078

2.14062 0.0753574
2.15625 0.0751849

2.15625 0.0751281
2.17188 0.0748862

-1.75 -0.190919
-1.73438 -0.190708

-1.73438 -0.190795
-1.71875 -0.190628

-1.71875 -0.190726
-1.70312 -0.190233

-1.70312 -0.190195
-1.6875 -0.189257

-1.6875 -0.189153
-1.67188 -0.188056

-1.67188 -0.187985
-1.66348 -0.1875

-1.66357 -0.1875
-1.65625 -0.187076

-1.65625 -0.187061
-1.64062 -0.186533

-1.64062 -0.186517
-1.625 -0.186431

2.17188 0.0748444
2.1875 0.07473

-1.625 -0.186493
-1.60938 -0.186756

-1.60938 -0.186898
-1.59375 -0.187103

-1.59375 -0.187127
-1.57812 -0.186941

2.1875 0.0747119
2.20312 0.0748448

2.20312 0.0748451
2.21875 0.0752611

2.21875 0.0752672
2.23438 0.0759535

2.23438 0.0759567
2.25 0.0768946

-1.57812 -0.186875
-1.5625 -0.186383

-1.5625 -0.186353
-1.54688 -0.185748

-1.54688 -0.18577
-1.53125 -0.185068

2.25 0.0768912
2.26562 0.0780809

2.26562 0.0780738
2.26617 0.078125

2.2662 0.078125
2.28125 0.0795393

2.28125 0.0795339
2.29688 0.0813121

-1.53125 -0.185083
-1.51562 -0.184208

-1.51562 -0.184188
-1.5 -0.18315

2.29688 0.0813095
2.3125 0.0834137

2.3125 0.0834183
2.32812 0.0858444

2.32812 0.0858607
2.34375 0.0885664

2.34375 0.0886023
2.35938 0.0914832

2.35938 0.0914824
2.37107 0.09375

2.37154 0.09375
2.375 0.0944201

2.375 0.0946242
2.39062 0.0975765

2.39062 0.0977369
2.40625 0.100023

2.40625 0.100212
2.42188 0.101132

2.42188 0.100984
2.4375 0.100456

2.4375 0.0998911
2.45312 0.099341

2.45312 0.0991809
2.46875 0.100059

2.46875 0.100225
2.48438 0.102521

2.48438 0.102661
2.5 0.105764

-1.5 -0.183116
-1.48438 -0.182022

-1.48438 -0.181995
-1.46875 -0.180967

-1.46875 -0.180953
-1.45312 -0.180074

-1.45312 -0.180073
-1.4375 -0.179371

2.98438 -0.078326
3 -0.0815161

2.98438 -0.0777509
3 -0.0714546

-1.4375 -0.179379
-1.42188 -0.178843

-1.42188 -0.178853
-1.40625 -0.178448

-1.40625 -0.178457
-1.39062 -0.178146

-1.39062 -0.178151
-1.375 -0.177906

3 -0.0313143
2.99146 -0.03125

-1.375 -0.17791
-1.35938 -0.177712

-1.35938 -0.177715
-1.34375 -0.17755

-1.34375 -0.177551
-1.32812 -0.177414

-1.32812 -0.177411
-1.3125 -0.177306

2.98438 -0.0167418
2.98394 -0.015625

2.98438 -0.0165987
3 -0.0163838

2.98438 -0.00117678
3 -0.00112719

2.5 0.10577
2.51557 0.109375

2.51541 0.109375
2.51562 0.109424

2.51562 0.10944
2.53125 0.113458

2.53125 0.1135
2.54688 0.11773

-1.3125 -0.177302
-1.29688 -0.177241

-1.29688 -0.177236
-1.28125 -0.177237

2.54688 0.117735
2.5625 0.122083

2.5625 0.122124
2.57272 0.125

-1.28125 -0.177233
-1.26562 -0.177312

-1.26562 -0.177308
-1.25 -0.177484

2.57282 0.125
2.57812 0.126492

2.57812 0.126584
2.59375 0.130819

2.59375 0.130823
2.60938 0.134744

2.60938 0.134711
2.625 0.138379

2.625 0.138328
2.63495 0.140625

2.63509 0.140625
2.64062 0.141903

2.64062 0.141835
2.65625 0.145681

2.65625 0.145668
2.67188 0.149957

2.67188 0.150018
2.6875 0.154656

2.6875 0.154779
2.69249 0.15625

2.69246 0.15625
2.70312 0.159395

2.70312 0.159481
2.71875 0.163621

-1.25 -0.177481
-1.23438 -0.177768

-1.23438 -0.177764
-1.21875 -0.178177

2.71875 0.16365
2.73438 0.167087

2.73438 0.166872
2.75 0.169976

-1.21875 -0.178176
-1.20312 -0.178726

-1.20312 -0.178724
-1.1875 -0.179419

2.75 0.170059
2.75929 0.171875

2.7594 0.171875
2.76562 0.173092

2.76562 0.173213
2.78125 0.175853

-1.1875 -0.179422
-1.17188 -0.18026

-1.17188 -0.180262
-1.15625 -0.181236

2.78125 0.175361
2.79688 0.178353

2.79688 0.178432
2.8125 0.182602

2.8125 0.183306
2.82812 0.187088

-1.15625 -0.181244
-1.14062 -0.182334

-1.14062 -0.182346
-1.125 -0.183513

2.82812 0.184946
2.83478 0.1875

-1.125 -0.183547
-1.10938 -0.184695

-1.10938 -0.18475
-1.09375 -0.185701

-1.09375 -0.185787
-1.07812 -0.18626

-1.07812 -0.186398
-1.0625 -0.185947

-1.0625 -0.186286
-1.04688 -0.183957

2.83431 0.1875
2.84375 0.191222

2.84375 0.19012
2.858 0.203125

2.85696 0.203125
2.85938 0.207265

2.85938 0.207664
2.86545 0.21875

2.86493 0.21875
2.86868 0.234375

2.86843 0.234375
2.869 0.25

-1.04688 -0.184716
-1.03125 -0.178312

-1.03125 -0.178418
-1.02249 -0.171875

2.98438 0.0122935
3 0.0122935

2.98438 0.0236313
3 0.0236313

2.98438 0.0331889
3 0.0331889

2.98438 0.0596354
3 0.0612336

2.98438 0.0748375
2.98363 0.078125

2.98422 0.078125
2.98438 0.0788725

2.98438 0.0755939
3 0.0760865

-1.02243 -0.171875
-1.01562 -0.165461

-1.01562 -0.164471
-1.00827 -0.15625

-1.01302 -0.15625
-1 -0.144672

2.98438 0.0828943
3 0.0826039

3 0.116778
2.97433 0.125

2.9375 0.203775
2.92438 0.21875

2.92936 0.21875
2.91419 0.25

2.96875 0.146352
2.95608 0.15625

2.95312 0.175659
2.94877 0.1875

2.95312 0.168572
2.96875 0.16475

2.95312 0.173915
2.96875 0.171891

3 0.138419
2.96966 0.15625

3 0.170543
2.97229 0.1875

2.9375 0.216798
2.95734 0.1875

2.95885 0.21875
2.95346 0.25

2.96875 0.209693
2.9912 0.1875

2.96875 0.249505
2.97077 0.21875

2.84375 0.295018
2.84228 0.296875

2.84189 0.296875
2.83798 0.3125

2.85938 0.279396
2.85845 0.28125

2.86899 0.25
2.8669 0.265625

2.86631 0.265625
2.86193 0.28125

2.85783 0.28125
2.84733 0.296875

2.84375 0.310643
2.84593 0.3125

2.875 0.295222
2.87247 0.296875

2.85938 0.309656
2.87137 0.296875

2.82633 0.328125
2.82812 0.331713

2.8316 0.3125
2.8425 0.328125

2.82812 0.329813
2.84375 0.333065

2.842 0.34375
2.84375 0.344082

2.84375 0.318277
2.86962 0.3125

2.89062 0.27634
2.88437 0.28125

2.90625 0.262386
2.90065 0.265625

2.89062 0.272403
2.90266 0.265625

2.875 0.289372
2.8889 0.28125

2.90625 0.268287
2.9375 0.259532

2.90625 0.281944
2.9143 0.28125

2.9375 0.286935
2.97338 0.25

3 -0.0943066
3.00078 -0.09375

3.00045 -0.09375
3.00059 -0.0625

3 -0.0609827
3.00059 -0.0625

3.03125 -0.00325316
3.02474 0

3.0625 -0.00437893
3.04898 0

3.125 -0.00525219
3.1009 0

3.25 -0.00395511
3.22029 0

3.5 -0.00328724
3.4318 0

3.03125 0.0140961
3.02287 0.03125

3.03125 0.0580806
3.03112 0.0625

3.03125 0.0220107
3.05796 0

3.03125 0.0500482
3.03498 0.03125

3.03121 0.0625
3.03125 0.0658685

3.03125 0.113275
3.0284 0.125

3.03368 0.0625
3.03492 0.09375

3.0376 0.09375
3.03259 0.125

3.0625 0.0160995
3.09499 0

3 0.1792
3.03411 0.125

3 0.191824
3.00303 0.1875

3.125 0.01229
3.20045 0

3.25 0.0057559
3.36925 0

4 -0.00601912
3.58798 0

3.5 0.000389654
3.52667 0

