-3.84321 0
-3.5 0.000326157

1.5 -0.0459009
1.51562 -0.0467689

1.53125 -0.0476731
1.51749 -0.046875

1.51562 -0.0467519
1.51775 -0.046875

1.53125 -0.0476795
1.54688 -0.0486156

1.54688 -0.0486159
1.5625 -0.0495647

1.5625 -0.0495649
1.57812 -0.0505255

1.57812 -0.0505256
1.59375 -0.0514977

1.59375 -0.0514978
1.60938 -0.0524808

1.60938 -0.0524809
1.625 -0.0534741

-3.48635 0
-3.25 0.000740723

-3.25 0.000138613
-3.125 0.00128473

-3.125 0.000513355
-3.0625 0.0021784

1.625 -0.0534743
1.64062 -0.054477

1.64062 -0.0544769
1.65625 -0.055489

1.65625 -0.0554891
1.67188 -0.0565102

1.67188 -0.0565103
1.6875 -0.0575397

-3.0625 0.000722479
-3.03125 0.00319127

-3.02266 0
-3 0.0184762

1.6875 -0.0575398
1.70312 -0.058577

1.70312 -0.0585772
1.71875 -0.0596217

1.71875 -0.0596222
1.73438 -0.0606723

1.73438 -0.0606714
1.75 -0.061728

1.76562 -0.062811
1.76118 -0.0625

1.76562 -0.0628141
1.78125 -0.0639565

1.78125 -0.0639613
1.79688 -0.0651293

-1 0.0340254
-0.984375 0.0336325

-0.984375 0.0336325
-0.96875 0.0332398

-0.96875 0.0332398
-0.953125 0.0328472

-0.953125 0.0328472
-0.9375 0.0324545

-0.9375 0.0324545
-0.921875 0.032062

-0.921875 0.0320619
-0.90625 0.0316697

-0.875 0.0308923
-0.889486 0.03125

-0.90625 0.0316689
-0.890625 0.0312786

-0.890625 0.0312783
-0.889481 0.03125

-0.875 0.0308935
-0.859375 0.0305106

-0.859375 0.0305105
-0.84375 0.0301282

-0.84375 0.0301282
-0.828125 0.0297466

-0.828125 0.0297466
-0.8125 0.0293656

-0.8125 0.0293656
-0.796875 0.0289854

-0.796875 0.0289854
-0.78125 0.0286058

-0.78125 0.0286059
-0.765625 0.0282269

-0.765625 0.0282269
-0.75 0.0278485

-0.75 0.0278486
-0.734375 0.0274707

-0.734375 0.0274707
-0.71875 0.0270934

-0.71875 0.0270934
-0.703125 0.0267165

-0.703125 0.0267165
-0.6875 0.02634

-0.6875 0.02634
-0.671875 0.0259639

-0.671875 0.0259639
-0.65625 0.0255881

-0.65625 0.0255881
-0.640625 0.0252126

-0.640625 0.0252126
-0.625 0.0248374

-0.625 0.0248374
-0.609375 0.0244624

-0.609375 0.0244624
-0.59375 0.0240877

-0.59375 0.0240877
-0.578125 0.0237131

-0.578125 0.0237131
-0.5625 0.0233387

-0.5625 0.0233387
-0.546875 0.0229644

-0.546875 0.0229644
-0.53125 0.0225902

-0.53125 0.0225902
-0.515625 0.0222161

-0.515625 0.0222161
-0.5 0.021842

0.359375 -0.000100192
0.355345 0

0.359375 -0.000100994
0.375 -0.000522034

0.375 -0.000525167
0.390625 -0.000973799

0.390625 -0.000975463
0.40625 -0.0014421

0.40625 -0.0014432
0.421875 -0.0019223

0.421875 -0.00192303
0.4375 -0.00241091

0.4375 -0.00241131
0.453125 -0.00290571

0.453125 -0.00290592
0.46875 -0.00340561

0.46875 -0.00340575
0.484375 -0.00391001

0.484375 -0.00391013
0.5 -0.00441843

0 0.00941647
0.015625 0.00900662

0.015625 0.00900654
0.03125 0.00859479

0.03125 0.00859459
0.046875 0.00818152

0.046875 0.00818144
0.0625 0.00776762

-0.5 0.021842
-0.484375 0.0214678

-0.484375 0.0214678
-0.46875 0.0210936

1.79688 -0.0651296
1.8125 -0.0663128

-3 0.0247799
-2.99599 0.03125

-2.99501 0.03125
-2.98987 0.046875

-2.99035 0.046875
-2.98806 0.0625

-2.98836 0.0625
-2.98737 0.078125

-2.9888 0.078125
-2.98566 0.09375

-2.98545 0.09375
-2.96992 0.125

-2.969 0.125
-2.96875 0.125357

-2.96875 0.127992
-2.95846 0.140625

-2.95706 0.140625
-2.95312 0.144349

-2.95312 0.14465
-2.939 0.15625

-2.93898 0.15625
-2.9375 0.157365

-2.9375 0.158418
-2.92188 0.166772

-2.92188 0.166181
-2.90625 0.169356

-2.90625 0.169283
-2.89062 0.168606

-2.89062 0.168065
-2.875 0.164767

0.0625 0.00776752
0.078125 0.00735331

0.078125 0.00735323
0.09375 0.00693897

0.09375 0.00693903
0.109375 0.00652478

0.109375 0.00652499
0.125 0.00611023

0.125 0.00611047
0.140625 0.00569426

0.140625 0.00569439
0.15625 0.005276

0.15625 0.00527599
0.171875 0.00485519

0.171875 0.00485516
0.1875 0.00443204

0.1875 0.00443197
0.203125 0.00400669

0.203125 0.00400661
0.21875 0.00357946

0.21875 0.00357934
0.234375 0.00315074

0.234375 0.00315055
0.25 0.00272108

0.25 0.00272071
0.265625 0.00229147

0.265625 0.00229066
0.28125 0.00186398

0.28125 0.00186247
0.296875 0.00144297

0.296875 0.00144105
0.3125 0.00103562

0.3125 0.00103509
0.328125 0.00064862

0.328125 0.000652715
0.34375 0.000278088

0.34375 0.00028632
0.355267 0

0.5 -0.00441853
0.515625 -0.00493043

0.515625 -0.00493052
0.53125 -0.00544561

0.53125 -0.0054457
0.546875 -0.00596361

0.546875 -0.00596369
0.5625 -0.00648411

0.5625 -0.00648418
0.578125 -0.00700682

0.578125 -0.00700694
0.59375 -0.0075314

0.59375 -0.00753135
0.609375 -0.0080575

0.609375 -0.00805756
0.625 -0.00858538

0.625 -0.00858544
0.640625 -0.00911472

0.640625 -0.00911474
0.65625 -0.00964532

0.65625 -0.00964534
0.671875 -0.0101771

0.671875 -0.0101771
0.6875 -0.01071

-0.46875 0.0210936
-0.453125 0.0207192

0.6875 -0.01071
0.703125 -0.011244

0.703125 -0.011244
0.71875 -0.0117791

-2.84375 0.155687
-2.84588 0.15625

-2.875 0.164501
-2.85938 0.160195

-2.85938 0.15988
-2.84566 0.15625

-0.453125 0.0207192
-0.4375 0.0203445

1.75 -0.0617123
1.76126 -0.0625

1.8125 -0.0663129
1.82812 -0.0675103

1.82812 -0.0675106
1.84375 -0.0687213

1.84375 -0.0687215
1.85938 -0.0699442

1.85938 -0.0699443
1.875 -0.0711782

1.875 -0.0711785
1.89062 -0.0724229

1.89062 -0.0724231
1.90625 -0.0736768

1.90625 -0.0736772
1.92188 -0.0749393

1.92188 -0.07494
1.9375 -0.0762084

1.9375 -0.0762048
1.95312 -0.0774852

1.96875 -0.0788074
1.96074 -0.078125

1.95312 -0.0774625
1.9609 -0.078125

1.96875 -0.0788144
1.98438 -0.0802025

1.98438 -0.0802059
2 -0.0816168

-0.4375 0.0203445
-0.421875 0.0199694

-0.421875 0.0199695
-0.40625 0.0195938

-0.40625 0.0195939
-0.390625 0.0192175

-0.390625 0.0192176
-0.375 0.0188402

0.71875 -0.0117791
0.734375 -0.0123151

0.734375 -0.0123152
0.75 -0.0128522

-2.84375 0.155698
-2.82812 0.152454

-2.82812 0.152637
-2.8125 0.149996

0.75 -0.0128522
0.765625 -0.01339

0.765625 -0.0133901
0.78125 -0.0139282

0.78125 -0.0139287
0.796875 -0.0144661

0.796875 -0.0144665
0.8125 -0.0150015

0.8125 -0.0149968
0.828125 -0.0155381

0.84375 -0.0160994
0.83059 -0.015625

0.828125 -0.0155285
0.830803 -0.015625

0.84375 -0.0161032
0.859375 -0.0166845

0.859375 -0.0166847
0.875 -0.0172736

0.875 -0.0172737
0.890625 -0.0178694

-2.8125 0.149994
-2.79688 0.147593

-2.79688 0.147704
-2.78125 0.145323

-2.78125 0.145252
-2.76562 0.14281

-2.75 0.140376
-2.7516 0.140625

0.890625 -0.0178695
0.90625 -0.0184717

0.90625 -0.0184718
0.921875 -0.0190799

0.921875 -0.01908
0.9375 -0.0196938

0.9375 -0.0196939
0.953125 -0.020313

0.953125 -0.0203131
0.96875 -0.0209373

0.96875 -0.0209374
0.984375 -0.0215665

0.984375 -0.0215666
1 -0.0222004

-2.76562 0.142849
-2.75131 0.140625

-2.64062 0.122762
-2.65393 0.125

-2.64062 0.1228
-2.625 0.120214

-2.75 0.140361
-2.73438 0.137991

-2.73438 0.138067
-2.71875 0.135714

-2.71875 0.135685
-2.70312 0.133253

-2.70312 0.133291
-2.6875 0.130763

-2.6875 0.13073
-2.67188 0.128097

-2.67188 0.128095
-2.65625 0.125427

-2.65625 0.1254
-2.65387 0.125

-2.625 0.120193
-2.60938 0.11762

-2.60938 0.117612
-2.59375 0.115109

-2.59375 0.115095
-2.57812 0.112703

-2.57812 0.112705
-2.5625 0.110446

-2.54688 0.108323
-2.55471 0.109375

-2.5625 0.110436
-2.55459 0.109375

-2.54688 0.108359
-2.53125 0.106407

2 -0.0816171
2.01562 -0.0830436

2.01562 -0.0830443
2.03125 -0.0844844

-2.53125 0.106413
-2.51562 0.104538

2.03125 -0.0844848
2.04688 -0.0859363

2.04688 -0.0859366
2.0625 -0.0873983

-2.51562 0.104541
-2.5 0.102725

2.0625 -0.0873988
2.07812 -0.0888689

2.07812 -0.0888695
2.09375 -0.090346

2.09375 -0.0903469
2.10938 -0.0918269

2.10938 -0.0918189
2.125 -0.0933164

2.14062 -0.0948673
2.12942 -0.09375

2.14062 -0.0948782
2.15625 -0.0964883

2.125 -0.0932869
2.12964 -0.09375

2.15625 -0.0964902
2.17188 -0.098114

2.17188 -0.0981148
2.1875 -0.0997471

2.1875 -0.0997476
2.20312 -0.101386

2.20312 -0.101386
2.21875 -0.103029

2.21875 -0.103029
2.23438 -0.104675

2.23438 -0.104676
2.25 -0.106324

-2.5 0.102724
-2.48438 0.100961

-2.48438 0.100962
-2.46875 0.0992504

-2.46875 0.0992504
-2.45312 0.0975873

-2.45312 0.0975882
-2.4375 0.0959722

-2.40625 0.0929005
-2.41516 0.09375

-2.4375 0.0959698
-2.42188 0.094404

1 -0.0222005
1.01562 -0.0228387

1.01562 -0.0228387
1.03125 -0.0234812

1.03125 -0.0234811
1.04688 -0.0241278

1.04688 -0.0241278
1.0625 -0.0247786

1.0625 -0.0247786
1.07812 -0.0254332

1.07812 -0.0254332
1.09375 -0.0260915

1.09375 -0.0260916
1.10938 -0.0267535

1.10938 -0.0267535
1.125 -0.027419

1.125 -0.027419
1.14062 -0.0280878

1.14062 -0.0280879
1.15625 -0.0287599

2.25 -0.106324
2.26562 -0.107971

2.28125 -0.109639
2.27879 -0.109375

2.26562 -0.107952
2.27885 -0.109375

2.28125 -0.109644
2.29688 -0.111376

2.29688 -0.11139
2.3125 -0.113124

-2.42188 0.0943977
-2.41508 0.09375

2.3125 -0.113129
2.32812 -0.114828

2.32812 -0.114831
2.34375 -0.116477

2.34375 -0.11648
2.35938 -0.118061

2.35938 -0.118061
2.375 -0.119569

-2.40625 0.0929154
-2.39062 0.0915016

-2.39062 0.0915042
-2.375 0.0901378

1.15625 -0.02876
1.17188 -0.0294348

2.45312 -0.126218
2.43815 -0.125

2.45312 -0.126223
2.46875 -0.12748

-2.375 0.0901383
-2.35938 0.0888129

-2.35938 0.0888137
-2.34375 0.0875266

2.46875 -0.127479
2.48438 -0.128713

1.17188 -0.0294352
1.1875 -0.0301115

2.48438 -0.12871
2.5 -0.129926

2.375 -0.119569
2.39062 -0.121004

2.39062 -0.121002
2.40625 -0.122371

2.40625 -0.122369
2.42188 -0.123681

2.42188 -0.12367
2.4375 -0.124948

-0.375 0.0188402
-0.359375 0.0184615

-2.34375 0.0875271
-2.32812 0.0862757

-2.32812 0.0862764
-2.3125 0.0850583

2.4375 -0.124924
2.43844 -0.125

1.21875 -0.0314843
1.21353 -0.03125

1.1875 -0.0301106
1.20312 -0.0307894

1.20312 -0.0307789
1.21362 -0.03125

1.21875 -0.031487
1.23438 -0.0322179

1.23438 -0.0322203
1.25 -0.0329654

1.25 -0.0329655
1.26562 -0.0337196

1.26562 -0.0337197
1.28125 -0.0344827

1.28125 -0.0344828
1.29688 -0.0352543

1.29688 -0.0352543
1.3125 -0.0360338

2.5 -0.129928
2.51562 -0.131129

2.51562 -0.131129
2.53125 -0.132313

2.53125 -0.132319
2.54688 -0.133472

1.3125 -0.0360339
1.32812 -0.0368211

1.32812 -0.0368211
1.34375 -0.0376157

1.34375 -0.0376159
1.35938 -0.0384175

2.54688 -0.133473
2.5625 -0.134582

2.5625 -0.134584
2.57812 -0.135644

2.57812 -0.13563
2.59375 -0.136666

1.35938 -0.0384175
1.375 -0.0392259

-2.3125 0.0850588
-2.29688 0.083872

1.375 -0.039226
1.39062 -0.040041

-2.29688 0.0838725
-2.28125 0.0827149

2.59375 -0.136651
2.60938 -0.137722

-2.28125 0.0827152
-2.26562 0.081585

2.60938 -0.1377
2.625 -0.138881

-2.26562 0.0815853
-2.25 0.0804809

1.39062 -0.0400411
1.40625 -0.0408626

-2.25 0.0804811
-2.23438 0.0794014

-0.359375 0.0184616
-0.34375 0.018081

-0.34375 0.0180811
-0.328125 0.0176984

-0.328125 0.0176984
-0.3125 0.0173134

-0.3125 0.0173132
-0.296875 0.016926

-0.296875 0.0169255
-0.28125 0.0165376

2.625 -0.138882
2.64062 -0.140218

-0.28125 0.0165368
-0.265625 0.0161506

2.65625 -0.141706
2.64481 -0.140625

1.40625 -0.0408626
1.42188 -0.0416902

-2.23438 0.0793988
-2.21875 0.0783485

1.42188 -0.0416902
1.4375 -0.0425237

2.64062 -0.140213
2.64498 -0.140625

2.65625 -0.141751
2.67188 -0.143256

-0.265625 0.0161494
-0.25 0.015769

2.67188 -0.143256
2.6875 -0.14469

2.6875 -0.14469
2.70312 -0.146049

1.4375 -0.0425237
1.45312 -0.0433628

2.70312 -0.146027
2.71875 -0.147355

-0.234375 0.0153946
-0.243844 0.015625

2.71875 -0.147364
2.73438 -0.148684

1.45312 -0.0433629
1.46875 -0.0442071

2.73438 -0.14864
2.75 -0.150024

1.46875 -0.0442074
1.48438 -0.045056

1.48438 -0.0450564
1.5 -0.045908

2.75 -0.149992
2.76562 -0.151593

-2.20312 0.0773362
-2.21535 0.078125

-2.21875 0.0783464
-2.21532 0.078125

-2.20312 0.0773428
-2.1875 0.0763722

-0.25 0.01577
-0.24404 0.015625

-0.234375 0.0153917
-0.21875 0.0150059

2.76562 -0.151521
2.78125 -0.153546

-0.21875 0.0150059
-0.203125 0.0146168

-0.203125 0.0146166
-0.1875 0.0142246

2.8125 -0.158518
2.79759 -0.15625

2.78125 -0.153645
2.79688 -0.156042

2.79688 -0.156097
2.79788 -0.15625

-0.1875 0.0142244
-0.171875 0.0138305

-0.171875 0.0138304
-0.15625 0.013435

-0.15625 0.013435
-0.140625 0.0130385

2.8125 -0.15856
2.82812 -0.160636

2.82812 -0.16061
2.84375 -0.162351

2.84375 -0.162397
2.85938 -0.163764

-0.140625 0.0130385
-0.125 0.0126409

-2.1875 0.0763727
-2.17188 0.0754261

-2.17188 0.0754264
-2.15625 0.0745022

-2.15625 0.0745025
-2.14062 0.0735996

-2.14062 0.0735998
-2.125 0.0727171

-0.125 0.0126409
-0.109375 0.0122422

-0.109375 0.0122422
-0.09375 0.0118424

2.85938 -0.163761
2.875 -0.164667

-2.125 0.0727173
-2.10938 0.0718537

2.875 -0.164811
2.89062 -0.164972

-0.09375 0.0118424
-0.078125 0.0114414

2.89062 -0.165069
2.90625 -0.164004

2.90625 -0.164303
2.92188 -0.161219

-0.078125 0.0114414
-0.0625 0.0110391

2.92188 -0.161667
2.93447 -0.15625

2.93534 -0.15625
2.9375 -0.15532

-0.0625 0.0110391
-0.046875 0.0106355

-0.046875 0.0106355
-0.03125 0.0102306

-0.03125 0.0102306
-0.015625 0.00982427

2.9375 -0.155497
2.95312 -0.143152

-0.015625 0.00982434
0 0.0094164

-2.10938 0.071854
-2.09375 0.0710085

-2.09375 0.0710087
-2.07812 0.0701803

-2.07812 0.0701805
-2.0625 0.0693684

2.95312 -0.141802
2.9543 -0.140625

2.95498 -0.140625
2.96854 -0.125

2.96875 -0.125138
2.96885 -0.125

-2.0625 0.0693686
-2.04688 0.0685718

-2.04688 0.068572
-2.03125 0.0677899

-2.03125 0.06779
-2.01562 0.0670217

-2.01562 0.0670219
-2 0.0662666

2.96946 -0.125
2.98502 -0.09375

2.98438 -0.0750235
2.9837 -0.0625

2.98528 -0.09375
2.9868 -0.078125

2.98438 -0.0716762
2.98472 -0.078125

2.98418 -0.0625
2.98438 -0.0601219

2.98435 -0.046875
2.98438 -0.0468054

2.98438 -0.0458732
2.98939 -0.03125

2.99033 -0.03125
2.99981 -0.015625

2.99971 -0.015625
3 -0.0152226

3 -0.01126
3.01576 0

3.03125 -0.00142251
3.0625 -0.000388516

3.0625 -0.000948708
3.125 -0.000235665

3.125 -0.000558232
3.25 -0.00010887

3.25 -0.000371077
3.5 -0.000220203

3.5 -0.000489377
4 -0.000456143

-2 0.0662667
-1.98438 0.0655239

-1.98438 0.065524
-1.96875 0.064793

-1.96875 0.064793
-1.95312 0.0640734

-1.95312 0.0640734
-1.9375 0.0633648

-1.90625 0.0619911
-1.91803 0.0625

-1.90625 0.0619946
-1.89062 0.0613379

-1.89062 0.0613381
-1.875 0.0606927

-1.9375 0.0633636
-1.92188 0.0626684

-1.92188 0.0626672
-1.918 0.0625

-1.875 0.0606928
-1.85938 0.0600579

-1.85938 0.060058
-1.84375 0.0594334

-1.84375 0.0594335
-1.82812 0.0588186

-1.82812 0.0588187
-1.8125 0.0582131

-1.8125 0.0582132
-1.79688 0.0576167

-1.79688 0.0576168
-1.78125 0.0570288

-1.78125 0.0570289
-1.76562 0.0564492

-1.76562 0.0564493
-1.75 0.0558775

-1.75 0.0558776
-1.73438 0.0553133

-1.73438 0.0553134
-1.71875 0.0547563

-1.71875 0.0547564
-1.70312 0.0542062

-1.70312 0.0542063
-1.6875 0.0536627

-1.6875 0.0536628
-1.67188 0.0531255

-1.67188 0.0531256
-1.65625 0.0525943

-1.65625 0.0525944
-1.64062 0.0520688

-1.64062 0.0520688
-1.625 0.0515487

-1.625 0.0515487
-1.60938 0.0510337

-1.60938 0.0510338
-1.59375 0.0505237

-1.59375 0.0505237
-1.57812 0.0500182

-1.57812 0.0500183
-1.5625 0.0495172

-1.5625 0.0495172
-1.54688 0.0490203

-1.54688 0.0490203
-1.53125 0.0485273

-1.53125 0.0485273
-1.51562 0.0480382

-1.51562 0.0480382
-1.5 0.0475529

-1.5 0.0475525
-1.48438 0.0470718

-1.46875 0.0465978
-1.47793 0.046875

-1.48438 0.0470706
-1.4779 0.046875

-1.46875 0.0466
-1.45312 0.046137

-1.45312 0.0461373
-1.4375 0.0456788

-1.4375 0.0456789
-1.42188 0.0452245

-1.42188 0.0452245
-1.40625 0.0447741

-1.40625 0.0447741
-1.39062 0.0443275

-1.39062 0.0443276
-1.375 0.0438847

-1.375 0.0438847
-1.35938 0.0434453

-1.35938 0.0434454
-1.34375 0.0430094

-1.34375 0.0430095
-1.32812 0.0425768

-1.32812 0.0425768
-1.3125 0.0421473

-1.3125 0.0421474
-1.29688 0.0417208

-1.29688 0.0417209
-1.28125 0.0412973

-1.28125 0.0412973
-1.26562 0.0408765

-1.26562 0.0408765
-1.25 0.0404583

-1.25 0.0404583
-1.23438 0.0400427

-1.23438 0.0400427
-1.21875 0.0396294

-1.21875 0.0396295
-1.20312 0.0392185

-1.20312 0.0392185
-1.1875 0.0388096

-1.1875 0.0388097
-1.17188 0.0384029

-1.17188 0.0384029
-1.15625 0.037998

-1.15625 0.0379981
-1.14062 0.037595

-1.14062 0.037595
-1.125 0.0371936

-1.125 0.0371936
-1.10938 0.0367937

-1.10938 0.0367937
-1.09375 0.0363952

-1.09375 0.0363952
-1.07812 0.035998

-1.07812 0.035998
-1.0625 0.0356018

-1.0625 0.0356019
-1.04688 0.0352067

-1.04688 0.0352067
-1.03125 0.0348123

-1.03125 0.0348124
-1.01562 0.0344186

-1.01562 0.0344187
-1 0.0340254

