-4 -0.00331191
-3.72152 0

-3.58317 0
-3.5 0.000989131

1.53125 -0.0937607
1.53115 -0.09375

1.5 -0.0905054
1.51562 -0.0919383

1.51562 -0.0919034
1.53125 -0.0936591

1.53125 -0.0937672
1.54688 -0.0956998

1.54688 -0.095819
1.5625 -0.097474

1.53125 -0.0937105
1.53157 -0.09375

-3.5 -0.00239559
-3.44159 0

1.5625 -0.0974767
1.57812 -0.0986095

-3.25 -0.00350121
-3.22123 0

1.57812 -0.0985732
1.59375 -0.099251

1.59375 -0.0991982
1.60938 -0.0995991

-3.125 -0.00487233
-3.10593 0

-3.0625 -0.00189377
-3.05786 0

1.60938 -0.0995508
1.625 -0.0998772

1.625 -0.0998516
1.64062 -0.100251

1.64062 -0.100268
1.65625 -0.100758

1.65625 -0.100805
1.67188 -0.101256

1.67188 -0.10128
1.6875 -0.101548

-3.39457 0
-3.25 0.00599133

-3.20945 0
-3.125 0.0116156

-3.10512 0
-3.0625 0.0186582

-3.0625 0.00524357
-3.03125 0.029513

1.6875 -0.101513
1.70312 -0.101618

1.70312 -0.101558
1.71875 -0.101688

1.71875 -0.101691
1.73438 -0.101959

-3.03682 0.03125
-3.03125 0.041427

-3 0.0303327
-3.00924 0.03125

1.73438 -0.102018
1.75 -0.102298

-3.03125 0.0483101
-3.02241 0.0625

-3.03422 0.0625
-3.03125 0.079895

-3.03011 0.0625
-3.02045 0.09375

-3.02258 0.09375
-3.01635 0.125

-3.02726 0.125
-3 0.161269

-3.00064 0.1875
-3 0.18811

0.359375 -0.000872411
0.353348 0

0.359375 -0.000964611
0.375 -0.00311655

1.75 -0.102323
1.76562 -0.10245

1.76562 -0.102424
1.78125 -0.102398

0.375 -0.00311501
0.390625 -0.00490521

0.390625 -0.00485885
0.40625 -0.00638312

0.40625 -0.00637962
0.421875 -0.00773767

0.421875 -0.00778421
0.4375 -0.00888995

1.78125 -0.102365
1.79688 -0.102306

0.4375 -0.0089388
0.453125 -0.00960144

0.453125 -0.00960323
0.46875 -0.00972145

0.46875 -0.00966768
0.484375 -0.00934543

1.79688 -0.102288
1.8125 -0.102298

0.484375 -0.00927522
0.5 -0.00876045

-2.96875 -0.192971
-2.96929 -0.1875

0 0.0106882
0.015625 0.00978362

0.015625 0.00968278
0.03125 0.00896041

-2.96875 -0.195342
-2.9684 -0.1875

-2.96967 -0.1875
-2.96875 -0.187207

1.8125 -0.102297
1.82812 -0.102414

1.82812 -0.10242
1.84375 -0.102635

1.84375 -0.102638
1.85938 -0.102933

-2.96875 -0.187464
-2.96866 -0.1875

1.85938 -0.102926
1.875 -0.103308

-2.96875 -0.101022
-2.98255 -0.09375

1.875 -0.10329
1.89062 -0.103809

-2.98595 -0.09375
-2.99138 -0.078125

-2.98438 -0.0873529
-2.97843 -0.09375

-2.98361 -0.078125
-2.98202 -0.0625

-2.96875 -0.0954393
-2.95312 -0.0947406

-2.95312 -0.0943031
-2.9375 -0.0957049

-2.96875 -0.0930153
-2.95312 -0.0936046

-2.95312 -0.0936495
-2.952 -0.09375

-2.98354 -0.0625
-2.98412 -0.046875

-2.98389 -0.046875
-2.98407 -0.03125

0.03125 0.00887245
0.046875 0.00870986

0.046875 0.00869184
0.0625 0.00930097

0.0625 0.00940463
0.078125 0.0106142

-1 0.0244117
-0.984375 0.0228553

-0.984375 0.0228535
-0.96875 0.0206608

-0.96875 0.0206515
-0.953125 0.0178447

-0.9375 0.0146637
-0.942318 0.015625

-0.953125 0.0176642
-0.942906 0.015625

-0.9375 0.0140787
-0.921875 0.0119462

-0.921875 0.00996332
-0.90625 0.013794

-0.90625 0.010494
-0.898423 0.015625

-0.901866 0.015625
-0.892052 0.03125

-0.890625 0.0123055
-0.88798 0.015625

-0.890625 0.0293511
-0.889314 0.03125

-0.905014 0.03125
-0.894606 0.046875

-0.899635 0.046875
-0.890625 0.0505667

-0.890625 0.0414901
-0.875 0.0465099

0.078125 0.010783
0.09375 0.0120481

-0.875 0.041564
-0.859375 0.042932

-0.859375 0.045818
-0.849293 0.046875

1.89062 -0.103792
1.90625 -0.104519

-0.849799 0.046875
-0.84375 0.0475067

-2.98438 -0.00165291
-2.98439 0

-2.98409 -0.03125
-2.98428 -0.015625

0.09375 0.0120609
0.109375 0.0130181

-2.98438 -0.00762488
-2.98431 -0.015625

-2.9375 -0.0968027
-2.92188 -0.0981043

1.90625 -0.104529
1.92188 -0.105477

-2.92188 -0.0980787
-2.90625 -0.0971289

1.92188 -0.10551
1.9375 -0.106593

-0.84375 0.0461319
-0.828125 0.0448904

-0.828125 0.0449659
-0.8125 0.0433806

-0.8125 0.0434253
-0.796875 0.0412561

-0.796875 0.0408933
-0.78125 0.0387765

-0.78125 0.0389913
-0.765625 0.0372229

-0.765625 0.0370816
-0.75 0.0355146

0.109375 0.0128608
0.125 0.0137992

-2.90625 -0.0965387
-2.89062 -0.0945691

-0.75 0.035656
-0.734375 0.0342902

-2.89062 -0.0941247
-2.88719 -0.09375

-0.734375 0.0342459
-0.71875 0.0328871

-0.703125 0.0307276
-0.708309 0.03125

-0.6875 0.0293442
-0.701698 0.03125

-0.71875 0.0331295
-0.703125 0.0315549

-0.703125 0.0316239
-0.700339 0.03125

0.125 0.0137568
0.140625 0.0150759

0.140625 0.0153226
0.143823 0.015625

0.145132 0.015625
0.15625 0.0166762

0.15625 0.0168459
0.171875 0.0178965

0.171875 0.0179188
0.1875 0.0182199

0.1875 0.0181525
0.203125 0.0177946

0.203125 0.0176406
0.21875 0.0170666

0.21875 0.0170094
0.234375 0.0166417

-0.6875 0.0290967
-0.671875 0.027025

-0.671875 0.0261778
-0.65625 0.0263702

-0.65625 0.0241521
-0.642725 0.03125

-0.640625 0.0290305
-0.638208 0.03125

-0.643952 0.03125
-0.640625 0.0337644

-0.641094 0.046875
-0.640625 0.0477944

-0.640625 0.0358942
-0.62916 0.046875

-0.640625 0.0476226
-0.625 0.0583013

0.234375 0.0167408
0.25 0.0164958

-0.625 0.0542136
-0.609375 0.0509189

-0.59375 0.039957
-0.609359 0.046875

1.9375 -0.106624
1.95312 -0.107714

1.95312 -0.107733
1.96875 -0.108726

1.98438 -0.109578
1.98061 -0.109375

0.25 0.0167168
0.265625 0.0159544

1.96875 -0.108732
1.98065 -0.109375

0.28125 0.0141042
0.269569 0.015625

-0.59375 0.0407766
-0.578125 0.036656

0.265625 0.0160129
0.268604 0.015625

1.98438 -0.10958
2 -0.110254

-2.88102 -0.09375
-2.875 -0.093093

-0.578125 0.0377129
-0.5625 0.0326436

0.28125 0.013964
0.296875 0.01057

-2.875 -0.0931016
-2.85938 -0.0911887

-2.85938 -0.0908962
-2.84375 -0.0887811

-0.546875 0.0251448
-0.560859 0.03125

-0.546875 0.024695
-0.53125 0.0183749

0.296875 0.0101545
0.3125 0.00645645

-0.5625 0.0321518
-0.560434 0.03125

0.3125 0.00632653
0.328125 0.00341526

0.328125 0.00362722
0.34375 0.00133865

0.34375 0.00144567
0.353737 0

-0.515625 0.0131821
-0.522981 0.015625

-0.53125 0.0186599
-0.522112 0.015625

-0.515625 0.0124702
-0.5 0.00984347

-2.84375 -0.0887305
-2.82812 -0.0870996

-2.82812 -0.0871559
-2.8125 -0.085998

-2.8125 -0.0861411
-2.79688 -0.0850572

-2.79688 -0.0849692
-2.78125 -0.0838491

-2.78125 -0.0838507
-2.76562 -0.0828672

-2.76562 -0.0831126
-2.75 -0.0817719

-2.75292 -0.046875
-2.75 -0.0388864

0.5 -0.00870528
0.515625 -0.00824876

0.515625 -0.00817876
0.53125 -0.00803085

0.53125 -0.00792786
0.546875 -0.00843451

-2.5625 -0.365609
-2.56286 -0.359375

-2.5629 -0.359375
-2.5625 -0.358997

0.546875 -0.00838756
0.5625 -0.00984863

0.5625 -0.0098754
0.578125 -0.0123313

0.59375 -0.0158113
0.59289 -0.015625

-2.5625 -0.364029
-2.55906 -0.359375

0.578125 -0.0123337
0.593319 -0.015625

-0.5 0.00941884
-0.484375 0.0119492

-2.5625 -0.359026
-2.55781 -0.359375

-0.484375 0.012431
-0.478303 0.015625

0.59375 -0.0161155
0.609375 -0.0196296

-2.75 -0.0828439
-2.73438 -0.0814475

-2.74299 -0.078125
-2.73438 -0.0727978

-0.477177 0.015625
-0.46875 0.0201236

0.609375 -0.0198267
0.625 -0.0222892

-0.46875 0.0210982
-0.456041 0.03125

0.625 -0.0222146
0.640625 -0.0233807

0.640625 -0.0233097
0.65625 -0.0234708

0.65625 -0.0233993
0.671875 -0.0228405

0.671875 -0.0227833
0.6875 -0.0217621

-0.456102 0.03125
-0.453125 0.0338119

-0.453125 0.035227
-0.437846 0.046875

-0.437886 0.046875
-0.4375 0.0471346

-2.73438 -0.0848917
-2.71875 -0.0930845

-2.71875 -0.0760471
-2.73325 -0.0625

0.6875 -0.0217569
0.703125 -0.0203979

0.703125 -0.0204468
0.71875 -0.0186626

0.71875 -0.0186147
0.734375 -0.0164033

-2.70312 -0.098684
-2.716 -0.09375

-2.70312 -0.0978688
-2.6875 -0.104053

-0.4375 0.0474559
-0.421875 0.0549218

-0.421875 0.0547139
-0.40625 0.0575157

-2.71875 -0.0872113
-2.71046 -0.09375

-0.40625 0.057464
-0.390625 0.0561207

0.734375 -0.0163074
0.738709 -0.015625

-0.390625 0.0551338
-0.375 0.0517226

0.7392 -0.015625
0.75 -0.0139244

-2.7126 -0.078125
-2.71607 -0.0625

-2.74205 -0.0625
-2.73988 -0.046875

-0.375 0.0510305
-0.359375 0.0489092

0.75 -0.0137276
0.765625 -0.0114487

-2.75 -0.041636
-2.73438 -0.0406538

0.765625 -0.0115424
0.78125 -0.00960603

-0.359375 0.0490985
-0.34375 0.0492728

-0.34375 0.0496545
-0.328125 0.0509826

-0.328125 0.050821
-0.3125 0.0528626

0.78125 -0.00959289
0.796875 -0.00783782

0.796875 -0.00780509
0.8125 -0.00632311

0.8125 -0.00633052
0.828125 -0.00517231

0.828125 -0.00495435
0.84375 -0.00454104

0.84375 -0.00481071
0.859375 -0.00503887

-0.3125 0.053476
-0.296875 0.0553275

-0.296875 0.0551789
-0.28125 0.0559106

-0.28125 0.0560962
-0.265625 0.055634

-0.265625 0.0589478
-0.25 0.0502928

0.859375 -0.00460576
0.875 -0.00580226

2 -0.110241
2.01562 -0.110762

0.875 -0.00610646
0.890625 -0.00852908

-2.73438 -0.0543985
-2.72482 -0.0625

0.890625 -0.00877925
0.90625 -0.0113192

2.01562 -0.110746
2.03125 -0.11117

-0.234375 0.0293517
-0.236878 0.03125

2.03125 -0.111157
2.04688 -0.111543

-2.67188 -0.109585
-2.67239 -0.109375

0.921875 -0.0168664
0.917764 -0.015625

2.04688 -0.111536
2.0625 -0.111927

0.90625 -0.00987539
0.921875 -0.0145935

-0.234375 0.030413
-0.21875 0.0230982

-0.25 0.0454287
-0.234375 0.0314964

-2.6875 -0.103249
-2.67239 -0.109375

-0.25 0.0486043
-0.24833 0.046875

0.921875 -0.0162633
0.9375 -0.0228338

-2.67188 -0.110354
-2.65625 -0.116905

0.921875 -0.0147146
0.92404 -0.015625

-2.65625 -0.118468
-2.64062 -0.120566

0.96875 -0.0330665
0.962301 -0.03125

-2.64062 -0.120116
-2.625 -0.115536

0.9375 -0.0230401
0.953125 -0.0280375

-0.21875 0.0248094
-0.203125 0.0225525

-2.625 -0.0647185
-2.62602 -0.0625

2.0625 -0.111929
2.07812 -0.112338

-2.62875 -0.0625
-2.62927 -0.046875

2.07812 -0.112348
2.09375 -0.112753

-0.203125 0.022939
-0.1875 0.0215448

2.09375 -0.112767
2.10938 -0.113121

2.10938 -0.113141
2.125 -0.113374

-0.1875 0.0216529
-0.171875 0.0201323

-0.171875 0.0201154
-0.15625 0.0182861

-2.63408 -0.046875
-2.625 -0.0413248

-0.15625 0.0182396
-0.140625 0.0162284

-0.125 0.0141936
-0.136454 0.015625

0.953125 -0.0269053
0.96855 -0.03125

2.125 -0.113407
2.14062 -0.113414

0.96875 -0.031934
0.984375 -0.0367479

-0.140625 0.0161766
-0.136211 0.015625

-2.5625 -0.193009
-2.5625 -0.1875

2.14062 -0.113467
2.15625 -0.113078

-2.5625 -0.191393
-2.56084 -0.1875

0.984375 -0.0370346
1 -0.0411818

-0.125 0.0141127
-0.109375 0.0125445

2.15625 -0.113147
2.17188 -0.112121

-2.5625 -0.187498
-2.56016 -0.1875

2.17188 -0.112184
2.1875 -0.110257

-0.109375 0.0125334
-0.09375 0.0115502

-2.625 -0.116711
-2.61126 -0.109375

-2.61927 -0.109375
-2.60938 -0.102288

-0.09375 0.0115687
-0.078125 0.0111557

-0.078125 0.0111993
-0.0625 0.0112322

-0.0625 0.011309
-0.046875 0.0115467

-0.046875 0.0116343
-0.03125 0.0117478

-0.03125 0.0117949
-0.015625 0.0115147

-0.015625 0.0114854
0 0.0107759

2.1875 -0.110142
2.19204 -0.109375

2.1917 -0.109375
2.20312 -0.107444

2.20312 -0.107443
2.21875 -0.104434

2.21875 -0.10438
2.23438 -0.101146

2.23438 -0.101083
2.25 -0.0978592

-2.60938 -0.11084
-2.60562 -0.109375

-2.60938 -0.102819
-2.59375 -0.0991222

-2.61767 -0.09375
-2.61069 -0.078125

-2.625 -0.0731711
-2.61321 -0.0625

-2.60938 -0.0905713
-2.59794 -0.09375

-2.59375 -0.100305
-2.57812 -0.100125

-2.57812 -0.101007
-2.5625 -0.0992434

-2.61709 -0.0625
-2.62284 -0.046875

-2.625 -0.0420145
-2.61554 -0.046875

-2.5625 -0.0993805
-2.54688 -0.0940724

-2.54688 -0.0940572
-2.54621 -0.09375

-2.54875 -0.09375
-2.54688 -0.0931114

-2.54688 -0.093125
-2.53125 -0.0858796

-2.53125 -0.0854682
-2.51562 -0.0789263

2.25 -0.0977886
2.26562 -0.0948429

2.26562 -0.094829
2.27247 -0.09375

-2.51562 -0.0788788
-2.51342 -0.078125

-2.51266 -0.078125
-2.5 -0.0737988

-2.98452 0
-2.9845 0.015625

-2.98441 0.015625
-2.98438 0.0179528

-2.98437 0
-2.98421 0.015625

-2.98418 0.015625
-2.98392 0.03125

1 -0.0412129
1.01562 -0.044058

2.27227 -0.09375
2.28125 -0.0923345

1.01562 -0.0438272
1.03125 -0.0457693

1.04688 -0.0482889
1.03594 -0.046875

2.28125 -0.0925866
2.29688 -0.090193

2.29688 -0.0902916
2.3125 -0.087293

-2.98397 0.03125
-2.98383 0.046875

-2.98381 0.046875
-2.98371 0.0625

2.3125 -0.0873516
2.32812 -0.0834337

1.03125 -0.0450215
1.04558 -0.046875

-2.98371 0.0625
-2.98367 0.078125

-2.98374 0.078125
-2.98363 0.09375

1.04688 -0.0476121
1.0625 -0.0500687

2.32812 -0.0833419
2.34375 -0.0785992

1.0625 -0.0500725
1.07812 -0.052793

1.07812 -0.0528316
1.09375 -0.0557312

1.09375 -0.0557176
1.10938 -0.0587463

1.10938 -0.0587065
1.125 -0.0619711

-2.984 0.09375
-2.98188 0.125

2.34255 -0.078125
2.34375 -0.0777604

-2.97655 0.125
-2.97882 0.15625

-3 0.181312
-2.96875 0.178887

1.14062 -0.0655891
1.12624 -0.0625

2.34375 -0.0778071
2.35938 -0.0740073

-2.96875 0.13824
-2.96709 0.140625

-2.96796 0.140625
-2.95794 0.15625

2.35938 -0.0741588
2.375 -0.0725552

-2.96278 0.15625
-2.9604 0.171875

1.14062 -0.0653596
1.15625 -0.0687409

1.15625 -0.0688032
1.17188 -0.0722443

1.17188 -0.0721819
1.1875 -0.0756831

2.46875 -0.219111
2.46852 -0.21875

1.125 -0.0614613
1.12984 -0.0625

1.20312 -0.0794622
1.19739 -0.078125

1.1875 -0.0756448
1.19814 -0.078125

1.20312 -0.0795851
1.21875 -0.0828484

1.21875 -0.0827385
1.23438 -0.0853667

1.23438 -0.0853973
1.25 -0.0875488

-2.95507 0.171875
-2.96552 0.1875

-2.95312 0.167789
-2.95274 0.171875

-2.95312 0.173927
-2.95256 0.171875

2.46856 -0.21875
2.46875 -0.217337

2.46875 -0.219034
2.48438 -0.218882

-3 0.187799
-2.96875 0.194855

-2.93873 0.1875
-2.9375 0.195853

1.25 -0.0875936
1.26562 -0.0891178

2.46875 -0.217681
2.48438 -0.218411

1.26562 -0.0891485
1.28125 -0.0898945

2.375 -0.0727733
2.39062 -0.0726268

1.28125 -0.0898893
1.29688 -0.0898063

2.39062 -0.0730416
2.40625 -0.0730866

2.40625 -0.0731871
2.42188 -0.0723931

2.42188 -0.072421
2.4375 -0.0705309

1.29688 -0.0897423
1.3125 -0.0889686

1.3125 -0.0888561
1.32812 -0.0877447

1.32812 -0.0876495
1.34375 -0.0866159

1.34375 -0.0866
1.35938 -0.0858663

1.35938 -0.0858951
1.375 -0.0854354

-2.9375 0.223115
-2.9465 0.25

1.375 -0.0854363
1.39062 -0.0851912

2.4375 -0.0704303
2.45312 -0.0675895

2.45312 -0.0681272
2.46875 -0.0634615

2.46875 -0.0640095
2.47164 -0.0625

1.39062 -0.0851642
1.40625 -0.0851862

1.40625 -0.0851888
1.42188 -0.0855266

1.42188 -0.0855462
1.4375 -0.0861551

1.4375 -0.0861601
1.45312 -0.0869911

1.45312 -0.0869906
1.46875 -0.0880347

1.46875 -0.088063
1.48438 -0.0892645

1.48438 -0.0892761
1.5 -0.0905551

-2.9375 0.209865
-2.92188 0.20377

-2.93156 0.21875
-2.90625 0.221276

2.47206 -0.0625
2.48438 -0.0549834

2.48438 -0.0547804
2.49471 -0.046875

2.48918 -0.046875
2.5 -0.0388617

-2.95116 0.25
-2.9375 0.277907

-2.9375 0.274083
-2.90625 0.275492

-2.91051 0.28125
-2.90625 0.281604

-2.90625 0.256679
-2.9021 0.265625

-2.89062 0.277932
-2.89212 0.28125

-2.89062 0.265085
-2.8901 0.265625

-2.89013 0.265625
-2.8893 0.28125

-2.90625 0.287628
-2.89314 0.28125

-2.875 0.296022
-2.86828 0.296875

-2.875 0.300921
-2.85938 0.300921

2.5 -0.0404531
2.51562 -0.0329244

2.51562 -0.0342234
2.52553 -0.03125

2.5238 -0.03125
2.53125 -0.0290119

2.53125 -0.029132
2.54688 -0.0254814

2.54688 -0.0252312
2.5625 -0.0234831

2.5625 -0.0239981
2.57812 -0.0236226

-2.5 -0.0731465
-2.48438 -0.0698968

-2.48438 -0.0696825
-2.46875 -0.0701689

-2.46875 -0.0711433
-2.45312 -0.0738458

-2.45312 -0.0747831
-2.4375 -0.0758782

-2.4375 -0.0757654
-2.42188 -0.0736041

-2.42188 -0.0733487
-2.40625 -0.0686672

2.57812 -0.0237509
2.59375 -0.0234615

2.59375 -0.0234457
2.60938 -0.0230174

2.60938 -0.0228535
2.625 -0.0226456

-2.40625 -0.0685788
-2.39167 -0.0625

-2.39168 -0.0625
-2.39062 -0.0620619

-2.39062 -0.0617942
-2.375 -0.0541687

2.625 -0.0226232
2.64062 -0.0230083

2.64062 -0.0231721
2.65625 -0.0238674

2.65625 -0.0239767
2.67188 -0.024436

-2.375 -0.0540919
-2.36097 -0.046875

-2.361 -0.046875
-2.35938 -0.0460369

-2.35938 -0.04587
-2.34375 -0.0379385

2.67188 -0.0244906
2.6875 -0.0243862

-2.34375 -0.0376505
-2.32923 -0.03125

-2.32922 -0.03125
-2.32812 -0.0307665

-2.32812 -0.0307314
-2.3125 -0.0255359

-2.3125 -0.025442
-2.29688 -0.0221918

-2.29688 -0.0222497
-2.28125 -0.0210165

-2.28125 -0.0214694
-2.26562 -0.0212317

2.6875 -0.0244542
2.70312 -0.0235412

2.70312 -0.0235903
2.71875 -0.0216347

2.71875 -0.0215153
2.73438 -0.0186574

-2.26562 -0.0219038
-2.25 -0.0204116

2.73438 -0.0181293
2.75 -0.0156801

2.74875 -0.015625
2.75 -0.0154284

2.75 -0.0152133
2.76562 -0.0151623

2.76562 -0.0156272
2.78125 -0.0182458

2.76562 -0.0148266
2.77039 -0.015625

-2.25 -0.0228815
-2.23701 -0.015625

-2.23818 -0.015625
-2.23438 -0.0133652

-2.23438 -0.00892168
-2.22141 0

2.78125 -0.0186539
2.79688 -0.0221961

2.79688 -0.0226581
2.8125 -0.0251403

2.8125 -0.0250003
2.82812 -0.0257785

2.82812 -0.0255628
2.84375 -0.0253486

2.84375 -0.0252689
2.85938 -0.0246533

2.85938 -0.0246679
2.875 -0.0237811

-2.22411 0
-2.21875 0.00317371

-2.21875 0.00154756
-2.20312 0.00474258

-2.20312 0.00297916
-2.1875 0.00348969

-2.1875 0.0030712
-2.17188 0.00526106

-2.17188 0.00515984
-2.15625 0.0100685

2.99991 -0.25
3 -0.219277

-2.15625 0.00988823
-2.14502 0.015625

-2.1457 0.015625
-2.14062 0.0182159

-2.14062 0.0179574
-2.125 0.029188

2.875 -0.0237665
2.89062 -0.0226087

2.89062 -0.0224894
2.90625 -0.0213283

-2.125 0.0291248
-2.12244 0.03125

-2.12361 0.03125
-2.10938 0.0430322

-2.10938 0.0433662
-2.10485 0.046875

-2.10507 0.046875
-2.09375 0.0553283

-2.09375 0.055622
-2.08141 0.0625

-2.08117 0.0625
-2.07812 0.0641485

-2.07812 0.0639224
-2.0625 0.0697852

-2.0625 0.0696827
-2.04688 0.0736594

-2.04688 0.0735853
-2.03125 0.0760291

2.90625 -0.0210749
2.92188 -0.020656

2.92188 -0.0208387
2.9375 -0.0213034

2.98438 -0.0855172
2.97591 -0.078125

2.97875 -0.078125
2.97912 -0.0625

-2.03125 0.0759567
-2.01562 0.0771605

-2.01562 0.0770535
-2 0.0773762

2.98438 -0.0823653
3 -0.0824474

2.98438 -0.0706923
3 -0.0707183

2.9375 -0.0222609
2.95312 -0.0213287

2.95312 -0.0232525
2.96791 -0.015625

2.96758 -0.015625
2.96875 -0.0149176

2.97497 -0.0625
2.98438 -0.0552199

2.98438 -0.0590991
3 -0.0591477

2.96875 -0.014785
2.98074 0

2.625 0.187656
2.62516 0.1875

2.97983 0
2.9843 0.015625

2.98305 0.015625
2.98365 0.03125

2.9833 0.03125
2.98322 0.046875

2.98323 0.046875
2.98319 0.0625

2.98322 0.0625
2.98314 0.078125

2.9833 0.078125
2.9828 0.09375

2.98367 0.09375
2.97772 0.125

2.90625 0.233881
2.9375 0.225217

2.96875 0.135679
2.96684 0.140625

2.96784 0.140625
2.96205 0.15625

2.96323 0.15625
2.95862 0.171875

2.95333 0.171875
2.95863 0.1875

2.97375 0.125
2.97 0.15625

2.96875 0.182367
2.99047 0.1875

2.96506 0.1875
2.96875 0.195225

2.9375 0.22342
2.95573 0.25

2.96875 0.201116
3 0.194381

2.875 0.292782
2.87094 0.296875

2.85938 0.297835
2.875 0.297835

2.89062 0.265131
2.89007 0.265625

2.89018 0.265625
2.88915 0.28125

2.90625 0.262608
2.90501 0.265625

2.89062 0.271092
2.8947 0.28125

2.89788 0.28125
2.90625 0.2871

2.90625 0.271281
2.93435 0.28125

2.90625 0.282457
2.9375 0.284219

2.9375 0.28473
2.9591 0.25

3 -0.250076
3.00023 -0.25

3 -0.228308
3.00013 -0.25

3 -0.0950297
3.00228 -0.09375

3.00029 -0.09375
3.00718 -0.0625

3 -0.0531692
3.00717 -0.0625

3.0625 -0.00596391
3.0447 0

3.125 -0.0038989
3.10445 0

3.25 -0.00315867
3.22219 0

-1.625 -0.00141323
-1.63104 0

3.5 -0.00270204
3.43358 0

-1.625 -0.00130707
-1.60938 -0.00454691

-1.60938 -0.00461469
-1.59375 -0.00772466

-1.59375 -0.00792671
-1.57812 -0.0103671

-1.57812 -0.0103581
-1.5625 -0.011743

-1.5625 -0.0116234
-1.54688 -0.01221

3.03125 0.0269469
3.02579 0.03125

3.03125 0.0346375
3.02501 0.0625

3.03125 0.0183582
3.05398 0

3.02728 0.0625
3.02789 0.09375

3.02558 0.09375
3.0287 0.125

3.0625 0.0154852
3.09904 0

3 0.175792
3.03263 0.125

3 0.196121
3.00805 0.1875

3.125 0.010432
3.19885 0

-1.54688 -0.012143
-1.53125 -0.0123044

-1.53125 -0.0123262
-1.51562 -0.0121527

-1.51562 -0.0121849
-1.5 -0.0115686

-2 0.0772672
-1.98438 0.077141

3.25 0.00465238
3.36181 0

4 -0.00438773
3.63307 0

3.5 0.000510845
3.54272 0

-1.98438 0.0770082
-1.96875 0.0769167

-1.96875 0.0768068
-1.95312 0.0772356

-1.95312 0.0772865
-1.94102 0.078125

-1.9405 0.078125
-1.9375 0.078333

-1.9375 0.0785222
-1.92188 0.0798479

-1.92188 0.0800631
-1.90625 0.0808798

-1.90625 0.0815633
-1.89062 0.0800734

-1.875 0.0728591
-1.88292 0.078125

-1.89062 0.0813616
-1.88385 0.078125

-1.85944 0.046875
-1.871 0.0625

-1.84375 0.0343995
-1.85898 0.046875

-1.82812 0.0272133
-1.83582 0.03125

-1.82812 0.0271434
-1.8125 0.0216461

-1.84375 0.0348864
-1.83682 0.03125

-1.875 0.0740753
-1.86585 0.0625

-1.8125 0.0216379
-1.79688 0.0184983

-1.79688 0.0185839
-1.78125 0.0176473

-1.78125 0.0178591
-1.76562 0.0185309

-1.76562 0.01876
-1.75 0.0201584

-1.75 0.0204
-1.73438 0.0215837

-1.73438 0.0218578
-1.71875 0.0217954

-1.71875 0.0217227
-1.70312 0.0200117

-1.70312 0.0199404
-1.6875 0.0168687

-1.67188 0.0125434
-1.68302 0.015625

-1.6875 0.0169321
-1.68277 0.015625

-1.67188 0.0123478
-1.65625 0.00717877

-1.65625 0.00674896
-1.64062 0.00202231

-1.64062 0.002065
-1.6318 0

-1.5 -0.0115269
-1.48438 -0.0104867

-1.48438 -0.0104047
-1.46875 -0.00918786

-1.46875 -0.00910621
-1.45312 -0.00804025

-1.45312 -0.00800937
-1.4375 -0.00731931

-1.4375 -0.00738637
-1.42188 -0.00699983

-1.42188 -0.00712854
-1.40625 -0.00665396

-1.40625 -0.00680019
-1.39062 -0.00568768

-1.39062 -0.00578397
-1.375 -0.00354848

-1.375 -0.00348596
-1.35938 -5.99619e-05

-1.35938 -3.67974e-05
-1.35924 0

-1.35938 9.98234e-05
-1.34375 0.00427204

-1.34375 0.00439086
-1.32812 0.00875208

-1.32812 0.00888206
-1.3125 0.0129343

-1.3125 0.0131252
-1.29988 0.015625

-1.29997 0.015625
-1.29688 0.0162386

-1.29688 0.0162314
-1.28125 0.017961

-1.28125 0.0177417
-1.26562 0.0185285

-1.26562 0.0184102
-1.25 0.0189292

-1.25 0.0189497
-1.23438 0.0193965

-1.23438 0.0193096
-1.21875 0.0198169

-1.21875 0.0196893
-1.20312 0.0206864

-1.20312 0.0206582
-1.1875 0.0224568

-1.1875 0.022595
-1.17188 0.0249751

-1.17188 0.0252189
-1.15625 0.0274168

-1.15625 0.0275551
-1.14062 0.0288064

-1.14062 0.0287292
-1.125 0.0289114

-1.125 0.0287445
-1.10938 0.0283461

-1.10938 0.0282546
-1.09375 0.0277923

-1.09375 0.0278116
-1.07812 0.0274298

-1.07812 0.0274686
-1.0625 0.0270511

-1.0625 0.0270378
-1.04688 0.0265339

-1.04688 0.0265435
-1.03125 0.0259605

-1.03125 0.0259653
-1.01562 0.0252743

-1.01562 0.0253665
-1 0.0243734

