-4 -0.00381657
-3.67576 0

-3.55189 0
-3.5 0.000610801

-3.5 -0.00288122
-3.42822 0

-3.25 -0.00421281
-3.21531 0

-3.125 -0.00584845
-3.10168 0

-3.0625 -0.00184989
-3.05775 0

-3.38767 0
-3.25 0.0055968

-3.20577 0
-3.125 0.0109799

-3.10224 0
-3.0625 0.0176693

-3.0625 0.00317481
-3.03125 0.0278583

-3.03586 0.03125
-3.03125 0.0405848

-3 0.0304092
-3.01562 0.03125

-3.03125 0.0465545
-3.02263 0.0625

-3.03353 0.0625
-3.03125 0.0810271

-3.03013 0.0625
-3.0213 0.09375

-3.02811 0.09375
-3.01601 0.125

-3.02763 0.125
-3 0.157814

1.5 -0.0372604
1.51562 -0.035039

1.51562 -0.0350463
1.53125 -0.0332522

1.53125 -0.0332697
1.54688 -0.0318535

1.54688 -0.0318344
1.55538 -0.03125

1.55603 -0.03125
1.5625 -0.0308049

1.5625 -0.0307721
1.57812 -0.0300545

1.57812 -0.0299659
1.59375 -0.0297971

-2.89062 -0.250225
-2.89069 -0.25

-2.89062 -0.250294
-2.87934 -0.25

1.625 -0.0319303
1.61709 -0.03125

-2.89083 -0.25
-2.89062 -0.249489

1.59375 -0.0297438
1.60938 -0.0304077

1.60938 -0.0304935
1.61817 -0.03125

1.625 -0.032068
1.64062 -0.0334567

1.64062 -0.0335596
1.65625 -0.0344136

1.65625 -0.0343989
1.67188 -0.0345416

-2.89062 -0.249708
-2.88195 -0.25

-0.984375 0.0912508
-0.996117 0.09375

1.67188 -0.0344536
1.6875 -0.0340904

-0.984375 0.0912652
-0.96875 0.0880805

1.6875 -0.0340016
1.70312 -0.033486

-1 0.0945838
-0.996082 0.09375

-0.96875 0.088139
-0.953125 0.0849528

-0.953125 0.0850797
-0.9375 0.081521

-0.921875 0.077484
-0.924464 0.078125

-0.9375 0.0813647
-0.924415 0.078125

-0.921875 0.0775487
-0.90625 0.0735781

1.70312 -0.0334414
1.71875 -0.0330399

1.71875 -0.0330479
1.73438 -0.0328337

1.73438 -0.0328787
1.75 -0.0327458

-0.90625 0.0734585
-0.890625 0.0695161

-0.890625 0.06934
-0.875 0.0660174

-2.92188 -0.125296
-2.92675 -0.125

-2.90625 -0.125009
-2.90878 -0.125

-0.875 0.0658608
-0.859375 0.0638235

1.75 -0.0328088
1.76562 -0.0325412

-2.96875 -0.122873
-2.99053 -0.09375

1.76562 -0.0326079
1.78125 -0.0319462

1.78125 -0.0320022
1.79025 -0.03125

1.79031 -0.03125
1.79688 -0.0307014

1.79688 -0.0307694
1.8125 -0.0285629

0 -0.0330998
0.015625 -0.0341722

0.015625 -0.0342007
0.03125 -0.0350511

0.03125 -0.0350595
0.046875 -0.0356138

0.046875 -0.0356029
0.0625 -0.0358661

0.0625 -0.0358387
0.078125 -0.0358876

0.078125 -0.0358627
0.09375 -0.0358016

0.09375 -0.0358177
0.109375 -0.0356643

0.109375 -0.0357299
0.125 -0.0353206

-0.859375 0.0638043
-0.84375 0.0634038

0.125 -0.035372
0.140625 -0.034473

0.140625 -0.0344505
0.15625 -0.0330041

0.15625 -0.032802
0.171875 -0.0312574

-0.84375 0.063576
-0.828125 0.0645065

0.172315 -0.03125
0.1875 -0.0299908

-2.98543 -0.09375
-2.98476 -0.078125

-0.828125 0.064842
-0.8125 0.066088

0.1875 -0.029992
0.203125 -0.0288847

-0.8125 0.0664183
-0.796875 0.066648

-0.796875 0.0664778
-0.78125 0.065371

1.8125 -0.0286275
1.82812 -0.0252494

1.82812 -0.0251804
1.84375 -0.0206394

-2.98423 -0.09375
-2.98377 -0.078125

1.84375 -0.0201776
1.85907 -0.015625

1.85905 -0.015625
1.85938 -0.0155293

-2.98395 -0.078125
-2.98357 -0.0625

-0.78125 0.0645369
-0.765625 0.0641021

-0.765625 0.0636387
-0.75 0.0664707

-2.96875 -0.117835
-2.95312 -0.12304

-2.95312 -0.12184
-2.9375 -0.123832

1.85938 -0.0147604
1.875 -0.0124922

0.203125 -0.0288946
0.21875 -0.0279522

-2.98387 -0.0625
-2.98403 -0.046875

0.21875 -0.0277141
0.234375 -0.0273929

-0.75 0.0677248
-0.734375 0.0722419

-0.734375 0.073128
-0.71875 0.0750498

-0.71875 0.0745711
-0.703125 0.0730827

-0.703125 0.0726991
-0.6875 0.0695249

0.234375 -0.0269343
0.25 -0.0286278

-2.98401 -0.046875
-2.98417 -0.03125

-2.98438 -0.0119272
-2.98496 0

-2.98438 -0.0172827
-2.98415 -0.03125

-2.98438 -0.0153301
-2.98436 -0.015625

-2.9375 -0.1239
-2.92188 -0.12485

-2.92188 -0.124701
-2.90625 -0.124766

-2.90625 -0.124667
-2.89062 -0.12439

-2.89062 -0.124478
-2.875 -0.123884

-2.875 -0.12404
-2.85938 -0.122641

-2.85938 -0.122707
-2.84375 -0.120061

-0.65625 0.0619636
-0.658489 0.0625

-0.65625 0.062176
-0.640625 0.0578087

-0.640625 0.0576897
-0.625 0.0522881

0.265625 -0.0332314
0.256956 -0.03125

0.265625 -0.0332614
0.28125 -0.0365859

1.875 -0.0129551
1.89062 -0.0136849

1.90625 -0.0157588
1.9042 -0.015625

1.89062 -0.0145668
1.90625 -0.0155874

1.92188 -0.0159882
1.91741 -0.015625

1.90625 -0.0147287
1.91726 -0.015625

1.9375 -0.0202193
1.92366 -0.015625

1.92188 -0.0150843
1.9235 -0.015625

1.96875 -0.0337208
1.96224 -0.03125

1.9375 -0.0224444
1.95312 -0.0290323

1.95312 -0.027879
1.962 -0.03125

1.96875 -0.0346533
1.98438 -0.0405568

1.98438 -0.0406045
2 -0.0446232

0.25 -0.028773
0.260837 -0.03125

-2.84375 -0.119958
-2.82812 -0.11614

0.28125 -0.0366002
0.296875 -0.0385791

-0.6875 0.0693256
-0.671875 0.0656314

-2.82812 -0.115785
-2.8125 -0.111711

-0.671875 0.0655737
-0.659044 0.0625

-2.8125 -0.11124
-2.80206 -0.109375

-2.80096 -0.109375
-2.79688 -0.108645

-2.79688 -0.109025
-2.78125 -0.107309

0.296875 -0.0384992
0.3125 -0.0392637

0.3125 -0.0391385
0.328125 -0.0390987

0.328125 -0.0390173
0.34375 -0.0385866

0.34375 -0.0385581
0.359375 -0.0379562

0.359375 -0.0379475
0.375 -0.0372487

-0.609375 0.0463977
-0.610686 0.046875

0.375 -0.0372264
0.390625 -0.0364931

-0.625 0.0520285
-0.610846 0.046875

-2.78125 -0.107684
-2.76562 -0.105256

0.390625 -0.0364548
0.40625 -0.0358083

-0.609375 0.0464229
-0.59375 0.040799

0.40625 -0.0357815
0.421875 -0.0353518

-2.76562 -0.105571
-2.75 -0.101053

-0.5625 0.0302977
-0.56561 0.03125

0.421875 -0.0353471
0.4375 -0.0351972

-0.59375 0.0406816
-0.578125 0.0352012

-2.75 -0.100216
-2.73438 -0.0946521

-2.73438 -0.0942437
-2.73273 -0.09375

0.4375 -0.0352132
0.453125 -0.0353207

-0.578125 0.0350323
-0.565774 0.03125

-2.73161 -0.09375
-2.71875 -0.0898821

-0.5625 0.0302475
-0.546875 0.0264955

0.453125 -0.0353209
0.46875 -0.0356535

0.46875 -0.0355843
0.484375 -0.0362799

2.0625 -0.313016
2.06182 -0.3125

0.484375 -0.0362872
0.5 -0.0374694

2.06191 -0.3125
2.0625 -0.302584

2.0625 -0.313009
2.06618 -0.3125

2.0625 -0.304692
2.06516 -0.3125

-0.546875 0.0264303
-0.53125 0.0238617

-0.53125 0.0238112
-0.515625 0.0226576

-2.71875 -0.0898941
-2.70312 -0.086181

-2.70312 -0.0862278
-2.6875 -0.0832873

-2.6875 -0.0835245
-2.67188 -0.0807887

-2.67188 -0.0806736
-2.65755 -0.078125

2 -0.0443231
2.01509 -0.046875

2.03125 -0.0489607
2.01593 -0.046875

2.01562 -0.0468476
2.01583 -0.046875

0.5 -0.0375059
0.515625 -0.0390873

0.515625 -0.0391427
0.53125 -0.0409397

-2.65738 -0.078125
-2.65625 -0.0779233

-2.65625 -0.0780146
-2.64062 -0.0751793

-2.64062 -0.0751694
-2.625 -0.0720613

-0.515625 0.0227045
-0.5 0.0229732

2.03125 -0.0490125
2.04688 -0.0507825

0.53125 -0.0410203
0.546875 -0.0427611

2.04688 -0.0506361
2.0625 -0.0522383

2.0625 -0.0521226
2.07812 -0.0540813

2.07812 -0.0540553
2.09375 -0.0566536

2.09375 -0.056929
2.10938 -0.059668

2.10938 -0.0599946
2.125 -0.0616703

-2.625 -0.0720741
-2.60938 -0.0686872

2.125 -0.061654
2.14062 -0.061646

2.14062 -0.061605
2.15625 -0.0600278

2.15625 -0.0593733
2.17188 -0.0576181

2.17188 -0.0572616
2.1875 -0.0573504

-0.234375 -0.000246125
-0.236134 0

2.21875 -0.0641192
2.21286 -0.0625

-2.60938 -0.0685784
-2.59375 -0.0651047

2.21875 -0.0647146
2.23438 -0.0698044

2.23438 -0.070061
2.25 -0.0741825

0.546875 -0.0427728
0.5625 -0.0442726

2.1875 -0.0575143
2.20312 -0.0598324

2.20312 -0.0597776
2.21303 -0.0625

0.5625 -0.044269
0.578125 -0.0455119

-0.234375 -0.000467322
-0.21875 -0.0029434

-2.59375 -0.0648549
-2.58088 -0.0625

2.25 -0.0740367
2.26562 -0.0769684

0.578125 -0.0455412
0.59375 -0.0464759

2.28125 -0.0791339
2.27466 -0.078125

0.609375 -0.0470903
0.604273 -0.046875

2.26562 -0.0768262
2.27411 -0.078125

0.59375 -0.0464297
0.604304 -0.046875

2.28125 -0.0792606
2.29688 -0.081313

0.609375 -0.0469783
0.625 -0.0476759

2.29688 -0.0813023
2.3125 -0.0828777

-2.58063 -0.0625
-2.57812 -0.0620415

0.625 -0.0477236
0.640625 -0.0485864

0.640625 -0.0486765
0.65625 -0.0494289

0.65625 -0.0492324
0.671875 -0.0500872

0.671875 -0.0498734
0.6875 -0.0516512

0.6875 -0.0519349
0.703125 -0.0544962

0.703125 -0.0547759
0.71875 -0.0569939

0.71875 -0.0568819
0.734375 -0.0584214

0.734375 -0.0582471
0.75 -0.0596807

0.78125 -0.0636855
0.773303 -0.0625

0.78125 -0.0637986
0.796875 -0.0665637

0.796875 -0.0667027
0.8125 -0.0694117

0.75 -0.0596283
0.765625 -0.0614098

0.765625 -0.0613687
0.773208 -0.0625

0.8125 -0.0694886
0.828125 -0.0717099

2.3125 -0.0829096
2.32812 -0.0839655

2.32812 -0.0839984
2.34375 -0.084405

2.34375 -0.0843656
2.35938 -0.084136

2.35938 -0.0840326
2.375 -0.0834524

2.375 -0.0833659
2.39062 -0.0828149

2.39062 -0.0828029
2.40625 -0.0824779

2.40625 -0.0825118
2.42188 -0.082369

2.42188 -0.0824084
2.4375 -0.0823012

2.4375 -0.0823073
2.45312 -0.0821449

2.45312 -0.0821189
2.46875 -0.0819411

2.46875 -0.081906
2.48438 -0.0818351

2.48438 -0.0818407
2.5 -0.0819358

0.828125 -0.0717172
0.84375 -0.0732827

0.84375 -0.0732575
0.859375 -0.0742031

0.859375 -0.0741603
0.875 -0.0746219

-0.21875 -0.0030744
-0.203125 -0.0051471

0.875 -0.0745755
0.890625 -0.0747317

-0.203125 -0.0051269
-0.1875 -0.00657462

0.890625 -0.0747113
0.90625 -0.0746959

-0.1875 -0.00644504
-0.171875 -0.00756738

2.5 -0.0819815
2.51562 -0.0821399

-2.57812 -0.0623319
-2.5625 -0.0599172

2.51562 -0.0821924
2.53125 -0.0822177

-0.171875 -0.00744228
-0.15625 -0.0087486

2.53125 -0.0822264
2.54688 -0.081996

0.90625 -0.0747245
0.921875 -0.0745214

0.921875 -0.0745713
0.9375 -0.0740235

0.9375 -0.0740375
0.953125 -0.0730173

0.953125 -0.0729554
0.96875 -0.0715585

0.96875 -0.0714506
0.984375 -0.0700167

-0.15625 -0.00861873
-0.140625 -0.010619

-0.140625 -0.0105548
-0.125 -0.0136371

-2.5625 -0.0599664
-2.54688 -0.0572413

-0.109375 -0.0182491
-0.11908 -0.015625

-0.125 -0.0132698
-0.11629 -0.015625

2.54688 -0.0819657
2.5625 -0.0815228

0.984375 -0.0699171
1 -0.068861

2.5625 -0.0814549
2.57812 -0.080996

-0.109375 -0.018367
-0.09375 -0.0227242

-2.54688 -0.0571552
-2.53125 -0.0541936

-0.09375 -0.022808
-0.078125 -0.0261875

-0.078125 -0.0261551
-0.0625 -0.0284541

2.57812 -0.0808846
2.59375 -0.0807682

2.59375 -0.0806572
2.60938 -0.0813283

2.60938 -0.0814273
2.625 -0.0829101

-0.0625 -0.0283484
-0.046875 -0.0298433

2.625 -0.0832408
2.64062 -0.0846761

-0.046875 -0.0297378
-0.03125 -0.030851

2.64062 -0.0848357
2.65625 -0.0852431

-2.53125 -0.0540656
-2.51562 -0.0512958

2.65625 -0.0849934
2.67188 -0.0845529

2.67188 -0.0840894
2.6875 -0.0842275

2.6875 -0.0840476
2.70312 -0.0860513

2.70312 -0.0863968
2.71875 -0.0899347

2.73438 -0.0939812
2.73335 -0.09375

2.73438 -0.0941095
2.75 -0.0963054

2.71875 -0.0903597
2.7338 -0.09375

1 -0.0688231
1.01562 -0.0684195

1.01562 -0.0684892
1.03125 -0.0686744

2.75 -0.0966875
2.76562 -0.0963469

-0.015625 -0.0318786
-0.0246077 -0.03125

2.76562 -0.0962408
2.77943 -0.09375

1.03125 -0.0687947
1.04688 -0.0691888

-0.015625 -0.0319027
0 -0.0330595

1.04688 -0.0692612
1.0625 -0.069479

2.77376 -0.09375
2.78125 -0.0923988

2.78125 -0.092536
2.79688 -0.0892195

2.79688 -0.0892321
2.8125 -0.0865546

1.0625 -0.06949
1.07812 -0.0693648

1.07812 -0.0693141
1.09375 -0.068925

1.09375 -0.0688709
1.10938 -0.0684278

1.10938 -0.0684278
1.125 -0.0680387

2.8125 -0.0867325
2.82812 -0.0843129

2.82812 -0.0844241
2.84375 -0.0816841

2.84375 -0.0816756
2.85938 -0.078413

2.85888 -0.078125
2.85938 -0.0780209

1.125 -0.0680372
1.14062 -0.0677047

2.85938 -0.078058
2.875 -0.0749997

1.14062 -0.067667
1.15625 -0.0674698

1.15625 -0.0674331
1.17188 -0.0675199

1.17188 -0.0675243
1.1875 -0.0679593

1.1875 -0.0680079
1.20312 -0.0686849

1.20312 -0.0687499
1.21875 -0.0694418

2.99752 -0.25
3 -0.247705

2.875 -0.0753406
2.89062 -0.0725115

2.89062 -0.0723919
2.90625 -0.0693497

2.90625 -0.0692203
2.92188 -0.0664629

1.21875 -0.0694907
1.23438 -0.06997

1.23438 -0.0699873
1.25 -0.0701215

-0.03125 -0.0307631
-0.024292 -0.03125

-0.5 0.0232058
-0.484375 0.0243376

-0.484375 0.0247137
-0.46875 0.0254912

1.25 -0.070113
1.26562 -0.0698841

-0.46875 0.0257557
-0.453125 0.0248978

-2.51562 -0.0512147
-2.5 -0.0490549

1.26562 -0.0698636
1.28125 -0.0693297

-2.98565 0
-2.98594 0.015625

1.28125 -0.0693128
1.29688 -0.0685488

-2.9854 0.015625
-2.98452 0.03125

-2.98438 0.0205909
-2.98378 0.03125

1.29688 -0.0685443
1.3125 -0.0675931

-0.453125 0.0249541
-0.4375 0.0218195

1.3125 -0.0676023
1.32812 -0.0664545

1.32812 -0.0664983
1.34375 -0.0650476

1.34375 -0.0650381
1.35938 -0.0632156

1.35938 -0.0631612
1.36416 -0.0625

1.36465 -0.0625
1.375 -0.0610708

-2.98423 0.03125
-2.98386 0.046875

1.375 -0.0610637
1.39062 -0.0585618

-0.4375 0.0216243
-0.421875 0.0164908

1.39062 -0.0585695
1.40625 -0.0556782

-2.98403 0.046875
-2.984 0.0625

2.92188 -0.0663942
2.9375 -0.0643181

2.9375 -0.0651046
2.95177 -0.0625

2.95312 -0.0631516
2.95597 -0.0625

1.40625 -0.055643
1.42188 -0.0524169

1.42188 -0.0523445
1.4375 -0.0489987

1.4375 -0.0488284
1.44725 -0.046875

1.44836 -0.046875
1.45312 -0.0459198

3 -0.0938895
2.99834 -0.09375

2.98438 -0.0913886
2.97437 -0.078125

2.98438 -0.074655
2.97776 -0.0625

2.98438 -0.0846429
3 -0.0816868

1.45312 -0.0458915
1.46875 -0.0429243

1.46875 -0.0428581
1.48438 -0.0399501

1.48438 -0.0399055
1.5 -0.0372784

2.98438 -0.0659192
3 -0.071043

2.95473 -0.0625
2.96875 -0.0560183

2.96875 -0.055865
2.97864 -0.046875

2.97907 -0.046875
2.98438 -0.035056

2.98438 -0.0514199
2.99287 -0.0625

2.98438 -0.0314081
2.98442 -0.03125

2.98382 -0.03125
2.98438 -0.0278233

2.98438 -0.0188841
2.98491 -0.015625

2.98628 -0.015625
2.98865 0

-0.40625 0.0102607
-0.421158 0.015625

-0.421875 0.0164034
-0.419712 0.015625

-2.98394 0.0625
-2.98404 0.078125

-2.98438 0.0897251
-2.98397 0.078125

-0.40625 0.00993021
-0.390625 0.00569622

-0.390625 0.00562694
-0.375 0.00367661

-2.98396 0.09375
-2.98842 0.125

-0.375 0.00388945
-0.359375 0.00393569

-2.98208 0.125
-2.98555 0.15625

-3 0.181751
-2.96875 0.179695

-2.96875 0.14548
-2.95703 0.15625

-2.96875 0.157482
-2.96379 0.171875

-2.95933 0.171875
-2.96502 0.1875

-2.99316 0.1875
-2.96875 0.196067

-0.359375 0.00426369
-0.34375 0.00522482

-0.34375 0.00545739
-0.328125 0.00621227

-0.328125 0.00625223
-0.3125 0.0062558

2.98438 0.0250931
2.98323 0.03125

2.98923 0
2.98901 0.015625

2.9887 0.015625
2.9858 0.03125

2.98416 0.03125
2.98247 0.046875

2.98361 0.046875
2.98371 0.0625

2.98354 0.0625
2.98349 0.078125

2.98344 0.078125
2.98366 0.09375

2.98366 0.09375
2.98488 0.125

2.9375 0.218463
2.9344 0.21875

2.90625 0.234375
2.9367 0.21875

2.96875 0.147213
2.96103 0.15625

2.96875 0.158771
2.96017 0.171875

2.95502 0.171875
2.95879 0.1875

2.98004 0.125
2.98347 0.15625

2.96875 0.181482
2.9887 0.1875

2.96875 0.208473
2.96755 0.21875

2.9393 0.21875
2.95973 0.25

2.96875 0.20128
3 0.192866

-0.3125 0.00616166
-0.296875 0.00552228

2.90625 0.261815
2.90551 0.265625

-0.296875 0.00544645
-0.28125 0.00450405

2.89062 0.267205
2.90008 0.28125

-2.9375 0.195813
-2.94825 0.21875

2.9009 0.28125
2.90625 0.285149

2.90625 0.264132
2.9375 0.279268

2.91205 0.28125
2.9375 0.284304

2.9375 0.281611
2.96433 0.25

-0.28125 0.00453406
-0.265625 0.0033803

-0.265625 0.00344667
-0.25 0.00188879

-2.93827 0.21875
-2.9463 0.25

-2.9375 0.204728
-2.92188 0.207297

-2.93015 0.21875
-2.90625 0.226005

3 -0.094098
3.00052 -0.09375

-0.25 0.00193394
-0.23618 0

3 -0.0858276
3.00726 -0.0625

-2.95475 0.25
-2.9375 0.278045

-2.9375 0.272978
-2.90625 0.27099

-2.90625 0.259608
-2.90385 0.265625

-2.89062 0.273258
-2.89551 0.28125

-2.89062 0.265094
-2.89003 0.265625

3 -0.0318172
3.00005 -0.03125

3.0625 -0.00666516
3.04359 0

3.125 -0.00437643
3.10188 0

3.25 -0.00336197
3.22111 0

3.5 -0.00267566
3.43465 0

3.03125 0.026796
3.02024 0.03125

-2.88964 0.265625
-2.88873 0.28125

-2.90625 0.284841
-2.89923 0.28125

-2.875 0.28734
-2.87059 0.296875

-2.875 0.29793
-2.85938 0.29793

3.02948 0.03125
3.02586 0.0625

3.03125 0.0168851
3.05248 0

3.02649 0.0625
3.02918 0.09375

3.03125 0.109372
3.02918 0.125

3.03125 0.0907327
3.03141 0.09375

3.03125 0.107067
3.03234 0.09375

3.0625 0.0152362
3.09749 0

3 0.170764
3.0345 0.125

3 0.196776
3.00763 0.1875

3.125 0.0103669
3.1976 0

3.25 0.00469784
3.36265 0

4 -0.00437892
3.63595 0

3.5 0.000590081
3.54906 0

-2.5 -0.0490203
-2.48438 -0.0477022

-2.48438 -0.0477004
-2.46875 -0.0472964

-2.46875 -0.0473138
-2.45312 -0.0477926

-2.45312 -0.0478024
-2.4375 -0.0491094

-2.4375 -0.0491267
-2.42188 -0.0512075

-2.42188 -0.0512306
-2.40625 -0.0540044

-2.40625 -0.054003
-2.39062 -0.0574264

-2.39062 -0.0573169
-2.375 -0.0616119

-2.35938 -0.0668334
-2.37298 -0.0625

-2.35938 -0.0669148
-2.34375 -0.0719241

-2.34375 -0.0720026
-2.32812 -0.0766438

-2.3125 -0.0805842
-2.32299 -0.078125

-2.32812 -0.0767757
-2.32237 -0.078125

-2.375 -0.0615983
-2.37217 -0.0625

-2.3125 -0.0807719
-2.29688 -0.0825259

-2.29688 -0.0825102
-2.28125 -0.08191

-2.28125 -0.0816791
-2.26562 -0.0792179

-2.26562 -0.0790197
-2.26037 -0.078125

-2.26347 -0.078125
-2.25 -0.0758326

-2.25 -0.0759028
-2.23438 -0.0743549

-2.23438 -0.0749369
-2.21875 -0.0734466

-2.21875 -0.0738961
-2.20312 -0.0704002

-2.20312 -0.0705097
-2.1875 -0.0639786

-2.18932 -0.0625
-2.1875 -0.0617396

-2.1875 -0.0638142
-2.18433 -0.0625

-2.1875 -0.0621931
-2.17188 -0.0557124

-2.17188 -0.0559729
-2.15625 -0.0525043

-2.15625 -0.0530091
-2.14062 -0.0512887

-2.14062 -0.0519072
-2.125 -0.0496881

-2.125 -0.0496919
-2.1146 -0.046875

-2.1128 -0.046875
-2.10938 -0.0459473

-2.10938 -0.0452892
-2.09375 -0.0393731

-2.09375 -0.0385444
-2.07812 -0.0332127

-2.07812 -0.0334405
-2.06711 -0.03125

-2.06996 -0.03125
-2.0625 -0.0297662

-2.0625 -0.0303711
-2.04688 -0.0289551

-2.04688 -0.0293559
-2.03125 -0.0283157

-2.03125 -0.0284065
-2.01562 -0.0267588

-2.01562 -0.0267604
-2 -0.0243204

-2 -0.0238479
-1.98438 -0.0215575

-1.98438 -0.0212167
-1.96875 -0.0207026

-1.96875 -0.0213077
-1.95312 -0.0220411

-1.95312 -0.0225839
-1.9375 -0.0222688

-1.9375 -0.0223064
-1.92188 -0.0197818

-1.92188 -0.0194749
-1.90735 -0.015625

-1.90836 -0.015625
-1.90625 -0.0150669

-1.90625 -0.0150435
-1.89062 -0.010482

-1.89062 -0.0104269
-1.875 -0.00608156

-1.875 -0.00588904
-1.85938 -0.00225527

-1.85938 -0.0023624
-1.84597 0

-1.84593 0
-1.84375 0.000384319

-1.84375 0.000164665
-1.82812 0.00270428

-1.82812 0.00268451
-1.8125 0.00550059

-1.8125 0.00529747
-1.79688 0.0088358

-1.79688 0.00928819
-1.78125 0.0130502

-1.78125 0.0125388
-1.76689 0.015625

-1.7731 0.015625
-1.76562 0.0172307

-1.76562 0.0132671
-1.75444 0.015625

-1.76562 0.0170826
-1.75 0.0203763

-1.75 0.0196155
-1.73438 0.022741

-1.73438 0.0226261
-1.71875 0.0256468

-1.71875 0.0255863
-1.70312 0.0288531

-1.70312 0.0286083
-1.69253 0.03125

-1.69379 0.03125
-1.6875 0.0328189

-1.6875 0.032819
-1.67188 0.0372007

-1.67188 0.0372038
-1.65625 0.0416631

-1.65625 0.0407832
-1.64088 0.046875

-1.64258 0.046875
-1.64062 0.0476516

-1.64062 0.0470939
-1.625 0.0565518

-1.625 0.054791
-1.6139 0.0625

-1.62122 0.0625
-1.60938 0.0706324

-1.60938 0.0695808
-1.59375 0.0764102

-1.59671 0.078125
-1.59375 0.0791587

-1.59375 0.0752438
-1.57812 0.0777558

-1.57893 0.078125
-1.57812 0.078255

-1.57812 0.0770468
-1.57028 0.078125

-1.57023 0.078125
-1.5625 0.0791878

-1.5625 0.079608
-1.54688 0.0819932

-1.54688 0.0819395
-1.53125 0.0838362

-1.53125 0.0839366
-1.51562 0.0852515

-1.51562 0.0851537
-1.5 0.0858816

-1.5 0.0857804
-1.48438 0.0863193

-1.48438 0.0861917
-1.46875 0.0869992

-1.46875 0.0869647
-1.45312 0.088365

-1.45312 0.0883766
-1.4375 0.0904154

-1.4375 0.090457
-1.42188 0.0930282

-1.42188 0.0930774
-1.41827 0.09375

-1.41828 0.09375
-1.40625 0.0959984

-1.40625 0.0960615
-1.39062 0.0991005

-1.39062 0.0991414
-1.375 0.102092

-1.375 0.102121
-1.35938 0.104842

-1.35938 0.104862
-1.34375 0.107254

-1.34375 0.107268
-1.32812 0.109261

-1.32812 0.109267
-1.32704 0.109375

-1.327 0.109375
-1.3125 0.110826

-1.3125 0.110813
-1.29688 0.111972

-1.29688 0.111945
-1.28125 0.112783

-1.28125 0.112746
-1.26562 0.113392

-1.26562 0.113339
-1.25 0.113975

-1.25 0.113937
-1.23438 0.114747

-1.23438 0.114714
-1.21875 0.115841

-1.21875 0.115907
-1.20312 0.117283

-1.20312 0.117422
-1.1875 0.118638

-1.1875 0.11876
-1.17188 0.119294

-1.17188 0.119509
-1.15625 0.118685

-1.15625 0.118811
-1.14062 0.115945

-1.14062 0.115668
-1.125 0.111065

-1.10938 0.105886
-1.12208 0.109375

-1.125 0.110736
-1.12004 0.109375

-1.10938 0.105944
-1.09375 0.10363

-1.09375 0.103946
-1.07812 0.103143

-1.07812 0.103403
-1.0625 0.102957

-1.0625 0.103109
-1.04688 0.102199

-1.04688 0.102225
-1.03125 0.100499

-1.03125 0.100461
-1.01562 0.0979423

-1.01562 0.0978957
-1 0.0947525

