-4 -0.00531227
-3.60619 0

-3.50693 0
-3.5 9.35395e-05

-3.5 -0.0030286
-3.43107 0

-3.25 -0.00420395
-3.21893 0

-3.125 -0.00553402
-3.10475 0

-3 -0.0632141
-3.00016 -0.0625

-3.0625 -0.000625188
-3.06095 0

-3.00056 -0.0625
-3 -0.0564058

-3.03125 -0.00130311
-3.02784 0

-3.39317 0
-3.25 0.00629425

1.5 -0.224294
1.51562 -0.222149

1.51562 -0.222065
1.53125 -0.219832

-3.21141 0
-3.125 0.0122877

-3.10268 0
-3.0625 0.0197528

-3.0625 0.00591899
-3.03125 0.0307723

-3.04195 0.03125
-3.03125 0.0564394

-3.03125 0.0245278
-3.02572 0.03125

-3.03125 0.0513233
-3.02898 0.0625

-3.03901 0.0625
-3.03145 0.09375

-3.03743 0.09375
-3.03125 0.107746

-3.03125 0.0833232
-3.027 0.09375

-3.03125 0.0962858
-3.00384 0.125

0 -0.126197
0.00748572 -0.125

0.00801185 -0.125
0.015625 -0.123783

0.0156691 -0.125
0.03125 -0.115244

0.03125 -0.114668
0.0369863 -0.109375

0.0332562 -0.109375
0.046875 -0.0980789

0.046875 -0.097939
0.0584406 -0.09375

0.0523486 -0.09375
0.0625 -0.0904113

1.53125 -0.219794
1.53926 -0.21875

1.53896 -0.21875
1.54688 -0.217718

1.54688 -0.218005
1.5625 -0.215745

1.5625 -0.215721
1.57812 -0.212747

1.57812 -0.212579
1.59375 -0.209274

1.59375 -0.209333
1.60938 -0.205917

1.60938 -0.205434
1.6234 -0.203125

1.62143 -0.203125
1.625 -0.202538

1.625 -0.202861
1.64062 -0.202096

1.64062 -0.202312
1.65625 -0.202818

1.67188 -0.204008
1.65792 -0.203125

1.65625 -0.202887
1.66 -0.203125

1.67188 -0.203667
1.6875 -0.20542

1.6875 -0.205688
1.70312 -0.208307

1.70312 -0.208368
1.71875 -0.211195

1.71875 -0.211154
1.73438 -0.214151

1.73438 -0.214313
1.75 -0.217237

1.76562 -0.219517
1.75998 -0.21875

1.76562 -0.219354
1.78125 -0.22068

1.75 -0.217466
1.75946 -0.21875

1.78125 -0.220595
1.79688 -0.221707

1.79688 -0.221665
1.8125 -0.22282

1.8125 -0.222844
1.82812 -0.22408

1.82812 -0.224139
1.84375 -0.225291

1.84375 -0.225344
1.85938 -0.226187

1.85938 -0.2262
1.875 -0.226603

1.875 -0.226571
1.89062 -0.226574

1.89062 -0.226535
1.90625 -0.226281

1.90625 -0.226204
1.92188 -0.225928

1.92188 -0.225839
1.9375 -0.225874

1.9375 -0.225909
1.95312 -0.226362

1.95312 -0.226533
1.96875 -0.226994

1.96875 -0.227102
1.98438 -0.227012

1.98438 -0.226805
2 -0.226364

1.99968 -0.21875
2 -0.218741

0.0625 -0.09384
0.078125 -0.0945949

0.078125 -0.0952419
0.09375 -0.0962093

0.0625 -0.0934945
0.0677874 -0.09375

0.09375 -0.0970655
0.109375 -0.0951526

0.109375 -0.0960875
0.114385 -0.09375

0.112792 -0.09375
0.125 -0.0880546

0.15625 -0.0971553
0.150486 -0.09375

0.125 -0.0817446
0.140625 -0.0813159

0.140625 -0.0860691
0.153626 -0.09375

0.15625 -0.0970839
0.171875 -0.102902

0.171875 -0.102341
0.1875 -0.103297

0.1875 -0.1029
0.203125 -0.100909

0.203125 -0.10049
0.21875 -0.0971821

-0.875 -0.00276896
-0.885972 0

-0.875 -0.00279765
-0.859375 -0.00671986

-0.859375 -0.006868
-0.84375 -0.0103746

-0.84375 -0.0103731
-0.828125 -0.0131719

-0.8125 -0.0163686
-0.815344 -0.015625

-0.828125 -0.012172
-0.814923 -0.015625

-0.8125 -0.0169715
-0.796875 -0.0229176

-0.796875 -0.0239123
-0.78125 -0.0283401

-0.75 -0.0319887
-0.753711 -0.03125

2 -0.226198
2.01562 -0.226199

2.01562 -0.226193
2.03125 -0.226985

2 -0.218728
2.01562 -0.218726

-0.78125 -0.0275693
-0.765625 -0.030031

-0.765625 -0.0299109
-0.758898 -0.03125

2.01562 -0.21867
2.01753 -0.21875

2.03125 -0.227324
2.04688 -0.228621

-3.01675 0.125
-3 0.15077

0.21875 -0.0966121
0.234375 -0.0939859

2.04688 -0.228617
2.0625 -0.23042

-2.98438 -0.0828159
-2.99679 -0.078125

-3 -0.0778312
-2.98438 -0.0775258

-2.98438 -0.0851982
-2.98362 -0.078125

-3 -0.0494116
-2.99404 -0.046875

-3 -0.0336123
-2.99064 -0.03125

0.232939 -0.09375
0.234375 -0.0935086

0.234375 -0.0935165
0.25 -0.0936515

0.265625 -0.0974216
0.250236 -0.09375

0.265625 -0.0980656
0.28125 -0.104014

0.25 -0.0937033
0.250196 -0.09375

0.296875 -0.110352
0.294241 -0.109375

0.28125 -0.104557
0.294244 -0.109375

0.296875 -0.11063
0.3125 -0.114623

0.3125 -0.115025
0.328125 -0.115853

0.328125 -0.115459
0.34375 -0.113104

0.34375 -0.112355
0.358428 -0.109375

0.356736 -0.109375
0.359375 -0.108839

-0.75 -0.0325016
-0.734375 -0.0375396

-0.734375 -0.0385691
-0.71875 -0.0436816

-0.71875 -0.0437629
-0.703125 -0.0467284

-0.6875 -0.0478823
-0.693439 -0.046875

-0.703125 -0.0466431
-0.701758 -0.046875

-0.640625 -0.0632378
-0.643471 -0.0625

-0.640625 -0.0627032
-0.625 -0.0664261

-0.6875 -0.0481949
-0.671875 -0.0528983

-0.671875 -0.0537073
-0.65625 -0.0592187

-0.65625 -0.0596568
-0.645283 -0.0625

-0.625 -0.0664721
-0.609375 -0.0715585

-0.609375 -0.0722444
-0.59375 -0.0772307

-0.578125 -0.0807607
-0.588786 -0.078125

-0.59375 -0.0775962
-0.591611 -0.078125

-0.578125 -0.0805348
-0.5625 -0.0843923

-0.5625 -0.0845255
-0.546875 -0.0888805

-0.546875 -0.0892878
-0.53125 -0.0930591

-0.515625 -0.0954497
-0.525796 -0.09375

-0.515625 -0.0954122
-0.5 -0.0973793

-0.53125 -0.0932013
-0.527967 -0.09375

-1 0.0285088
-0.984375 0.025462

-0.984375 0.0255351
-0.96875 0.022117

-0.96875 0.0221429
-0.953125 0.0181556

-0.9375 0.0136384
-0.944384 0.015625

-0.953125 0.0180723
-0.944645 0.015625

-0.9375 0.0133609
-0.921875 0.00890148

-0.921875 0.00893347
-0.90625 0.00493175

-0.90625 0.00505511
-0.890625 0.00120037

-0.890625 0.00124115
-0.885707 0

-0.84375 0.000128428
-0.843377 0

-0.829719 0.015625
-0.828125 0.0169472

-0.828125 0.000522214
-0.827233 0

-3 -0.0163372
-2.98438 -0.0164159

-3 -0.00083399
-2.98438 -0.00083638

-2.98438 -0.0163173
-2.98435 -0.015625

2.03125 -0.217799
2.04527 -0.21875

-3 0.0127764
-2.98438 0.0127764

-3 0.0259513
-2.98438 0.0259513

-3 0.0370982
-2.98438 0.0370982

-3 0.0511546
-2.98438 0.0511546

-3 0.0656238
-2.98438 0.0656238

-3 0.0923419
-2.98438 0.0923419

-3 0.0994664
-2.96875 0.123263

-2.96846 0.109375
-2.96795 0.125

-2.98878 0.125
-2.97468 0.15625

-3 0.166668
-2.98261 0.1875

-2.96875 0.139969
-2.96813 0.140625

-2.96875 0.145693
-2.95312 0.150426

-2.95312 0.153968
-2.9516 0.15625

-2.96875 0.163534
-2.96345 0.15625

-2.95887 0.171875
-2.9679 0.1875

2.04482 -0.203125
2.04688 -0.20213

2.04688 -0.216442
2.05789 -0.21875

2.0625 -0.230101
2.07812 -0.232347

2.07812 -0.232483
2.09375 -0.233913

2.0625 -0.217759
2.0648 -0.21875

2.09375 -0.233878
2.10938 -0.234145

2.10938 -0.233921
2.125 -0.233542

2.125 -0.23351
2.14062 -0.232995

2.14062 -0.233022
2.15625 -0.232381

2.15625 -0.232374
2.17188 -0.231568

2.17188 -0.23157
2.1875 -0.230613

2.1875 -0.230588
2.20312 -0.229529

-2.95281 0.15625
-2.94722 0.171875

-2.94681 0.171875
-2.94437 0.1875

-2.98913 0.1875
-2.96875 0.204419

-2.96965 0.21875
-2.96875 0.222362

-2.9514 0.1875
-2.9375 0.210481

-2.96237 0.21875
-2.94503 0.25

-2.93727 0.203125
-2.93 0.21875

-2.93376 0.21875
-2.90625 0.245938

-2.90625 0.248136
-2.90454 0.25

-2.95686 0.25
-2.9375 0.267438

-2.93263 0.25
-2.90625 0.26192

-2.90481 0.25
-2.89062 0.261644

0.359375 -0.108729
0.375 -0.107146

2.20312 -0.229508
2.21875 -0.228438

0.5 -0.126026
0.487817 -0.125

0.375 -0.107257
0.390625 -0.107868

-0.5 -0.097443
-0.484375 -0.0989165

2.21875 -0.228465
2.23438 -0.22737

-0.484375 -0.0989426
-0.46875 -0.0997428

-2.89062 0.263199
-2.88848 0.265625

-2.88972 0.265625
-2.875 0.2811

-2.875 0.281135
-2.87488 0.28125

-2.87347 0.28125
-2.85938 0.295987

-2.85938 0.296264
-2.85884 0.296875

2.23438 -0.227418
2.25 -0.226145

-0.46875 -0.0996922
-0.453125 -0.099868

-0.453125 -0.0997639
-0.4375 -0.0996248

-2.85938 0.297735
-2.84461 0.3125

0.40625 -0.110412
0.399295 -0.109375

2.4375 -0.251441
2.43051 -0.25

0.390625 -0.107932
0.400298 -0.109375

-0.4375 -0.0995779
-0.421875 -0.0994257

2.4375 -0.253227
2.45255 -0.25

-2.84454 0.3125
-2.84375 0.313273

-2.84285 0.3125
-2.82812 0.32656

-2.82812 0.326788
-2.82684 0.328125

-2.82812 0.328176
-2.8125 0.342718

-2.8125 0.342647
-2.81115 0.34375

-2.80977 0.34375
-2.79688 0.354664

2.25 -0.226109
2.26562 -0.224633

-0.421875 -0.0994766
-0.40625 -0.0993033

2.26562 -0.22445
2.28125 -0.223207

-0.40625 -0.0994061
-0.390625 -0.0989042

2.28125 -0.223035
2.29688 -0.222734

2.29688 -0.22286
2.3125 -0.22359

2.3125 -0.223844
2.32812 -0.224844

2.32812 -0.224873
2.34375 -0.225574

0.40625 -0.110495
0.421875 -0.113952

0.421875 -0.114273
0.4375 -0.117872

0.4375 -0.117936
0.453125 -0.120905

0.453125 -0.120899
0.46875 -0.123119

2.34375 -0.225265
2.35938 -0.226227

0.46875 -0.123023
0.484375 -0.124697

2.35938 -0.225884
2.375 -0.228413

0.484375 -0.124669
0.48831 -0.125

2.375 -0.228471
2.39062 -0.233136

2.40625 -0.239993
2.39387 -0.234375

2.39062 -0.233059
2.39353 -0.234375

2.40625 -0.241611
2.42188 -0.248355

0.578125 -0.250542
0.576652 -0.25

2.42188 -0.248488
2.42922 -0.25

2.44883 -0.25
2.45312 -0.249044

2.45312 -0.249399
2.46875 -0.23713

0.578125 -0.25021
0.578803 -0.25

-2.79688 0.355018
-2.79178 0.359375

0.640625 -0.302468
0.629653 -0.296875

-2.79244 0.359375
-2.78125 0.368386

-2.78125 0.368717
-2.77212 0.375

-0.390625 -0.098905
-0.375 -0.0978671

0.630634 -0.296875
0.631846 -0.28125

0.640625 -0.299598
0.648288 -0.296875

0.656053 -0.296875
0.655724 -0.28125

-2.76895 0.375
-2.75 0.389293

2.46742 -0.234375
2.46875 -0.232993

-2.75 0.388786
-2.74779 0.390625

-2.74983 0.390625
-2.73438 0.40276

-2.73438 0.402911
-2.72874 0.40625

2.46875 -0.233181
2.48438 -0.220588

2.48438 -0.220149
2.49023 -0.21875

0.63637 -0.28125
0.640625 -0.278975

0.640625 -0.277601
0.652981 -0.28125

0.65625 -0.295572
0.656785 -0.28125

-0.375 -0.0977201
-0.359375 -0.0964385

2.48849 -0.21875
2.5 -0.216054

0.65625 -0.278424
0.658703 -0.28125

0.5 -0.125858
0.515625 -0.127123

0.515625 -0.127133
0.53125 -0.128645

0.53125 -0.128484
0.546875 -0.130546

0.546875 -0.130899
0.5625 -0.133129

0.577877 -0.25
0.574381 -0.234375

2.5625 -0.254637
2.55257 -0.25

-0.359375 -0.0963332
-0.34375 -0.0953126

-0.34375 -0.0953301
-0.328125 -0.0947461

-0.328125 -0.0947924
-0.3125 -0.0945175

-0.3125 -0.0945255
-0.296875 -0.0944513

-0.296875 -0.0943194
-0.28125 -0.0946936

-2.72942 0.40625
-2.71875 0.412964

-0.28125 -0.0945102
-0.265625 -0.0959634

2.5625 -0.255188
2.57812 -0.25707

-0.265625 -0.0960808
-0.25 -0.0987448

2.57812 -0.256218
2.59375 -0.253462

-2.71875 0.411409
-2.70312 0.418613

-2.70312 0.416773
-2.69246 0.421875

-2.69952 0.421875
-2.6875 0.427627

2.59375 -0.252255
2.60504 -0.25

-0.25 -0.0990061
-0.234375 -0.102124

-0.234375 -0.102174
-0.21875 -0.105123

-0.21875 -0.105073
-0.203125 -0.107853

-0.1875 -0.110474
-0.194484 -0.109375

-0.203125 -0.107949
-0.194066 -0.109375

-0.1875 -0.110458
-0.171875 -0.112308

-0.171875 -0.112262
-0.15625 -0.113552

-0.15625 -0.113519
-0.140625 -0.114408

0.574028 -0.234375
0.578125 -0.232063

-0.140625 -0.114367
-0.125 -0.115002

0 -0.125721
-0.0111784 -0.125

-0.125 -0.114944
-0.109375 -0.115526

-0.109375 -0.115482
-0.09375 -0.116217

-0.09375 -0.116191
-0.078125 -0.117222

-0.078125 -0.117257
-0.0625 -0.118564

-0.0625 -0.118572
-0.046875 -0.120068

-0.046875 -0.119988
-0.03125 -0.121816

-0.03125 -0.121918
-0.015625 -0.124033

-0.015625 -0.124495
-0.00779814 -0.125

0.578125 -0.248721
0.583154 -0.234375

-2.6875 0.426979
-2.67188 0.432947

-2.67188 0.431994
-2.65625 0.436517

-2.65625 0.436512
-2.65276 0.4375

2.65625 -0.250287
2.65132 -0.25

0.578125 -0.231607
0.585159 -0.234375

0.5625 -0.132874
0.578125 -0.135073

0.578125 -0.134967
0.59375 -0.137856

0.609375 -0.141551
0.604933 -0.140625

0.59375 -0.138067
0.606024 -0.140625

0.609375 -0.141362
0.625 -0.144484

0.6875 -0.192285
0.681842 -0.1875

0.625 -0.144169
0.640625 -0.147824

0.640625 -0.147283
0.65625 -0.153183

0.671875 -0.164215
0.662215 -0.15625

0.685069 -0.1875
0.673543 -0.171875

0.671875 -0.158479
0.681366 -0.171875

0.65625 -0.152239
0.663383 -0.15625

0.6875 -0.189467
0.703125 -0.196982

0.703125 -0.195348
0.71875 -0.196587

0.71875 -0.195878
0.734375 -0.195525

0.734375 -0.19536
0.75 -0.195165

2.65625 -0.250436
2.67188 -0.251119

0.75 -0.195196
0.765625 -0.195425

0.765625 -0.195449
0.78125 -0.195989

0.78125 -0.196003
0.796875 -0.196777

0.796875 -0.19675
0.8125 -0.197785

2.67188 -0.251101
2.6875 -0.251346

0.8125 -0.19779
0.828125 -0.199128

2.6875 -0.251277
2.70312 -0.251256

0.828125 -0.199127
0.84375 -0.200761

0.84375 -0.20083
0.859375 -0.202623

0.875 -0.204284
0.864086 -0.203125

0.859375 -0.203076
0.859834 -0.203125

0.875 -0.204348
0.890625 -0.205745

0.890625 -0.205972
0.90625 -0.206673

0.90625 -0.206704
0.921875 -0.206193

2.70312 -0.2513
2.71875 -0.251064

2.71875 -0.251166
2.73438 -0.250423

2.73438 -0.250779
2.74096 -0.25

0.921875 -0.206187
0.9375 -0.204415

0.9375 -0.203867
0.943888 -0.203125

0.94313 -0.203125
0.953125 -0.201963

0.953125 -0.201584
0.96875 -0.201755

0.984375 -0.203934
0.975627 -0.203125

0.96875 -0.202575
0.974702 -0.203125

2.51562 -0.22219
2.50609 -0.21875

2.53125 -0.235662
2.52957 -0.234375

2.51562 -0.223737
2.53076 -0.234375

2.5 -0.217124
2.50453 -0.21875

2.53125 -0.236087
2.54688 -0.246978

2.54688 -0.247588
2.55204 -0.25

0.984375 -0.203966
1 -0.205152

-2.65796 0.4375
-2.65625 0.437995

-2.65399 0.4375
-2.64062 0.441286

-2.64062 0.44124
-2.625 0.445027

2.60383 -0.25
2.60938 -0.248893

2.60938 -0.249012
2.625 -0.248183

-2.625 0.445002
-2.60938 0.448166

-2.60938 0.448031
-2.59375 0.450892

-2.59375 0.450988
-2.58026 0.453125

-2.58264 0.453125
-2.57812 0.45384

-2.57812 0.45362
-2.5625 0.455205

2.625 -0.248645
2.64062 -0.249275

2.64062 -0.249417
2.65065 -0.25

2.73886 -0.25
2.75 -0.248683

-2.5625 0.455167
-2.54688 0.455785

-2.54688 0.455815
-2.53125 0.455483

-2.53125 0.455453
-2.51562 0.454171

-2.5 0.452222
-2.50777 0.453125

-2.51562 0.453943
-2.50859 0.453125

2.75 -0.248264
2.76562 -0.245936

2.76562 -0.245746
2.78125 -0.244332

1 -0.204885
1.01562 -0.206352

1.01562 -0.206472
1.03125 -0.208515

2.78125 -0.244516
2.79688 -0.24403

-2.4375 0.358696
-2.43857 0.359375

-2.44156 0.359375
-2.44093 0.375

-2.42188 0.356351
-2.42923 0.359375

2.79688 -0.244231
2.8125 -0.243901

2.8125 -0.243857
2.82812 -0.243372

2.82812 -0.243345
2.84375 -0.24285

1.03125 -0.208695
1.04688 -0.210716

1.04688 -0.210682
1.0625 -0.212388

1.0625 -0.212203
1.07812 -0.214031

1.07812 -0.213937
1.09375 -0.216447

1.10938 -0.219544
1.10528 -0.21875

1.10938 -0.219715
1.125 -0.222791

1.09375 -0.216665
1.1045 -0.21875

-2.43243 0.359375
-2.4296 0.375

-2.42188 0.359084
-2.40625 0.35469

-2.42188 0.362327
-2.41629 0.375

-2.40625 0.357352
-2.39062 0.354911

2.84375 -0.242905
2.85938 -0.242346

2.85938 -0.24238
2.875 -0.24158

1.125 -0.222886
1.14062 -0.225691

2.875 -0.241655
2.89062 -0.240394

1.14062 -0.225768
1.15625 -0.22796

1.15625 -0.227869
1.17188 -0.229474

1.17188 -0.229292
1.1875 -0.230857

2.89062 -0.242025
2.90625 -0.236889

1.1875 -0.230784
1.20312 -0.23282

1.21875 -0.235332
1.21289 -0.234375

1.20312 -0.232935
1.21194 -0.234375

1.21875 -0.235512
1.23438 -0.238302

1.23438 -0.238394
1.25 -0.241061

2.90625 -0.237679
2.9276 -0.21875

1.25 -0.241156
1.26562 -0.243328

1.26562 -0.243364
1.28125 -0.244777

1.28125 -0.244763
1.29688 -0.245373

1.29688 -0.245363
1.3125 -0.24522

2.92138 -0.21875
2.92188 -0.217901

2.92188 -0.217669
2.93114 -0.203125

2.93401 -0.203125
2.9375 -0.19865

1.3125 -0.245203
1.32812 -0.244361

1.32812 -0.244349
1.34375 -0.242864

1.34375 -0.242832
1.35938 -0.240792

1.35938 -0.240731
1.375 -0.238321

2.9375 -0.196727
2.94324 -0.1875

2.94716 -0.1875
2.95312 -0.173961

2.9512 -0.171875
2.95312 -0.161224

1.375 -0.23822
1.39062 -0.235762

1.39062 -0.23568
1.40034 -0.234375

1.39993 -0.234375
1.40625 -0.233526

1.40625 -0.233612
1.42188 -0.231977

1.42188 -0.232037
1.4375 -0.23064

1.4375 -0.230666
1.45312 -0.229335

1.45312 -0.229389
1.46875 -0.227965

1.46875 -0.228011
1.48438 -0.226292

1.48438 -0.226221
1.5 -0.224256

2.95312 -0.175031
2.95447 -0.171875

2.95276 -0.15625
2.95312 -0.155536

2.95312 -0.154668
2.96024 -0.140625

2.96552 -0.140625
2.96875 -0.136107

2.96875 -0.126378
2.96942 -0.125

-2.40625 0.367965
-2.40542 0.359375

-2.39062 0.35538
-2.375 0.353161

-2.4375 0.437178
-2.43865 0.4375

-2.5 0.452399
-2.48438 0.449957

-2.48438 0.450016
-2.46875 0.446383

2.97546 -0.125
2.98837 -0.09375

2.98438 -0.0749412
2.98147 -0.0625

2.99161 -0.09375
2.99137 -0.078125

2.98438 -0.0663031
2.98726 -0.078125

2.98406 -0.0625
2.98433 -0.046875

2.98419 -0.046875
2.98438 -0.0340745

2.98433 -0.03125
2.98438 -0.0308093

2.98438 -0.0246081
2.98535 -0.015625

2.98608 -0.015625
2.98927 0

-2.46875 0.446126
-2.45312 0.441698

-2.45312 0.441526
-2.43872 0.4375

-2.4375 0.437218
-2.42188 0.433135

-2.42188 0.433883
-2.40625 0.428474

-2.39933 0.375
-2.39062 0.380731

-2.39062 0.379178
-2.38147 0.390625

-2.38092 0.390625
-2.38113 0.40625

-2.39062 0.416528
-2.39585 0.421875

-2.40625 0.430558
-2.39409 0.421875

2.98438 0.0211881
2.98208 0.03125

2.99146 0
2.99062 0.015625

2.98438 0.0308984
2.98792 0.015625

2.98417 0.03125
2.98363 0.046875

2.98412 0.046875
2.98418 0.0625

2.98438 0.0349972
2.98458 0.03125

-2.39062 0.417044
-2.38308 0.40625

-2.375 0.353035
-2.35938 0.350811

-2.35938 0.350941
-2.34375 0.348703

2.98449 0.046875
2.98455 0.0625

2.98406 0.0625
2.98402 0.078125

2.9839 0.078125
2.98438 0.089132

2.98389 0.09375
2.98989 0.125

-2.3125 0.342734
-2.31754 0.34375

2.9375 0.204504
2.92818 0.21875

2.92754 0.21875
2.92548 0.25

2.96875 0.148802
2.95326 0.15625

2.95312 0.161597
2.9456 0.171875

2.95147 0.171875
2.94392 0.1875

-2.34375 0.34854
-2.32812 0.346352

-2.32812 0.347186
-2.3125 0.344037

-2.3125 0.343256
-2.29688 0.338939

-2.29688 0.338983
-2.28125 0.334644

2.96875 0.158845
2.95758 0.171875

2.96441 0.171875
2.95543 0.1875

2.98819 0.125
2.98411 0.15625

2.99696 0.15625
2.99214 0.1875

2.95008 0.1875
2.93766 0.21875

2.96875 0.231261
2.94332 0.25

2.98605 0.1875
2.97183 0.21875

2.96875 0.240691
2.97467 0.21875

-2.3125 0.344411
-2.31011 0.34375

2.85938 0.2883
2.85257 0.296875

2.85734 0.296875
2.85938 0.299318

2.85938 0.293293
2.86373 0.296875

-2.28125 0.334471
-2.26562 0.330467

-2.25 0.326742
-2.25596 0.328125

-2.26562 0.330741
-2.25436 0.328125

2.85938 0.304256
2.86905 0.296875

2.90625 0.265561
2.9062 0.265625

2.9008 0.265625
2.90625 0.277673

2.89902 0.28125
2.90625 0.284406

2.913 0.25
2.9375 0.275906

2.93693 0.28125
2.9375 0.281439

2.9375 0.267528
3 0.250758

-2.25 0.326872
-2.23438 0.323554

-2.23438 0.323603
-2.21875 0.320734

-2.21875 0.320682
-2.20312 0.318268

-2.20312 0.318317
-2.1875 0.316364

3 -0.0960291
3.00098 -0.09375

3 -0.0820701
3.00072 -0.0625

3.0625 -0.00541791
3.04708 0

3.125 -0.00714734
3.09221 0

3.25 -0.00518744
3.21202 0

3.5 -0.00382478
3.41805 0

3.03125 0.0251952
3.00666 0.03125

3.03063 0.03125
3.03125 0.0362439

3.03125 0.0203768
3.0552 0

3.03125 0.0556591
3.03431 0.03125

-2.125 0.311538
-2.13989 0.3125

-2.1875 0.316379
-2.17188 0.314756

-2.17188 0.314716
-2.15625 0.313472

-2.15625 0.313592
-2.14062 0.312568

3.03125 0.120859
3.02753 0.125

3.03382 0.0625
3.03767 0.09375

3.0443 0.09375
3.03615 0.125

3.0625 0.0150133
3.09127 0

-2.14062 0.312599
-2.1391 0.3125

-2.125 0.311783
-2.10938 0.310336

-2.10938 0.310597
-2.09375 0.307711

3 0.172222
3.02906 0.125

3 0.191288
3.00153 0.1875

-2.09375 0.307656
-2.07812 0.302917

-2.0625 0.296443
-2.06356 0.296875

-2.07812 0.302848
-2.0634 0.296875

-2.0625 0.295427
-2.04688 0.289793

3.125 0.0114505
3.19718 0

3 0.250537
3.00034 0.25

3.25 0.00534854
3.36413 0

4 -0.0062522
3.55982 0

-2.04688 0.290461
-2.03125 0.286353

-2 0.275893
-2.01513 0.28125

-2.03125 0.286824
-2.01562 0.281966

-2.01562 0.281854
-2.01392 0.28125

-1.90625 0.245498
-1.91854 0.25

-1.90625 0.245368
-1.89062 0.239842

-1.89062 0.240085
-1.875 0.234542

-1.85938 0.228478
-1.87453 0.234375

-1.875 0.234582
-1.87447 0.234375

-1.85938 0.228424
-1.84375 0.221874

-1.82812 0.215034
-1.83682 0.21875

-1.82812 0.215008
-1.8125 0.20858

-1.84375 0.221816
-1.83658 0.21875

-1.79688 0.202494
-1.79849 0.203125

-1.8125 0.208615
-1.79843 0.203125

-1.79688 0.202313
-1.78125 0.196883

-1.78125 0.196917
-1.76562 0.192489

-1.76562 0.192415
-1.75 0.189069

-2 0.275732
-1.98438 0.270928

-1.98438 0.271249
-1.96875 0.266917

-1.95312 0.26224
-1.96401 0.265625

-1.96875 0.267087
-1.96405 0.265625

-1.95312 0.26202
-1.9375 0.256712

-1.9375 0.2568
-1.92188 0.251299

-1.92188 0.251243
-1.91848 0.25

-1.73438 0.187016
-1.73821 0.1875

-1.73438 0.187348
-1.71875 0.186244

-1.71875 0.18669
-1.70312 0.184916

-1.70312 0.184773
-1.6875 0.181722

-1.75 0.189
-1.73812 0.1875

-1.6875 0.18146
-1.67188 0.177942

-1.67188 0.177957
-1.65625 0.174466

-1.64062 0.170819
-1.6451 0.171875

-1.65625 0.174582
-1.64478 0.171875

-1.64062 0.170746
-1.625 0.166928

-1.625 0.166828
-1.60938 0.163337

-1.60938 0.163233
-1.59375 0.160476

-1.59375 0.160509
-1.57812 0.158628

-1.57812 0.158723
-1.5625 0.157461

-1.53125 0.155944
-1.53866 0.15625

-1.5625 0.157499
-1.54688 0.156588

-1.54688 0.156593
-1.53857 0.15625

-1.53125 0.15601
-1.51562 0.155498

-1.51562 0.155555
-1.5 0.154935

-1.5 0.154918
-1.48438 0.154109

-1.48438 0.154062
-1.46875 0.153194

-1.46875 0.153207
-1.45312 0.152349

-1.45312 0.152378
-1.4375 0.151446

-1.4375 0.15155
-1.42188 0.150277

-1.42188 0.150337
-1.40625 0.148393

-1.40625 0.148322
-1.39062 0.145729

-1.39062 0.145586
-1.375 0.142771

-1.28125 0.12476
-1.28198 0.125

-1.28125 0.124561
-1.26562 0.118414

-1.26562 0.118531
-1.25 0.111525

-1.35938 0.140057
-1.36273 0.140625

-1.375 0.142724
-1.36262 0.140625

-1.35938 0.139955
-1.34375 0.137804

-1.34375 0.138065
-1.32812 0.136122

-1.32812 0.136333
-1.3125 0.133657

-1.3125 0.13366
-1.29688 0.129824

-1.29688 0.129886
-1.28199 0.125

-1.23438 0.103593
-1.24593 0.109375

-1.25 0.111307
-1.24614 0.109375

-1.23438 0.103564
-1.21875 0.0952132

-1.20312 0.0865818
-1.2165 0.09375

-1.20312 0.0865704
-1.1875 0.0787003

-1.21875 0.0949852
-1.21645 0.09375

-1.14062 0.0596051
-1.14883 0.0625

-1.14062 0.0595766
-1.125 0.0550059

-1.17188 0.0714532
-1.18644 0.078125

-1.1875 0.0786409
-1.18637 0.078125

-1.17188 0.0714895
-1.15625 0.0651544

-1.15625 0.0651219
-1.14882 0.0625

-1.125 0.0550716
-1.10938 0.0513725

-1.10938 0.0514405
-1.09375 0.0483455

-1.07812 0.0456329
-1.08522 0.046875

-1.09375 0.0484252
-1.0849 0.046875

-1.07812 0.0458174
-1.0625 0.043022

-1.0625 0.0431915
-1.04688 0.0396917

-1.04688 0.0394687
-1.03125 0.0353715

-1 0.0283584
-1.01443 0.03125

-1.03125 0.0351224
-1.01562 0.0313721

-1.01562 0.0314267
-1.01474 0.03125

