-4 -0.00304976
-3.74349 0

-3.59797 0
-3.5 0.00116488

-3.5 -0.00215247
-3.44781 0

1.5 -0.0364979
1.51562 -0.0380569

1.51562 -0.0380022
1.53125 -0.0388728

1.53125 -0.038712
1.54688 -0.0393251

-3.25 -0.0031653
-3.22395 0

1.54688 -0.0393934
1.5625 -0.0399341

-3.125 -0.00438882
-3.10801 0

-3.0625 -0.00191765
-3.05791 0

-3.39784 0
-3.25 0.00615125

-3.21125 0
-3.125 0.011863

-3.10658 0
-3.0625 0.0190971

-3.0625 0.0062605
-3.03125 0.0303494

-3.03732 0.03125
-3.03125 0.0419855

-3 0.0301763
-3.00744 0.03125

1.5625 -0.0399964
1.57812 -0.0402038

1.57812 -0.040141
1.59375 -0.040016

1.59375 -0.0400246
1.60938 -0.0396753

-3.03125 0.0489902
-3.02261 0.0625

-3.03474 0.0625
-3.03125 0.0791751

1.60938 -0.0397448
1.625 -0.0390151

-3.03083 0.0625
-3.02011 0.09375

-3.01944 0.09375
-3.01523 0.125

1.625 -0.039028
1.64062 -0.0377532

1.64062 -0.0377136
1.65625 -0.0359471

-3.02618 0.125
-3 0.163224

-3.00041 0.1875
-3 0.18787

1.65625 -0.0358841
1.67188 -0.0338312

1.67188 -0.033846
1.6875 -0.0316031

1.6875 -0.0316181
1.68976 -0.03125

1.68995 -0.03125
1.70312 -0.0291033

1.70312 -0.0288505
1.71875 -0.0264124

1.71875 -0.0264586
1.73438 -0.0245328

1.73438 -0.0246433
1.75 -0.0229163

1.75 -0.0229258
1.76562 -0.0211579

1.76562 -0.0210974
1.78125 -0.0193904

1.78125 -0.019356
1.79688 -0.0178995

1.79688 -0.0178935
1.8125 -0.0167681

1.8125 -0.0167771
1.82812 -0.0159768

1.82812 -0.016008
1.8389 -0.015625

1.83888 -0.015625
1.84375 -0.0154519

1.84375 -0.0154685
1.85938 -0.0150637

1.85938 -0.0150629
1.875 -0.0147781

-2.96875 -0.191645
-2.96988 -0.1875

-2.96875 -0.193357
-2.96857 -0.1875

-2.97042 -0.1875
-2.96875 -0.187333

-2.96875 -0.187435
-2.96867 -0.1875

1.875 -0.014778
1.89062 -0.0146149

1.89062 -0.0146243
1.90625 -0.0145642

1.90625 -0.0145821
1.92188 -0.0145706

-2.96875 -0.100212
-2.99449 -0.09375

-2.98758 -0.09375
-2.98972 -0.078125

-2.98438 -0.0649198
-2.98456 -0.0625

-2.98438 -0.0848219
-2.96875 -0.0870666

-2.98438 -0.0630115
-2.97186 -0.078125

1.92188 -0.0145959
1.9375 -0.0145468

-2.96875 -0.0982407
-2.96656 -0.09375

-2.96875 -0.0805349
-2.96618 -0.078125

1.9375 -0.0145711
1.95312 -0.0143855

0 -0.0035817
0.015625 -0.000443172

-1 -0.0871009
-0.984375 -0.0850047

-0.984375 -0.0860249
-0.96875 -0.0826812

-0.96875 -0.0818594
-0.957116 -0.078125

-0.956943 -0.078125
-0.953125 -0.0768995

-0.953125 -0.0752436
-0.9375 -0.0734003

-0.921875 -0.0783646
-0.923003 -0.078125

-0.9375 -0.0740109
-0.921875 -0.0773298

-0.921875 -0.0801265
-0.90625 -0.0818299

-0.921875 -0.0778739
-0.919572 -0.078125

-0.90625 -0.0815907
-0.895088 -0.078125

-0.895906 -0.078125
-0.890625 -0.0764852

-0.890625 -0.073981
-0.875 -0.0685325

-0.875 -0.069237
-0.859375 -0.0671406

-0.859375 -0.0674141
-0.84375 -0.0667137

-0.84375 -0.0667258
-0.828125 -0.0668503

-0.828125 -0.067374
-0.8125 -0.0672515

-0.8125 -0.066998
-0.796875 -0.0660882

-0.796875 -0.0659979
-0.78125 -0.0649887

-0.78125 -0.0648944
-0.765625 -0.0641549

-0.765625 -0.0643507
-0.75 -0.0636778

-0.734375 -0.13293
-0.737847 -0.125

-0.734375 -0.131015
-0.71875 -0.128855

-0.71875 -0.125265
-0.718635 -0.125

-0.736828 -0.125
-0.734375 -0.118824

-0.734375 -0.118368
-0.71875 -0.119704

-0.75 -0.0636214
-0.734375 -0.0627363

-0.734375 -0.0629035
-0.729792 -0.0625

-0.71875 -0.117953
-0.716687 -0.125

-0.729326 -0.0625
-0.71875 -0.0615688

-0.71875 -0.0616867
-0.703125 -0.0591679

-0.703125 -0.0594085
-0.6875 -0.0550044

-0.6875 -0.0550566
-0.671875 -0.0481817

-0.671875 -0.0483133
-0.66933 -0.046875

-0.670115 -0.046875
-0.65625 -0.0389068

-0.65625 -0.0382742
-0.644205 -0.03125

-0.644633 -0.03125
-0.640625 -0.0289278

-0.640625 -0.0287866
-0.625 -0.0216801

1.95312 -0.0143956
1.96875 -0.0140047

1.96875 -0.0139972
1.98438 -0.0133958

1.98438 -0.0133787
2 -0.0126163

0.0155154 0
0.015625 2.20097e-05

1.40625 0.781296
1.4063 0.78125

0.015625 2.61758e-05
0.03125 0.0040454

0.03125 0.00426499
0.046875 0.0077872

0.046875 0.00783374
0.0625 0.0103267

0.0625 0.0102162
0.078125 0.0118078

0.078125 0.0114736
0.09375 0.0130531

-0.625 -0.021813
-0.609375 -0.0170803

-0.609375 -0.0170637
-0.600695 -0.015625

-0.600707 -0.015625
-0.59375 -0.014472

-0.59375 -0.0147202
-0.578125 -0.0138139

2 -0.0126001
2.01562 -0.0117433

-2.96875 -0.0745608
-2.95312 -0.0686129

2.01562 -0.011734
2.03125 -0.0108337

-2.95312 -0.0683748
-2.9375 -0.0654396

-2.98438 -0.0529976
-2.98079 -0.0625

-2.98338 -0.046875
-2.98378 -0.03125

2.03125 -0.0108304
2.04688 -0.00991176

2.04688 -0.00990964
2.0625 -0.00898369

0.09375 0.0129677
0.109375 0.0153741

0.109287 0.015625
0.109375 0.0156386

-0.578125 -0.013963
-0.5625 -0.0139477

2.0625 -0.00897998
2.07812 -0.00805831

-2.98438 -0.00225786
-2.98439 0

2.07812 -0.0080547
2.09375 -0.00715196

2.09375 -0.00715213
2.10938 -0.00627521

-2.98392 -0.03125
-2.98426 -0.015625

-0.5625 -0.0139812
-0.546875 -0.0144916

0.109375 0.0156419
0.125 0.0185104

2.10938 -0.00628079
2.125 -0.00541821

-2.98422 -0.015625
-2.98431 0

0.125 0.0185707
0.140625 0.0212451

2.125 -0.00542657
2.14062 -0.00455044

0.140625 0.0212313
0.15625 0.0236185

2.14062 -0.00455757
2.15625 -0.00363691

-0.546875 -0.0144027
-0.53125 -0.0155493

-0.515625 -0.0174689
-0.530983 -0.015625

-0.53125 -0.0155514
-0.530637 -0.015625

2.15625 -0.00364178
2.17188 -0.00265259

-0.515625 -0.0171749
-0.5 -0.0202811

-2.9375 -0.066252
-2.92188 -0.065578

0.15625 0.023651
0.171875 0.0257139

2.17188 -0.00265868
2.1875 -0.00157905

-2.92188 -0.0655062
-2.90625 -0.0656124

-2.90625 -0.0656242
-2.89062 -0.0666304

-2.89062 -0.0664747
-2.875 -0.0686684

2.1875 -0.00158965
2.20312 -0.000386218

-2.875 -0.0690525
-2.85938 -0.0719769

-2.85938 -0.0718892
-2.84375 -0.0749518

0.171875 0.025813
0.1875 0.0272886

2.20312 -0.000398882
2.20766 0

0.1875 0.0274403
0.203125 0.0278272

0.203125 0.0278331
0.21875 0.0268161

-2.82812 -0.0789423
-2.8313 -0.078125

-2.84375 -0.0745733
-2.82995 -0.078125

-2.82812 -0.0793145
-2.8125 -0.0836153

-0.5 -0.0205274
-0.484375 -0.0249566

0.21875 0.0265118
0.234375 0.024688

-0.484375 -0.0252819
-0.46875 -0.0298908

-0.46875 -0.0314998
-0.453125 -0.0337304

-0.453125 -0.0339668
-0.442479 -0.03125

-0.46875 -0.0295404
-0.456775 -0.03125

-2.8125 -0.0834735
-2.79688 -0.0870096

-0.441456 -0.03125
-0.4375 -0.0302386

2.20766 0
2.21875 0.000975029

0.234375 0.0243883
0.25 0.0229657

-2.79688 -0.0864437
-2.78125 -0.0906306

-0.4375 -0.0309004
-0.421875 -0.0170691

2.21875 0.000962848
2.23438 0.00255831

-0.422435 -0.015625
-0.421875 -0.0148616

-2.76562 -0.0969238
-2.77355 -0.09375

-0.421875 -0.0136895
-0.411865 0

-2.76562 -0.0967661
-2.75 -0.105352

-2.78125 -0.0903275
-2.77268 -0.09375

-2.75 -0.0634739
-2.75151 -0.0625

-2.79859 -0.015625
-2.79688 -0.00262686

-2.78125 -0.0298411
-2.7926 -0.015625

-0.3125 -0.00808755
-0.314842 0

-0.296875 -0.0191116
-0.302331 -0.015625

-0.3125 -0.00483223
-0.305688 -0.015625

-0.296875 -0.0178051
-0.28125 -0.0233492

-2.79688 -0.00982976
-2.78797 0

-2.76562 -0.0409467
-2.77884 -0.03125

0.25 0.0229604
0.265625 0.0225488

0.265625 0.0226958
0.28125 0.0230117

2.23438 0.00255468
2.25 0.00440317

0.28125 0.0231368
0.296875 0.0236359

0.296875 0.0235904
0.3125 0.0241135

-0.28125 -0.0233979
-0.265625 -0.0265405

2.25 0.00440564
2.26562 0.00650947

2.26562 0.00651278
2.28125 0.00886042

-2.75899 -0.0625
-2.76331 -0.046875

2.28125 0.0088658
2.29688 0.0114399

-2.76562 -0.0399374
-2.75 -0.0451356

-0.265625 -0.0260915
-0.25 -0.027633

2.29688 0.0114619
2.3125 0.0142075

0.3125 0.023914
0.328125 0.0249513

-2.77293 -0.03125
-2.76562 -0.0200074

-2.78125 -0.00162145
-2.76797 -0.015625

-0.25 -0.0275291
-0.234375 -0.0285751

0.328125 0.0250049
0.34375 0.026848

2.3125 0.0142499
2.32024 0.015625

0.34375 0.027216
0.359375 0.0290218

-0.234375 -0.0286786
-0.21875 -0.0292299

-2.76562 -0.0288001
-2.76516 -0.03125

-0.21875 -0.0292856
-0.203125 -0.0290239

0.359375 0.0292185
0.375 0.0298578

2.32017 0.015625
2.32812 0.0170381

2.32812 0.0170835
2.34375 0.0196905

-2.73438 -0.11556
-2.74504 -0.109375

-2.75 -0.105816
-2.74386 -0.109375

-0.203125 -0.0291352
-0.1875 -0.0277265

2.34375 0.0197545
2.35938 0.0219617

-0.1875 -0.0277946
-0.171875 -0.0248799

-0.171875 -0.0249588
-0.15625 -0.0202444

-0.15625 -0.0201694
-0.144917 -0.015625

-0.145955 -0.015625
-0.140625 -0.0134875

-0.140625 -0.0131133
-0.125 -0.00702742

0.375 0.0298007
0.390625 0.0289945

0.390625 0.028758
0.40625 0.0270938

0.40625 0.0268371
0.421875 0.0253015

-2.73438 -0.11659
-2.71875 -0.121765

-2.75 -0.0649079
-2.73438 -0.0699776

-2.73438 -0.0672853
-2.71875 -0.0715564

-2.71875 -0.121721
-2.70312 -0.120553

-2.70312 -0.121402
-2.6875 -0.112279

0.421875 0.0251643
0.4375 0.0245449

-0.125 -0.00689279
-0.109375 -0.00258071

0.4375 0.0245663
0.453125 0.0250946

0.453125 0.0249122
0.46875 0.0269102

0.46875 0.0271291
0.484375 0.0305236

0.488168 0.03125
0.5 0.0350801

2.35938 0.0220307
2.375 0.023572

-2.70312 -0.0785979
-2.70404 -0.078125

2.375 0.0235417
2.39062 0.0243394

-2.71875 -0.0714598
-2.70312 -0.0766594

-0.109375 -0.00264105
-0.09375 -0.000251294

-0.09375 -0.000407318
-0.0846482 0

-0.0625 -0.000328413
-0.070351 0

-0.0625 -0.000539122
-0.046875 -0.00198976

-0.046875 -0.00219821
-0.03125 -0.00369974

0.90625 -0.00491943
0.893434 0

-2.70312 -0.0795202
-2.6875 -0.0916053

0.90625 -0.00482173
0.921875 -0.00992984

-0.03125 -0.00394443
-0.015625 -0.00459057

-2.75 -0.0537814
-2.74085 -0.046875

-0.015625 -0.00480504
0 -0.00367747

2.39062 0.0241674
2.40625 0.024626

-0.412125 0
-0.40625 0.00750894

-2.73438 -0.0507114
-2.72454 -0.046875

-0.40625 0.00878761
-0.399981 0.015625

2.40625 0.0247438
2.42188 0.0249716

-0.40011 0.015625
-0.390625 0.0236288

-2.72741 -0.046875
-2.71875 -0.046101

-0.390625 0.023555
-0.37626 0.03125

0.921875 -0.0097588
0.9375 -0.0141822

-2.70312 -0.0479205
-2.70645 -0.046875

0.953125 -0.0182995
0.942577 -0.015625

-0.376194 0.03125
-0.375 0.0318372

0.9375 -0.0140699
0.943633 -0.015625

2.42188 0.0252446
2.4375 0.0244599

-2.71875 -0.0437179
-2.71003 -0.046875

2.4375 0.0241486
2.45312 0.0224279

2.45312 0.0219662
2.46875 0.0208557

-0.375 0.0315396
-0.359375 0.035306

0.953125 -0.018255
0.96875 -0.0215336

-0.359375 0.0355028
-0.34375 0.0350334

0.96875 -0.021419
0.984375 -0.0241401

-0.328125 0.028548
-0.334959 0.03125

0.984375 -0.0240983
1 -0.0265749

0.5 0.0357784
0.515625 0.0421053

-0.3125 0.0140538
-0.312966 0.015625

0.515625 0.0416298
0.528067 0.046875

-0.328125 0.0280503
-0.3125 0.0178212

2.46875 0.0214009
2.48438 0.0207336

-2.70312 -0.0569012
-2.6875 -0.0614761

2.48438 0.021246
2.5 0.0189066

0.524764 0.046875
0.53125 0.0496091

-0.34375 0.0359941
-0.331729 0.03125

0.53125 0.0498145
0.546875 0.0544167

-0.305681 0
-0.307342 0.015625

-2.6875 -0.112552
-2.68405 -0.109375

0.546875 0.0542503
0.5625 0.0548665

-0.3125 0.0296659
-0.299063 0.015625

-0.296875 0.0237594
-0.294178 0.015625

0.5625 0.0544223
0.578125 0.0522736

0.578125 0.0515816
0.59375 0.0489402

2.75 -0.00110616
2.75251 0

-2.67949 -0.109375
-2.67793 -0.09375

2.76562 -0.000486687
2.7661 0

0.59375 0.0485406
0.609375 0.0475897

-2.6875 -0.0853531
-2.67879 -0.09375

-0.0887416 0
-0.078125 0.000475105

0.609375 0.0477335
0.625 0.0489848

-0.078125 0.000213328
-0.0730252 0

-2.6875 -0.0586104
-2.67188 -0.0553987

-2.67188 -0.0542848
-2.65625 -0.0512458

0.625 0.0493113
0.640625 0.0518243

0.640625 0.0519559
0.65625 0.0548141

2.99994 -0.25
2.99998 -0.21875

0.65625 0.0549706
0.671875 0.0575974

-2.65625 -0.0515668
-2.64062 -0.0502866

-2.64062 -0.0502531
-2.625 -0.0501565

0.671875 0.0576904
0.6875 0.0595867

0.6875 0.0596445
0.703125 0.0605088

0.703125 0.0605513
0.71875 0.060183

-2.53125 -0.174418
-2.53379 -0.171875

0.71875 0.0601829
0.734375 0.0584973

0.734375 0.0584582
0.75 0.0555337

-2.625 -0.0502686
-2.60938 -0.0511981

-2.60938 -0.0512297
-2.59375 -0.052898

-2.59375 -0.0529637
-2.57812 -0.0551762

2.98438 -0.0861662
2.97534 -0.078125

2.97929 -0.078125
2.97915 -0.0625

2.98438 -0.0825297
3 -0.0821822

2.98542 -0.078125
3 -0.0643476

2.97403 -0.0625
2.98438 -0.0541566

2.98438 -0.0590258
3 -0.0589

0.75 0.0555289
0.765625 0.0514535

0.78125 0.0458832
0.778347 0.046875

0.765625 0.0515675
0.779359 0.046875

0.78125 0.0458202
0.796875 0.0398074

0.796875 0.0398265
0.8125 0.0338125

2.51562 0.0147538
2.51149 0.015625

2.5 0.0180291
2.51142 0.015625

2.51562 0.0138226
2.53125 0.0131769

2.53125 0.0134708
2.5414 0.015625

2.54184 0.015625
2.54688 0.0166929

2.54688 0.0176373
2.5625 0.0226219

0.828125 0.0276837
0.819182 0.03125

2.5625 0.0232936
2.57812 0.026839

2.57812 0.0271175
2.59375 0.0273234

2.59375 0.0265937
2.60938 0.0243624

2.60938 0.0240436
2.625 0.0214719

-2.57812 -0.0552432
-2.5625 -0.0577341

2.625 0.0216447
2.64062 0.0190245

0.828125 0.0275972
0.84375 0.0211188

2.64062 0.0189347
2.65625 0.0160999

2.67188 0.0133016
2.65869 0.015625

2.65625 0.0159582
2.65814 0.015625

2.67188 0.0133978
2.6875 0.0106224

2.6875 0.010565
2.70312 0.00766294

2.70312 0.00733148
2.71875 0.00508031

2.71875 0.00258208
2.73438 0.00664123

2.73439 0
2.75 0.0130525

2.73918 0.015625
2.74521 0.03125

2.73859 0.03125
2.75 0.0409105

2.625 0.187656
2.62516 0.1875

0.8125 0.0338829
0.819103 0.03125

-2.53125 -0.0630405
-2.53433 -0.0625

-2.53125 -0.0631828
-2.51562 -0.0658926

-2.51562 -0.065971
-2.5 -0.0681318

-2.5625 -0.057766
-2.54688 -0.0603376

0.859375 0.0142541
0.856197 0.015625

2.75345 0
2.75804 0.015625

-2.54688 -0.0602517
-2.53407 -0.0625

0.84375 0.0212456
0.856779 0.015625

-2.98451 0
-2.98446 0.015625

-2.98443 0.015625
-2.98438 0.0188415

-2.98426 0
-2.98408 0.015625

-2.98404 0.015625
-2.98377 0.03125

0.859375 0.0141794
0.875 0.00757451

2.75 0.0350127
2.76562 0.0383095

2.76562 0.0337791
2.78125 0.0333209

2.78125 0.0346348
2.79688 0.0368546

2.79688 0.0361374
2.8125 0.0398418

2.8125 0.0396372
2.82812 0.0466077

2.82665 0.046875
2.82812 0.0475316

2.82812 0.047696
2.84375 0.056165

2.84375 0.0561942
2.85635 0.0625

2.85649 0.0625
2.85938 0.0639441

2.85938 0.064055
2.875 0.0710905

-2.98382 0.03125
-2.98367 0.046875

2.875 0.0711403
2.89062 0.077184

2.89062 0.0770976
2.89377 0.078125

0.875 0.00777692
0.890625 0.0014613

0.890625 0.00177721
0.895255 0

-2.98367 0.046875
-2.98355 0.0625

-2.98357 0.0625
-2.98344 0.078125

-2.98361 0.078125
-2.98309 0.09375

-2.98392 0.09375
-2.97812 0.125

2.89373 0.078125
2.90625 0.0822149

2.90625 0.0820598
2.92188 0.0866814

-2.97433 0.125
-2.97231 0.15625

-3 0.17797
-2.96875 0.181313

-2.96875 0.134455
-2.96572 0.140625

-2.96706 0.140625
-2.95884 0.15625

-2.95832 0.15625
-2.95722 0.171875

-2.95321 0.171875
-2.96614 0.1875

2.92188 0.0866986
2.9375 0.0911081

-2.95312 0.167487
-2.95266 0.171875

-2.95312 0.173692
-2.95245 0.171875

-3 0.187825
-2.96875 0.195109

2.9375 0.0872713
2.94755 0.09375

2.94651 0.09375
2.95312 0.100951

2.95312 0.106395
2.95659 0.109375

2.95429 0.109375
2.96071 0.125

2.96875 0.093545
2.9709 0.09375

2.96875 0.101941
2.9892 0.125

2.90625 0.234083
2.9375 0.228316

2.96322 0.125
2.95773 0.140625

-2.93895 0.1875
-2.9375 0.189543

-2.9375 0.225751
-2.94533 0.25

1.03125 -0.0312993
1.03092 -0.03125

2.95721 0.140625
2.95458 0.15625

2.95312 0.15625
2.95312 0.156627

1 -0.0265572
1.01562 -0.0289083

-2.9375 0.202933
-2.92188 0.203095

-2.9375 0.211765
-2.92188 0.204589

2.95308 0.171875
2.95312 0.172015

2.95623 0.15625
2.95532 0.171875

1.01562 -0.0288634
1.03125 -0.0312133

2.95312 0.172746
2.95993 0.1875

2.96875 0.140844
2.97548 0.15625

2.96875 0.187133
3 0.184368

2.96205 0.1875
2.96875 0.19618

2.9375 0.226693
2.95312 0.25

2.96875 0.201684
3 0.194275

1.03125 -0.0313017
1.04688 -0.0335678

2.875 0.296649
2.86656 0.296875

2.85938 0.300014
2.875 0.300014

-2.92188 0.218275
-2.92129 0.21875

2.89062 0.265243
2.89034 0.265625

2.89029 0.265625
2.89062 0.281062

2.90625 0.25194
2.90008 0.265625

2.89062 0.274799
2.8935 0.28125

2.89656 0.28125
2.90625 0.287622

2.90625 0.275731
2.93188 0.28125

2.90625 0.283612
2.9375 0.283945

1.04688 -0.0335822
1.0625 -0.0355602

2.9375 0.285062
2.95641 0.25

-2.9375 0.220198
-2.90625 0.218827

-2.79512 0
-2.78125 0.00232396

3 -0.25005
3.00019 -0.25

-2.94908 0.25
-2.9375 0.275736

3 -0.221136
3.00011 -0.25

1.03125 -0.0311509
1.03193 -0.03125

3 -0.0950173
3.00231 -0.09375

3 -0.0925842
3.00775 -0.0625

3 -0.0541396
3.00908 -0.0625

1.0625 -0.0355459
1.07812 -0.0372312

1.07812 -0.0372354
1.09375 -0.0386483

1.09375 -0.0386538
1.10938 -0.039775

1.10938 -0.0397755
1.125 -0.0405928

3.0625 -0.00612043
3.04427 0

1.125 -0.0405872
1.14062 -0.0411105

3.125 -0.004
3.10415 0

3.25 -0.00325314
3.2211 0

3.5 -0.00277757
3.43089 0

3.03125 0.0251107
3.02813 0.03125

3.03125 0.0319378
3.02657 0.0625

1.14062 -0.0410993
1.15625 -0.0413624

1.15625 -0.0413469
1.17188 -0.0414034

-2.9375 0.272044
-2.90625 0.27748

3.03125 0.018343
3.05366 0

-2.91176 0.28125
-2.90625 0.282106

1.17188 -0.0413859
1.1875 -0.0413019

-2.90625 0.251836
-2.89912 0.265625

1.1875 -0.0412853
1.20312 -0.0411288

3.03125 0.0316496
3.03137 0.03125

-2.89062 0.277955
-2.89215 0.28125

3.03079 0.0625
3.02513 0.09375

1.20312 -0.0411152
1.21875 -0.0409466

3.027 0.09375
3.02339 0.125

3.0625 0.0153003
3.09897 0

3 0.174704
3.03292 0.125

3 0.195606
3.00789 0.1875

3.125 0.0102449
3.19827 0

3.25 0.00449069
3.35915 0

4 -0.00439876
3.62746 0

3.5 0.000377434
3.53197 0

1.21875 -0.0409367
1.23438 -0.0408033

1.23438 -0.0407983
1.25 -0.04073

-2.89062 0.263681
-2.8888 0.265625

-2.88882 0.265625
-2.88749 0.28125

-2.90625 0.288466
-2.88785 0.28125

-2.875 0.29269
-2.86248 0.296875

-2.875 0.302311
-2.85938 0.301873

1.25 -0.0407319
1.26562 -0.040735

1.26562 -0.040744
1.28125 -0.0407969

1.28125 -0.0408107
1.29688 -0.0408678

1.29688 -0.0408836
1.3125 -0.0408857

1.3125 -0.0409041
1.32812 -0.0407829

1.32812 -0.0408057
1.34375 -0.0404788

1.34375 -0.0405021
1.35938 -0.0398772

1.35938 -0.0398868
1.375 -0.0388982

-2.4533 -0.375
-2.45352 -0.359375

-2.45361 -0.359375
-2.45312 -0.359185

-2.45292 -0.375
-2.45263 -0.359375

-2.45312 -0.359185
-2.45248 -0.359375

1.375 -0.0388748
1.39062 -0.0375497

1.39062 -0.0374828
1.40625 -0.0360017

1.40625 -0.0359135
1.42188 -0.0345866

1.42188 -0.0345459
1.4375 -0.0336309

1.4375 -0.0336315
1.45312 -0.0332085

1.45312 -0.0331584
1.46875 -0.0333265

-2.5 -0.0681866
-2.48438 -0.0695319

-2.48438 -0.0695861
-2.46875 -0.0698976

-2.46875 -0.0699791
-2.45312 -0.0689851

-2.45312 -0.0691024
-2.4375 -0.0664053

1.46875 -0.033237
1.48438 -0.0342755

1.48438 -0.0344392
1.5 -0.0361998

-2.4375 -0.0662787
-2.42406 -0.0625

-2.42392 -0.0625
-2.42188 -0.0619256

-2.42188 -0.0620777
-2.40625 -0.0558614

-2.40625 -0.0551889
-2.39062 -0.0481216

-2.39062 -0.0478488
-2.38783 -0.046875

-2.38882 -0.046875
-2.375 -0.0420647

-2.375 -0.0416667
-2.35938 -0.0398885

-2.35938 -0.0404061
-2.34375 -0.042151

-2.34375 -0.0429844
-2.32812 -0.0455506

-2.32812 -0.0473214
-2.32229 -0.046875

-2.32743 -0.046875
-2.3125 -0.0457296

-2.3125 -0.0458794
-2.29688 -0.0378745

-2.29688 -0.0371305
-2.28929 -0.03125

-2.29079 -0.03125
-2.28125 -0.0237894

-2.28125 -0.0224481
-2.2707 -0.015625

-2.27071 -0.015625
-2.26562 -0.0125684

-2.26562 -0.0129326
-2.25 -0.00743552

-2.25 -0.00751953
-2.23438 -0.00535289

-2.23438 -0.00540752
-2.21875 -0.00629411

-2.21875 -0.00686423
-2.20312 -0.00955455

-2.20312 -0.00823002
-2.1875 -0.0142329

-2.17188 -0.034274
-2.17376 -0.03125

-2.15625 -0.0512582
-2.16195 -0.046875

-2.17188 -0.0346709
-2.16097 -0.046875

-2.17188 -0.0279841
-2.18407 -0.015625

-2.1875 -0.0134591
-2.18414 -0.015625

-2.17188 -0.0278168
-2.16969 -0.03125

-2.15625 -0.0500713
-2.14062 -0.0578972

-2.14062 -0.0570707
-2.125 -0.0610626

-2.10938 -0.0630587
-2.1136 -0.0625

-2.10938 -0.0627622
-2.09375 -0.0636427

-2.09375 -0.0637299
-2.07812 -0.0637281

-2.07812 -0.0633467
-2.0625 -0.0630509

-2.125 -0.060915
-2.11302 -0.0625

-2.04688 -0.0638582
-2.06162 -0.0625

-2.04688 -0.0646468
-2.03125 -0.0675085

-2.03125 -0.0680955
-2.01562 -0.0696265

-2.01562 -0.06941
-2 -0.0688691

-2.0625 -0.0624031
-2.06145 -0.0625

-2.4375 0.484591
-2.43728 0.484375

-2 -0.0686212
-1.98438 -0.0669373

-1.98438 -0.0668091
-1.96875 -0.0647347

-1.96875 -0.0646213
-1.95312 -0.0626396

-1.95312 -0.0625447
-1.95266 -0.0625

-1.95243 -0.0625
-1.9375 -0.0610513

-1.9375 -0.0610341
-1.92188 -0.0601613

-1.92188 -0.0601444
-1.90625 -0.0599814

-1.90625 -0.0599598
-1.89062 -0.0605837

-1.89062 -0.0605928
-1.875 -0.0620286

-1.85938 -0.0641138
-1.87245 -0.0625

-1.85938 -0.0642329
-1.84375 -0.0661018

-1.84375 -0.0662747
-1.82812 -0.0674877

-1.82812 -0.0676747
-1.8125 -0.0675117

-1.875 -0.0621496
-1.87216 -0.0625

-1.8125 -0.0675454
-1.79688 -0.0655648

-1.79688 -0.0653753
-1.78402 -0.0625

-1.78391 -0.0625
-1.78125 -0.0619052

-1.78125 -0.0618596
-1.76562 -0.0572699

-1.76562 -0.0569315
-1.75 -0.051974

-1.75 -0.0510809
-1.73438 -0.0482187

-1.73438 -0.0484724
-1.71875 -0.0489843

-1.71875 -0.049576
-1.70312 -0.0517712

-1.70312 -0.0519423
-1.6875 -0.0542955

-1.625 -0.0645388
-1.63503 -0.0625

-1.6875 -0.0543016
-1.67188 -0.0564582

-1.67188 -0.0562997
-1.65625 -0.0585645

-1.65625 -0.0585295
-1.64062 -0.06129

-1.64062 -0.0613687
-1.63506 -0.0625

-1.625 -0.0647362
-1.60938 -0.067783

-1.60938 -0.0678624
-1.59375 -0.0702308

-1.59375 -0.0702366
-1.57812 -0.0717562

-1.57812 -0.07172
-1.5625 -0.0724514

-1.5625 -0.0723914
-1.54688 -0.0725271

-1.54688 -0.072478
-1.53125 -0.072236

-1.53125 -0.0722128
-1.51562 -0.0717378

-1.51562 -0.0717225
-1.5 -0.0710912

-1.5 -0.0710429
-1.48438 -0.0703822

-1.48438 -0.0702779
-1.46875 -0.0698929

-1.46875 -0.0697633
-1.45312 -0.0701216

-1.45312 -0.0700323
-1.4375 -0.0715717

-1.4375 -0.0715581
-1.42188 -0.0744843

-1.40625 -0.0789925
-1.40936 -0.078125

-1.42188 -0.0744428
-1.40866 -0.078125

-1.40625 -0.0791851
-1.39062 -0.084274

-1.39062 -0.0842679
-1.375 -0.0893966

-1.35938 -0.0944308
-1.36166 -0.09375

-1.35938 -0.0946649
-1.34375 -0.0976506

-1.375 -0.0896384
-1.36122 -0.09375

-1.34375 -0.0973978
-1.32812 -0.098519

-1.32812 -0.0983051
-1.3125 -0.0984952

-1.3125 -0.0983947
-1.29688 -0.0982827

-1.29688 -0.0981873
-1.28125 -0.098165

-1.28125 -0.0981224
-1.26562 -0.0984656

-1.26562 -0.0984602
-1.25 -0.0992648

-1.25 -0.0992546
-1.23438 -0.100552

-1.23438 -0.100652
-1.21875 -0.102263

-1.21875 -0.102419
-1.20312 -0.103831

-1.20312 -0.103994
-1.1875 -0.104569

-1.1875 -0.104485
-1.17188 -0.104065

-1.17188 -0.103883
-1.15625 -0.102998

-1.15625 -0.103083
-1.14062 -0.101929

-1.14062 -0.101916
-1.125 -0.100348

-1.125 -0.10031
-1.10938 -0.0984321

-1.10938 -0.0984008
-1.09375 -0.0963514

-1.09375 -0.0963359
-1.07812 -0.0942089

-1.07812 -0.094087
-1.07544 -0.09375

-1.07528 -0.09375
-1.0625 -0.0921444

-1.0625 -0.0920507
-1.04688 -0.0906443

-1.04688 -0.0908511
-1.03125 -0.0897673

-1.03125 -0.089621
-1.01562 -0.088739

-1.01562 -0.0893271
-1 -0.0877636

