-4 -0.00423818
-3.67362 0

-3.56249 0
-3.5 0.000811456

-3.5 -0.00228772
-3.44698 0

1.5 -0.233248
1.51562 -0.233968

1.51562 -0.233639
1.53125 -0.233444

1.53125 -0.233357
1.54688 -0.233075

1.54688 -0.233092
1.5625 -0.232862

-3.25 -0.00306121
-3.22705 0

-3.125 -0.00390852
-3.1101 0

-3 -0.0675586
-3.00702 -0.0625

1.5625 -0.232856
1.57812 -0.232657

1.57812 -0.232619
1.59375 -0.23254

1.59375 -0.232513
1.60938 -0.232683

1.60938 -0.232687
1.625 -0.233153

1.625 -0.233172
1.64062 -0.233888

1.65625 -0.234799
1.64898 -0.234375

1.64062 -0.233905
1.64869 -0.234375

1.65625 -0.234858
1.67188 -0.235845

1.67188 -0.235917
1.6875 -0.236733

1.6875 -0.236806
1.70312 -0.237159

1.70312 -0.237197
1.71875 -0.236863

1.71875 -0.236904
1.73438 -0.235727

1.73438 -0.235857
1.74493 -0.234375

-3.00742 -0.0625
-3 -0.0586957

-3.40275 0
-3.25 0.00663291

-3.2167 0
-3.125 0.0127406

-3.10577 0
-3.0625 0.0206769

-3.0625 0.00690106
-3.03131 0.03125

1.74334 -0.234375
1.75 -0.23344

-3.04008 0.03125
-3.03125 0.0473182

1.75 -0.233152
1.76562 -0.230705

-3.03125 0.0529622
-3.02803 0.0625

-3.0334 0.0625
-3.03125 0.0775777

-3.0353 0.09375
-3.03125 0.104434

1.76562 -0.23062
1.78125 -0.228941

1.78125 -0.229093
1.79688 -0.228045

1.79688 -0.228149
1.8125 -0.227221

-3.03125 0.0712372
-3.02419 0.09375

-3.03125 0.100864
-3.01095 0.125

1.8125 -0.22724
1.82812 -0.226186

1.82812 -0.226176
1.84375 -0.224978

1.84375 -0.224975
1.85938 -0.223656

1.85938 -0.223652
1.875 -0.222226

-3.01492 0.125
-3 0.148195

1.875 -0.222225
1.89062 -0.220703

1.89062 -0.220738
1.90625 -0.219049

1.90625 -0.219045
1.90891 -0.21875

1.90795 -0.21875
1.92188 -0.217204

1.92188 -0.217064
1.9375 -0.215781

1.9375 -0.215711
1.95312 -0.215328

1.95312 -0.215266
1.96875 -0.216051

2 -0.2215
1.98697 -0.21875

1.96875 -0.21604
1.98438 -0.218138

1.98438 -0.218222
1.98687 -0.21875

-3 -0.0824183
-2.99571 -0.078125

-3 -0.0566307
-2.99794 -0.0625

-3 -0.0459377
-2.99826 -0.046875

-1 0.107307
-0.984375 0.105316

-0.984375 0.105333
-0.96875 0.103034

-0.96875 0.103069
-0.953125 0.100357

-0.953125 0.100424
-0.9375 0.0970929

-0.921875 0.0930301
-0.924668 0.09375

-0.921875 0.0930107
-0.90625 0.0883971

-0.9375 0.0970663
-0.924634 0.09375

-0.90625 0.0882624
-0.890625 0.0833851

-0.890625 0.0830753
-0.875 0.0788231

-0.859375 0.0761162
-0.872651 0.078125

-0.875 0.0786004
-0.871858 0.078125

-0.859375 0.0758742
-0.84375 0.076567

-0.84375 0.0764178
-0.837517 0.078125

-0.838374 0.078125
-0.828125 0.0809319

-0.828125 0.0811991
-0.8125 0.0883591

-0.8125 0.0886733
-0.802714 0.09375

-0.804093 0.09375
-0.796875 0.0974947

-2.98438 0.0447201
-2.98653 0.046875

-3 0.104543
-2.96875 0.123928

-0.796875 0.0974555
-0.78125 0.104527

-0.78125 0.104747
-0.766343 0.109375

-2.98905 0.125
-2.96907 0.15625

-2.99546 0.15625
-2.98173 0.1875

-0.765821 0.109375
-0.765625 0.109436

-0.765452 0.109375
-0.75 0.112042

-2.96875 0.148269
-2.95312 0.155398

-2.96242 0.15625
-2.96175 0.171875

-2.96486 0.171875
-2.95312 0.186993

-2.95312 0.167113
-2.9375 0.156708

-2.94834 0.171875
-2.94107 0.1875

-2.98068 0.1875
-2.96875 0.203924

-2.9695 0.21875
-2.96875 0.220835

-2.96875 0.216915
-2.9375 0.192965

-2.96167 0.21875
-2.9375 0.24646

-2.92188 0.148097
-2.93182 0.15625

-2.90625 0.131597
-2.92107 0.140625

-2.92188 0.141181
-2.92109 0.140625

-2.9375 0.162489
-2.93163 0.15625

-2.90625 0.134942
-2.89062 0.134304

-2.89062 0.134983
-2.875 0.135181

-2.9375 0.20552
-2.93313 0.21875

-2.93632 0.21875
-2.93041 0.25

-0.75 0.112291
-0.734375 0.112831

-2.875 0.135059
-2.85938 0.134979

-2.85938 0.134827
-2.84375 0.135018

-0.734375 0.112674
-0.71875 0.110874

-0.703125 0.10748
-0.714403 0.109375

-0.71875 0.110568
-0.711649 0.109375

-2.84375 0.135005
-2.82812 0.135798

-2.82812 0.135999
-2.8125 0.137018

-0.703125 0.107495
-0.6875 0.105551

-2.8125 0.137208
-2.79688 0.137674

-2.79688 0.137703
-2.78125 0.137177

-2.78125 0.137002
-2.76562 0.135773

-2.76562 0.135518
-2.75 0.134445

-0.6875 0.105745
-0.671875 0.104406

-0.671875 0.104542
-0.65625 0.103146

-2.9715 0.25
-2.9375 0.263049

-2.9375 0.279231
-2.91513 0.25

-0.65625 0.103129
-0.640625 0.101438

-2.75 0.13436
-2.73438 0.134125

-2.73438 0.134157
-2.71875 0.134867

-2.71875 0.134963
-2.70312 0.13636

-2.70312 0.136443
-2.6875 0.138169

-0.640625 0.101324
-0.625 0.0996009

0 -0.0252882
0.015625 -0.0277949

0.015625 -0.0277428
0.03125 -0.0298803

0.046875 -0.0318886
0.0416259 -0.03125

0.046875 -0.0318674
0.0625 -0.0333593

0.03125 -0.0298162
0.0430357 -0.03125

0.0625 -0.033345
0.078125 -0.0342555

0.078125 -0.0342335
0.09375 -0.0346351

0.09375 -0.0346021
0.109375 -0.0346048

0.109375 -0.034568
0.125 -0.0343112

0.125 -0.0342784
0.140625 -0.0339011

0.140625 -0.0338722
0.15625 -0.033498

0.15625 -0.0334685
0.171875 -0.033214

0.171875 -0.0331761
0.1875 -0.0331759

0.1875 -0.0331386
0.203125 -0.0335433

0.203125 -0.0335134
0.21875 -0.0344576

0.21875 -0.0344373
0.234375 -0.0360214

0.234375 -0.0360108
0.25 -0.0382965

0.25 -0.0382981
0.265625 -0.0413033

0.265625 -0.0413702
0.28125 -0.0449578

0.296875 -0.0489022
0.288391 -0.046875

0.28125 -0.0450431
0.288917 -0.046875

0.296875 -0.0489502
0.3125 -0.0523115

0.3125 -0.0523231
0.328125 -0.0550739

0.328125 -0.055088
0.34375 -0.0571771

0.34375 -0.0571916
0.359375 -0.058562

0.359375 -0.0585682
0.375 -0.0591786

0.375 -0.0591582
0.390625 -0.0590371

0.390625 -0.0589853
0.40625 -0.0582772

0.40625 -0.0582027
0.421875 -0.0571602

0.421875 -0.0570805
0.4375 -0.0560122

-2.6875 0.138248
-2.67188 0.13998

-2.67188 0.140029
-2.6656 0.140625

-2.66558 0.140625
-2.65625 0.141511

-0.625 0.0995032
-0.609375 0.0981698

-2.65625 0.14152
-2.64062 0.142642

-2.64062 0.142603
-2.625 0.143424

-0.609375 0.0981409
-0.59375 0.0974507

-2.625 0.143358
-2.60938 0.144089

-0.59375 0.0974962
-0.578125 0.0974161

-0.578125 0.0975012
-0.5625 0.0977703

-2.60938 0.144026
-2.59375 0.144925

0.4375 -0.0559539
0.453125 -0.0551354

0.453125 -0.055111
0.46875 -0.0547078

0.46875 -0.0547056
0.484375 -0.0547708

-2.59375 0.1449
-2.57812 0.146143

-2.57812 0.146154
-2.5625 0.14777

-2.5625 0.147802
-2.54688 0.149706

-2.54688 0.149737
-2.53125 0.151805

-2.53125 0.151829
-2.51562 0.153953

-2.51562 0.15398
-2.5 0.156056

2 -0.221798
2.01562 -0.225574

2.01562 -0.225707
2.03125 -0.229105

2.03125 -0.229138
2.04688 -0.231828

2.04688 -0.231802
2.0625 -0.233772

-0.5625 0.0978591
-0.546875 0.0981298

-0.546875 0.0982168
-0.53125 0.0981372

-0.53125 0.0981929
-0.515625 0.0974776

-0.515625 0.0974245
-0.5 0.0960685

-2.5 0.156068
-2.49853 0.15625

-2.49857 0.15625
-2.48438 0.158013

-2.48438 0.158003
-2.46875 0.159797

-2.46875 0.159794
-2.45312 0.161464

-2.45312 0.161452
-2.4375 0.163026

-2.4375 0.163018
-2.42188 0.164535

-2.42188 0.164542
-2.40625 0.166004

-2.40625 0.166029
-2.39062 0.16737

-2.39062 0.167407
-2.375 0.168502

-2.375 0.168553
-2.35938 0.169225

-2.35938 0.169279
-2.34375 0.169319

-2.34375 0.169359
-2.32812 0.16858

2.07812 -0.235106
2.06992 -0.234375

2.0625 -0.233743
2.06959 -0.234375

2.07812 -0.235102
2.09375 -0.236043

-2.32812 0.168546
-2.3125 0.166938

-0.078125 -0.0005455
-0.0795904 0

-0.078125 -0.000633873
-0.0625 -0.00678671

-0.0625 -0.00686865
-0.046875 -0.0127853

-0.03125 -0.0181909
-0.038938 -0.015625

-2.3125 0.166803
-2.29688 0.164704

2.09375 -0.236
2.10938 -0.236608

-0.046875 -0.0128985
-0.0387059 -0.015625

-2.29688 0.164557
-2.28125 0.162528

-0.03125 -0.0181931
-0.015625 -0.0223204

-0.015625 -0.022227
0 -0.0253694

-0.46875 0.0929418
-0.478606 0.09375

-0.5 0.0959173
-0.484375 0.0943291

-0.484375 0.0941885
-0.479027 0.09375

-0.46875 0.0930138
-0.453125 0.0921075

-0.453125 0.0923428
-0.4375 0.0911724

-0.4375 0.0914997
-0.421875 0.0889403

-0.421875 0.0888448
-0.40625 0.0844331

-0.40625 0.0837102
-0.390625 0.0790829

-0.375 0.0761089
-0.387749 0.078125

-0.390625 0.078761
-0.386603 0.078125

2.10938 -0.236576
2.125 -0.237002

-2.28125 0.16247
-2.26562 0.160924

-2.26562 0.160963
-2.25 0.15994

-2.25 0.160029
-2.23438 0.159273

-2.23438 0.15938
-2.21875 0.158501

-2.1875 0.155023
-2.19626 0.15625

-2.21875 0.158592
-2.20312 0.157196

-2.20312 0.157282
-2.19575 0.15625

-2.1875 0.154997
-2.17188 0.152038

-2.17188 0.151935
-2.15625 0.148529

-2.15625 0.148439
-2.14062 0.14497

-2.14062 0.144948
-2.125 0.141641

-2.03125 0.122592
-2.04193 0.125

-2.03125 0.122585
-2.01562 0.118971

-2.01562 0.118959
-2 0.115284

-2.10938 0.138566
-2.11978 0.140625

-2.125 0.141595
-2.1201 0.140625

-2.10938 0.138597
-2.09375 0.135624

-2.09375 0.135654
-2.07812 0.132638

-2.07812 0.132658
-2.0625 0.129499

-2.0625 0.12951
-2.04688 0.126145

-2.04688 0.126104
-2.04198 0.125

0.484375 -0.054773
0.5 -0.0553066

-0.375 0.0763377
-0.359375 0.076572

-0.359375 0.0766698
-0.347521 0.078125

-0.352192 0.078125
-0.34375 0.0791613

-0.34375 0.0792436
-0.328125 0.0813384

-0.328125 0.0814313
-0.3125 0.0826534

-0.3125 0.0826929
-0.296875 0.0827774

-0.296875 0.0827523
-0.28125 0.0816705

2.125 -0.236989
2.14062 -0.23732

2.14062 -0.237324
2.15625 -0.237576

2.15625 -0.23759
2.17188 -0.237726

2.17188 -0.237736
2.1875 -0.23771

2.1875 -0.237708
2.20312 -0.237503

2.20312 -0.237494
2.21875 -0.237133

-0.28125 0.0815972
-0.265625 0.0795461

-0.25 0.0768086
-0.257358 0.078125

-0.265625 0.0794074
-0.258457 0.078125

-2 0.115263
-1.98438 0.11159

-1.96875 0.108029
-1.97475 0.109375

-1.98438 0.111523
-1.97481 0.109375

2.21875 -0.237128
2.23438 -0.236641

2.23438 -0.236634
2.25 -0.236046

-1.96875 0.107988
-1.95312 0.104835

-1.95312 0.104787
-1.9375 0.102148

-1.9375 0.102093
-1.92188 0.100175

-1.92188 0.100121
-1.90625 0.0991393

-0.203125 0.0608754
-0.206667 0.0625

2.25 -0.23602
2.26562 -0.235398

2.26562 -0.235365
2.28125 -0.234827

2.28125 -0.234826
2.29688 -0.23444

0.5 -0.055303
0.515625 -0.0563079

0.515625 -0.0563312
0.53125 -0.057768

0.53125 -0.0578394
0.546875 -0.0595185

0.546875 -0.0595076
0.5625 -0.061308

0.578125 -0.0633586
0.57102 -0.0625

0.578125 -0.0632997
0.59375 -0.0650694

0.59375 -0.0650267
0.609375 -0.0666118

0.609375 -0.0664976
0.625 -0.0682118

0.5625 -0.0612475
0.572864 -0.0625

-0.203125 0.0609572
-0.1875 0.0515331

0.625 -0.0680678
0.640625 -0.0704275

2.29688 -0.234464
2.3019 -0.234375

0.640625 -0.0702043
0.65625 -0.0739441

-0.25 0.0768638
-0.234375 0.0730984

0.671875 -0.0798602
0.667161 -0.078125

0.65625 -0.0737559
0.66812 -0.078125

0.671875 -0.0798942
0.6875 -0.0872595

0.703125 -0.095466
0.699629 -0.09375

0.703125 -0.0956662
0.71875 -0.102165

0.6875 -0.0875774
0.700076 -0.09375

0.71875 -0.101942
0.734375 -0.106968

0.75 -0.111181
0.74301 -0.109375

2.30175 -0.234375
2.3125 -0.234185

0.734375 -0.106816
0.744279 -0.109375

2.3125 -0.234189
2.32812 -0.233972

-1.90625 0.099097
-1.89062 0.0992436

-0.234375 0.0731395
-0.21875 0.0680173

-1.89062 0.0992179
-1.875 0.100629

-0.21875 0.0683905
-0.205907 0.0625

-0.15625 0.0299034
-0.158445 0.03125

0.75 -0.11095
0.765625 -0.114107

-0.171875 0.040348
-0.181402 0.046875

0.765625 -0.11395
0.78125 -0.116612

0.78125 -0.116749
0.796875 -0.118955

-1.875 0.100647
-1.85938 0.103339

-0.1875 0.0514993
-0.18072 0.046875

-0.171875 0.0398664
-0.158527 0.03125

2.32812 -0.233959
2.34375 -0.233822

2.34375 -0.233825
2.35938 -0.233788

2.35938 -0.233795
2.375 -0.233838

0.796875 -0.119213
0.8125 -0.120175

0.8125 -0.120317
0.828125 -0.119231

0.828125 -0.11934
0.84375 -0.115707

0.84375 -0.115523
0.859375 -0.109496

0.859375 -0.109452
0.859538 -0.109375

0.859375 -0.10917
0.875 -0.101767

2.375 -0.233823
2.39062 -0.233962

2.39062 -0.233955
2.40625 -0.234235

2.42188 -0.234645
2.41103 -0.234375

2.40625 -0.234261
2.41081 -0.234375

2.42188 -0.234662
2.4375 -0.235085

2.4375 -0.235056
2.45312 -0.23554

2.45312 -0.235541
2.46875 -0.236139

2.46875 -0.236224
2.48438 -0.236762

0.875 -0.10124
0.890625 -0.0941711

0.890625 -0.0940733
0.891571 -0.09375

0.891344 -0.09375
0.90625 -0.0886582

0.90625 -0.0887881
0.921875 -0.0852733

0.921875 -0.0853575
0.9375 -0.0832457

0.9375 -0.0831573
0.953125 -0.0824569

0.953125 -0.0822349
0.96875 -0.0835667

1 -0.0948407
0.997284 -0.09375

0.96875 -0.0834622
0.984375 -0.0874792

0.984375 -0.0877071
0.999423 -0.09375

-0.15625 0.0298171
-0.140625 0.0216149

-0.125 0.0153421
-0.125694 0.015625

2.48438 -0.236871
2.5 -0.236963

-1.85938 0.103421
-1.84375 0.107196

-1.84375 0.107233
-1.83621 0.109375

-1.83681 0.109375
-1.82812 0.111841

-1.82812 0.111789
-1.8125 0.116576

-1.8125 0.116661
-1.79688 0.121574

-1.79688 0.121727
-1.78534 0.125

2.5 -0.237006
2.51562 -0.236347

2.51562 -0.23633
2.53125 -0.234867

-0.140625 0.0216125
-0.125945 0.015625

-1.78614 0.125
-1.78125 0.126387

-0.125 0.0155974
-0.109375 0.0103428

-1.78125 0.126477
-1.76562 0.129486

-1.76562 0.129615
-1.75 0.13044

2.53125 -0.234841
2.53553 -0.234375

2.53283 -0.234375
2.54688 -0.232845

2.54688 -0.232772
2.5625 -0.23162

2.5625 -0.231864
2.57812 -0.231031

-0.109375 0.0105451
-0.09375 0.00529946

-0.09375 0.00539737
-0.0792504 0

-1.71875 0.124387
-1.72104 0.125

-1.71875 0.124225
-1.70312 0.118286

-1.70312 0.118041
-1.6875 0.111206

2.57812 -0.231126
2.59375 -0.229934

-1.67188 0.104266
-1.68402 0.109375

-1.6875 0.110978
-1.68369 0.109375

2.59375 -0.229802
2.60938 -0.228326

2.60938 -0.228289
2.625 -0.226866

-1.67188 0.104016
-1.65625 0.0989311

-1.65625 0.098723
-1.64062 0.0961065

2.625 -0.22691
2.64062 -0.225524

2.64062 -0.225618
2.65625 -0.223992

2.65625 -0.224146
2.67188 -0.221783

-1.64062 0.0960412
-1.625 0.09644

1.09375 -0.127313
1.086 -0.125

-1.75 0.130511
-1.73438 0.128748

1.09375 -0.127333
1.10938 -0.131075

2.67188 -0.221851
2.68631 -0.21875

1.10938 -0.131029
1.125 -0.133889

-1.73438 0.128598
-1.72095 0.125

1 -0.0946811
1.01562 -0.101359

-1.625 0.0966156
-1.60938 0.0998091

2.68362 -0.21875
2.6875 -0.217917

2.6875 -0.217991
2.70312 -0.214516

2.70312 -0.214627
2.71875 -0.211634

1.01562 -0.101356
1.03125 -0.107224

-1.60938 0.100284
-1.59375 0.104972

-1.59375 0.105474
-1.57908 0.109375

2.71875 -0.211722
2.73438 -0.208813

-1.58041 0.109375
-1.57812 0.109984

1.04688 -0.112345
1.03796 -0.109375

2.73438 -0.208877
2.75 -0.205748

1.03125 -0.107175
1.03786 -0.109375

-1.57812 0.1099
-1.5625 0.111971

-1.5625 0.111697
-1.54688 0.111763

-1.54688 0.111489
-1.53125 0.110648

-1.53125 0.110474
-1.51562 0.109622

-1.5 0.109146
-1.50822 0.109375

-1.51562 0.10958
-1.50827 0.109375

1.04688 -0.112166
1.0625 -0.117228

1.0625 -0.117311
1.07812 -0.122451

1.07812 -0.122638
1.08604 -0.125

2.75 -0.205686
2.76307 -0.203125

2.76016 -0.203125
2.76562 -0.202053

2.76562 -0.202368
2.78125 -0.200011

2.78125 -0.200346
2.79688 -0.198242

1.125 -0.133821
1.14062 -0.136028

1.14062 -0.13591
1.15625 -0.137838

1.15625 -0.137687
1.17188 -0.139875

1.1875 -0.14268
1.17618 -0.140625

1.17188 -0.139803
1.1764 -0.140625

2.79688 -0.198583
2.8125 -0.195381

1.1875 -0.142741
1.20312 -0.14617

1.20312 -0.146316
1.21875 -0.149899

2.8125 -0.195341
2.82812 -0.19044

2.82812 -0.189538
2.83524 -0.1875

1.21875 -0.149966
1.23438 -0.153275

1.23438 -0.153283
1.25 -0.15617

-1.5 0.109199
-1.48438 0.109153

-1.48438 0.109224
-1.46875 0.109318

1.26562 -0.158663
1.25075 -0.15625

1.26562 -0.158666
1.28125 -0.160927

1.25 -0.15614
1.25068 -0.15625

-1.46875 0.109348
-1.45461 0.109375

-1.45411 0.109375
-1.45312 0.109377

-1.45312 0.109366
-1.4375 0.109294

-1.45312 0.109377
-1.4526 0.109375

-1.4375 0.109276
-1.42188 0.109164

-1.42188 0.109167
-1.40625 0.109045

-1.40625 0.109067
-1.39062 0.108882

-1.39062 0.108904
-1.375 0.108568

2.8345 -0.1875
2.84375 -0.18485

2.84375 -0.185256
2.85938 -0.18262

2.85938 -0.183091
2.875 -0.180724

1.28125 -0.160913
1.29688 -0.162926

2.875 -0.181142
2.89062 -0.177266

-1.375 0.108568
-1.35938 0.108035

2.89062 -0.177164
2.90497 -0.171875

2.90272 -0.171875
2.90625 -0.170572

1.29688 -0.162827
1.3125 -0.164817

1.3125 -0.164533
1.32812 -0.167265

1.32812 -0.16728
1.34375 -0.171294

-1.35938 0.108008
-1.34375 0.10733

-1.34375 0.107284
-1.32812 0.10661

2.90625 -0.170447
2.92188 -0.164915

-1.32812 0.106564
-1.3125 0.106079

1.35938 -0.176469
1.34523 -0.171875

2.92188 -0.165921
2.9375 -0.160259

1.34375 -0.171334
1.34542 -0.171875

-1.3125 0.106052
-1.29688 0.105903

-1.29688 0.1059
-1.28125 0.106148

2.9375 -0.161109
2.9455 -0.15625

-1.28125 0.106164
-1.26562 0.106782

1.35938 -0.17662
1.375 -0.18225

2.94565 -0.15625
2.95312 -0.151494

2.95312 -0.151297
2.96334 -0.140625

2.96434 -0.140625
2.96875 -0.134249

2.96875 -0.126181
2.96955 -0.125

2.97398 -0.125
2.98641 -0.09375

2.98438 -0.0754012
2.98263 -0.0625

2.9882 -0.09375
2.98877 -0.078125

2.98438 -0.0686824
2.98569 -0.078125

2.98414 -0.0625
2.98438 -0.0483728

2.98429 -0.046875
2.98438 -0.0456631

2.98438 -0.0317924
2.98441 -0.03125

1.39062 -0.188772
1.38744 -0.1875

1.39062 -0.188497
1.40625 -0.195301

1.40625 -0.196336
1.42188 -0.201254

1.4375 -0.203505
1.43594 -0.203125

1.42188 -0.199851
1.43532 -0.203125

-1.26562 0.10681
-1.25 0.10771

2.98453 -0.03125
2.98816 -0.015625

2.98911 -0.015625
2.99418 0

1.375 -0.181981
1.38884 -0.1875

-1.25 0.107745
-1.23438 0.108803

-1.23438 0.108833
-1.22648 0.109375

-1.22667 0.109375
-1.21875 0.109919

1.46875 -0.22219
1.46354 -0.21875

2.99546 0
2.99752 0.015625

2.99497 0.015625
2.99061 0.03125

1.45312 -0.210131
1.43844 -0.203125

-1.21875 0.109928
-1.20312 0.110909

-1.20312 0.110921
-1.1875 0.111755

2.99024 0.03125
2.98698 0.046875

2.98922 0.046875
2.98931 0.0625

2.98911 0.0625
2.98848 0.078125

-1.1875 0.111761
-1.17188 0.112412

-1.17188 0.11241
-1.15625 0.112872

2.98858 0.078125
2.98742 0.09375

2.98538 0.09375
2.98981 0.125

2.9375 0.215274
2.93178 0.21875

1.4375 -0.202659
1.43852 -0.203125

1.45312 -0.211303
1.46438 -0.21875

-1.15625 0.112866
-1.14062 0.113155

-1.14062 0.113148
-1.125 0.113287

2.9319 0.21875
2.92047 0.25

2.96875 0.156176
2.96865 0.15625

2.96875 0.157571
2.9616 0.171875

2.96396 0.171875
2.96465 0.1875

1.46875 -0.223206
1.48438 -0.230937

-1.125 0.113285
-1.10938 0.11329

1.48438 -0.230468
1.5 -0.233736

-1.10938 0.113295
-1.09375 0.113161

-1.09375 0.113172
-1.07812 0.112867

2.98387 0.125
2.98909 0.15625

2.96875 0.182075
3 0.185955

2.96875 0.188047
2.94606 0.21875

-1.07812 0.112881
-1.0625 0.112354

-1.0625 0.112366
-1.04688 0.111563

-1.04688 0.111568
-1.03125 0.110457

-1.01562 0.109029
-1.01942 0.109375

-1.03125 0.110453
-1.01942 0.109375

-1.01562 0.109022
-1 0.107307

2.95007 0.21875
2.96875 0.246183

2.96875 0.21191
2.98707 0.1875

2.97093 0.21875
2.96908 0.25

2.91211 0.25
2.9375 0.27894

2.9375 0.270086
2.99382 0.25

3 -0.0967466
3.00134 -0.09375

3 -0.0783092
3.00103 -0.0625

3.0625 -0.00815786
3.04038 0

3.125 -0.006873
3.08745 0

3.25 -0.0052574
3.20339 0

3.5 -0.00377098
3.40084 0

3 0.0276365
3.03125 0.0301292

3.02408 0.03125
3.02647 0.0625

3.03125 0.0135837
3.04882 0

3.02414 0.0625
3.03125 0.0840456

3.03125 0.119579
3.02889 0.125

3.03125 0.0790842
3.033 0.09375

3.03125 0.118079
3.03561 0.09375

3.0625 0.0126806
3.09184 0

3 0.167694
3.02841 0.125

3 0.195412
3.00351 0.1875

3.125 0.00865122
3.19022 0

3.25 0.00372156
3.34663 0

4 -0.00534582
3.53313 0

