-4 -0.0025622
-3.781 0

-3.62414 0
-3.5 0.00145235

-3.5 -0.00153753
-3.46228 0

-3.25 -0.00209706
-3.23262 0

-3.125 -0.00280336
-3.11421 0

-3 -0.0859802
-3.00368 -0.0625

-3.0625 -0.00195263
-3.058 0

-3.00052 -0.0625
-3 -0.0538451

-3 -0.00941172
-3.00198 0

1.5 0.128482
1.51562 0.130122

1.51562 0.130234
1.53125 0.131911

1.53125 0.131955
1.54688 0.133358

1.54688 0.133356
1.5625 0.134401

-3.40625 0
-3.25 0.00643156

-3.21776 0
-3.125 0.0123194

-3.11058 0
-3.0625 0.0203777

-3.0625 0.00917967
-3.03304 0.03125

-3.03856 0.03125
-3.03125 0.043666

1.5625 0.13437
1.57812 0.135123

1.57812 0.135066
1.59375 0.135705

1.59375 0.135625
1.60938 0.136425

1.60938 0.136341
1.625 0.137629

-3 0.0294736
-3.00615 0.03125

1.625 0.137631
1.64062 0.139569

1.64062 0.139661
1.64624 0.140625

1.64761 0.140625
1.65625 0.14211

1.65625 0.141959
1.67188 0.145979

1.67188 0.146
1.6875 0.151806

1.6875 0.151919
1.69682 0.15625

1.69665 0.15625
1.70312 0.159256

1.70312 0.159398
1.71875 0.167443

-3.03125 0.0500479
-3.02402 0.0625

-3.03621 0.0625
-3.03125 0.0776136

-3.03125 0.0710502
-3.02141 0.09375

-3.01387 0.09375
-3.0076 0.125

-3.02036 0.125
-3 0.162313

1.71875 0.167675
1.72694 0.171875

1.72699 0.171875
1.73438 0.175662

1.73438 0.175711
1.75 0.18319

0 -0.111556
0.015625 -0.109766

-2.96875 -0.247362
-2.96886 -0.21875

-2.96875 -0.187619
-2.96886 -0.1875

-2.9375 -0.221056
-2.93982 -0.21875

-2.9375 -0.187637
-2.93761 -0.1875

-2.9375 -0.182683
-2.94501 -0.171875

-2.94596 -0.171875
-2.95307 -0.15625

-2.95312 -0.148793
-2.95735 -0.140625

-2.96875 -0.127709
-2.96133 -0.140625

0.015625 -0.109759
0.017222 -0.109375

0.0174143 -0.109375
0.03125 -0.106051

0.03125 -0.105464
0.046875 -0.100841

1.75 0.183399
1.75969 0.1875

0.046875 -0.10067
0.0625 -0.0966823

0.0625 -0.0969989
0.0762191 -0.09375

0.078125 -0.0935516
0.09375 -0.0890002

0.09375 -0.0884816
0.109375 -0.0836656

1.76019 0.1875
1.76562 0.189799

1.76562 0.189686
1.78125 0.195661

0.109375 -0.0834391
0.125 -0.0798487

0.125 -0.0799125
0.138422 -0.078125

0.140625 -0.0781127
0.15625 -0.0768514

0.15625 -0.0769757
0.171875 -0.0757645

-2.95312 -0.152273
-2.95107 -0.15625

0.171875 -0.0756972
0.1875 -0.074422

1.78125 0.195683
1.79688 0.201473

1.79688 0.201674
1.80103 0.203125

1.80163 0.203125
1.8125 0.206924

1.8125 0.206889
1.82812 0.212119

1.82812 0.212162
1.84375 0.217264

1.84375 0.217803
1.84749 0.21875

1.84787 0.21875
1.85938 0.221658

1.85938 0.222703
1.875 0.222526

-0.921875 -0.923888
-0.928627 -0.921875

-2.92188 -0.201584
-2.93501 -0.1875

0.1875 -0.0743109
0.203125 -0.0733287

-0.925875 -0.921875
-0.921875 -0.921044

-0.921875 -0.919853
-0.920478 -0.921875

0.203125 -0.0730695
0.21875 -0.0731212

-2.92188 -0.204074
-2.90625 -0.210919

-2.92188 -0.200824
-2.91708 -0.203125

-2.90625 -0.209048
-2.89062 -0.205169

0.21875 -0.0728232
0.234375 -0.0750232

-0.906244 -0.921875
-0.906238 -0.90625

0.25 -0.0808401
0.242539 -0.078125

-2.89062 -0.203492
-2.88993 -0.203125

1.89062 0.216517
1.88335 0.21875

-2.88991 -0.203125
-2.875 -0.195265

-2.9375 -0.183609
-2.93475 -0.1875

0.234375 -0.074313
0.24485 -0.078125

-0.90625 -0.906219
-0.906212 -0.90625

0.3125 -0.14259
0.310409 -0.140625

0.312137 -0.140625
0.3125 -0.140595

0.3125 -0.14004
0.313082 -0.140625

0.28125 -0.0968543
0.274669 -0.09375

0.25 -0.0814961
0.265625 -0.0890954

0.265625 -0.0887297
0.276267 -0.09375

0.28125 -0.0972729
0.296875 -0.102802

0.296875 -0.102817
0.3125 -0.104687

0.3125 -0.103785
0.328125 -0.103772

0.328125 -0.103764
0.34375 -0.10369

0.359375 -0.109762
0.357268 -0.109375

0.34375 -0.10243
0.359375 -0.104805

0.375 -0.116994
0.36315 -0.109375

0.359375 -0.100961
0.373448 -0.109375

0.375 -0.11965
0.390606 -0.125

0.390625 -0.121482
0.40625 -0.116894

0.40625 -0.115533
0.421875 -0.110772

0.421875 -0.111244
0.428311 -0.109375

0.434321 -0.109375
0.4375 -0.108452

0.4375 -0.106977
0.453125 -0.10118

0.453125 -0.100331
0.46875 -0.0958126

0.46875 -0.0960835
0.484375 -0.0939997

0.484375 -0.0947535
0.4915 -0.09375

0.495932 -0.09375
0.5 -0.093177

-1 -0.173249
-0.99111 -0.171875

-0.984375 -0.171603
-0.96875 -0.16986

-0.96875 -0.169569
-0.953125 -0.16799

1.89062 0.215173
1.90625 0.210868

1.875 0.222032
1.88569 0.21875

1.90625 0.210931
1.92188 0.210552

1.92188 0.21124
1.9375 0.213286

1.9375 0.213622
1.95312 0.216043

1.95312 0.216077
1.96875 0.21813

1.96875 0.218084
1.97472 0.21875

1.97497 0.21875
1.98438 0.2198

1.98438 0.219715
2 0.221468

2 0.221476
2.01562 0.223416

2.01562 0.223436
2.03125 0.225509

2.03125 0.225509
2.04688 0.227678

2.04688 0.227661
2.0625 0.229959

2.0625 0.229947
2.07812 0.232429

2.07812 0.23248
2.08949 0.234375

2.08968 0.234375
2.09375 0.235053

2.09375 0.234992
2.10938 0.237807

2.10938 0.237791
2.125 0.241018

2.125 0.241023
2.14062 0.244686

2.14062 0.244735
2.15625 0.248727

2.15625 0.248753
2.16078 0.25

2.16111 0.25
2.17188 0.252961

0.5 -0.0926928
0.515625 -0.0885872

-2.96875 -0.124449
-2.98213 -0.09375

2.17188 0.252972
2.1875 0.257687

2.1875 0.257779
2.20312 0.262756

2.20312 0.262858
2.21181 0.265625

2.21227 0.265625
2.21875 0.267689

2.21875 0.267708
2.23438 0.272734

2.23438 0.272804
2.25 0.277865

0.515625 -0.08753
0.53125 -0.083856

2.25 0.277872
2.26079 0.28125

2.26054 0.28125
2.26562 0.282842

2.26562 0.282871
2.28125 0.287359

2.28125 0.287358
2.29688 0.29128

2.29688 0.291245
2.3125 0.294671

0.53125 -0.0841134
0.546875 -0.0824706

-2.98679 -0.09375
-2.99012 -0.078125

0.546875 -0.0829192
0.5625 -0.0818953

2.3125 0.294731
2.32378 0.296875

0.5625 -0.0819264
0.578125 -0.080562

-2.98444 -0.078125
-2.98438 -0.0777458

0.578125 -0.0804669
0.59375 -0.0788897

0.59375 -0.0789514
0.600252 -0.078125

-2.98438 -0.0908279
-2.98392 -0.09375

0.60224 -0.078125
0.609375 -0.0772181

-0.953125 -0.167958
-0.9375 -0.167189

-2.98405 -0.078125
-2.98183 -0.0625

-2.96875 -0.124282
-2.96845 -0.125

-2.98376 -0.0625
-2.98418 -0.046875

-2.9838 -0.046875
-2.98378 -0.03125

-2.98438 -0.00559566
-2.98438 0

-2.98387 -0.03125
-2.98398 -0.015625

0.609375 -0.076813
0.625 -0.0745996

2.32473 0.296875
2.32812 0.29752

2.32812 0.29761
2.34375 0.300189

0.625 -0.074596
0.640625 -0.0727298

0.640625 -0.072829
0.65625 -0.0711188

-2.984 -0.015625
-2.98402 0

-2.875 -0.194625
-2.86109 -0.1875

-2.86091 -0.1875
-2.85938 -0.186716

-2.85938 -0.186477
-2.84375 -0.180273

-2.84375 -0.180259
-2.82812 -0.176192

-2.82812 -0.176162
-2.8125 -0.174319

-2.8125 -0.174451
-2.79688 -0.174625

-2.79688 -0.174653
-2.78125 -0.176523

-2.78125 -0.176739
-2.76562 -0.179816

-2.76562 -0.179744
-2.75 -0.183741

-2.73438 -0.189554
-2.74202 -0.1875

-2.73438 -0.18943
-2.71875 -0.190853

-2.71875 -0.190999
-2.70423 -0.1875

-2.75 -0.183686
-2.73581 -0.1875

-2.70418 -0.1875
-2.70312 -0.187246

-2.70177 -0.1875
-2.6875 -0.176792

-2.6875 -0.17816
-2.68203 -0.171875

-2.68352 -0.171875
-2.67484 -0.15625

-2.68387 -0.15625
-2.67384 -0.140625

-2.68589 -0.140625
-2.67188 -0.134107

-2.67188 -0.142542
-2.65625 -0.148553

-2.67188 -0.138314
-2.6667 -0.140625

-2.64062 -0.172338
-2.64114 -0.171875

-2.64116 -0.171875
-2.65605 -0.15625

-2.64062 -0.172078
-2.625 -0.184255

-2.65625 -0.154336
-2.65469 -0.15625

-2.60938 -0.192888
-2.61937 -0.1875

-2.60938 -0.192494
-2.59375 -0.197542

-2.59375 -0.197101
-2.57812 -0.200283

-2.57812 -0.199917
-2.5625 -0.202847

-2.625 -0.184249
-2.61897 -0.1875

-2.5625 -0.203438
-2.54688 -0.205709

-2.5625 -0.202819
-2.5604 -0.203125

-2.54688 -0.20642
-2.53125 -0.205429

-2.53125 -0.206052
-2.5252 -0.203125

-2.52387 -0.203125
-2.51562 -0.198872

-2.51562 -0.196924
-2.50469 -0.1875

-2.50576 -0.1875
-2.5 -0.182145

-2.98444 0
-2.98438 0.00327866

-2.98451 0.015625
-2.98438 0.0227313

-2.98405 0
-2.98385 0.015625

-2.98373 0.015625
-2.98344 0.03125

-2.98349 0.03125
-2.98322 0.046875

-2.98326 0.046875
-2.98289 0.0625

-2.98298 0.0625
-2.98226 0.078125

-2.98261 0.078125
-2.98068 0.09375

-2.98214 0.09375
-2.96875 0.124728

-2.96875 0.118747
-2.96547 0.125

-3 0.167979
-2.96875 0.182997

-2.96671 0.125
-2.95803 0.140625

-2.95839 0.140625
-2.95312 0.153475

-2.95312 0.146283
-2.94904 0.15625

-2.95312 0.15934
-2.95506 0.171875

-2.95312 0.181352
-2.96325 0.1875

-2.94972 0.15625
-2.94788 0.171875

-2.94456 0.171875
-2.95259 0.1875

-2.99314 0.1875
-2.96875 0.197688

-2.94675 0.1875
-2.9375 0.194495

-2.93892 0.21875
-2.94113 0.25

-2.9375 0.200831
-2.92315 0.203125

-2.9375 0.209544
-2.92761 0.203125

-2.92188 0.206833
-2.91041 0.21875

-2.9375 0.228666
-2.90979 0.21875

-2.90625 0.242738
-2.90255 0.25

-2.94076 0.25
-2.9375 0.257562

0.65625 -0.0710437
0.671875 -0.0694415

0.671875 -0.0694008
0.6875 -0.0681385

0.6875 -0.0681936
0.703125 -0.0672423

0.703125 -0.0672946
0.71875 -0.0664394

0.71875 -0.0665138
0.734375 -0.0655016

0.734375 -0.065644
0.75 -0.0640413

0.75 -0.0644222
0.758728 -0.0625

0.759857 -0.0625
0.765625 -0.0612296

0.765625 -0.0605095
0.78125 -0.0554106

0.78125 -0.0549653
0.796875 -0.0502436

0.796875 -0.0510017
0.809347 -0.046875

0.811793 -0.046875
0.8125 -0.0466409

0.8125 -0.0455691
0.828125 -0.0389605

0.828125 -0.0383341
0.84375 -0.0322653

0.84375 -0.033025
0.847982 -0.03125

0.849297 -0.03125
0.859375 -0.0270231

0.859375 -0.0256285
0.875 -0.018757

0.875 -0.0192162
0.883504 -0.015625

0.88661 -0.015625
0.890625 -0.0139294

0.890625 -0.0126
0.90625 -0.0053934

0.90625 -0.0050159
0.918531 0

0.921875 0.000796573
0.9375 0.00673774

0.9375 0.0073039
0.953125 0.0125185

0.953125 0.0122902
0.966767 0.015625

0.966884 0.015625
0.96875 0.0160812

0.96875 0.0161518
0.984375 0.0189485

0.984375 0.0186358
1 0.020944

-0.9375 -0.167044
-0.921875 -0.167441

-0.921875 -0.167655
-0.90625 -0.16908

-0.90625 -0.168927
-0.890625 -0.171258

2.34375 0.300228
2.35938 0.302431

2.35938 0.302421
2.375 0.304192

-2.9375 0.256855
-2.90625 0.280263

2.375 0.30418
2.39062 0.305562

2.39062 0.305553
2.40625 0.306591

-0.875 -0.175242
-0.88671 -0.171875

-2.9091 0.28125
-2.90625 0.282651

-0.890625 -0.170897
-0.887225 -0.171875

2.40625 0.306591
2.42188 0.307304

2.42188 0.307309
2.4375 0.307685

-2.89922 0.25
-2.89062 0.263176

-2.90625 0.279731
-2.89062 0.276887

-2.89062 0.256606
-2.88286 0.265625

-2.88319 0.265625
-2.878 0.28125

-2.90625 0.282277
-2.875 0.289684

-2.875 0.278263
-2.87239 0.28125

-0.84375 -0.220365
-0.846021 -0.21875

-0.844902 -0.21875
-0.856988 -0.203125

2.4375 0.307695
2.45312 0.307702

2.45312 0.307714
2.46875 0.307307

-2.87337 0.28125
-2.85938 0.293255

2.46875 0.30732
2.48438 0.306451

-0.851421 -0.203125
-0.859128 -0.1875

2.48438 0.306456
2.5 0.305089

-2.875 0.309621
-2.86309 0.3125

-2.85938 0.293665
-2.8574 0.296875

-2.85459 0.296875
-2.85674 0.3125

-2.86972 0.3125
-2.84375 0.318452

1 0.0208165
1.01562 0.0235167

-2.84375 0.323198
-2.83609 0.328125

-0.84375 -0.220725
-0.828125 -0.222496

-2.82812 0.334525
-2.84368 0.34375

-2.82812 0.327778
-2.82783 0.328125

1.01562 0.0236442
1.03125 0.0267364

2.96875 -0.221103
2.97117 -0.21875

1.03125 0.026827
1.04688 0.0298751

-2.82812 0.338665
-2.82772 0.328125

-0.828125 -0.221784
-0.822951 -0.21875

-2.84375 0.343919
-2.84093 0.34375

-0.825339 -0.21875
-0.8125 -0.205916

2.98438 -0.0830759
2.97429 -0.078125

1.04688 0.0298617
1.05456 0.03125

2.97612 -0.078125
2.97335 -0.0625

-2.8125 0.358632
-2.79948 0.359375

1.05441 0.03125
1.0625 0.0327106

-2.8125 0.360649
-2.79688 0.360649

2.98438 -0.0836381
3 -0.0802282

-0.875 -0.172632
-0.859375 -0.185521

2.98662 -0.078125
2.98937 -0.0625

1.0625 0.0325274
1.07812 0.0354603

2.96947 -0.0625
2.98438 -0.0558846

-0.859375 -0.18446
-0.857144 -0.1875

1.07812 0.0354238
1.09375 0.0388806

2.98418 -0.046875
2.98438 -0.0468063

1.09375 0.0389586
1.10938 0.0428565

-0.8125 -0.153529
-0.813602 -0.140625

-2.5 -0.180479
-2.48632 -0.171875

-0.814403 -0.140625
-0.812639 -0.125

2.98438 -0.0573494
3 -0.0612111

1.10938 0.0429888
1.12487 0.046875

2.98438 -0.0465574
2.99128 -0.046875

-2.48723 -0.171875
-2.48438 -0.170378

-0.8125 -0.206066
-0.810775 -0.203125

2.71875 0.248571
2.71618 0.25

-2.48438 -0.174193
-2.47461 -0.171875

2.71875 0.248495
2.73438 0.24109

2.73438 0.241201
2.75 0.235209

-0.81142 -0.203125
-0.80716 -0.1875

1.125 0.0469287
1.14062 0.0505599

-0.808701 -0.1875
-0.809482 -0.171875

1.14062 0.0505035
1.15625 0.0539169

2.5 0.305094
2.51562 0.303209

2.51562 0.303219
2.53125 0.300783

1.15625 0.0537595
1.17188 0.0573826

1.17188 0.0573285
1.1875 0.0615842

1.1875 0.0616526
1.19046 0.0625

1.18966 0.0625
1.20312 0.0663585

-0.809897 -0.171875
-0.811809 -0.15625

-0.8125 -0.152517
-0.812181 -0.15625

2.53125 0.300833
2.54688 0.297726

2.5625 0.293825
2.55028 0.296875

-2.48438 -0.17129
-2.46875 -0.167581

-2.46875 -0.168731
-2.45312 -0.167445

1.20312 0.0663498
1.21875 0.0704729

-2.45312 -0.167536
-2.4375 -0.167643

-0.765625 -0.154028
-0.776927 -0.140625

2.54688 0.297784
2.55052 0.296875

-0.773868 -0.140625
-0.771289 -0.125

1.21875 0.0703491
1.23438 0.0743081

-2.4375 -0.16752
-2.42188 -0.169084

1.23438 0.0743522
1.24926 0.078125

2.5625 0.29369
2.57812 0.289275

-0.765625 -0.147618
-0.75 -0.153029

2.57812 0.289086
2.59375 0.28483

-0.812925 -0.125
-0.8125 -0.124155

1.2496 0.078125
1.25 0.0782255

-0.8125 -0.119758
-0.803105 -0.109375

-2.40625 -0.172436
-2.40939 -0.171875

-2.42188 -0.16927
-2.40732 -0.171875

-0.803906 -0.109375
-0.796875 -0.105176

1.25025 0.078125
1.26562 0.0824448

-0.796875 -0.107773
-0.78125 -0.104879

1.26562 0.0825073
1.28125 0.0877113

-2.40625 -0.172578
-2.39062 -0.175214

1.28125 0.0879062
1.29688 0.0934108

2.625 0.279387
2.61166 0.28125

1.29688 0.0934263
1.29779 0.09375

2.59375 0.284596
2.60938 0.281345

-0.78125 -0.107053
-0.765625 -0.104474

2.60938 0.281335
2.60998 0.28125

-2.39062 -0.17516
-2.375 -0.176823

1.29804 0.09375
1.3125 0.0988882

1.3125 0.0990761
1.32812 0.104447

-2.375 -0.176662
-2.35938 -0.177785

1.32812 0.104562
1.34375 0.109157

-0.764955 -0.125
-0.756738 -0.109375

-0.75 -0.103005
-0.761993 -0.09375

-2.35938 -0.177636
-2.34375 -0.178839

-2.34375 -0.178836
-2.32812 -0.180421

1.34375 0.109175
1.34452 0.109375

1.34554 0.109375
1.35938 0.112948

2.625 0.279536
2.64062 0.277674

1.35938 0.113039
1.375 0.116814

-0.765625 -0.0927231
-0.75 -0.092507

-2.32812 -0.180528
-2.3125 -0.182287

2.64062 0.277898
2.65625 0.275565

1.375 0.116773
1.39062 0.120231

2.65625 0.275947
2.67188 0.27193

-2.3125 -0.182403
-2.29688 -0.183891

2.67188 0.271637
2.6875 0.265758

1.39062 0.120284
1.40625 0.123403

-0.75 -0.148319
-0.734375 -0.14693

1.40625 0.123629
1.41511 0.125

-2.29688 -0.183936
-2.28125 -0.184834

2.70312 0.258275
2.68848 0.265625

-2.28125 -0.184825
-2.26562 -0.185057

-0.734375 -0.147405
-0.71875 -0.14842

1.41676 0.125
1.42188 0.12579

2.6875 0.265728
2.68771 0.265625

1.42188 0.125989
1.4375 0.127361

-2.26562 -0.185016
-2.25 -0.184682

-0.724433 -0.140625
-0.71875 -0.138612

2.70312 0.25738
2.71639 0.25

1.4375 0.127332
1.45312 0.127634

1.45312 0.127374
1.46875 0.127184

-2.25 -0.184646
-2.23438 -0.183904

2.76521 0.171875
2.75834 0.1875

2.76562 0.181459
2.77595 0.171875

-2.23438 -0.183878
-2.21875 -0.182853

-0.703125 -0.156557
-0.703884 -0.15625

-2.21875 -0.182831
-2.20312 -0.181619

-0.703125 -0.158073
-0.6875 -0.163165

2.78125 0.171573
2.79688 0.171215

-0.71875 -0.150293
-0.703125 -0.153518

-2.20312 -0.181606
-2.1875 -0.180277

-0.706357 -0.140625
-0.709645 -0.125

1.46875 0.126974
1.48438 0.127232

-2.1875 -0.180265
-2.17188 -0.178866

1.48438 0.127244
1.5 0.128343

-0.703125 -0.14595
-0.702653 -0.140625

-0.703125 -0.135647
-0.694759 -0.140625

2.79942 0.171875
2.8125 0.177733

2.76064 0.1875
2.76562 0.196837

2.76562 0.190688
2.77411 0.203125

-0.6875 -0.162866
-0.671875 -0.161811

-0.671875 -0.161403
-0.658301 -0.15625

-2.17188 -0.178864
-2.15625 -0.177425

-2.15625 -0.177427
-2.14062 -0.175949

2.77827 0.203125
2.78125 0.206126

2.75 0.231489
2.76562 0.234081

-0.6875 -0.143794
-0.685123 -0.140625

-0.681041 -0.140625
-0.671875 -0.137162

-0.671875 -0.138731
-0.659589 -0.125

-0.65625 -0.154525
-0.640625 -0.145944

2.7636 0.234375
2.76562 0.234762

2.76562 0.234232
2.767 0.234375

-2.14062 -0.176015
-2.125 -0.17436

-0.640625 -0.144433
-0.635677 -0.140625

-0.632725 -0.140625
-0.625 -0.13215

2.76562 0.235389
2.77914 0.25

2.78125 0.204187
2.7926 0.21875

-2.125 -0.17446
-2.10938 -0.172296

-2.10938 -0.172144
-2.10757 -0.171875

-0.746786 -0.109375
-0.748224 -0.09375

-0.75 -0.0892605
-0.744659 -0.09375

-0.706994 -0.125
-0.706682 -0.109375

-0.711561 -0.109375
-0.703125 -0.0952516

-2.10844 -0.171875
-2.09375 -0.169683

-0.703125 -0.0949375
-0.701712 -0.09375

2.79123 0.21875
2.79551 0.234375

-0.694267 -0.09375
-0.6875 -0.0906438

-2.09375 -0.169604
-2.07812 -0.167832

-2.07812 -0.167747
-2.0625 -0.166884

-2.0625 -0.167044
-2.04688 -0.166938

2.79688 0.246496
2.79596 0.25

-2.04688 -0.167043
-2.03125 -0.167162

-0.659586 -0.125
-0.658574 -0.109375

-2.03125 -0.167165
-2.01562 -0.167291

2.79688 0.240173
2.79912 0.25

-2.01562 -0.167338
-2 -0.167373

-0.671875 -0.0938289
-0.658996 -0.109375

-0.6875 -0.088759
-0.671875 -0.0936776

-0.625 -0.132265
-0.619895 -0.125

2.8125 0.179944
2.82509 0.1875

-0.621867 -0.125
-0.614258 -0.109375

-0.615955 -0.109375
-0.609375 -0.100575

-0.609375 -0.0962893
-0.602742 -0.09375

-0.605112 -0.09375
-0.59375 -0.0911467

-0.578125 -0.118358
-0.585549 -0.109375

-0.578125 -0.107954
-0.593637 -0.09375

-0.578125 -0.115144
-0.562712 -0.125

-0.578125 -0.108127
-0.577055 -0.109375

-0.59375 -0.0910671
-0.588637 -0.09375

-0.5625 -0.123237
-0.546875 -0.122599

-0.546875 -0.122136
-0.53125 -0.115547

-2.45312 0.437716
-2.45291 0.4375

2.84374 0.15625
2.8325 0.171875

2.83894 0.171875
2.82822 0.1875

-0.53125 -0.114967
-0.522685 -0.109375

-0.523105 -0.109375
-0.515625 -0.104492

2.85938 0.130628
2.85343 0.140625

2.85938 0.144745
2.85261 0.15625

2.85938 0.135569
2.875 0.126759

2.85938 0.142917
2.86107 0.140625

2.84962 0.15625
2.85127 0.171875

2.84375 0.173275
2.85938 0.1776

-0.515625 -0.102958
-0.5 -0.0939232

2.85938 0.166471
2.86199 0.171875

2.8611 0.171875
2.875 0.184665

2.82372 0.1875
2.82812 0.194115

2.82812 0.1932
2.83168 0.203125

2.83208 0.203125
2.83943 0.21875

2.83949 0.21875
2.84375 0.230228

2.8434 0.234375
2.84375 0.235101

2.84375 0.226086
2.8469 0.234375

2.84375 0.23853
2.85358 0.25

2.875 0.247617
2.87113 0.25

2.95312 0.123517
2.94887 0.125

2.95312 0.121784
2.96875 0.124495

2.98432 0.078125
2.98438 0.079135

2.98438 0.077959
3 0.0779671

2.98438 0.0797543
3 0.079598

2.96875 0.116567
3 0.114305

2.875 0.133139
2.89062 0.135337

2.89062 0.135021
2.90625 0.136206

-0.5 -0.0939015
-0.499465 -0.09375

-2 -0.167363
-1.98438 -0.167231

-0.499537 -0.09375
-0.484375 -0.0894551

2.875 0.185577
2.87641 0.1875

2.90625 0.137006
2.92188 0.136213

-0.484375 -0.0898361
-0.46875 -0.0893408

2.92188 0.136211
2.9375 0.131844

-1.98438 -0.167202
-1.96875 -0.16698

-0.4375 -0.0956417
-0.445466 -0.09375

2.87648 0.1875
2.88461 0.203125

-0.46875 -0.0896268
-0.453125 -0.0917292

-1.96875 -0.166979
-1.95312 -0.166728

2.88481 0.203125
2.88649 0.21875

-0.453125 -0.0919452
-0.445525 -0.09375

-1.95312 -0.166775
-1.9375 -0.166404

2.88646 0.21875
2.88137 0.234375

-1.9375 -0.166456
-1.92188 -0.165769

-0.4375 -0.0960062
-0.421875 -0.100192

-1.92188 -0.165795
-1.90625 -0.164639

2.875 0.24469
2.8768 0.234375

-1.90625 -0.16463
-1.89062 -0.162972

-0.421875 -0.100414
-0.40625 -0.103916

-1.89062 -0.162942
-1.875 -0.160857

-0.40625 -0.104256
-0.390625 -0.105948

-1.875 -0.160791
-1.85938 -0.158468

-1.85938 -0.158356
-1.84445 -0.15625

2.90625 0.248793
2.90184 0.25

-1.84442 -0.15625
-1.84375 -0.156155

-0.390625 -0.106456
-0.375 -0.104644

-1.84375 -0.156192
-1.82812 -0.154246

2.91429 0.203125
2.92188 0.213059

2.92694 0.1875
2.92773 0.203125

2.92188 0.205903
2.9375 0.203502

2.90625 0.242467
2.92855 0.25

-0.375 -0.104994
-0.359375 -0.0979633

-0.359375 -0.0975061
-0.35382 -0.09375

-1.82812 -0.154321
-1.8125 -0.152404

-1.8125 -0.152392
-1.79688 -0.15038

2.9375 0.128695
2.94939 0.125

2.95312 0.144775
2.94104 0.15625

-0.35519 -0.09375
-0.34375 -0.08575

-0.34375 -0.0850054
-0.33365 -0.078125

-1.79688 -0.150352
-1.78125 -0.148326

-1.78125 -0.148309
-1.76562 -0.146362

-1.76562 -0.14633
-1.75 -0.144561

2.96875 0.142145
2.95605 0.15625

2.94779 0.15625
2.94344 0.171875

-0.333976 -0.078125
-0.328125 -0.0742644

2.9454 0.171875
2.94975 0.1875

-0.328125 -0.0735618
-0.3125 -0.0668396

-0.3125 -0.0672666
-0.296875 -0.0650966

-1.75 -0.144561
-1.73438 -0.143037

-1.73438 -0.143039
-1.71875 -0.141753

-1.71875 -0.141782
-1.70312 -0.140672

-1.70312 -0.140687
-1.70218 -0.140625

-1.70218 -0.140625
-1.6875 -0.139664

-1.6875 -0.139555
-1.67188 -0.13881

-1.67188 -0.138666
-1.65625 -0.138704

-0.296875 -0.0664467
-0.28125 -0.0652747

-0.28125 -0.0645025
-0.265625 -0.0662307

2.95312 0.169352
2.9623 0.15625

2.95312 0.175545
2.95916 0.1875

2.96875 0.146959
2.99 0.15625

3 0.180945
2.9811 0.1875

2.9501 0.1875
2.96875 0.198826

2.9375 0.224962
2.95304 0.25

2.96875 0.203529
3 0.190795

2.77902 0.25
2.78125 0.254477

-0.265625 -0.0672652
-0.25 -0.0722613

-0.28125 -0.0603414
-0.265625 -0.0616008

-1.65625 -0.138658
-1.64062 -0.13986

-1.625 -0.142277
-1.63617 -0.140625

-1.64062 -0.139856
-1.63542 -0.140625

-0.265625 -0.0586606
-0.254362 -0.0625

2.77971 0.265625
2.78125 0.268684

2.79688 0.264868
2.79226 0.265625

-1.625 -0.142565
-1.60938 -0.145192

2.78125 0.273519
2.79688 0.27603

-0.234375 -0.0783286
-0.235193 -0.078125

-0.25 -0.0715337
-0.234375 -0.0761157

2.80235 0.25
2.7989 0.265625

-0.21875 -0.0812309
-0.226615 -0.078125

-1.60938 -0.14519
-1.59375 -0.147495

2.79688 0.268891
2.79873 0.265625

-1.59375 -0.147521
-1.57812 -0.149457

-0.234375 -0.0740234
-0.223989 -0.078125

-1.57812 -0.149422
-1.5625 -0.151004

2.79688 0.294321
2.79528 0.296875

-1.5625 -0.151117
-1.54688 -0.15219

-0.1875 -0.103304
-0.202319 -0.09375

-0.21875 -0.0809916
-0.203125 -0.0913506

2.79145 0.296875
2.78759 0.3125

-1.54688 -0.152571
-1.53125 -0.15215

-0.203125 -0.0931139
-0.202186 -0.09375

2.79688 0.295489
2.8125 0.295166

-1.53125 -0.152471
-1.51562 -0.149155

2.78747 0.3125
2.79688 0.321206

-0.171875 -0.109946
-0.173243 -0.109375

2.79688 0.316795
2.8125 0.320653

-1.51562 -0.148967
-1.5 -0.142493

2.8125 0.295027
2.82812 0.296377

-0.1875 -0.103031
-0.172313 -0.109375

-0.171875 -0.109759
-0.15625 -0.112872

-0.15625 -0.112321
-0.140625 -0.112765

-0.140625 -0.112463
-0.125 -0.111944

2.82609 0.296875
2.82812 0.301305

2.82812 0.296849
2.84375 0.293003

2.84375 0.30391
2.83317 0.3125

-0.125 -0.111813
-0.109375 -0.111201

-0.109375 -0.11119
-0.09375 -0.110771

2.8538 0.25
2.85938 0.256276

-1.5 -0.142031
-1.49698 -0.140625

-0.09375 -0.110804
-0.078125 -0.110536

-1.49832 -0.140625
-1.48438 -0.134137

2.85938 0.280635
2.85881 0.28125

2.8651 0.25
2.875 0.262829

-1.48438 -0.133681
-1.46875 -0.128708

2.87059 0.265625
2.85982 0.28125

-0.078125 -0.110534
-0.0625 -0.110354

2.84375 0.290888
2.85615 0.28125

-1.46875 -0.128704
-1.45312 -0.127133

2.84375 0.304009
2.85938 0.300627

-0.0625 -0.110313
-0.046875 -0.110306

2.85938 0.292242
2.875 0.286443

-1.45312 -0.127327
-1.4375 -0.128778

2.85938 0.307737
2.875 0.298234

-1.4375 -0.129104
-1.42188 -0.132539

-1.42188 -0.132892
-1.40625 -0.13695

-0.046875 -0.110259
-0.03125 -0.110599

-0.03125 -0.110721
-0.015625 -0.111258

2.8125 0.317094
2.82812 0.312615

2.82812 0.313952
2.83183 0.3125

-1.39062 -0.140741
-1.39113 -0.140625

2.875 0.263548
2.89062 0.259003

2.875 0.279106
2.87641 0.28125

-1.40625 -0.137155
-1.39103 -0.140625

-1.39062 -0.141041
-1.375 -0.143053

2.89062 0.254171
2.89894 0.25

2.875 0.285659
2.90625 0.282121

-0.015625 -0.111585
0 -0.111421

-1.375 -0.142995
-1.35938 -0.142924

-1.35938 -0.142578
-1.34375 -0.141233

2.9375 0.258937
2.92961 0.28125

2.90625 0.28407
2.91488 0.28125

-1.34375 -0.1411
-1.33974 -0.140625

-1.33862 -0.140625
-1.32812 -0.139382

-1.32812 -0.139133
-1.3125 -0.137277

-1.3125 -0.137128
-1.29688 -0.135987

2.9375 0.28145
2.95186 0.25

3 -0.0950585
3.00224 -0.09375

3 -0.0906128
3.00735 -0.0625

-1.29688 -0.136258
-1.28125 -0.135589

-1.28125 -0.135651
-1.26562 -0.134786

3 -0.0535524
3.00907 -0.0625

3.0625 -0.00820837
3.03847 0

-1.26562 -0.134571
-1.25 -0.133815

3.125 -0.00497258
3.0952 0

3.25 -0.00416681
3.20816 0

3.5 -0.00311638
3.40972 0

3.03125 0.0169746
3.02341 0.03125

3.02712 0.03125
3.02294 0.0625

3.03125 0.0129137
3.04818 0

3.02799 0.0625
3.02289 0.09375

3.0262 0.09375
3.0226 0.125

3.0625 0.0127412
3.09606 0

3 0.172524
3.03086 0.125

3 0.193042
3.00528 0.1875

3.125 0.00808836
3.19048 0

3.25 0.00331009
3.34257 0

-1.25 -0.133445
-1.23438 -0.133969

-1.23438 -0.134087
-1.21875 -0.136394

-1.21875 -0.137059
-1.20312 -0.139582

-1.1875 -0.14085
-1.19033 -0.140625

-1.20312 -0.139741
-1.19046 -0.140625

4 -0.00409885
3.59314 0

-1.17188 -0.159487
-1.17473 -0.15625

-1.15625 -0.15912
-1.16513 -0.15625

-1.17188 -0.141795
-1.18374 -0.140625

-1.1875 -0.140589
-1.17188 -0.139529

-1.17188 -0.144241
-1.15625 -0.145793

-1.17188 -0.137213
-1.15625 -0.13507

-1.15625 -0.156901
-1.15257 -0.15625

-1.15625 -0.147801
-1.14062 -0.144865

-1.15625 -0.135778
-1.14062 -0.132567

-1.14062 -0.145512
-1.125 -0.141216

-1.14062 -0.134452
-1.125 -0.132225

-1.14203 -0.125
-1.14062 -0.124674

-1.14062 -0.123227
-1.125 -0.123841

-1.10938 -0.192523
-1.11751 -0.1875

-1.10938 -0.191733
-1.09375 -0.192183

-1.09375 -0.18953
-1.07812 -0.187842

-1.07812 -0.18786
-1.0625 -0.189199

-1.12257 -0.1875
-1.11915 -0.171875

-1.11066 -0.171875
-1.10938 -0.171213

-1.10938 -0.17502
-1.09375 -0.172415

-1.09457 -0.171875
-1.09375 -0.171587

-1.10938 -0.14123
-1.11158 -0.140625

-1.125 -0.133063
-1.10938 -0.138074

-1.10938 -0.141107
-1.09375 -0.148619

-1.10938 -0.138749
-1.10553 -0.140625

-1.09375 -0.183311
-1.08524 -0.171875

-1.07832 -0.171875
-1.07812 -0.17159

-1.07812 -0.182598
-1.07315 -0.1875

-1.06819 -0.171875
-1.06693 -0.15625

-1.09375 -0.146696
-1.07812 -0.154625

-1.07812 -0.151947
-1.07222 -0.15625

-1.0625 -0.188673
-1.04688 -0.187825

-1.04688 -0.18786
-1.0454 -0.1875

-1.0625 -0.187414
-1.0622 -0.1875

-1.04497 -0.1875
-1.03125 -0.184161

-1.03125 -0.183264
-1.01562 -0.178019

-1.01562 -0.177655
-1 -0.173467

-1.125 -0.123118
-1.12168 -0.125

