-3.81018 0
-3.5 0.00122532

-3.44371 0
-3.25 0.00267111

-3.23555 0
-3.125 0.00497207

-3.12146 0
-3.0625 0.00869675

-3.0625 0.000390195
-3.03125 0.0129608

-3.03125 0.00880765
-3.00958 0.03125

-3.01416 0.03125
-3.00197 0.0625

-3.00949 0.0625
-3.00207 0.09375

-3.00071 0.09375
-3 0.0958692

-2.99874 0.09375
-2.98765 0.125

-2.99289 0.125
-2.97684 0.15625

-2.97343 0.15625
-2.96875 0.164176

-2.96875 0.147756
-2.9595 0.15625

-2.96875 0.15759
-2.9589 0.171875

-2.95969 0.171875
-2.95387 0.1875

-2.95917 0.1875
-2.93767 0.21875

-2.93762 0.21875
-2.9375 0.218874

1.51562 -0.188128
1.50916 -0.1875

1.51562 -0.18814
1.53125 -0.189716

1.53125 -0.189726
1.54688 -0.191283

-2.9375 0.209784
-2.92784 0.21875

-2.93193 0.21875
-2.90625 0.247608

1.54688 -0.191284
1.5625 -0.192803

1.5 -0.186582
1.50944 -0.1875

1.5625 -0.192803
1.57812 -0.194284

-2.90389 0.25
-2.89097 0.265625

-2.89172 0.265625
-2.89062 0.267012

-2.89062 0.268058
-2.87814 0.28125

-2.87786 0.28125
-2.875 0.284092

1.57812 -0.194283
1.59375 -0.195726

-2.875 0.282147
-2.85938 0.296778

1.59375 -0.195726
1.60938 -0.197132

1.60938 -0.197132
1.625 -0.198504

-2.85996 0.296875
-2.85938 0.29747

-2.85938 0.296785
-2.85929 0.296875

-2.85938 0.298249
-2.84403 0.3125

1.625 -0.198504
1.64062 -0.199843

1.64062 -0.199843
1.65625 -0.201149

-2.84398 0.3125
-2.84375 0.312702

-2.84289 0.3125
-2.82812 0.32518

-2.82812 0.325578
-2.8252 0.328125

1.65625 -0.201145
1.67188 -0.202426

1.6875 -0.203729
1.68032 -0.203125

1.67188 -0.20239
1.68061 -0.203125

1.6875 -0.203739
1.70312 -0.205091

1.70312 -0.205098
1.71875 -0.20643

1.71875 -0.20643
1.73438 -0.207728

1.73438 -0.207728
1.75 -0.208991

-2.82547 0.328125
-2.8125 0.338869

-2.8125 0.33912
-2.80597 0.34375

-2.8053 0.34375
-2.79688 0.349657

-2.79688 0.350076
-2.78125 0.358936

-2.78125 0.358794
-2.77966 0.359375

-2.78097 0.359375
-2.76562 0.364973

-2.76562 0.364159
-2.75 0.367655

1.75 -0.208991
1.76562 -0.210221

1.76562 -0.21022
1.78125 -0.211418

1.78125 -0.211417
1.79688 -0.212586

1.79688 -0.212584
1.8125 -0.213731

1.8125 -0.213729
1.82812 -0.214859

-2.75 0.367484
-2.73438 0.370688

-2.73438 0.370762
-2.71875 0.37387

-2.71875 0.373871
-2.71225 0.375

1.82812 -0.214856
1.84375 -0.215979

-2.71295 0.375
-2.70312 0.376706

1.84375 -0.215977
1.85938 -0.217101

1.85938 -0.217092
1.875 -0.218238

-2.70312 0.376611
-2.6875 0.378871

0 -0.0214303
0.015625 -0.0229436

0.015625 -0.0229513
0.03125 -0.024405

0.03125 -0.0244055
0.046875 -0.0257835

0.046875 -0.0257747
0.0625 -0.0270936

0.0625 -0.0270572
0.078125 -0.0284073

0.078125 -0.0283248
0.09375 -0.0299441

0.109375 -0.0321399
0.102895 -0.03125

0.109375 -0.0322934
0.125 -0.0345581

0.09375 -0.0298392
0.104023 -0.03125

-1 0.0879795
-0.984375 0.0862179

-0.984375 0.0862246
-0.96875 0.0844069

-0.96875 0.0844162
-0.953125 0.0825104

-0.953125 0.0825121
-0.9375 0.0804964

-0.9375 0.0804553
-0.921875 0.0784084

-0.90625 0.0765018
-0.920233 0.078125

-0.921875 0.078332
-0.920091 0.078125

-0.90625 0.0766052
-0.890625 0.0750031

-2.6875 0.378852
-2.67188 0.380789

-2.67188 0.380752
-2.65625 0.382477

-2.65625 0.382477
-2.64062 0.384067

0.125 -0.0345513
0.140625 -0.0364491

-0.890625 0.0750119
-0.875 0.0734008

0.140625 -0.0363896
0.15625 -0.038053

-0.875 0.0734003
-0.859375 0.0717636

-2.64062 0.384058
-2.625 0.385533

-0.859375 0.0717697
-0.84375 0.070096

-0.84375 0.0701092
-0.828125 0.0683599

-0.828125 0.0683732
-0.8125 0.0664955

-0.78125 0.0622003
-0.783543 0.0625

-0.78125 0.0622588
-0.765625 0.0605327

-0.765625 0.0606394
-0.75 0.0591396

-0.8125 0.0665024
-0.796875 0.064456

-0.796875 0.0643779
-0.782504 0.0625

1.89062 -0.219454
1.88168 -0.21875

1.89062 -0.219463
1.90625 -0.220786

1.875 -0.218203
1.88195 -0.21875

1.90625 -0.22079
1.92188 -0.22216

1.92188 -0.222162
1.9375 -0.223568

1.9375 -0.223571
1.95312 -0.225006

1.95312 -0.225008
1.96875 -0.226462

1.96875 -0.226464
1.98438 -0.227927

1.98438 -0.227929
2 -0.229394

0.15625 -0.0380376
0.171875 -0.0396164

0.171875 -0.0396173
0.1875 -0.0411406

-0.75 0.059151
-0.734375 0.0576415

-0.734375 0.0576375
-0.71875 0.0561037

-0.71875 0.0561114
-0.703125 0.0545457

-0.703125 0.0545591
-0.6875 0.0529193

-0.6875 0.0529481
-0.671875 0.0511495

-0.671875 0.0511799
-0.65625 0.049104

-0.640625 0.046577
-0.642717 0.046875

-0.65625 0.0490288
-0.641134 0.046875

-0.640625 0.0466255
-0.625 0.0447534

-2.625 0.385545
-2.60938 0.386896

-2.60938 0.386904
-2.59375 0.388093

-2.59375 0.388108
-2.57812 0.38909

-2.57812 0.3891
-2.5625 0.389825

-2.5625 0.389839
-2.54688 0.390257

-2.54688 0.390268
-2.53125 0.39033

-2.53125 0.390343
-2.51562 0.390003

-2.51562 0.390008
-2.5 0.389232

0.1875 -0.0411434
0.203125 -0.0426038

0.203125 -0.0426018
0.21875 -0.0439979

-0.625 0.0448897
-0.609375 0.0434157

-0.609375 0.0434517
-0.59375 0.0420313

-0.59375 0.0420251
-0.578125 0.0405989

-0.578125 0.0405946
-0.5625 0.0391834

0.21875 -0.0439649
0.234375 -0.0453665

0.25 -0.0469927
0.248918 -0.046875

-0.5625 0.0391886
-0.546875 0.0377907

-0.546875 0.0378165
-0.53125 0.0363697

2.21875 -0.250101
2.21744 -0.25

2.21875 -0.250091
2.23438 -0.251281

0.234375 -0.0452505
0.249306 -0.046875

2.23438 -0.251277
2.25 -0.252475

2 -0.229396
2.01562 -0.230856

-0.53125 0.0364289
-0.515625 0.0347636

-0.515625 0.0348501
-0.5 0.0326751

2.01562 -0.230858
2.03125 -0.232307

2.03125 -0.232301
2.04688 -0.233749

2.0625 -0.235246
2.05349 -0.234375

2.04688 -0.233706
2.0538 -0.234375

-2.40625 0.370279
-2.41916 0.375

0.25 -0.0470433
0.265625 -0.0490885

0.25 -0.0468535
0.250164 -0.046875

-2.40625 0.370466
-2.39062 0.363119

-2.375 0.354548
-2.38538 0.359375

0.265625 -0.0491797
0.28125 -0.0512066

2.0625 -0.235259
2.07812 -0.236831

2.07812 -0.236833
2.09375 -0.238414

2.09375 -0.238413
2.10938 -0.239999

2.10938 -0.240001
2.125 -0.241593

0.28125 -0.0511946
0.296875 -0.0530447

2.125 -0.241598
2.14062 -0.243182

2.14062 -0.24319
2.15625 -0.244742

2.15625 -0.244751
2.17188 -0.246238

0.296875 -0.0530297
0.3125 -0.0547572

-2.39062 0.362529
-2.38384 0.359375

2.17188 -0.246243
2.1875 -0.247634

-2.5 0.389238
-2.48438 0.388004

2.1875 -0.247636
2.20312 -0.248914

0.3125 -0.0547515
0.328125 -0.0563977

2.20312 -0.248892
2.21749 -0.25

0.328125 -0.0563961
0.34375 -0.0579754

0.34375 -0.0579764
0.359375 -0.0594901

-0.203125 -0.000229062
-0.205443 0

0.359375 -0.0594776
0.375 -0.0609487

-0.203125 -0.000221904
-0.1875 -0.00171991

-2.48438 0.388035
-2.46875 0.386267

0.390625 -0.0625175
0.390457 -0.0625

-0.1875 -0.00158067
-0.171875 -0.00301613

0.390625 -0.0625168
0.40625 -0.0644167

0.40625 -0.0644911
0.421875 -0.0664594

0.421875 -0.0664623
0.4375 -0.0683374

0.375 -0.0608628
0.390625 -0.0624879

0.390625 -0.0623844
0.391575 -0.0625

0.4375 -0.0683321
0.453125 -0.0701186

0.453125 -0.0701152
0.46875 -0.0718305

0.46875 -0.0718289
0.484375 -0.0734832

2.25 -0.252469
2.26562 -0.253694

2.26562 -0.253695
2.28125 -0.25496

2.28125 -0.254973
2.29688 -0.256248

-0.171875 -0.00306372
-0.15625 -0.00457301

-0.15625 -0.00459005
-0.140625 -0.00604393

-0.140625 -0.00602404
-0.125 -0.00742817

2.29688 -0.256262
2.3125 -0.257494

-0.125 -0.00741418
-0.109375 -0.00883631

2.3125 -0.257512
2.32812 -0.258636

0.484375 -0.0734839
0.5 -0.0750787

-2.46875 0.38633
-2.45312 0.383838

-2.45312 0.383884
-2.4375 0.380453

2.32812 -0.258642
2.34375 -0.259611

2.34375 -0.259609
2.35938 -0.260417

2.35938 -0.260388
2.375 -0.261094

-2.4375 0.380476
-2.42188 0.375967

2.375 -0.261064
2.39062 -0.261783

2.39062 -0.261757
2.40625 -0.262601

2.40625 -0.262612
2.42188 -0.263612

-2.42188 0.376071
-2.41895 0.375

2.42188 -0.263627
2.4375 -0.264732

-2.375 0.354962
-2.35938 0.34956

-0.109375 -0.00880019
-0.09375 -0.0103406

2.45312 -0.26591
2.44929 -0.265625

-2.35938 0.349868
-2.34375 0.345437

-2.32812 0.341266
-2.33736 0.34375

-2.32812 0.341526
-2.3125 0.336967

-2.34375 0.345542
-2.33709 0.34375

2.4375 -0.264739
2.4494 -0.265625

2.45312 -0.265911
2.46875 -0.267101

2.46875 -0.267101
2.48438 -0.268304

-0.09375 -0.0103207
-0.078125 -0.0120913

2.48438 -0.268279
2.5 -0.269547

-0.078125 -0.0120819
-0.0625 -0.0141415

0.5 -0.0750715
0.515625 -0.0766198

-0.046875 -0.016603
-0.0536445 -0.015625

-0.0625 -0.0141051
-0.0519793 -0.015625

-2.3125 0.336979
-2.29688 0.33158

-0.046875 -0.0166579
-0.03125 -0.0185946

2.5 -0.269602
2.51562 -0.270872

-0.03125 -0.0184423
-0.015625 -0.0199549

-0.015625 -0.0199044
0 -0.0213986

-0.484375 0.0298956
-0.493147 0.03125

2.51562 -0.270927
2.53125 -0.27198

-0.484375 0.0299477
-0.46875 0.0279276

-2.28125 0.325515
-2.28859 0.328125

0.53125 -0.078217
0.530385 -0.078125

0.515625 -0.0765466
0.530466 -0.078125

0.53125 -0.0782312
0.546875 -0.0801076

0.53125 -0.0781059
0.531409 -0.078125

0.546875 -0.0801636
0.5625 -0.0820978

0.5625 -0.0821015
0.578125 -0.0839739

0.578125 -0.083972
0.59375 -0.0857792

-2.29688 0.331353
-2.2878 0.328125

0.59375 -0.0857775
0.609375 -0.0875268

-0.5 0.0325974
-0.491273 0.03125

0.609375 -0.0875259
0.625 -0.0892225

-0.46875 0.0279948
-0.453125 0.0264171

2.53125 -0.271803
2.54688 -0.272884

0.625 -0.0892232
0.640625 -0.0908676

-0.453125 0.0264939
-0.4375 0.0250707

-2.28125 0.325768
-2.26562 0.320573

-2.26562 0.320648
-2.25 0.315474

-0.4375 0.0250887
-0.421875 0.0236305

2.54688 -0.2726
2.5625 -0.274631

0.640625 -0.0908591
0.65625 -0.092467

-2 0.24724
-2.01174 0.25

-2.23438 0.310256
-2.24149 0.3125

2.5625 -0.27495
2.57812 -0.27786

-0.421875 0.0236226
-0.40625 0.022109

-2.23438 0.310504
-2.21875 0.305898

-2.21875 0.305977
-2.20312 0.301243

2.57812 -0.278047
2.59375 -0.280822

0.671875 -0.0941408
0.668333 -0.09375

-2.1875 0.296159
-2.18987 0.296875

0.671875 -0.0941627
0.6875 -0.0960585

-0.40625 0.0220948
-0.390625 0.0205697

0.65625 -0.0923944
0.668538 -0.09375

-0.390625 0.0205479
-0.375 0.0190833

0.6875 -0.0960933
0.703125 -0.0980124

-0.375 0.019093
-0.359375 0.0177132

2.60938 -0.283114
2.59687 -0.28125

-0.359375 0.0178075
-0.34375 0.0163043

0.703125 -0.0980146
0.71875 -0.0998828

-0.328125 0.0143732
-0.338806 0.015625

0.71875 -0.0998818
0.734375 -0.101697

-2.20312 0.301121
-2.18906 0.296875

0.734375 -0.101696
0.75 -0.103462

-0.34375 0.01648
-0.336454 0.015625

-2.25 0.315365
-2.24092 0.3125

2.60938 -0.283178
2.625 -0.285008

2.59375 -0.280821
2.59662 -0.28125

-2.1875 0.296386
-2.17188 0.291968

-2.17188 0.292086
-2.15625 0.287707

-2.125 0.278694
-2.13432 0.28125

-2.15625 0.287673
-2.14062 0.283165

2.625 -0.285026
2.64062 -0.286204

-2.14062 0.283082
-2.13395 0.28125

2.64062 -0.286128
2.65625 -0.286769

-2.125 0.278869
-2.10938 0.274822

2.65625 -0.286718
2.67188 -0.287074

-2.10938 0.274859
-2.09375 0.270714

-0.328125 0.0144482
-0.3125 0.012339

0.75 -0.103462
0.765625 -0.105182

-0.3125 0.0122784
-0.296875 0.0100784

-2.09375 0.270647
-2.07812 0.266463

-0.296875 0.0100253
-0.28125 0.00796205

0.765625 -0.105183
0.78125 -0.106856

-0.28125 0.00797205
-0.265625 0.00613192

0.78125 -0.10684
0.796875 -0.108499

-0.265625 0.00615489
-0.25 0.00447191

0.8125 -0.110256
0.804805 -0.109375

2.67188 -0.28701
2.6875 -0.28731

2.6875 -0.287291
2.70312 -0.2877

-2.0625 0.262446
-2.07515 0.265625

-2.07812 0.266416
-2.07498 0.265625

0.796875 -0.108422
0.805204 -0.109375

-0.25 0.00447912
-0.234375 0.0028929

-2.0625 0.262578
-2.04688 0.25882

2.70312 -0.287667
2.71875 -0.288291

0.8125 -0.110287
0.828125 -0.112204

-0.234375 0.00288805
-0.21875 0.00139385

0.828125 -0.11222
0.84375 -0.114126

-0.21875 0.00148559
-0.203718 0

0.84375 -0.114127
0.859375 -0.115986

2.71875 -0.288325
2.73438 -0.289162

-2.04688 0.258836
-2.03125 0.254968

2.73438 -0.289176
2.75 -0.290133

-0.203125 0.000265205
-0.200359 0

-2.03125 0.254916
-2.01562 0.251009

-2.01562 0.250959
-2.01154 0.25

0.859375 -0.115985
0.875 -0.117798

2.75 -0.290209
2.76562 -0.291107

2.76562 -0.291126
2.78125 -0.291775

2.78125 -0.291833
2.79688 -0.29208

0.953125 -0.126485
0.940496 -0.125

0.953125 -0.126522
0.96875 -0.128438

2.79688 -0.292085
2.8125 -0.291804

2.8125 -0.291979
2.82812 -0.290809

2.82812 -0.291135
2.84375 -0.288075

2.84375 -0.288853
2.85938 -0.28172

2.8584 -0.28125
2.85938 -0.280806

2.85938 -0.280793
2.875 -0.269886

0.96875 -0.128442
0.984375 -0.130324

0.984375 -0.130325
1 -0.132164

0.875 -0.117798
0.890625 -0.119568

2.875 -0.270393
2.88068 -0.265625

2.88041 -0.265625
2.89062 -0.256342

2.89062 -0.253584
2.89436 -0.25

0.890625 -0.119568
0.90625 -0.121295

0.90625 -0.121295
0.921875 -0.122981

0.921875 -0.122951
0.9375 -0.124657

2.89571 -0.25
2.90625 -0.240202

0.9375 -0.124574
0.941119 -0.125

2.90625 -0.24313
2.92609 -0.21875

2.92178 -0.21875
2.92188 -0.218575

2.92188 -0.218523
2.93139 -0.203125

2.93453 -0.203125
2.9375 -0.199356

2.9375 -0.197404
2.94352 -0.1875

2.94788 -0.1875
2.95312 -0.175475

2.95158 -0.171875
2.95312 -0.162686

2.95312 -0.174903
2.95441 -0.171875

2.95287 -0.15625
2.95312 -0.155748

2.95312 -0.155123
2.96036 -0.140625

2.96561 -0.140625
2.96875 -0.13568

-2 0.247365
-1.98438 0.243875

-1.98438 0.243893
-1.96875 0.240325

-1.96875 0.240315
-1.95312 0.236656

-1.9375 0.232977
-1.94374 0.234375

-1.95312 0.236583
-1.94328 0.234375

-1.9375 0.233115
-1.92188 0.229846

2.96875 -0.12593
2.96916 -0.125

-1.92188 0.229886
-1.90625 0.22662

-1.90625 0.226626
-1.89062 0.22327

2.97309 -0.125
2.98602 -0.09375

2.98828 -0.09375
2.99045 -0.078125

2.98797 -0.078125
2.98629 -0.0625

-1.89062 0.223234
-1.875 0.219847

2.98497 -0.0625
2.98705 -0.046875

2.98778 -0.046875
2.99478 -0.03125

-1.85938 0.216565
-1.87009 0.21875

-1.85938 0.216673
-1.84375 0.213669

-1.875 0.219799
-1.86985 0.21875

-1.84375 0.213685
-1.82812 0.210644

-1.82812 0.210648
-1.8125 0.207528

-1.8125 0.207503
-1.79688 0.204346

-1.78125 0.201268
-1.79101 0.203125

-1.79688 0.204295
-1.79072 0.203125

-1.78125 0.201373
-1.76562 0.198582

-1.76562 0.198599
-1.75 0.19579

3 -0.0157875
3.02 0

3.03125 -0.0026115
3.0625 -0.00102756

3.0625 -0.00216026
3.125 -0.0010593

-1.70312 0.186951
-1.70613 0.1875

-1.70312 0.187059
-1.6875 0.184411

-1.75 0.195794
-1.73438 0.192921

-1.73438 0.192923
-1.71875 0.189976

-1.71875 0.18991
-1.70557 0.1875

-1.6875 0.184459
-1.67188 0.181874

-1.67188 0.181879
-1.65625 0.179251

-1.65625 0.179255
-1.64062 0.176567

3.125 -0.00144242
3.25 -0.000609924

3.25 -0.000959113
3.5 -0.000554686

3.5 -0.00100859
4 -0.000837149

-1.64062 0.176564
-1.625 0.173812

-1.60938 0.171029
-1.61439 0.171875

-1.625 0.173752
-1.61388 0.171875

-1.60938 0.171133
-1.59375 0.168692

-1.59375 0.168727
-1.57812 0.166325

-1.57812 0.166329
-1.5625 0.163888

-1.5625 0.163892
-1.54688 0.161398

-1.54688 0.161401
-1.53125 0.158838

1 -0.132163
1.01562 -0.13396

-1.51562 0.156185
-1.51603 0.15625

1.01562 -0.13396
1.03125 -0.135717

1.03125 -0.135717
1.04688 -0.137434

1.04688 -0.137433
1.0625 -0.139114

-1.51562 0.156246
-1.5 0.15392

1.07812 -0.140817
1.0764 -0.140625

1.0625 -0.139069
1.07649 -0.140625

1.07812 -0.140823
1.09375 -0.142678

-1.53125 0.15878
-1.51562 0.156262

1.09375 -0.142709
1.10938 -0.14459

1.10938 -0.144591
1.125 -0.146434

1.125 -0.146434
1.14062 -0.148236

1.14062 -0.148235
1.15625 -0.149997

1.15625 -0.149996
1.17188 -0.15172

1.17188 -0.151721
1.1875 -0.153407

1.21875 -0.156755
1.21417 -0.15625

1.1875 -0.153403
1.20312 -0.155059

1.20312 -0.155009
1.21438 -0.15625

-1.5 0.15398
-1.48438 0.151754

-1.48438 0.151759
-1.46875 0.149506

-1.46875 0.14951
-1.45312 0.147213

1.21875 -0.156768
1.23438 -0.158586

1.23438 -0.158605
1.25 -0.160424

-1.45312 0.147217
-1.4375 0.144863

-1.4375 0.144863
-1.42188 0.142444

-1.40625 0.139979
-1.4106 0.140625

-1.42188 0.142383
-1.41004 0.140625

-1.40625 0.140075
-1.39062 0.137946

-1.39062 0.137982
-1.375 0.135906

1.25 -0.160425
1.26562 -0.162205

1.26562 -0.162204
1.28125 -0.163944

-1.29688 0.124815
-1.29817 0.125

-1.29688 0.124887
-1.28125 0.122855

-1.28125 0.122911
-1.26562 0.120975

-1.26562 0.120978
-1.25 0.11902

-1.375 0.13591
-1.35938 0.133805

-1.35938 0.133808
-1.34375 0.131661

1.28125 -0.163944
1.29688 -0.165645

1.29688 -0.165645
1.3125 -0.167309

-1.34375 0.131665
-1.32812 0.12946

1.3125 -0.167309
1.32812 -0.168936

1.32812 -0.168935
1.34375 -0.170529

-1.32812 0.129463
-1.3125 0.127185

-1.3125 0.127125
-1.29758 0.125

1.35938 -0.172137
1.35687 -0.171875

1.34375 -0.170491
1.35698 -0.171875

1.35938 -0.172143
1.375 -0.173861

-1.25 0.119024
-1.23438 0.11703

-1.23438 0.117035
-1.21875 0.114988

-1.21875 0.114991
-1.20312 0.112877

-1.20312 0.112875
-1.1875 0.110691

-1.17188 0.108496
-1.17855 0.109375

-1.1875 0.110625
-1.17801 0.109375

1.375 -0.173883
1.39062 -0.175608

1.39062 -0.175609
1.40625 -0.177296

-1.17188 0.108595
-1.15625 0.106742

-1.15625 0.10677
-1.14062 0.104952

-1.14062 0.104954
-1.125 0.103112

-1.125 0.103117
-1.10938 0.101235

1.40625 -0.177296
1.42188 -0.178944

1.42188 -0.178944
1.4375 -0.180552

1.4375 -0.180552
1.45312 -0.182123

-1.10938 0.101239
-1.09375 0.0992996

-1.09375 0.0993048
-1.07812 0.0972876

1.45312 -0.182122
1.46875 -0.183658

1.46875 -0.183658
1.48438 -0.185158

1.48438 -0.185153
1.5 -0.186626

-1.07812 0.0972896
-1.0625 0.0951808

-1.04688 0.0930276
-1.05254 0.09375

-1.04688 0.0931299
-1.03125 0.0913667

-1.0625 0.0951036
-1.05189 0.09375

-1.03125 0.0914045
-1.01562 0.0896998

-1.01562 0.0897022
-1 0.0879755

