-4 -0.00459273
-3.6381 0

-3.53761 0
-3.5 0.000477354

-3.5 -0.00253603
-3.43898 0

-3.25 -0.00345696
-3.22327 0

-3.125 -0.00469978
-3.10704 0

-3 -0.0789617
-3.00184 -0.0625

-3.00035 -0.0625
-3 -0.04415

-3.40103 0
-3.25 0.00630192

-3.21632 0
-3.125 0.0121415

-3.10508 0
-3.0625 0.0198301

-3.0625 0.00574983
-3.03125 0.0304145

-3.03926 0.03125
-3.03125 0.0470385

-3 0.0311257
-3.00021 0.03125

-3.03125 0.0542975
-3.02655 0.0625

-3.03478 0.0625
-3.03125 0.0804545

-3.03776 0.09375
-3.03125 0.109085

-3.03125 0.079679
-3.02189 0.09375

-3.03125 0.0992332
-3.00098 0.125

-3.01214 0.125
-3 0.143758

-2.96875 -0.125544
-2.96909 -0.125

-2.9375 -0.165692
-2.94862 -0.15625

-2.95312 -0.147882
-2.95915 -0.140625

-2.96875 -0.13105
-2.96233 -0.140625

-2.95312 -0.151055
-2.94808 -0.15625

-2.92188 -0.172463
-2.9231 -0.171875

-2.9375 -0.164602
-2.92318 -0.171875

-2.92188 -0.172224
-2.90625 -0.177065

-2.90625 -0.176746
-2.89062 -0.179748

-2.89062 -0.179694
-2.875 -0.181601

-2.97139 -0.125
-2.98436 -0.09375

-2.98706 -0.09375
-2.98872 -0.078125

-2.98459 -0.078125
-2.98438 -0.0763327

-2.98438 -0.0935762
-2.98436 -0.09375

-2.98438 -0.0780127
-2.98255 -0.0625

-2.98438 -0.0478415
-2.98403 -0.0625

-2.98415 -0.046875
-2.98425 -0.03125

-2.98438 -0.0202363
-2.98471 -0.015625

-2.98538 -0.015625
-2.98751 0

-2.98438 -0.0300671
-2.98429 -0.03125

-2.875 -0.181508
-2.85938 -0.182614

-2.85938 -0.182558
-2.84375 -0.183165

-2.84375 -0.183072
-2.82812 -0.183478

-2.82812 -0.183455
-2.8125 -0.183893

-1 -0.159462
-0.984375 -0.157097

-0.984375 -0.157064
-0.975783 -0.15625

-0.975854 -0.15625
-0.96875 -0.155577

-0.96875 -0.155677
-0.953125 -0.154962

-0.953125 -0.155033
-0.9375 -0.154749

-2.8125 -0.183872
-2.79688 -0.184429

-0.9375 -0.15477
-0.921875 -0.154737

-0.921875 -0.154735
-0.90625 -0.154914

-0.90625 -0.15492
-0.890625 -0.155302

-0.890625 -0.155326
-0.875 -0.155852

-2.79688 -0.184465
-2.78125 -0.185111

-0.859375 -0.156447
-0.864817 -0.15625

-0.859375 -0.156466
-0.84375 -0.156974

-0.875 -0.155882
-0.864842 -0.15625

-0.84375 -0.156982
-0.828125 -0.157382

-2.78125 -0.185135
-2.76562 -0.185751

-2.76562 -0.185802
-2.75 -0.186241

-0.828125 -0.157385
-0.8125 -0.157657

-0.8125 -0.15766
-0.796875 -0.157793

-0.796875 -0.157797
-0.78125 -0.15778

-0.78125 -0.157781
-0.765625 -0.157604

-0.765625 -0.157603
-0.75 -0.157264

1.5 0.10425
1.51562 0.109002

1.51324 0.109375
1.51562 0.110101

1.51562 0.108977
1.51691 0.109375

1.51562 0.110079
1.53125 0.114929

1.53125 0.114764
1.54688 0.117999

1.54688 0.117894
1.5625 0.120021

1.5625 0.119936
1.57812 0.121334

-0.75 -0.157261
-0.734375 -0.15677

-0.734375 -0.156764
-0.721509 -0.15625

-0.72162 -0.15625
-0.71875 -0.156135

-0.71875 -0.156136
-0.703125 -0.155397

-0.703125 -0.155399
-0.6875 -0.154546

-0.6875 -0.154547
-0.671875 -0.153572

-0.671875 -0.153572
-0.65625 -0.152475

-0.65625 -0.152472
-0.640625 -0.151259

-0.640625 -0.151252
-0.625 -0.149946

-0.625 -0.149935
-0.609375 -0.14857

-0.609375 -0.148559
-0.59375 -0.147175

-0.59375 -0.147167
-0.578125 -0.145803

-0.578125 -0.145796
-0.5625 -0.144485

-0.5625 -0.144484
-0.546875 -0.143243

-0.546875 -0.143249
-0.53125 -0.14207

-0.53125 -0.142074
-0.515625 -0.140935

-0.515625 -0.140934
-0.511215 -0.140625

-0.511314 -0.140625
-0.5 -0.139833

-0.5 -0.139859
-0.484375 -0.138774

-0.484375 -0.138787
-0.46875 -0.137633

-0.46875 -0.13765
-0.453125 -0.136368

-0.453125 -0.136394
-0.4375 -0.134895

-0.4375 -0.134921
-0.421875 -0.133101

-0.421875 -0.133135
-0.40625 -0.130872

-0.40625 -0.130929
-0.390625 -0.128044

-0.390625 -0.127948
-0.37655 -0.125

-0.378746 -0.125
-0.375 -0.124215

-0.375 -0.124388
-0.359375 -0.121496

-0.359375 -0.121679
-0.34375 -0.119223

-0.34375 -0.119307
-0.328125 -0.116755

-0.328125 -0.116733
-0.3125 -0.113963

0 -0.0999505
0.015625 -0.10083

0.015625 -0.100848
0.03125 -0.101825

0.03125 -0.101846
0.046875 -0.102843

0.046875 -0.102859
0.0625 -0.1038

0.0625 -0.103811
0.078125 -0.104644

0.078125 -0.10465
0.09375 -0.105339

0.09375 -0.105342
0.109375 -0.10587

0.109375 -0.105872
0.125 -0.106229

0.125 -0.106241
0.140625 -0.106398

0.140625 -0.106439
0.15625 -0.106289

0.15625 -0.106367
0.171875 -0.10567

0.171875 -0.105799
0.1875 -0.104141

0.1875 -0.104251
0.203125 -0.101153

0.203125 -0.101169
0.21875 -0.096378

0.21875 -0.096355
0.22604 -0.09375

0.223969 -0.09375
0.234375 -0.0900316

0.234375 -0.089632
0.25 -0.0855818

0.25 -0.0856757
0.265625 -0.0843627

1.57812 0.121205
1.59375 0.122303

-0.3125 -0.113853
-0.296875 -0.11113

-0.296875 -0.111006
-0.285338 -0.109375

-0.285351 -0.109375
-0.28125 -0.108795

-0.28125 -0.108853
-0.265625 -0.107293

-0.265625 -0.107384
-0.25 -0.106177

-0.25 -0.106205
-0.234375 -0.105115

-0.234375 -0.105114
-0.21875 -0.104088

0.265625 -0.0847395
0.28125 -0.0852222

-0.21875 -0.104085
-0.203125 -0.103134

-0.203125 -0.103136
-0.1875 -0.102263

-2.75 -0.186252
-2.73438 -0.186391

-2.73438 -0.186399
-2.71875 -0.186199

-2.71875 -0.186166
-2.70312 -0.185675

-2.70312 -0.185657
-2.6875 -0.184979

-2.6875 -0.184943
-2.67188 -0.184183

1.59375 0.122182
1.60938 0.123481

1.60938 0.12328
1.62216 0.125

1.62144 0.125
1.625 0.125479

1.625 0.125737
1.64062 0.128333

1.64062 0.128338
1.65625 0.13075

1.65625 0.130667
1.67188 0.133052

1.67188 0.133006
1.6875 0.135623

1.6875 0.13549
1.70312 0.138701

1.70312 0.138586
1.71103 0.140625

1.71002 0.140625
1.71875 0.142875

1.71875 0.142987
1.73438 0.147315

1.73438 0.147279
1.75 0.151507

0.28125 -0.0855293
0.296875 -0.08644

1.75 0.15127
1.76562 0.155946

1.76562 0.155938
1.76655 0.15625

1.76604 0.15625
1.78125 0.161395

1.78125 0.161296
1.79688 0.167063

1.79688 0.166819
1.80834 0.171875

1.80823 0.171875
1.8125 0.173759

1.8125 0.173548
1.82812 0.182367

1.82812 0.182138
1.83571 0.1875

1.83516 0.1875
1.84375 0.193749

1.84375 0.19443
1.85482 0.203125

1.85421 0.203125
1.85938 0.207087

1.85938 0.208063
1.875 0.21685

1.875 0.216933
1.88539 0.21875

1.90625 0.216764
1.89244 0.21875

1.88588 0.21875
1.89062 0.21958

1.89062 0.219219
1.89388 0.21875

1.90625 0.216101
1.92188 0.211456

1.92188 0.210905
1.9375 0.206356

1.9375 0.206121
1.95312 0.203237

1.96875 0.202482
1.95573 0.203125

1.95312 0.203232
1.95528 0.203125

1.96875 0.202465
1.97677 0.203125

1.97613 0.203125
1.98438 0.203804

1.98438 0.203856
2 0.207019

-0.1875 -0.102266
-0.171875 -0.101464

-0.171875 -0.101463
-0.15625 -0.100728

-0.15625 -0.100725
-0.140625 -0.100064

-0.140625 -0.10006
-0.125 -0.0994874

-0.125 -0.0994848
-0.109375 -0.0990123

-0.109375 -0.0990092
-0.09375 -0.0986482

-0.09375 -0.0986434
-0.078125 -0.0984097

-0.078125 -0.0984029
-0.0625 -0.0983197

-0.0625 -0.0983125
-0.046875 -0.0984075

-0.046875 -0.0984021
-0.03125 -0.0987004

-0.03125 -0.0986999
-0.015625 -0.0992133

-0.015625 -0.0992199
0 -0.0999367

0.296875 -0.0865771
0.3125 -0.0870274

0.3125 -0.0870232
0.328125 -0.0867476

0.328125 -0.0867056
0.34375 -0.0857963

0.34375 -0.085773
0.359375 -0.0843607

-2.67188 -0.184152
-2.65625 -0.183441

-2.65625 -0.183379
-2.64062 -0.1829

-2.64062 -0.182889
-2.625 -0.182787

0.359375 -0.084336
0.375 -0.0825168

-2.625 -0.182803
-2.60938 -0.183071

-2.60938 -0.183113
-2.59375 -0.183636

-2.59375 -0.183656
-2.57812 -0.184309

-2.57812 -0.18432
-2.5625 -0.185041

0.375 -0.0825035
0.390625 -0.0803533

-2.51562 -0.187801
-2.51994 -0.1875

-2.51562 -0.187835
-2.5 -0.189053

-2.5625 -0.185026
-2.54688 -0.185819

-2.54688 -0.185809
-2.53125 -0.186721

0.390625 -0.0803505
0.404807 -0.078125

2 0.207183
2.01562 0.211741

2.01562 0.211952
2.03125 0.217155

0.404928 -0.078125
0.40625 -0.0779175

0.40625 -0.0778903
0.421875 -0.0751584

0.421875 -0.075124
0.4375 -0.0722007

0.4375 -0.0721975
0.453125 -0.0691576

0.453125 -0.0691719
0.46875 -0.0659932

0.46875 -0.066004
0.484375 -0.0626366

0.484375 -0.0626413
0.484953 -0.0625

0.485451 -0.0625
0.5 -0.0589452

-2.53125 -0.186698
-2.51976 -0.1875

-2.98801 0
-2.98933 0.015625

-2.98945 0.015625
-2.98873 0.03125

-2.98826 0.03125
-2.98622 0.046875

-2.98576 0.046875
-2.98438 0.0619882

-2.98438 0.05988
-2.98413 0.0625

-2.98438 0.0774266
-2.98439 0.078125

-2.9845 0.078125
-2.98729 0.09375

-2.98438 0.0627687
-2.98437 0.0625

2.03125 0.217759
2.03517 0.21875

2.03448 0.21875
2.04688 0.221883

2.04688 0.221757
2.0625 0.223152

2.10938 0.186786
2.1083 0.1875

2.125 0.184447
2.11208 0.1875

2.0625 0.222146
2.07812 0.223168

2.07812 0.228282
2.09375 0.220715

2.10938 0.188297
2.09721 0.203125

2.09375 0.217765
2.10298 0.203125

2.10938 0.188232
2.11133 0.1875

2.09375 0.220347
2.09518 0.21875

2.125 0.186667
2.12818 0.1875

2.125 0.187981
2.14062 0.192074

2.14062 0.192325
2.15625 0.196614

2.15625 0.195599
2.17188 0.201437

2.17151 0.203125
2.17188 0.203262

2.17188 0.201699
2.17557 0.203125

2.17188 0.203298
2.1875 0.209331

2.1875 0.208289
2.20312 0.212885

2.20312 0.211667
2.21875 0.218696

2.21546 0.21875
2.21875 0.220232

2.21875 0.220824
2.23438 0.228466

2.23438 0.227628
2.25 0.233616

0.5 -0.0589529
0.515625 -0.0544165

0.515625 -0.0542305
0.53125 -0.0493192

-2.98758 0.09375
-2.99705 0.125

0.53125 -0.0493346
0.539362 -0.046875

0.538681 -0.046875
0.546875 -0.0443907

0.546875 -0.0442557
0.5625 -0.0403437

0.5625 -0.0405227
0.578125 -0.0375535

-3 0.135691
-2.96875 0.143425

-3 0.165816
-2.97849 0.1875

-2.96875 0.13518
-2.95789 0.140625

0.578125 -0.0375869
0.59375 -0.0351359

2.25 0.232934
2.25346 0.234375

-2.9667 0.140625
-2.95567 0.15625

2.25219 0.234375
2.26562 0.23997

2.26562 0.240535
2.28125 0.246742

2.28125 0.246153
2.2918 0.25

0.59375 -0.0350893
0.609375 -0.0331829

2.29154 0.25
2.29688 0.251946

0.609375 -0.0332367
0.625 -0.0318607

-2.96162 0.15625
-2.95893 0.171875

2.29688 0.252157
2.3125 0.257912

2.3125 0.257936
2.32812 0.263149

0.625 -0.0320303
0.634472 -0.03125

2.32812 0.262856
2.33653 0.265625

-2.95434 0.171875
-2.9576 0.1875

0.634393 -0.03125
0.640625 -0.0307366

-2.95312 0.183422
-2.95292 0.1875

-2.98642 0.1875
-2.96875 0.201048

0.640625 -0.0308402
0.65625 -0.0291086

0.65625 -0.028977
0.671875 -0.0268647

0.671875 -0.0266676
0.6875 -0.0248322

0.6875 -0.0247953
0.703125 -0.0237049

0.703125 -0.0237831
0.71875 -0.0233552

0.71875 -0.0234351
0.734375 -0.0233534

-2.96939 0.21875
-2.96875 0.222316

-2.96875 0.213632
-2.95446 0.1875

0.734375 -0.0233956
0.75 -0.023416

-2.94663 0.21875
-2.95326 0.25

2.33634 0.265625
2.34375 0.268069

0.75 -0.0234374
0.765625 -0.0234325

0.765625 -0.0234523
0.78125 -0.0233398

-2.9375 0.216976
-2.93431 0.21875

2.34375 0.26825
2.35938 0.273439

-2.9356 0.21875
-2.92601 0.25

2.35938 0.273423
2.375 0.278255

-2.97265 0.25
-2.9375 0.262139

2.375 0.27804
2.38522 0.28125

-2.9375 0.268537
-2.91904 0.25

0.78125 -0.0233548
0.796875 -0.0230649

0.796875 -0.023066
0.8125 -0.0225664

0.8125 -0.0225504
0.828125 -0.0218708

2.38509 0.28125
2.39062 0.282989

2.39062 0.283105
2.40625 0.288206

2.40625 0.288247
2.42188 0.293177

0.828125 -0.0218579
0.84375 -0.0210558

0.84375 -0.0210649
0.859375 -0.0201482

0.859375 -0.0201724
0.875 -0.0190745

2.42188 0.293001
2.43393 0.296875

0.875 -0.0190934
0.890625 -0.0177278

2.43387 0.296875
2.4375 0.298041

2.4375 0.298099
2.45312 0.303402

-2.5 -0.189102
-2.48438 -0.190266

2.45312 0.30345
2.46875 0.308793

2.46875 0.308578
2.47951 0.3125

-2.48438 -0.190294
-2.46875 -0.191251

-2.46875 -0.191254
-2.45312 -0.191939

-2.45312 -0.191932
-2.4375 -0.192353

2.47942 0.3125
2.48438 0.314305

2.48438 0.314329
2.5 0.320701

0.890625 -0.0177435
0.90625 -0.0160411

0.90625 -0.0160482
0.909484 -0.015625

-2.4375 -0.192338
-2.42188 -0.192537

2.40625 0.467113
2.40531 0.46875

-2.42188 -0.192526
-2.40625 -0.192552

-2.40625 -0.192541
-2.39062 -0.192439

-2.39062 -0.19243
-2.375 -0.19224

0.909292 -0.015625
0.921875 -0.0139785

-2.375 -0.192229
-2.35938 -0.19199

0.921875 -0.0139948
0.9375 -0.011612

2.40625 0.472271
2.40278 0.484375

0.9375 -0.011632
0.953125 -0.00884839

-2.35938 -0.191982
-2.34375 -0.191731

2.40509 0.484375
2.40453 0.5

-2.34375 -0.191729
-2.32812 -0.191483

-2.32812 -0.19149
-2.3125 -0.19124

2.40625 0.467505
2.42188 0.4539

0.953125 -0.00887245
0.96875 -0.00560011

-2.3125 -0.191249
-2.29688 -0.190965

-2.29688 -0.190967
-2.28125 -0.190627

0.96875 -0.00565984
0.984375 -0.00173117

0.984375 -0.00175405
0.990332 0

2.42188 0.455558
2.4375 0.45598

2.40625 0.472702
2.40772 0.46875

2.4375 0.457511
2.45312 0.46576

2.45312 0.466549
2.45673 0.46875

2.45486 0.46875
2.46875 0.477237

2.46875 0.477859
2.48438 0.4836

2.48438 0.483495
2.5 0.484005

-2.28125 -0.190614
-2.26562 -0.190238

-2.26562 -0.190218
-2.25 -0.189873

0.98993 0
1 0.00296502

-2.25 -0.189858
-2.23438 -0.189616

-2.23438 -0.189619
-2.21875 -0.189506

-2.21875 -0.189523
-2.20312 -0.189499

2.98438 -0.0788776
2.98398 -0.078125

2.98112 -0.078125
2.98438 -0.0691689

-2.20312 -0.189525
-2.1875 -0.189507

-2.1875 -0.189536
-2.17188 -0.189413

-2.17188 -0.189438
-2.15625 -0.189103

-2.15625 -0.189108
-2.14062 -0.188501

-2.14062 -0.188469
-2.125 -0.187645

2.98438 -0.0822134
3 -0.0797931

2.98438 -0.0731694
2.99999 -0.078125

-2.125 -0.187595
-2.12329 -0.1875

-2.12339 -0.1875
-2.10938 -0.186722

-2.10938 -0.186681
-2.09375 -0.185963

2.98438 -0.0620754
2.98714 -0.0625

3 -0.0314161
2.98613 -0.03125

-2.09375 -0.185932
-2.07812 -0.185507

1 0.00292347
1.01562 0.00808868

2.98438 -0.0166798
3 -0.0167078

-2.07812 -0.185509
-2.0625 -0.185434

2.98438 -0.00351779
3 -0.00351779

-2.0625 -0.185463
-2.04688 -0.185677

-2.04688 -0.185714
-2.03125 -0.186087

1.01562 0.00780397
1.03125 0.014099

-2.03125 -0.186114
-2.01562 -0.186516

2.5 0.320539
2.51562 0.32782

1.03125 0.0140305
1.03468 0.015625

-2.01562 -0.18653
-2 -0.186876

2.51562 0.327533
2.51671 0.328125

2.51651 0.328125
2.53125 0.336544

2.53125 0.336243
2.54146 0.34375

1.03354 0.015625
1.04688 0.0218249

1.04688 0.0218665
1.0625 0.029089

1.0625 0.0291619
1.06805 0.03125

1.06638 0.03125
1.07812 0.0356714

1.07812 0.0354632
1.09375 0.0390176

1.09375 0.0386943
1.10938 0.0406061

1.10938 0.0404642
1.125 0.0416637

2.54145 0.34375
2.54688 0.347932

2.54688 0.347673
2.55842 0.359375

1.125 0.0416342
1.14062 0.0424643

1.14062 0.0424443
1.15625 0.0430037

1.15625 0.0429751
1.17188 0.0433611

1.17188 0.0433219
1.1875 0.04367

1.1875 0.0436427
1.20312 0.0440855

1.20312 0.0440331
1.21875 0.0447297

1.21875 0.0445858
1.23438 0.045929

1.23438 0.0456936
1.24163 0.046875

1.24053 0.046875
1.25 0.0484167

2.55869 0.359375
2.5625 0.364826

2.5625 0.365178
2.56913 0.375

1.25 0.0487278
1.26562 0.0519586

2.5 0.483676
2.51562 0.479822

2.51562 0.479514
2.53125 0.47257

1.26562 0.0520525
1.28125 0.0550066

1.28125 0.0548312
1.29688 0.0576716

1.29688 0.0572996
1.3125 0.0611212

2.54688 0.463039
2.53818 0.46875

2.5625 0.448521
2.55823 0.453125

1.3125 0.060903
1.3179 0.0625

1.31484 0.0625
1.32812 0.0664292

1.32812 0.0664518
1.34375 0.0704491

2.54688 0.462186
2.55726 0.453125

2.53125 0.472481
2.53711 0.46875

1.34375 0.0701949
1.35938 0.0735841

1.35938 0.0733727
1.375 0.0770851

2.56904 0.375
2.57557 0.390625

2.57556 0.390625
2.57812 0.404715

2.57812 0.40486
2.57838 0.40625

1.375 0.0769489
1.37995 0.078125

1.37718 0.078125
1.39062 0.081322

1.39062 0.0810536
1.40625 0.0842665

2.57812 0.412254
2.57749 0.421875

2.57812 0.421988
2.57166 0.4375

2.57812 0.411851
2.57849 0.40625

-2 -0.186882
-1.98438 -0.187131

-1.98438 -0.187136
-1.96875 -0.187266

1.40625 0.0841038
1.42188 0.0873763

1.42188 0.0872727
1.4375 0.0911374

1.4375 0.0909324
1.44823 0.09375

1.44408 0.09375
1.45312 0.0961244

1.45312 0.095756
1.46875 0.0990627

-1.96875 -0.187271
-1.95312 -0.187265

-1.95312 -0.18727
-1.9375 -0.187107

2.5625 0.448506
2.57132 0.4375

2.57812 0.497928
2.57307 0.5

2.57812 0.498211
2.59375 0.491812

-1.9375 -0.187109
-1.92188 -0.186776

-1.92188 -0.186774
-1.90625 -0.186272

1.46875 0.0986896
1.48438 0.101476

1.48438 0.101332
1.5 0.104632

2.59375 0.492136
2.60938 0.485266

2.625 0.47786
2.61006 0.484375

-1.90625 -0.186264
-1.89062 -0.185616

-1.89062 -0.185601
-1.875 -0.184852

2.60938 0.484746
2.61023 0.484375

-1.875 -0.18483
-1.85938 -0.184052

-1.85938 -0.184026
-1.84375 -0.183315

-1.84375 -0.18329
-1.82812 -0.182747

-1.82812 -0.182732
-1.8125 -0.182438

-1.8125 -0.18244
-1.79688 -0.182423

-1.79688 -0.182444
-1.78125 -0.18266

-1.78125 -0.182693
-1.76562 -0.183034

-1.76562 -0.183067
-1.75 -0.183402

2.64062 0.468669
2.64049 0.46875

2.65625 0.458237
2.64067 0.46875

2.625 0.479444
2.64412 0.46875

2.67188 0.449066
2.66461 0.453125

2.65625 0.458773
2.66624 0.453125

2.67188 0.4501
2.6875 0.442012

2.70312 0.434061
2.69588 0.4375

2.70312 0.436095
2.71875 0.426339

-1.75 -0.183424
-1.73438 -0.183641

-1.73438 -0.183648
-1.71875 -0.183692

-1.71875 -0.183688
-1.70312 -0.183552

-1.70312 -0.183543
-1.6875 -0.183252

-1.6875 -0.183243
-1.67188 -0.182836

-1.67188 -0.182827
-1.65625 -0.18234

-1.65625 -0.182332
-1.64062 -0.181798

-1.64062 -0.18179
-1.625 -0.181239

2.75 0.400757
2.74029 0.40625

2.71875 0.423301
2.74537 0.40625

-1.625 -0.181232
-1.60938 -0.180694

-1.60938 -0.180687
-1.59375 -0.180191

-1.59375 -0.180184
-1.57812 -0.179758

-1.57812 -0.179752
-1.5625 -0.179421

-1.5625 -0.179416
-1.54688 -0.179201

-1.54688 -0.179197
-1.53125 -0.179118

-1.53125 -0.179115
-1.51562 -0.179186

-1.51562 -0.179184
-1.5 -0.179415

2.6875 0.441993
2.69519 0.4375

2.98438 0.00817099
3 0.00817099

2.98438 0.0252426
3 0.0252426

2.98438 0.0340466
3 0.0340466

2.98438 0.0592569
3 0.0592569

2.96841 0.109375
2.96836 0.125

2.98438 0.0747771
3 0.0747771

2.98438 0.0842083
3 0.0842083

2.96875 0.124611
3 0.115594

2.9375 0.205608
2.92706 0.21875

2.92637 0.21875
2.90917 0.25

2.95312 0.155985
2.95301 0.15625

2.96875 0.14025
2.96812 0.140625

2.95312 0.156009
2.96875 0.142503

2.95312 0.171469
2.95295 0.171875

2.95025 0.171875
2.9453 0.1875

2.95312 0.164618
2.96875 0.158239

2.96048 0.171875
2.96875 0.176031

2.96875 0.152046
3 0.132757

3 0.171995
2.97531 0.1875

-1.5 -0.179413
-1.48438 -0.179813

-1.48438 -0.179812
-1.46875 -0.180386

-1.46875 -0.180385
-1.45312 -0.181137

-1.45312 -0.181137
-1.4375 -0.182069

-1.375 -0.187581
-1.37578 -0.1875

-1.4375 -0.182069
-1.42188 -0.183183

-1.42188 -0.183183
-1.40625 -0.184477

-1.40625 -0.184479
-1.39062 -0.185947

-1.39062 -0.185951
-1.37578 -0.1875

2.9375 0.212081
2.95349 0.1875

2.95817 0.21875
2.95382 0.25

2.96875 0.208028
2.99138 0.1875

2.96875 0.224088
2.97178 0.25

-1.375 -0.187585
-1.35938 -0.189365

-1.35938 -0.189369
-1.34375 -0.191282

-1.34375 -0.19129
-1.32812 -0.193309

2.79688 0.363863
2.78666 0.375

2.8125 0.349569
2.79987 0.359375

2.79688 0.363188
2.80108 0.359375

2.85938 0.311329
2.85838 0.3125

-1.32812 -0.19332
-1.3125 -0.195409

-1.3125 -0.195425
-1.29688 -0.19753

-1.29688 -0.197563
-1.28125 -0.199588

-1.28125 -0.199675
-1.26562 -0.201381

-1.26562 -0.201634
-1.25 -0.202341

2.875 0.287553
2.86594 0.296875

2.85938 0.306923
2.86773 0.296875

2.82812 0.340657
2.82505 0.34375

2.84375 0.320102
2.83401 0.328125

-1.25 -0.202644
-1.23438 -0.201242

-1.23438 -0.201161
-1.21875 -0.197209

-1.21875 -0.196982
-1.20312 -0.191098

-1.20312 -0.190403
-1.19209 -0.1875

-1.20344 -0.1875
-1.20312 -0.187382

2.82812 0.336188
2.8361 0.328125

2.8125 0.353694
2.82396 0.34375

2.84375 0.325709
2.85697 0.3125

-1.19898 -0.1875
-1.1875 -0.184482

-1.15625 -0.188098
-1.16358 -0.1875

2.78125 0.382406
2.7504 0.40625

2.75 0.406455
2.75032 0.40625

-1.15625 -0.188287
-1.14062 -0.188455

-1.14062 -0.188397
-1.12921 -0.1875

-1.1875 -0.185706
-1.17188 -0.185934

-1.17188 -0.186752
-1.16271 -0.1875

-1.13029 -0.1875
-1.125 -0.187085

2.78125 0.381439
2.78811 0.375

-1.125 -0.186999
-1.10938 -0.184832

-1.10938 -0.184798
-1.09375 -0.182049

-1.09375 -0.182058
-1.07812 -0.178775

-1.07812 -0.178779
-1.0625 -0.174938

2.89062 0.275241
2.88553 0.28125

2.90625 0.256009
2.89192 0.265625

-1.0625 -0.174934
-1.05122 -0.171875

-1.05218 -0.171875
-1.04688 -0.170437

-1.04688 -0.170455
-1.03125 -0.166307

2.89062 0.269982
2.89711 0.265625

2.875 0.290038
2.88581 0.28125

2.90625 0.266351
2.9375 0.259299

2.90625 0.28127
2.90684 0.28125

2.9375 0.287331
2.97403 0.25

-1.03125 -0.16627
-1.01562 -0.162605

-1.01562 -0.162591
-1 -0.159512

3 -0.0725722
3.00011 -0.0625

3 -0.0320261
3.0005 -0.03125

3.03125 -0.00313867
3.02377 0

3.0625 -0.00695184
3.04224 0

3.125 -0.00666596
3.0902 0

3.25 -0.00508265
3.20646 0

3.5 -0.00371813
3.4086 0

3.03125 0.0124094
3.02027 0.03125

3.0267 0.03125
3.02814 0.0625

3.03125 0.0162219
3.05199 0

3.03002 0.0625
3.03125 0.085837

3.03125 0.109956
3.0265 0.125

3.03125 0.0745977
3.0327 0.09375

3.03125 0.12174
3.03582 0.09375

3.0625 0.0130779
3.09188 0

3 0.173118
3.03115 0.125

3 0.192018
3.0029 0.1875

3.125 0.00950879
3.19248 0

3.25 0.0042961
3.35461 0

4 -0.00554938
3.54834 0

3.5 0.000279878
3.52278 0

2.40327 0.5
2.40467 0.515625

2.40349 0.515625
2.40625 0.521538

2.40625 0.521099
2.41203 0.53125

2.41125 0.53125
2.42188 0.540976

2.42188 0.540502
2.4375 0.546864

2.4375 0.545492
2.45312 0.545313

2.45312 0.54498
2.46875 0.541671

2.5 0.528099
2.49276 0.53125

2.46875 0.541613
2.48438 0.535957

2.48438 0.535757
2.49472 0.53125

2.5 0.528419
2.51562 0.52193

2.53125 0.515175
2.53014 0.515625

2.51562 0.522207
2.53125 0.515895

2.53125 0.515356
2.54688 0.509745

2.54688 0.510575
2.5625 0.505049

2.5625 0.504773
2.57451 0.5

