-4 -0.00266401
-3.77341 0

-3.61867 0
-3.5 0.00139518

-3.5 -0.00176639
-3.45695 0

-3.25 -0.00256863
-3.22873 0

1.5 0.10567
1.51358 0.109375

1.51562 0.109323
1.51578 0.109375

1.51585 0.109375
1.53125 0.114345

-3 -0.25
-3 -0.1875

1.53125 0.114782
1.54688 0.120917

-0.875 -0.906315
-0.875065 -0.90625

1.54688 0.121684
1.55542 0.125

1.56221 0.125
1.5625 0.125112

1.5625 0.127296
1.57812 0.132647

1.57812 0.132402
1.59375 0.137188

1.59375 0.136987
1.60381 0.140625

-3.125 -0.00350602
-3.11157 0

-3 -0.0782712
-3.00326 -0.0625

-3.0625 -0.00196023
-3.05801 0

1.6066 0.140625
1.60938 0.141629

1.60938 0.142424
1.625 0.149777

-3 -0.00449636
-3.0011 0

1.625 0.150428
1.63677 0.15625

1.63716 0.15625
1.64062 0.157966

-3.40328 0
-3.25 0.00634398

-3.21496 0
-3.125 0.0121554

-3.10909 0
-3.0625 0.0198843

-3.0625 0.00817818
-3.03214 0.03125

-3.03821 0.03125
-3.03125 0.0431854

1.64062 0.157888
1.65625 0.165232

0 -0.102789
0.015625 -0.103103

0.015625 -0.103085
0.03125 -0.103421

0.03125 -0.103442
0.046875 -0.103793

0.046875 -0.103795
0.0625 -0.104114

0.0625 -0.104123
0.078125 -0.104385

0.078125 -0.104409
0.09375 -0.104546

0.09375 -0.104603
0.109375 -0.104452

0.109375 -0.104456
0.125 -0.103894

0.125 -0.103759
0.140625 -0.103051

0.140625 -0.102927
0.15625 -0.102592

0.15625 -0.102569
0.171875 -0.102901

0.171875 -0.102981
0.1875 -0.103863

1.65625 0.165656
1.67105 0.171875

-1 -0.140056
-0.984375 -0.132269

-0.984375 -0.131309
-0.972844 -0.125

0.1875 -0.104004
0.203125 -0.104995

-0.972513 -0.125
-0.96875 -0.122941

0.203125 -0.105309
0.21875 -0.105499

-0.96875 -0.123112
-0.953125 -0.11502

1.67118 0.171875
1.67188 0.172168

0.21875 -0.106127
0.234375 -0.103634

-3 0.0297475
-3.00583 0.03125

0.234375 -0.103848
0.25 -0.0969866

-0.953125 -0.114227
-0.941915 -0.109375

-3.03125 0.0503498
-3.0232 0.0625

-3.03583 0.0625
-3.03125 0.078112

-3.03125 0.0687617
-3.02009 0.09375

-3.01498 0.09375
-3.01041 0.125

1.67188 0.172043
1.6875 0.177336

-0.941469 -0.109375
-0.9375 -0.107657

0.3125 -0.142737
0.310388 -0.140625

0.25 -0.0950028
0.252063 -0.09375

0.253905 -0.09375
0.265625 -0.0866148

-3.02267 0.125
-3 0.164488

0.265625 -0.0857271
0.279272 -0.078125

0.279515 -0.078125
0.28125 -0.0771632

0.28125 -0.0772666
0.296875 -0.0702314

0.296875 -0.0701101
0.3125 -0.0645321

-0.9375 -0.107876
-0.921875 -0.103203

-3 -0.218784
-2.9859 -0.21875

1.6875 0.177698
1.70312 0.181345

0.3125 -0.0642504
0.320257 -0.0625

-0.921875 -0.103266
-0.90625 -0.0998378

-3 -0.218367
-2.98564 -0.21875

-0.90625 -0.0998871
-0.890625 -0.0974805

0.32125 -0.0625
0.328125 -0.0609485

1.70312 0.181011
1.71875 0.182955

0.328125 -0.0613257
0.34375 -0.0592128

1.71875 0.182694
1.73438 0.184126

-0.890625 -0.0977653
-0.875 -0.095712

1.73438 0.184083
1.75 0.185612

0.34375 -0.0590587
0.359375 -0.0576759

0.359375 -0.057708
0.375 -0.0572993

-0.8125 -0.205224
-0.81335 -0.203125

-0.8125 -0.188407
-0.812556 -0.1875

-0.84375 -0.129669
-0.84526 -0.125

-0.828125 -0.147024
-0.838818 -0.140625

-0.84375 -0.130167
-0.837158 -0.140625

-0.8125 -0.149602
-0.823996 -0.140625

1.75 0.185471
1.76562 0.187465

-0.796875 -0.224575
-0.806035 -0.21875

1.76562 0.187371
1.76631 0.1875

-0.796875 -0.22667
-0.78125 -0.221004

-0.8125 -0.206272
-0.803424 -0.21875

1.76634 0.1875
1.78125 0.190304

1.78125 0.190215
1.79688 0.194476

1.79688 0.195138
1.8125 0.199575

1.8125 0.199543
1.82812 0.202895

1.82812 0.202588
1.83096 0.203125

1.83101 0.203125
1.84375 0.205537

-0.811611 -0.203125
-0.810864 -0.1875

1.84375 0.205835
1.85938 0.208435

1.85938 0.208476
1.875 0.210046

-0.788319 -0.21875
-0.78125 -0.212586

-0.78125 -0.198394
-0.782982 -0.1875

-0.78125 -0.216162
-0.775554 -0.203125

-0.776111 -0.203125
-0.778951 -0.1875

1.875 0.209836
1.89062 0.210713

1.89062 0.210543
1.90625 0.211487

0.375 -0.057845
0.390625 -0.0572549

0.390625 -0.0574629
0.40625 -0.0551843

0.40625 -0.05481
0.421875 -0.0511758

0.421875 -0.0505897
0.4375 -0.0475207

1.90625 0.211441
1.92188 0.212883

1.92188 0.212931
1.9375 0.214868

1.9375 0.214879
1.95312 0.217195

1.95312 0.217098
1.96166 0.21875

1.96262 0.21875
1.96875 0.219937

1.96875 0.219988
1.98438 0.224179

-0.812178 -0.1875
-0.809572 -0.171875

-0.808378 -0.171875
-0.810679 -0.15625

-0.783849 -0.1875
-0.788314 -0.171875

-0.785767 -0.171875
-0.784945 -0.15625

-0.8125 -0.143236
-0.807851 -0.15625

-0.796875 -0.13485
-0.80638 -0.125

-0.781501 -0.15625
-0.787439 -0.140625

-0.796875 -0.133656
-0.790038 -0.140625

1.98438 0.224423
2 0.229405

0.4375 -0.0473406
0.444111 -0.046875

0.445868 -0.046875
0.453125 -0.0463639

0.46875 -0.0469822
0.455967 -0.046875

0.453125 -0.046779
0.46875 -0.0468419

0.484375 -0.0485787
0.475355 -0.046875

0.46875 -0.0453712
0.476775 -0.046875

0.484375 -0.049548
0.5 -0.0558722

-2.96875 -0.10572
-2.99439 -0.09375

-2.98739 -0.09375
-2.9898 -0.078125

-0.78125 -0.183257
-0.78027 -0.1875

-0.875 -0.0950963
-0.859375 -0.0940579

-0.84375 -0.0984276
-0.851365 -0.09375

-0.847576 -0.09375
-0.84375 -0.0918868

-0.845373 -0.078125
-0.852986 -0.0625

-0.841269 -0.125
-0.839573 -0.109375

-0.83671 -0.109375
-0.840589 -0.09375

-0.8125 -0.123573
-0.819602 -0.109375

-0.8125 -0.102984
-0.815731 -0.09375

-0.828125 -0.0864568
-0.839141 -0.078125

-0.84375 -0.0659273
-0.838221 -0.0625

-0.828125 -0.0801747
-0.821417 -0.09375

0.5 -0.0574234
0.515625 -0.0618344

1.78125 0.593743
1.78143 0.59375

1.78125 0.593754
1.78144 0.59375

-0.828125 -0.0673248
-0.8125 -0.0772167

0.515625 -0.0612953
0.53125 -0.0617691

0.53125 -0.0612438
0.546875 -0.0599091

0.546875 -0.0595294
0.5625 -0.0581961

-0.861305 -0.0625
-0.859375 -0.0541792

-0.859584 -0.046875
-0.859375 -0.0466875

-0.859375 -0.0585878
-0.84375 -0.0484403

-0.84375 -0.0581777
-0.833572 -0.0625

-0.8125 -0.121915
-0.811 -0.125

-0.8125 -0.108392
-0.810692 -0.09375

-0.8125 -0.0849077
-0.796875 -0.0813812

-0.796875 -0.0821677
-0.78125 -0.0834364

-0.75 -0.100815
-0.76474 -0.09375

-0.78125 -0.0825008
-0.765625 -0.0896411

2 0.229719
2.01562 0.234375

2.01562 0.233701
2.01754 0.234375

2.01825 0.234375
2.03125 0.238942

0.59375 -0.0643359
0.585566 -0.0625

0.59375 -0.0646113
0.609375 -0.0652287

0.609375 -0.0643405
0.622126 -0.0625

0.5625 -0.057126
0.578125 -0.0586939

0.578125 -0.0598758
0.589823 -0.0625

-2.98494 -0.078125
-2.98438 -0.072148

-2.97476 -0.09375
-2.98434 -0.078125

-2.98106 -0.078125
-2.98223 -0.0625

2.03125 0.239519
2.04688 0.246541

2.04688 0.247112
2.05427 0.25

-0.65625 -0.126519
-0.662681 -0.125

0.623042 -0.0625
0.625 -0.0622173

-0.65625 -0.126809
-0.64164 -0.125

0.625 -0.0622775
0.640625 -0.0585406

-0.75 -0.0995358
-0.734375 -0.102562

0.640625 -0.0574004
0.65625 -0.0541184

-0.734375 -0.101821
-0.71875 -0.104451

0.65625 -0.0543893
0.671875 -0.0533009

-2.96875 -0.0979479
-2.96092 -0.09375

-0.71875 -0.10411
-0.703125 -0.108508

2.15625 0.243454
2.14258 0.25

-0.6875 -0.114936
-0.701873 -0.109375

-2.96068 -0.09375
-2.95312 -0.0906418

-0.6875 -0.115226
-0.671875 -0.121574

-0.671875 -0.122756
-0.662369 -0.125

-2.95312 -0.0876579
-2.94092 -0.078125

-0.644755 -0.125
-0.640625 -0.124489

2.15625 0.243095
2.17188 0.238746

-0.640625 -0.12427
-0.625 -0.117251

0.671875 -0.053731
0.6875 -0.0534343

-2.94026 -0.078125
-2.9375 -0.0759387

-0.5625 -0.141694
-0.563324 -0.140625

0.734375 -0.0651905
0.72567 -0.0625

-0.563484 -0.140625
-0.570565 -0.125

0.734375 -0.0639039
0.75 -0.0644649

-0.53125 -0.159706
-0.540729 -0.15625

2.17188 0.239495
2.1875 0.238122

-2.98296 -0.0625
-2.98392 -0.046875

-2.9835 -0.046875
-2.98372 -0.03125

2.1875 0.238443
2.20312 0.237903

-0.5625 -0.141945
-0.546875 -0.155702

2.20312 0.237917
2.21875 0.23754

-0.546875 -0.154624
-0.542415 -0.15625

-2.98438 -0.0027056
-2.9844 0

-0.53125 -0.159145
-0.515625 -0.161288

2.21875 0.237511
2.23438 0.237329

-2.98376 -0.03125
-2.98398 -0.015625

2.23438 0.237327
2.25 0.237403

0.6875 -0.053016
0.703125 -0.0534877

0.703125 -0.0524965
0.71875 -0.0565556

0.71875 -0.0582394
0.732535 -0.0625

-2.98399 -0.015625
-2.98411 0

-2.9375 -0.0751526
-2.92188 -0.0641294

2.05373 0.25
2.0625 0.253423

-2.92188 -0.0632589
-2.92038 -0.0625

2.0625 0.25347
2.07812 0.256987

0.75 -0.0629234
0.752261 -0.0625

0.76308 -0.0625
0.765625 -0.0620235

0.765625 -0.0602218
0.78125 -0.0564455

2.07812 0.256817
2.09375 0.257804

2.09375 0.257038
2.10938 0.257366

2.10938 0.258295
2.125 0.257635

-0.515625 -0.160849
-0.5 -0.161856

2.125 0.258496
2.14062 0.253267

2.14062 0.252356
2.14555 0.25

0.78125 -0.0561985
0.796875 -0.0536801

-2.91965 -0.0625
-2.90625 -0.0556747

-2.90625 -0.0557256
-2.89062 -0.0517328

-0.625 -0.116067
-0.612689 -0.109375

0.796875 -0.05445
0.8125 -0.0521438

0.8125 -0.0505882
0.828125 -0.0500657

2.25 0.237421
2.26562 0.237721

0.828125 -0.0508831
0.84375 -0.0536206

2.26562 0.237738
2.28125 0.238191

0.84375 -0.0547976
0.859375 -0.0568062

2.28125 0.238187
2.29688 0.238764

2.29688 0.238757
2.3125 0.239478

2.3125 0.239478
2.32812 0.240355

2.32812 0.240356
2.34375 0.24139

2.34375 0.241392
2.35938 0.242575

0.859375 -0.056378
0.875 -0.0561603

-0.61332 -0.109375
-0.609375 -0.10723

0.875 -0.0557559
0.890625 -0.0549771

-2.89062 -0.0515479
-2.875 -0.0516981

0.890625 -0.0551882
0.90625 -0.0542349

-0.609375 -0.107682
-0.59375 -0.0998642

2.35938 0.24258
2.375 0.243897

-0.59375 -0.0950066
-0.578125 -0.0972025

0.90625 -0.0545553
0.921875 -0.0523648

0.921875 -0.0524871
0.9375 -0.048246

2.375 0.243908
2.39062 0.245325

2.39062 0.245334
2.40625 0.246813

-0.567866 -0.125
-0.570661 -0.109375

-0.56412 -0.109375
-0.576398 -0.09375

-0.578125 -0.09251
-0.575415 -0.09375

2.40625 0.246818
2.42188 0.248331

2.42188 0.248299
2.4375 0.2499

-2.8125 -0.130654
-2.82016 -0.125

-2.8125 -0.129613
-2.79688 -0.137265

-2.78125 -0.142588
-2.78651 -0.140625

0.935466 -0.046875
0.9375 -0.0463228

2.4375 0.249899
2.43839 0.25

0.9375 -0.0484429
0.944235 -0.046875

0.9375 -0.0464585
0.953125 -0.0428211

0.953125 -0.0439629
0.96875 -0.0421487

2.43848 0.25
2.45312 0.251665

2.45312 0.251753
2.46875 0.25355

2.46875 0.253566
2.48438 0.255176

2.48438 0.25516
2.5 0.256584

-2.79688 -0.136333
-2.78537 -0.140625

-2.78125 -0.142538
-2.76562 -0.147656

-2.76562 -0.147658
-2.75 -0.151561

-2.84375 -0.0747266
-2.85372 -0.0625

-0.5 -0.161808
-0.484375 -0.162653

-0.484375 -0.162871
-0.46875 -0.163215

-0.46875 -0.163213
-0.453125 -0.162624

-0.453125 -0.162577
-0.4375 -0.161152

3 -0.222867
2.99881 -0.21875

-0.390625 -0.207181
-0.403107 -0.203125

-2.82812 -0.116191
-2.83274 -0.109375

2.98438 -0.0862312
2.97467 -0.078125

0.96875 -0.0424363
0.984375 -0.0402622

-2.83175 -0.109375
-2.83833 -0.09375

0.984375 -0.0403922
1 -0.0370233

2.97996 -0.078125
2.9778 -0.0625

-0.399636 -0.203125
-0.393583 -0.1875

-2.82812 -0.116119
-2.81997 -0.125

-2.83689 -0.09375
-2.84308 -0.078125

2.98438 -0.0831923
3 -0.0813828

-0.390625 -0.20618
-0.385761 -0.203125

-2.84375 -0.0746188
-2.84169 -0.078125

-0.385014 -0.203125
-0.387532 -0.1875

2.98454 -0.078125
2.99452 -0.0625

-2.875 -0.0506006
-2.85938 -0.0574583

-2.85938 -0.0572724
-2.85302 -0.0625

2.97131 -0.0625
2.98438 -0.0526837

-0.4375 -0.16151
-0.421875 -0.158627

-0.421875 -0.157996
-0.414302 -0.15625

2.98438 -0.0579903
3 -0.0600731

-0.415075 -0.15625
-0.40625 -0.154215

-0.39115 -0.1875
-0.390625 -0.187363

-0.390625 -0.18638
-0.387507 -0.1875

2.98438 -0.046616
2.98674 -0.046875

-2.73438 -0.156619
-2.73582 -0.15625

-2.71875 -0.159983
-2.73288 -0.15625

-2.75 -0.150897
-2.73438 -0.154876

-0.40625 -0.154071
-0.390625 -0.151653

2.5 0.256564
2.51562 0.257875

2.51562 0.257867
2.53125 0.259121

-2.73438 -0.1545
-2.72775 -0.15625

2.53125 0.259118
2.54688 0.260338

-0.390625 -0.153083
-0.375 -0.149444

2.54688 0.260329
2.5625 0.261538

-0.375 -0.18466
-0.372961 -0.1875

-0.375 -0.158565
-0.367796 -0.15625

2.5625 0.261522
2.57812 0.262768

2.57812 0.262754
2.59375 0.264098

-2.71875 -0.159479
-2.70312 -0.162837

-2.70312 -0.162403
-2.6875 -0.166164

-2.64062 -0.18759
-2.64108 -0.1875

-2.64062 -0.187579
-2.64014 -0.1875

2.59375 0.264065
2.60938 0.265604

-2.67188 -0.172895
-2.67427 -0.171875

1 -0.0369585
1.01562 -0.0322647

2.60938 0.265589
2.60968 0.265625

1.01562 -0.032167
1.01824 -0.03125

-2.6875 -0.165274
-2.672 -0.171875

-0.375 -0.147353
-0.359375 -0.143403

-0.359375 -0.145896
-0.34375 -0.142063

-0.352943 -0.140625
-0.34375 -0.138527

-2.67188 -0.174003
-2.65625 -0.181179

-2.65625 -0.181485
-2.64062 -0.184577

2.60986 0.265625
2.625 0.267438

-2.64062 -0.185053
-2.625 -0.182497

1.01789 -0.03125
1.03125 -0.0265574

-0.34375 -0.143259
-0.337659 -0.140625

-2.625 -0.181566
-2.60938 -0.174277

2.625 0.267428
2.64062 0.269724

1.03125 -0.0265699
1.04688 -0.0207032

2.64062 0.26968
2.65625 0.272512

2.65625 0.27256
2.67188 0.275919

2.67188 0.276078
2.6875 0.279551

1.04688 -0.0207035
1.0597 -0.015625

2.6875 0.373182
2.68635 0.375

1.05938 -0.015625
1.0625 -0.0143907

-2.60938 -0.173554
-2.60625 -0.171875

1.0625 -0.0143551
1.07812 -0.00817721

-2.60662 -0.171875
-2.59375 -0.16497

1.07812 -0.00816279
1.09375 -0.00229934

-0.342581 -0.140625
-0.328125 -0.134374

1.09375 -0.0023781
1.10026 0

-2.59375 -0.164861
-2.57812 -0.157445

2.6875 0.279508
2.69507 0.28125

-0.328125 -0.134333
-0.3125 -0.125364

2.69616 0.28125
2.70312 0.282853

-2.57812 -0.157269
-2.57421 -0.15625

2.70312 0.282966
2.71875 0.287049

-0.3125 -0.125189
-0.3117 -0.125

-0.28125 -0.132849
-0.291245 -0.125

-2.57804 -0.15625
-2.5625 -0.152208

-0.265625 -0.14585
-0.276785 -0.140625

2.71875 0.287033
2.73438 0.291671

2.73438 0.291819
2.75 0.296747

-2.53125 -0.159528
-2.54295 -0.15625

2.6875 0.373311
2.70312 0.363958

-0.28125 -0.136429
-0.274585 -0.140625

2.70312 0.369356
2.71875 0.371916

2.71875 0.371766
2.73124 0.375

-0.265625 -0.143751
-0.25029 -0.140625

2.75 0.373712
2.7438 0.375

-2.5625 -0.152265
-2.54688 -0.153779

2.6869 0.375
2.68566 0.390625

-2.54688 -0.155401
-2.54385 -0.15625

-2.53125 -0.159977
-2.51562 -0.163577

-0.251619 -0.140625
-0.25 -0.140295

-0.3125 -0.12215
-0.296875 -0.118461

2.6875 0.380276
2.68853 0.375

2.6875 0.393345
2.70312 0.405731

2.70312 0.399874
2.71875 0.395865

1.10033 0
1.10938 0.0033035

2.69971 0.40625
2.70312 0.408085

-0.296875 -0.115105
-0.28125 -0.124814

-0.28125 -0.124732
-0.281078 -0.125

2.70312 0.411661
2.71875 0.407074

2.73285 0.375
2.73438 0.379224

2.71875 0.395388
2.73112 0.390625

1.10938 0.00339574
1.125 0.00896301

2.75 0.376292
2.74131 0.390625

-0.25 -0.139665
-0.234375 -0.130787

1.125 0.00893468
1.14062 0.0142559

-0.234375 -0.129266
-0.228806 -0.125

2.73438 0.395131
2.75 0.390751

-2.51562 -0.164047
-2.5 -0.165144

2.71875 0.406415
2.71922 0.40625

-2.98439 0
-2.9844 0.015625

2.79193 0.15625
2.78294 0.171875

-0.22621 -0.125
-0.21875 -0.119239

-2.98446 0.015625
-2.98438 0.0270807

-0.21875 -0.115995
-0.209734 -0.109375

-2.98412 0
-2.98407 0.015625

-2.984 0.015625
-2.98388 0.03125

1.14062 0.0141677
1.14489 0.015625

2.79407 0.171875
2.795 0.1875

2.79688 0.164616
2.81098 0.15625

-2.98391 0.03125
-2.98383 0.046875

2.79047 0.1875
2.79168 0.203125

-0.206034 -0.109375
-0.203125 -0.10731

-2.98385 0.046875
-2.98378 0.0625

-0.203125 -0.105185
-0.1875 -0.0976952

2.78862 0.203125
2.79688 0.215197

1.14496 0.015625
1.15625 0.019487

2.79688 0.209985
2.80856 0.21875

1.15625 0.0196955
1.17188 0.0248692

-2.98384 0.0625
-2.98363 0.078125

1.17188 0.0249803
1.1875 0.0293582

-2.98397 0.078125
-2.98282 0.09375

2.81069 0.21875
2.8125 0.219536

-0.1875 -0.098631
-0.172367 -0.09375

-2.98446 0.09375
-2.97241 0.125

-0.171875 -0.0939842
-0.171188 -0.09375

-2.97184 0.125
-2.96875 0.135987

-3 0.171982
-2.96875 0.182803

1.1875 0.0291636
1.19588 0.03125

-2.96875 0.125867
-2.96063 0.140625

1.19652 0.03125
1.20312 0.0328946

-0.171063 -0.09375
-0.15625 -0.0886979

1.20312 0.0329472
1.21875 0.0369613

-0.15625 -0.0880154
-0.140625 -0.0828956

-2.96245 0.140625
-2.95501 0.15625

-0.140625 -0.0825799
-0.125 -0.0796618

2.8125 0.157357
2.82812 0.157017

-2.95312 0.150273
-2.95049 0.15625

-0.125 -0.0800014
-0.109375 -0.0792373

1.21875 0.03718
1.23438 0.0409528

-0.109375 -0.0801138
-0.09375 -0.0790716

1.23438 0.040954
1.25 0.0440457

-2.95312 0.159679
-2.95461 0.171875

-2.95312 0.177603
-2.96696 0.1875

-0.0625 -0.0957868
-0.06536 -0.09375

2.82812 0.158571
2.84375 0.160122

-2.95146 0.15625
-2.94965 0.171875

2.84375 0.159808
2.85938 0.160772

1.25 0.043662
1.26562 0.0468376

1.26562 0.0468778
1.28125 0.0508246

1.28125 0.0513529
1.29688 0.0549341

2.85938 0.160316
2.875 0.162235

2.84375 0.214771
2.83324 0.21875

-2.94751 0.171875
-2.95298 0.1875

2.8125 0.219449
2.82812 0.220397

-0.078125 -0.08086
-0.0899486 -0.078125

1.29688 0.0546828
1.3125 0.0573444

-0.09375 -0.0748163
-0.0784049 -0.078125

1.3125 0.0570572
1.32812 0.0598762

1.32812 0.059878
1.33908 0.0625

1.34071 0.0625
1.34375 0.0632273

2.82812 0.218857
2.82841 0.21875

2.84375 0.212105
2.85938 0.204084

2.875 0.199253
2.86084 0.203125

-2.99542 0.1875
-2.96875 0.196819

2.98438 0.0779598
3 0.0779598

1.34375 0.0638859
1.35938 0.0680082

2.98438 0.0935953
3 0.0935953

-0.078125 -0.0811569
-0.0625 -0.0915048

-0.0625 -0.0945532
-0.046875 -0.101908

-0.046875 -0.100233
-0.03125 -0.102223

-0.03125 -0.101862
-0.015625 -0.10256

-0.015625 -0.102441
0 -0.102809

-2.94724 0.1875
-2.9375 0.195935

-2.9375 0.221034
-2.94176 0.25

1.35938 0.0678574
1.375 0.0719348

2.99961 0.09375
2.98489 0.125

2.875 0.163615
2.89062 0.164639

-2.9375 0.196674
-2.92188 0.201501

-2.9375 0.208655
-2.92484 0.203125

2.89062 0.162623
2.90625 0.164024

2.90625 0.163901
2.92188 0.169958

2.92188 0.172101
2.9375 0.178771

1.375 0.0720828
1.39062 0.0761208

1.39062 0.0758103
1.39847 0.078125

-2.92188 0.214166
-2.91793 0.21875

-2.9375 0.224198
-2.90773 0.21875

2.875 0.198865
2.89062 0.200235

1.39952 0.078125
1.40625 0.0801119

2.89062 0.187854
2.90625 0.200694

-2.90625 0.245773
-2.90493 0.25

2.89446 0.203125
2.89836 0.21875

2.89315 0.21875
2.89773 0.234375

2.89661 0.234375
2.90625 0.245141

2.90625 0.195443
2.90711 0.203125

2.90625 0.241067
2.91552 0.25

2.95312 0.154304
2.95246 0.15625

1.40625 0.0809394
1.42188 0.0857121

1.42188 0.0857428
1.4375 0.0892921

-2.94389 0.25
-2.9375 0.264243

-2.9375 0.264668
-2.90625 0.279402

-2.91136 0.28125
-2.90625 0.282891

1.4375 0.0888917
1.45312 0.0919568

1.45312 0.0917264
1.46094 0.09375

1.46177 0.09375
1.46875 0.0955572

1.46875 0.096103
1.48438 0.10093

-2.90246 0.25
-2.89406 0.265625

-2.89062 0.273236
-2.89763 0.28125

-2.89062 0.260754
-2.88667 0.265625

-2.88632 0.265625
-2.88426 0.28125

-2.90625 0.28797
-2.87525 0.28125

-2.875 0.28769
-2.85938 0.294968

-2.875 0.307969
-2.85938 0.307555

-2.85938 0.29579
-2.85878 0.296875

-2.85938 0.310141
-2.8579 0.296875

-2.84818 0.3125
-2.84375 0.313682

-2.84375 0.325001
-2.82812 0.326257

-2.84375 0.334666
-2.82812 0.33416

1.48438 0.100988
1.5 0.105613

2.95312 0.152174
2.96875 0.152393

2.95312 0.17157
2.94995 0.171875

2.9375 0.1768
2.95312 0.183208

2.95312 0.15707
2.96168 0.171875

2.95312 0.178714
2.96178 0.1875

-2.5 -0.164676
-2.48438 -0.163268

-2.48438 -0.162879
-2.46875 -0.160681

-2.46875 -0.160764
-2.45312 -0.158386

-2.45312 -0.158185
-2.44019 -0.15625

3 0.13429
2.99229 0.15625

3 0.179415
2.98664 0.1875

2.947 0.1875
2.96875 0.19671

2.9375 0.235782
2.958 0.25

2.96875 0.205173
3 0.191617

-2.43991 -0.15625
-2.4375 -0.155889

-2.43652 -0.15625
-2.42188 -0.15337

-2.42188 -0.151275
-2.40625 -0.150483

2.75 0.296754
2.75031 0.296875

2.75366 0.296875
2.76562 0.302971

-2.39062 -0.156376
-2.39112 -0.15625

-2.39062 -0.156772
-2.375 -0.160794

-2.40625 -0.151338
-2.39062 -0.155291

2.76562 0.298441
2.77882 0.3125

2.76562 0.338836
2.76373 0.34375

2.77876 0.3125
2.77647 0.328125

-2.375 -0.160609
-2.35938 -0.162113

-2.35938 -0.161727
-2.34375 -0.161858

-2.34375 -0.161693
-2.32812 -0.161552

-2.32812 -0.161441
-2.3125 -0.161581

-2.3125 -0.161522
-2.29688 -0.162285

-2.29688 -0.162575
-2.28125 -0.163497

2.76562 0.334753
2.76815 0.328125

2.76562 0.351252
2.7636 0.359375

-2.28125 -0.163615
-2.26562 -0.163879

-2.26562 -0.163661
-2.25 -0.163467

2.76068 0.359375
2.75193 0.375

2.76562 0.352629
2.76779 0.359375

2.76562 0.371638
2.78125 0.368525

-2.25 -0.163258
-2.23438 -0.16346

-2.23438 -0.16342
-2.21875 -0.164513

-2.21875 -0.164621
-2.20312 -0.166467

-2.20312 -0.16665
-2.1875 -0.168668

-2.1875 -0.168739
-2.17188 -0.170422

-2.17188 -0.170262
-2.15625 -0.171788

2.79688 0.356833
2.79228 0.359375

2.78125 0.367223
2.79325 0.359375

2.79688 0.358037
2.8125 0.345535

-2.14062 -0.173625
-2.15439 -0.171875

-2.15625 -0.171649
-2.15447 -0.171875

2.85938 0.295983
2.85845 0.296875

2.84375 0.312222
2.85888 0.296875

-2.14062 -0.173919
-2.125 -0.176072

2.85938 0.294602
2.875 0.283802

2.85938 0.30777
2.87371 0.296875

-2.125 -0.176231
-2.10938 -0.177646

-2.10938 -0.177648
-2.09375 -0.178003

-2.09375 -0.177953
-2.07812 -0.177346

-2.07812 -0.177244
-2.0625 -0.175978

-2.0625 -0.175839
-2.04688 -0.174396

-2.04688 -0.174252
-2.03125 -0.173201

-2.03125 -0.173137
-2.01562 -0.172895

-2.01562 -0.172954
-2 -0.173531

2.82812 0.32968
2.81302 0.34375

2.84375 0.31539
2.8303 0.328125

2.82812 0.329105
2.82938 0.328125

2.8125 0.345036
2.81405 0.34375

2.84375 0.321572
2.85427 0.3125

2.75 0.386519
2.78028 0.375

2.875 0.279213
2.89062 0.276134

2.90528 0.25
2.90625 0.250569

-2.45312 0.437716
-2.45291 0.4375

2.89062 0.281057
2.89269 0.28125

2.875 0.290505
2.90398 0.28125

2.9375 0.260825
2.92976 0.28125

2.90625 0.288396
2.92452 0.28125

2.9375 0.28504
2.95407 0.25

3.00001 -0.25
3.00001 -0.1875

3 -0.0950307
3.00229 -0.09375

3 -0.0891643
3.00797 -0.0625

3 -0.0531991
3.00876 -0.0625

3.0625 -0.00732768
3.04117 0

3.125 -0.00463443
3.09935 0

3.25 -0.00384214
3.21367 0

3.5 -0.00303367
3.41889 0

3.03125 0.0207817
3.02573 0.03125

3.02911 0.03125
3.02497 0.0625

3.03125 0.0154741
3.05066 0

3.02971 0.0625
3.02433 0.09375

3.02596 0.09375
3.0221 0.125

3.0625 0.0137819
3.09707 0

3 0.177365
3.03113 0.125

-1.4375 -0.829637
-1.43804 -0.828125

-1.43795 -0.828125
-1.4375 -0.827007

-1.4375 -0.829173
-1.42834 -0.828125

3 0.194477
3.0068 0.1875

3.125 0.00901811
3.19301 0

-1.4375 -0.827214
-1.42752 -0.828125

3.25 0.0037796
3.34818 0

4 -0.00428189
3.60836 0

-2 -0.173622
-1.98438 -0.174719

-1.98438 -0.174784
-1.96875 -0.176089

-1.96875 -0.17615
-1.95312 -0.177408

-1.95312 -0.177447
-1.9375 -0.178456

-1.9375 -0.17845
-1.92188 -0.179146

-1.92188 -0.179123
-1.90625 -0.179567

-1.90625 -0.179545
-1.89062 -0.17983

-1.89062 -0.179817
-1.875 -0.180013

-1.875 -0.180013
-1.85938 -0.180148

-1.85938 -0.180158
-1.84375 -0.180208

-1.84375 -0.18022
-1.82812 -0.180141

-1.82812 -0.180152
-1.8125 -0.179899

-1.8125 -0.179925
-1.79688 -0.179424

-1.79688 -0.179456
-1.78125 -0.178593

-1.78125 -0.178608
-1.76562 -0.177289

-1.76562 -0.177285
-1.75 -0.175489

-1.75 -0.175444
-1.73438 -0.173268

-1.73438 -0.173185
-1.72653 -0.171875

-1.72437 -0.171875
-1.71875 -0.170937

-1.71875 -0.17145
-1.70312 -0.166827

-1.70312 -0.165598
-1.6875 -0.15998

-1.6875 -0.159072
-1.67188 -0.156733

-1.67188 -0.157688
-1.65625 -0.158534

-1.65625 -0.158605
-1.64062 -0.160583

-1.64062 -0.160828
-1.625 -0.163307

-1.625 -0.163355
-1.60938 -0.165748

-1.60938 -0.165603
-1.59375 -0.168102

-1.59375 -0.168086
-1.57812 -0.171015

-1.5625 -0.174091
-1.57515 -0.171875

-1.57812 -0.171289
-1.57478 -0.171875

-1.5625 -0.17439
-1.54688 -0.175657

-1.54688 -0.175672
-1.53125 -0.174814

-1.53125 -0.174367
-1.51562 -0.17225

-1.51562 -0.171888
-1.51553 -0.171875

-1.514 -0.171875
-1.5 -0.169941

-1.5 -0.169978
-1.48438 -0.168008

-1.48438 -0.167943
-1.46875 -0.166197

-1.46875 -0.166136
-1.45312 -0.164866

-1.45312 -0.164834
-1.4375 -0.164224

-1.4375 -0.16423
-1.42188 -0.164332

-1.42188 -0.164356
-1.40625 -0.165112

-1.40625 -0.165167
-1.39062 -0.16642

-1.39062 -0.166477
-1.375 -0.168005

-1.375 -0.168064
-1.35938 -0.169634

-1.35938 -0.169581
-1.34375 -0.171181

-1.32812 -0.173063
-1.33789 -0.171875

-1.34375 -0.171009
-1.33663 -0.171875

-1.32812 -0.173314
-1.3125 -0.17505

-1.3125 -0.175096
-1.29688 -0.175945

-1.29688 -0.175982
-1.28125 -0.175778

-1.28125 -0.175826
-1.26562 -0.174397

-1.26562 -0.174146
-1.25 -0.171898

-1.25 -0.171889
-1.24991 -0.171875

-1.25 -0.171859
-1.23438 -0.169374

-1.23438 -0.169657
-1.21875 -0.166445

-1.21875 -0.166528
-1.20312 -0.161858

-1.20312 -0.161084
-1.1875 -0.156336

-1.1875 -0.156293
-1.18729 -0.15625

-1.18739 -0.15625
-1.17188 -0.153122

-1.17188 -0.153469
-1.15625 -0.151352

-1.15625 -0.151858
-1.14062 -0.149065

-1.14062 -0.148768
-1.125 -0.144882

-1.07812 -0.190609
-1.0791 -0.1875

-1.07812 -0.190376
-1.0625 -0.202138

-1.125 -0.144018
-1.10938 -0.141361

-1.10938 -0.141596
-1.09375 -0.141426

-1.07867 -0.1875
-1.07812 -0.186002

-1.07812 -0.187005
-1.0625 -0.172137

-1.06262 -0.171875
-1.0625 -0.171495

-1.09375 -0.141447
-1.07812 -0.143255

-1.07812 -0.143384
-1.0625 -0.146867

-1.0625 -0.200274
-1.05012 -0.1875

-1.04819 -0.1875
-1.0602 -0.171875

-1.0625 -0.156683
-1.0606 -0.15625

-1.04688 -0.18455
-1.04619 -0.1875

-1.0625 -0.147767
-1.04688 -0.150813

-1.04688 -0.151445
-1.03125 -0.150982

-1.03125 -0.15053
-1.01562 -0.146251

-1.01562 -0.145689
-1.00268 -0.140625

-1.00233 -0.140625
-1 -0.139714

