-4 -0.00493881
-3.60148 0

-3.51073 0
-3.5 0.00013297

-3.5 -0.0032555
-3.41996 0

1.53125 -0.0354057
1.51872 -0.03125

1.5 -0.0254335
1.51562 -0.030964

-3.25 -0.00482275
-3.21162 0

-3.125 -0.00679565
-3.09932 0

-3 -0.0753883
-3.00072 -0.0625

-3 -0.0366047
-3.00016 -0.03125

-3.38892 0
-3.25 0.00569009

1.51562 -0.0308798
1.51674 -0.03125

1.53125 -0.0358266
1.54688 -0.0413065

-3.20695 0
-3.125 0.0110093

-3.10074 0
-3.0625 0.0178319

-3.0625 0.0027729
-3.03125 0.0285173

-3.03869 0.03125
-3.03125 0.0501579

-3 0.0304535
-3.00096 0.03125

1.54688 -0.0415688
1.5625 -0.0461558

1.57812 -0.0495012
1.56685 -0.046875

1.5625 -0.046104
1.56581 -0.046875

1.57812 -0.0495102
1.59375 -0.0527777

1.59375 -0.0528782
1.60938 -0.0556729

1.60938 -0.0556519
1.625 -0.0578151

-3.03125 0.0558131
-3.02701 0.0625

-3.03768 0.0625
-3.03125 0.0882977

-3.03762 0.09375
-3.03125 0.110239

-3.03125 0.0849152
-3.0236 0.09375

-3.03125 0.0964548
-3 0.122605

1.625 -0.0577907
1.64062 -0.0594132

1.64062 -0.0593899
1.65625 -0.0605673

1.65625 -0.0605439
1.67188 -0.0613696

1.67188 -0.0613475
1.6875 -0.0619126

-3.01959 0.125
-3 0.152738

1.73438 -0.0625382
1.71998 -0.0625

1.73438 -0.0625305
1.73813 -0.0625

1.6875 -0.0618984
1.70312 -0.0622757

1.70312 -0.062277
1.71875 -0.0624921

1.71875 -0.0624952
1.72056 -0.0625

1.73818 -0.0625
1.75 -0.0624041

-2.96875 -0.118341
-2.99973 -0.09375

-2.98857 -0.09375
-2.98555 -0.078125

-2.98527 -0.078125
-2.98438 -0.0658059

-2.98382 -0.09375
-2.98228 -0.078125

-2.98401 -0.078125
-2.98322 -0.0625

-2.96875 -0.11083
-2.96495 -0.109375

-2.96875 -0.109189
-2.95312 -0.103868

-2.95312 -0.102708
-2.9375 -0.0976339

-2.98438 -0.0318149
-2.98439 -0.03125

-2.98403 -0.0625
-2.98431 -0.046875

1.75 -0.0623793
1.76562 -0.0621485

1.76562 -0.0621212
1.78125 -0.0618904

1.78125 -0.0618731
1.79688 -0.0617318

0.046875 0.0553433
0.0343369 0.0625

0.0625 0.0461899
0.0611391 0.046875

1.79688 -0.0617307
1.8125 -0.0617158

1.875 -0.0626136
1.86944 -0.0625

1.8125 -0.0617219
1.82812 -0.0618237

1.82812 -0.0618298
1.84375 -0.062024

-1 -0.00570683
-0.984375 -0.00359412

0.046875 0.0548704
0.0624152 0.046875

0 0.0740237
0.015625 0.0718333

1.84375 -0.0620288
1.85938 -0.0622939

1.85938 -0.0622994
1.8692 -0.0625

1.875 -0.0626152
1.89062 -0.0629835

-2.98438 -0.0412392
-2.9842 -0.046875

-0.984375 -0.00357752
-0.96875 -0.00154886

-0.96875 -0.00152265
-0.955969 0

-2.98438 -0.0291311
-2.9862 -0.015625

-2.98685 -0.015625
-2.99031 0

-2.98438 -0.0310543
-2.98435 -0.03125

1.89062 -0.0629829
1.90625 -0.0634044

1.90625 -0.0634047
1.92188 -0.0638797

1.92188 -0.0638806
1.9375 -0.064407

1.9375 -0.0644082
1.95312 -0.0649816

1.95312 -0.0649828
1.96875 -0.0655982

1.96875 -0.0655993
1.98438 -0.066252

1.98438 -0.0662542
2 -0.0669375

-0.95591 0
-0.953125 0.00033176

-0.953125 0.000320363
-0.9375 0.00199932

-0.9375 0.00199194
-0.921875 0.00353753

-0.921875 0.00353185
-0.90625 0.00497021

-0.90625 0.00495862
-0.890625 0.00632431

-0.890625 0.0063142
-0.875 0.00765062

-0.875 0.00764422
-0.859375 0.00898441

-0.859375 0.00898078
-0.84375 0.0103448

-0.84375 0.0103432
-0.828125 0.0117413

-0.828125 0.0117422
-0.8125 0.0131758

-0.8125 0.0131805
-0.796875 0.0146384

-0.796875 0.0146475
-0.786385 0.015625

-0.786365 0.015625
-0.78125 0.0161016

-0.78125 0.0161059
-0.765625 0.0175368

-0.765625 0.0175554
-0.75 0.0189177

-0.75 0.0189252
-0.734375 0.0201665

0.015625 0.0718969
0.03125 0.0654201

0.03125 0.0649832
0.0356077 0.0625

0.0625 0.0462677
0.078125 0.0415261

-2.9375 -0.0979617
-2.92188 -0.0951513

0.078125 0.0421227
0.09375 0.0405532

2 -0.0669417
2.01562 -0.0676432

0.09375 0.040769
0.109375 0.0407468

-2.92188 -0.0950669
-2.90625 -0.0940334

2.01562 -0.0676502
2.03125 -0.0683477

2.03125 -0.0683572
2.04688 -0.0690178

2.04688 -0.0690274
2.0625 -0.0696129

2.0625 -0.0696169
2.07812 -0.0701

2.07812 -0.0700908
2.09375 -0.0704818

-0.734375 0.0201054
-0.71875 0.0213328

-0.71875 0.0211508
-0.703125 0.0228506

-2.90625 -0.0943472
-2.89062 -0.0946318

-2.89062 -0.0943173
-2.875 -0.0959211

0.109375 0.0409469
0.125 0.04164

2.09375 -0.0704549
2.10938 -0.0708261

2.10938 -0.0707876
2.125 -0.0712696

2.125 -0.071237
2.14062 -0.0719721

2.14062 -0.0719638
2.15625 -0.0730338

2.15625 -0.0730574
2.17188 -0.0744317

2.17188 -0.0744801
2.1875 -0.0760148

2.1875 -0.0760708
2.20312 -0.0775569

2.21875 -0.0788357
2.20961 -0.078125

2.20312 -0.0776004
2.20987 -0.078125

2.21875 -0.0788772
2.23438 -0.0796113

2.23438 -0.0796194
2.25 -0.0797564

-0.703125 0.0226092
-0.6875 0.0256283

2.25 -0.0797364
2.26562 -0.0793001

0.125 0.0417432
0.140625 0.042545

2.26562 -0.0792649
2.28125 -0.078366

2.28125 -0.0783316
2.2839 -0.078125

-0.6875 0.025471
-0.671875 0.0305887

-0.671875 0.0305239
-0.669738 0.03125

0.140625 0.0425876
0.15625 0.0432068

0.15625 0.0432252
0.171875 0.0435397

0.171875 0.0435249
0.1875 0.0435275

0.1875 0.0434952
0.203125 0.0432804

0.203125 0.0432373
0.21875 0.0429558

0.21875 0.0429113
0.234375 0.0427386

-2.875 -0.0963957
-2.85938 -0.0989981

0.234375 0.042697
0.25 0.0428057

2.28388 -0.078125
2.29688 -0.0771102

2.29688 -0.0770707
2.3125 -0.0756802

0.25 0.042778
0.265625 0.0433067

0.265625 0.0433169
0.28125 0.0443004

0.28125 0.0443696
0.296875 0.0456491

0.296875 0.0457498
0.311116 0.046875

0.311028 0.046875
0.3125 0.0469913

0.3125 0.0470066
0.328125 0.0479505

0.328125 0.0479308
0.34375 0.0485805

0.34375 0.0485806
0.359375 0.0489755

0.359375 0.0490287
0.375 0.0490625

0.375 0.0491606
0.390625 0.0485303

-0.672806 0.03125
-0.671875 0.0315548

2.3125 -0.0756615
2.32812 -0.0742174

2.32812 -0.0741993
2.34375 -0.0727749

0.40625 0.0467573
0.405105 0.046875

-2.85938 -0.0992345
-2.84375 -0.101413

2.34375 -0.0727218
2.35938 -0.0714596

2.35938 -0.07136
2.375 -0.0705654

0.390625 0.0485925
0.40625 0.0469861

-0.671875 0.0317499
-0.65625 0.0370579

0.40625 0.046652
0.421875 0.0446132

0.421875 0.0440836
0.4375 0.0433311

-0.65625 0.0375215
-0.640625 0.0397885

-0.640625 0.0392013
-0.625 0.038575

0.4375 0.0429676
0.453125 0.0452875

-2.84375 -0.101609
-2.82812 -0.102501

0.453125 0.0455942
0.458832 0.046875

2.375 -0.0705044
2.39062 -0.0704987

0.453336 0.046875
0.46875 0.0503341

0.46875 0.0507668
0.484375 0.0515144

0.484375 0.0506957
0.5 0.0489889

2.39062 -0.0706207
2.40625 -0.0712822

2.40625 -0.0715316
2.42188 -0.0721176

2.42188 -0.0722372
2.4375 -0.0720093

2.4375 -0.0719403
2.45312 -0.0707976

2.45312 -0.0706811
2.46875 -0.0689944

2.46875 -0.0689291
2.48438 -0.0670622

2.48438 -0.0670488
2.5 -0.065159

0.5 0.0485041
0.515625 0.04695

0.53125 0.0461626
0.521663 0.046875

0.515625 0.0472997
0.521341 0.046875

0.53125 0.0462242
0.546875 0.0445859

0.546875 0.0444524
0.5625 0.0424627

0.5625 0.0424656
0.578125 0.0403854

0.578125 0.0403831
0.59375 0.0382114

0.59375 0.0382426
0.609375 0.0359216

0.609375 0.0360483
0.625 0.0332621

0.640625 0.029557
0.633653 0.03125

0.640625 0.0292773
0.65625 0.0248569

0.625 0.0334494
0.634058 0.03125

0.65625 0.0241255
0.671875 0.0212124

0.671875 0.0206535
0.6875 0.021828

-2.82812 -0.102263
-2.8125 -0.101957

2.5 -0.0651668
2.51562 -0.0632654

-2.8125 -0.10188
-2.79688 -0.101004

-2.79688 -0.100839
-2.78125 -0.0998781

-2.78125 -0.099894
-2.76562 -0.0991486

-2.76562 -0.0991261
-2.75 -0.0986088

2.51562 -0.0632753
2.52182 -0.0625

-2.75 -0.0986656
-2.73438 -0.0983077

-2.73438 -0.0982794
-2.71875 -0.0980235

-2.71875 -0.0980188
-2.70312 -0.0979313

2.52186 -0.0625
2.53125 -0.0613258

0.6875 0.0222798
0.703125 0.0277562

2.53125 -0.0613228
2.54688 -0.0592938

0.703125 0.0285622
0.710388 0.03125

2.54688 -0.0593071
2.5625 -0.0571789

2.5625 -0.0571906
2.57812 -0.0549129

0.707242 0.03125
0.71875 0.0355087

2.57812 -0.0549191
2.59375 -0.0524562

0.71875 0.0347513
0.734375 0.0384144

2.59375 -0.0524595
2.60938 -0.0497924

2.60938 -0.0497915
2.625 -0.0469156

2.625 -0.0468928
2.62509 -0.046875

2.62509 -0.046875
2.64062 -0.0438555

2.64062 -0.0437981
2.65625 -0.040761

2.65625 -0.0406328
2.67188 -0.0379668

2.67188 -0.0378396
2.6875 -0.0360554

2.6875 -0.0360732
2.70312 -0.0353895

2.70312 -0.035576
2.71875 -0.0355841

0.734375 0.038191
0.75 0.0408485

0.75 0.040829
0.765625 0.0429669

0.765625 0.0430219
0.78125 0.044569

0.78125 0.0446424
0.796875 0.0453419

0.796875 0.0453421
0.8125 0.0450469

0.8125 0.0450155
0.828125 0.0437882

0.828125 0.0437333
0.84375 0.0417466

0.84375 0.0416724
0.859375 0.0391847

0.859375 0.0390806
0.875 0.0364484

0.875 0.0363363
0.890625 0.0339919

0.890625 0.0339045
0.90625 0.032247

-0.625 0.0381468
-0.609375 0.036658

-2.70312 -0.0979192
-2.6875 -0.0980337

-2.6875 -0.0981092
-2.67188 -0.0982989

-2.67188 -0.09833
-2.65625 -0.0983815

2.71875 -0.0358354
2.73438 -0.0356596

0.90625 0.0322127
0.921875 0.0314856

2.73438 -0.0359108
2.75 -0.0345461

0.921875 0.0315107
0.9375 0.0317322

2.75 -0.0346346
2.76562 -0.0314096

-2.65625 -0.0983902
-2.64062 -0.098224

-0.609375 0.036663
-0.59375 0.035158

0.9375 0.0318192
0.953125 0.0327651

-0.59375 0.0352048
-0.578125 0.0335798

2.76486 -0.03125
2.76562 -0.0310914

-0.578125 0.0335369
-0.5625 0.0317838

2.76562 -0.0310429
2.78125 -0.026514

0.953125 0.0329263
0.96875 0.0341

0.96875 0.0343422
0.984375 0.0349371

2.78125 -0.026044
2.79688 -0.0218771

2.79688 -0.0214437
2.8125 -0.0194455

-0.546875 0.0299127
-0.556953 0.03125

-0.546875 0.0297261
-0.53125 0.0273017

-0.5625 0.0317783
-0.558519 0.03125

0.984375 0.0351887
1 0.0342175

2.8125 -0.0193866
2.82812 -0.0205413

2.82812 -0.0207217
2.84375 -0.0247861

2.875 -0.0353611
2.85979 -0.03125

-0.53125 0.0272896
-0.515625 0.024785

-0.515625 0.0247675
-0.5 0.0222421

2.84375 -0.0254687
2.85938 -0.030717

-2.64062 -0.0981745
-2.625 -0.0978722

-2.625 -0.0978434
-2.60938 -0.0975614

-2.60938 -0.0975289
-2.59375 -0.0973899

2.875 -0.0357456
2.89062 -0.0373363

2.89062 -0.0377324
2.90625 -0.0351314

2.90625 -0.035254
2.91434 -0.03125

-0.5 0.0221874
-0.484375 0.0197859

2.91421 -0.03125
2.92188 -0.0273891

-0.484375 0.0197109
-0.46875 0.0176926

1.09375 -0.00578238
1.07871 0

1.09375 -0.00608453
1.10938 -0.00827001

2.92188 -0.0277837
2.93558 -0.015625

2.93492 -0.015625
2.9375 -0.0124508

-0.46875 0.017661
-0.453125 0.0162392

-2.59375 -0.0973896
-2.57812 -0.0974593

-0.4375 0.0154103
-0.441366 0.015625

1.10938 -0.00783706
1.125 -0.0064201

-2.57812 -0.0974664
-2.5625 -0.0977314

-2.5625 -0.0977693
-2.54688 -0.0981397

3 -0.0823592
2.98684 -0.078125

-0.453125 0.0162964
-0.441037 0.015625

2.98593 -0.078125
3 -0.0711639

-0.4375 0.0154997
-0.421875 0.0149289

2.9375 -0.0124493
2.94658 0

-0.421875 0.0148731
-0.40625 0.01456

1.125 -0.00481106
1.14062 -0.00387565

1.14062 -0.00320146
1.15625 -0.00731405

1.17188 -0.0164712
1.17031 -0.015625

1.15625 -0.00839684
1.16965 -0.015625

1.17188 -0.0164989
1.1875 -0.0277354

1.20312 -0.041604
1.19087 -0.03125

1.21875 -0.0543768
1.20754 -0.046875

1.20312 -0.0421457
1.20999 -0.046875

1.1875 -0.0286229
1.19068 -0.03125

1.21875 -0.0556246
1.23438 -0.0568052

1.23438 -0.0578027
1.24849 -0.046875

1.2457 -0.046875
1.25 -0.0399576

2.98438 -0.0313743
2.98424 -0.03125

2.98438 -0.0313387
2.99017 -0.03125

-0.40625 0.0142206
-0.390625 0.0149557

-0.390625 0.014649
-0.386543 0.015625

-0.38449 0.015625
-0.375 0.017894

1.29688 -0.0786471
1.29522 -0.078125

-0.375 0.018106
-0.359375 0.0260143

-0.359375 0.026755
-0.350642 0.03125

-0.354795 0.03125
-0.34375 0.0369348

-0.34375 0.0367159
-0.328125 0.0395736

-0.328125 0.0383901
-0.3125 0.037047

1.29576 -0.078125
1.28176 -0.0625

-0.3125 0.0365534
-0.296875 0.0343639

1.297 -0.078125
1.31174 -0.0625

-2.54688 -0.0981837
-2.53125 -0.0984959

1.25 -0.038792
1.25317 -0.03125

-0.296875 0.0343747
-0.28125 0.0323046

-2.53125 -0.0985423
-2.51562 -0.0986153

-0.265625 0.0302311
-0.27329 0.03125

1.25091 -0.03125
1.25401 -0.015625

-0.265625 0.0302289
-0.25 0.0281424

1.2537 -0.015625
1.25832 0

2.98438 -0.0174509
2.98365 -0.015625

-0.28125 0.0324
-0.272599 0.03125

-2.51562 -0.098639
-2.5 -0.0983326

-2.99089 0
-2.9933 0.015625

1.28241 -0.0625
1.29688 -0.0487789

-0.25 0.0281674
-0.234375 0.0261235

1.29688 -0.0479546
1.3125 -0.0620303

1.375 -0.0796455
1.37342 -0.078125

2.98438 -0.000812106
2.98399 0

1.37354 -0.078125
1.36032 -0.0625

2.98438 -0.0167921
3 -0.0161014

1.35904 -0.0625
1.35427 -0.046875

1.35177 -0.046875
1.35938 -0.0338799

1.35938 -0.03691
1.36587 -0.03125

1.37322 -0.03125
1.375 -0.0304357

2.98438 -0.00129252
3 -0.000891773

-0.234375 0.0261251
-0.21875 0.0240705

-0.21875 0.0240192
-0.203125 0.0220536

-0.203125 0.021794
-0.1875 0.0205392

1.4375 -0.127251
1.43706 -0.125

-0.1875 0.0198955
-0.171875 0.0211579

1.45312 -0.129016
1.44737 -0.125

-2.99338 0.015625
-2.99336 0.03125

1.48438 -0.125323
1.48248 -0.125

-0.171875 0.0211772
-0.15625 0.0262056

-2.99294 0.03125
-2.99119 0.046875

-0.15625 0.0275719
-0.145494 0.03125

1.48438 -0.126585
1.49545 -0.125

2.94625 0
2.95312 0.0141719

1.40625 -0.0963788
1.39806 -0.09375

2.9529 0.015625
2.95312 0.0161771

1.375 -0.0797854
1.39062 -0.091368

1.39062 -0.0912438
1.39843 -0.09375

1.40625 -0.096081
1.42188 -0.0952116

1.42188 -0.109638
1.42395 -0.109375

1.42188 -0.0947541
1.42863 -0.09375

1.41736 -0.09375
1.42188 -0.0934962

1.42188 -0.0930788
1.4375 -0.0905999

-0.148026 0.03125
-0.140625 0.033781

-0.140625 0.0334333
-0.125 0.0353219

-0.125 0.0341982
-0.109375 0.034523

-0.109375 0.0341894
-0.09375 0.0358651

1.375 -0.0305683
1.39062 -0.0282483

1.39062 -0.0277901
1.40625 -0.0278203

1.40625 -0.000134108
1.39125 0

1.42188 -0.0321587
1.41828 -0.03125

1.42188 -0.0324016
1.4375 -0.0389964

-0.09375 0.0356581
-0.078125 0.039766

-0.078125 0.0397905
-0.0625 0.0466942

-0.0627247 0.046875
-0.0625 0.0469743

2.95312 0.0164672
2.95922 0.03125

2.96015 0.03125
2.96586 0.046875

1.40625 -0.0280094
1.42188 -0.0309244

1.40625 -0.000290428
1.4173 0

1.42188 -0.000878328
1.4375 -0.00337809

1.45312 -0.113384
1.45067 -0.109375

2.96463 0.046875
2.96752 0.0625

2.98438 0.0133974
2.98287 0.015625

2.98438 0.0299992
2.98241 0.03125

-0.0625 0.0470157
-0.046875 0.0560232

-0.046875 0.0566769
-0.036516 0.0625

1.45312 -0.095424
1.44759 -0.09375

-0.0374361 0.0625
-0.03125 0.0659774

1.46875 -0.113208
1.45436 -0.109375

2.98438 0.0113385
3 0.011716

2.98438 0.0233042
3 0.0225894

-0.03125 0.0661407
-0.015625 0.0720314

-0.015625 0.0720788
0 0.074

-2.99097 0.046875
-2.98878 0.0625

-2.98844 0.0625
-2.98693 0.078125

-2.98683 0.078125
-2.98688 0.09375

2.96875 0.0479316
2.97181 0.0625

-2.98506 0.09375
-2.99589 0.125

2.98438 0.0337497
3 0.0312814

2.98438 0.0535604
2.99097 0.0625

2.96672 0.0625
2.96693 0.078125

2.96738 0.078125
2.96667 0.09375

2.96651 0.09375
2.96467 0.109375

1.45312 -0.0998181
1.46875 -0.101539

1.4375 -0.08898
1.45312 -0.0917309

1.46013 -0.09375
1.46875 -0.0857404

2.96304 0.109375
2.96099 0.125

2.97088 0.0625
2.97051 0.078125

2.96875 0.0867134
2.96971 0.078125

1.46875 -0.0730889
1.46606 -0.0625

1.46875 -0.111565
1.47428 -0.109375

1.46926 -0.109375
1.48034 -0.09375

2.98726 0.0625
2.98562 0.078125

2.98438 0.0862927
2.9927 0.078125

2.96948 0.09375
2.97359 0.125

1.48438 -0.116879
1.48978 -0.109375

1.48438 -0.0953882
1.48457 -0.09375

1.47321 -0.09375
1.47438 -0.078125

1.46875 -0.0708175
1.47131 -0.078125

1.4375 -0.0379774
1.45195 -0.046875

1.46736 -0.0625
1.45396 -0.046875

1.45312 -0.0460752
1.45416 -0.046875

1.4375 -0.00387637
1.45312 -0.00766575

1.45312 -0.00732581
1.46875 -0.0120881

1.48438 -0.0182127
1.4777 -0.015625

2.9375 0.187205
2.93704 0.1875

2.9375 0.192518
2.92345 0.203125

2.92188 0.21744
2.93212 0.203125

1.46875 -0.012353
1.47718 -0.015625

1.48438 -0.0186157
1.5 -0.0250673

1.01562 0.0311946
1.01535 0.03125

1.01562 0.0311945
1.03125 0.0257204

1 0.0342569
1.01505 0.03125

1.03125 0.0255127
1.04688 0.0179851

2.92255 0.21875
2.91915 0.25

2.96009 0.125
2.96318 0.140625

2.96042 0.140625
2.95735 0.15625

2.95312 0.1791
2.94445 0.1875

2.95815 0.15625
2.9617 0.171875

2.96875 0.181264
2.96864 0.1875

2.96875 0.128856
2.98791 0.15625

2.96875 0.184657
3 0.175028

1.0625 0.00920938
1.05064 0.015625

1.04688 0.0175152
1.05037 0.015625

1.0625 0.00887822
1.07812 0.000798272

2.9375 0.201187
2.96875 0.191772

1.07812 0.00054935
1.07955 0

-3 0.125399
-2.97457 0.15625

-3 0.180335
-2.96875 0.186679

-2.96875 0.1649
-2.96495 0.171875

2.9632 0.21875
2.95533 0.25

2.98421 0.1875
2.96903 0.21875

2.96875 0.236135
2.97217 0.21875

1.25793 0
1.26549 0.015625

1.2648 0.015625
1.26562 0.0169538

-2.96173 0.171875
-2.96069 0.1875

-2.99035 0.1875
-2.96875 0.202719

2.85938 0.295786
2.875 0.295786

1.26562 0.0169261
1.27771 0.03125

2.85938 0.301213
2.875 0.30122

2.90625 0.261858
2.90491 0.265625

1.2762 0.03125
1.28125 0.0357264

2.89793 0.265625
2.90625 0.279968

2.89592 0.28125
2.90625 0.286287

2.90625 0.250055
2.9375 0.278469

1.28125 0.0361884
1.29688 0.0424594

1.29688 0.0422733
1.3125 0.0356794

1.32812 0.0187614
1.31362 0.03125

2.93478 0.28125
2.9375 0.281979

1.34375 0.006513
1.33022 0.015625

1.32812 0.0186209
1.33218 0.015625

1.3125 0.0355333
1.31748 0.03125

1.34375 0.0071302
1.35938 0.00168236

1.35938 0.00218142
1.375 0.000164911

1.375 0.000542796
1.39062 0.000203714

1.39062 0.000643864
1.40625 0.000474922

1.40625 0.000601745
1.41342 0

2.875 0.312634
2.87522 0.3125

2.9375 0.273167
2.98907 0.25

3 -0.0947174
3.00153 -0.09375

3.00078 -0.09375
3.00065 -0.0625

3 -0.0614742
3.00055 -0.0625

3.03125 -0.00315292
3.0248 0

3.0625 -0.00418149
3.0495 0

3.125 -0.0050973
3.10169 0

3.25 -0.00383509
3.22177 0

3.5 -0.00321433
3.43351 0

3.03125 0.0148058
3.02294 0.03125

3.03125 0.0530991
3.03098 0.0625

3.03125 0.0223759
3.0585 0

3.03125 0.051713
3.0355 0.03125

3.03125 0.121579
3.0303 0.125

3.03348 0.0625
3.03544 0.09375

3.03958 0.09375
3.03353 0.125

3.0625 0.0165259
3.0952 0

3 0.175531
3.03238 0.125

3 0.191941
3.00225 0.1875

3.125 0.0124771
3.20194 0

3.25 0.00585881
3.37115 0

4 -0.00608859
3.58598 0

3.5 0.000340957
3.52318 0

-2.96983 0.21875
-2.96875 0.223715

-2.96188 0.1875
-2.96725 0.21875

-2.95096 0.21875
-2.9577 0.25

-2.9375 0.21875
-2.92991 0.25

-2.97477 0.25
-2.9375 0.258778

-2.9375 0.268139
-2.92111 0.25

-2.5 -0.0983409
-2.48438 -0.0975914

-2.48438 -0.097583
-2.46875 -0.0963904

-2.46875 -0.0963431
-2.45312 -0.0948185

-2.45312 -0.0947484
-2.44356 -0.09375

-2.44344 -0.09375
-2.4375 -0.0931295

-2.4375 -0.0931246
-2.42188 -0.0915107

-2.42188 -0.0915881
-2.40625 -0.0898317

-2.40625 -0.0898417
-2.39062 -0.0877682

-2.39062 -0.0876907
-2.375 -0.0854349

-2.375 -0.0852303
-2.35938 -0.0833565

-2.35938 -0.0828801
-2.34375 -0.0827504

-2.34375 -0.0832867
-2.32812 -0.0847813

-2.32812 -0.0851946
-2.3125 -0.0864143

-2.3125 -0.08623
-2.29688 -0.0867168

-2.29688 -0.0865554
-2.28125 -0.0870005

-2.28125 -0.0871178
-2.26562 -0.0876093

-2.26562 -0.0877198
-2.25 -0.0878018

-2.25 -0.0877524
-2.23438 -0.0873026

-2.23438 -0.087193
-2.21875 -0.0865296

-2.21875 -0.0864784
-2.20312 -0.0859231

-2.20312 -0.0859405
-2.1875 -0.085561

-2.1875 -0.085591
-2.17188 -0.0852925

-2.17188 -0.0852935
-2.15625 -0.0850138

-2.15625 -0.0849878
-2.14062 -0.0847768

-2.14062 -0.0847489
-2.125 -0.0847146

-2.125 -0.0847082
-2.10938 -0.084919

-2.10938 -0.0849428
-2.09375 -0.0853637

-2.09375 -0.085408
-2.07812 -0.0859024

-2.07812 -0.0859467
-2.0625 -0.0863372

-2.0625 -0.0863642
-2.04688 -0.0865083

-2.04688 -0.086512
-2.03125 -0.086348

-2.03125 -0.0863334
-2.01562 -0.0858833

-2.01562 -0.0858599
-2 -0.0851996

-2 -0.0851767
-1.98438 -0.0843987

-1.98438 -0.0843828
-1.96875 -0.0835645

-1.96875 -0.0835594
-1.95312 -0.082743

-1.95312 -0.0827485
-1.9375 -0.081933

-1.9375 -0.0819423
-1.92188 -0.0810979

-1.92188 -0.081099
-1.90625 -0.080205

-1.90625 -0.0801912
-1.89062 -0.0792731

-1.89062 -0.0792565
-1.875 -0.0783749

-1.875 -0.0783787
-1.87027 -0.078125

-1.87002 -0.078125
-1.85938 -0.0775541

-1.85938 -0.0776131
-1.84375 -0.0766675

-1.84375 -0.0767241
-1.82812 -0.0754312

-1.82812 -0.075418
-1.8125 -0.0736909

-1.8125 -0.0735317
-1.79688 -0.0717149

-1.79688 -0.0715625
-1.78125 -0.0702793

-1.78125 -0.0703769
-1.76562 -0.0697368

-1.76562 -0.069861
-1.75 -0.0694208

-1.75 -0.0694357
-1.73438 -0.0689169

-1.73438 -0.0689132
-1.71875 -0.0682934

-1.71875 -0.0683042
-1.70312 -0.0675694

-1.70312 -0.0675654
-1.6875 -0.066702

-1.6875 -0.0666702
-1.67188 -0.0657496

-1.67188 -0.065706
-1.65625 -0.0648789

-1.65625 -0.0648531
-1.64062 -0.0642583

-1.64062 -0.0642679
-1.625 -0.0639382

-1.625 -0.0639746
-1.60938 -0.0638181

-1.60938 -0.0638554
-1.59375 -0.0637245

-1.59375 -0.0637434
-1.57812 -0.0635257

-1.57812 -0.0635262
-1.5625 -0.0631827

-1.5625 -0.0631754
-1.54688 -0.0627198

-1.54688 -0.0627158
-1.54064 -0.0625

-1.54074 -0.0625
-1.53125 -0.0621715

-1.53125 -0.062165
-1.51562 -0.0615661

-1.51562 -0.0615593
-1.5 -0.060932

-1.5 -0.0609242
-1.48438 -0.0602976

-1.48438 -0.0602889
-1.46875 -0.059696

-1.46875 -0.0596877
-1.45312 -0.0591624

-1.45312 -0.0591558
-1.4375 -0.0587279

-1.4375 -0.0587234
-1.42188 -0.0584149

-1.42188 -0.0584134
-1.40625 -0.0582361

-1.40625 -0.0582374
-1.39062 -0.0581914

-1.39062 -0.0581966
-1.375 -0.0582689

-1.375 -0.058278
-1.35938 -0.05844

-1.35938 -0.0584544
-1.34375 -0.0586589

-1.34375 -0.0586794
-1.32812 -0.0588565

-1.32812 -0.0588859
-1.3125 -0.0589357

-1.3125 -0.0589851
-1.29688 -0.0587503

-1.29688 -0.0588643
-1.28125 -0.0580179

-1.28125 -0.0583383
-1.26562 -0.0560114

-1.26562 -0.056648
-1.25 -0.0509266

-1.25 -0.0509787
-1.24325 -0.046875

-1.24458 -0.046875
-1.23438 -0.040661

-1.23438 -0.0388245
-1.21982 -0.03125

-1.21992 -0.03125
-1.21875 -0.0306751

-1.21875 -0.0309026
-1.20312 -0.0280268

-1.20312 -0.0294894
-1.1875 -0.0285179

-1.1875 -0.0283928
-1.17188 -0.0266506

-1.17188 -0.0263375
-1.15625 -0.0247009

-1.15625 -0.0249209
-1.14062 -0.0235761

-1.14062 -0.0235838
-1.125 -0.0220756

-1.125 -0.0220751
-1.10938 -0.0203893

-1.10938 -0.0204013
-1.09375 -0.018515

-1.09375 -0.0184822
-1.07812 -0.0164371

-1.07812 -0.016409
-1.0723 -0.015625

-1.07218 -0.015625
-1.0625 -0.0143231

-1.0625 -0.0143215
-1.04688 -0.0121915

-1.04688 -0.0121854
-1.03125 -0.0100305

-1.03125 -0.0100264
-1.01562 -0.00786672

-1.01562 -0.00786263
-1 -0.00571459

