-4 -0.00170558
-3.7508 0

-3.65024 0
-3.5 0.00102823

-3.5 -0.00166879
-3.43006 0

-3.25 -0.00222248
-3.21862 0

-3.125 -0.00297406
-3.10899 0

-3.40388 0
-3.25 0.00371027

-3.21504 0
-3.125 0.00718982

-3.11021 0
-3.0625 0.0118283

-3.0625 0.00268554
-3.03125 0.0207624

-3.03125 0.0302252
-3 0.0279127

-3.02743 0.03125
-3.00265 0.0625

-3.01955 0.0625
-3.00705 0.09375

-3.00459 0.09375
-3 0.124154

-3.01905 0.125
-3 0.154637

-2.89062 -0.258249
-2.89889 -0.25

-2.875 -0.274571
-2.88724 -0.265625

-2.89062 -0.259437
-2.88314 -0.265625

-2.875 -0.273111
-2.85938 -0.276924

-1 -0.235419
-0.990744 -0.234375

1.5 0.210141
1.51562 0.209543

-2.85938 -0.275157
-2.84375 -0.275388

-2.84375 -0.275283
-2.82812 -0.275678

-2.82812 -0.275758
-2.8125 -0.276366

-0.991208 -0.234375
-0.984375 -0.233604

-2.8125 -0.276381
-2.79688 -0.277011

-2.79688 -0.276978
-2.78125 -0.277669

-2.78125 -0.27781
-2.76562 -0.278345

-2.76562 -0.278106
-2.75 -0.278684

-0.984375 -0.233545
-0.96875 -0.231589

-0.96875 -0.231605
-0.953125 -0.229601

-0.953125 -0.229666
-0.9375 -0.227454

1.51562 0.209545
1.53125 0.209043

1.53125 0.209046
1.54688 0.208635

-2.9375 -0.196987
-2.94302 -0.1875

-2.96875 -0.12592
-2.96917 -0.125

0 -0.23254
0.015625 -0.230069

0.015625 -0.230269
0.03125 -0.227224

0.03125 -0.227515
0.046875 -0.222916

0.046875 -0.223296
0.0566779 -0.21875

0.055997 -0.21875
0.0625 -0.215734

0.0625 -0.215703
0.078125 -0.205742

0.078125 -0.206533
0.082856 -0.203125

0.0805935 -0.203125
0.09375 -0.193589

0.09375 -0.193695
0.102069 -0.1875

0.102589 -0.1875
0.109375 -0.182536

0.109375 -0.182543
0.122502 -0.171875

0.123027 -0.171875
0.125 -0.170201

0.125 -0.170196
0.139396 -0.15625

0.139243 -0.15625
0.140625 -0.154738

0.140625 -0.154644
0.152557 -0.140625

0.152635 -0.140625
0.15625 -0.135421

0.15625 -0.135352
0.16342 -0.125

0.163295 -0.125
0.171875 -0.109504

0.171687 -0.109375
0.171875 -0.108972

0.171875 -0.108944
0.178978 -0.09375

0.178804 -0.09375
0.185656 -0.078125

0.186005 -0.078125
0.1875 -0.0741747

0.1875 -0.0744168
0.192009 -0.0625

0.191401 -0.0625
0.196705 -0.046875

0.196857 -0.046875
0.20242 -0.03125

0.202762 -0.03125
0.203125 -0.0298172

0.203215 -0.03125
0.207176 -0.015625

0.206958 -0.015625
0.208164 0

0.207689 0
0.207489 0.015625

0.207527 0.015625
0.206795 0.03125

0.206621 0.03125
0.205628 0.046875

0.205426 0.046875
0.204925 0.0625

1.54688 0.208636
1.5625 0.208309

-0.9375 -0.227438
-0.921875 -0.224921

-0.921875 -0.224812
-0.90625 -0.222241

-0.90625 -0.222152
-0.890625 -0.219923

-0.890625 -0.219959
-0.879929 -0.21875

-0.880103 -0.21875
-0.875 -0.218173

-0.875 -0.218241
-0.859375 -0.216772

0.25 0.0604893
0.247351 0.0625

0.202992 0.078125
0.203125 0.0784772

0.203528 0.0625
0.205394 0.078125

0.203125 0.0786775
0.21063 0.09375

0.20984 0.09375
0.21875 0.102463

0.234375 0.0699023
0.229174 0.078125

0.234375 0.0807456
0.229172 0.09375

0.234375 0.0724697
0.242121 0.0625

0.21875 0.10684
0.234375 0.103844

0.244093 0.09375
0.238908 0.109375

0.234375 0.112978
0.246266 0.109375

0.265625 0.0439192
0.262622 0.046875

0.25 0.0601669
0.265451 0.046875

0.265625 0.0438273
0.28125 0.0320078

0.296875 0.0267189
0.284242 0.03125

0.296875 0.0273675
0.3125 0.0260507

0.28125 0.0323373
0.284281 0.03125

0.25 0.102963
0.251974 0.109375

0.25 0.117548
0.256574 0.109375

0.265625 0.109738
0.265663 0.109375

0.3125 0.0263924
0.328125 0.0273881

0.328125 0.0277164
0.34375 0.0296843

0.34375 0.0300322
0.355536 0.03125

0.356102 0.03125
0.359375 0.0315881

0.359375 0.0315018
0.375 0.0323568

0.375 0.0318137
0.390625 0.0332586

0.390625 0.0333074
0.40625 0.0363309

0.40625 0.0369767
0.421875 0.0401893

0.421875 0.0404569
0.4375 0.042032

0.4375 0.0422716
0.453125 0.041195

0.453125 0.0415318
0.46875 0.0366507

0.484375 0.0284752
0.47728 0.03125

0.484375 0.0286459
0.5 0.0250948

0.46875 0.0353135
0.479141 0.03125

0.5 0.0253418
0.515625 0.0243963

0.515625 0.0246197
0.53125 0.0253389

0.53125 0.0243128
0.546875 0.0283021

0.546875 0.0288259
0.551113 0.03125

0.552736 0.03125
0.5625 0.037769

0.5625 0.0374609
0.571436 0.046875

0.570075 0.046875
0.578125 0.0584805

0.578125 0.0594146
0.580064 0.0625

0.577917 0.0625
0.578125 0.0628248

0.578125 0.0631144
0.592094 0.078125

0.592073 0.078125
0.59375 0.0793995

1.5625 0.208308
1.57812 0.208065

1.57812 0.208063
1.59375 0.207911

1.59375 0.207906
1.60938 0.207861

1.60938 0.207855
1.625 0.207939

1.625 0.207931
1.64062 0.208172

1.64062 0.208164
1.65625 0.208592

1.65625 0.208585
1.67188 0.209228

1.67188 0.209223
1.6875 0.210106

1.6875 0.210102
1.70312 0.211242

1.70312 0.21124
1.71875 0.212646

1.71875 0.212646
1.73438 0.214322

1.73438 0.214323
1.75 0.216264

1.75 0.216254
1.76562 0.218476

1.76562 0.21848
1.76729 0.21875

1.76734 0.21875
1.78125 0.221004

1.78125 0.22104
1.79688 0.22382

1.79688 0.223825
1.8125 0.226775

1.8125 0.226773
1.82812 0.229887

1.82812 0.229874
1.84375 0.233181

1.84375 0.233161
1.84901 0.234375

1.84914 0.234375
1.85938 0.236734

1.85938 0.236804
1.875 0.240666

1.875 0.240654
1.89062 0.244681

1.89062 0.244645
1.90625 0.248934

1.90625 0.248913
1.90986 0.25

1.90995 0.25
1.92188 0.253592

1.92188 0.253673
1.9375 0.258737

1.9375 0.258692
1.95312 0.264055

1.95312 0.264022
1.95738 0.265625

1.95751 0.265625
1.96875 0.269861

1.96875 0.269993
1.98438 0.2763

1.98438 0.276187
1.99602 0.28125

1.99637 0.28125
2 0.282826

0.59375 0.0787454
0.609375 0.0873018

0.609375 0.0867682
0.625 0.0904246

0.625 0.0907569
0.640625 0.089916

0.640625 0.0887945
0.65625 0.0850346

0.65625 0.0824101
0.671875 0.0832234

0.671875 0.083735
0.6875 0.0927936

0.683781 0.09375
0.6875 0.0960759

0.6875 0.0926648
0.688996 0.09375

0.6875 0.0962096
0.703125 0.105762

0.703125 0.105288
0.716505 0.109375

-0.859375 -0.216868
-0.84375 -0.215395

-0.84375 -0.215441
-0.828125 -0.213683

-0.828125 -0.213679
-0.8125 -0.211551

0.717268 0.109375
0.71875 0.109825

0.719014 0.109375
0.734375 0.111623

0.734375 0.111142
0.75 0.113298

-0.8125 -0.21152
-0.796875 -0.209094

-0.796875 -0.209051
-0.78125 -0.206474

0.75 0.113372
0.765625 0.116214

-0.78125 -0.206501
-0.765625 -0.203805

-2.95312 -0.177171
-2.95533 -0.171875

-0.765625 -0.203912
-0.761129 -0.203125

-0.762439 -0.203125
-0.75 -0.200947

-2.95312 -0.173102
-2.94689 -0.1875

-2.95312 -0.15883
-2.95093 -0.171875

-2.95312 -0.153749
-2.95974 -0.140625

-2.96875 -0.134478
-2.96469 -0.140625

-2.95312 -0.15519
-2.95259 -0.15625

0.765625 0.1165
0.78125 0.119309

0.78125 0.119353
0.796875 0.121471

0.796875 0.121181
0.8125 0.123099

0.8125 0.122522
0.824307 0.125

0.822883 0.125
0.828125 0.1261

2 0.283072
2.01562 0.290393

-2.90625 -0.245596
-2.92669 -0.21875

2.01562 0.290296
2.02872 0.296875

2.02915 0.296875
2.03125 0.297932

-2.92188 -0.218634
-2.93079 -0.203125

-0.75 -0.200928
-0.734375 -0.198432

0.828125 0.126453
0.84375 0.130945

-2.9375 -0.198695
-2.9341 -0.203125

-2.92188 -0.218658
-2.92183 -0.21875

2.03125 0.298228
2.04688 0.306639

0.84375 0.131353
0.859375 0.135114

-2.90625 -0.244463
-2.90064 -0.25

-2.97322 -0.125
-2.98637 -0.09375

-2.98992 -0.09375
-2.99129 -0.078125

-2.9876 -0.078125
-2.98438 -0.0625612

2.04688 0.306574
2.05715 0.3125

-2.98438 -0.06749
-2.98334 -0.0625

0.859375 0.13504
0.875 0.137404

-0.734375 -0.198541
-0.71875 -0.196214

0.875 0.136921
0.890625 0.139003

-2.98439 -0.0625
-2.98438 -0.0621146

0.890625 0.138332
0.901035 0.140625

-0.71875 -0.196262
-0.703125 -0.193788

0.897616 0.140625
0.90625 0.142527

-0.703125 -0.193786
-0.6875 -0.191074

-2.98438 -0.0379872
-2.98494 -0.03125

-2.98438 -0.0605021
-2.9838 -0.046875

0.90625 0.142857
0.921875 0.146831

-0.6875 -0.191157
-0.671875 -0.188043

0.921875 0.146859
0.9375 0.149811

-0.671875 -0.188178
-0.668736 -0.1875

-0.67032 -0.1875
-0.65625 -0.184462

-0.65625 -0.184351
-0.640625 -0.181356

0.9375 0.149756
0.953125 0.151741

0.953125 0.151665
0.96875 0.152944

-2.98438 -0.0465089
-2.98434 -0.046875

-2.98524 -0.03125
-2.98822 -0.015625

-2.98936 -0.015625
-2.99157 0

0.96875 0.152738
0.984375 0.153876

-2.73438 -0.281801
-2.73861 -0.28125

-2.71875 -0.284075
-2.73424 -0.28125

2.05751 0.3125
2.0625 0.315377

-0.640625 -0.181479
-0.625 -0.178944

-2.75 -0.278141
-2.73438 -0.280176

-2.73438 -0.280221
-2.72873 -0.28125

-2.71875 -0.283991
-2.70312 -0.28587

-2.70312 -0.285755
-2.6875 -0.286691

-2.6875 -0.286644
-2.67188 -0.286964

-2.67188 -0.286854
-2.65625 -0.286874

-2.65625 -0.286845
-2.64062 -0.286844

-2.64062 -0.286791
-2.625 -0.286933

-2.625 -0.286956
-2.60938 -0.287298

-2.60938 -0.28729
-2.59375 -0.287803

-2.59375 -0.287804
-2.57812 -0.288503

-2.57812 -0.288487
-2.5625 -0.289403

-2.5625 -0.289406
-2.54688 -0.290565

-2.54688 -0.290487
-2.53125 -0.29204

-2.53125 -0.292264
-2.51562 -0.293921

-2.5 -0.297255
-2.50305 -0.296875

-2.51562 -0.293565
-2.5 -0.295513

-2.99222 0
-2.99091 0.015625

-2.98865 0.015625
-2.98492 0.03125

-2.98438 0.000351372
-2.98247 0.015625

-2.98438 0.0253997
-2.98315 0.03125

-2.98477 0.03125
-2.98532 0.046875

-2.98484 0.046875
-2.98444 0.0625

-2.98417 0.03125
-2.98271 0.046875

-2.9836 0.046875
-2.98315 0.0625

-2.98438 0.0838153
-2.98807 0.09375

-2.98312 0.0625
-2.98332 0.078125

-2.98291 0.078125
-2.98282 0.09375

-2.98196 0.09375
-2.98633 0.125

-2.97197 0.125
-2.99737 0.15625

-3 0.166504
-2.96875 0.167638

-2.96875 0.142435
-2.95508 0.15625

-2.95964 0.15625
-2.96592 0.171875

-2.96875 0.17684
-2.95878 0.171875

-2.97592 0.1875
-2.96875 0.188566

-2.96875 0.187747
-2.96834 0.1875

-2.48438 -0.298963
-2.49703 -0.296875

-2.5 -0.294931
-2.48821 -0.296875

-2.48438 -0.29853
-2.46875 -0.300931

-2.46875 -0.30095
-2.45312 -0.302628

-2.45312 -0.302722
-2.4375 -0.303451

-2.4375 -0.303448
-2.42188 -0.303047

-2.42188 -0.302991
-2.40625 -0.301576

-2.40625 -0.301421
-2.39062 -0.299414

-2.39062 -0.299251
-2.375 -0.297284

-2.375 -0.297225
-2.37187 -0.296875

-2.37028 -0.296875
-2.35938 -0.295653

-2.35938 -0.295691
-2.34375 -0.293842

-2.34375 -0.293669
-2.32812 -0.2919

-2.32812 -0.291587
-2.3125 -0.290869

2.0625 0.315634
2.07812 0.325293

2.07812 0.325277
2.08253 0.328125

2.08261 0.328125
2.09375 0.335432

2.09375 0.335517
2.10541 0.34375

2.1058 0.34375
2.10938 0.346248

2.10938 0.346518
2.125 0.358277

-0.625 -0.1791
-0.609375 -0.176467

2.125 0.358273
2.12642 0.359375

2.12643 0.359375
2.14062 0.370725

-2.3125 -0.291341
-2.29688 -0.291353

2.14062 0.370827
2.14564 0.375

0.984375 0.153444
1 0.155716

2.14568 0.375
2.15625 0.384014

0.999888 0.15625
1 0.156266

2.15625 0.384206
2.16345 0.390625

2.16354 0.390625
2.17188 0.398244

2.17188 0.398443
2.18008 0.40625

2.18018 0.40625
2.1875 0.413418

2.1875 0.413572
2.19576 0.421875

2.19587 0.421875
2.20312 0.429318

2.20312 0.429471
2.21085 0.4375

-0.609375 -0.17668
-0.59375 -0.17321

-0.59375 -0.173373
-0.588484 -0.171875

-0.589995 -0.171875
-0.578125 -0.168499

-0.578125 -0.16821
-0.5625 -0.163905

2.211 0.4375
2.21875 0.445629

-0.5625 -0.163998
-0.546875 -0.160475

-0.546875 -0.160814
-0.53125 -0.157208

-0.53125 -0.157452
-0.527064 -0.15625

2.21875 0.445783
2.22574 0.453125

2.22591 0.453125
2.23438 0.462031

2.23438 0.462137
2.24069 0.46875

-0.527913 -0.15625
-0.515625 -0.152722

1 0.155381
1.004 0.15625

-2.29688 -0.291227
-2.28125 -0.291275

1 0.156265
1.01562 0.159659

2.24087 0.46875
2.25 0.478401

1.01562 0.159929
1.03125 0.162808

-2.28125 -0.291131
-2.26562 -0.291754

-2.26562 -0.291979
-2.25 -0.293014

1.03125 0.162645
1.04688 0.164573

2.25 0.478385
2.25565 0.484375

-2.25 -0.293164
-2.23438 -0.293861

-0.515625 -0.152598
-0.5 -0.147478

1.04688 0.164414
1.0625 0.166035

-0.5625 -0.0718596
-0.571993 -0.0625

1.0625 0.165943
1.07812 0.167758

-0.572728 -0.0625
-0.571136 -0.046875

-0.56594 -0.046875
-0.5625 -0.0435037

-0.5625 -0.0692468
-0.546875 -0.0741313

1.07812 0.167673
1.09375 0.170038

-0.546875 -0.0714463
-0.53125 -0.0663921

2.25588 0.484375
2.26562 0.495238

-2.23438 -0.293765
-2.21875 -0.294015

2.26562 0.494992
2.27 0.5

-0.53125 -0.0668319
-0.521242 -0.0625

-0.5625 -0.043397
-0.546875 -0.032179

1.09375 0.169977
1.10411 0.171875

-0.546875 -0.032975
-0.541693 -0.03125

-0.541149 -0.03125
-0.53125 -0.0272241

1.10182 0.171875
1.10938 0.173258

1.10938 0.173312
1.125 0.175847

3 -0.219289
2.99915 -0.21875

2.99872 -0.21875
3 -0.214976

3 -0.0810486
2.99336 -0.078125

2.99641 -0.078125
2.99598 -0.0625

1.125 0.175628
1.14062 0.177675

3 -0.0481258
2.99994 -0.046875

1.14062 0.177574
1.15625 0.179774

-0.528669 -0.0625
-0.515625 -0.0569735

1.15625 0.179775
1.17188 0.182325

-0.515625 -0.0567107
-0.5 -0.0540755

-2.21875 -0.293954
-2.20312 -0.294072

-0.53125 -0.0272104
-0.515625 -0.0229468

1.17188 0.182351
1.1875 0.185195

2.99717 -0.046875
2.99748 -0.03125

2.99343 -0.03125
3 -0.0272131

-0.515625 -0.0227184
-0.5 -0.0207488

1.1875 0.185252
1.19947 0.1875

2.60938 0.492506
2.59501 0.5

-2.20312 -0.294099
-2.1875 -0.294157

2.625 0.48373
2.62398 0.484375

-0.75 0.171693
-0.75012 0.171875

1.19906 0.1875
1.20312 0.188264

-0.750166 0.171875
-0.75 0.171879

1.20312 0.188225
1.21875 0.19106

1.21875 0.190976
1.23438 0.193843

2.60938 0.492587
2.62232 0.484375

-2.1875 -0.29417
-2.17188 -0.294088

2.65625 0.463919
2.64744 0.46875

-2.17188 -0.294055
-2.15625 -0.293872

-2.15625 -0.293852
-2.14062 -0.293672

1.23438 0.193876
1.25 0.196879

-0.75 0.171626
-0.749996 0.171875

2.625 0.4813
2.64646 0.46875

2.65625 0.4637
2.67188 0.455498

1.25 0.196916
1.26562 0.199918

-2.14062 -0.293706
-2.125 -0.293504

1.26562 0.199918
1.28125 0.202843

2.6875 0.44738
2.67814 0.453125

-0.5 -0.14768
-0.484375 -0.141885

1.28125 0.202761
1.28332 0.203125

-0.484375 -0.141854
-0.482032 -0.140625

1.28248 0.203125
1.29688 0.20566

2.67188 0.455162
2.67523 0.453125

2.70312 0.435546
2.69986 0.4375

-0.480182 -0.140625
-0.46875 -0.134422

-0.46875 -0.134593
-0.457703 -0.125

1.29688 0.205656
1.3125 0.208112

1.3125 0.208165
1.32812 0.210194

1.32812 0.210162
1.34375 0.211721

2.70312 0.437028
2.71875 0.428413

2.71875 0.427488
2.75 0.41032

-0.46875 -0.0672045
-0.476132 -0.0625

2.6875 0.445079
2.7004 0.4375

-2.125 -0.293543
-2.10938 -0.293172

-0.456406 -0.125
-0.453125 -0.119641

-0.453125 -0.119961
-0.447412 -0.109375

-0.448093 -0.109375
-0.448895 -0.09375

1.34375 0.211692
1.35938 0.2129

-0.453125 -0.0862747
-0.457879 -0.078125

2.9375 0.241101
2.92842 0.25

3 0.148933
2.99593 0.15625

1.35938 0.212928
1.375 0.21379

1.375 0.213822
1.39062 0.214217

1.39062 0.21419
1.40625 0.214108

1.40625 0.214057
1.42188 0.213653

1.42188 0.213629
1.4375 0.213056

1.4375 0.213049
1.45312 0.212369

-0.46875 -0.0682469
-0.458815 -0.078125

-0.453125 -0.086169
-0.448973 -0.09375

-0.5 -0.0544438
-0.484375 -0.0581763

2.98748 0.15625
2.97107 0.1875

2.96875 0.209085
2.96349 0.21875

2.9375 0.24385
2.96006 0.21875

2.96875 0.206062
2.97847 0.1875

-2.10938 -0.293178
-2.09375 -0.29255

2.79688 0.374761
2.79666 0.375

2.79688 0.374558
2.8125 0.361189

-0.484375 -0.0590063
-0.477636 -0.0625

2.875 0.305965
2.86825 0.3125

1.45312 0.212355
1.46875 0.211611

-2.09375 -0.292525
-2.07812 -0.291679

1.46875 0.211594
1.48438 0.210847

-2.07812 -0.291625
-2.0625 -0.290718

2.84375 0.335127
2.83344 0.34375

1.48438 0.210835
1.5 0.210146

2.8125 0.364462
2.83746 0.34375

2.84375 0.338737
2.87273 0.3125

-0.5 -0.0207061
-0.484375 -0.0215728

-2.0625 -0.290639
-2.04688 -0.289936

-0.484375 -0.0209231
-0.46875 -0.0260109

2.78125 0.391844
2.76001 0.40625

-0.453125 -0.0383498
-0.464009 -0.03125

-0.4375 -0.0498092
-0.442444 -0.046875

2.75 0.412109
2.75943 0.40625

2.78125 0.391092
2.80101 0.375

2.90625 0.272836
2.89955 0.28125

2.875 0.310626
2.90218 0.28125

-2.04688 -0.289864
-2.03125 -0.28967

-2.03125 -0.28966
-2.01562 -0.290137

-0.453125 -0.0380702
-0.440726 -0.046875

2.90625 0.273874
2.92821 0.25

-2.01562 -0.290215
-2 -0.291228

-0.46875 -0.0243254
-0.457884 -0.03125

-0.40625 -0.0631703
-0.407848 -0.0625

-0.40625 -0.0631369
-0.390625 -0.0702587

-0.390625 -0.0696806
-0.375 -0.0773776

-0.4375 -0.0496466
-0.421875 -0.0573664

-0.421875 -0.0559732
-0.40632 -0.0625

3.00003 -0.25
3.00007 -0.1875

3 -0.0724559
3.01957 -0.0625

3 -0.0565598
3.01234 -0.03125

-0.40625 -0.0614399
-0.403924 -0.0625

-0.3125 -0.129843
-0.319266 -0.125

3.03125 -0.0185755
3.01676 0

3.0625 -0.00401118
3.04152 0

-0.3125 -0.129912
-0.296875 -0.137359

-0.28125 -0.140761
-0.281689 -0.140625

-0.296875 -0.135815
-0.281367 -0.140625

-0.28125 -0.140732
-0.265625 -0.146431

3.125 -0.000459871
3.1213 0

3.5 -0.00129678
3.44543 0

3.03125 0.0138262
3.02142 0.03125

3.02359 0.03125
3.01874 0.0625

-0.28125 -0.138925
-0.276589 -0.140625

3.03125 0.0104528
3.0483 0

3.02344 0.0625
3.01986 0.09375

-0.265625 -0.146551
-0.25 -0.152727

-0.34375 -0.10092
-0.351888 -0.09375

-0.359375 -0.0872636
-0.373453 -0.078125

-0.375 -0.0760707
-0.371514 -0.078125

-0.359375 -0.086996
-0.351032 -0.09375

-0.328125 -0.116839
-0.336043 -0.109375

3.0185 0.09375
3.0095 0.125

3.0625 0.0116176
3.1041 0

3 0.14833
3.01104 0.125

-0.34375 -0.101096
-0.335128 -0.109375

-0.328125 -0.116838
-0.317779 -0.125

3.125 0.00658449
3.20039 0

3.25 0.00267738
3.35537 0

4 -0.00244334
3.64793 0

3.5 0.000285365
3.54082 0

-2 -0.291329
-1.98438 -0.292523

-1.98438 -0.292597
-1.96875 -0.293619

-1.96875 -0.293664
-1.95312 -0.294276

-1.95312 -0.294283
-1.9375 -0.294381

-1.9375 -0.294349
-1.92188 -0.293986

-1.92188 -0.293941
-1.90625 -0.293273

-1.90625 -0.293213
-1.89062 -0.292451

-1.89062 -0.29238
-1.875 -0.291787

2.27029 0.5
2.28125 0.514138

2.28125 0.513832
2.28253 0.515625

-0.203125 -0.187758
-0.203489 -0.1875

-0.1875 -0.19802
-0.203088 -0.1875

-0.234375 -0.16097
-0.242411 -0.15625

-0.21875 -0.175566
-0.22296 -0.171875

-0.234375 -0.161162
-0.221613 -0.171875

-1.875 -0.291748
-1.85938 -0.291544

-1.85938 -0.291571
-1.84375 -0.291781

-1.84375 -0.29186
-1.82812 -0.292272

-1.82812 -0.292347
-1.8125 -0.292654

-1.8125 -0.292679
-1.79688 -0.29268

-1.79688 -0.292667
-1.78125 -0.292335

-1.78125 -0.292328
-1.76562 -0.291704

2.28284 0.515625
2.29152 0.53125

2.29185 0.53125
2.29559 0.546875

-0.25 -0.150604
-0.240121 -0.15625

-0.234375 -0.156021
-0.23408 -0.15625

-0.21875 -0.175739
-0.203901 -0.1875

2.29548 0.546875
2.29384 0.5625

2.29204 0.5625
2.28887 0.578125

2.28504 0.578125
2.29162 0.59375

-0.171875 -0.207982
-0.179659 -0.203125

-0.1875 -0.19803
-0.179335 -0.203125

-1.76562 -0.29169
-1.75 -0.290816

-0.171875 -0.208037
-0.15625 -0.216455

-0.140625 -0.2236
-0.151356 -0.21875

-0.140625 -0.22358
-0.125 -0.22916

2.28896 0.59375
2.29688 0.600953

-1.75 -0.290777
-1.73438 -0.289758

2.29688 0.59918
2.3125 0.602449

2.375 0.560141
2.36939 0.5625

2.32812 0.589409
2.32079 0.59375

-0.15625 -0.2159
-0.149943 -0.21875

-1.73438 -0.289718
-1.71875 -0.28871

-1.71875 -0.288694
-1.70312 -0.287811

-1.70312 -0.287812
-1.6875 -0.287083

2.34375 0.576246
2.34114 0.578125

-1.6875 -0.28709
-1.67188 -0.286498

-0.125 -0.228907
-0.109375 -0.233094

2.32812 0.588282
2.34152 0.578125

-1.67188 -0.286508
-1.65625 -0.286019

-1.65625 -0.286034
-1.64062 -0.285595

-1.64062 -0.285608
-1.625 -0.285162

2.3125 0.600244
2.32357 0.59375

-0.09375 -0.236559
-0.104027 -0.234375

-0.109375 -0.232853
-0.102214 -0.234375

2.34375 0.576092
2.35938 0.566578

-1.625 -0.285171
-1.60938 -0.284674

2.35938 0.566501
2.36889 0.5625

-0.09375 -0.236538
-0.078125 -0.238743

-0.078125 -0.238725
-0.0625 -0.239585

-0.0625 -0.239585
-0.046875 -0.239134

2.375 0.560395
2.39062 0.555991

2.39062 0.55631
2.40625 0.552666

2.40625 0.55255
2.42188 0.549259

-0.046875 -0.239055
-0.03125 -0.237452

-0.03125 -0.237296
-0.015625 -0.235013

-0.015625 -0.234865
-0.0124691 -0.234375

-0.0121755 -0.234375
0 -0.232485

-1.60938 -0.284675
-1.59375 -0.284107

-1.59375 -0.284103
-1.57812 -0.283473

-1.57812 -0.28347
-1.5625 -0.282794

2.42188 0.548587
2.4375 0.547227

2.4375 0.548052
2.45312 0.548319

2.45312 0.548983
2.46875 0.547896

-0.125 0.375
-0.125 0.390625

2.48438 0.544373
2.47156 0.546875

-0.125 0.375
-0.125 0.390625

2.46875 0.547871
2.47385 0.546875

-1.5625 -0.282795
-1.54688 -0.282074

-1.54688 -0.282077
-1.53125 -0.281304

-1.53125 -0.281312
-1.5301 -0.28125

-1.53012 -0.28125
-1.51562 -0.280469

-1.51562 -0.280479
-1.5 -0.279535

2.48438 0.545032
2.5 0.539647

2.53125 0.527178
2.52038 0.53125

2.5 0.538189
2.51839 0.53125

2.53125 0.526605
2.54688 0.520468

2.5625 0.515017
2.56096 0.515625

2.54688 0.520666
2.55962 0.515625

2.5625 0.514725
2.59375 0.500507

-1.5 -0.279554
-1.48438 -0.278449

-1.48438 -0.27846
-1.46875 -0.277132

-1.46875 -0.277102
-1.45312 -0.275589

-1.45312 -0.275517
-1.4375 -0.274022

-1.4375 -0.27398
-1.42188 -0.272732

-1.42188 -0.272768
-1.40625 -0.271781

-1.40625 -0.27184
-1.39062 -0.270923

-1.39062 -0.270935
-1.375 -0.269947

-1.375 -0.269931
-1.35938 -0.268881

-1.35938 -0.268875
-1.34375 -0.267806

-1.34375 -0.267806
-1.32812 -0.26673

-1.32812 -0.266739
-1.3125 -0.265638

-1.3125 -0.26566
-1.31204 -0.265625

-1.31213 -0.265625
-1.29688 -0.264478

-1.29688 -0.264488
-1.28125 -0.263191

-1.28125 -0.263205
-1.26562 -0.261736

-1.26562 -0.261748
-1.25 -0.260056

-1.25 -0.260034
-1.23438 -0.258138

-1.23438 -0.258068
-1.21875 -0.256152

-1.21875 -0.256087
-1.20312 -0.254419

-1.20312 -0.254431
-1.1875 -0.253118

-1.1875 -0.253187
-1.17188 -0.252068

-1.17188 -0.252103
-1.15625 -0.250972

-1.15625 -0.250963
-1.14359 -0.25

-1.14379 -0.25
-1.14062 -0.249759

-1.14062 -0.249738
-1.125 -0.24858

-1.125 -0.248628
-1.10938 -0.247471

-1.10938 -0.247549
-1.09375 -0.24614

-1.09375 -0.246151
-1.07812 -0.244315

-1.07812 -0.244231
-1.0625 -0.242114

-1.0625 -0.242018
-1.04688 -0.239979

-1.04688 -0.239962
-1.03125 -0.238225

-1.03125 -0.238274
-1.01562 -0.236773

-1.01562 -0.236843
-1 -0.235339

