-4 -0.00114534
-3.83329 0

-3.70354 0
-3.5 0.00139842

-3.5 -0.000755267
-3.46824 0

-3.25 -0.00083156
-3.23851 0

-3.125 -0.00111145
-3.11899 0

-3.42844 0
-3.25 0.00424961

-3.23269 0
-3.125 0.00806464

-3.11878 0
-3.0625 0.0134903

-3.0625 0.00337751
-3.03125 0.021188

-3.03125 0.0301462
-3 0.0284604

-3.03125 0.0325616
-3 0.0620633

-3.01844 0.0625
-3.00762 0.09375

-3 0.106896
-3.00241 0.125

-3.00824 0.125
-3 0.144083

1.5 0.148326
1.51562 0.149614

1.51562 0.149617
1.53125 0.150853

1.53125 0.150849
1.54688 0.152037

1.54688 0.152025
1.5625 0.153196

1.5625 0.153182
1.57812 0.154386

1.57812 0.154373
1.59375 0.155664

1.59375 0.155637
1.60042 0.15625

1.60021 0.15625
1.60938 0.157092

1.60938 0.157112
1.625 0.158669

-2.95312 -0.141561
-2.95404 -0.140625

-2.95462 -0.140625
-2.96802 -0.125

-2.95312 -0.142614
-2.9375 -0.155827

-1 -0.142248
-0.984375 -0.141962

-0.984375 -0.141963
-0.96875 -0.141705

-0.96875 -0.141706
-0.953125 -0.141475

-0.953125 -0.141476
-0.9375 -0.141267

-0.9375 -0.141268
-0.921875 -0.141077

1.625 0.158688
1.64062 0.160273

1.64062 0.16029
1.65625 0.16183

1.65625 0.161838
1.67188 0.163281

1.67188 0.163278
1.6875 0.164614

-2.92188 -0.163817
-2.93594 -0.15625

-2.92188 -0.163329
-2.90625 -0.168727

-2.9375 -0.155826
-2.93671 -0.15625

-2.89062 -0.172651
-2.8934 -0.171875

-2.90625 -0.16825
-2.8933 -0.171875

-2.89062 -0.172828
-2.875 -0.176719

0 -0.0952032
0.012125 -0.09375

0.0115763 -0.09375
0.015625 -0.0932647

0.015625 -0.0933314
0.03125 -0.0915213

0.03125 -0.0915481
0.046875 -0.0897137

0.046875 -0.0897147
0.0625 -0.0878002

0.0625 -0.0878013
0.078125 -0.0858026

0.078125 -0.0858052
0.09375 -0.0837149

0.09375 -0.0837162
0.109375 -0.0815264

0.109375 -0.0815154
0.125 -0.0792457

0.125 -0.0792126
0.132717 -0.078125

0.132313 -0.078125
0.140625 -0.0769535

0.140625 -0.0770336
0.15625 -0.074919

0.15625 -0.0749416
0.171875 -0.0727637

0.171875 -0.0727653
0.1875 -0.0704758

0.1875 -0.0704799
0.203125 -0.0680677

0.203125 -0.0680726
0.21875 -0.0655197

0.21875 -0.0654788
0.234375 -0.0628571

0.234375 -0.0628324
0.236447 -0.0625

0.236259 -0.0625
0.25 -0.0602956

0.25 -0.0603855
0.265625 -0.0579241

0.265625 -0.05794
0.28125 -0.0553196

0.28125 -0.055326
0.296875 -0.0525019

0.296875 -0.0525043
0.3125 -0.049459

0.3125 -0.0493795
0.325352 -0.046875

0.324508 -0.046875
0.328125 -0.0461702

0.328125 -0.0463147
0.34375 -0.0434692

0.34375 -0.0435641
0.359375 -0.0407006

0.359375 -0.0407154
0.375 -0.0376144

0.375 -0.0376144
0.390625 -0.0342459

0.390625 -0.0341364
0.404108 -0.03125

0.403109 -0.03125
0.40625 -0.0305776

0.40625 -0.0307459
0.421875 -0.0277348

0.421875 -0.027862
0.4375 -0.024949

0.4375 -0.0249636
0.453125 -0.0218651

0.453125 -0.0218515
0.46875 -0.0185657

0.46875 -0.0184511
0.482718 -0.015625

0.481726 -0.015625
0.484375 -0.0150891

0.484375 -0.0152542
0.5 -0.0125175

1.6875 0.164602
1.70312 0.165861

1.70312 0.165843
1.71875 0.167084

1.71875 0.16707
1.73438 0.168356

1.73438 0.168348
1.75 0.169722

1.75 0.169719
1.76562 0.171202

1.76562 0.171186
1.7723 0.171875

1.77214 0.171875
1.78125 0.172815

0.5 -0.0126583
0.515625 -0.0100803

0.515625 -0.0101095
0.53125 -0.00735036

0.53125 -0.00736539
0.546875 -0.00433677

0.546875 -0.00429746
0.5625 -0.00104786

0.5625 -0.000958406
0.567422 0

1.78125 0.172831
1.79688 0.17454

-0.921875 -0.141078
-0.90625 -0.140898

-0.90625 -0.1409
-0.890625 -0.140726

1.79688 0.174546
1.8125 0.176294

1.8125 0.176295
1.82812 0.17807

1.82812 0.178067
1.84375 0.179871

1.84375 0.179867
1.85938 0.181716

-0.890625 -0.140728
-0.881269 -0.140625

-0.881286 -0.140625
-0.875 -0.140556

1.85938 0.18171
1.875 0.183624

-0.875 -0.140557
-0.859375 -0.140383

-2.969 -0.125
-2.98465 -0.09375

-2.98594 -0.09375
-2.98729 -0.078125

-2.98438 -0.0900338
-2.98403 -0.09375

-2.9841 -0.078125
-2.98278 -0.0625

-2.98378 -0.0625
-2.98409 -0.046875

-2.98395 -0.046875
-2.98418 -0.03125

-2.98438 -0.0189132
-2.98478 -0.015625

-2.98577 -0.015625
-2.99011 0

-2.98438 -0.0295149
-2.98416 -0.03125

-2.875 -0.176655
-2.85938 -0.179789

-2.85938 -0.179848
-2.84375 -0.182233

-2.84375 -0.18223
-2.82812 -0.183755

-2.82812 -0.18378
-2.8125 -0.1844

-2.8125 -0.184356
-2.79688 -0.184108

-2.79688 -0.184052
-2.78125 -0.183135

-2.78125 -0.183042
-2.76562 -0.18175

-2.76562 -0.181713
-2.75 -0.180307

-2.75 -0.180277
-2.73438 -0.178893

-2.73438 -0.178852
-2.71875 -0.177632

1.875 0.183621
1.89062 0.185615

1.89062 0.185597
1.9047 0.1875

1.90463 0.1875
1.90625 0.18772

1.90625 0.187731
1.92188 0.189958

1.92188 0.18998
1.9375 0.192236

1.9375 0.192242
1.95312 0.194471

1.95312 0.194471
1.96875 0.196662

1.96875 0.196656
1.98438 0.198822

1.98438 0.198812
2 0.200985

0.566801 0
0.578125 0.00220514

0.578125 0.00201273
0.59375 0.0048128

0.59375 0.00471927
0.609375 0.00777728

0.609375 0.0077451
0.625 0.0113125

-0.859375 -0.140384
-0.84375 -0.140202

0.625 0.0114514
0.640625 0.0153071

-0.84375 -0.140203
-0.828125 -0.14001

-0.828125 -0.14001
-0.8125 -0.139803

-0.8125 -0.139804
-0.796875 -0.139581

-0.796875 -0.139581
-0.78125 -0.139341

-0.78125 -0.139341
-0.765625 -0.139083

-0.765625 -0.139083
-0.75 -0.138806

0.639935 0.015625
0.640625 0.0157953

0.640625 0.015383
0.641757 0.015625

0.640842 0.015625
0.65625 0.0189188

0.65625 0.0186478
0.671875 0.0214792

0.671875 0.0213675
0.6875 0.0244386

-0.75 -0.138806
-0.734375 -0.13851

0.6875 0.0244219
0.703125 0.0279895

0.703125 0.0281629
0.716443 0.03125

0.715007 0.03125
0.71875 0.0321177

-0.734375 -0.13851
-0.71875 -0.138197

-0.71875 -0.138196
-0.703125 -0.137865

-0.703125 -0.137865
-0.6875 -0.137516

-0.6875 -0.137516
-0.671875 -0.13715

-0.671875 -0.13715
-0.65625 -0.136767

-0.65625 -0.136767
-0.640625 -0.136367

-0.640625 -0.136367
-0.625 -0.135948

0.71875 0.0319082
0.734375 0.034991

0.734375 0.0347376
0.75 0.0376704

-2.71875 -0.177547
-2.70312 -0.176743

0.75 0.0375401
0.765625 0.0410906

0.765625 0.0411191
0.78125 0.045491

0.78125 0.0456599
0.785768 0.046875

0.784305 0.046875
0.796875 0.0502555

0.796875 0.0499516
0.8125 0.0534675

2 0.200959
2.01504 0.203125

-2.70312 -0.176718
-2.6875 -0.176549

-0.625 -0.135948
-0.609375 -0.135512

-2.6875 -0.176605
-2.67188 -0.177007

-0.609375 -0.135512
-0.59375 -0.135057

0.8125 0.0531852
0.828125 0.0569965

-0.59375 -0.135057
-0.578125 -0.134583

2.01497 0.203125
2.01562 0.20322

2.01562 0.203213
2.03125 0.205589

2.03125 0.205604
2.04688 0.208068

0.828125 0.0569314
0.84375 0.0617275

0.84375 0.0618166
0.846021 0.0625

0.843239 0.0625
0.84375 0.0626568

0.844147 0.0625
0.859375 0.0670818

0.859375 0.0668863
0.875 0.0705827

-2.67188 -0.177132
-2.65625 -0.177743

0.875 0.0704163
0.890625 0.0737356

0.890625 0.0735004
0.90625 0.0772417

0.905745 0.078125
0.90625 0.078246

0.90625 0.0772481
0.909968 0.078125

0.907602 0.078125
0.921875 0.0814919

-2.65625 -0.177833
-2.64062 -0.178221

-2.64062 -0.178275
-2.625 -0.178152

-2.625 -0.178133
-2.60938 -0.177429

-2.60938 -0.177396
-2.59375 -0.176212

-2.59375 -0.176174
-2.57812 -0.174652

-2.57812 -0.174599
-2.5625 -0.172922

-2.5625 -0.172789
-2.55273 -0.171875

-2.5527 -0.171875
-2.54688 -0.17133

-2.54688 -0.171198
-2.53125 -0.170475

0.921875 0.0811642
0.9375 0.0843253

0.9375 0.0842211
0.953125 0.0875404

-2.53125 -0.170452
-2.51562 -0.170776

-2.5 -0.17203
-2.50224 -0.171875

-2.51562 -0.170942
-2.50216 -0.171875

-0.578125 -0.134583
-0.5625 -0.13409

0.953125 0.0875723
0.96875 0.0911945

-0.5625 -0.13409
-0.546875 -0.133577

0.96875 0.0913268
0.979648 0.09375

-0.546875 -0.133577
-0.53125 -0.133046

-2.99367 0
-2.99252 0.015625

0.978811 0.09375
0.984375 0.0949871

0.984375 0.0949515
1 0.0977127

-0.53125 -0.133046
-0.515625 -0.132494

-0.515625 -0.132494
-0.5 -0.131922

-2.98754 0.015625
-2.98438 0.0254546

-2.98438 0.0181816
-2.98067 0.03125

-2.98438 0.0549172
-2.98457 0.0625

-2.98438 0.0422039
-2.98401 0.03125

-2.98438 0.0615108
-2.9843 0.046875

-2.98438 0.0757303
-2.98504 0.078125

-2.9883 0.078125
-2.9964 0.09375

-2.98438 0.0638165
-2.98404 0.0625

-2.9984 0.09375
-2.96875 0.108039

-3 0.151021
-2.99045 0.15625

-3 0.160273
-2.96875 0.171379

-2.96875 0.125628
-2.96672 0.140625

-2.96655 0.140625
-2.96249 0.15625

-2.95647 0.15625
-2.96043 0.171875

-2.96875 0.1873
-2.95312 0.180302

-2.95312 0.170538
-2.9528 0.171875

-2.95312 0.172841
-2.95284 0.171875

-2.97745 0.1875
-2.96875 0.191033

-2.96875 0.190944
-2.95838 0.1875

-2.96875 0.219395
-2.96659 0.21875

-2.9375 0.218746
-2.92188 0.218746

-2.9375 0.250132
-2.93737 0.25

-0.5 -0.131923
-0.484375 -0.131329

-0.484375 -0.13133
-0.46875 -0.130714

-0.46875 -0.130714
-0.453125 -0.130074

-0.453125 -0.130074
-0.4375 -0.129407

-0.4375 -0.129407
-0.421875 -0.12871

-0.421875 -0.128711
-0.40625 -0.127981

1 0.097598
1.01562 0.0996973

-2.5 -0.172234
-2.48438 -0.173324

-2.48438 -0.17344
-2.46875 -0.17389

-2.46875 -0.173869
-2.45312 -0.17349

1.01562 0.0996347
1.03125 0.101427

-0.40625 -0.127981
-0.390625 -0.127215

-2.45312 -0.173383
-2.4375 -0.172431

-0.390625 -0.127216
-0.375 -0.126411

-2.4375 -0.172305
-2.43112 -0.171875

-2.43124 -0.171875
-2.42188 -0.171245

-2.42188 -0.171159
-2.40625 -0.170446

-2.40625 -0.170422
-2.39062 -0.170272

-2.39062 -0.17032
-2.375 -0.170685

-0.375 -0.12641
-0.359375 -0.125566

-0.359375 -0.125562
-0.349232 -0.125

2.04688 0.208076
2.0625 0.210581

2.0625 0.210594
2.07812 0.213101

2.07812 0.213111
2.09375 0.215576

2.09375 0.215568
2.10938 0.21799

2.10938 0.217951
2.11448 0.21875

2.11434 0.21875
2.125 0.220416

2.125 0.220415
2.14062 0.222915

2.14062 0.222901
2.15625 0.225473

-2.375 -0.170769
-2.35938 -0.171386

2.15625 0.225478
2.17188 0.22814

2.17188 0.228159
2.1875 0.230864

2.1875 0.23087
2.20312 0.233569

1.03125 0.1014
1.04688 0.103062

1.04688 0.103047
1.0625 0.104661

-2.34375 -0.172016
-2.34769 -0.171875

-0.3495 -0.125
-0.34375 -0.124682

-2.35938 -0.171459
-2.34775 -0.171875

-0.34375 -0.124698
-0.328125 -0.123819

1.0625 0.104646
1.07812 0.106273

-0.328125 -0.123823
-0.3125 -0.122909

-2.34375 -0.172049
-2.32812 -0.172345

-0.3125 -0.122909
-0.296875 -0.121953

2.20312 0.233541
2.20795 0.234375

-2.32812 -0.172345
-2.3125 -0.172312

2.20781 0.234375
2.21875 0.236268

-2.3125 -0.172291
-2.29688 -0.171975

-0.296875 -0.121953
-0.28125 -0.120953

-2.29688 -0.171948
-2.2946 -0.171875

1.07812 0.106256
1.09375 0.107961

2.21875 0.236262
2.23438 0.238991

1.09375 0.107908
1.10576 0.109375

-2.2947 -0.171875
-2.28125 -0.171447

1.10549 0.109375
1.10938 0.10985

-2.28125 -0.17142
-2.26562 -0.170856

-0.28125 -0.120953
-0.265625 -0.119908

-2.26562 -0.170836
-2.25 -0.170302

1.10938 0.10986
1.125 0.111988

-0.265625 -0.119908
-0.25 -0.118817

1.125 0.112001
1.14062 0.114252

2.23438 0.238951
2.25 0.241783

-2.25 -0.170291
-2.23438 -0.169848

-2.23438 -0.169847
-2.21875 -0.169516

-0.25 -0.118817
-0.234375 -0.117677

-0.234375 -0.117678
-0.21875 -0.116488

-0.21875 -0.116489
-0.203125 -0.115248

-0.203125 -0.115248
-0.1875 -0.113953

1.14062 0.114276
1.15625 0.116575

1.15625 0.116615
1.17188 0.118832

-2.21875 -0.169521
-2.20312 -0.169294

1.17188 0.118878
1.1875 0.12084

-2.20312 -0.1693
-2.1875 -0.169153

-0.1875 -0.113953
-0.171875 -0.112602

-2.1875 -0.169159
-2.17188 -0.169067

-0.171875 -0.112603
-0.15625 -0.111195

1.1875 0.120864
1.20312 0.122433

-0.15625 -0.111185
-0.140625 -0.109738

2.25 0.241758
2.26562 0.244823

-2.17188 -0.169072
-2.15625 -0.169012

2.26562 0.244815
2.28125 0.248179

1.20312 0.12241
1.21875 0.123583

-0.140625 -0.10973
-0.136741 -0.109375

1.21875 0.123516
1.23438 0.124473

-2.15625 -0.169018
-2.14062 -0.168966

2.28125 0.24815
2.28905 0.25

-2.14062 -0.168972
-2.125 -0.168904

-0.136901 -0.109375
-0.125 -0.108288

1.23438 0.124372
1.24356 0.125

-0.125 -0.108317
-0.109375 -0.106897

-2.125 -0.16891
-2.10938 -0.1688

-0.109375 -0.1069
-0.09375 -0.105427

2.28892 0.25
2.29688 0.251887

-0.09375 -0.105428
-0.078125 -0.103897

2.29688 0.25194
2.3125 0.255869

-0.078125 -0.103898
-0.0625 -0.102306

2.3125 0.255868
2.32812 0.259887

1.24339 0.125
1.25 0.125452

2.32812 0.25984
2.34375 0.264043

-0.0625 -0.102307
-0.046875 -0.100649

-2.10938 -0.168802
-2.09375 -0.168633

-0.046875 -0.100651
-0.03125 -0.0989207

-0.03125 -0.0989212
-0.015625 -0.0971142

-2.09375 -0.168632
-2.07812 -0.168401

-0.015625 -0.0971135
0 -0.0952301

2.34375 0.263941
2.34944 0.265625

2.34927 0.265625
2.35938 0.268614

2.35938 0.268639
2.375 0.273732

1.25 0.125412
1.26562 0.126854

2.375 0.273724
2.39062 0.279217

1.26562 0.12689
1.28125 0.128698

-2.07812 -0.168395
-2.0625 -0.168117

2.39062 0.279164
2.39613 0.28125

-2.0625 -0.168109
-2.04688 -0.167808

-2.04688 -0.167802
-2.03125 -0.167505

2.39595 0.28125
2.40625 0.285157

2.40625 0.285231
2.42188 0.291414

1.28125 0.128768
1.29688 0.13073

1.29688 0.130783
1.3125 0.132652

-2.03125 -0.167502
-2.01562 -0.167229

-2.01562 -0.16723
-2 -0.166986

2.42188 0.291311
2.43536 0.296875

2.43532 0.296875
2.4375 0.297772

1.3125 0.132675
1.32812 0.134299

1.32812 0.134288
1.34375 0.135641

1.34375 0.135611
1.35938 0.136774

1.35938 0.136741
1.375 0.137841

2.4375 0.297763
2.45312 0.304664

2.45312 0.304602
2.46875 0.312071

1.375 0.137821
1.39062 0.138964

2.46875 0.312005
2.4697 0.3125

2.46953 0.3125
2.48438 0.32022

1.39062 0.138957
1.40625 0.140195

1.40625 0.140181
1.4114 0.140625

2.48438 0.32021
2.4985 0.328125

2.49848 0.328125
2.5 0.328978

1.41115 0.140625
1.42188 0.141549

1.42188 0.141573
1.4375 0.142961

1.4375 0.142963
1.45312 0.144327

1.45312 0.144324
1.46875 0.145667

1.46875 0.145665
1.48438 0.146997

1.48438 0.147
1.5 0.14832

2.96875 -0.187625
2.96992 -0.1875

2.96875 -0.172829
2.96855 -0.171875

2.96731 -0.171875
2.96875 -0.170493

2.96875 -0.175877
2.96953 -0.1875

2.98438 -0.0809292
3 -0.0821675

2.99195 -0.078125
2.99575 -0.0625

2.99654 -0.0625
2.99713 -0.046875

2.99932 -0.046875
2.99106 -0.03125

2.98932 -0.03125
3 -0.0164738

2.5 0.328909
2.51562 0.338417

2.51562 0.338104
2.52375 0.34375

2.52364 0.34375
2.53125 0.349181

2.53125 0.348649
2.5429 0.359375

2.54321 0.359375
2.54688 0.364322

2.54688 0.364001
2.55436 0.375

2.53125 0.433338
2.5274 0.4375

2.55448 0.375
2.55858 0.390625

2.55894 0.390625
2.55532 0.40625

2.54688 0.417187
2.5434 0.421875

2.53125 0.433567
2.54199 0.421875

2.54688 0.417687
2.55488 0.40625

2.51562 0.452169
2.51507 0.453125

2.51562 0.453925
2.50912 0.46875

2.51562 0.452271
2.52613 0.4375

2.50969 0.46875
2.50402 0.484375

2.50027 0.484375
2.50215 0.5

-2 -0.166989
-1.98438 -0.166769

2.57812 0.496593
2.56967 0.5

2.57812 0.496929
2.59375 0.489567

2.60938 0.481145
2.60254 0.484375

2.59375 0.488946
2.60342 0.484375

2.60938 0.482077
2.625 0.474888

-1.98438 -0.166773
-1.96875 -0.166564

-1.96875 -0.166567
-1.95312 -0.166356

-1.95312 -0.166359
-1.9375 -0.166133

-1.9375 -0.166136
-1.92188 -0.165883

2.64062 0.466353
2.63628 0.46875

2.64062 0.46655
2.65625 0.45598

-1.92188 -0.165887
-1.90625 -0.165593

-1.90625 -0.165596
-1.89062 -0.165249

-1.89062 -0.165251
-1.875 -0.164842

2.625 0.475137
2.6362 0.46875

2.67188 0.444889
2.65802 0.453125

2.65625 0.454424
2.65843 0.453125

-1.875 -0.164841
-1.85938 -0.164369

-1.85938 -0.164365
-1.84375 -0.163843

-1.84375 -0.163837
-1.82812 -0.163286

-1.82812 -0.163278
-1.8125 -0.162729

2.67188 0.44673
2.6875 0.438638

2.70312 0.428963
2.68802 0.4375

-1.8125 -0.162722
-1.79688 -0.162202

-1.79688 -0.162197
-1.78125 -0.16173

2.71875 0.419738
2.71505 0.421875

2.70312 0.429713
2.71668 0.421875

-1.78125 -0.161728
-1.76562 -0.161328

-1.76562 -0.161328
-1.75 -0.160999

2.75 0.396274
2.73467 0.40625

2.71875 0.420347
2.74065 0.40625

2.6875 0.437841
2.68811 0.4375

-1.75 -0.161002
-1.73438 -0.160737

-1.73438 -0.160741
-1.71875 -0.160529

3 0.0946114
2.98754 0.125

2.9375 0.21159
2.93107 0.21875

-1.71875 -0.160535
-1.70312 -0.160355

-1.70312 -0.160362
-1.6875 -0.16019

2.93382 0.21875
2.90796 0.25

2.96875 0.148345
2.96328 0.15625

2.96552 0.15625
2.95782 0.171875

2.95917 0.171875
2.95447 0.1875

2.9866 0.125
2.96925 0.15625

2.96875 0.156777
2.969 0.15625

2.95707 0.1875
2.9379 0.21875

2.9375 0.219037
2.93774 0.21875

-1.6875 -0.160198
-1.67188 -0.160005

-1.67188 -0.160012
-1.65625 -0.159769

-1.65625 -0.159774
-1.64062 -0.159456

-1.64062 -0.159459
-1.625 -0.159049

2.79688 0.360448
2.78154 0.375

-1.625 -0.159048
-1.60938 -0.158546

-1.60938 -0.158541
-1.59375 -0.157958

-1.59375 -0.15795
-1.57812 -0.15731

2.8125 0.346849
2.79727 0.359375

2.79688 0.360116
2.79771 0.359375

-1.57812 -0.157301
-1.5625 -0.15664

-1.5625 -0.15663
-1.55324 -0.15625

-1.55329 -0.15625
-1.54688 -0.155987

-1.54688 -0.155983
-1.53125 -0.155395

-1.53125 -0.155392
-1.51562 -0.154875

-1.51562 -0.154875
-1.5 -0.154437

2.85938 0.306207
2.85325 0.3125

2.875 0.285639
2.86392 0.296875

2.85938 0.303479
2.86502 0.296875

2.82812 0.335094
2.81894 0.34375

2.84375 0.317037
2.83125 0.328125

2.82812 0.33264
2.8325 0.328125

2.8125 0.348856
2.81833 0.34375

2.84375 0.320653
2.85225 0.3125

2.75 0.401004
2.78125 0.376935

2.78125 0.376261
2.78265 0.375

2.89062 0.272819
2.8831 0.28125

2.90625 0.250789
2.89436 0.265625

2.89062 0.27131
2.89499 0.265625

2.875 0.288758
2.88201 0.28125

2.90625 0.251535
2.90752 0.25

3 -0.0702089
3.00429 -0.0625

3 -0.0406548
3.01184 -0.03125

3 -0.00286365
3.03125 -0.0160431

3.03125 -0.0029483
3.0625 -0.000295094

3.0625 -0.00129828
3.11464 0

-1.5 -0.154441
-1.48438 -0.154076

-1.48438 -0.154082
-1.46875 -0.153771

-1.46875 -0.153778
-1.45312 -0.153492

-1.45312 -0.1535
-1.4375 -0.15321

3.125 -0.00108607
3.25 -0.000462096

3.25 -0.000646289
3.5 -0.000908994

3 0.0275623
3.02111 0

3 0.056393
3.00259 0.03125

3.00464 0.0625
3.00109 0.09375

3 0.0950203
3.00051 0.09375

3.0625 0.000404747
3.07795 0

3.5 -0.000997996
4 -0.00122746

-1.4375 -0.153215
-1.42188 -0.152896

-1.42188 -0.152899
-1.40625 -0.152533

-1.40625 -0.152533
-1.39062 -0.152114

-1.39062 -0.152112
-1.375 -0.151642

-1.375 -0.151639
-1.35938 -0.151129

-1.35938 -0.151125
-1.34375 -0.150592

-1.34375 -0.150587
-1.32812 -0.15005

2.4996 0.5
2.5 0.500824

-1.32812 -0.150045
-1.3125 -0.149523

2.5 0.500532
2.51562 0.515035

2.51562 0.511958
2.53125 0.513706

-1.3125 -0.149519
-1.29688 -0.149026

-1.29688 -0.149025
-1.28125 -0.148572

2.53125 0.511821
2.54688 0.508325

2.54688 0.508407
2.5625 0.503273

-1.28125 -0.148572
-1.26562 -0.148163

-1.26562 -0.148164
-1.25 -0.147797

2.5625 0.503087
2.56987 0.5

-1.25 -0.147799
-1.23438 -0.147466

-1.23438 -0.147469
-1.21875 -0.147159

-1.21875 -0.147162
-1.20312 -0.146863

-1.20312 -0.146865
-1.1875 -0.146566

-1.1875 -0.146569
-1.17188 -0.14626

-1.17188 -0.146261
-1.15625 -0.145937

-1.15625 -0.145937
-1.14062 -0.145594

-1.14062 -0.145593
-1.125 -0.14523

-1.125 -0.145229
-1.10938 -0.144849

-1.10938 -0.144848
-1.09375 -0.144456

-1.09375 -0.144454
-1.07812 -0.144057

-1.07812 -0.144055
-1.0625 -0.143661

-1.0625 -0.143659
-1.04688 -0.143275

-1.04688 -0.143273
-1.03125 -0.142907

-1.03125 -0.142906
-1.01562 -0.142564

-1.01562 -0.142563
-1 -0.142248

