-4 -5.96508e-05
-3.5 -1.10705e-05

1.5 -0.000540646
1.51562 -0.000593439

1.51562 -0.000593433
1.53125 -0.000646997

1.53125 -0.000647005
1.54688 -0.000701337

1.54688 -0.000701329
1.5625 -0.000756431

1.5625 -0.000756439
1.57812 -0.00081231

1.57812 -0.0008123
1.59375 -0.000868946

1.59375 -0.000868953
1.60938 -0.000926381

1.60938 -0.000926369
1.625 -0.000984589

-3.03125 -0.000165095
-3.02597 0

-3.5 3.64987e-06
-3.25 6.0916e-05

1.625 -0.000984594
1.64062 -0.00104362

1.64062 -0.00104361
1.65625 -0.00110346

-3.25 7.34725e-05
-3.125 9.9194e-05

-3.125 0.00013075
-3.0625 0.000118384

-3.0625 0.000130637
-3.03125 8.42186e-05

-3.00922 0
-3 0.000288596

1.65625 -0.00110346
1.67188 -0.00116416

1.67188 -0.00116414
1.6875 -0.00122571

1.6875 -0.00122571
1.70312 -0.00128817

1.70312 -0.00128816
1.71875 -0.00135155

1.71875 -0.00135156
1.73438 -0.00141592

1.73438 -0.0014159
1.75 -0.00148127

1.75 -0.00148127
1.76562 -0.00154769

1.76562 -0.00154766
1.78125 -0.00161516

1.78125 -0.00161516
1.79688 -0.00168379

1.79688 -0.00168377
1.8125 -0.00175357

1.8125 -0.00175357
1.82812 -0.00182458

1.82812 -0.00182456
1.84375 -0.00189682

1.84375 -0.00189683
1.85938 -0.0019704

1.85938 -0.00197037
1.875 -0.00204528

1.875 -0.00204529
1.89062 -0.00212158

1.89062 -0.00212155
1.90625 -0.00219926

1.90625 -0.00219927
1.92188 -0.00227845

1.92188 -0.00227842
1.9375 -0.0023591

1.9375 -0.00235911
1.95312 -0.00244135

1.95312 -0.00244132
1.96875 -0.00252516

1.96875 -0.00252517
1.98438 -0.00261068

1.98438 -0.00261064
2 -0.00269786

-3 0.000507294
-2.98438 0.00192095

-2.98438 0.00234231
-2.96875 0.0034826

-2.96875 0.00329605
-2.95312 0.00369334

-2.95312 0.00369819
-2.9375 0.00371585

-2.9375 0.00363406
-2.92188 0.00342596

-2.92188 0.00344543
-2.90625 0.00313623

-2.90625 0.0030878
-2.89062 0.0027354

-2.89062 0.00275686
-2.875 0.0024152

-2.875 0.00237324
-2.85938 0.00208335

-2.85938 0.00209468
-2.84375 0.00191782

-2.84375 0.00190483
-2.82812 0.00184429

-2.82812 0.00187393
-2.8125 0.00189637

-2.8125 0.00189501
-2.79688 0.00194387

-2.79688 0.0019591
-2.78125 0.00200662

-2.78125 0.00199784
-2.76562 0.00203111

-2.76562 0.00203751
-2.75 0.00206132

0 0.00230235
0.015625 0.00228716

0.015625 0.00228716
0.03125 0.00227175

0.03125 0.00227175
0.046875 0.00225613

0.046875 0.00225613
0.0625 0.00224028

0.0625 0.00224028
0.078125 0.00222421

0.078125 0.00222421
0.09375 0.00220791

0.09375 0.00220791
0.109375 0.00219139

-1 0.00288003
-0.984375 0.00287661

-2.75 0.00205338
-2.73438 0.00207082

-2.73438 0.00207624
-2.71875 0.00209237

-0.984375 0.00287661
-0.96875 0.00287301

-0.96875 0.00287301
-0.953125 0.00286924

-2.71875 0.00208666
-2.70312 0.00210204

-2.70312 0.00210691
-2.6875 0.00212322

-2.6875 0.00211882
-2.67188 0.0021351

-2.67188 0.00213906
-2.65625 0.0021562

-2.65625 0.0021528
-2.64062 0.00216967

-2.64062 0.00217265
-2.625 0.00219011

-0.953125 0.00286924
-0.9375 0.00286529

-0.9375 0.00286529
-0.921875 0.00286117

-0.921875 0.00286117
-0.90625 0.00285687

-2.625 0.00218763
-2.60938 0.00220468

0.109375 0.00219139
0.125 0.00217463

0.125 0.00217463
0.140625 0.00215764

0.140625 0.00215764
0.15625 0.00214042

0.15625 0.00214042
0.171875 0.00212295

0.171875 0.00212295
0.1875 0.00210525

0.1875 0.00210525
0.203125 0.00208731

0.203125 0.00208731
0.21875 0.00206912

0.21875 0.00206912
0.234375 0.00205069

0.234375 0.00205069
0.25 0.002032

0.25 0.002032
0.265625 0.00201307

0.265625 0.00201307
0.28125 0.00199388

0.28125 0.00199388
0.296875 0.00197444

0.296875 0.00197444
0.3125 0.00195474

0.3125 0.00195474
0.328125 0.00193478

0.328125 0.00193478
0.34375 0.00191456

-2.60938 0.00220676
-2.59375 0.00222418

-2.59375 0.00222251
-2.57812 0.00223949

-2.57812 0.00224084
-2.5625 0.00225803

0.34375 0.00191456
0.359375 0.00189407

0.359375 0.00189407
0.375 0.00187332

2 -0.00269787
2.01562 -0.00278687

0.375 0.00187332
0.390625 0.0018523

-2.5625 0.00225699
-2.54688 0.00227378

-2.54688 0.00227458
-2.53125 0.00229144

0.390625 0.0018523
0.40625 0.00183101

2.01562 -0.00278682
2.03125 -0.00287766

-2.53125 0.00229086
-2.51562 0.00230736

-2.51562 0.00230779
-2.5 0.00232425

2.03125 -0.00287768
2.04688 -0.00297042

2.04688 -0.00297037
2.0625 -0.00306509

2.0625 -0.00306512
2.07812 -0.00316189

2.07812 -0.00316182
2.09375 -0.00326073

2.09375 -0.00326077
2.10938 -0.00336189

2.10938 -0.0033618
2.125 -0.00346524

2.125 -0.00346529
2.14062 -0.00357111

2.14062 -0.003571
2.15625 -0.00367933

2.15625 -0.00367941
2.17188 -0.00379033

2.17188 -0.00379018
2.1875 -0.00390384

2.1875 -0.00390394
2.20312 -0.00402041

2.20312 -0.00402023
2.21875 -0.00413968

2.21875 -0.00413982
2.23438 -0.00426236

2.23438 -0.00426212
2.25 -0.00438793

2.25 -0.00438812
2.26562 -0.00451731

2.26562 -0.004517
2.28125 -0.00464981

2.28125 -0.00465007
2.29688 -0.0047866

-2.5 0.00232397
-2.48438 0.00234012

-2.48438 0.00234031
-2.46875 0.00235634

-2.46875 0.00235624
-2.45312 0.00237199

-2.45312 0.00237203
-2.4375 0.00238761

-2.4375 0.00238761
-2.42188 0.00240293

-2.42188 0.00240289
-2.40625 0.002418

-2.40625 0.00241806
-2.39062 0.00243291

-2.39062 0.00243283
-2.375 0.00244745

-2.375 0.00244754
-2.35938 0.00246191

-2.35938 0.00246181
-2.34375 0.00247594

-2.34375 0.00247604
-2.32812 0.00248991

-2.32812 0.00248981
-2.3125 0.00250343

-2.3125 0.00250353
-2.29688 0.00251689

-2.29688 0.00251679
-2.28125 0.0025299

-2.28125 0.00253
-2.26562 0.00254285

-2.26562 0.00254276
-2.25 0.00255535

-2.25 0.00255544
-2.23438 0.00256777

-2.23438 0.00256768
-2.21875 0.00257974

-2.21875 0.00257983
-2.20312 0.00259163

-2.20312 0.00259155
-2.1875 0.00260308

-2.1875 0.00260315
-2.17188 0.00261443

-2.17188 0.00261436
-2.15625 0.00262537

-2.15625 0.00262543
-2.14062 0.00263621

-2.14062 0.00263615
-2.125 0.00264667

-2.125 0.00264672
-2.10938 0.00265702

-2.10938 0.00265697
-2.09375 0.00266703

0.40625 0.00183101
0.421875 0.00180944

-2.09375 0.00266708
-2.07812 0.00267693

-2.07812 0.00267688
-2.0625 0.00268651

-2.0625 0.00268654
-2.04688 0.00269596

-2.04688 0.00269592
-2.03125 0.00270511

-2.03125 0.00270514
-2.01562 0.00271412

-2.01562 0.0027141
-2 0.00272286

2.29688 -0.0047862
2.3125 -0.00492674

2.3125 -0.00492708
2.32812 -0.00507175

2.32812 -0.00507124
2.34375 -0.00522038

2.34375 -0.00522083
2.35938 -0.00537457

0.421875 0.00180944
0.4375 0.0017876

0.4375 0.0017876
0.453125 0.00176548

0.453125 0.00176548
0.46875 0.00174308

-0.90625 0.00285687
-0.890625 0.0028524

-0.890625 0.0028524
-0.875 0.00284775

-0.875 0.00284775
-0.859375 0.00284293

-0.859375 0.00284293
-0.84375 0.00283793

-0.84375 0.00283793
-0.828125 0.00283276

-0.828125 0.00283276
-0.8125 0.00282741

-0.8125 0.00282742
-0.796875 0.00282189

-0.796875 0.00282189
-0.78125 0.0028162

-0.78125 0.0028162
-0.765625 0.00281032

-0.765625 0.00281032
-0.75 0.00280428

-0.75 0.00280428
-0.734375 0.00279805

-0.734375 0.00279805
-0.71875 0.00279166

-0.71875 0.00279166
-0.703125 0.00278508

-0.703125 0.00278508
-0.6875 0.00277833

-0.6875 0.00277833
-0.671875 0.00277141

-0.671875 0.00277141
-0.65625 0.00276431

-2 0.00272288
-1.98438 0.00273143

-1.98438 0.00273141
-1.96875 0.00273973

2.35938 -0.0053739
2.375 -0.00553265

-1.96875 0.00273975
-1.95312 0.00274787

-1.95312 0.00274785
-1.9375 0.00275575

2.375 -0.00553325
2.39062 -0.00569714

2.39062 -0.00569629
2.40625 -0.00586585

-1.9375 0.00275577
-1.92188 0.00276346

-0.65625 0.00276431
-0.640625 0.00275703

-0.640625 0.00275703
-0.625 0.00274958

2.40625 -0.00586662
2.42188 -0.00604198

2.42188 -0.00604089
2.4375 -0.00622267

0.46875 0.00174308
0.484375 0.0017204

-0.625 0.00274958
-0.609375 0.00274195

-1.92188 0.00276345
-1.90625 0.00277093

-0.609375 0.00274195
-0.59375 0.00273415

-1.90625 0.00277094
-1.89062 0.00277822

-0.59375 0.00273415
-0.578125 0.00272617

2.4375 -0.00622368
2.45312 -0.00641205

-0.578125 0.00272617
-0.5625 0.00271801

-1.89062 0.00277821
-1.875 0.00278528

-0.5625 0.00271801
-0.546875 0.00270968

-1.875 0.00278529
-1.85938 0.00279217

0.484375 0.0017204
0.5 0.00169743

-0.546875 0.00270968
-0.53125 0.00270117

2.45312 -0.00641065
2.46875 -0.00660637

-0.53125 0.00270117
-0.515625 0.00269248

-1.85938 0.00279216
-1.84375 0.00279883

-0.515625 0.00269248
-0.5 0.00268362

-1.84375 0.00279884
-1.82812 0.00280531

-1.82812 0.0028053
-1.8125 0.00281158

-1.8125 0.00281158
-1.79688 0.00281766

-1.79688 0.00281766
-1.78125 0.00282354

-1.78125 0.00282354
-1.76562 0.00282922

-1.76562 0.00282922
-1.75 0.0028347

-1.75 0.00283471
-1.73438 0.00284

-1.73438 0.00283999
-1.71875 0.00284509

-1.71875 0.00284509
-1.70312 0.00284999

-1.70312 0.00284999
-1.6875 0.0028547

-1.6875 0.0028547
-1.67188 0.00285922

-1.67188 0.00285922
-1.65625 0.00286354

-1.65625 0.00286354
-1.64062 0.00286768

2.46875 -0.00660768
2.48438 -0.00681093

2.48438 -0.00680915
2.5 -0.00702089

-0.5 0.00268362
-0.484375 0.00267458

-0.484375 0.00267458
-0.46875 0.00266536

-0.46875 0.00266536
-0.453125 0.00265596

-1.64062 0.00286767
-1.625 0.00287162

-0.453125 0.00265596
-0.4375 0.00264638

-0.4375 0.00264638
-0.421875 0.00263663

-1.625 0.00287162
-1.60938 0.00287537

-1.60938 0.00287537
-1.59375 0.00287894

0.5 0.00169743
0.515625 0.00167417

-1.59375 0.00287894
-1.57812 0.00288232

-1.57812 0.00288232
-1.5625 0.00288551

-1.5625 0.00288551
-1.54688 0.00288852

-1.54688 0.00288851
-1.53125 0.00289133

-0.421875 0.00263663
-0.40625 0.00262669

-1.53125 0.00289133
-1.51562 0.00289397

-1.51562 0.00289397
-1.5 0.00289642

-0.40625 0.00262669
-0.390625 0.00261658

-0.390625 0.00261658
-0.375 0.00260628

2.5 -0.00702257
2.51562 -0.00724301

-0.375 0.00260628
-0.359375 0.0025958

-0.359375 0.0025958
-0.34375 0.00258514

2.51562 -0.00724073
2.53125 -0.00747106

-0.34375 0.00258514
-0.328125 0.0025743

-0.328125 0.0025743
-0.3125 0.00256327

2.53125 -0.0074732
2.54688 -0.00771366

-0.3125 0.00256327
-0.296875 0.00255206

0.515625 0.00167417
0.53125 0.00165062

2.54688 -0.00771077
2.5625 -0.00796286

2.5625 -0.00796559
2.57812 -0.00822963

-0.296875 0.00255206
-0.28125 0.00254067

0.53125 0.00165063
0.546875 0.00162678

2.57812 -0.00822595
2.59375 -0.00850384

0.546875 0.00162679
0.5625 0.00160265

-0.28125 0.00254067
-0.265625 0.00252909

0.5625 0.00160265
0.578125 0.00157822

-1.5 0.00289642
-1.48438 0.00289868

0.578125 0.00157822
0.59375 0.00155348

-0.265625 0.00252909
-0.25 0.00251732

0.59375 0.00155348
0.609375 0.00152844

0.609375 0.00152844
0.625 0.0015031

2.59375 -0.00850731
2.60938 -0.00879948

0.625 0.0015031
0.640625 0.00147744

2.60938 -0.00879479
2.625 -0.00910369

2.625 -0.00910808
2.64062 -0.0094343

2.64062 -0.00942829
2.65625 -0.00977506

2.65625 -0.00978061
2.67188 -0.0101488

2.67188 -0.010141
2.6875 -0.0105352

2.6875 -0.0105421
2.70312 -0.0109642

2.70312 -0.0109536
2.71875 -0.0114111

2.71875 -0.0114191
2.73438 -0.0119175

0.640625 0.00147744
0.65625 0.00145147

-1.48438 0.00289868
-1.46875 0.00290076

0.65625 0.00145147
0.671875 0.00142518

2.73438 -0.0119017
2.75 -0.0124569

-1.46875 0.00290077
-1.45312 0.00290266

-0.25 0.00251732
-0.234375 0.00250536

-1.45312 0.00290266
-1.4375 0.00290438

0.671875 0.00142518
0.6875 0.00139858

-0.234375 0.00250536
-0.21875 0.00249321

0.6875 0.00139858
0.703125 0.00137165

-0.21875 0.00249321
-0.203125 0.00248087

2.75 -0.0124655
2.76562 -0.0130917

0.703125 0.00137165
0.71875 0.00134439

0.71875 0.00134439
0.734375 0.00131681

-0.203125 0.00248087
-0.1875 0.00246834

-0.1875 0.00246834
-0.171875 0.00245561

-0.171875 0.00245561
-0.15625 0.00244269

-1.4375 0.00290438
-1.42188 0.00290592

-0.15625 0.00244269
-0.140625 0.00242957

0.734375 0.00131681
0.75 0.00128889

-0.140625 0.00242957
-0.125 0.00241625

-1.42188 0.00290592
-1.40625 0.00290727

2.76562 -0.0130704
2.78125 -0.013793

2.78125 -0.0138096
2.79688 -0.0146381

-1.40625 0.00290727
-1.39062 0.00290845

2.79688 -0.0146185
2.8125 -0.0155591

-0.125 0.00241625
-0.109375 0.00240273

-1.39062 0.00290845
-1.375 0.00290944

-0.109375 0.00240273
-0.09375 0.00238901

-0.09375 0.00238901
-0.078125 0.00237509

2.82812 -0.0166158
2.81298 -0.015625

2.8125 -0.0156004
2.81288 -0.015625

0.75 0.00128889
0.765625 0.00126063

2.82812 -0.0166041
2.84375 -0.0176611

2.84375 -0.0177051
2.85938 -0.0187329

-1.375 0.00290944
-1.35938 0.00291025

2.85938 -0.0187069
2.875 -0.0196697

-0.078125 0.00237509
-0.0625 0.00236096

-0.0625 0.00236096
-0.046875 0.00234662

-0.046875 0.00234662
-0.03125 0.00233208

-0.03125 0.00233208
-0.015625 0.00231732

0.765625 0.00126063
0.78125 0.00123203

0.78125 0.00123203
0.796875 0.00120308

0.796875 0.00120308
0.8125 0.00117379

0.8125 0.00117379
0.828125 0.00114414

-0.015625 0.00231732
0 0.00230235

-1.35938 0.00291025
-1.34375 0.00291089

2.875 -0.0197275
2.89062 -0.0205618

0.828125 0.00114414
0.84375 0.00111413

-1.34375 0.00291089
-1.32812 0.00291134

-1.32812 0.00291134
-1.3125 0.00291162

2.89062 -0.0205473
2.90625 -0.0211665

2.90625 -0.0212566
2.92188 -0.0215094

0.84375 0.00111413
0.859375 0.00108375

-1.3125 0.00291162
-1.29688 0.00291172

0.859375 0.00108375
0.875 0.00105301

-1.29688 0.00291172
-1.28125 0.00291164

-1.28125 0.00291164
-1.26562 0.00291138

-1.26562 0.00291138
-1.25 0.00291094

0.875 0.00105301
0.890625 0.00102189

0.890625 0.00102189
0.90625 0.000990393

-1.25 0.00291094
-1.23438 0.00291033

2.92188 -0.0215183
2.9375 -0.0212066

0.90625 0.000990393
0.921875 0.00095851

2.9375 -0.0213595
2.95312 -0.0201598

0.921875 0.000958512
0.9375 0.000926238

0.9375 0.000926239
0.953125 0.000893568

0.953125 0.00089357
0.96875 0.000860497

0.96875 0.000860497
0.984375 0.000827015

0.984375 0.000827018
1 0.000793122

2.95312 -0.020359
2.96875 -0.0175672

2.96875 -0.0178128
2.9749 -0.015625

2.97559 -0.015625
2.98438 -0.0124977

-1.23438 0.00291033
-1.21875 0.00290954

-1.21875 0.00290954
-1.20312 0.00290858

-1.20312 0.00290858
-1.1875 0.00290744

-1.1875 0.00290744
-1.17188 0.00290612

-1.17188 0.00290612
-1.15625 0.00290462

-1.15625 0.00290462
-1.14062 0.00290295

-1.14062 0.00290295
-1.125 0.00290111

2.98438 -0.0113411
3 -0.00434732

-1.125 0.00290111
-1.10938 0.00289909

-1.10938 0.00289909
-1.09375 0.00289689

-1.09375 0.00289689
-1.07812 0.00289452

-1.07812 0.00289452
-1.0625 0.00289197

-1.0625 0.00289197
-1.04688 0.00288925

-1.04688 0.00288925
-1.03125 0.00288635

-1.03125 0.00288635
-1.01562 0.00288328

-1.01562 0.00288328
-1 0.00288003

3 -0.00260067
3.01428 0

3.03125 -0.000270013
3.06082 0

3.0625 -6.46819e-05
3.0852 0

3.125 -1.9498e-05
3.15647 0

3.25 -2.71942e-05
3.5 -3.39879e-05

3.10376 0
3.125 6.05107e-05

3.18423 0
3.25 4.0075e-05

1.32812 -1.48255e-05
1.32257 0

1.32812 -1.4886e-05
1.34375 -5.76213e-05

1.34375 -5.76297e-05
1.35938 -0.000101641

1.35938 -0.000101678
1.375 -0.000146875

3.5 -9.42149e-05
4 -0.000117972

1.375 -0.000146912
1.39062 -0.000193148

1.39062 -0.000193164
1.40625 -0.000240332

1.40625 -0.00024035
1.42188 -0.000288384

1.42188 -0.000288385
1.4375 -0.000337246

1.4375 -0.000337255
1.45312 -0.00038692

1.45312 -0.000386916
1.46875 -0.000437374

1.46875 -0.000437382
1.48438 -0.000488623

1.48438 -0.000488618
1.5 -0.000540638

1 0.000793122
1.01562 0.000758806

1.01562 0.000758809
1.03125 0.000724068

1.03125 0.000724068
1.04688 0.000688897

1.04688 0.0006889
1.0625 0.000653291

1.0625 0.000653291
1.07812 0.000617238

1.07812 0.000617241
1.09375 0.000580738

1.09375 0.000580738
1.10938 0.00054378

1.10938 0.000543784
1.125 0.000506362

1.125 0.000506361
1.14062 0.000468469

1.14062 0.000468472
1.15625 0.000430108

1.15625 0.000430105
1.17188 0.000391267

1.17188 0.000391267
1.1875 0.000351961

1.1875 0.000351953
1.20312 0.000312196

1.20312 0.000312189
1.21875 0.000272014

1.21875 0.000271994
1.23438 0.000231457

1.23438 0.000231435
1.25 0.000190621

1.25 0.000190586
1.26562 0.00014961

1.26562 0.000149584
1.28125 0.000108566

1.28125 0.00010856
1.29688 6.75612e-05

1.29688 6.76346e-05
1.3125 2.65219e-05

1.3125 2.65715e-05
1.32246 0

