-4 -0.00157686
-3.7728 0

-3.66362 0
-3.5 0.00113559

-3.5 -0.00142213
-3.44111 0

-3.25 -0.00179669
-3.22484 0

-3.125 -0.00238346
-3.11218 0

-3.41081 0
-3.25 0.00390953

-3.22013 0
-3.125 0.00753939

-3.113 0
-3.0625 0.0123874

-3.0625 0.0030741
-3.03125 0.0210684

-3 0.0251433
-3.0204 0.03125

-3.02745 0.03125
-3.00313 0.0625

-3.0181 0.0625
-3.00858 0.09375

-3.003 0.09375
-3 0.124998

-3.01685 0.125
-3 0.154073

1.5 0.20054
1.50625 0.203125

1.50884 0.203125
1.51562 0.205934

1.51562 0.206891
1.53125 0.21395

1.53125 0.214264
1.54172 0.21875

1.54434 0.21875
1.54688 0.219838

1.54688 0.220196
1.5625 0.227434

1.5625 0.228291
1.57567 0.234375

1.57784 0.234375
1.57812 0.234505

1.57812 0.234546
1.59375 0.241962

1.59375 0.242781
1.60827 0.25

1.60938 0.249816
1.60975 0.25

-2.89062 -0.253291
-2.8943 -0.25

-2.875 -0.269022
-2.87928 -0.265625

-2.89062 -0.255571
-2.87888 -0.265625

-1 -0.25943
-0.984375 -0.258526

-0.984375 -0.258533
-0.96875 -0.25759

-0.96875 -0.257595
-0.953125 -0.256591

1.6095 0.25
1.625 0.257647

-2.875 -0.269701
-2.85938 -0.277846

1.625 0.257986
1.63962 0.265625

1.63999 0.265625
1.64062 0.265955

1.64062 0.265957
1.65625 0.274291

1.65625 0.274313
1.66858 0.28125

1.66843 0.28125
1.67188 0.283189

-2.85938 -0.2769
-2.84375 -0.280298

-0.953125 -0.256596
-0.9375 -0.255508

1.67188 0.283167
1.6875 0.292241

1.6875 0.292033
1.69546 0.296875

-0.9375 -0.25551
-0.921875 -0.254323

-2.82812 -0.281744
-2.83156 -0.28125

-0.921875 -0.254323
-0.90625 -0.25303

1.69517 0.296875
1.70312 0.301716

1.70312 0.301743
1.71875 0.311701

-2.82812 -0.282043
-2.8125 -0.284151

1.71875 0.311648
1.7201 0.3125

1.72 0.3125
1.73438 0.32191

-2.84375 -0.279433
-2.83113 -0.28125

1.73438 0.321762
1.74353 0.328125

-2.8125 -0.284034
-2.79688 -0.285541

-2.79688 -0.285516
-2.78125 -0.286705

-2.78125 -0.286653
-2.76562 -0.287676

-2.76562 -0.287672
-2.75 -0.28864

-0.90625 -0.253061
-0.890625 -0.2516

-0.890625 -0.251555
-0.875273 -0.25

0 -0.141707
0.00620306 -0.140625

-0.876669 -0.25
-0.875 -0.249831

-0.875 -0.249897
-0.859375 -0.248435

0.000258031 -0.140625
0.015625 -0.137944

0.015625 -0.140732
0.0165234 -0.140625

0.015625 -0.138662
0.03125 -0.136807

0.03125 -0.136644
0.046875 -0.134978

0.046875 -0.135021
0.0625 -0.133789

0.0625 -0.13393
0.078125 -0.132767

-2.9375 -0.197363
-2.94337 -0.1875

-2.96875 -0.125542
-2.96898 -0.125

-2.95312 -0.175203
-2.95451 -0.171875

-0.859375 -0.248491
-0.84375 -0.247171

-0.84375 -0.247179
-0.828125 -0.245873

-0.828125 -0.245868
-0.8125 -0.244573

-0.8125 -0.244572
-0.796875 -0.243299

-0.796875 -0.243303
-0.78125 -0.242046

-0.78125 -0.242048
-0.765625 -0.240796

-0.765625 -0.240809
-0.75 -0.239535

0.078125 -0.132837
0.09375 -0.131323

0.09375 -0.13198
0.109375 -0.12866

0.109375 -0.128855
0.120488 -0.125

0.115844 -0.125
0.125 -0.121824

0.125 -0.121287
0.140625 -0.117674

0.140625 -0.118936
0.15625 -0.11749

0.15625 -0.117637
0.171875 -0.11554

0.171875 -0.115075
0.1875 -0.112962

0.1875 -0.113071
0.203125 -0.111651

0.203125 -0.112208
0.21875 -0.110148

0.21875 -0.110658
0.223659 -0.109375

0.221743 -0.109375
0.234375 -0.106072

0.234375 -0.105237
0.25 -0.100778

0.25 -0.100628
0.265625 -0.0980163

0.265625 -0.0984246
0.28125 -0.0971435

0.28125 -0.0974395
0.296875 -0.0960805

0.296875 -0.0963292
0.3125 -0.093817

0.311325 -0.09375
0.3125 -0.0935611

0.3125 -0.0941542
0.314324 -0.09375

0.3125 -0.0934429
0.328125 -0.0899811

0.328125 -0.0899206
0.34375 -0.086364

0.34375 -0.0863442
0.359375 -0.0829008

0.359375 -0.0825921
0.375 -0.0799191

0.375 -0.0801168
0.390625 -0.0784361

0.390625 -0.0789846
0.397078 -0.078125

0.396465 -0.078125
0.40625 -0.0768215

0.40625 -0.0765889
0.421875 -0.0736377

0.421875 -0.0734704
0.4375 -0.0705134

0.4375 -0.0705834
0.453125 -0.0678152

0.453125 -0.0677573
0.46875 -0.065154

0.46875 -0.0650133
0.484375 -0.0629721

0.484375 -0.0632311
0.491153 -0.0625

0.490909 -0.0625
0.5 -0.0615195

1.74355 0.328125
1.75 0.332603

0.421875 0.154731
0.420704 0.15625

0.421875 0.154604
0.4375 0.141737

0.420475 0.15625
0.414405 0.171875

-2.95312 -0.174074
-2.94737 -0.1875

-2.95312 -0.159637
-2.95112 -0.171875

-2.95312 -0.153914
-2.95972 -0.140625

-2.96875 -0.133717
-2.96462 -0.140625

-0.75 -0.23953
-0.734375 -0.238218

-0.734375 -0.238226
-0.71875 -0.23687

1.75 0.332717
1.76482 0.34375

-0.71875 -0.236978
-0.703125 -0.235344

-2.95312 -0.155252
-2.95263 -0.15625

-0.703125 -0.235234
-0.695486 -0.234375

-0.696698 -0.234375
-0.6875 -0.233341

-2.90625 -0.24359
-2.92666 -0.21875

-2.92188 -0.218594
-2.93113 -0.203125

-0.6875 -0.233416
-0.671875 -0.231881

-0.671875 -0.231934
-0.65625 -0.230486

-0.65625 -0.230497
-0.640625 -0.229007

-0.640625 -0.229004
-0.625 -0.227456

-0.625 -0.227449
-0.609375 -0.225864

-2.9375 -0.199015
-2.93432 -0.203125

1.76488 0.34375
1.76562 0.344312

1.76562 0.344305
1.78125 0.356584

1.78125 0.356479
1.7848 0.359375

1.78466 0.359375
1.79688 0.369712

1.79688 0.3697
1.80279 0.375

-0.609375 -0.22588
-0.59375 -0.224241

0.415517 0.171875
0.418928 0.1875

1.80265 0.375
1.8125 0.384162

1.8125 0.384148
1.81906 0.390625

1.81897 0.390625
1.82812 0.400119

1.82812 0.400024
1.8339 0.40625

1.83389 0.40625
1.84375 0.417341

1.84375 0.417378
1.84766 0.421875

1.8477 0.421875
1.85938 0.435544

1.85938 0.43568
1.86091 0.4375

0.419278 0.1875
0.421875 0.191857

1.86097 0.4375
1.87402 0.453125

-0.59375 -0.224203
-0.578125 -0.222557

0.421875 0.19178
0.429447 0.203125

-0.578125 -0.222621
-0.5625 -0.220917

1.87422 0.453125
1.875 0.454079

-2.92188 -0.21862
-2.9218 -0.21875

-2.90625 -0.240345
-2.89538 -0.25

1.875 0.454073
1.88669 0.46875

-0.5625 -0.221034
-0.546875 -0.218934

0.43058 0.203125
0.4375 0.210589

-2.97153 -0.125
-2.98381 -0.09375

0.453125 0.1401
0.450391 0.140625

-2.98845 -0.09375
-2.98992 -0.078125

-0.548536 -0.21875
-0.546875 -0.218527

1.88688 0.46875
1.89062 0.473906

-0.546875 -0.218639
-0.53125 -0.216501

-2.98523 -0.078125
-2.98438 -0.072748

-0.53125 -0.216566
-0.515625 -0.214827

-2.98438 -0.0754127
-2.98235 -0.0625

-2.98438 -0.0517507
-2.98411 -0.0625

-2.98438 -0.0450203
-2.98429 -0.046875

-2.98438 -0.0289085
-2.98766 -0.015625

-2.98867 -0.015625
-2.99554 0

-2.98438 -0.0311235
-2.98434 -0.03125

-2.75 -0.288619
-2.73438 -0.289584

-2.73438 -0.289593
-2.71875 -0.290578

-2.71875 -0.290584
-2.70312 -0.291556

-2.70312 -0.291574
-2.6875 -0.292486

-2.6875 -0.292491
-2.67188 -0.2933

-2.67188 -0.293296
-2.65625 -0.294001

-2.65625 -0.293983
-2.64062 -0.294629

-2.64062 -0.294609
-2.625 -0.295272

-2.625 -0.295254
-2.60938 -0.296012

-2.59375 -0.29705
-2.59611 -0.296875

-2.60938 -0.295876
-2.59587 -0.296875

-2.59375 -0.297127
-2.57812 -0.298766

-2.57812 -0.298816
-2.5625 -0.300653

-2.5625 -0.30072
-2.54688 -0.302519

-2.54688 -0.3026
-2.53125 -0.304064

-2.53125 -0.304165
-2.51562 -0.304931

-2.51562 -0.304996
-2.5 -0.304732

-2.99903 0
-3 0.015625

-2.99799 0.015625
-2.98767 0.03125

-2.98438 0.0202226
-2.97713 0.03125

-2.98707 0.03125
-2.98438 0.0407206

-2.98448 0.046875
-2.98488 0.0625

-2.98351 0.03125
-2.98009 0.046875

-2.98296 0.046875
-2.98331 0.0625

-2.98438 0.077159
-2.9845 0.078125

-2.98687 0.078125
-2.99237 0.09375

-2.98234 0.0625
-2.98342 0.078125

-2.9817 0.078125
-2.97902 0.09375

-2.97966 0.09375
-2.97471 0.125

-3 0.14789
-2.96875 0.140165

-3 0.16317
-2.96875 0.169571

-2.96875 0.141314
-2.95868 0.15625

-2.95501 0.15625
-2.95817 0.171875

-2.96875 0.177996
-2.95324 0.171875

-2.97712 0.1875
-2.96875 0.189788

-2.96875 0.187692
-2.9683 0.1875

-2.96875 0.219301
-2.96819 0.21875

-2.5 -0.304706
-2.48438 -0.303331

-2.48438 -0.30326
-2.46875 -0.300968

-2.46875 -0.300747
-2.45312 -0.298125

-2.45312 -0.297956
-2.44545 -0.296875

-2.44524 -0.296875
-2.4375 -0.295785

-2.4375 -0.295747
-2.42188 -0.294326

-2.42188 -0.29461
-2.40625 -0.293447

-2.40625 -0.293254
-2.39062 -0.292166

0.4375 0.143161
0.45068 0.140625

0.453125 0.140869
0.46875 0.143466

0.46875 0.143216
0.484375 0.150472

0.484375 0.150323
0.492154 0.15625

0.492858 0.15625
0.5 0.164583

0.4375 0.210231
0.445688 0.21875

-0.515625 -0.214893
-0.5 -0.21329

1.89062 0.474281
1.89799 0.484375

1.89833 0.484375
1.90625 0.496618

1.90625 0.497323
1.90793 0.5

-2.39062 -0.291974
-2.375 -0.291731

0.447261 0.21875
0.453125 0.226381

-2.375 -0.291936
-2.35938 -0.292512

-2.35938 -0.292673
-2.34375 -0.293334

-2.34375 -0.293328
-2.32812 -0.293765

-2.32812 -0.293729
-2.3125 -0.294029

-2.3125 -0.293996
-2.29688 -0.294299

-0.5 -0.213304
-0.484375 -0.211679

0.453125 0.225854
0.459208 0.234375

-0.484375 -0.211668
-0.46875 -0.210014

-0.46875 -0.210043
-0.453125 -0.208323

-0.453125 -0.208252
-0.4375 -0.206552

-0.4375 -0.206602
-0.421875 -0.204962

-0.421875 -0.205282
-0.40625 -0.203136

0.459096 0.234375
0.464987 0.25

-0.410742 -0.203125
-0.40625 -0.202508

0.5 0.216788
0.49963 0.21875

-2.29688 -0.29431
-2.28125 -0.29466

0.499403 0.21875
0.498137 0.234375

-0.40625 -0.20274
-0.390625 -0.200237

0.497949 0.234375
0.499185 0.25

-2.28125 -0.294698
-2.26562 -0.294997

0.508463 0.5
0.513167 0.515625

0.46411 0.25
0.466158 0.265625

-0.390625 -0.200215
-0.375 -0.198012

0.512037 0.515625
0.515625 0.522472

-2.26562 -0.295026
-2.25 -0.295138

0.515625 0.522118
0.521525 0.53125

0.465767 0.265625
0.466509 0.28125

-0.375 -0.19809
-0.359375 -0.196077

0.466335 0.28125
0.466901 0.296875

-0.359375 -0.196061
-0.34375 -0.194112

0.466773 0.296875
0.467765 0.3125

0.519177 0.53125
0.53125 0.541753

0.555084 0.5
0.5625 0.512128

-2.25 -0.295108
-2.23438 -0.295033

0.53125 0.539585
0.546875 0.54654

0.499025 0.25
0.5 0.253485

-0.34375 -0.19418
-0.328125 -0.19219

0.46767 0.3125
0.46875 0.32147

0.546875 0.544416
0.556205 0.546875

-2.23438 -0.294971
-2.21875 -0.29489

0.554004 0.546875
0.5625 0.551854

-2.21875 -0.294815
-2.20312 -0.295002

0.5625 0.512007
0.564703 0.515625

-2.20312 -0.294972
-2.1875 -0.295635

0.564552 0.515625
0.574336 0.53125

-2.17188 -0.296966
-2.17307 -0.296875

0.57511 0.53125
0.578125 0.538457

-2.1875 -0.295635
-2.17188 -0.296829

-0.328125 -0.192081
-0.3125 -0.19013

0.5625 0.552428
0.571891 0.5625

-0.3125 -0.190119
-0.296875 -0.188447

-2.17188 -0.296931
-2.15625 -0.298452

-0.296875 -0.189086
-0.284526 -0.1875

-2.17188 -0.296836
-2.17148 -0.296875

0.578125 0.536294
0.586244 0.546875

-2.15625 -0.298535
-2.14062 -0.300022

-2.14062 -0.300083
-2.125 -0.301247

0.46875 0.321668
0.469527 0.328125

-2.125 -0.301264
-2.10938 -0.30195

-2.10938 -0.301954
-2.09375 -0.30212

-0.290686 -0.1875
-0.28125 -0.186288

-0.28125 -0.1866
-0.265625 -0.183936

-0.265625 -0.183787
-0.25 -0.181079

0.586967 0.546875
0.59375 0.553164

0.59375 0.554022
0.601532 0.5625

0.46938 0.328125
0.472682 0.34375

0.472634 0.34375
0.477772 0.359375

-2.09375 -0.302106
-2.07812 -0.30177

-2.07812 -0.30174
-2.0625 -0.30099

-2.0625 -0.300931
-2.04688 -0.299943

-2.04688 -0.299855
-2.03125 -0.298925

-2.03125 -0.298841
-2.01562 -0.298313

-2.01562 -0.298308
-2 -0.29836

0.47818 0.359375
0.484375 0.37489

0.484375 0.37419
0.484698 0.375

0.484865 0.375
0.490498 0.390625

0.490513 0.390625
0.494634 0.40625

0.570576 0.5625
0.578125 0.573256

-0.25 -0.181102
-0.234375 -0.178603

0.494459 0.40625
0.497387 0.421875

0.497412 0.421875
0.499452 0.4375

0.499506 0.4375
0.5 0.442233

0.578125 0.573897
0.580567 0.578125

0.580043 0.578125
0.59375 0.592445

0.592055 0.59375
0.59375 0.595132

-0.234375 -0.17863
-0.21875 -0.176239

-0.21875 -0.176234
-0.203125 -0.173909

0.603181 0.5625
0.609375 0.57151

0.609375 0.591507
0.601331 0.59375

0.609375 0.570507
0.614761 0.578125

0.620768 0.578125
0.616295 0.59375

0.59375 0.596167
0.609375 0.598802

0.609375 0.600967
0.620068 0.59375

0.5 -0.0618099
0.515625 -0.0594343

0.515625 -0.0593145
0.53125 -0.0559298

-0.203125 -0.174255
-0.1875 -0.171944

-0.195682 -0.171875
-0.1875 -0.170665

0.65625 0.559803
0.651892 0.5625

0.65625 0.561044
0.670385 0.5625

0.53125 -0.0556685
0.546875 -0.0520366

0.546875 -0.0518816
0.5625 -0.0488348

-0.1875 -0.172632
-0.182097 -0.171875

-0.1875 -0.171413
-0.171875 -0.169223

0.651423 0.5625
0.649789 0.578125

0.651889 0.578125
0.65625 0.581865

0.5625 -0.0487636
0.577181 -0.046875

-0.171875 -0.169412
-0.15625 -0.167391

0.577238 -0.046875
0.578125 -0.0467608

0.578125 -0.0470167
0.579495 -0.046875

0.580942 -0.046875
0.59375 -0.0455498

0.59375 -0.0460652
0.609375 -0.0429859

0.609375 -0.042405
0.625 -0.0379537

-0.15625 -0.167483
-0.140625 -0.165332

0.625 -0.0373736
0.640625 -0.0338725

0.640625 -0.0341132
0.65625 -0.0322413

-2 -0.298445
-1.98438 -0.298916

0.65625 -0.0325376
0.671523 -0.03125

-1.98438 -0.299019
-1.96875 -0.299536

-0.140625 -0.165388
-0.125 -0.162813

0.665828 0.5625
0.671875 0.566349

0.65625 0.582363
0.671875 0.581449

-0.125 -0.16268
-0.109375 -0.159836

0.671875 -0.0314439
0.673059 -0.03125

-0.109375 -0.159875
-0.09375 -0.157321

-1.96875 -0.299588
-1.95312 -0.299842

0.671875 0.571224
0.684561 0.578125

0.671875 0.581264
0.687172 0.578125

-0.0997069 -0.15625
-0.09375 -0.155276

-1.95312 -0.299849
-1.9375 -0.299726

-0.09375 -0.158547
-0.078125 -0.156446

0.671663 -0.03125
0.671875 -0.0312321

-0.078125 -0.157263
-0.069811 -0.15625

0.703125 0.5556
0.691713 0.5625

-1.9375 -0.299706
-1.92188 -0.299232

-1.92188 -0.299202
-1.90625 -0.298477

-0.09375 -0.155954
-0.078125 -0.153852

-0.078125 -0.154891
-0.0625 -0.152988

0.675822 -0.03125
0.6875 -0.0293378

0.6875 -0.0290992
0.703125 -0.0244256

0.703125 -0.0235129
0.71875 -0.0188783

0.71875 -0.0187069
0.734375 -0.0162795

-0.0625 -0.153356
-0.046875 -0.151329

-0.046875 -0.151482
-0.03125 -0.148827

-0.03125 -0.148774
-0.015625 -0.145292

-0.015625 -0.145068
0 -0.141312

0.734375 -0.0166638
0.75 -0.0160175

-1.90625 -0.29844
-1.89062 -0.297595

-1.89062 -0.297554
-1.87756 -0.296875

-1.87745 -0.296875
-1.875 -0.296748

0.703125 0.557468
0.71875 0.55539

-1.875 -0.296715
-1.85938 -0.29607

0.75 -0.0164069
0.765625 -0.0159942

0.71875 0.554541
0.734375 0.55907

0.765625 -0.0187902
0.776527 -0.015625

-1.85938 -0.296063
-1.84375 -0.295656

0.769895 -0.015625
0.78125 -0.0122842

0.734375 0.555303
0.75 0.560388

-1.84375 -0.29567
-1.82812 -0.295488

-1.82812 -0.295516
-1.8125 -0.295475

0.78125 -0.0105443
0.796875 -0.00371158

0.796875 -0.0034641
0.8125 -0.00023574

0.8125 -0.00105875
0.828125 -0.000283732

0.828125 -0.00139157
0.837902 0

0.84375 -0.00114227
0.847036 0

0.859375 -0.0013149
0.862201 0

-1.8125 -0.295502
-1.79688 -0.295495

-1.79688 -0.295512
-1.78125 -0.295454

0.5 0.164237
0.504989 0.171875

0.6875 0.565364
0.690046 0.578125

0.504926 0.171875
0.507599 0.1875

-1.78125 -0.29546
-1.76562 -0.295305

-1.76562 -0.295305
-1.75 -0.295042

0.698273 0.578125
0.703125 0.580252

0.703125 0.580033
0.71875 0.581038

0.734375 0.576688
0.733098 0.578125

0.71875 0.581821
0.73024 0.578125

0.749356 0.5625
0.735363 0.578125

0.505951 0.1875
0.50337 0.203125

0.5 0.216766
0.502571 0.203125

-1.75 -0.295039
-1.73438 -0.294675

-1.73438 -0.294671
-1.71875 -0.29422

0.75 0.557395
0.765625 0.554418

0.765625 0.557175
0.78125 0.55964

-1.71875 -0.294216
-1.70312 -0.293694

-1.70312 -0.293691
-1.6875 -0.293115

0.78125 0.562092
0.781917 0.5625

-1.6875 -0.293111
-1.67188 -0.292497

-1.67188 -0.292492
-1.65625 -0.291857

-1.65625 -0.291852
-1.64062 -0.291212

-1.64062 -0.291208
-1.625 -0.290581

0.5 0.253338
0.503438 0.265625

0.75 0.562505
0.765625 0.571488

0.765625 0.569292
0.769601 0.578125

0.778939 0.578125
0.78125 0.579314

0.782238 0.5625
0.796875 0.573024

0.78125 0.579944
0.796875 0.592848

0.796875 0.574855
0.801159 0.578125

0.800262 0.578125
0.8125 0.583437

0.79799 0.59375
0.808224 0.609375

0.503309 0.265625
0.511314 0.28125

-1.625 -0.290578
-1.60938 -0.289976

0.511889 0.28125
0.515625 0.286888

0.515625 0.286528
0.522575 0.296875

-1.60938 -0.289975
-1.59375 -0.289407

-1.59375 -0.289409
-1.57812 -0.288873

-1.57812 -0.288877
-1.5625 -0.288365

-1.5625 -0.288369
-1.54688 -0.287867

-1.54688 -0.287871
-1.53125 -0.287361

-1.53125 -0.287364
-1.51562 -0.286833

-1.51562 -0.286835
-1.5 -0.286275

0.523352 0.296875
0.53125 0.309664

0.53125 0.308634
0.533554 0.3125

0.533391 0.3125
0.539713 0.328125

0.539519 0.328125
0.542374 0.34375

0.807823 0.609375
0.8125 0.615152

0.8125 0.587767
0.820469 0.59375

0.818806 0.59375
0.828125 0.596892

0.8125 0.61544
0.823411 0.625

0.828125 0.600001
0.843661 0.609375

0.84375 0.60821
0.846731 0.609375

0.847325 0.609375
0.859375 0.621399

0.859375 0.617847
0.875 0.61602

0.542218 0.34375
0.542306 0.359375

0.54225 0.359375
0.539996 0.375

0.821543 0.625
0.828125 0.629415

0.828125 0.629908
0.84375 0.632492

0.84375 0.632962
0.859375 0.629214

0.859375 0.628976
0.875 0.633549

0.53125 0.402961
0.530222 0.40625

0.529751 0.40625
0.526221 0.421875

0.525787 0.421875
0.525483 0.4375

0.539862 0.375
0.535648 0.390625

0.53125 0.403087
0.535145 0.390625

-1.5 -0.286276
-1.48438 -0.285684

0.875 0.617956
0.890625 0.61567

0.890625 0.619269
0.90625 0.62299

0.90625 0.623393
0.913251 0.625

0.875 0.633911
0.888819 0.640625

0.5 0.443404
0.500413 0.4375

0.501099 0.453125
0.502293 0.46875

0.525949 0.4375
0.528967 0.453125

0.529953 0.453125
0.53125 0.457117

0.502818 0.46875
0.505513 0.484375

0.505491 0.484375
0.508816 0.5

-1.48438 -0.285683
-1.46875 -0.285059

-1.46875 -0.285058
-1.45312 -0.284407

0.90625 0.639419
0.890836 0.640625

0.899128 0.640625
0.90625 0.641852

-1.45312 -0.284405
-1.4375 -0.28373

0.912606 0.625
0.921875 0.628294

0.90625 0.642522
0.921875 0.645508

0.921875 0.62772
0.9375 0.630072

0.921875 0.646176
0.9375 0.649646

0.53125 0.456446
0.536595 0.46875

0.536746 0.46875
0.545319 0.484375

0.545618 0.484375
0.546875 0.486488

0.546875 0.486446
0.555049 0.5

0.9375 0.631153
0.953125 0.63309

0.9375 0.650295
0.953125 0.65423

0.953125 0.634294
0.96875 0.636601

0.953125 0.653717
0.963693 0.65625

0.838296 0
0.84375 0.000776254

0.84375 0.00118115
0.859375 0.00661244

-1.4375 -0.283729
-1.42188 -0.283036

-1.42188 -0.283034
-1.40625 -0.28233

0.964865 0.65625
0.96875 0.65707

0.96875 0.637082
0.984375 0.639535

-1.40625 -0.282327
-1.39062 -0.281621

-1.39062 -0.281617
-1.38233 -0.28125

0.859375 0.0080456
0.875 0.0133176

-1.38239 -0.28125
-1.375 -0.280923

0.984375 0.639638
0.989935 0.640625

-1.375 -0.280928
-1.35938 -0.280258

0.990379 0.640625
1 0.642108

0.875 0.0135047
0.890625 0.015136

-1.35938 -0.280258
-1.34375 -0.279598

-1.34375 -0.279598
-1.32812 -0.278948

0.96875 0.657395
0.984375 0.660329

-1.32812 -0.278949
-1.3125 -0.278304

0.890625 0.0141686
0.90625 0.0134818

-1.3125 -0.278307
-1.29688 -0.277659

-1.29688 -0.277662
-1.28125 -0.276998

-1.28125 -0.277002
-1.26562 -0.27631

-1.26562 -0.276313
-1.25 -0.275581

0.984375 0.660705
1 0.662934

0.90625 0.0114103
0.921875 0.0144093

0.918378 0.015625
0.921875 0.0163147

-1.25 -0.275583
-1.23438 -0.274802

-1.23438 -0.274803
-1.21875 -0.273965

-1.21875 -0.273966
-1.20312 -0.273067

-1.20312 -0.273067
-1.1875 -0.272104

1 0.642541
1.01562 0.64517

1.01562 0.645901
1.03125 0.648016

-1.1875 -0.272104
-1.17188 -0.271078

-1.17188 -0.271077
-1.15625 -0.269989

-1.15625 -0.269987
-1.14062 -0.268843

0.921875 0.0127896
0.928362 0.015625

0.921875 0.016997
0.9375 0.0238266

0.9375 0.024832
0.953125 0.0284606

0.953125 0.0267546
0.96875 0.0274065

0.96875 0.0262921
0.984375 0.0296083

0.984375 0.0290216
0.9901 0.03125

0.984818 0.03125
1 0.0371598

1 0.6636
1.01562 0.665679

1.01562 0.666432
1.03125 0.669635

1.03125 0.649075
1.04688 0.651796

1.04688 0.652324
1.0625 0.655489

1.03125 0.66994
1.0386 0.671875

1.03929 0.671875
1.04688 0.673795

-1.14062 -0.268841
-1.125 -0.267648

1.04688 0.67425
1.0625 0.677642

-1.125 -0.267646
-1.10938 -0.266413

-1.10938 -0.266381
-1.09939 -0.265625

-1.09977 -0.265625
-1.09375 -0.265169

-1.09375 -0.265201
-1.07812 -0.264125

1.0625 0.655535
1.06562 0.65625

1.06604 0.65625
1.07812 0.658947

1.0625 0.67823
1.07812 0.680282

-1.07812 -0.264136
-1.0625 -0.26312

-1.0625 -0.263118
-1.04688 -0.262142

-1.04688 -0.262143
-1.03125 -0.261209

-1.03125 -0.261213
-1.01562 -0.26031

1.07812 0.659226
1.09375 0.662898

1.07812 0.681274
1.09375 0.682734

-1.01562 -0.260316
-1 -0.259424

1.09375 0.663516
1.10938 0.666443

1.09375 0.683703
1.10938 0.686521

1.10938 0.667319
1.125 0.670067

1.10938 0.686988
1.11024 0.6875

1.1114 0.6875
1.125 0.690768

1 0.0381968
1.01562 0.0420321

1.01562 0.0407262
1.03125 0.0420408

1.03125 0.0410237
1.04688 0.0444637

1.125 0.670231
1.13402 0.671875

1.13459 0.671875
1.14062 0.672382

1.14062 0.673287
1.15625 0.675522

1.15625 0.676106
1.17188 0.67794

1.04688 0.0443252
1.05366 0.046875

1.0498 0.046875
1.0625 0.0516513

1.0625 0.0523602
1.07812 0.0566246

1.07812 0.055336
1.09375 0.0582483

1.17188 0.6788
1.1875 0.680871

1.125 0.691252
1.14062 0.694185

1.14062 0.694772
1.15625 0.69681

1.09375 0.0575988
1.10873 0.0625

1.10938 0.0624675
1.10947 0.0625

1.10539 0.0625
1.10938 0.0638026

1.10938 0.0643448
1.125 0.0696941

1.15625 0.697552
1.17188 0.699741

1.17188 0.700138
1.1875 0.702717

1.1875 0.681496
1.20312 0.68427

1.20312 0.684471
1.21792 0.6875

1.1875 0.703076
1.1877 0.703125

1.125 0.0691643
1.14062 0.0728674

1.14062 0.0723279
1.15625 0.0765232

1.15625 0.076796
1.16081 0.078125

1.18791 0.703125
1.20312 0.706519

1.21587 0.6875
1.21875 0.687786

1.20312 0.706888
1.21875 0.709963

1.1593 0.078125
1.17188 0.0817919

1.17188 0.0815014
1.1875 0.0855782

1.1875 0.0850809
1.20312 0.0900391

1.20312 0.0904049
1.2123 0.09375

1.21107 0.09375
1.21875 0.0965502

1.21875 0.688101
1.23438 0.69046

1.21875 0.710567
1.23438 0.712706

1.23438 0.691187
1.25 0.693388

1.23438 0.713595
1.25 0.715425

1.21875 0.096488
1.23438 0.101416

1.23438 0.100751
1.25 0.105874

1.25 0.694175
1.26562 0.696285

1.25 0.105893
1.25908 0.109375

1.25737 0.109375
1.26562 0.112542

1.25 0.716158
1.26562 0.718148

1.26562 0.696832
1.28125 0.699411

1.26562 0.718593
1.26699 0.71875

1.26675 0.71875
1.28125 0.72142

1.28125 0.699555
1.29688 0.702552

1.26562 0.112536
1.28125 0.11807

1.28125 0.117573
1.29688 0.122963

1.29688 0.123107
1.30212 0.125

1.29688 0.702647
1.29937 0.703125

1.30149 0.125
1.3125 0.128972

1.29939 0.703125
1.3125 0.705593

1.28125 0.721614
1.29688 0.724202

1.29688 0.7247
1.3125 0.726486

1.3125 0.705743
1.32812 0.708339

1.32812 0.708826
1.34375 0.710853

1.3125 0.727323
1.32812 0.728872

1.32812 0.729586
1.34375 0.73193

1.3125 0.128871
1.32812 0.134209

1.32812 0.133998
1.34375 0.139516

1.34375 0.139738
1.34608 0.140625

1.34375 0.711783
1.35938 0.714096

1.35938 0.714632
1.375 0.71716

1.34375 0.73229
1.35484 0.734375

1.34651 0.140625
1.35938 0.145527

1.35938 0.145752
1.375 0.151573

1.35527 0.734375
1.35938 0.735202

1.35938 0.735537
1.375 0.738562

1.375 0.151416
1.38837 0.15625

1.375 0.717223
1.38498 0.71875

1.38884 0.15625
1.39062 0.156894

1.39062 0.156984
1.40625 0.162943

1.40625 0.163204
1.42188 0.169067

1.3856 0.71875
1.39062 0.719223

1.375 0.738811
1.39062 0.740928

1.39062 0.719666
1.40625 0.721685

1.42188 0.168938
1.42945 0.171875

1.43098 0.171875
1.4375 0.174402

1.4375 0.175014
1.45312 0.181476

1.45312 0.18168
1.46862 0.1875

1.39062 0.741377
1.40625 0.742833

1.40625 0.722023
1.42188 0.72362

1.40625 0.743583
1.42188 0.745232

1.47066 0.1875
1.48438 0.193149

1.48438 0.194178
1.5 0.200798

1.42188 0.724313
1.4375 0.725755

1.42188 0.745717
1.4375 0.74772

1.4375 0.726583
1.45312 0.728311

1.4375 0.747988
1.45158 0.75

1.45312 0.728739
1.46875 0.730959

1.46875 0.73108
1.48438 0.733473

1.48438 0.733706
1.48852 0.734375

1.4889 0.734375
1.5 0.735352

1.45137 0.75
1.45312 0.750293

1.45312 0.750485
1.46875 0.75338

1.46875 0.753506
1.48438 0.756293

1.48438 0.756577
1.5 0.758719

1.5 0.736437
1.51562 0.738217

1.51562 0.739096
1.53125 0.740518

1.53125 0.741247
1.54688 0.743054

1.54688 0.743363
1.5625 0.745578

1.5625 0.745631
1.57812 0.747797

1.57812 0.747837
1.59375 0.749756

1.5 0.759491
1.51562 0.761325

1.51562 0.762157
1.53125 0.76419

1.53125 0.76458
1.54053 0.765625

1.53952 0.765625
1.54688 0.766885

1.54688 0.767097
1.5625 0.769959

1.5625 0.770054
1.57812 0.772619

1.57812 0.750051
1.58132 0.75

1.57812 0.772638
1.59375 0.774685

1.59375 0.750202
1.60938 0.750902

1.59375 0.774853
1.60938 0.776489

1.60938 0.751916
1.625 0.752952

1.60938 0.777163
1.625 0.778762

1.625 0.753975
1.64062 0.755086

1.625 0.779472
1.64062 0.781227

1.64062 0.755501
1.65625 0.756736

1.6405 0.78125
1.64062 0.781271

1.64062 0.78174
1.65625 0.784632

1.65625 0.75688
1.67188 0.75795

1.67188 0.757991
1.6875 0.758524

1.65625 0.784974
1.67188 0.787293

1.67188 0.787314
1.6875 0.788333

1.6875 0.758514
1.70312 0.758447

1.70312 0.758393
1.71875 0.757857

1.6875 0.788183
1.70312 0.788162

1.70312 0.787914
1.71875 0.78765

1.71875 0.75781
1.73438 0.757008

1.73438 0.757029
1.75 0.756014

1.71875 0.787624
1.73438 0.787665

1.73438 0.787736
1.75 0.787992

1.8125 0.746219
1.79709 0.75

1.8125 0.746119
1.82812 0.741303

1.82812 0.7412
1.84375 0.735806

1.85938 0.729614
1.84842 0.734375

1.84375 0.736088
1.84769 0.734375

1.85938 0.729086
1.875 0.72075

1.90812 0.5
1.91707 0.515625

1.91768 0.515625
1.92188 0.52439

1.92188 0.525608
1.92457 0.53125

1.92442 0.53125
1.93068 0.546875

1.93099 0.546875
1.93643 0.5625

1.93654 0.5625
1.9375 0.566248

1.9375 0.566797
1.9404 0.578125

1.94041 0.578125
1.94303 0.59375

1.94313 0.59375
1.94422 0.609375

1.9443 0.609375
1.94353 0.625

1.9375 0.650931
1.93577 0.65625

1.92188 0.681205
1.91726 0.6875

1.93587 0.65625
1.9281 0.671875

1.92188 0.680687
1.92815 0.671875

1.89062 0.711365
1.87905 0.71875

1.90625 0.698898
1.90141 0.703125

1.89062 0.711092
1.90048 0.703125

1.875 0.720882
1.87846 0.71875

1.90625 0.698158
1.91644 0.6875

1.94356 0.625
1.94073 0.640625

1.9375 0.650648
1.94076 0.640625

1.96875 0.74636
1.95985 0.75

1.96875 0.745158
1.98438 0.737125

2 0.730339
1.98858 0.734375

1.98438 0.735554
1.98771 0.734375

1.75 0.756076
1.76562 0.754681

1.76562 0.754732
1.78125 0.752731

1.75 0.788072
1.76562 0.788242

1.76562 0.788464
1.78125 0.787942

1.78125 0.752777
1.79676 0.75

1.79688 0.750038
1.79703 0.75

1.78125 0.787711
1.79688 0.786513

1.79688 0.78664
1.8125 0.784974

1.82812 0.780681
1.82566 0.78125

1.82812 0.780764
1.84375 0.776159

1.8125 0.785488
1.8324 0.78125

1.84375 0.776628
1.85938 0.772513

1.85938 0.772258
1.875 0.768453

1.89062 0.764633
1.88614 0.765625

1.875 0.768822
1.88945 0.765625

1.89062 0.765035
1.90625 0.761844

1.90625 0.762099
1.92188 0.759059

1.92188 0.759024
1.9375 0.755694

1.9375 0.756655
1.95651 0.75

3 -0.218798
2.99971 -0.21875

2.99935 -0.21875
3 -0.205814

2.99969 -0.1875
3 -0.187457

3 -0.0825602
2.98829 -0.078125

2.99356 -0.078125
2.99831 -0.0625

3 -0.0499748
2.99957 -0.046875

2.99828 -0.046875
2.99576 -0.03125

2.99106 -0.03125
3 -0.0256017

2.60938 0.498236
2.6063 0.5

2.60938 0.499361
2.625 0.491337

2.625 0.491261
2.65625 0.471801

2.67188 0.460361
2.66047 0.46875

2.6875 0.448465
2.68035 0.453125

2.67188 0.458945
2.68055 0.453125

2.65625 0.472227
2.66152 0.46875

2.71875 0.432771
2.71044 0.4375

2.71875 0.432071
2.75 0.413931

2.6875 0.449935
2.70852 0.4375

2.9375 0.238719
2.92615 0.25

2.96875 0.179618
2.96681 0.1875

3 0.141197
2.99151 0.15625

2.96875 0.185965
2.98364 0.15625

2.96875 0.203937
2.96097 0.21875

2.9375 0.241296
2.95781 0.21875

2.96875 0.201929
2.97585 0.1875

2.8125 0.360774
2.79689 0.375

2.875 0.30498
2.86744 0.3125

2.84375 0.334743
2.83331 0.34375

2.8125 0.365451
2.83783 0.34375

2.84375 0.338909
2.8723 0.3125

2.78125 0.393873
2.76401 0.40625

2.75 0.415197
2.76353 0.40625

2.78125 0.393896
2.80332 0.375

2.90625 0.271057
2.89839 0.28125

2.875 0.310223
2.90082 0.28125

2.90625 0.271385
2.92535 0.25

3 -0.232742
3.00007 -0.1875

3 -0.0726797
3.01522 -0.0625

3 -0.0493339
3.01607 -0.03125

3.03125 -0.0182725
3.01285 0

3.0625 -0.00352305
3.04186 0

3.125 -0.000288495
3.12224 0

3.25 -0.00046267
3.24274 0

3.5 -0.00144343
3.42347 0

3.03125 0.00821887
3.01739 0.03125

3.01974 0.03125
3.01532 0.0625

3.03125 0.00674048
3.04381 0

3.02032 0.0625
3.01698 0.09375

3.01554 0.09375
3.00615 0.125

3.0625 0.00907817
3.10152 0

3 0.141051
3.00746 0.125

3.125 0.00484031
3.19211 0

3.25 0.00187004
3.34173 0

4 -0.00221129
3.60055 0

3.5 0.000137095
3.52452 0

2 0.731038
2.01562 0.729154

2.01562 0.730723
2.03125 0.727794

2.0625 0.716379
2.05612 0.71875

2.03125 0.726853
2.05547 0.71875

2.0625 0.716173
2.07812 0.709091

2.09375 0.702402
2.09159 0.703125

2.07812 0.707486
2.09114 0.703125

2.09375 0.703119
2.10938 0.70121

2.10938 0.702607
2.125 0.699538

2.15625 0.686071
2.15365 0.6875

2.15625 0.683468
2.17188 0.674228

2.1875 0.668672
2.17691 0.671875

2.17188 0.672944
2.17541 0.671875

2.125 0.699368
2.15274 0.6875

2.1875 0.669956
2.20312 0.668834

2.20312 0.67
2.21875 0.667335

2.25 0.655192
2.24782 0.65625

2.21875 0.666995
2.24741 0.65625

2.32812 0.624899
2.34375 0.619655

2.34375 0.620457
2.35938 0.615221

2.375 0.608807
2.37365 0.609375

2.35938 0.615072
2.3729 0.609375

2.25 0.652922
2.26562 0.644949

2.28125 0.639985
2.27914 0.640625

2.26562 0.644628
2.27881 0.640625

2.28125 0.640604
2.29688 0.638285

2.29688 0.640412
2.3125 0.634853

2.3125 0.631291
2.32908 0.625

2.375 0.608116
2.40625 0.594356

2.40625 0.592415
2.42188 0.586176

2.42188 0.587741
2.4375 0.582897

2.48438 0.55646
2.47167 0.5625

2.48438 0.55998
2.5 0.555296

2.4375 0.583162
2.46875 0.568937

2.46875 0.563169
2.4702 0.5625

2.5 0.554317
2.53125 0.539881

2.54688 0.528486
2.54135 0.53125

2.54688 0.53058
2.5625 0.525128

2.53125 0.535741
2.54068 0.53125

2.5625 0.5251
2.59375 0.509555

2.59375 0.506843
2.6057 0.5

