-4 -0.00515217
-3.59408 0

-3.5 -0.00317596
-3.42316 0

-3.25 -0.00459467
-3.21424 0

-3.125 -0.00629714
-3.10127 0

-3 -0.0626054
-3.00002 -0.0625

-3.0625 -0.000360233
-3.06159 0

-3.00023 -0.0625
-3 -0.0597427

-3.03125 -0.000937129
-3.02873 0

-3.39078 0
-3.25 0.00583386

-3.20918 0
-3.125 0.0113437

-3.10144 0
-3.0625 0.0184017

-3.0625 0.00372938
-3.03125 0.0290189

-3.03939 0.03125
-3.03125 0.0515914

-3.03125 0.0264135
-3.02725 0.03125

-3.03125 0.0497213
-3.02853 0.0625

-3.03791 0.0625
-3.03125 0.0904882

-3.03694 0.09375
-3.03125 0.106895

-3.03125 0.0830514
-3.02601 0.09375

-3.03125 0.0972181
-3 0.124807

-3.01603 0.125
-3 0.149407

1.51562 -0.15948
1.50467 -0.15625

0 -0.130799
0.015625 -0.138734

0.03125 -0.144322
0.0195411 -0.140625

0.015625 -0.138925
0.0210103 -0.140625

0.03125 -0.14399
0.046875 -0.145277

0.046875 -0.144737
0.0625 -0.143847

0.0625 -0.143614
0.078125 -0.142093

0.078125 -0.14206
0.0918384 -0.140625

0.0923343 -0.140625
0.09375 -0.140477

-2.98438 -0.0831365
-2.99462 -0.078125

1.51562 -0.159184
1.53125 -0.164054

0.09375 -0.140487
0.109375 -0.138682

0.109375 -0.138721
0.125 -0.136552

1.5 -0.153071
1.51078 -0.15625

-2.98874 -0.078125
-2.98438 -0.0760481

-2.98438 -0.0785644
-2.9842 -0.078125

-2.98438 -0.0717444
-2.9817 -0.078125

-2.98438 -0.0511581
-2.98805 -0.046875

1.53125 -0.164116
1.54688 -0.167935

1.54688 -0.167929
1.5625 -0.170584

-3 -0.0323036
-2.98438 -0.0317575

-3 -0.0164298
-2.98438 -0.0164303

-3 -0.000946446
-2.98438 -0.000946473

0.125 -0.136537
0.140625 -0.133955

-0.5625 -0.000760602
-0.565004 0

-0.5625 -0.000723879
-0.546875 -0.00610258

0.140625 -0.133875
0.15625 -0.13107

-0.546875 -0.00608516
-0.53125 -0.0122915

-0.515625 -0.0190693
-0.523698 -0.015625

-0.53125 -0.0125945
-0.524147 -0.015625

-0.515625 -0.0190082
-0.5 -0.0260351

0.15625 -0.132236
0.171875 -0.127035

-0.984375 0.0913075
-0.991305 0.09375

-0.984375 0.0912089
-0.96875 0.0859996

0.171875 -0.128013
0.176857 -0.125

-1 0.0969322
-0.990971 0.09375

-0.96875 0.0860287
-0.953125 0.0813899

1.57812 -0.172113
1.57581 -0.171875

0.175 -0.125
0.1875 -0.116475

0.1875 -0.114467
0.195872 -0.109375

-0.9375 0.0772336
-0.940716 0.078125

1.5625 -0.170535
1.5755 -0.171875

-0.953125 0.081472
-0.941049 0.078125

-0.875 0.0604307
-0.883057 0.0625

-0.9375 0.0772187
-0.921875 0.072877

-0.921875 0.0727783
-0.90625 0.0685081

-0.90625 0.0685487
-0.890625 0.0644661

0.191787 -0.109375
0.203125 -0.102717

0.203125 -0.102768
0.21875 -0.103706

0.234375 -0.114603
0.224366 -0.109375

0.21875 -0.10565
0.225881 -0.109375

0.234375 -0.115545
0.25 -0.123575

0.265625 -0.128751
0.254397 -0.125

-3 0.0121954
-2.98438 0.0121954

-3 0.0245067
-2.98438 0.0245067

-3 0.0375711
-2.98438 0.0375711

-3 0.0518597
-2.98438 0.0518597

-3 0.0744683
-2.98438 0.0744683

1.57812 -0.171994
1.59375 -0.172963

-0.890625 0.0645263
-0.882735 0.0625

1.59375 -0.172855
1.60938 -0.173695

-0.875 0.0604211
-0.859375 0.0565414

-0.859375 0.0567282
-0.84375 0.0527093

1.60938 -0.173642
1.625 -0.174676

-3 0.0888162
-2.98438 0.0883796

-3 0.096068
-2.96875 0.1181

1.625 -0.17465
1.64062 -0.176037

0.265625 -0.128594
0.28125 -0.131407

1.64062 -0.176065
1.65625 -0.177801

-0.84375 0.0529929
-0.828125 0.0478939

0.28125 -0.130901
0.296875 -0.132873

-0.8125 0.0414954
-0.827922 0.046875

0.296875 -0.132638
0.3125 -0.135251

-0.828125 0.0486854
-0.822935 0.046875

1.65625 -0.177873
1.67188 -0.179758

-0.8125 0.0417902
-0.796875 0.0372953

-0.796875 0.037528
-0.78125 0.033534

0.3125 -0.135225
0.328125 -0.139

-0.765625 0.0293245
-0.773114 0.03125

0.34375 -0.144077
0.333618 -0.140625

1.67188 -0.179844
1.6875 -0.181559

-0.765625 0.0293664
-0.75 0.0256254

1.6875 -0.1816
1.70312 -0.182891

0.328125 -0.138994
0.332913 -0.140625

1.70312 -0.182856
1.71875 -0.183714

1.71875 -0.183633
1.73438 -0.184291

1.73438 -0.184223
1.75 -0.184979

-0.78125 0.0337313
-0.7716 0.03125

-2.96875 0.116821
-2.96527 0.125

0.34375 -0.144816
0.359375 -0.150701

0.359375 -0.15097
0.375 -0.155557

-0.75 0.0256772
-0.734375 0.0224685

-2.98496 0.125
-2.97457 0.15625

-0.734375 0.0223983
-0.71875 0.0197588

-0.71875 0.0197426
-0.703125 0.0178449

-0.703125 0.0178995
-0.6875 0.0166669

-0.6875 0.0167494
-0.671875 0.0159076

-0.65625 0.0152253
-0.664382 0.015625

-0.671875 0.0159723
-0.66481 0.015625

-0.65625 0.0152776
-0.640625 0.0143074

-0.640625 0.0143602
-0.625 0.0129582

-0.625 0.0130188
-0.609375 0.0109584

-0.609375 0.0110153
-0.59375 0.00806142

-0.59375 0.00807312
-0.578125 0.00408847

-0.578125 0.00393387
-0.565176 0

-0.484375 -0.0335276
-0.489214 -0.03125

-0.484375 -0.0334924
-0.46875 -0.0409687

-0.5 -0.0262159
-0.489305 -0.03125

-0.453125 -0.0485659
-0.456688 -0.046875

-0.46875 -0.041117
-0.456617 -0.046875

-0.453125 -0.0485564
-0.4375 -0.0555666

-0.40625 -0.0670698
-0.420329 -0.0625

1.79688 -0.188195
1.78612 -0.1875

0.25 -0.124042
0.252868 -0.125

0.390625 -0.15891
0.380446 -0.15625

0.390625 -0.159332
0.40625 -0.163527

0.375 -0.155029
0.379674 -0.15625

0.40625 -0.163808
0.421875 -0.16684

-0.40625 -0.0669539
-0.390625 -0.071038

0.421875 -0.167116
0.4375 -0.167872

0.4375 -0.168477
0.453125 -0.165193

0.453125 -0.166088
0.468458 -0.15625

1.79688 -0.188171
1.8125 -0.189097

1.75 -0.184969
1.76562 -0.185977

1.76562 -0.186055
1.78125 -0.187177

1.78125 -0.187285
1.78459 -0.1875

1.8125 -0.189113
1.82812 -0.190024

1.82812 -0.190015
1.84375 -0.190897

-0.390625 -0.0709874
-0.375 -0.0744365

-0.4375 -0.0557321
-0.421875 -0.0619733

-0.421875 -0.0621098
-0.420673 -0.0625

0.466245 -0.15625
0.46875 -0.154353

-0.375 -0.0744006
-0.359375 -0.0773877

0.46875 -0.1542
0.482928 -0.140625

0.477515 -0.140625
0.484375 -0.134187

1.84375 -0.190857
1.85938 -0.191805

1.85938 -0.191765
1.875 -0.192937

0.484375 -0.134349
0.5 -0.1298

-3 0.166418
-2.98299 0.1875

-2.96875 0.125706
-2.95879 0.140625

-2.96504 0.140625
-2.95312 0.152443

-0.34375 -0.0799903
-0.35478 -0.078125

-0.359375 -0.0774087
-0.355139 -0.078125

1.875 -0.192939
1.89062 -0.194413

1.89062 -0.19446
1.90625 -0.196137

1.90625 -0.196158
1.92188 -0.197902

1.92188 -0.197853
1.9375 -0.199718

-2.95312 0.15253
-2.95203 0.15625

1.9375 -0.199704
1.95312 -0.201814

-2.96875 0.163252
-2.96195 0.171875

-2.96875 0.1863
-2.95523 0.171875

-2.95312 0.167573
-2.95169 0.171875

-0.34375 -0.0799671
-0.328125 -0.0823906

-0.328125 -0.0823938
-0.3125 -0.084673

-0.3125 -0.0846862
-0.296875 -0.0867886

-2.94812 0.171875
-2.94018 0.1875

-2.98863 0.1875
-2.96875 0.20253

-2.96951 0.21875
-2.96875 0.223037

-0.296875 -0.086799
-0.28125 -0.0886775

1.96875 -0.204059
1.96213 -0.203125

-0.28125 -0.088683
-0.265625 -0.0903059

0.53125 -0.166772
0.522701 -0.15625

-2.94902 0.1875
-2.9375 0.199234

1.95312 -0.201941
1.96153 -0.203125

-0.265625 -0.0903024
-0.25 -0.0916654

1.96875 -0.204059
1.98438 -0.206269

1.98438 -0.206348
2 -0.208503

-0.25 -0.0916589
-0.234375 -0.0927818

-0.234375 -0.0927663
-0.21875 -0.0936931

-0.203125 -0.0944681
-0.217343 -0.09375

-0.203125 -0.0944449
-0.1875 -0.0951711

-0.21875 -0.0936828
-0.21742 -0.09375

-0.1875 -0.0951671
-0.171875 -0.0958851

0.515625 -0.142569
0.513257 -0.140625

0.5 -0.131114
0.514783 -0.140625

0.515625 -0.14359
0.52567 -0.15625

-0.171875 -0.0958406
-0.15625 -0.0966473

-0.15625 -0.0966116
-0.140625 -0.0976672

-0.140625 -0.0976276
-0.125 -0.0990824

0.546875 -0.178132
0.537196 -0.171875

0 -0.129552
-0.00958541 -0.125

0.53125 -0.167118
0.537303 -0.171875

0.546875 -0.177696
0.5625 -0.180965

-0.125 -0.0989533
-0.109375 -0.101145

-0.109375 -0.101136
-0.09375 -0.10434

-0.09375 -0.104416
-0.078125 -0.108497

0.5625 -0.180028
0.578125 -0.178831

0.578125 -0.178279
0.59375 -0.175596

0.59375 -0.175368
0.609375 -0.172758

-0.0625 -0.11304
-0.0761796 -0.109375

0.609375 -0.172949
0.616903 -0.171875

0.615443 -0.171875
0.625 -0.170512

-0.078125 -0.108561
-0.0750852 -0.109375

-0.0625 -0.113236
-0.046875 -0.116419

-0.046875 -0.115992
-0.03125 -0.118541

0.625 -0.170507
0.640625 -0.168703

-0.03125 -0.11778
-0.015625 -0.122071

-0.015625 -0.122145
-0.00961311 -0.125

0.640625 -0.168622
0.65625 -0.167596

0.65625 -0.167401
0.671875 -0.167708

0.671875 -0.167785
0.6875 -0.169662

0.75 -0.22211
0.748471 -0.21875

0.746965 -0.21875
0.746826 -0.203125

0.75 -0.189165
0.749177 -0.1875

0.703125 -0.172532
0.699527 -0.171875

0.6875 -0.169961
0.697978 -0.171875

0.703125 -0.172684
0.71875 -0.176178

0.71875 -0.175933
0.734375 -0.180662

0.734375 -0.178714
0.747379 -0.1875

2 -0.208535
2.01562 -0.210414

0.8125 -0.284366
0.808876 -0.28125

0.807748 -0.28125
0.809192 -0.265625

-2.96473 0.21875
-2.94498 0.25

0.8125 -0.28293
0.828125 -0.284317

0.8125 -0.267061
0.813741 -0.265625

0.835885 -0.28125
0.834698 -0.265625

2.01562 -0.210412
2.03125 -0.211953

0.765625 -0.244072
0.751082 -0.234375

2.03125 -0.211919
2.04688 -0.213191

2.04688 -0.213211
2.0625 -0.214242

2.0625 -0.21411
2.07812 -0.215125

2.07812 -0.215195
2.09375 -0.216316

2.125 -0.220268
2.11022 -0.21875

0.75 -0.221675
0.759946 -0.234375

2.09375 -0.21619
2.10938 -0.21753

0.765625 -0.242463
0.78125 -0.236867

2.10938 -0.217174
2.125 -0.21826

-2.9375 0.199637
-2.93521 0.203125

2.125 -0.220174
2.14062 -0.224346

2.14062 -0.223618
2.15625 -0.229114

0.778087 -0.234375
0.78125 -0.232414

2.125 -0.213604
2.14062 -0.21744

2.14062 -0.217113
2.14435 -0.21875

2.14062 -0.201774
2.14214 -0.203125

0.755862 -0.203125
0.751425 -0.1875

0.780079 -0.21875
0.78125 -0.216652

0.77638 -0.203125
0.78125 -0.201947

2.15625 -0.228938
2.17188 -0.231112

2.17188 -0.230445
2.1875 -0.23059

2.1875 -0.230292
2.20312 -0.230338

2.20312 -0.230386
2.21875 -0.230834

2.21875 -0.230887
2.23438 -0.231534

0.78125 -0.231435
0.793331 -0.21875

0.78125 -0.217051
0.796875 -0.206356

0.784709 -0.203125
0.796875 -0.200509

0.796875 -0.216541
0.8125 -0.212058

0.75 -0.186026
0.751496 -0.1875

0.8125 -0.21414
0.827199 -0.203125

2.23438 -0.231538
2.25 -0.232268

0.821878 -0.203125
0.828125 -0.194696

0.828125 -0.205943
0.83148 -0.203125

0.828125 -0.195915
0.83956 -0.1875

-2.93159 0.203125
-2.92188 0.214692

-2.92188 0.216049
-2.91964 0.21875

-2.92377 0.21875
-2.90625 0.231115

-2.90625 0.232619
-2.9045 0.234375

-2.90533 0.234375
-2.89062 0.248624

-2.89062 0.249139
-2.88973 0.25

2.25 -0.232243
2.26562 -0.233099

-2.95651 0.25
-2.9375 0.264441

-2.9375 0.252988
-2.90625 0.257105

2.26562 -0.233094
2.28125 -0.234136

0.84375 -0.191857
0.859375 -0.191212

2.29688 -0.23542
2.28521 -0.234375

2.28125 -0.234219
2.28299 -0.234375

2.29688 -0.235543
2.3125 -0.237284

2.3125 -0.237356
2.32812 -0.23912

2.32812 -0.239111
2.34375 -0.240774

2.34375 -0.240778
2.35938 -0.242351

0.828097 -0.1875
0.828125 -0.18745

0.828125 -0.187407
0.843375 -0.171875

0.843318 -0.171875
0.84375 -0.171278

2.35938 -0.242371
2.375 -0.243805

-2.89143 0.25
-2.89062 0.250433

2.375 -0.243839
2.39062 -0.245025

-2.88957 0.25
-2.875 0.263136

2.39062 -0.245052
2.40625 -0.245867

2.40625 -0.245867
2.42188 -0.246256

2.42188 -0.246228
2.4375 -0.24625

0.84375 -0.185342
0.859375 -0.184013

0.84375 -0.163482
0.859375 -0.156976

0.859375 -0.182061
0.875 -0.186051

2.4375 -0.246221
2.45312 -0.245988

2.45312 -0.245931
2.46875 -0.245615

2.46875 -0.245459
2.48438 -0.245483

2.48438 -0.245179
2.5 -0.246461

0.866007 -0.171875
0.86112 -0.15625

0.859375 -0.149669
0.87069 -0.15625

-2.875 0.263722
-2.87253 0.265625

-2.87211 0.265625
-2.85938 0.274923

-2.85938 0.274949
-2.84712 0.28125

2.53125 -0.256612
2.51634 -0.25

0.875 -0.184555
0.890625 -0.185535

2.54688 -0.266234
2.54581 -0.265625

-2.84684 0.28125
-2.84375 0.282822

0.890625 -0.183139
0.90625 -0.180515

2.53125 -0.257419
2.54554 -0.265625

-2.84375 0.283248
-2.82812 0.287428

2.54688 -0.266414
2.5625 -0.275773

2.57812 -0.284003
2.57231 -0.28125

-2.82812 0.287406
-2.8125 0.287185

-2.78125 0.277449
-2.79075 0.28125

-2.8125 0.286573
-2.79688 0.283219

-2.79688 0.283734
-2.79067 0.28125

-2.78125 0.277602
-2.76562 0.267183

-2.76562 0.264453
-2.75 0.254976

-2.76562 0.266501
-2.76431 0.265625

0.90625 -0.180605
0.921875 -0.178987

0.921875 -0.178959
0.9375 -0.178224

-2.67188 0.249993
-2.67197 0.25

0.9375 -0.178317
0.953125 -0.178334

2.57812 -0.284432
2.59375 -0.287357

2.5625 -0.277122
2.57122 -0.28125

0.953125 -0.178345
0.96875 -0.178909

0.96875 -0.178958
0.984375 -0.179947

0.984375 -0.179985
1 -0.181225

2.59375 -0.287957
2.60938 -0.284965

2.60938 -0.284303
2.6155 -0.28125

-2.67188 0.24988
-2.65625 0.248753

-2.65625 0.248644
-2.64062 0.24809

-2.64062 0.247916
-2.625 0.248502

2.61398 -0.28125
2.625 -0.275755

-2.625 0.248359
-2.61414 0.25

-2.75 0.255292
-2.73438 0.251587

2.625 -0.275235
2.64062 -0.266548

2.63994 -0.265625
2.64062 -0.265258

2.64062 -0.26534
2.65625 -0.259731

2.65625 -0.260771
2.67188 -0.258559

2.67188 -0.258593
2.6875 -0.25763

2.6875 -0.257755
2.70312 -0.257721

2.70312 -0.257824
2.71875 -0.258262

2.71875 -0.258391
2.73438 -0.258835

2.73438 -0.258875
2.75 -0.258987

2.5 -0.246203
2.51562 -0.249867

2.51562 -0.249694
2.51632 -0.25

-2.73438 0.252613
-2.71875 0.252066

-2.71875 0.252481
-2.70312 0.252207

-2.70312 0.252223
-2.6875 0.25136

1 -0.18125
1.01562 -0.182617

2.75 -0.259014
2.76562 -0.258661

2.76562 -0.258647
2.78125 -0.257803

-2.6875 0.251238
-2.67188 0.250001

1.01562 -0.182627
1.03125 -0.18405

1.03125 -0.184033
1.04688 -0.185526

2.78125 -0.257792
2.79688 -0.256508

2.79688 -0.256465
2.8125 -0.25485

-2.61408 0.25
-2.60938 0.250711

-2.60938 0.250943
-2.59375 0.254918

1.04688 -0.18552
1.0625 -0.187132

1.07812 -0.188853
1.06586 -0.1875

1.07812 -0.188858
1.09375 -0.190693

-2.59375 0.255558
-2.57812 0.259416

-2.57812 0.259402
-2.5625 0.261894

2.8125 -0.254876
2.82812 -0.252964

2.82812 -0.252996
2.84375 -0.250672

1.09375 -0.190739
1.10938 -0.192606

1.10938 -0.192798
1.125 -0.19422

-2.5625 0.261401
-2.54688 0.263541

-2.54688 0.26366
-2.53479 0.265625

2.84375 -0.250552
2.84732 -0.25

1.0625 -0.187191
1.0653 -0.1875

2.84673 -0.25
2.85938 -0.248046

2.85938 -0.248455
2.875 -0.245555

-2.53476 0.265625
-2.53125 0.266196

2.875 -0.246002
2.89062 -0.240944

2.89062 -0.241178
2.90274 -0.234375

-2.53125 0.266301
-2.51562 0.268801

1.125 -0.194553
1.14062 -0.194483

2.90364 -0.234375
2.90625 -0.232888

-2.51562 0.268654
-2.5 0.271202

1.14062 -0.194839
1.15625 -0.1919

1.15625 -0.191031
1.16879 -0.1875

2.90625 -0.233272
2.9217 -0.21875

2.91936 -0.21875
2.92188 -0.215249

2.92188 -0.212444
2.92873 -0.203125

2.93087 -0.203125
2.9375 -0.194688

2.9375 -0.193369
2.94133 -0.1875

2.94418 -0.1875
2.95218 -0.171875

2.95078 -0.171875
2.95312 -0.162508

2.95266 -0.15625
2.95312 -0.155318

1.16632 -0.1875
1.17188 -0.185936

-2.5 0.271439
-2.48438 0.273853

2.95312 -0.154054
2.95983 -0.140625

2.96492 -0.140625
2.96875 -0.134668

1.17188 -0.186139
1.1875 -0.183005

1.1875 -0.183219
1.20312 -0.181522

1.20312 -0.181409
1.21875 -0.180951

2.96875 -0.125764
2.96911 -0.125

2.97276 -0.125
2.98598 -0.09375

2.98438 -0.0770329
2.98078 -0.0625

2.99139 -0.09375
2.99246 -0.078125

2.98438 -0.0666345
2.98748 -0.078125

-2.48438 0.273892
-2.46875 0.275618

-2.46875 0.275633
-2.45312 0.276564

-2.45312 0.276867
-2.4375 0.276367

1.21875 -0.181258
1.23438 -0.18165

-2.4375 0.275916
-2.42188 0.274282

2.98397 -0.0625
2.98438 -0.0485558

-2.42188 0.273777
-2.40625 0.27292

-2.40625 0.273061
-2.39062 0.273711

2.98411 -0.046875
2.98422 -0.03125

2.98427 -0.03125
2.98438 -0.0300677

2.98438 -0.0191957
2.98471 -0.015625

1.23438 -0.18195
1.25 -0.181978

-2.39062 0.274073
-2.375 0.275222

-2.375 0.275333
-2.35938 0.276037

2.98541 -0.015625
2.98856 0

1.25 -0.182039
1.26562 -0.180979

1.26562 -0.180913
1.28125 -0.178771

-2.35938 0.275898
-2.34375 0.276214

-2.34375 0.276086
-2.32812 0.276548

2.98438 0.0191094
2.98174 0.03125

2.99087 0
2.99049 0.015625

2.98835 0.015625
2.98489 0.03125

2.98404 0.03125
2.98335 0.046875

2.98398 0.046875
2.98395 0.0625

1.28125 -0.17868
1.29688 -0.175771

1.29688 -0.175675
1.3125 -0.172371

-2.32812 0.276594
-2.3125 0.277362

-2.3125 0.277492
-2.29688 0.278218

2.98438 0.0404282
2.98502 0.03125

2.98465 0.046875
2.98458 0.0625

1.3125 -0.172282
1.31442 -0.171875

1.31436 -0.171875
1.32812 -0.168963

-2.29688 0.278323
-2.28125 0.278535

-2.28125 0.278584
-2.26562 0.277973

2.98387 0.0625
2.98377 0.078125

2.98375 0.078125
2.98425 0.09375

-2.26562 0.27796
-2.25 0.276454

2.98376 0.09375
2.988 0.125

1.32812 -0.16903
1.34375 -0.165796

1.34375 -0.165746
1.35938 -0.162552

2.9375 0.208193
2.93103 0.21875

2.92682 0.21875
2.92363 0.25

-2.25 0.276374
-2.23438 0.274161

-2.23438 0.274039
-2.21875 0.271526

1.35938 -0.162499
1.375 -0.15955

1.375 -0.159507
1.39062 -0.156994

1.39062 -0.156994
1.39648 -0.15625

2.96875 0.145017
2.95513 0.15625

2.95312 0.169687
2.9512 0.171875

2.95267 0.171875
2.93903 0.1875

2.96875 0.158966
2.96031 0.171875

2.96857 0.171875
2.9562 0.1875

1.39644 -0.15625
1.40625 -0.155003

2.98159 0.125
2.98594 0.15625

-2.21875 0.271419
-2.20312 0.269065

-2.20312 0.269002
-2.1875 0.267147

-2.1875 0.267136
-2.17188 0.265926

1.40625 -0.155053
1.42188 -0.153502

1.42188 -0.15351
1.4375 -0.152285

3 0.156408
2.98698 0.1875

2.9375 0.208132
2.94983 0.1875

1.4375 -0.152251
1.45312 -0.151403

1.45312 -0.151379
1.46875 -0.151024

2.96875 0.228662
2.94573 0.25

2.9849 0.1875
2.97185 0.21875

-2.15625 0.265348
-2.16336 0.265625

-2.17188 0.26596
-2.16328 0.265625

1.46875 -0.150815
1.48438 -0.151419

1.48438 -0.151116
1.5 -0.1537

2.96875 0.237272
2.97417 0.21875

2.85938 0.289892
2.85254 0.296875

-2.15625 0.265401
-2.14062 0.265224

-2.14062 0.265271
-2.125 0.265328

2.85907 0.296875
2.85938 0.297519

-2.125 0.265367
-2.10938 0.265485

-2.10938 0.265516
-2.09375 0.265559

-2.09375 0.265586
-2.07812 0.265438

-2.07812 0.265463
-2.0625 0.26502

2.85938 0.296095
2.86102 0.296875

2.85938 0.306709
2.86965 0.296875

-2.0625 0.265046
-2.04688 0.264207

-2.04688 0.26424
-2.03125 0.262889

-2.03125 0.262938
-2.01562 0.260913

-2.01562 0.26092
-2 0.25811

2.90625 0.265591
2.90623 0.265625

2.90032 0.265625
2.90625 0.279873

2.89752 0.28125
2.90625 0.285359

2.91085 0.25
2.9375 0.276935

2.93671 0.28125
2.9375 0.281484

2.9375 0.268448
3 0.250172

3 -0.0958609
3.00106 -0.09375

3 -0.0840075
3.00164 -0.0625

3 -0.00235721
3.00171 0

3.0625 -0.00494125
3.048 0

3.125 -0.00640747
3.09543 0

3.25 -0.00469967
3.2156 0

3.5 -0.00359142
3.42413 0

3.03125 0.0255897
3.00511 0.03125

3.03059 0.03125
3.03125 0.037664

3.03125 0.0209836
3.05624 0

3.03125 0.0535006
3.03463 0.03125

3.03125 0.121142
3.02873 0.125

3.03353 0.0625
3.03705 0.09375

3.04331 0.09375
3.03575 0.125

3.0625 0.0155926
3.09262 0

3 0.174291
3.02952 0.125

3 0.191636
3.0017 0.1875

3.125 0.0118398
3.199 0

3 0.250255
3.00016 0.25

3.25 0.00554861
3.36691 0

4 -0.00621421
3.56894 0

3.5 0.000163755
3.51136 0

-1.85938 0.248364
-1.87204 0.25

-1.85938 0.248331
-1.84375 0.245911

-1.84375 0.245913
-1.82812 0.24315

-1.82812 0.243156
-1.8125 0.240034

-1.8125 0.240044
-1.79688 0.236532

-1.78125 0.232714
-1.78835 0.234375

-1.79688 0.236425
-1.78811 0.234375

-1.78125 0.232693
-1.76562 0.229261

-1.76562 0.229317
-1.75 0.2261

-2 0.257936
-1.98438 0.254673

-1.98438 0.254373
-1.96875 0.251604

-1.96875 0.25148
-1.95312 0.250051

-1.95312 0.250157
-1.9375 0.250106

-1.9375 0.250307
-1.92188 0.25102

-1.92188 0.251247
-1.90625 0.251868

-1.90625 0.252006
-1.89062 0.251805

-1.89062 0.25179
-1.875 0.250524

-1.875 0.25038
-1.87206 0.25

-1.75 0.226119
-1.73438 0.222969

-1.73438 0.223004
-1.71875 0.219812

-1.70312 0.216577
-1.71412 0.21875

-1.70312 0.216623
-1.6875 0.213834

-1.71875 0.219788
-1.7135 0.21875

-1.6875 0.213906
-1.67188 0.21126

-1.67188 0.211319
-1.65625 0.208556

-1.65625 0.208619
-1.64062 0.205493

-1.625 0.201746
-1.63108 0.203125

-1.64062 0.205549
-1.62993 0.203125

-1.625 0.201761
-1.60938 0.19818

-1.60938 0.198194
-1.59375 0.194853

-1.59375 0.194927
-1.57812 0.19165

-1.57812 0.191818
-1.5625 0.188118

-1.54688 0.184044
-1.56161 0.1875

-1.54688 0.184104
-1.53125 0.181177

-1.53125 0.181312
-1.51562 0.178751

-1.51562 0.178931
-1.5 0.176106

-1.5625 0.187851
-1.561 0.1875

-1.5 0.176302
-1.48438 0.17246

-1.46875 0.167634
-1.48389 0.171875

-1.48438 0.172215
-1.48316 0.171875

-1.46875 0.167668
-1.45312 0.163592

-1.45312 0.163689
-1.4375 0.159673

-1.42188 0.155348
-1.42521 0.15625

-1.42188 0.155231
-1.40625 0.151203

-1.4375 0.159746
-1.42459 0.15625

-1.40625 0.151377
-1.39062 0.147707

-1.39062 0.147678
-1.375 0.144075

-1.35938 0.140373
-1.36054 0.140625

-1.375 0.14403
-1.35938 0.140662

-1.35938 0.140388
-1.34375 0.137631

-1.35938 0.141472
-1.35458 0.140625

-1.34375 0.137947
-1.32812 0.135696

-1.32812 0.135604
-1.3125 0.133671

-1.3125 0.13374
-1.29688 0.132173

-1.29688 0.132288
-1.28125 0.130721

-1.28125 0.130611
-1.26562 0.129033

-1.26562 0.129098
-1.25 0.127597

-1.21875 0.12355
-1.23125 0.125

-1.21875 0.123465
-1.20312 0.122924

-1.20312 0.122929
-1.1875 0.123841

-1.1875 0.124127
-1.17993 0.125

-1.25 0.127791
-1.23438 0.125852

-1.23438 0.12542
-1.23076 0.125

-1.17978 0.125
-1.17188 0.125911

-1.17188 0.126229
-1.15625 0.127745

-1.15625 0.127579
-1.14062 0.128525

-1.14062 0.128286
-1.125 0.129475

-1.07812 0.122919
-1.08455 0.125

-1.07812 0.122668
-1.0625 0.117338

-1.0625 0.117473
-1.04688 0.112501

-1.03125 0.107663
-1.03663 0.109375

-1.04688 0.112496
-1.03707 0.109375

-1.03125 0.107647
-1.01562 0.102426

-1.01562 0.102345
-1 0.0968906

-1.125 0.130116
-1.10938 0.130741

-1.10938 0.131327
-1.09375 0.128936

-1.09375 0.128298
-1.08357 0.125

