-4 -0.00184509
-3.7272 0

-3.63462 0
-3.5 0.000910492

-3.5 -0.00189378
-3.41975 0

-3.25 -0.00262675
-3.21291 0

-3.125 -0.00354976
-3.1059 0

-3.3968 0
-3.25 0.00351506

-3.21011 0
-3.125 0.00684784

-3.10738 0
-3.0625 0.0113407

-3.0625 0.0023878
-3.03125 0.0205243

-3.03125 0.0296781
-3 0.0282685

-3.02691 0.03125
-3.00248 0.0625

-3.02082 0.0625
-3.00644 0.09375

-3.00676 0.09375
-3 0.122248

-3.02081 0.125
-3 0.153944

-2.9375 -0.196402
-2.94282 -0.1875

-2.96875 -0.126385
-2.96943 -0.125

-2.95312 -0.178527
-2.95596 -0.171875

-2.95312 -0.173716
-2.94696 -0.1875

-2.95312 -0.159471
-2.95107 -0.171875

-2.95312 -0.154324
-2.96012 -0.140625

-2.96875 -0.13595
-2.96534 -0.140625

-2.95312 -0.15539
-2.95269 -0.15625

-2.90625 -0.237279
-2.93351 -0.21875

-2.92188 -0.21685
-2.92909 -0.203125

-2.9375 -0.19841
-2.93365 -0.203125

-2.92188 -0.216396
-2.92058 -0.21875

-2.90625 -0.23442
-2.90573 -0.234375

-2.90625 -0.232879
-2.89062 -0.231571

-2.89062 -0.2303
-2.875 -0.228211

-2.97568 -0.125
-2.98889 -0.09375

-2.99204 -0.09375
-2.99232 -0.078125

-2.98965 -0.078125
-2.98519 -0.0625

-2.98438 -0.0834665
-2.98408 -0.078125

-2.98428 -0.078125
-2.98 -0.0625

1.51562 0.0612263
1.50429 0.0625

1.51562 0.0611865
1.53125 0.0594483

1.53125 0.0594481
1.54688 0.0578642

1.54688 0.057868
1.5625 0.0564312

1.5 0.0630754
1.50512 0.0625

1.5625 0.0564325
1.57812 0.0551325

1.57812 0.0551349
1.59375 0.0539645

1.59375 0.0539689
1.60938 0.0529145

1.60938 0.0529207
1.625 0.0519612

0 -0.00899558
0.00839672 0

-2.98451 -0.0625
-2.98438 -0.0605682

-2.98383 -0.0625
-2.98331 -0.046875

-2.98392 -0.046875
-2.98436 -0.03125

-2.98438 -0.020269
-2.985 -0.015625

-2.98618 -0.015625
-2.9905 0

-2.98438 -0.0297609
-2.98417 -0.03125

-2.875 -0.228306
-2.85938 -0.227785

-2.85938 -0.227774
-2.84375 -0.228654

-2.84375 -0.229111
-2.82812 -0.230503

-2.82812 -0.230371
-2.8125 -0.231622

1.625 0.051966
1.64062 0.0510795

0.00851188 0
0.015625 0.0081221

-2.8125 -0.231799
-2.79688 -0.23282

0.015625 0.00832934
0.0218775 0.015625

0.0218848 0.015625
0.03125 0.0263763

-2.79688 -0.232661
-2.78125 -0.233418

0.03125 0.0267586
0.0352279 0.03125

-2.78125 -0.233582
-2.76562 -0.234062

-2.76562 -0.233926
-2.75 -0.234072

0.0355094 0.03125
0.046875 0.0433969

0.046875 0.0438914
0.0497727 0.046875

1.64062 0.0510812
1.65625 0.0502548

-2.75 -0.234124
-2.73438 -0.234103

-2.73438 -0.233982
-2.71875 -0.233933

1.65625 0.0502551
1.67188 0.0494848

-1 -0.131732
-0.984375 -0.138468

-2.71875 -0.233948
-2.70312 -0.234084

-0.96875 -0.140816
-0.969744 -0.140625

1.67188 0.0494851
1.6875 0.0487698

-2.6875 -0.234452
-2.69034 -0.234375

1.6875 0.0487697
1.70312 0.0481087

-0.984375 -0.137124
-0.96875 -0.140119

1.70312 0.0481086
1.71875 0.0475023

1.71875 0.0475034
1.73438 0.0469498

1.75 0.0464494
1.73663 0.046875

1.73438 0.0469484
1.73668 0.046875

1.75 0.0464433
1.76562 0.0460207

1.76562 0.046017
1.78125 0.0456896

1.78125 0.0456875
1.79688 0.045467

1.79688 0.0454649
1.8125 0.0453599

1.8125 0.0453576
1.82812 0.045377

1.82812 0.0453748
1.84375 0.0455278

1.84375 0.0455252
1.85938 0.0458212

1.85938 0.0458193
1.875 0.046267

1.875 0.0462632
1.89062 0.0468741

1.89072 0.046875
1.90625 0.0476597

1.90625 0.0476609
1.92188 0.0486355

1.92188 0.048635
1.9375 0.0497934

0.0504625 0.046875
0.0625 0.0589739

0.0625 0.0596493
0.0653739 0.0625

0.0665406 0.0625
0.078125 0.0746959

0.078125 0.0751267
0.081145 0.078125

0.0784625 0.078125
0.09375 0.0903187

0.09375 0.0895817
0.107526 0.09375

0.109375 0.0918602
0.12061 0.09375

0.107466 0.09375
0.109375 0.09431

0.119132 0.09375
0.125 0.094737

0.125 0.093652
0.125334 0.09375

0.125 0.0949125
0.140625 0.0994955

0.140625 0.0999383
0.15625 0.104906

0.15625 0.105095
0.171875 0.109179

0.171875 0.109023
0.173568 0.109375

0.173885 0.109375
0.1875 0.112208

0.1875 0.112231
0.203125 0.115046

0.203125 0.114934
0.21875 0.117506

0.21875 0.1174
0.234375 0.120163

0.234375 0.120225
0.25 0.123266

0.25 0.123472
0.257668 0.125

0.259525 0.125
0.265625 0.126215

0.265625 0.126181
0.28125 0.129762

0.28125 0.128816
0.296875 0.135227

0.296518 0.140625
0.296875 0.140829

0.296875 0.133401
0.3125 0.140616

0.296875 0.140807
0.3125 0.148016

0.3125 0.139021
0.32501 0.140625

0.3125 0.146464
0.328125 0.147703

0.34375 0.139247
0.329068 0.140625

0.328125 0.144734
0.34375 0.143106

0.34375 0.139782
0.351779 0.140625

0.34375 0.142907
0.359375 0.144546

0.359375 0.144773
0.375 0.148331

0.375 0.148418
0.390625 0.152837

0.390625 0.153153
0.402294 0.15625

0.400354 0.15625
0.40625 0.157815

0.40625 0.157565
0.421875 0.160281

0.421875 0.16003
0.4375 0.16161

0.4375 0.161553
0.453125 0.162613

0.453125 0.162378
0.46875 0.163503

0.46875 0.163205
0.484375 0.165464

0.484375 0.165205
0.5 0.16971

1.9375 0.0497931
1.95312 0.0511369

1.95312 0.0511367
1.96875 0.0526669

1.96875 0.0526671
1.98438 0.0543835

1.98438 0.0543834
2 0.0562861

-2.70312 -0.234015
-2.68986 -0.234375

-2.6875 -0.234498
-2.67188 -0.235229

-2.67188 -0.235228
-2.65625 -0.236156

-2.65625 -0.236247
-2.64062 -0.237189

-2.64062 -0.237196
-2.625 -0.237954

-2.625 -0.237967
-2.60938 -0.238501

-2.60938 -0.238434
-2.59375 -0.238852

0.5 0.169745
0.507512 0.171875

-2.59375 -0.23883
-2.57812 -0.239309

-2.57812 -0.239276
-2.5625 -0.239928

-2.5625 -0.239944
-2.54688 -0.240801

-2.54688 -0.240796
-2.53125 -0.241837

0.500851 0.171875
0.515625 0.176065

0.515625 0.175427
0.53125 0.177212

0.53125 0.176898
0.546875 0.17693

0.546875 0.176829
0.5625 0.175939

-0.96875 -0.140771
-0.953125 -0.141975

-0.96875 -0.139797
-0.958002 -0.140625

-0.953125 -0.141642
-0.940463 -0.140625

-0.938417 -0.140625
-0.9375 -0.140551

0.5625 0.175706
0.578125 0.174563

0.578125 0.174395
0.59375 0.173799

0.59375 0.17368
0.609375 0.174205

0.609375 0.174152
0.625 0.17614

0.625 0.176365
0.640625 0.179473

0.640625 0.180108
0.65625 0.182618

0.65625 0.183131
0.671875 0.182748

0.671875 0.182409
0.6875 0.178785

0.6875 0.17789
0.703125 0.173491

0.71875 0.170462
0.711544 0.171875

0.703125 0.173115
0.709448 0.171875

0.71875 0.170922
0.734375 0.168203

0.734375 0.168379
0.75 0.164345

0.78125 0.15541
0.777361 0.15625

0.75 0.163854
0.765625 0.159135

0.765625 0.15854
0.776231 0.15625

0.78125 0.155765
0.796875 0.153729

0.796875 0.154329
0.8125 0.151372

0.8125 0.151249
0.828125 0.146419

0.828125 0.145451
0.84375 0.140931

0.859375 0.13845
0.847449 0.140625

0.84375 0.140679
0.844044 0.140625

0.859375 0.139045
0.875 0.135938

0.921875 0.122905
0.911157 0.125

0.921875 0.123195
0.9375 0.120948

0.9375 0.120934
0.953125 0.118726

0.953125 0.118666
0.96875 0.116645

0.96875 0.116626
0.984375 0.114949

0.984375 0.114959
1 0.113643

0.875 0.13591
0.890625 0.131254

0.890625 0.130495
0.90625 0.125865

0.90625 0.125504
0.908828 0.125

-0.935188 -0.140625
-0.921875 -0.135822

2 0.0562848
2.01562 0.0583768

2.01562 0.0583763
2.03125 0.0606609

2.03125 0.0606263
2.0426 0.0625

-0.921875 -0.133931
-0.90625 -0.12559

-0.903417 -0.125
-0.890625 -0.117421

-0.890625 -0.116073
-0.880038 -0.109375

2.04298 0.0625
2.04688 0.0631433

-0.87943 -0.109375
-0.875 -0.106572

2.04688 0.0632137
2.0625 0.0661452

2.0625 0.06617
2.07812 0.0693559

2.07812 0.0693555
2.09375 0.0727472

2.09375 0.0727476
2.10938 0.0763451

-2.53125 -0.241847
-2.51562 -0.243064

-2.51562 -0.243066
-2.5 -0.244436

-2.99354 0
-2.99268 0.015625

-2.98807 0.015625
-2.98438 0.0277299

-2.98438 0.0215211
-2.98167 0.03125

-2.98438 0.0334682
-2.98582 0.046875

-2.98481 0.046875
-2.98441 0.0625

-2.98407 0.03125
-2.98354 0.046875

-2.98387 0.046875
-2.98348 0.0625

-2.98438 0.0927621
-2.98478 0.09375

-2.98357 0.0625
-2.98372 0.078125

-2.98438 0.0892288
-2.98355 0.078125

-2.98353 0.09375
-2.9933 0.125

2.10938 0.0762991
2.11653 0.078125

-2.98358 0.125
-2.9925 0.15625

-3 0.167955
-2.96875 0.166047

2.11687 0.078125
2.125 0.0801994

-0.875 -0.106026
-0.859375 -0.0982258

-2.96875 0.141123
-2.95312 0.153083

-2.96875 0.164368
-2.96238 0.15625

-2.96875 0.17693
-2.96207 0.171875

-0.859375 -0.0973652
-0.84375 -0.0939283

2.125 0.0803875
2.14062 0.0846547

2.14062 0.0847004
2.15625 0.0888615

-0.84375 -0.0946511
-0.828125 -0.095853

-2.96903 0.1875
-2.96875 0.187517

-0.828125 -0.0968453
-0.8125 -0.0992556

-0.8125 -0.0994534
-0.796875 -0.100692

-0.796875 -0.100627
-0.78125 -0.100429

-0.78125 -0.100223
-0.765625 -0.099131

-0.765625 -0.0989573
-0.75 -0.0977316

-0.75 -0.0976662
-0.734375 -0.0967848

-0.734375 -0.0967947
-0.71875 -0.0963687

-0.71875 -0.096406
-0.703125 -0.0963409

-0.703125 -0.096294
-0.6875 -0.0966092

-0.6875 -0.0965727
-0.671875 -0.0974349

-0.671875 -0.0973896
-0.65625 -0.0989624

-0.65625 -0.0989301
-0.640625 -0.101369

2.15625 0.088833
2.17188 0.0928538

-0.640625 -0.101633
-0.625 -0.104473

-0.564835 -0.21875
-0.5625 -0.211587

-0.59375 -0.186258
-0.609057 -0.171875

-0.605991 -0.171875
-0.597896 -0.15625

-2.42188 -0.250092
-2.42414 -0.25

1 0.113658
1.01562 0.112652

-2.42188 -0.250143
-2.40625 -0.250126

-2.40625 -0.250126
-2.40394 -0.25

1.01562 0.112671
1.03125 0.111906

-0.596997 -0.15625
-0.59375 -0.154525

1.03125 0.111929
1.04688 0.111323

2.17188 0.0928489
2.17538 0.09375

1.04688 0.11135
1.0625 0.110804

2.17555 0.09375
2.1875 0.0968193

-0.59375 -0.181284
-0.578125 -0.176923

2.1875 0.0969519
2.20312 0.100785

2.20312 0.100754
2.21875 0.104225

-0.578125 -0.156715
-0.580114 -0.15625

-0.578125 -0.173691
-0.576085 -0.171875

-0.568327 -0.171875
-0.570637 -0.15625

1.0625 0.110834
1.07812 0.110232

1.07812 0.110233
1.09375 0.109513

1.10938 0.108676
1.09654 0.109375

1.09375 0.109468
1.09547 0.109375

1.10938 0.108701
1.125 0.107645

1.125 0.107629
1.14062 0.106335

1.14062 0.106303
1.15625 0.104869

1.15625 0.104861
1.17188 0.103365

1.17188 0.103383
1.1875 0.101805

-2.5 -0.244482
-2.48438 -0.24591

-2.48438 -0.245948
-2.46875 -0.247264

-2.46875 -0.247264
-2.45312 -0.248393

-2.45312 -0.248387
-2.4375 -0.249341

-2.4375 -0.249415
-2.42311 -0.25

-2.40391 -0.25
-2.39062 -0.249276

-2.39062 -0.249303
-2.375 -0.24756

-2.375 -0.247715
-2.35938 -0.244715

-2.35938 -0.244586
-2.34375 -0.240279

-2.34375 -0.239861
-2.32812 -0.235341

-2.32812 -0.235189
-2.32432 -0.234375

-2.32506 -0.234375
-2.3125 -0.231685

1.1875 0.101823
1.20312 0.100091

-2.3125 -0.232056
-2.29688 -0.229761

-2.29688 -0.229415
-2.28125 -0.22819

1.20312 0.10009
1.21875 0.0981708

-2.28125 -0.227974
-2.26562 -0.228944

2.21875 0.104188
2.23438 0.107435

1.21875 0.09814
1.23438 0.0960977

-0.59375 -0.156215
-0.578125 -0.154894

-0.578125 -0.150643
-0.567062 -0.15625

1.23438 0.0960359
1.25 0.0940559

-0.548443 -0.234375
-0.561546 -0.21875

-0.540762 -0.234375
-0.53139 -0.21875

-0.5625 -0.214394
-0.546875 -0.206321

2.23438 0.107374
2.24388 0.109375

-2.26562 -0.229642
-2.25 -0.231842

-0.546875 -0.211749
-0.537411 -0.21875

-0.53125 -0.223068
-0.523909 -0.21875

-2.25 -0.232108
-2.23438 -0.233607

-0.519537 -0.21875
-0.515625 -0.214135

1.26562 0.0922696
1.25277 0.09375

1.26562 0.0922949
1.28125 0.0905982

2.24434 0.109375
2.25 0.110567

-0.515625 -0.21339
-0.504525 -0.21875

2.25 0.11068
2.26562 0.114109

-0.512335 -0.203125
-0.5 -0.199952

2.26562 0.114117
2.28125 0.117565

1.25 0.0940023
1.25219 0.09375

2.28125 0.117554
2.29688 0.12103

-0.5625 -0.167474
-0.561367 -0.15625

-2.23438 -0.233437
-2.21875 -0.234045

-0.5625 -0.154808
-0.561514 -0.15625

1.28125 0.0905874
1.29688 0.0889435

-0.53125 -0.132611
-0.542094 -0.125

1.29688 0.088943
1.3125 0.0873745

-0.5 -0.172364
-0.500305 -0.171875

1.3125 0.0873889
1.32812 0.0858682

-0.5 -0.164825
-0.507845 -0.15625

1.32812 0.085888
1.34375 0.0843469

-2.21875 -0.233915
-2.20312 -0.234233

-0.515625 -0.146602
-0.521736 -0.140625

-2.1875 -0.234533
-2.19537 -0.234375

1.34375 0.0843557
1.35938 0.0827371

-0.53125 -0.132877
-0.522304 -0.140625

1.35938 0.0827339
1.375 0.0810266

-0.515625 -0.147953
-0.507341 -0.15625

-2.20312 -0.234219
-2.19532 -0.234375

1.375 0.0810746
1.39062 0.0791889

-0.625 -0.104735
-0.609375 -0.106926

-2.1875 -0.234566
-2.17188 -0.234835

-0.609375 -0.106601
-0.59375 -0.108269

1.40625 0.0768148
1.39791 0.078125

-0.59375 -0.109413
-0.578125 -0.112188

-2.17188 -0.234866
-2.15625 -0.234961

-0.59375 -0.106354
-0.578125 -0.109129

1.39062 0.0794044
1.39877 0.078125

-0.578125 -0.110905
-0.5625 -0.11512

1.40625 0.0766835
1.42188 0.0737582

1.42188 0.0736444
1.4375 0.0708722

-2.15625 -0.234961
-2.14062 -0.234819

1.4375 0.0708732
1.45312 0.0684797

2.29688 0.12097
2.3125 0.124615

-0.578125 -0.108886
-0.576313 -0.109375

-0.5625 -0.114077
-0.546875 -0.121116

-0.546875 -0.121524
-0.541655 -0.125

-2.14062 -0.234799
-2.125 -0.23446

1.45312 0.0685033
1.46875 0.066439

-2.125 -0.23444
-2.12278 -0.234375

1.46875 0.0664579
1.48438 0.0646374

2.3125 0.124629
2.31396 0.125

1.48438 0.0646839
1.5 0.0629763

2.31408 0.125
2.32812 0.128559

2.32812 0.128642
2.34375 0.132778

-2.12271 -0.234375
-2.10938 -0.233983

-2.10938 -0.233982
-2.09375 -0.233438

2.34375 0.132743
2.35938 0.136969

2.35938 0.136895
2.3721 0.140625

2.37255 0.140625
2.375 0.141343

-2.09375 -0.233452
-2.07812 -0.232796

-2.07812 -0.232817
-2.0625 -0.231983

2.375 0.141501
2.39062 0.146531

2.39062 0.146535
2.40625 0.151912

-2.0625 -0.232005
-2.04688 -0.230908

-2.04688 -0.230929
-2.03125 -0.229486

2.40625 0.151864
2.41795 0.15625

2.4182 0.15625
2.42188 0.157628

-2.03125 -0.229486
-2.01562 -0.227654

2.42188 0.157771
2.4375 0.164109

-2.01562 -0.22761
-2 -0.225476

2.4375 0.164133
2.45312 0.170759

-0.499655 -0.21875
-0.497944 -0.203125

-0.5 -0.195336
-0.496208 -0.203125

-0.5 -0.173235
-0.484375 -0.17847

-0.5 -0.164945
-0.485713 -0.171875

-0.484375 -0.174848
-0.479041 -0.171875

-0.477679 -0.171875
-0.46875 -0.163992

-0.46875 -0.157259
-0.468118 -0.15625

-0.467248 -0.15625
-0.461349 -0.140625

-0.461689 -0.140625
-0.456679 -0.125

2.45312 0.170809
2.45559 0.171875

-0.4571 -0.125
-0.453125 -0.113932

-0.453125 -0.11407
-0.451439 -0.109375

-0.453117 -0.109375
-0.442805 -0.09375

-0.443364 -0.09375
-0.4375 -0.0878104

-0.4375 -0.0888038
-0.422988 -0.078125

-0.42315 -0.078125
-0.421875 -0.0773973

-0.421875 -0.0771523
-0.40625 -0.072456

-0.40625 -0.0744926
-0.390625 -0.0728312

-0.390625 -0.0717492
-0.375 -0.0712135

2.45559 0.171875
2.46875 0.177576

2.46875 0.177627
2.48438 0.184334

2.48438 0.1843
2.49195 0.1875

2.49192 0.1875
2.5 0.190913

-0.375 -0.0749998
-0.359375 -0.0701812

-0.359375 -0.0770445
-0.345945 -0.0625

-0.359375 -0.0319981
-0.359694 -0.03125

-0.351226 -0.0625
-0.350087 -0.046875

-0.359375 -0.0320401
-0.353051 -0.046875

-0.36058 -0.03125
-0.367377 -0.015625

-0.36762 -0.015625
-0.372326 0

-2 -0.225387
-1.98438 -0.223216

-1.98438 -0.223117
-1.96875 -0.221285

-1.96875 -0.221224
-1.95312 -0.220051

-1.95312 -0.220076
-1.9375 -0.219637

-1.9375 -0.219748
-1.92188 -0.219771

-1.92188 -0.219896
-1.90625 -0.21991

-1.90625 -0.219975
-1.89062 -0.219601

-1.89062 -0.219595
-1.87558 -0.21875

-1.87577 -0.21875
-1.875 -0.218707

-0.171875 -0.00178957
-0.173066 0

-0.15625 -0.0262987
-0.163906 -0.015625

-0.171875 -0.00181678
-0.162693 -0.015625

-0.140625 -0.0438406
-0.15265 -0.03125

-0.125 -0.055853
-0.137791 -0.046875

-0.140625 -0.0433829
-0.136053 -0.046875

-0.15625 -0.0266429
-0.152821 -0.03125

3 -0.220437
2.99948 -0.21875

-0.125 -0.0551948
-0.109375 -0.060863

2.99831 -0.21875
3 -0.217318

3 -0.15625
3 -0.153018

-0.109375 -0.06059
-0.09375 -0.0621606

-0.09375 -0.0621734
-0.078125 -0.0601671

-0.078125 -0.0599611
-0.0625 -0.0547644

-0.0625 -0.054609
-0.046875 -0.0469448

-0.046875 -0.0469762
-0.0467027 -0.046875

-0.0465281 -0.046875
-0.03125 -0.0369728

-0.03125 -0.0365671
-0.0243158 -0.03125

-0.0242058 -0.03125
-0.015625 -0.0243048

-0.015625 -0.024014
-0.00650886 -0.015625

-0.00645542 -0.015625
0 -0.00917823

3 -0.0798077
2.99703 -0.078125

3 -0.0755664
2.99418 -0.0625

-1.875 -0.218676
-1.85938 -0.217387

-1.85938 -0.217334
-1.84375 -0.215822

2.99878 -0.0625
3 -0.0567224

-1.84375 -0.215763
-1.82812 -0.214249

-1.82812 -0.214207
-1.8125 -0.212892

-1.8125 -0.212886
-1.79688 -0.211868

-1.79688 -0.211897
-1.78125 -0.211132

2.99218 -0.046875
3 -0.0379286

2.99976 -0.03125
3 -0.0312073

-0.375 0.0198201
-0.376794 0.03125

2.5 0.190939
2.51562 0.197423

2.51562 0.197422
2.52976 0.203125

2.52974 0.203125
2.53125 0.203734

-1.78125 -0.211178
-1.76562 -0.210514

2.53125 0.203753
2.54688 0.209824

-0.390625 0.0622036
-0.390943 0.0625

-0.376008 0.03125
-0.380583 0.046875

-0.390625 0.0621835
-0.378584 0.046875

-0.40625 0.0699446
-0.414343 0.078125

-0.42037 0.078125
-0.416207 0.09375

-0.413949 0.09375
-0.40625 0.0987823

-0.40625 0.0720151
-0.395163 0.0625

-0.40625 0.0970983
-0.390625 0.100006

-0.390625 0.0984259
-0.375 0.0960089

-0.371988 0
-0.374792 0.015625

-0.375 0.0195218
-0.374388 0.015625

-1.76562 -0.210557
-1.75 -0.209816

2.54688 0.209787
2.5625 0.215646

-1.75 -0.209838
-1.73438 -0.20889

-1.73438 -0.208887
-1.71875 -0.207696

-1.71875 -0.207674
-1.70312 -0.206288

-1.70312 -0.206265
-1.6875 -0.204773

-1.6875 -0.204761
-1.67188 -0.203235

-1.67188 -0.20323
-1.67082 -0.203125

-1.67066 -0.203125
-1.65625 -0.201691

-1.65625 -0.201702
-1.64062 -0.200072

-1.64062 -0.20007
-1.625 -0.198345

2.5625 0.215568
2.57096 0.21875

2.57097 0.21875
2.57812 0.221444

2.57812 0.221309
2.59375 0.227641

-1.625 -0.198327
-1.60938 -0.196548

2.59375 0.227474
2.60833 0.234375

2.6084 0.234375
2.60938 0.234837

2.60938 0.234797
2.625 0.243728

-1.60938 -0.196519
-1.59375 -0.194778

2.625 0.243613
2.63423 0.25

-1.59375 -0.194756
-1.57812 -0.193155

-1.57812 -0.193154
-1.5625 -0.191736

-0.359375 0.0912638
-0.366877 0.09375

-1.5625 -0.191759
-1.54688 -0.190479

2.63421 0.25
2.64062 0.254481

-0.359375 0.0910499
-0.34375 0.082672

-1.54688 -0.190517
-1.53125 -0.189253

-1.53125 -0.189295
-1.51562 -0.187884

-0.375 0.0961685
-0.367702 0.09375

2.64062 0.254312
2.65374 0.265625

-1.51562 -0.187904
-1.51194 -0.1875

-1.51175 -0.1875
-1.5 -0.186213

2.65351 0.265625
2.65625 0.268255

2.65625 0.26772
2.66841 0.28125

-0.328125 0.0720308
-0.33782 0.078125

-0.34375 0.0819059
-0.337735 0.078125

-0.328125 0.0717257
-0.3125 0.062708

-0.296875 0.0549753
-0.311752 0.0625

-0.296875 0.0549861
-0.28125 0.0478356

-0.265625 0.0412319
-0.278565 0.046875

-0.28125 0.0479663
-0.278748 0.046875

2.66809 0.28125
2.67188 0.286919

2.67188 0.28651
2.67871 0.296875

2.67856 0.296875
2.6857 0.3125

2.68552 0.3125
2.6875 0.319467

-1.5 -0.186208
-1.48438 -0.184128

2.6875 0.3195
2.68995 0.328125

2.6898 0.328125
2.69223 0.34375

-1.48438 -0.184079
-1.46875 -0.18173

-1.46875 -0.181659
-1.45312 -0.179284

-0.265625 0.0410085
-0.25 0.0345579

-0.3125 0.0628742
-0.31176 0.0625

2.69212 0.34375
2.69306 0.359375

2.69295 0.359375
2.69285 0.375

-0.234375 0.0290062
-0.240826 0.03125

-0.234375 0.0290055
-0.21875 0.0248219

-1.45312 -0.179246
-1.4375 -0.177061

2.6875 0.415759
2.68629 0.421875

2.68227 0.421875
2.68602 0.4375

-1.4375 -0.177079
-1.42188 -0.175123

-1.42188 -0.175176
-1.40625 -0.173305

-1.40625 -0.173358
-1.39469 -0.171875

-1.39457 -0.171875
-1.39062 -0.171369

-1.39062 -0.171389
-1.375 -0.169074

-0.25 0.0344424
-0.240822 0.03125

-0.21875 0.0253668
-0.203125 0.0213479

-0.203125 0.0226069
-0.188574 0.015625

-0.171875 0.000753104
-0.187141 0.015625

-1.375 -0.169041
-1.35938 -0.166417

-1.35938 -0.166346
-1.34375 -0.163622

-1.34375 -0.163579
-1.32812 -0.160986

-1.32812 -0.161013
-1.3125 -0.158581

-0.1875 0.015864
-0.187151 0.015625

2.67177 0.4375
2.67188 0.438195

2.66905 0.453125
2.67188 0.455953

-1.3125 -0.158644
-1.29724 -0.15625

-1.29716 -0.15625
-1.29688 -0.156206

-1.29688 -0.156206
-1.28125 -0.15358

2.67188 0.439346
2.6875 0.450392

2.67188 0.453186
2.67449 0.453125

-1.28125 -0.153527
-1.26562 -0.150807

-1.26562 -0.15089
-1.25 -0.148012

2.69295 0.375
2.69182 0.390625

2.69171 0.390625
2.68957 0.40625

2.68863 0.40625
2.68804 0.421875

2.6875 0.435176
2.69175 0.4375

2.70312 0.434546
2.71875 0.426385

2.71875 0.424944
2.75 0.409957

2.69553 0.4375
2.71875 0.439576

-1.25 -0.149228
-1.23438 -0.143593

-1.23438 -0.145066
-1.22786 -0.140625

-1.22614 -0.140625
-1.21875 -0.126383

-1.21875 -0.127166
-1.21738 -0.125

2.9375 0.244639
2.93215 0.25

-1.23394 -0.125
-1.22449 -0.109375

-1.21875 -0.114182
-1.20484 -0.109375

-1.20312 -0.114769
-1.1875 -0.117226

2.99225 0.15625
2.9754 0.1875

2.96875 0.216443
2.96746 0.21875

-1.1875 -0.116637
-1.17188 -0.1163

-1.17188 -0.115512
-1.15625 -0.115135

-1.15625 -0.115124
-1.14062 -0.116306

-1.14062 -0.117104
-1.125 -0.118272

-1 -0.132031
-1.01055 -0.125

-1.125 -0.119603
-1.10938 -0.116499

-1.10938 -0.116394
-1.09623 -0.109375

2.9375 0.24763
2.96328 0.21875

2.96875 0.212711
2.98264 0.1875

-1.1008 -0.109375
-1.09375 -0.105613

2.8125 0.363163
2.79733 0.375

-1.09375 -0.104571
-1.07812 -0.0981683

-0.109375 0.796976
-0.109274 0.796875

2.875 0.308428
2.87076 0.3125

2.84375 0.336857
2.83538 0.34375

2.8125 0.365288
2.83937 0.34375

2.84375 0.340306
2.87488 0.3125

-1.07812 -0.0986913
-1.0625 -0.0986564

-1.0625 -0.0994041
-1.04688 -0.103196

-1.03125 -0.109632
-1.03187 -0.109375

-1.04688 -0.103012
-1.03154 -0.109375

-1.03125 -0.109553
-1.01562 -0.119001

-1.03125 -0.109
-1.03054 -0.109375

-1.01562 -0.118201
-1.00543 -0.125

2.78125 0.391545
2.75884 0.40625

2.75 0.411075
2.75791 0.40625

2.78125 0.389478
2.79988 0.375

2.90625 0.276179
2.90182 0.28125

2.875 0.312366
2.90515 0.28125

2.90625 0.278511
2.93314 0.25

3 -0.250064
3.00038 -0.25

3 -0.214058
3.00022 -0.25

3 -0.0713089
3.02801 -0.0625

3 -0.0402343
3.01534 -0.0625

3.03125 -0.0181893
3.02077 0

3.0625 -0.00450125
3.04013 0

3.125 -0.000628133
3.12059 0

3.5 -0.00107621
3.46326 0

3.03125 0.0199279
3.02529 0.03125

3.02749 0.03125
3.02241 0.0625

3.03125 0.014584
3.05245 0

3.02681 0.0625
3.0231 0.09375

3.02178 0.09375
3.0133 0.125

3.0625 0.0142036
3.10578 0

3 0.157457
3.01542 0.125

3.125 0.00844029
3.20635 0

3.25 0.00361569
3.36637 0

4 -0.00264288
3.68887 0

3.5 0.00051086
3.55966 0

