-3.78459 0
-3.5 0.0015659

-3.43684 0
-3.25 0.00361257

-3.2328 0
-3.125 0.00679494

-3.11861 0
-3.0625 0.011768

-3.0625 0.00138147
-3.03125 0.017481

-3.03125 0.0141952
-3.01608 0.03125

-3.01995 0.03125
-3.00721 0.0625

-3.01482 0.0625
-3.00732 0.09375

-3.00418 0.09375
-3 0.107029

1.53125 -0.218931
1.52923 -0.21875

1.5 -0.216471
1.51562 -0.217609

1.51562 -0.217513
1.52943 -0.21875

1.53125 -0.219059
1.54688 -0.22062

1.54688 -0.220626
1.5625 -0.222049

1.5625 -0.222023
1.57812 -0.223349

1.57812 -0.223345
1.59375 -0.224632

1.59375 -0.224625
1.60938 -0.225892

1.60938 -0.225891
1.625 -0.227157

1.625 -0.227155
1.64062 -0.228426

1.64062 -0.228425
1.65625 -0.229709

1.65625 -0.229712
1.67188 -0.231007

1.67188 -0.231005
1.6875 -0.23231

1.6875 -0.23226
1.70312 -0.233677

1.71875 -0.235386
1.70958 -0.234375

1.70312 -0.233587
1.71027 -0.234375

1.71875 -0.235502
1.73438 -0.237325

1.73438 -0.237306
1.75 -0.238968

-3 0.103994
-2.99314 0.125

-2.99944 0.125
-2.9833 0.15625

-2.9779 0.15625
-2.96875 0.17213

-2.96875 0.15034
-2.96134 0.15625

-2.96875 0.164109
-2.9628 0.171875

-2.96358 0.171875
-2.95782 0.1875

-2.96576 0.1875
-2.94432 0.21875

-2.94258 0.21875
-2.9375 0.223726

1.89062 -0.25154
1.87511 -0.25

1.89062 -0.251585
1.90625 -0.253058

1.90625 -0.253037
1.92188 -0.254372

1.92188 -0.254366
1.9375 -0.255617

-2.9375 0.213462
-2.93056 0.21875

0.015625 -0.0478679
0.0108413 -0.046875

1.9375 -0.255614
1.95312 -0.256799

1.95312 -0.2568
1.96875 -0.257923

-2.9375 0.219142
-2.90819 0.25

1.96875 -0.257926
1.98438 -0.25898

1.98438 -0.25898
2 -0.259961

1.75 -0.238955
1.76562 -0.240516

0 -0.0443763
0.0120392 -0.046875

1.76562 -0.240514
1.78125 -0.242003

-2.90823 0.25
-2.90625 0.252199

1.78125 -0.241999
1.79688 -0.243426

-1 0.119199
-0.984375 0.116938

-2.90625 0.252087
-2.89466 0.265625

-0.984375 0.117225
-0.96875 0.114099

-0.953125 0.109015
-0.954526 0.109375

0.015625 -0.0481176
0.03125 -0.0503315

1.79688 -0.243426
1.8125 -0.2448

1.8125 -0.244798
1.82812 -0.246123

1.82812 -0.246128
1.84375 -0.247396

1.84375 -0.247381
1.85938 -0.24861

1.85938 -0.248529
1.875 -0.249911

-2.89495 0.265625
-2.89062 0.270855

-2.89062 0.272167
-2.88195 0.28125

-0.96875 0.113839
-0.953125 0.109828

-2.88167 0.28125
-2.875 0.287705

-0.953125 0.109262
-0.9375 0.106

1.875 -0.249867
1.87634 -0.25

-0.953125 0.109611
-0.951997 0.109375

-2.875 0.285517
-2.86219 0.296875

-2.86256 0.296875
-2.85938 0.299849

-2.85938 0.301064
-2.84656 0.3125

-2.846 0.3125
-2.84375 0.314131

-2.84375 0.316219
-2.82812 0.324606

-2.82812 0.324646
-2.8125 0.324758

-2.8125 0.321781
-2.79688 0.319492

-2.79688 0.320026
-2.78125 0.320221

0.03125 -0.0498201
0.046875 -0.0511641

0.046875 -0.0510832
0.0625 -0.0527421

0.0625 -0.0528894
0.078125 -0.0547302

0.078125 -0.054671
0.09375 -0.0565175

-0.9375 0.106395
-0.921875 0.104193

-0.921875 0.104227
-0.90625 0.102244

-0.90625 0.102426
-0.890625 0.10023

-0.890625 0.100631
-0.875 0.097057

-0.859375 0.0917464
-0.867 0.09375

-0.859375 0.0920226
-0.84375 0.0892416

-0.875 0.0964978
-0.864543 0.09375

-0.84375 0.0896241
-0.828125 0.0876128

0.09375 -0.0564122
0.109375 -0.0585937

0.109375 -0.0584881
0.125 -0.0614261

-0.828125 0.0875231
-0.8125 0.0856961

-2.78125 0.320494
-2.76562 0.32156

-2.76562 0.321736
-2.75 0.322773

0.140625 -0.0651158
0.128096 -0.0625

0.140625 -0.0653128
0.15625 -0.0676507

-0.8125 0.0859573
-0.796875 0.0839718

-0.796875 0.0845179
-0.78125 0.0807593

-0.765625 0.0750601
-0.776705 0.078125

-0.78125 0.0800052
-0.774452 0.078125

0.15625 -0.0672585
0.171875 -0.0688512

-2.75 0.322598
-2.73438 0.323602

0.171875 -0.0688172
0.1875 -0.0705171

-0.765625 0.0752972
-0.75 0.0726921

0.125 -0.0614475
0.130041 -0.0625

-2.73438 0.323656
-2.71875 0.324868

0.1875 -0.0705741
0.203125 -0.0723352

0.203125 -0.0722906
0.21875 -0.0740879

-2.71875 0.324904
-2.70312 0.326142

-2.70312 0.326144
-2.6875 0.327329

0.21875 -0.0739686
0.234375 -0.07613

0.25 -0.0790604
0.245049 -0.078125

0.234375 -0.0760048
0.245596 -0.078125

-2.6875 0.32729
-2.67657 0.328125

-2.67682 0.328125
-2.67188 0.328503

-2.67188 0.328395
-2.65625 0.329856

-2.65625 0.329883
-2.64062 0.331744

-2.64062 0.331802
-2.625 0.333895

-2.625 0.333957
-2.60938 0.336044

-2.60938 0.336057
-2.59375 0.337985

-2.59375 0.337979
-2.57812 0.339733

-2.57812 0.339696
-2.5625 0.34136

-2.5625 0.341319
-2.54688 0.34305

-2.54688 0.343029
-2.54096 0.34375

-2.54107 0.34375
-2.53125 0.344946

-2.53125 0.34494
-2.51562 0.347043

2 -0.259961
2.01562 -0.260866

2.01562 -0.260863
2.03125 -0.261699

2.03125 -0.261691
2.04688 -0.262479

2.04688 -0.262476
2.0625 -0.263237

2.0625 -0.26321
2.07812 -0.264006

2.07812 -0.263955
2.09375 -0.264943

2.10938 -0.26627
2.10136 -0.265625

2.09375 -0.264904
2.10271 -0.265625

2.10938 -0.266335
2.125 -0.267589

-0.75 0.0731423
-0.734375 0.0713316

2.125 -0.267554
2.14062 -0.268629

0.25 -0.0794981
0.265625 -0.0824093

-2.51562 0.347074
-2.5 0.349318

0.265625 -0.082298
0.28125 -0.0843704

-0.734375 0.0712696
-0.71875 0.0694766

2.14062 -0.268628
2.15625 -0.269595

2.15625 -0.269589
2.17188 -0.270462

-0.71875 0.0694661
-0.703125 0.0678357

-0.703125 0.0687998
-0.6875 0.0654249

0.28125 -0.0842109
0.296875 -0.085986

0.296875 -0.0859994
0.3125 -0.0877693

2.17188 -0.270446
2.1875 -0.27127

2.1875 -0.271251
2.20312 -0.272095

2.20312 -0.272073
2.21875 -0.273021

-0.671875 0.0592818
-0.682548 0.0625

2.21875 -0.273019
2.23438 -0.274121

0.3125 -0.0877701
0.328125 -0.0895062

2.23438 -0.274129
2.25 -0.275373

-0.671875 0.059319
-0.65625 0.0560602

-0.65625 0.0563519
-0.640625 0.054415

-0.640625 0.0546978
-0.625 0.0529336

-0.6875 0.0646711
-0.6803 0.0625

2.25 -0.2754
2.26562 -0.276717

2.26562 -0.276741
2.28125 -0.278027

-0.625 0.0527465
-0.609375 0.0509635

2.28125 -0.278033
2.29688 -0.279226

-0.609375 0.0513282
-0.59375 0.049171

2.29688 -0.279179
2.3125 -0.280361

-0.578125 0.0450354
-0.58559 0.046875

0.328125 -0.0894503
0.34375 -0.0912631

0.375 -0.0964409
0.360018 -0.09375

0.34375 -0.0910992
0.359375 -0.0934282

0.359375 -0.0933717
0.361481 -0.09375

0.375 -0.0966434
0.390625 -0.0991096

0.390625 -0.0989647
0.40625 -0.100929

0.40625 -0.100891
0.421875 -0.102721

0.421875 -0.102722
0.4375 -0.104491

2.32812 -0.281721
2.32266 -0.28125

2.32812 -0.281816
2.34375 -0.283117

2.3125 -0.280293
2.3236 -0.28125

-2.5 0.349349
-2.48438 0.35161

2.34375 -0.283084
2.35938 -0.284104

0.4375 -0.104482
0.453125 -0.106207

2.35938 -0.284089
2.375 -0.284922

-2.48438 0.351621
-2.46875 0.353817

-0.59375 0.0497924
-0.581911 0.046875

-0.578125 0.0447073
-0.5625 0.0403906

2.375 -0.284893
2.39062 -0.285627

-0.5625 0.0403513
-0.546875 0.0374635

2.39062 -0.285578
2.40625 -0.286368

0.453125 -0.106132
0.46875 -0.107982

2.40625 -0.28634
2.42188 -0.28734

-0.546875 0.0376957
-0.53125 0.0358508

-2.46875 0.353811
-2.45312 0.35593

0.484375 -0.110286
0.478427 -0.109375

0.46875 -0.107824
0.478875 -0.109375

2.42188 -0.28744
2.4375 -0.288509

0.484375 -0.110551
0.5 -0.113139

2.4375 -0.288614
2.45312 -0.289343

-0.53125 0.0360104
-0.515625 0.0344247

-0.515625 0.0343988
-0.5 0.0328051

2.45312 -0.289231
2.46875 -0.289635

2.46875 -0.289255
2.48438 -0.290317

-2.45312 0.355916
-2.4375 0.357997

-2.4375 0.35799
-2.42706 0.359375

-2.42718 0.359375
-2.42188 0.360079

-2.42188 0.360037
-2.40625 0.362165

2.48438 -0.290333
2.5 -0.292778

-2.40625 0.362157
-2.39062 0.364418

-2.39062 0.364431
-2.375 0.366817

0.609375 -0.126438
0.599612 -0.125

0.609375 -0.126637
0.625 -0.129026

-0.296875 -0.000975948
-0.303738 0

-2.375 0.366842
-2.35938 0.369281

0.5 -0.113133
0.515625 -0.115312

-0.296875 -0.000679571
-0.28125 -0.0027209

-2.35938 0.369309
-2.34375 0.371694

0.515625 -0.115245
0.53125 -0.117163

-0.28125 -0.00252442
-0.265625 -0.0044405

2.5 -0.29312
2.51562 -0.296232

-2.34375 0.371719
-2.32812 0.373944

0.53125 -0.117152
0.546875 -0.118965

-2.32812 0.373955
-2.31996 0.375

0.546875 -0.118959
0.5625 -0.120701

2.53125 -0.29922
2.5186 -0.296875

0.5625 -0.120693
0.578125 -0.122392

2.51562 -0.296371
2.51835 -0.296875

-0.265625 -0.00431808
-0.25 -0.00631954

0.578125 -0.122304
0.59375 -0.124154

-2.3199 0.375
-2.3125 0.375947

0.59375 -0.124026
0.600361 -0.125

0.625 -0.128993
0.640625 -0.13105

0.640625 -0.131012
0.65625 -0.13288

0.65625 -0.132873
0.671875 -0.134645

0.671875 -0.134638
0.6875 -0.136341

0.6875 -0.136339
0.703125 -0.137992

0.703125 -0.137929
0.71875 -0.139662

0.734375 -0.141731
0.726212 -0.140625

0.71875 -0.13953
0.726837 -0.140625

0.734375 -0.141899
0.75 -0.144159

2.53125 -0.299408
2.54688 -0.301535

2.54688 -0.301504
2.5625 -0.302564

0.75 -0.144149
0.765625 -0.14615

2.5625 -0.302452
2.57812 -0.302731

0.765625 -0.14612
0.78125 -0.147945

2.57812 -0.302628
2.59375 -0.302555

-2.3125 0.375917
-2.29688 0.377745

2.59375 -0.302486
2.60938 -0.302404

-0.25 -0.00614304
-0.234375 -0.00828395

0.78125 -0.147937
0.796875 -0.14966

2.60938 -0.302378
2.625 -0.302478

0.796875 -0.149652
0.8125 -0.151308

-0.234375 -0.00831438
-0.21875 -0.0105427

-2.29688 0.377732
-2.28125 0.379483

-0.21875 -0.0105343
-0.203125 -0.012806

-2.28125 0.379481
-2.26562 0.381184

2.625 -0.302464
2.64062 -0.302827

0.8125 -0.15131
0.828125 -0.152911

-0.1875 -0.0158945
-0.189111 -0.015625

0.828125 -0.152895
0.84375 -0.154467

-2.26562 0.381186
-2.25 0.382845

2.64062 -0.302855
2.65625 -0.303455

-0.203125 -0.012651
-0.1875 -0.0152648

2.65625 -0.303472
2.67188 -0.30422

0.875 -0.15831
0.859554 -0.15625

-0.1875 -0.0158523
-0.171875 -0.0187482

-0.1875 -0.0140982
-0.179262 -0.015625

0.84375 -0.15436
0.859375 -0.15615

2.67188 -0.304263
2.6875 -0.305039

0.859375 -0.156088
0.860586 -0.15625

2.6875 -0.305051
2.70312 -0.305744

0.875 -0.158411
0.890625 -0.160434

2.70312 -0.305768
2.71875 -0.306308

-0.171875 -0.0183157
-0.15625 -0.0212117

-2.25 0.382852
-2.23438 0.38445

-0.15625 -0.021246
-0.140625 -0.0241337

0.890625 -0.160403
0.90625 -0.162209

2.71875 -0.306298
2.73438 -0.306658

0.90625 -0.162193
0.921875 -0.163876

2.73438 -0.306659
2.75 -0.306856

0.921875 -0.16387
0.9375 -0.165474

-0.140625 -0.024196
-0.125 -0.0268822

-2.23438 0.38446
-2.21875 0.385965

2.75 -0.30685
2.76562 -0.306892

0.9375 -0.165468
0.953125 -0.167017

-0.125 -0.0269857
-0.109375 -0.0291388

2.76562 -0.306833
2.78125 -0.306852

-2.21875 0.385979
-2.20312 0.387343

2.78125 -0.30682
2.79688 -0.306999

-0.109375 -0.0290104
-0.09375 -0.0306802

2.79688 -0.306952
2.8125 -0.307446

-0.078125 -0.0327308
-0.0913088 -0.03125

-2.20312 0.387352
-2.1875 0.388531

-0.078125 -0.0323309
-0.0625 -0.0344169

-2.1875 0.388543
-2.17188 0.389493

0.953125 -0.16702
0.96875 -0.168519

0.96875 -0.168509
0.984375 -0.169974

2.8125 -0.308004
2.82812 -0.307788

2.82812 -0.308937
2.84375 -0.304596

-2.17188 0.389488
-2.15625 0.390194

2.84375 -0.305154
2.85598 -0.296875

0.984375 -0.169893
1 -0.171506

-0.09375 -0.0299615
-0.0822784 -0.03125

-2.15625 0.390198
-2.14198 0.390625

2.85306 -0.296875
2.85938 -0.292417

-0.078125 -0.0309712
-0.0760371 -0.03125

2.85938 -0.292262
2.87177 -0.28125

2.87311 -0.28125
2.875 -0.279547

-0.0625 -0.0345163
-0.046875 -0.0366313

-0.046875 -0.0365013
-0.03125 -0.0386693

-0.03125 -0.0386215
-0.015625 -0.0411982

-0.015625 -0.0412
0 -0.0442772

-0.484375 0.0302953
-0.49259 0.03125

-0.484375 0.0311481
-0.46875 0.0287841

-0.5 0.0331891
-0.484375 0.0313733

-0.484375 0.0313913
-0.483441 0.03125

-0.46875 0.0287477
-0.453125 0.0258568

2.875 -0.279606
2.88802 -0.265625

2.88715 -0.265625
2.89062 -0.261426

2.89062 -0.259651
2.89931 -0.25

-2.14127 0.390625
-2.14062 0.390644

2.90209 -0.25
2.90625 -0.245643

2.90625 -0.246069
2.92675 -0.21875

-2.14062 0.390746
-2.125 0.390805

2.92328 -0.21875
2.9326 -0.203125

-2.03125 0.374123
-2.03318 0.375

-2.01562 0.366923
-2.03034 0.375

1.01562 -0.173444
1.00273 -0.171875

-0.453125 0.0256852
-0.4375 0.0226918

1 -0.171418
1.00375 -0.171875

1.01562 -0.173552
1.03125 -0.175453

1.03125 -0.175424
1.04688 -0.177117

1.04688 -0.177101
1.0625 -0.178676

1.0625 -0.17867
1.07812 -0.180169

1.07812 -0.180165
1.09375 -0.181608

-0.4375 0.0226588
-0.421875 0.0199721

-0.421875 0.0199454
-0.40625 0.0176848

-0.40625 0.0178718
-0.390625 0.0157166

2.93521 -0.203125
2.9375 -0.200101

-0.375 0.0131354
-0.390505 0.015625

2.9375 -0.198366
2.94396 -0.1875

2.94859 -0.1875
2.95312 -0.176856

2.95178 -0.171875
2.95312 -0.162844

2.95312 -0.177249
2.95536 -0.171875

2.95292 -0.15625
2.95312 -0.155844

2.95312 -0.155366
2.9605 -0.140625

2.96589 -0.140625
2.96875 -0.136322

2.96875 -0.12614
2.96927 -0.125

1.09375 -0.181606
1.10938 -0.183008

2.97397 -0.125
2.98751 -0.09375

1.10938 -0.183012
1.125 -0.184372

-2.01562 0.367953
-2 0.361177

-2.10938 0.390343
-2.12066 0.390625

-2.125 0.390763
-2.11947 0.390625

2.98928 -0.09375
2.99158 -0.078125

-0.390625 0.016385
-0.385892 0.015625

2.98926 -0.078125
2.98818 -0.0625

1.17188 -0.188859
1.15964 -0.1875

-0.375 0.0132449
-0.359375 0.0103082

-0.359375 0.0101243
-0.34375 0.0071386

-2.10938 0.390356
-2.09375 0.389635

-0.34375 0.00718065
-0.328125 0.00442956

-2.09375 0.389727
-2.07812 0.388485

1.17188 -0.188959
1.1875 -0.190688

-2.07812 0.388456
-2.0625 0.386568

1.125 -0.184362
1.14062 -0.185691

-0.328125 0.00436255
-0.3125 0.00189603

2.98713 -0.0625
2.98939 -0.046875

2.99025 -0.046875
2.99624 -0.03125

1.14062 -0.185617
1.15625 -0.187084

1.15625 -0.187002
1.16074 -0.1875

1.1875 -0.190655
1.20312 -0.192185

1.20312 -0.192171
1.21875 -0.193597

1.21875 -0.193592
1.23438 -0.194952

-0.3125 0.00219724
-0.297049 0

1.23438 -0.194948
1.25 -0.196261

-2.0625 0.386778
-2.04688 0.383882

-2.04688 0.385115
-2.03125 0.378432

3 -0.0180956
3.02219 0

-0.296875 0.00125485
-0.28727 0

3.03125 -0.00328993
3.0625 -0.0012982

1.25 -0.19626
1.26562 -0.197536

-2.03125 0.378628
-2.02464 0.375

1.26562 -0.197535
1.28125 -0.198782

-0.28125 0.00102074
-0.272926 0

3.0625 -0.00278357
3.125 -0.00141925

1.28125 -0.198785
1.29688 -0.199999

3.125 -0.00189591
3.25 -0.000837721

3.25 -0.00125577
3.5 -0.000689965

1.29688 -0.199994
1.3125 -0.201178

1.3125 -0.201127
1.32812 -0.202393

1.34375 -0.203935
1.33556 -0.203125

1.32812 -0.202304
1.33642 -0.203125

1.34375 -0.204054
1.35938 -0.205649

-0.265625 0.000829985
-0.259145 0

3.5 -0.00123411
4 -0.0009663

1.35938 -0.205612
1.375 -0.207006

1.375 -0.206988
1.39062 -0.20829

1.39062 -0.208288
1.40625 -0.209535

1.40625 -0.20953
1.42188 -0.21074

1.42188 -0.21074
1.4375 -0.211924

1.4375 -0.211921
1.45312 -0.213088

1.45312 -0.213089
1.46875 -0.214241

1.46875 -0.21424
1.48438 -0.215378

1.48438 -0.215382
1.5 -0.216498

-1.98438 0.355604
-1.99535 0.359375

-2 0.361347
-1.99426 0.359375

-1.98438 0.355893
-1.96875 0.351763

-1.9375 0.341468
-1.9441 0.34375

-1.96875 0.352372
-1.95312 0.347935

-1.95312 0.348018
-1.94078 0.34375

-1.9375 0.341765
-1.92188 0.336941

-1.92188 0.337512
-1.90625 0.333103

-1.89062 0.327028
-1.89394 0.328125

-1.90625 0.333234
-1.8908 0.328125

-1.89062 0.32736
-1.875 0.322593

-1.82812 0.308725
-1.84038 0.3125

-1.82812 0.309114
-1.8125 0.305083

-1.875 0.323065
-1.85938 0.318937

-1.85938 0.319155
-1.84375 0.314287

-1.84375 0.314041
-1.83874 0.3125

-1.8125 0.30544
-1.79688 0.300968

-1.78125 0.295229
-1.78652 0.296875

-1.79688 0.300774
-1.7844 0.296875

-1.78125 0.295536
-1.76562 0.291337

-1.76562 0.291733
-1.75 0.287777

-1.60938 0.249348
-1.61167 0.25

-1.60938 0.249617
-1.59375 0.2458

-1.59375 0.246123
-1.57812 0.242685

-1.57812 0.242826
-1.5625 0.238835

-1.54688 0.233814
-1.54892 0.234375

-1.5625 0.238606
-1.54711 0.234375

-1.54688 0.234081
-1.53125 0.230405

-1.53125 0.23071
-1.51562 0.227429

-1.51562 0.227567
-1.5 0.223796

-1.71875 0.278084
-1.72978 0.28125

-1.75 0.287852
-1.73438 0.283197

-1.73438 0.282923
-1.72854 0.28125

-1.71875 0.27844
-1.70312 0.274679

-1.70312 0.274953
-1.6875 0.270889

-1.67188 0.265465
-1.67242 0.265625

-1.6875 0.270739
-1.67188 0.266131

-1.65625 0.261637
-1.67142 0.265625

-1.67188 0.265976
-1.67054 0.265625

-1.65625 0.262001
-1.64062 0.258432

-1.64062 0.258611
-1.625 0.254522

-1.625 0.254299
-1.60983 0.25

-1.46875 0.21544
-1.48284 0.21875

-1.5 0.223625
-1.48438 0.21943

-1.48438 0.219252
-1.48224 0.21875

-1.46875 0.215747
-1.45312 0.212627

-1.45312 0.212783
-1.4375 0.209323

-1.4375 0.209293
-1.42188 0.20524

-1.40625 0.200945
-1.41527 0.203125

-1.42188 0.20497
-1.41424 0.203125

-1.40625 0.201242
-1.39062 0.198177

-1.39062 0.19837
-1.375 0.195265

-1.34375 0.186993
-1.34576 0.1875

-1.34375 0.187267
-1.32812 0.183995

-1.32812 0.18426
-1.3125 0.181447

-1.375 0.195354
-1.35938 0.191644

-1.35938 0.191397
-1.3439 0.1875

-1.3125 0.181584
-1.29688 0.178423

-1.29688 0.178447
-1.28125 0.174617

-1.26562 0.170298
-1.2723 0.171875

-1.28125 0.174315
-1.27093 0.171875

-1.26562 0.170594
-1.25 0.167697

-1.25 0.167895
-1.23438 0.165206

-1.23438 0.165342
-1.21875 0.162194

-1.1875 0.1542
-1.19655 0.15625

-1.21875 0.162174
-1.20312 0.158337

-1.20312 0.15801
-1.19535 0.15625

-1.1875 0.154517
-1.17188 0.151838

-1.17188 0.152001
-1.15625 0.149469

-1.15625 0.149615
-1.14062 0.14661

-1.14062 0.146628
-1.125 0.142823

-1.03125 0.123462
-1.03765 0.125

-1.03125 0.123784
-1.01562 0.121054

-1.01562 0.121272
-1 0.119096

-1.10938 0.138582
-1.11837 0.140625

-1.125 0.142445
-1.11699 0.140625

-1.10938 0.138921
-1.09375 0.136328

-1.09375 0.136486
-1.07812 0.134151

-1.07812 0.134301
-1.0625 0.131605

-1.0625 0.131755
-1.04688 0.128101

-1.04688 0.127685
-1.0357 0.125

