-4 -5.99719e-05
-3.82974 0

-3.7123 0
-3.5 7.478e-05

1.5 -0.0108191
1.51562 -0.0111228

1.51562 -0.0111228
1.53125 -0.0114305

1.53125 -0.0114305
1.54688 -0.0117423

1.54688 -0.0117423
1.5625 -0.0120583

1.5625 -0.0120582
1.57812 -0.0123786

1.57812 -0.0123785
1.59375 -0.0127033

-3.5 4.15593e-06
-3.25 0.00027611

-3.25 0.00012646
-3.125 0.000453155

-3.125 0.000274228
-3.0625 0.000705153

-3.0625 0.000383176
-3.03125 0.000977602

-3.01555 0
-3 0.00717942

1.59375 -0.0127033
1.60938 -0.0130326

1.60938 -0.0130325
1.625 -0.0133665

1.625 -0.0133664
1.64062 -0.0137051

1.64062 -0.0137051
1.65625 -0.0140485

1.65625 -0.0140485
1.67188 -0.0143968

1.67188 -0.0143968
1.6875 -0.0147499

1.6875 -0.01475
1.70312 -0.0151075

1.70312 -0.0151072
1.71875 -0.0154699

1.73438 -0.01584
1.72533 -0.015625

1.71875 -0.0154681
1.72535 -0.015625

1.73438 -0.0158408
1.75 -0.0162211

1.75 -0.0162212
1.76562 -0.0166085

1.76562 -0.0166084
1.78125 -0.0170026

1.78125 -0.0170026
1.79688 -0.0174039

1.79688 -0.0174038
1.8125 -0.0178123

1.8125 -0.0178123
1.82812 -0.0182282

1.82812 -0.0182281
1.84375 -0.0186516

1.84375 -0.0186516
1.85938 -0.0190829

1.85938 -0.0190829
1.875 -0.0195222

-3 0.0137679
-2.99814 0.015625

-2.99404 0.015625
-2.98438 0.0272399

0 0.00722619
0.015625 0.00710429

0.015625 0.0071043
0.03125 0.00698161

0.03125 0.00698161
0.046875 0.00685812

0.046875 0.00685812
0.0625 0.0067338

-2.98438 0.0329475
-2.96887 0.046875

-2.96891 0.046875
-2.96875 0.0469568

1.875 -0.0195221
1.89062 -0.0199697

1.89062 -0.0199697
1.90625 -0.0204257

1.90625 -0.0204257
1.92188 -0.0208905

1.92188 -0.0208904
1.9375 -0.0213642

1.9375 -0.0213641
1.95312 -0.0218472

1.95312 -0.0218471
1.96875 -0.0223396

1.96875 -0.0223395
1.98438 -0.0228418

1.98438 -0.0228417
2 -0.023354

-2.96875 0.0444745
-2.96184 0.046875

-2.96235 0.046875
-2.95312 0.0500809

-2.95312 0.0495369
-2.9375 0.0521105

-2.9375 0.0520282
-2.92188 0.0528479

-2.92188 0.0525204
-2.90625 0.0524058

-2.90625 0.0525046
-2.89062 0.0519133

0.0625 0.0067338
0.078125 0.00660865

-1 0.0139263
-0.984375 0.0138314

-0.984375 0.0138314
-0.96875 0.0137364

-0.96875 0.0137364
-0.953125 0.0136413

-0.953125 0.0136413
-0.9375 0.0135461

-0.9375 0.0135461
-0.921875 0.0134508

-0.921875 0.0134508
-0.90625 0.0133553

-0.90625 0.0133553
-0.890625 0.0132596

0.078125 0.00660865
0.09375 0.00648264

-0.890625 0.0132597
-0.875 0.0131638

-2.89062 0.0517565
-2.875 0.0508045

-2.875 0.0508683
-2.85938 0.0497415

-0.875 0.0131639
-0.859375 0.0130679

-0.859375 0.0130679
-0.84375 0.0129717

-0.84375 0.0129717
-0.828125 0.0128753

-0.828125 0.0128753
-0.8125 0.0127788

-0.8125 0.0127788
-0.796875 0.012682

-0.796875 0.012682
-0.78125 0.0125849

-0.78125 0.0125849
-0.765625 0.0124877

-0.765625 0.0124877
-0.75 0.0123901

-2.85938 0.049686
-2.84375 0.0483676

-0.75 0.0123901
-0.734375 0.0122924

-0.734375 0.0122924
-0.71875 0.0121943

-0.71875 0.0121943
-0.703125 0.012096

-0.703125 0.012096
-0.6875 0.0119973

-0.6875 0.0119973
-0.671875 0.0118984

-2.84375 0.0483781
-2.82812 0.0469578

-2.8125 0.0454515
-2.82764 0.046875

-2.82812 0.0469221
-2.82762 0.046875

-2.8125 0.0454565
-2.79688 0.0440017

-2.79688 0.0439865
-2.78125 0.0425669

-2.78125 0.042574
-2.76562 0.0412058

-2.76562 0.0412072
-2.75 0.0398735

-0.671875 0.0118984
-0.65625 0.0117991

-0.65625 0.0117991
-0.640625 0.0116996

0.09375 0.00648264
0.109375 0.00635576

-0.640625 0.0116996
-0.625 0.0115997

-2.75 0.039873
-2.73438 0.0385721

-2.73438 0.0385583
-2.71875 0.0373185

-2.71875 0.0373054
-2.70312 0.0361806

-2.70312 0.0361792
-2.6875 0.0351985

-2.6875 0.0352035
-2.67188 0.0343597

-2.67188 0.0343721
-2.65625 0.0336306

-2.65625 0.0336357
-2.64062 0.0329612

0.109375 0.00635577
0.125 0.006228

-2.64062 0.0329679
-2.625 0.0323366

0.125 0.00622801
0.140625 0.00609934

0.140625 0.00609935
0.15625 0.00596977

0.15625 0.00596977
0.171875 0.00583926

-0.625 0.0115997
-0.609375 0.0114994

-2.59375 0.0311726
-2.59588 0.03125

-0.609375 0.0114995
-0.59375 0.0113989

-0.59375 0.0113989
-0.578125 0.0112979

-0.578125 0.0112979
-0.5625 0.0111966

-2.625 0.032335
-2.60938 0.0317365

-2.60938 0.0317388
-2.59592 0.03125

-2.59375 0.0311688
-2.57812 0.0306318

-2.57812 0.0306349
-2.5625 0.0301272

2 -0.023354
2.01562 -0.0238766

2.01562 -0.0238765
2.03125 -0.0244099

0.171875 0.00583927
0.1875 0.00570782

2.03125 -0.0244098
2.04688 -0.0249541

2.04688 -0.024954
2.0625 -0.0255096

0.1875 0.00570782
0.203125 0.00557541

0.203125 0.00557541
0.21875 0.00544202

0.21875 0.00544202
0.234375 0.00530764

0.234375 0.00530764
0.25 0.00517225

2.0625 -0.0255095
2.07812 -0.0260767

2.07812 -0.0260766
2.09375 -0.0266558

0.25 0.00517225
0.265625 0.00503584

0.265625 0.00503584
0.28125 0.00489838

-2.5625 0.0301252
-2.54688 0.0296446

-0.5625 0.0111966
-0.546875 0.011095

0.28125 0.00489838
0.296875 0.00475987

0.296875 0.00475987
0.3125 0.00462028

-2.54688 0.0296474
-2.53125 0.0291923

-2.53125 0.0291907
-2.51562 0.0287588

-2.51562 0.0287611
-2.5 0.0283507

-0.546875 0.011095
-0.53125 0.0109929

-0.53125 0.0109929
-0.515625 0.0108905

-0.515625 0.0108905
-0.5 0.0107876

0.3125 0.00462028
0.328125 0.00447959

0.328125 0.0044796
0.34375 0.0043378

2.09375 -0.0266557
2.10938 -0.0272472

2.10938 -0.0272471
2.125 -0.0278513

0.34375 0.0043378
0.359375 0.00419487

0.359375 0.00419488
0.375 0.0040508

2.125 -0.0278513
2.14062 -0.0284685

2.14062 -0.0284684
2.15625 -0.029099

2.15625 -0.029099
2.17188 -0.029743

0.375 0.00405081
0.390625 0.00390558

-2.5 0.0283494
-2.48438 0.0279583

2.17188 -0.029743
2.1875 -0.0304003

0.390625 0.00390558
0.40625 0.00375918

-0.5 0.0107876
-0.484375 0.0106843

-2.48438 0.0279602
-2.46875 0.0275873

2.21875 -0.0317693
2.20714 -0.03125

0.40625 0.00375918
0.421875 0.00361162

0.421875 0.00361162
0.4375 0.00346288

-0.484375 0.0106843
-0.46875 0.0105807

-2.46875 0.0275862
-2.45312 0.0272297

2.1875 -0.0303987
2.20312 -0.0310723

-2.45312 0.0272313
-2.4375 0.0268903

2.20312 -0.0310673
2.20721 -0.03125

-2.4375 0.0268894
-2.42188 0.0265625

-2.42188 0.0265637
-2.40625 0.0262501

-2.40625 0.0262494
-2.39062 0.0259481

-0.46875 0.0105807
-0.453125 0.0104766

0.4375 0.00346288
0.453125 0.00331299

-0.453125 0.0104766
-0.4375 0.010372

2.21875 -0.0317713
2.23438 -0.0324964

-0.4375 0.010372
-0.421875 0.010267

2.23438 -0.0324962
2.25 -0.0332418

-2.39062 0.0259491
-2.375 0.0256592

0.453125 0.00331298
0.46875 0.00316196

-0.421875 0.010267
-0.40625 0.0101616

-0.40625 0.0101616
-0.390625 0.0100557

0.46875 0.00316196
0.484375 0.00300981

2.25 -0.0332417
2.26562 -0.0340084

0.484375 0.00300982
0.5 0.0028565

-2.375 0.0256587
-2.35938 0.0253795

-0.390625 0.0100557
-0.375 0.00994933

2.26562 -0.0340082
2.28125 -0.0347969

2.28125 -0.0347968
2.29688 -0.0356083

-2.35938 0.0253803
-2.34375 0.0251113

2.29688 -0.035608
2.3125 -0.036443

2.3125 -0.036443
2.32812 -0.0373023

2.32812 -0.037302
2.34375 -0.0381865

-0.375 0.00994934
-0.359375 0.00984248

2.34375 -0.0381864
2.35938 -0.0390968

-0.359375 0.00984248
-0.34375 0.00973513

0.78125 -8.78359e-05
0.772861 0

-2.34375 0.0251109
-2.32812 0.0248512

-0.34375 0.00973513
-0.328125 0.00962727

-2.32812 0.0248518
-2.3125 0.0246009

2.35938 -0.0390964
2.375 -0.0400337

-2.3125 0.0246006
-2.29688 0.024358

-0.328125 0.00962728
-0.3125 0.00951891

2.375 -0.0400337
2.39062 -0.0409987

-0.3125 0.00951891
-0.296875 0.00941002

2.39062 -0.0409982
2.40625 -0.0419915

2.40625 -0.0419917
2.42188 -0.0430139

-0.296875 0.00941002
-0.28125 0.0093006

-0.28125 0.0093006
-0.265625 0.00919063

-2.29688 0.0243585
-2.28125 0.0241237

-2.28125 0.0241235
-2.26562 0.023896

0.78125 -8.75657e-05
0.796875 -0.000254489

0.796875 -0.000254412
0.8125 -0.00042604

2.42188 -0.0430135
2.4375 -0.044065

2.4375 -0.0440656
2.45312 -0.0451459

-0.265625 0.00919063
-0.25 0.00908011

-2.26562 0.0238964
-2.25 0.0236758

-0.25 0.00908011
-0.234375 0.00896902

-0.234375 0.00896902
-0.21875 0.00885735

-0.21875 0.00885735
-0.203125 0.00874509

-2.25 0.0236756
-2.23438 0.0234615

0.8125 -0.000426181
0.828125 -0.00060239

-2.23438 0.0234618
-2.21875 0.0232538

0.828125 -0.000602528
0.84375 -0.000782762

-2.21875 0.0232537
-2.20312 0.0230514

-0.203125 0.00874509
-0.1875 0.00863223

-0.1875 0.00863223
-0.171875 0.00851875

-0.171875 0.00851875
-0.15625 0.00840464

-0.15625 0.00840465
-0.140625 0.0082899

-0.140625 0.0082899
-0.125 0.0081745

-2.20312 0.0230517
-2.1875 0.0228549

-0.125 0.0081745
-0.109375 0.00805844

-2.1875 0.0228548
-2.17188 0.0226632

-0.109375 0.00805844
-0.09375 0.00794169

-2.17188 0.0226634
-2.15625 0.0224767

-2.15625 0.0224767
-2.14062 0.0222946

0.84375 -0.000782868
0.859375 -0.000966641

-2.14062 0.0222948
-2.125 0.0221171

-0.09375 0.0079417
-0.078125 0.00782426

2.45312 -0.0451437
2.46875 -0.0462559

0.859375 -0.000966711
0.875 -0.00115367

2.48438 -0.0474158
2.47714 -0.046875

-0.078125 0.00782426
-0.0625 0.00770612

-2.125 0.022117
-2.10938 0.0219435

-0.0625 0.00770612
-0.046875 0.00758725

-2.10938 0.0219436
-2.09375 0.0217741

0.875 -0.00115371
0.890625 -0.00134364

2.46875 -0.0462449
2.47718 -0.046875

-0.046875 0.00758725
-0.03125 0.00746765

2.48438 -0.047417
2.5 -0.0486518

-0.03125 0.00746765
-0.015625 0.0073473

0.890625 -0.00134367
0.90625 -0.00153643

0.90625 -0.00153645
0.921875 -0.00173194

-0.015625 0.0073473
0 0.00722619

-2.09375 0.021774
-2.07812 0.0216082

-2.07812 0.0216083
-2.0625 0.0214461

0.921875 -0.00173196
0.9375 -0.00193013

-2.0625 0.0214461
-2.04688 0.0212872

-2.04688 0.0212873
-2.03125 0.0211317

0.9375 -0.00193014
0.953125 -0.00213094

0.953125 -0.00213094
0.96875 -0.00233433

0.96875 -0.00233434
0.984375 -0.00254029

0.984375 -0.00254029
1 -0.00274878

0.5 0.00285651
0.515625 0.00270198

0.515625 0.00270199
0.53125 0.0025462

2.5 -0.0486521
2.51562 -0.0499474

-2.03125 0.0211317
-2.01562 0.0209792

0.53125 0.00254621
0.546875 0.00238913

0.546875 0.00238914
0.5625 0.00223073

-2.01562 0.0209792
-2 0.0208296

2.51562 -0.0499446
2.53125 -0.0513055

2.53125 -0.0513063
2.54688 -0.0527369

0.5625 0.00223074
0.578125 0.00207096

0.578125 0.00207097
0.59375 0.0019098

0.59375 0.0019098
0.609375 0.00174722

0.609375 0.00174722
0.625 0.00158321

2.54688 -0.0527376
2.5625 -0.0542347

2.5625 -0.0542412
2.57812 -0.0557904

2.57812 -0.0557955
2.59375 -0.0573739

0.625 0.0015832
0.640625 0.00141776

0.640625 0.00141774
0.65625 0.00125091

0.65625 0.00125087
0.671875 0.00108275

0.671875 0.00108267
0.6875 0.000913469

0.6875 0.000913335
0.703125 0.000743468

0.703125 0.000743245
0.71875 0.000573429

2.59375 -0.0573837
2.60938 -0.0589615

2.60938 -0.0589647
2.625 -0.0605157

0.71875 0.000573108
0.734375 0.00040443

0.734375 0.000404125
0.75 0.000237836

2.65625 -0.0635192
2.6456 -0.0625

2.65625 -0.0635287
2.67188 -0.0650002

2.67188 -0.0649964
2.6875 -0.0664233

2.625 -0.0605181
2.64062 -0.0620313

0.75 0.00023803
0.765625 7.43506e-05

0.765625 7.50189e-05
0.772789 0

2.64062 -0.0620086
2.64576 -0.0625

2.6875 -0.0664296
2.70312 -0.067807

2.70312 -0.0678006
2.71875 -0.069129

2.71875 -0.0691336
2.73438 -0.0704166

2.73438 -0.0704083
2.75 -0.0716533

2.75 -0.071664
2.76562 -0.0728663

2.76562 -0.0728628
2.78125 -0.074008

2.78125 -0.0740234
2.79688 -0.0750876

2.79688 -0.0750861
2.8125 -0.0760417

2.8125 -0.0760606
2.82812 -0.0768728

2.82812 -0.0768431
2.84375 -0.0775337

2.85938 -0.0782253
2.8573 -0.078125

2.84375 -0.0774695
2.85727 -0.078125

2.85938 -0.0782198
2.875 -0.0791864

2.875 -0.0792758
2.89062 -0.0802868

2.89062 -0.0804046
2.90625 -0.0810456

2.90625 -0.0811178
2.92188 -0.0810084

2.92188 -0.0811229
2.9375 -0.0798898

2.9375 -0.0797886
2.94817 -0.078125

2.94873 -0.078125
2.95312 -0.0774403

2.95312 -0.0783003
2.95366 -0.078125

1 -0.00274879
1.01562 -0.0029598

1.01562 -0.00295981
1.03125 -0.00317333

1.03125 -0.00317333
1.04688 -0.00338936

2.95369 -0.078125
2.96875 -0.0729516

2.96875 -0.0755491
2.98293 -0.0625

2.98175 -0.0625
2.98438 -0.0558329

1.04688 -0.00338936
1.0625 -0.00360788

1.0625 -0.00360788
1.07812 -0.0038289

1.07812 -0.0038289
1.09375 -0.00405241

1.09375 -0.0040524
1.10938 -0.00427841

1.10938 -0.00427841
1.125 -0.00450693

-2 0.0208296
-1.98438 0.0206828

1.125 -0.00450692
1.14062 -0.00473795

1.14062 -0.00473795
1.15625 -0.0049715

1.15625 -0.0049715
1.17188 -0.0052076

1.17188 -0.00520759
1.1875 -0.00544626

1.1875 -0.00544625
1.20312 -0.0056875

2.98438 -0.0349493
2.98525 -0.03125

1.20312 -0.00568749
1.21875 -0.00593135

2.98638 -0.03125
2.99599 -0.015625

2.99974 -0.015625
3 -0.0153157

1.21875 -0.00593134
1.23438 -0.00617784

1.23438 -0.00617783
1.25 -0.00642699

-1.98438 0.0206829
-1.96875 0.0205388

-1.96875 0.0205388
-1.95312 0.0203972

-1.95312 0.0203973
-1.9375 0.0202581

1.25 -0.00642699
1.26562 -0.00667886

1.26562 -0.00667885
1.28125 -0.00693346

1.28125 -0.00693345
1.29688 -0.00719086

1.29688 -0.00719084
1.3125 -0.00745108

1.3125 -0.00745108
1.32812 -0.0077142

1.32812 -0.00771417
1.34375 -0.00798024

1.34375 -0.00798022
1.35938 -0.0082493

1.35938 -0.00824928
1.375 -0.00852144

-1.9375 0.0202582
-1.92188 0.0201213

-1.92188 0.0201214
-1.90625 0.0199868

-1.90625 0.0199868
-1.89062 0.0198543

-1.89062 0.0198543
-1.875 0.0197239

1.375 -0.00852142
1.39062 -0.00879673

-1.875 0.0197239
-1.85938 0.0195954

1.39062 -0.00879671
1.40625 -0.00907525

3 -0.00879742
3.01316 0

-1.85938 0.0195954
-1.84375 0.0194687

3.03125 -0.000839471
3.0625 -7.42875e-05

3.0625 -0.000446425
3.11856 0

3.125 -0.000225928
3.23068 0

1.40625 -0.00907523
1.42188 -0.00935708

3.25 -0.000157834
3.5 -9.82885e-05

3.5 -0.000265922
4 -0.000271697

1.42188 -0.00935706
1.4375 -0.00964231

1.4375 -0.00964229
1.45312 -0.00993104

1.45312 -0.00993101
1.46875 -0.0102233

1.46875 -0.0102233
1.48438 -0.0105193

1.48438 -0.0105193
1.5 -0.0108191

-1.84375 0.0194687
-1.82812 0.0193437

-1.82812 0.0193438
-1.8125 0.0192205

-1.8125 0.0192205
-1.79688 0.0190988

-1.79688 0.0190988
-1.78125 0.0189787

-1.78125 0.0189787
-1.76562 0.01886

-1.76562 0.01886
-1.75 0.0187428

-1.75 0.0187428
-1.73438 0.0186268

-1.73438 0.0186268
-1.71875 0.0185122

-1.71875 0.0185122
-1.70312 0.0183987

-1.70312 0.0183987
-1.6875 0.0182865

-1.6875 0.0182865
-1.67188 0.0181753

-1.67188 0.0181753
-1.65625 0.0180652

-1.65625 0.0180652
-1.64062 0.0179561

-1.64062 0.0179561
-1.625 0.017848

-1.625 0.017848
-1.60938 0.0177408

-1.60938 0.0177408
-1.59375 0.0176344

-1.59375 0.0176344
-1.57812 0.0175289

-1.57812 0.0175289
-1.5625 0.0174242

-1.5625 0.0174242
-1.54688 0.0173203

-1.54688 0.0173203
-1.53125 0.017217

-1.53125 0.017217
-1.51562 0.0171144

-1.51562 0.0171145
-1.5 0.0170125

-1.5 0.0170125
-1.48438 0.0169112

-1.48438 0.0169112
-1.46875 0.0168105

-1.46875 0.0168105
-1.45312 0.0167103

-1.45312 0.0167103
-1.4375 0.0166106

-1.4375 0.0166106
-1.42188 0.0165114

-1.42188 0.0165115
-1.40625 0.0164127

-1.40625 0.0164127
-1.39062 0.0163144

-1.39062 0.0163144
-1.375 0.0162165

-1.375 0.0162165
-1.35938 0.016119

-1.35938 0.016119
-1.34375 0.0160219

-1.34375 0.0160219
-1.32812 0.0159251

-1.32812 0.0159251
-1.3125 0.0158286

-1.3125 0.0158286
-1.29688 0.0157324

-1.29688 0.0157325
-1.28125 0.0156365

-1.26562 0.0155406
-1.27937 0.015625

-1.28125 0.0156364
-1.2794 0.015625

-1.26562 0.0155406
-1.25 0.0154448

-1.25 0.0154448
-1.23438 0.0153492

-1.23438 0.0153492
-1.21875 0.0152538

-1.21875 0.0152538
-1.20312 0.0151585

-1.20312 0.0151586
-1.1875 0.0150634

-1.1875 0.0150634
-1.17188 0.0149684

-1.17188 0.0149685
-1.15625 0.0148736

-1.15625 0.0148736
-1.14062 0.0147787

-1.14062 0.0147788
-1.125 0.014684

-1.125 0.014684
-1.10938 0.0145893

-1.10938 0.0145893
-1.09375 0.0144946

-1.09375 0.0144946
-1.07812 0.0144

-1.07812 0.0144
-1.0625 0.0143053

-1.0625 0.0143053
-1.04688 0.0142106

-1.04688 0.0142106
-1.03125 0.0141159

-1.03125 0.0141159
-1.01562 0.0140211

-1.01562 0.0140211
-1 0.0139263

