-4 -0.00406338
-3.65184 0

-3.53468 0
-3.5 0.000404734

-3.5 -0.00306188
-3.42253 0

-3.25 -0.00456298
-3.21232 0

-3.125 -0.00630131
-3.09936 0

-3 -0.0940291
-3.00011 -0.09375

-3.0625 -0.00180822
-3.05764 0

-3.3846 0
-3.25 0.00539131

-3.20394 0
-3.125 0.0106026

-3.10042 0
-3.0625 0.0170068

-3.0625 0.0014497
-3.03125 0.0263987

-3.03519 0.03125
-3.03125 0.0401745

-3 0.0297726
-3.01429 0.03125

1.98438 -0.000119714
1.98312 0

2 -0.0007144
1.98851 0

1.5 0.0584205
1.51562 0.0575916

1.51562 0.0576853
1.53125 0.0571471

1.53125 0.0571899
1.54688 0.0566695

1.54688 0.056674
1.5625 0.0560766

1.5625 0.0560643
1.57812 0.0554055

1.57812 0.0554058
1.59375 0.0547095

1.59375 0.0547503
1.60938 0.0539344

1.60938 0.0540096
1.625 0.0528421

1.625 0.0529058
1.64062 0.051109

1.64062 0.0511076
1.65625 0.0485566

1.67188 0.0453683
1.66408 0.046875

1.65625 0.0484414
1.66435 0.046875

1.67188 0.0453078
1.6875 0.042277

1.6875 0.0422494
1.70312 0.0394383

1.70312 0.0394576
1.71875 0.0368826

1.71875 0.0369583
1.73438 0.0344293

1.73438 0.0344713
1.75 0.0317531

1.76562 0.0288755
1.7521 0.03125

1.76562 0.0289251
1.78125 0.0263301

1.75 0.0316911
1.75251 0.03125

1.78125 0.026334
1.79688 0.0238012

1.79688 0.02376
1.8125 0.0213638

0 -0.0367813
0.015625 -0.0349368

0.015625 -0.0350261
0.03125 -0.0326241

0.03125 -0.032652
0.0386735 -0.03125

1.8125 0.0213868
1.82812 0.0191637

1.82812 0.0193078
1.84375 0.0169235

1.85938 0.0141626
1.85025 0.015625

1.84375 0.0168686
1.85151 0.015625

1.85938 0.014198
1.875 0.0120214

0.037529 -0.03125
0.046875 -0.029485

0.046875 -0.0296342
0.0625 -0.0262125

0.0625 -0.0263076
0.078125 -0.0221161

1.875 0.0120576
1.89062 0.0102492

1.89062 0.0102924
1.90625 0.00869315

1.90625 0.00871691
1.92188 0.00719289

1.92188 0.00726731
1.9375 0.0056222

1.9375 0.00557602
1.95312 0.00375335

1.95312 0.00365278
1.96875 0.00194603

1.96875 0.00200183
1.98438 0.000510141

1.98438 0.000391211
1.99067 0

0.078125 -0.0222513
0.09375 -0.0168295

0.09375 -0.0168642
0.0971168 -0.015625

0.0951295 -0.015625
0.109375 -0.0103817

0.109375 -0.010437
0.125 -0.00563955

0.125 -0.00572444
0.140625 -0.00182246

0.140625 -0.00185308
0.150392 0

-3.03125 0.0441086
-3.02355 0.0625

-3.03313 0.0625
-3.03125 0.0817728

-3.03209 0.09375
-3.03125 0.0974748

-3.031 0.0625
-3.02233 0.09375

-3.03125 0.0972108
-3.01357 0.125

-3.02695 0.125
-3 0.155627

0.148713 0
0.15625 0.00142993

0.15625 0.00124627
0.171875 0.00306486

0.171875 0.00285836
0.1875 0.00394742

0.1875 0.00381003
0.203125 0.00485731

0.203125 0.0047599
0.21875 0.00623498

0.21875 0.00619104
0.234375 0.00837664

0.234375 0.00850606
0.25 0.0112312

0.25 0.01135
0.265625 0.0141183

0.265625 0.0142132
0.275751 0.015625

0.273953 0.015625
0.28125 0.0166424

0.28125 0.0164731
0.296875 0.0177094

0.296875 0.0175784
0.3125 0.0181768

0.3125 0.0181247
0.328125 0.018451

0.328125 0.0184373
0.34375 0.0186232

-2.9375 -0.187817
-2.9377 -0.1875

-2.9375 -0.187634
-2.92794 -0.1875

0.34375 0.0186307
0.359375 0.0186884

0.359375 0.0187042
0.375 0.0185872

-1 -0.134293
-0.984375 -0.134959

0.375 0.0185944
0.390625 0.0182568

0.390625 0.0182419
0.40625 0.0176991

0.40625 0.0176638
0.421875 0.0170163

-0.984375 -0.134961
-0.96875 -0.135626

-0.96875 -0.135629
-0.953125 -0.13628

-0.953125 -0.136283
-0.9375 -0.136906

-0.9375 -0.136908
-0.921875 -0.137495

-0.921875 -0.137496
-0.90625 -0.138043

0.421875 0.0169746
0.4375 0.0163766

0.4375 0.0163584
0.453125 0.01593

0.453125 0.0159473
0.46875 0.0156902

0.484375 0.0155384
0.476718 0.015625

-0.90625 -0.138044
-0.890625 -0.138546

-0.890625 -0.138548
-0.875 -0.138996

-0.875 -0.139001
-0.859375 -0.139378

-0.859375 -0.139385
-0.84375 -0.139669

0.46875 0.0157211
0.47725 0.015625

0.484375 0.0155756
0.5 0.0153555

-2.9375 -0.187162
-2.92381 -0.1875

-0.84375 -0.139678
-0.828125 -0.139835

-0.828125 -0.139844
-0.8125 -0.139837

-0.8125 -0.139848
-0.796875 -0.139636

-0.796875 -0.139643
-0.78125 -0.13919

-0.78125 -0.139197
-0.765625 -0.138475

-0.765625 -0.138478
-0.75 -0.137466

-3 -0.103427
-2.96875 -0.104892

-2.98727 -0.09375
-2.98438 -0.0860486

-2.98495 -0.078125
-2.9846 -0.0625

-2.96875 -0.0875506
-2.97484 -0.078125

-2.98438 -0.0648179
-2.97434 -0.078125

-0.75 -0.137493
-0.734375 -0.136133

-0.734375 -0.136241
-0.71875 -0.134261

2 -0.000632299
2.01562 -0.000749904

2.01562 -0.00090476
2.03016 0

0.5 0.0153758
0.515625 0.0150035

0.515625 0.0150532
0.53125 0.0143885

0.53125 0.0144308
0.546875 0.0132899

0.546875 0.0132525
0.5625 0.0116253

-2.96875 -0.0820888
-2.9683 -0.078125

0.5625 0.0115285
0.578125 0.0096832

-0.71875 -0.134421
-0.703125 -0.131285

0.578125 0.0095805
0.59375 0.00791609

2.03031 0
2.03125 5.87211e-05

-0.703125 -0.131475
-0.6875 -0.126483

2.03315 0
2.04688 0.00285326

-0.6875 -0.126381
-0.683178 -0.125

-2.96875 -0.0748524
-2.96235 -0.0625

-0.686943 -0.125
-0.671875 -0.120185

2.04688 0.00222316
2.0625 0.00992777

-0.671875 -0.12011
-0.65625 -0.117878

-2.98438 -0.0541126
-2.98492 -0.046875

0.59375 0.00784522
0.609375 0.00670886

-2.98438 -0.0315163
-2.98439 -0.03125

0.609375 0.00665726
0.625 0.00629389

2.0625 0.0108066
2.06969 0.015625

-2.98438 -0.0519061
-2.97914 -0.0625

-0.65625 -0.118487
-0.640625 -0.118323

0.625 0.00625186
0.640625 0.00684871

-0.640625 -0.118494
-0.625 -0.118839

-2.98179 -0.046875
-2.98388 -0.03125

2.06813 0.015625
2.07812 0.0223306

0.640625 0.006855
0.65625 0.00848354

2.07812 0.0233128
2.09375 0.0307522

-0.625 -0.118826
-0.609375 -0.119364

2.09375 0.0295002
2.10106 0.03125

-0.609375 -0.119424
-0.59375 -0.12006

0.65625 0.00859291
0.671875 0.0110218

-0.59375 -0.120101
-0.578125 -0.120634

-2.98438 -0.0162991
-2.98444 -0.015625

2.09981 0.03125
2.10938 0.0335396

-2.985 -0.015625
-2.98697 0

2.10938 0.0338432
2.125 0.0351786

0.671875 0.0112237
0.6875 0.0138305

-2.98438 -0.0214769
-2.98339 -0.03125

-0.578125 -0.120628
-0.5625 -0.12099

-2.96176 -0.0625
-2.95312 -0.0521899

0.6875 0.0139918
0.699809 0.015625

2.14062 0.0311469
2.13864 0.03125

-0.5625 -0.12098
-0.546875 -0.121201

-2.95312 -0.051053
-2.95029 -0.046875

-0.546875 -0.121212
-0.53125 -0.121291

-2.95181 -0.046875
-2.93819 -0.03125

2.125 0.0346245
2.14062 0.0338135

2.14062 0.0336172
2.15625 0.0321614

2.17188 0.0309286
2.16575 0.03125

2.17188 0.0308901
2.18024 0.03125

0.70008 0.015625
0.703125 0.0160291

0.703125 0.0160286
0.71875 0.0173186

-0.53125 -0.12131
-0.515625 -0.121189

-0.515625 -0.121206
-0.5 -0.12081

-2.93826 -0.03125
-2.9375 -0.0305453

2.15625 0.031682
2.16448 0.03125

2.17922 0.03125
2.1875 0.0316063

2.1875 0.0315562
2.20312 0.0337344

2.20312 0.0336816
2.21875 0.0375272

0.71875 0.0172715
0.734375 0.0179308

0.734375 0.017919
0.75 0.0180653

2.21875 0.0373586
2.23438 0.0433144

0.75 0.0180647
0.765625 0.0177227

-2.9375 -0.0300267
-2.92188 -0.0195462

-2.92188 -0.0193636
-2.90625 -0.0174294

2.23438 0.0435458
2.24109 0.046875

0.765625 0.0176856
0.78125 0.0169309

0.78125 0.0168317
0.796875 0.0159368

-2.90625 -0.0190253
-2.89062 -0.0228108

-2.89062 -0.0238349
-2.875 -0.0281001

2.24076 0.046875
2.25 0.0514601

-0.5 -0.120824
-0.484375 -0.120088

2.25 0.05229
2.26562 0.0593917

2.26562 0.0598756
2.27622 0.0625

-2.85938 -0.0316094
-2.86152 -0.03125

-2.84375 -0.0318296
-2.85199 -0.03125

-2.875 -0.0281172
-2.85938 -0.0307303

-2.85938 -0.0305722
-2.84974 -0.03125

-2.84375 -0.0313937
-2.82812 -0.0318982

-2.82812 -0.0317613
-2.8125 -0.0326441

2.27754 0.0625
2.28125 0.0634187

2.28125 0.0631872
2.29688 0.0639804

2.29688 0.0634267
2.3125 0.0631851

0.8125 0.0151872
0.801813 0.015625

0.796875 0.0158603
0.802619 0.015625

0.8125 0.0151999
0.828125 0.015008

0.828125 0.0150286
0.84375 0.0152408

0.84375 0.0152553
0.854411 0.015625

0.854229 0.015625
0.859375 0.0158034

-2.8125 -0.0327864
-2.79688 -0.0340369

-2.79688 -0.0340796
-2.78125 -0.0353279

-2.78125 -0.0353785
-2.76562 -0.0364383

-2.76562 -0.036357
-2.75 -0.0372895

2.3125 0.0630889
2.32812 0.0631125

2.32812 0.0632177
2.34375 0.0634885

2.34375 0.0634826
2.35938 0.0638021

-2.75 -0.0372435
-2.73438 -0.0383033

-2.73438 -0.0382165
-2.71875 -0.0396694

-0.484375 -0.120117
-0.46875 -0.118954

0.859375 0.0157536
0.875 0.0166832

-0.46875 -0.118993
-0.453125 -0.117268

-0.453125 -0.117354
-0.4375 -0.114815

-0.4375 -0.115072
-0.421875 -0.111033

-0.421875 -0.11099
-0.417225 -0.109375

-0.418276 -0.109375
-0.40625 -0.105197

-0.40625 -0.105293
-0.390625 -0.0990976

-0.390625 -0.0988044
-0.376596 -0.09375

-0.380908 -0.09375
-0.375 -0.0916214

-2.71875 -0.0398844
-2.70312 -0.0414739

-2.70312 -0.0415819
-2.6875 -0.0426619

-2.6875 -0.0422917
-2.67188 -0.0433865

-2.67188 -0.0433201
-2.65625 -0.045303

-2.64062 -0.0478799
-2.64918 -0.046875

0.875 0.0166696
0.890625 0.0181057

0.890625 0.0182687
0.90625 0.0199126

0.90625 0.0199941
0.921875 0.0213568

0.921875 0.0212102
0.9375 0.022422

0.9375 0.0222805
0.953125 0.0239176

0.953125 0.023914
0.96875 0.0262666

0.96875 0.0264153
0.984375 0.0291934

0.984375 0.0296259
0.995988 0.03125

-2.65625 -0.0457495
-2.64667 -0.046875

-2.64062 -0.0475882
-2.625 -0.0483763

-0.375 -0.0928818
-0.359375 -0.0889912

-2.625 -0.0482
-2.60938 -0.0485625

-2.60938 -0.0485177
-2.59375 -0.0488966

2.35938 0.063758
2.375 0.0642261

-0.359375 -0.0895622
-0.34375 -0.0861084

-0.34375 -0.0861745
-0.328125 -0.0818835

-0.328125 -0.0816526
-0.316624 -0.078125

-0.316661 -0.078125
-0.3125 -0.0768487

-2.59375 -0.0489633
-2.57812 -0.0493149

2.375 0.064246
2.39062 0.0649113

-0.3125 -0.0766175
-0.296875 -0.0722701

-2.57812 -0.0493908
-2.5625 -0.0494299

2.39062 0.0649206
2.40625 0.0657245

-0.296875 -0.0721859
-0.28125 -0.0689307

2.40625 0.065753
2.42188 0.0666199

-0.28125 -0.068954
-0.265625 -0.0669126

-0.265625 -0.0670064
-0.25 -0.0659445

-2.5625 -0.0494035
-2.54688 -0.049031

-2.54688 -0.048765
-2.53125 -0.0485658

2.42188 0.0666718
2.4375 0.0674411

-0.25 -0.0660763
-0.234375 -0.0655424

2.4375 0.067491
2.45312 0.0679593

-2.53125 -0.0484387
-2.51562 -0.0491991

2.45312 0.0679885
2.46875 0.0679975

2.46875 0.0679817
2.48438 0.0675044

-2.51562 -0.0496845
-2.5 -0.0506881

1 0.0313463
1.01562 0.0330032

1.01562 0.0332171
1.03125 0.0347034

-0.234375 -0.0656537
-0.21875 -0.0651617

1.03125 0.0347782
1.04688 0.0355166

1.04688 0.0355103
1.0625 0.0353639

-0.21875 -0.0652184
-0.203125 -0.0644325

-0.203125 -0.0644455
-0.1875 -0.063226

-0.1875 -0.0632143
-0.180718 -0.0625

1.0625 0.0352511
1.07812 0.034458

-0.180801 -0.0625
-0.171875 -0.0615598

1.07812 0.0342866
1.09375 0.0334153

2.48438 0.0674512
2.5 0.0666254

-2.98765 0
-2.98838 0.015625

-0.171875 -0.0615542
-0.15625 -0.0595344

1.09375 0.0333144
1.10938 0.0329093

-0.15625 -0.0595335
-0.140625 -0.0571603

-0.140625 -0.0571545
-0.125 -0.0544413

-2.98777 0.015625
-2.98607 0.03125

-2.98438 0.0245516
-2.98365 0.03125

-2.98631 0.03125
-2.9845 0.046875

-0.125 -0.0544303
-0.109375 -0.0514107

1.10938 0.0328943
1.125 0.0331871

-0.109375 -0.0513525
-0.09375 -0.0481648

1.125 0.0332057
1.14062 0.0341888

-0.09375 -0.0480448
-0.0874277 -0.046875

1.14062 0.0342316
1.15625 0.0357822

-2.98432 0.03125
-2.98285 0.046875

1.15625 0.0358433
1.17188 0.0377534

-0.0879058 -0.046875
-0.078125 -0.0450653

-2.98398 0.046875
-2.98366 0.0625

2.99861 -0.21875
3 -0.215252

-0.078125 -0.0451172
-0.0625 -0.042836

-0.0625 -0.0428854
-0.046875 -0.0410803

-0.046875 -0.0411253
-0.03125 -0.0396075

1.17188 0.0377922
1.1875 0.0398619

1.1875 0.0398554
1.20312 0.0420201

2.98438 -0.0783538
2.98424 -0.078125

1.20312 0.041958
1.21875 0.044355

1.21875 0.0443183
1.23289 0.046875

2.98319 -0.078125
2.98438 -0.0710537

-2.98385 0.0625
-2.98409 0.078125

1.23283 0.046875
1.23438 0.047155

1.23438 0.0472075
1.25 0.0504048

-2.98438 0.0841256
-2.98393 0.078125

2.98438 -0.0801823
3 -0.084279

1.25 0.050425
1.26562 0.0538282

1.26562 0.0538437
1.28125 0.0573812

-2.98415 0.09375
-2.99269 0.125

2.98438 -0.0728048
3 -0.0639902

2.99323 -0.0625
3 -0.061923

-0.03125 -0.0396602
-0.015625 -0.0382341

2.99906 -0.046875
3 -0.0467714

-0.015625 -0.0382861
0 -0.0367421

-2.99049 0.125
-2.98633 0.15625

-3 0.178053
-2.96875 0.183493

-2.96875 0.150921
-2.96128 0.15625

-2.96875 0.156399
-2.9624 0.171875

1.28125 0.0574359
1.29688 0.0609676

1.29688 0.0611023
1.30373 0.0625

1.3039 0.0625
1.3125 0.0642535

-2.96238 0.171875
-2.96746 0.1875

-2.98676 0.1875
-2.96875 0.19815

2.5625 0.0618181
2.55596 0.0625

2.5 0.0665867
2.51562 0.0655965

2.51562 0.0656035
2.53125 0.064512

2.53125 0.0645286
2.54688 0.0632888

-2.9375 0.192076
-2.9594 0.21875

-2.94021 0.21875
-2.94595 0.25

1.3125 0.0642468
1.32812 0.0669068

2.54688 0.0633484
2.55502 0.0625

2.5625 0.0615969
2.57812 0.0597062

-2.9375 0.202692
-2.93671 0.203125

2.57812 0.0595837
2.59375 0.0580096

1.32812 0.0669326
1.34375 0.0690593

1.34375 0.0690635
1.35938 0.0705972

-2.93474 0.203125
-2.92188 0.212667

2.59375 0.0579477
2.60938 0.0570592

1.35938 0.0705673
1.375 0.0715593

2.60938 0.0570643
2.625 0.056975

1.375 0.0715293
1.39062 0.0720995

1.39062 0.0721295
1.40625 0.0722777

1.40625 0.0724179
1.42188 0.0718038

2.625 0.0570741
2.64062 0.0575756

2.64062 0.0577207
2.65625 0.0583245

2.65625 0.0584186
2.67188 0.0586462

1.42188 0.0719464
1.4375 0.0700043

1.46875 0.0624703
1.48438 0.0597878

-2.92188 0.218641
-2.92179 0.21875

1.48438 0.059855
1.5 0.0582929

2.67188 0.0586301
2.6875 0.0583256

-2.92717 0.21875
-2.90625 0.23244

1.4375 0.0698608
1.45312 0.0665926

1.45312 0.0662131
1.46875 0.0626648

1.46875 0.0625764
1.46919 0.0625

-2.95812 0.25
-2.9375 0.276043

-2.9375 0.274107
-2.90625 0.268198

-2.90625 0.259088
-2.90484 0.265625

-2.89062 0.267017
-2.90018 0.28125

-2.90625 0.282939
-2.90364 0.28125

2.6875 0.0582254
2.70312 0.0576215

2.70312 0.0575107
2.71875 0.0570295

2.71875 0.0569472
2.73438 0.0569749

2.73438 0.0569688
2.75 0.0576822

-2.5 -0.0509087
-2.48438 -0.0507437

2.75 0.057757
2.76562 0.0590185

2.76562 0.0591355
2.78125 0.0605614

-2.48438 -0.050438
-2.46875 -0.0492749

-2.46875 -0.0490856
-2.45312 -0.0479143

-2.45312 -0.0479021
-2.4375 -0.0471258

-2.4375 -0.0471665
-2.4272 -0.046875

-2.427 -0.046875
-2.42188 -0.04673

-2.42188 -0.0467372
-2.40625 -0.0465225

-2.40625 -0.0465131
-2.39062 -0.0465226

2.78125 0.060576
2.79688 0.0619034

2.79688 0.0618559
2.80486 0.0625

-2.39062 -0.0465005
-2.375 -0.0467975

-2.35938 -0.0474141
-2.37335 -0.046875

2.80443 0.0625
2.8125 0.0631507

2.8125 0.0631731
2.82812 0.0643479

2.82812 0.0643965
2.84375 0.0653092

2.84375 0.0652447
2.85938 0.0659269

2.85938 0.0658377
2.875 0.0665967

-2.375 -0.0468049
-2.37318 -0.046875

-2.35938 -0.0474247
-2.34375 -0.0482839

2.875 0.0664485
2.89062 0.0677588

2.89062 0.0677737
2.90625 0.0699018

-2.34375 -0.0483124
-2.32812 -0.0493483

-2.32812 -0.0493794
-2.3125 -0.050473

2.90625 0.0698765
2.92188 0.0728433

2.92188 0.0729001
2.9375 0.0766426

-2.3125 -0.0505047
-2.29688 -0.0515303

-2.29688 -0.0515573
-2.28125 -0.0523976

-2.28125 -0.0524112
-2.26562 -0.052985

2.98409 0.015625
2.98438 0.0179912

2.98438 0.0144763
3 0.0145323

2.98438 0.0187934
3 0.0184083

2.98428 0.03125
2.98438 0.0313537

-2.26562 -0.0529693
-2.25 -0.0532808

2.98438 0.0315253
3 0.0314678

2.98438 0.0468813
2.99454 0.046875

2.9375 0.076528
2.94288 0.078125

2.9429 0.078125
2.95312 0.0811638

2.95312 0.0807142
2.96875 0.0873968

2.96875 0.0825326
2.98188 0.09375

2.98438 0.0934902
2.98453 0.09375

-2.25 -0.0532448
-2.23438 -0.0533974

-2.23438 -0.053367
-2.21875 -0.0534937

-2.21875 -0.0535188
-2.20312 -0.0536299

-2.20312 -0.0536763
-2.1875 -0.0536286

-2.1875 -0.053673
-2.17188 -0.0532853

-2.17188 -0.0532225
-2.15625 -0.0525315

-2.15625 -0.0526094
-2.14062 -0.0515846

-2.14062 -0.0521311
-2.125 -0.0495237

2.97641 0.09375
2.99639 0.125

-2.125 -0.0488835
-2.11627 -0.046875

2.90625 0.248996
2.90589 0.25

2.92188 0.21836
2.9375 0.214461

2.90625 0.239967
2.93026 0.21875

-2.11805 -0.046875
-2.10938 -0.0448795

-2.10857 -0.046875
-2.09375 -0.0400513

-2.09375 -0.0158222
-2.09379 -0.015625

-2.10361 -0.015625
-2.09597 0

-2.09375 -0.0493131
-2.08506 -0.046875

2.96875 0.155883
2.96815 0.15625

2.96875 0.156709
2.95869 0.171875

-2.08828 -0.046875
-2.07812 -0.0379066

-2.07812 -0.0411908
-2.06674 -0.03125

2.95829 0.171875
2.96237 0.1875

2.98825 0.125
2.9845 0.15625

2.96875 0.180347
2.98671 0.1875

2.96875 0.202476
2.96069 0.21875

2.9429 0.21875
2.96227 0.25

-2.09375 -0.0311326
-2.08674 -0.015625

-2.09375 -0.0112953
-2.07812 -0.0133706

-2.07812 -0.024661
-2.0625 -0.0218899

2.96875 0.203187
3 0.189813

2.96875 0.220942
2.96903 0.21875

-2.0625 -0.0243287
-2.04688 -0.0216333

-2.04688 -0.0204638
-2.03125 -0.0225507

2.90566 0.25
2.90625 0.251623

2.89876 0.265625
2.90625 0.274443

2.90354 0.28125
2.90625 0.283846

2.90625 0.259096
2.93706 0.28125

2.92527 0.28125
2.9375 0.284231

-2 -0.0382001
-2.01461 -0.03125

-2.03125 -0.0239068
-2.01562 -0.0304028

2.9375 0.278733
2.97059 0.25

3.00001 -0.25
3 -0.1875

3.00191 -0.09375
3.00212 -0.0625

3 -0.0617593
3.0013 -0.0625

3.0625 -0.00667796
3.0435 0

3.125 -0.00481615
3.09909 0

3.25 -0.00351422
3.21969 0

3.5 -0.0027236
3.43293 0

3.03125 0.018891
3.02458 0.03125

3.02878 0.03125
3.02491 0.0625

3.03125 0.0161681
3.05195 0

-2.12959 0.015625
-2.125 0.0251382

3.03084 0.0625
3.02482 0.09375

3.03125 0.121295
3.02979 0.125

3.03125 0.0912143
3.03147 0.09375

3.03125 0.122799
3.03378 0.09375

3.0625 0.0147429
3.09642 0

3 0.167843
3.03526 0.125

3 0.196992
3.0067 0.1875

-2.11307 0
-2.11614 0.015625

-2.125 0.0203697
-2.10938 0.0164976

3.125 0.0102129
3.19735 0

3.25 0.00462188
3.36198 0

-2.10938 0.0019981
-2.10686 0

4 -0.00453962
3.62191 0

3.5 0.000444937
3.53706 0

-2 -0.0384357
-1.98438 -0.0456062

-1.96875 -0.0517326
-1.98156 -0.046875

-1.98438 -0.0463216
-1.98292 -0.046875

-1.96875 -0.051355
-1.95312 -0.0563885

-1.95312 -0.0564358
-1.9375 -0.0613786

-1.92188 -0.0659374
-1.93392 -0.0625

-1.92188 -0.0657963
-1.90625 -0.0698613

-1.90625 -0.0695006
-1.89062 -0.0742743

-1.875 -0.0805718
-1.8812 -0.078125

-1.89062 -0.0742226
-1.88074 -0.078125

-1.9375 -0.0617261
-1.93479 -0.0625

-1.84375 -0.0950686
-1.84689 -0.09375

-1.875 -0.0806271
-1.85938 -0.0878322

-1.85938 -0.0885033
-1.84689 -0.09375

-1.84375 -0.095061
-1.82812 -0.0996671

-1.82812 -0.0996006
-1.8125 -0.102397

-1.8125 -0.10228
-1.79688 -0.103633

-1.79688 -0.10352
-1.78125 -0.103889

-1.78125 -0.103799
-1.76562 -0.103589

-1.76562 -0.103518
-1.75 -0.103052

-1.75 -0.102988
-1.73438 -0.102536

-1.73438 -0.102501
-1.71875 -0.102258

-1.71875 -0.102254
-1.70312 -0.102299

-1.70312 -0.102337
-1.6875 -0.102603

-1.6875 -0.102662
-1.67188 -0.102955

-1.67188 -0.103008
-1.65625 -0.103101

-1.65625 -0.103116
-1.64062 -0.102876

-1.64062 -0.102858
-1.625 -0.102292

-1.625 -0.102248
-1.60938 -0.101482

-1.60938 -0.101424
-1.59375 -0.100661

-1.59375 -0.100597
-1.57812 -0.100084

-1.57812 -0.100045
-1.5625 -0.0999877

-1.5625 -0.0999986
-1.54688 -0.100451

-1.54688 -0.1005
-1.53125 -0.101344

-1.53125 -0.101387
-1.51562 -0.102438

-1.51562 -0.102455
-1.5 -0.103592

-1.5 -0.103589
-1.48438 -0.104782

-1.48438 -0.104774
-1.46875 -0.106047

-1.46875 -0.106043
-1.45312 -0.10742

-1.45312 -0.107429
-1.4375 -0.108898

-1.42188 -0.110409
-1.43304 -0.109375

-1.4375 -0.108906
-1.43244 -0.109375

-1.42188 -0.110507
-1.40625 -0.111611

-1.40625 -0.111652
-1.39062 -0.112097

-1.39062 -0.112089
-1.375 -0.11181

-1.375 -0.111712
-1.35938 -0.110925

-1.35938 -0.110856
-1.34375 -0.109894

-1.34375 -0.109818
-1.3355 -0.109375

-1.33565 -0.109375
-1.32812 -0.108971

-1.32812 -0.108906
-1.3125 -0.108491

-1.3125 -0.108465
-1.29688 -0.108666

-1.28125 -0.11003
-1.28793 -0.109375

-1.29688 -0.108249
-1.28541 -0.109375

-1.28125 -0.11026
-1.26562 -0.113007

-1.26562 -0.113282
-1.25 -0.115907

-1.14062 -0.125696
-1.14816 -0.125

-1.14062 -0.1258
-1.125 -0.127313

-1.25 -0.115878
-1.23438 -0.11789

-1.23438 -0.117843
-1.21875 -0.119394

-1.21875 -0.119333
-1.20312 -0.12064

-1.20312 -0.120618
-1.1875 -0.12185

-1.1875 -0.121842
-1.17188 -0.123059

-1.17188 -0.123048
-1.15625 -0.124291

-1.15625 -0.124182
-1.1474 -0.125

-1.125 -0.127309
-1.10938 -0.128614

-1.10938 -0.128606
-1.09375 -0.129727

-1.09375 -0.12972
-1.07812 -0.13069

-1.07812 -0.130683
-1.0625 -0.131531

-1.0625 -0.131523
-1.04688 -0.132279

-1.04688 -0.13227
-1.03125 -0.132968

-1.03125 -0.132961
-1.01562 -0.133632

-1.01562 -0.133629
-1 -0.134293

