-4 -0.00393752
-3.66581 0

-3.57046 0
-3.5 0.000830233

-3.5 -0.00273596
-3.43098 0

-3.25 -0.00415005
-3.21673 0

-3.125 -0.00569201
-3.10216 0

-3 -0.0648748
-3.00082 -0.0625

-3.0625 -0.00106725
-3.05972 0

-3.00078 -0.0625
-3 -0.0603416

-3.39376 0
-3.25 0.00576221

-3.20852 0
-3.125 0.0110709

-3.10147 0
-3.0625 0.0179032

-3.0625 0.00260431
-3.03125 0.0274982

-3.03579 0.03125
-3.03125 0.0411002

-3.03125 0.0274304
-3.02917 0.03125

-3.03125 0.0424149
-3.02546 0.0625

-3.03272 0.0625
-3.03125 0.0787357

-3.03431 0.09375
-3.03125 0.103194

-3.03071 0.0625
-3.02467 0.09375

-3.03125 0.0989995
-3.01377 0.125

-3.02007 0.125
-3 0.149312

-1 -0.00908229
-0.984375 -0.00952781

-0.984375 -0.00989542
-0.96875 -0.0127951

-0.953125 -0.0166759
-0.957122 -0.015625

-0.96875 -0.0133051
-0.959927 -0.015625

-0.953125 -0.0172334
-0.9375 -0.0218917

-0.9375 -0.0221262
-0.921875 -0.0267157

-3 -0.0813024
-2.98607 -0.078125

1.5 -0.013528
1.51562 -0.0135524

1.51562 -0.0135586
1.53125 -0.0139297

1.53125 -0.013939
1.54688 -0.0146259

1.54688 -0.0146288
1.5625 -0.0156068

1.57812 -0.0168781
1.56281 -0.015625

1.5625 -0.015592
1.5629 -0.015625

1.57812 -0.0168507
1.59375 -0.0185002

1.59375 -0.0184634
1.60938 -0.0206118

1.60938 -0.0206471
1.625 -0.0232974

1.625 -0.0234565
1.64062 -0.0262197

1.64062 -0.0263837
1.65625 -0.0286136

1.65625 -0.0286886
1.67188 -0.0299071

1.67188 -0.0299095
1.6875 -0.0299618

1.6875 -0.0299671
1.70312 -0.028838

1.70312 -0.0289397
1.71875 -0.0264152

1.71875 -0.0266412
1.73438 -0.0220661

0 -0.0658965
0.015625 -0.0671405

1.73438 -0.0220399
1.74858 -0.015625

1.74901 -0.015625
1.75 -0.0151788

0.015625 -0.0671114
0.03125 -0.0684355

0.03125 -0.0684229
0.046875 -0.0699106

0.046875 -0.0699345
0.0625 -0.0715629

0.0625 -0.0715834
0.078125 -0.0732639

0.078125 -0.0732335
0.09375 -0.0749859

0.09375 -0.074902
0.109375 -0.0769549

0.125 -0.0795434
0.116402 -0.078125

0.109375 -0.0768822
0.116909 -0.078125

-3 -0.0774041
-2.99545 -0.078125

1.75 -0.015136
1.76562 -0.00534991

1.76562 -0.0048252
1.77444 0

-3 -0.0490348
-2.9878 -0.046875

1.84375 -0.000214904
1.84232 0

-0.921875 -0.0269666
-0.90625 -0.0305166

-0.890625 -0.0324949
-0.900765 -0.03125

-0.890625 -0.0322452
-0.875 -0.0329113

0.125 -0.079711
0.140625 -0.0824567

-3 -0.0460779
-2.98438 -0.0465075

-2.98438 -0.0478334
-2.98418 -0.046875

-0.90625 -0.030536
-0.900435 -0.03125

0.140625 -0.082559
0.15625 -0.084855

1.85938 -0.00242617
1.8438 0

-2.98438 0.0290585
-2.98657 0.03125

1.85938 -0.00222142
1.875 -0.00565049

-0.875 -0.0328213
-0.859375 -0.0328853

-0.859375 -0.0330313
-0.84375 -0.0323813

0.15625 -0.0848604
0.171875 -0.0864914

-3 0.116957
-2.96875 0.120212

0.171875 -0.0864774
0.1875 -0.087461

-2.95312 0.122961
-2.96603 0.125

0.1875 -0.0874442
0.203125 -0.0878419

-2.9375 0.122556
-2.94689 0.125

0.203125 -0.0878296
0.21875 -0.0876995

-2.9375 0.120525
-2.92188 0.114289

0.21875 -0.0876965
0.234375 -0.0870693

0.234375 -0.0870606
0.25 -0.0859597

-2.92188 0.114523
-2.90625 0.109527

1.875 -0.00609813
1.89062 -0.0100363

0.25 -0.0859249
0.265625 -0.0844372

0.265625 -0.0843842
0.28125 -0.0826852

0.28125 -0.0826508
0.296875 -0.080915

0.296875 -0.0808971
0.3125 -0.0792292

-2.89062 0.105322
-2.90576 0.109375

-2.90625 0.109552
-2.90559 0.109375

-0.84375 -0.0324376
-0.833448 -0.03125

-0.833017 -0.03125
-0.828125 -0.0306861

-0.828125 -0.0307176
-0.8125 -0.0274898

-0.8125 -0.0273453
-0.796875 -0.0228498

-2.89062 0.105276
-2.875 0.102035

1.89062 -0.0106792
1.90625 -0.0129453

1.90625 -0.0130111
1.92188 -0.0121876

1.92188 -0.0118713
1.9375 -0.00845907

1.9375 -0.00803455
1.95312 -0.00351546

1.95312 -0.00318779
1.96531 0

0.3125 -0.0791667
0.323158 -0.078125

0.324865 -0.078125
0.328125 -0.0778064

-0.796875 -0.02201
-0.78125 -0.0182154

0.328125 -0.0778596
0.34375 -0.0761578

0.34375 -0.0758101
0.359375 -0.0742771

0.359375 -0.0742076
0.375 -0.0736774

-0.78125 -0.0183068
-0.765625 -0.0167098

0.375 -0.0738062
0.390625 -0.0741602

-0.765625 -0.0172862
-0.75 -0.0165512

-3 0.137035
-2.96875 0.134369

-2.98974 0.15625
-2.99315 0.1875

-2.96875 0.128415
-2.95613 0.125

-2.96875 0.155269
-2.96843 0.15625

-2.95312 0.126377
-2.94784 0.125

-2.96875 0.15965
-2.9616 0.171875

-2.96749 0.171875
-2.96467 0.1875

-2.97905 0.1875
-2.96875 0.203163

-2.96893 0.21875
-2.96875 0.219268

-0.75 -0.016481
-0.734697 -0.015625

-0.736187 -0.015625
-0.734375 -0.0155237

-0.734375 -0.015285
-0.71875 -0.0150563

-0.703125 -0.016259
-0.710508 -0.015625

-0.71875 -0.0149039
-0.710352 -0.015625

-0.703125 -0.01651
-0.6875 -0.0191981

-0.6875 -0.0194857
-0.671875 -0.0224285

-0.671875 -0.0225561
-0.65625 -0.0249231

-0.65625 -0.0248171
-0.640625 -0.026565

-0.640625 -0.0263349
-0.625 -0.0281361

-0.609375 -0.0316154
-0.611286 -0.03125

-0.609375 -0.031514
-0.59375 -0.0349065

-0.625 -0.0277775
-0.609375 -0.0307649

-0.59375 -0.0348875
-0.578125 -0.0372694

-0.578125 -0.0372233
-0.5625 -0.0387249

-0.5625 -0.0385947
-0.546875 -0.0395688

-0.546875 -0.0395063
-0.53125 -0.0403385

1.76953 0
1.78125 0.00641576

0.390625 -0.0742648
0.40625 -0.0750361

1.78125 0.0055722
1.79688 0.00815837

1.79688 0.00706428
1.8125 0.00537052

0.40625 -0.0751907
0.421875 -0.075861

1.8125 0.00479898
1.82812 0.00215656

1.82812 0.00210164
1.84214 0

0.421875 -0.0759289
0.4375 -0.0760532

1.96503 0
1.96875 0.000973044

1.96875 0.00100619
1.98438 0.00379771

-0.53125 -0.0403239
-0.515625 -0.0411681

-0.515625 -0.0412821
-0.5 -0.0419393

1.98438 0.00373266
2 0.00517947

-2.96875 0.194672
-2.9375 0.195709

-2.95169 0.21875
-2.9418 0.25

-2.9375 0.197883
-2.93217 0.203125

-2.93517 0.203125
-2.92397 0.21875

-2.92188 0.218588
-2.92178 0.21875

-2.92177 0.21875
-2.91565 0.25

0.4375 -0.075932
0.453125 -0.0756167

0.453125 -0.0754108
0.46875 -0.0753102

-2.90625 0.249925
-2.90622 0.25

-2.875 0.102143
-2.85938 0.0997218

-2.85938 0.0997901
-2.84375 0.0978351

0.46875 -0.0752416
0.484375 -0.0759048

0.484375 -0.0760574
0.5 -0.0773164

-2.8125 0.0932203
-2.81531 0.09375

-2.84375 0.0980447
-2.82812 0.0960005

-2.82812 0.096202
-2.8151 0.09375

-2.8125 0.0929066
-2.79688 0.0893696

-2.79688 0.0893029
-2.78125 0.0859971

-2.78125 0.0860481
-2.76562 0.083005

-0.5 -0.042022
-0.484375 -0.0420987

-0.484375 -0.0420329
-0.46875 -0.0414951

-0.46875 -0.0413915
-0.453125 -0.0405779

-2.76562 0.0833831
-2.75 0.0797447

-2.97034 0.25
-2.9375 0.269471

-2.9375 0.275915
-2.90625 0.256315

-2.90625 0.250398
-2.90619 0.25

-0.453125 -0.040551
-0.4375 -0.0397228

-0.4375 -0.0397574
-0.421875 -0.0388993

-2.90625 0.268613
-2.90327 0.265625

-0.421875 -0.0389264
-0.40625 -0.0379152

-0.40625 -0.037881
-0.390625 -0.0367309

-0.390625 -0.0366583
-0.375 -0.0355828

-2.73438 0.0748044
-2.74613 0.078125

-2.75 0.0799419
-2.74357 0.078125

-2.73438 0.0746616
-2.71875 0.0708123

-0.375 -0.0355368
-0.359375 -0.0347728

-0.359375 -0.0347751
-0.34375 -0.0344104

-0.34375 -0.0344357
-0.328125 -0.0344151

-2.71875 0.0707566
-2.70312 0.0683459

-0.328125 -0.0344366
-0.3125 -0.0346663

0.515625 -0.0786939
0.507514 -0.078125

-2.70312 0.0684154
-2.6875 0.0674156

0.5 -0.0774942
0.508993 -0.078125

-2.67188 0.0613556
-2.67707 0.0625

-2.65625 0.0559008
-2.67104 0.0625

0.515625 -0.0787192
0.53125 -0.0790383

0.53125 -0.0789022
0.546875 -0.0785563

0.546875 -0.0784409
0.556946 -0.078125

0.556197 -0.078125
0.5625 -0.0779273

-0.3125 -0.0346735
-0.296875 -0.0350964

-0.296875 -0.0351007
-0.28125 -0.0356938

0.5625 -0.0776118
0.578125 -0.0778867

0.59375 -0.080026
0.582104 -0.078125

0.578125 -0.0774226
0.582428 -0.078125

-0.28125 -0.0357106
-0.265625 -0.0364316

-0.265625 -0.0364633
-0.25 -0.0372152

-2.65625 0.0563747
-2.64062 0.0508481

-2.64062 0.0512464
-2.625 0.0489814

-0.25 -0.0372503
-0.234375 -0.0378997

-0.234375 -0.0379217
-0.21875 -0.0383544

-2.6875 0.0694288
-2.67188 0.0660547

-2.67188 0.067497
-2.66067 0.0625

-0.21875 -0.0383221
-0.203125 -0.0385585

-2.625 0.0493216
-2.60938 0.0488415

0.59375 -0.0803594
0.609375 -0.0853407

-2.60938 0.0490706
-2.59375 0.0492371

-2.59375 0.0493501
-2.57812 0.0494788

-2.57812 0.0494109
-2.5625 0.0494116

-2.5625 0.0495031
-2.54688 0.0493285

-2.54688 0.0497971
-2.53125 0.048327

-2.51562 0.0449906
-2.52859 0.046875

-2.53125 0.0481928
-2.52218 0.046875

-2.51562 0.045254
-2.5 0.0437847

0.609375 -0.0857918
0.625 -0.0916067

-0.203125 -0.038391
-0.1875 -0.0388307

-0.1875 -0.0385293
-0.171875 -0.0401101

-0.171875 -0.0399517
-0.15625 -0.0435933

-0.140625 -0.0492601
-0.148011 -0.046875

0.640625 -0.0975068
0.63033 -0.09375

0.640625 -0.0978309
0.65625 -0.102376

-0.15625 -0.0439708
-0.147256 -0.046875

-0.140625 -0.0495333
-0.125 -0.054194

0.625 -0.0913434
0.631595 -0.09375

-0.125 -0.0542774
-0.109375 -0.0575714

-0.109375 -0.0574668
-0.09375 -0.0594362

-0.09375 -0.0592845
-0.078125 -0.0604422

-0.078125 -0.060315
-0.0625 -0.0612188

0.65625 -0.102318
0.671875 -0.10482

0.671875 -0.104794
0.6875 -0.105422

-0.03125 -0.0633645
-0.0427474 -0.0625

-0.03125 -0.0633947
-0.015625 -0.0646463

-0.015625 -0.064661
0 -0.06591

-0.0625 -0.061167
-0.046875 -0.0621746

-0.046875 -0.0622099
-0.043017 -0.0625

0.6875 -0.105423
0.703125 -0.104224

0.703125 -0.104169
0.71875 -0.101252

0.71875 -0.100927
0.734375 -0.0970541

0.734375 -0.0964041
0.748688 -0.09375

0.749827 -0.09375
0.75 -0.0937178

2.125 -0.000356985
2.12066 0

-2.46875 0.024196
-2.47826 0.03125

2.125 -0.000354121
2.14062 -0.00152625

2.14062 -0.00132805
2.15625 -0.00277416

-1.9375 0.656317
-1.93743 0.65625

2.15625 -0.00244866
2.17188 -0.00521616

0.755404 -0.09375
0.765625 -0.0920555

-2.5 0.046123
-2.48438 0.0409511

0.765625 -0.0921282
0.78125 -0.0874409

2.17188 -0.00523775
2.1875 -0.00993449

-2.48438 0.0415752
-2.46902 0.03125

-2.46875 0.0262495
-2.45312 0.018832

0.78125 -0.0863301
0.796875 -0.0813122

0.796875 -0.081075
0.8125 -0.0784229

0.8125 -0.078985
0.826779 -0.078125

0.82743 -0.078125
0.828125 -0.0780831

2.20312 -0.0161699
2.20161 -0.015625

2.1875 -0.0104041
2.20202 -0.015625

2.20312 -0.0162275
2.21875 -0.0214206

2.21875 -0.0216067
2.23438 -0.0256177

2.23438 -0.0253978
2.25 -0.028294

-2.45312 0.0204859
-2.4375 0.0181951

0.828125 -0.0787588
0.832927 -0.078125

0.834575 -0.078125
0.84375 -0.0769141

-2.4375 0.0186413
-2.42188 0.0172767

2.28125 -0.0333292
2.27047 -0.03125

0.84375 -0.0761847
0.859375 -0.0726005

2.25 -0.0281274
2.26562 -0.030682

-2.42188 0.0172337
-2.40625 0.0159889

2.26562 -0.0309828
2.26701 -0.03125

0.859375 -0.0718907
0.875 -0.0695063

2.28125 -0.0335763
2.29688 -0.0372926

2.29688 -0.0374998
2.3125 -0.0412757

-2.39062 0.0150263
-2.40133 0.015625

2.3125 -0.0413461
2.32812 -0.0446263

0.875 -0.06982
0.890625 -0.0694276

2.34375 -0.0470831
2.34249 -0.046875

2.32812 -0.0446749
2.34141 -0.046875

2.34375 -0.0469051
2.35938 -0.0494174

2.35938 -0.0494667
2.375 -0.0524786

-2.40625 0.0159192
-2.40099 0.015625

-2.39062 0.0150797
-2.375 0.0146464

-2.375 0.0147124
-2.35938 0.0144935

-2.35938 0.0145354
-2.34375 0.0143152

-2.34375 0.0143145
-2.32812 0.0140106

-2.32812 0.0139946
-2.3125 0.0136401

-2.3125 0.0136433
-2.29688 0.0132639

-2.29688 0.0132722
-2.28125 0.0128451

-2.28125 0.0128266
-2.26562 0.0123725

-2.26562 0.0123708
-2.25 0.0119301

-2.40625 0.312403
-2.40643 0.3125

-2.40625 0.312445
-2.4062 0.3125

-2.40636 0.3125
-2.40625 0.312602

-2.40625 0.312665
-2.40616 0.3125

-2.25 0.0120119
-2.23438 0.0114242

-2.23438 0.0115057
-2.21875 0.0104442

-2.21875 0.0103484
-2.20312 0.00884144

-2.20312 0.00862882
-2.1875 0.00729324

-2.1875 0.0071947
-2.17188 0.0066528

-2.17188 0.00673287
-2.15625 0.00702156

-2.15625 0.00717708
-2.14062 0.0078252

-2.14062 0.00795595
-2.125 0.00839097

2.4375 -0.0640485
2.4267 -0.0625

0.890625 -0.0698253
0.90625 -0.0700022

0.90625 -0.0700877
0.921875 -0.0698676

0.921875 -0.0698019
0.9375 -0.0691452

0.9375 -0.0691665
0.953125 -0.0681617

0.953125 -0.0682021
0.96875 -0.0667261

0.96875 -0.0666291
0.984375 -0.064795

0.984375 -0.0647295
1 -0.062862

2.375 -0.0525674
2.39062 -0.0558028

2.39062 -0.055862
2.40625 -0.0590251

2.40625 -0.0591303
2.42188 -0.0618925

2.42188 -0.0619521
2.42569 -0.0625

2.4375 -0.0639688
2.45312 -0.0660189

2.45312 -0.0660433
2.46875 -0.0680931

2.46875 -0.0681043
2.48438 -0.0700826

2.48438 -0.0700831
2.5 -0.0719668

-2.125 0.00843957
-2.10938 0.0083028

-2.10938 0.0082702
-2.09375 0.00752965

-2.09375 0.00746778
-2.07812 0.0063124

-2.07812 0.00626167
-2.0625 0.00491667

-2.0625 0.00491069
-2.04688 0.00348949

-2.04688 0.00330361
-2.03125 0.00218996

-2.03125 0.00155044
-2.01562 0.00239514

2 0.00506398
2.01562 0.00552719

2.01562 0.00542994
2.03125 0.00533502

2.03125 0.00530158
2.04688 0.0049099

2.04688 0.00491359
2.0625 0.00428461

2.0625 0.00428571
2.07812 0.00340985

2.07812 0.00340141
2.09375 0.00229335

2.09375 0.00227022
2.10938 0.000993112

2.10938 0.00093883
2.12078 0

-2.01562 0.00108589
-2 0.00778645

1 -0.0629169
1.00343 -0.0625

1.00354 -0.0625
1.01562 -0.06103

1.01562 -0.0611324
1.03125 -0.0588581

1.03125 -0.0588879
1.04688 -0.0559691

1.04688 -0.0559007
1.0625 -0.0524145

1.0625 -0.0523091
1.07812 -0.048603

2.5 -0.0719737
2.51562 -0.0737483

2.51562 -0.0737575
2.53125 -0.0753908

2.53125 -0.075398
2.54688 -0.0768568

2.54688 -0.0768652
2.5625 -0.0781182

2.57812 -0.079165
2.56285 -0.078125

2.57812 -0.0791443
2.59375 -0.0800937

2.59375 -0.0800806
2.60938 -0.0809838

1.07812 -0.0485545
1.08526 -0.046875

1.08549 -0.046875
1.09375 -0.0449323

1.09375 -0.044779
1.10938 -0.0414277

1.10938 -0.0414703
1.125 -0.0386154

2.60938 -0.080966
2.625 -0.0818845

1.125 -0.0387258
1.14062 -0.0360612

1.14062 -0.036136
1.15625 -0.0332913

1.15625 -0.0333356
1.16598 -0.03125

1.16654 -0.03125
1.17188 -0.0301064

1.17188 -0.0299007
1.1875 -0.0261321

1.1875 -0.0259806
1.20312 -0.0223533

1.20312 -0.0223114
1.21875 -0.0192122

1.21875 -0.0192523
1.23438 -0.0166851

1.23438 -0.0166731
1.24239 -0.015625

1.24202 -0.015625
1.25 -0.0145817

2.625 -0.0818723
2.64062 -0.0828662

2.64062 -0.0828559
2.65625 -0.08397

2.65625 -0.0839776
2.67188 -0.0852174

2.67188 -0.0852293
2.6875 -0.0865557

2.6875 -0.0865921
2.70312 -0.0879086

2.70312 -0.0879305
2.71875 -0.0891204

2.71875 -0.0891288
2.73438 -0.0901316

2.73438 -0.0900491
2.75 -0.0910129

1.25 -0.0143284
1.26562 -0.0134351

2.78125 -0.0940865
2.77846 -0.09375

2.75 -0.0909125
2.76562 -0.0922032

2.76562 -0.0921636
2.77878 -0.09375

2.78125 -0.0941756
2.79688 -0.0964766

2.79688 -0.0965171
2.8125 -0.0989116

2.8125 -0.0989679
2.82812 -0.101262

2.82812 -0.101271
2.84375 -0.103335

2.84375 -0.103339
2.85938 -0.105149

-1.51562 -0.00177841
-1.52219 0

-1.51562 -0.00112731
-1.5 -0.00261372

-2 0.0105006
-1.99034 0.015625

-1.99324 0.015625
-1.98438 0.0203259

-1.98438 0.0195038
-1.96875 0.0225104

-1.96875 0.0208675
-1.95312 0.0219068

-1.95312 0.0225339
-1.9375 0.0236378

2.85938 -0.105124
2.875 -0.106722

1.26562 -0.013396
1.28125 -0.0142857

1.29688 -0.0167611
1.28773 -0.015625

1.28125 -0.0145528
1.28988 -0.015625

1.29688 -0.0169532
1.3125 -0.0184966

1.3125 -0.0184937
1.32812 -0.0190026

1.32812 -0.0188423
1.34375 -0.0186429

2.96875 -0.221104
2.96633 -0.21875

2.96875 -0.218672
2.96883 -0.21875

2.875 -0.1068
2.89062 -0.108083

1.34375 -0.0185532
1.35938 -0.0181453

2.89062 -0.108145
2.90625 -0.108832

-1.9375 0.0234746
-1.92188 0.0237149

1.35938 -0.0181227
1.375 -0.0177311

2.90625 -0.108969
2.92188 -0.10866

2.92188 -0.108674
2.9375 -0.107068

1.375 -0.0177386
1.39062 -0.0173937

2.9375 -0.107136
2.95312 -0.104067

2.95312 -0.104058
2.96875 -0.0994055

2.96875 -0.101112
2.98017 -0.09375

2.98222 -0.09375
2.98438 -0.0916523

2.98438 -0.0720881
2.9821 -0.0625

1.39062 -0.0174133
1.40625 -0.0170607

1.40625 -0.0170815
1.42188 -0.0166404

-1.92188 0.0238649
-1.90625 0.0232678

1.42188 -0.0166485
1.4375 -0.016061

2.9844 -0.09375
2.99547 -0.078125

1.4375 -0.0160491
1.44667 -0.015625

1.44658 -0.015625
1.45312 -0.0153221

1.45312 -0.0152838
1.46875 -0.0145343

1.46875 -0.0144902
1.48438 -0.0138834

1.48438 -0.0138569
1.5 -0.0135336

2.99274 -0.078125
2.98858 -0.0625

2.98388 -0.0625
2.98085 -0.046875

-1.90625 0.0228543
-1.89062 0.0219467

-1.89062 0.0220245
-1.875 0.0214779

2.98343 -0.046875
2.98437 -0.03125

2.98438 -0.0613288
2.98474 -0.0625

-1.875 0.0212362
-1.85938 0.0213786

-1.85938 0.0215597
-1.84375 0.0225124

2.9839 -0.03125
2.98438 -0.0235649

2.98438 -0.0163135
2.98442 -0.015625

2.98477 -0.015625
2.98689 0

-1.84375 0.0226233
-1.82812 0.0238025

-1.82812 0.0239511
-1.8125 0.0248378

-1.8125 0.0247228
-1.79688 0.0252498

-1.79688 0.0252862
-1.78125 0.0256105

-1.78125 0.0256087
-1.76562 0.0256611

-1.76562 0.0257585
-1.75 0.0253474

2.98796 0
2.98906 0.015625

2.98871 0.015625
2.9873 0.03125

2.98438 0.0525341
2.98395 0.0625

2.98661 0.03125
2.98475 0.046875

2.98438 0.0553359
2.98473 0.046875

2.98427 0.0625
2.98438 0.0675437

2.98438 0.0778159
2.98438 0.078125

2.98449 0.078125
2.98551 0.09375

2.98488 0.09375
2.99098 0.125

2.90625 0.249826
2.90619 0.25

-1.75 0.0252974
-1.73438 0.0243281

-1.73438 0.0242429
-1.71875 0.0229859

-1.71875 0.0228764
-1.70312 0.0217211

-1.70312 0.021717
-1.6875 0.0208905

-1.6875 0.020933
-1.67188 0.0203584

-1.67188 0.0204229
-1.65625 0.0198859

-1.65625 0.0199255
-1.64062 0.0192179

-1.64062 0.019237
-1.625 0.0182415

2.9375 0.213674
2.92526 0.21875

-1.625 0.0182069
-1.60938 0.0169545

-1.59375 0.0154205
-1.59588 0.015625

-1.60938 0.0169916
-1.59512 0.015625

-1.59375 0.0154494
-1.57812 0.0137196

-1.57812 0.0136833
-1.5625 0.0118665

-1.5625 0.012496
-1.54688 0.00940568

2.93015 0.21875
2.90927 0.25

2.96875 0.155974
2.96831 0.15625

-1.54688 0.00918909
-1.53125 0.00399947

-1.53125 0.00282863
-1.52081 0

2.96867 0.15625
2.95935 0.171875

2.96025 0.171875
2.96323 0.1875

2.99129 0.125
2.98679 0.15625

2.96875 0.1814
2.99375 0.1875

2.96875 0.193506
2.9529 0.21875

2.946 0.21875
2.96682 0.25

2.96875 0.206501
2.99355 0.1875

2.96875 0.235618
2.96965 0.21875

2.90619 0.25
2.90625 0.250207

2.90451 0.265625
2.90625 0.267371

2.90625 0.251251
2.9375 0.281169

2.92974 0.28125
2.9375 0.283842

2.9375 0.275706
2.98053 0.25

-1.5 -0.00215737
-1.48438 -0.00264504

-1.48438 -0.00247623
-1.46875 -0.0032155

-1.46875 -0.0032392
-1.45312 -0.0045203

-1.45312 -0.00461502
-1.4375 -0.00620111

3 -0.0956777
3.00206 -0.09375

3 -0.0871746
3.0055 -0.0625

-1.4375 -0.00627073
-1.42188 -0.00783316

-1.42188 -0.00786825
-1.40625 -0.00919761

3.0625 -0.00620283
3.0447 0

3.125 -0.00486512
3.09829 0

-1.40625 -0.00920538
-1.39062 -0.010216

-1.39062 -0.0102048
-1.375 -0.0109034

3.25 -0.00364064
3.21846 0

3.5 -0.00291579
3.42704 0

3.03125 0.0258701
3.01365 0.03125

3.02766 0.03125
3.02344 0.0625

3.03125 0.0164676
3.05299 0

-1.375 -0.0108729
-1.35938 -0.0113431

-1.35938 -0.0113149
-1.34375 -0.0116741

3.02451 0.0625
3.03012 0.09375

3.03125 0.122799
3.03031 0.125

3.03125 0.0876059
3.03197 0.09375

-1.34375 -0.011649
-1.32812 -0.0120037

-1.32812 -0.0120008
-1.3125 -0.0124071

3.03125 0.122148
3.03484 0.09375

3.0625 0.0147006
3.09653 0

3 0.166715
3.03114 0.125

3 0.196802
3.00499 0.1875

-1.3125 -0.0124123
-1.29688 -0.0128658

-1.29688 -0.0128704
-1.28125 -0.0133514

3.125 0.0100198
3.19817 0

3.25 0.00442663
3.35958 0

-1.28125 -0.013417
-1.26562 -0.0137851

-1.26562 -0.0138037
-1.25 -0.0138904

4 -0.00499369
3.58421 0

-1.25 -0.0139523
-1.23438 -0.0135966

-1.23438 -0.0134019
-1.21875 -0.0128694

-1.21875 -0.0127894
-1.20312 -0.0126294

-1.20312 -0.0126503
-1.1875 -0.0129807

-1.1875 -0.0125464
-1.17188 -0.014194

-1.15625 -0.0174498
-1.16701 -0.015625

-1.17188 -0.0147564
-1.16676 -0.015625

-1.15625 -0.0178905
-1.14062 -0.0194534

-1.14062 -0.0192526
-1.125 -0.0192201

-1.125 -0.0188859
-1.10938 -0.0183281

-1.10938 -0.0181462
-1.09375 -0.0180957

-1.09375 -0.0182146
-1.07812 -0.0187974

-1.07812 -0.0190681
-1.0625 -0.0195052

-1.0625 -0.0197497
-1.04688 -0.0190107

-1.04688 -0.0190995
-1.03125 -0.0165179

-1.03125 -0.0162758
-1.02848 -0.015625

-1.02957 -0.015625
-1.01562 -0.0123421

-1.01562 -0.0116823
-1 -0.0092262

