-4 -0.00199153
-3.7026 0

-3.61718 0
-3.5 0.000784679

-3.5 -0.00206578
-3.41142 0

-3.25 -0.00297173
-3.20821 0

-3.125 -0.00407498
-3.103 0

-3.39096 0
-3.25 0.00334746

-3.20606 0
-3.125 0.00653185

-3.10478 0
-3.0625 0.0109216

-3.0625 0.00221518
-3.03125 0.0203103

-3.03125 0.0309348
-3 0.0268373

-3.02584 0.03125
-3.00254 0.0625

-3.02131 0.0625
-3.00723 0.09375

-3.0089 0.09375
-3 0.121773

-3.02189 0.125
-3 0.15205

-2.96875 -0.156339
-2.96884 -0.15625

-2.96875 -0.126463
-2.97003 -0.125

-2.95312 -0.173016
-2.96474 -0.171875

-2.95312 -0.156566
-2.95381 -0.15625

-2.95312 -0.173616
-2.95311 -0.171875

1.53125 -0.0641523
1.52192 -0.0625

1.53125 -0.0642627
1.54688 -0.0672856

1.54688 -0.0673097
1.5625 -0.0701669

1.5 -0.0590416
1.51562 -0.0614356

1.51562 -0.0612097
1.52291 -0.0625

1.5625 -0.0701559
1.57812 -0.0728214

1.57812 -0.0728036
1.59375 -0.0753349

1.59375 -0.0752133
1.60938 -0.0778894

1.625 -0.0809643
1.6104 -0.078125

1.60938 -0.0776953
1.61159 -0.078125

1.625 -0.0810699
1.64062 -0.0841837

1.64062 -0.0841821
1.65625 -0.0871158

1.65625 -0.0871141
1.67188 -0.0898743

1.67188 -0.0898406
1.6875 -0.0924979

1.70312 -0.0952235
1.69468 -0.09375

1.70312 -0.0952893
1.71875 -0.0979571

0 0.0481923
0.015625 0.048519

-2.95312 -0.156271
-2.95306 -0.15625

-2.95312 -0.148373
-2.96522 -0.140625

0.015625 0.0485268
0.03125 0.0485767

1.6875 -0.0923898
1.69529 -0.09375

1.71875 -0.0979699
1.73438 -0.100319

-2.96875 -0.135366
-2.96254 -0.140625

0.03125 0.0485571
0.046875 0.0483539

-2.95312 -0.145972
-2.9375 -0.144184

-2.9375 -0.140762
-2.93698 -0.140625

-2.93572 -0.140625
-2.92188 -0.136972

-2.92188 -0.138189
-2.90625 -0.135477

1.73438 -0.100312
1.75 -0.10233

-2.90625 -0.135017
-2.89062 -0.132151

-2.89062 -0.132121
-2.875 -0.130078

-2.97603 -0.125
-2.99103 -0.09375

-2.98968 -0.09375
-2.98828 -0.078125

-2.98699 -0.078125
-2.98464 -0.0625

0.046875 0.0483434
0.0625 0.0479471

1.75 -0.102325
1.76562 -0.104036

1.76562 -0.104032
1.78125 -0.105453

-2.98433 -0.09375
-2.98293 -0.078125

1.78125 -0.105448
1.79688 -0.106599

0.0625 0.04805
0.078125 0.0472756

-2.98411 -0.078125
-2.982 -0.0625

1.79688 -0.106594
1.8125 -0.107495

-2.98388 -0.0625
-2.98412 -0.046875

0.09375 0.0456877
0.0837467 0.046875

-2.98438 -0.0348086
-2.98404 -0.046875

1.8125 -0.10749
1.82812 -0.108159

0.078125 0.0474884
0.0832933 0.046875

-2.98438 -0.0248429
-2.9861 -0.015625

0.09375 0.0457033
0.109375 0.0422044

0.109375 0.0417613
0.125 0.0374362

1.82812 -0.108154
1.84375 -0.108608

1.84375 -0.108603
1.85938 -0.108861

-2.98749 -0.015625
-2.99267 0

-2.98438 -0.0306349
-2.98426 -0.03125

1.85938 -0.108855
1.875 -0.10894

-2.875 -0.12996
-2.85938 -0.129036

-2.85938 -0.129249
-2.84375 -0.129252

-2.84375 -0.129592
-2.82812 -0.129415

-2.82812 -0.129408
-2.8125 -0.128387

-1 0.140034
-0.994038 0.140625

0.125 0.0370222
0.140625 0.033585

-0.993032 0.140625
-0.984375 0.141483

-2.8125 -0.128268
-2.79688 -0.126658

-0.984375 0.141904
-0.96875 0.144061

0.140625 0.0334998
0.15625 0.0319491

-0.96875 0.144172
-0.953125 0.145957

-2.79688 -0.1265
-2.78264 -0.125

1.875 -0.108934
1.89062 -0.108871

-2.78253 -0.125
-2.78125 -0.124865

1.89062 -0.108866
1.90625 -0.108677

0.15625 0.0319328
0.171875 0.0324716

0.171875 0.0326399
0.1875 0.0349643

1.90625 -0.108675
1.92188 -0.108375

-2.78125 -0.124955
-2.76562 -0.123384

-0.953125 0.145897
-0.9375 0.147209

1.92188 -0.108376
1.9375 -0.107965

-0.9375 0.147084
-0.921875 0.14829

1.9375 -0.107968
1.95312 -0.107438

1.95312 -0.107441
1.96875 -0.10678

-0.921875 0.148232
-0.90625 0.149699

1.96875 -0.106782
1.98438 -0.105978

-2.76562 -0.123359
-2.75 -0.121715

0.1875 0.0357328
0.203125 0.037969

0.203125 0.0386745
0.21875 0.0378744

0.25 0.0290001
0.240981 0.03125

0.21875 0.0371305
0.234375 0.0333709

-0.90625 0.149754
-0.890625 0.151489

1.98438 -0.105978
2 -0.105026

-0.890625 0.15181
-0.875 0.153062

-2.75 -0.121756
-2.73438 -0.120005

-0.875 0.153791
-0.859375 0.152458

-0.859375 0.153278
-0.84375 0.146262

-2.73438 -0.119933
-2.71875 -0.118136

-2.71875 -0.118132
-2.70312 -0.116441

-0.828125 0.133186
-0.839913 0.140625

-0.84375 0.145637
-0.835808 0.140625

-2.70312 -0.116392
-2.6875 -0.114912

-2.6875 -0.114927
-2.67188 -0.113726

-2.67188 -0.113712
-2.65625 -0.112787

-2.65625 -0.112797
-2.64062 -0.112153

-0.828125 0.132926
-0.8125 0.127171

0.234375 0.032348
0.238777 0.03125

-0.8125 0.127866
-0.796875 0.127299

-0.796875 0.128015
-0.78125 0.129813

-0.78125 0.130245
-0.765625 0.132111

-0.765625 0.132352
-0.75 0.132941

-2.64062 -0.112126
-2.625 -0.111795

0.25 0.0291281
0.265625 0.0257825

-2.625 -0.111803
-2.60938 -0.111824

-2.60938 -0.111845
-2.59375 -0.112159

0.265625 0.0255673
0.28125 0.0225608

0.28125 0.0223937
0.296875 0.020491

-2.59375 -0.112212
-2.57812 -0.112672

-2.57812 -0.112701
-2.5625 -0.113146

-2.5625 -0.113169
-2.54688 -0.113496

-2.54688 -0.113509
-2.53125 -0.113646

-2.53125 -0.113667
-2.51562 -0.11355

-2.51562 -0.113556
-2.5 -0.11313

-2.99551 0
-2.99497 0.015625

-2.99036 0.015625
-2.98438 0.0312336

-2.98533 0.03125
-2.9847 0.046875

-2.98473 0.046875
-2.98442 0.0625

-2.98438 0.0319418
-2.9829 0.046875

-2.98416 0.046875
-2.98401 0.0625

-0.75 0.132824
-0.734375 0.131887

-2.98399 0.0625
-2.98403 0.078125

0.296875 0.0204586
0.3125 0.0200585

-2.98438 0.0845172
-2.98382 0.078125

-2.98361 0.09375
-2.99609 0.125

0.3125 0.0201345
0.328125 0.0211496

0.328125 0.0213932
0.34375 0.0231842

-0.734375 0.13142
-0.71875 0.130125

2 -0.105024
2.01562 -0.10393

-0.71875 0.129649
-0.703125 0.129881

-2.98453 0.125
-2.99427 0.15625

0.34375 0.0236826
0.359375 0.0247658

-3 0.167188
-2.96875 0.164499

0.359375 0.0251117
0.375 0.0237985

2.01562 -0.103925
2.03125 -0.102703

-0.703125 0.129634
-0.6875 0.132837

0.375 0.0233419
0.390625 0.0198536

0.390625 0.0190329
0.40625 0.015924

-0.6875 0.132725
-0.671875 0.139618

-0.671947 0.140625
-0.671875 0.140657

-2.96875 0.139832
-2.95312 0.139832

-0.671875 0.13979
-0.670382 0.140625

-2.96875 0.140774
-2.95312 0.155661

2.03125 -0.102694
2.04688 -0.10137

0.421875 0.0148578
0.410935 0.015625

2.04688 -0.101357
2.0625 -0.0999716

0.40625 0.0158525
0.409494 0.015625

-2.96875 0.162604
-2.96376 0.15625

0.421875 0.0150282
0.4375 0.0155437

-2.96875 0.176995
-2.96247 0.171875

2.0625 -0.0999566
2.07812 -0.0985638

0.436498 0.015625
0.4375 0.0156581

2.07812 -0.0985494
2.09375 -0.0972083

0.4375 0.0155979
0.437777 0.015625

0.4375 0.0156456
0.453125 0.017177

0.453125 0.0171907
0.46875 0.0195089

0.46875 0.0196682
0.484375 0.022427

0.484375 0.0226379
0.5 0.0250971

-0.671872 0.140625
-0.65625 0.1495

-2.5 -0.113123
-2.48438 -0.112391

-2.48438 -0.112375
-2.46875 -0.111382

-2.46875 -0.111477
-2.45312 -0.110065

2.09375 -0.0971989
2.10938 -0.0959572

2.10938 -0.0959572
2.125 -0.0948336

-2.45312 -0.110368
-2.4474 -0.109375

-2.44702 -0.109375
-2.4375 -0.107724

-0.65625 0.149719
-0.643803 0.15625

-0.644681 0.15625
-0.640625 0.158373

-2.4375 -0.108395
-2.42188 -0.102306

-2.42188 -0.102064
-2.40933 -0.09375

-2.40938 -0.09375
-2.40625 -0.0916372

0.5 0.0251773
0.515625 0.0267546

-2.40625 -0.0892309
-2.39062 -0.0800409

0.515625 0.0267614
0.53125 0.0272825

2.125 -0.094849
2.14062 -0.0938126

0.53125 0.0272481
0.546875 0.0267682

0.546875 0.0266967
0.5625 0.0254275

2.14062 -0.0938352
2.14192 -0.09375

-2.39062 -0.0808002
-2.38145 -0.078125

-0.640625 0.158341
-0.625 0.164498

0.5625 0.0253418
0.578125 0.0235979

-0.5625 0.108146
-0.562679 0.109375

-2.38167 -0.078125
-2.375 -0.0761806

-0.562821 0.109375
-0.5625 0.110259

2.14194 -0.09375
2.15625 -0.0928093

-2.375 -0.0770192
-2.35938 -0.0740203

-2.35938 -0.0738699
-2.34375 -0.0711251

-0.515625 0.0577435
-0.525086 0.0625

-2.34375 -0.071097
-2.32812 -0.0689632

-2.32812 -0.0689002
-2.3125 -0.0675598

2.15625 -0.0928321
2.17188 -0.0917215

-2.3125 -0.0678192
-2.29688 -0.0668795

-0.515625 0.0578328
-0.5 0.0516652

0.578125 0.0235558
0.59375 0.0215926

-0.546875 0.0763063
-0.548751 0.078125

-2.29688 -0.0669574
-2.28125 -0.0657437

2.17188 -0.0917439
2.1875 -0.0904589

-2.28125 -0.0656484
-2.26562 -0.0641955

0.59375 0.0215549
0.609375 0.0195322

-0.549409 0.078125
-0.560641 0.09375

0.609375 0.0194736
0.625 0.0175842

-2.26562 -0.064083
-2.25 -0.0628062

0.625 0.0175283
0.640625 0.016001

0.65625 0.0149498
0.646628 0.015625

2.1875 -0.0904731
2.20312 -0.0889406

2.20312 -0.0889466
2.21875 -0.0871261

-2.25 -0.062839
-2.24442 -0.0625

-2.24432 -0.0625
-2.23438 -0.0618963

0.640625 0.0159795
0.645676 0.015625

-2.23438 -0.0619646
-2.21875 -0.0611308

0.65625 0.0149867
0.671875 0.0141568

2.21875 -0.0871257
2.23438 -0.0850057

0.671875 0.014146
0.6875 0.0134831

-2.21875 -0.061135
-2.20312 -0.0602665

-0.546875 0.0764104
-0.53125 0.0645086

0.6875 0.013494
0.703125 0.0129981

-0.5625 0.108504
-0.560346 0.09375

0.703125 0.0130236
0.71875 0.0126221

-0.5625 0.110287
-0.556294 0.125

0.71875 0.0126447
0.734375 0.0122415

0.734375 0.0122515
0.75 0.0117817

-2.20312 -0.0602288
-2.1875 -0.0593924

2.23438 -0.0849951
2.25 -0.0825975

-2.1875 -0.0593742
-2.17188 -0.0586815

-2.17188 -0.0587108
-2.15625 -0.0581396

-2.15625 -0.0582101
-2.14062 -0.057561

-2.14062 -0.0576459
-2.125 -0.0566082

0.75 0.0117783
0.765625 0.0112287

-2.125 -0.0566644
-2.10938 -0.054956

-2.10938 -0.0549509
-2.09375 -0.0524695

0.765625 0.011216
0.78125 0.0106186

-0.53125 0.0656393
-0.525006 0.0625

0.78125 0.0106031
0.796875 0.0100146

0.796875 0.0100024
0.8125 0.00947839

-0.625 0.164263
-0.609375 0.168212

0.8125 0.00947293
0.828125 0.00904875

2.25 -0.0825715
2.26562 -0.0799699

-0.609375 0.168147
-0.59375 0.170485

-2.09375 -0.0524006
-2.07812 -0.049294

-0.59375 0.170447
-0.578125 0.171383

-2.07812 -0.049208
-2.06742 -0.046875

2.26562 -0.0799513
2.27607 -0.078125

-2.06754 -0.046875
-2.0625 -0.0457769

0.828125 0.0090504
0.84375 0.00873366

-0.578125 0.171184
-0.5625 0.171193

-2.0625 -0.0457185
-2.04688 -0.0423522

-0.556622 0.125
-0.546875 0.135481

0.84375 0.0087404
0.859375 0.00851431

-0.546875 0.134695
-0.5372 0.140625

-2.04688 -0.0423309
-2.03125 -0.0391976

-0.536492 0.140625
-0.53125 0.143316

0.859375 0.00852382
0.875 0.0083559

2.2762 -0.078125
2.28125 -0.0772429

-2.03125 -0.0392031
-2.01562 -0.0363343

-0.5625 0.170858
-0.546875 0.171006

-0.546875 0.171285
-0.53125 0.171049

0.875 0.00836632
0.890625 0.0082167

0.890625 0.00822668
0.90625 0.00805455

-2.01562 -0.0363002
-2 -0.0337535

0.90625 0.00806372
0.921875 0.00783081

0.921875 0.00783882
0.9375 0.00751076

-0.545928 0.171875
-0.53125 0.17351

2.28125 -0.077154
2.29688 -0.0744627

-0.53125 0.141204
-0.515625 0.147797

-0.515625 0.146188
-0.503588 0.15625

-0.515625 0.169121
-0.524172 0.171875

-0.53125 0.174771
-0.515625 0.175403

0.9375 0.00751744
0.953125 0.00706484

0.953125 0.00707056
0.96875 0.0064686

2.29688 -0.0744211
2.3125 -0.072

-0.5 0.164025
-0.502627 0.171875

0.96875 0.00647218
0.984375 0.00570227

-0.515625 0.177729
-0.505217 0.171875

2.3125 -0.0720076
2.32812 -0.0699247

2.32812 -0.0699654
2.34375 -0.0681239

0.984375 0.00570205
1 0.00475749

2.34375 -0.0681738
2.35938 -0.0663928

2.35938 -0.0664272
2.375 -0.0645379

2.375 -0.0645599
2.39025 -0.0625

2.39028 -0.0625
2.39062 -0.0624529

2.39062 -0.0624457
2.40625 -0.0600764

2.40625 -0.0600541
2.42188 -0.057478

2.42188 -0.0574652
2.4375 -0.0547523

2.4375 -0.0547411
2.45312 -0.0519392

2.45312 -0.0519289
2.46875 -0.0490811

2.46875 -0.0490867
2.48069 -0.046875

2.4808 -0.046875
2.48438 -0.0462132

2.48438 -0.0461719
2.5 -0.0432652

-0.5 0.0517072
-0.484375 0.0469967

-0.46875 0.0435919
-0.483534 0.046875

-0.484375 0.0470837
-0.483435 0.046875

-2 -0.0337457
-1.98438 -0.0316048

-1.98438 -0.0318097
-1.98103 -0.03125

-1.97902 -0.03125
-1.96875 -0.0295317

-1.96713 -0.03125
-1.95312 -0.0227809

-1.95349 -0.015625
-1.95312 -0.015179

-0.46875 0.0435573
-0.453125 0.0412675

-0.453125 0.0412957
-0.4375 0.0402013

-1.95312 -0.0247986
-1.94367 -0.015625

-0.4375 0.0402326
-0.421875 0.0402146

-0.421875 0.0402329
-0.40625 0.0411923

-1.95312 -0.0153832
-1.9375 -0.00276161

-0.40625 0.0412108
-0.390625 0.0430739

1.0625 -0.000428471
1.05801 0

2.5 -0.0432492
2.51562 -0.0404135

1.0625 -0.000443897
1.07812 -0.00209529

2.51562 -0.0404106
2.53125 -0.0376836

-1.9375 -0.00563805
-1.92188 -0.000984788

2.53125 -0.0376829
2.54688 -0.0350715

2.54688 -0.0350748
2.5625 -0.0325738

-1.92188 -0.00489011
-1.90625 -0.000988262

-1.90625 -0.00215008
-1.90054 0

-0.390625 0.0430933
-0.375 0.0457842

-0.499018 0.15625
-0.499978 0.171875

-0.5 0.172279
-0.499658 0.171875

2.5625 -0.0325825
2.5711 -0.03125

-0.375 0.0458164
-0.370359 0.046875

2.57115 -0.03125
2.57812 -0.0301689

-0.369885 0.046875
-0.359375 0.0492726

2.57812 -0.0301654
2.59375 -0.0278002

-0.359375 0.0494593
-0.34375 0.0536758

1.07812 -0.0021218
1.09375 -0.0038267

-0.34375 0.0538368
-0.328125 0.0580775

1.09375 -0.00384097
1.10938 -0.00551783

2.59375 -0.0278179
2.60938 -0.0254717

1.10938 -0.00552452
1.125 -0.00713143

-1.78125 -0.00626104
-1.79488 0

1.125 -0.00713125
1.14062 -0.00865519

-1.78125 -0.00734389
-1.76562 -0.0144794

1.14062 -0.00865392
1.15625 -0.0100978

-0.328125 0.058115
-0.3125 0.061983

2.60938 -0.0254889
2.625 -0.0230916

-0.3125 0.0619278
-0.310091 0.0625

-0.309635 0.0625
-0.296875 0.0655299

-1.75 -0.0197828
-1.76145 -0.015625

-0.296875 0.0657164
-0.28125 0.0692226

-1.76562 -0.0141907
-1.76168 -0.015625

2.625 -0.0230979
2.64062 -0.0206025

1.15625 -0.0100962
1.17188 -0.0114656

-0.28125 0.0696194
-0.265625 0.0717914

1.17188 -0.0114622
1.1875 -0.0127674

-0.265625 0.0726197
-0.25 0.0710075

1.1875 -0.0127611
1.20312 -0.0140218

-1.75 -0.019984
-1.73438 -0.0245393

2.64062 -0.0205921
2.65625 -0.018007

1.20312 -0.0139972
1.21875 -0.0152752

-1.73438 -0.0244863
-1.71875 -0.0276688

-1.71875 -0.0275785
-1.70312 -0.0296747

-0.21875 0.0533905
-0.233571 0.0625

-1.70312 -0.0296357
-1.6875 -0.0309041

1.23438 -0.0166659
1.22283 -0.015625

2.65625 -0.0179842
2.67039 -0.015625

1.21875 -0.0152068
1.22339 -0.015625

-1.67188 -0.0314484
-1.6772 -0.03125

-0.203125 0.0438267
-0.208698 0.046875

1.23438 -0.0166779
1.25 -0.0182307

2.67036 -0.015625
2.67188 -0.0153718

-1.67188 -0.0313817
-1.65625 -0.0314881

-0.21875 0.0526421
-0.208226 0.046875

1.25 -0.0182094
1.26562 -0.0198965

-0.203125 0.0439068
-0.1875 0.0382688

-1.6875 -0.0308756
-1.67746 -0.03125

-0.25 0.0708813
-0.234375 0.064081

-1.65625 -0.0314173
-1.64062 -0.0313351

-0.234375 0.0632873
-0.233057 0.0625

1.26562 -0.0198729
1.28125 -0.0217844

-0.1875 0.0384051
-0.171875 0.0355896

2.67188 -0.0153444
2.6875 -0.0128252

-0.171875 0.0357571
-0.15625 0.0351563

1.28125 -0.0217954
1.29688 -0.0239564

-1.64062 -0.0312859
-1.625 -0.0312559

1.29688 -0.0239971
1.3125 -0.0263042

2.6875 -0.0128098
2.70312 -0.0104734

-0.15625 0.0353299
-0.140625 0.0362617

2.70312 -0.0104822
2.71875 -0.00834182

-1.62734 -0.03125
-1.625 -0.0312455

1.34375 -0.0314473
1.34268 -0.03125

-0.140625 0.0364165
-0.125 0.0382242

2.71875 -0.00837806
2.73438 -0.00634378

-1.60938 -0.0313969
-1.62353 -0.03125

2.73438 -0.00640739
2.75 -0.00427948

-1.60938 -0.0314014
-1.59375 -0.0317882

-1.625 -0.0312384
-1.62389 -0.03125

1.3125 -0.0263017
1.32812 -0.0286783

2.75 -0.00436762
2.76562 -0.00184258

-1.59375 -0.0318
-1.57812 -0.0323795

2.76562 -0.00194196
2.77484 0

1.32812 -0.028455
1.34325 -0.03125

-0.125 0.0383652
-0.109375 0.040457

3 -0.222372
2.9994 -0.21875

-0.109375 0.040529
-0.09375 0.042479

2.99856 -0.21875
3 -0.217822

-0.09375 0.0425021
-0.078125 0.0441199

1.34375 -0.0315457
1.35938 -0.0350041

-1.57812 -0.0323926
-1.5625 -0.0331149

1.35938 -0.0352057
1.375 -0.0384357

-1.5625 -0.0331294
-1.54688 -0.0339393

3 -0.0790143
2.99879 -0.078125

-1.54688 -0.0339631
-1.53125 -0.0347841

1.34375 -0.0309774
1.34498 -0.03125

3 -0.0711097
2.99609 -0.0625

-0.078125 0.0441146
-0.0625 0.0453647

1.375 -0.0383817
1.39062 -0.0410669

1.39062 -0.0410233
1.40625 -0.0433586

-1.53125 -0.0348257
-1.51562 -0.0355271

2.99787 -0.0625
3 -0.0534404

-1.51562 -0.0355888
-1.5 -0.0359639

-0.0625 0.0453401
-0.046875 0.0462822

1.40625 -0.0432893
1.42188 -0.0455002

-0.046875 0.0462525
-0.0338069 0.046875

1.4375 -0.0479854
1.43081 -0.046875

-1.9133 0
-1.90625 0.0017608

1.42188 -0.0452645
1.43157 -0.046875

2.99257 -0.046875
3 -0.0404498

-0.0337233 0.046875
-0.03125 0.0469928

-1.90625 0.00194334
-1.89062 0.00782694

1.4375 -0.0480851
1.45312 -0.0510833

1.45312 -0.0511608
1.46875 -0.0540576

-1.89062 0.00740884
-1.875 0.0110418

-1.875 0.01083
-1.85938 0.0126864

-1.85938 0.0128781
-1.84375 0.0129983

2.73438 0.387098
2.75 0.387098

2.73438 0.394317
2.75 0.395042

1.46875 -0.0540541
1.48438 -0.0567017

1.48438 -0.0566893
1.5 -0.0591196

1 0.00475229
1.01562 0.00364389

1.01562 0.00363376
1.03125 0.00239215

1.03125 0.00238597
1.04688 0.00104376

1.04688 0.00107892
1.05817 0

2.74949 0.40625
2.75 0.406283

2.74981 0.4375
2.75 0.437689

-0.03125 0.0469812
-0.015625 0.0476183

2.77481 0
2.78125 0.00135623

-1.84375 0.0130748
-1.82812 0.0109226

-1.82812 0.0107724
-1.8125 0.00649504

-0.015625 0.0476344
0 0.0481623

2.78125 0.00126628
2.79688 0.00569385

2.79688 0.00561943
2.8125 0.0115041

2.8125 0.0114199
2.82104 0.015625

-1.8125 0.00627637
-1.79688 0.000611592

-1.79688 0.000707252
-1.79534 0

2.82112 0.015625
2.82812 0.0190755

2.82812 0.0190248
2.84375 0.028864

2.84375 0.0288948
2.84701 0.03125

2.8469 0.03125
2.85938 0.0410767

2.85938 0.0410134
2.86582 0.046875

2.86575 0.046875
2.875 0.0566306

2.875 0.0561105
2.88039 0.0625

2.88034 0.0625
2.89062 0.0776966

2.89049 0.078125
2.89062 0.0784005

2.89062 0.078473
2.89827 0.09375

2.89838 0.09375
2.90417 0.109375

2.90412 0.109375
2.90625 0.118396

2.90625 0.11862
2.90776 0.125

2.90769 0.125
2.90961 0.140625

-1.5 -0.0360418
-1.48438 -0.0358113

-1.48438 -0.0359013
-1.46875 -0.0347293

-1.46875 -0.034786
-1.45312 -0.0323792

-1.45312 -0.0322811
-1.44895 -0.03125

-1.44809 -0.03125
-1.4375 -0.0286355

-1.4375 -0.0285869
-1.42188 -0.0231509

-1.42188 -0.0227526
-1.40625 -0.0165067

-1.40625 -0.0161763
-1.40468 -0.015625

-1.40487 -0.015625
-1.39062 -0.0106333

-1.39062 -0.0104776
-1.375 -0.00688497

2.90955 0.140625
2.91002 0.15625

-1.375 -0.00684062
-1.35938 -0.00554247

-1.35938 -0.00562708
-1.34375 -0.0065429

-1.34375 -0.00664849
-1.32812 -0.00939786

-1.32812 -0.00949487
-1.3125 -0.0136726

2.91006 0.15625
2.90913 0.171875

2.90902 0.171875
2.90683 0.1875

2.90625 0.190813
2.90339 0.203125

2.90324 0.203125
2.89808 0.21875

-0.109375 0.796976
-0.109274 0.796875

2.89062 0.234003
2.89045 0.234375

2.89046 0.234375
2.88098 0.25

-1.29688 -0.0187054
-1.3074 -0.015625

-1.3125 -0.0140129
-1.30699 -0.015625

-1.29688 -0.0186515
-1.28125 -0.0228012

-1.28125 -0.022901
-1.26562 -0.0264551

2.89863 0.21875
2.89115 0.234375

2.90625 0.19084
2.90703 0.1875

-1.26562 -0.0267936
-1.25 -0.0288755

2.9375 0.246802
2.92782 0.25

3 0.155267
2.99947 0.15625

2.99404 0.15625
2.97684 0.1875

2.96875 0.214262
2.96608 0.21875

2.9375 0.246857
2.96167 0.21875

2.96875 0.212678
2.98371 0.1875

2.78125 0.359213
2.78115 0.359375

-1.25 -0.028729
-1.23438 -0.0289548

-1.23438 -0.0288254
-1.21875 -0.0277467

-1.21875 -0.027655
-1.20312 -0.0257139

-1.20312 -0.0256316
-1.1875 -0.0231763

2.78084 0.359375
2.78125 0.362753

2.79688 0.342882
2.79638 0.34375

2.8125 0.319967
2.8064 0.328125

2.80568 0.328125
2.79712 0.34375

2.79601 0.34375
2.79009 0.359375

2.78125 0.35964
2.79122 0.375

-1.1875 -0.0232065
-1.17188 -0.0203412

-1.17188 -0.02036
-1.15625 -0.0169865

2.79688 0.371063
2.8125 0.365951

2.82812 0.301772
2.81827 0.3125

-1.15625 -0.0168472
-1.15109 -0.015625

-1.1509 -0.015625
-1.14062 -0.0131923

2.84375 0.288447
2.83401 0.296875

2.82812 0.301527
2.83309 0.296875

2.85938 0.275218
2.85259 0.28125

2.875 0.259048
2.86974 0.265625

2.85938 0.275403
2.8692 0.265625

2.84375 0.288763
2.85267 0.28125

-1.14062 -0.0131446
-1.125 -0.00940934

2.875 0.309752
2.87219 0.3125

2.8125 0.32059
2.81861 0.3125

2.84375 0.336796
2.83538 0.34375

2.8125 0.358008
2.84375 0.344007

-1.125 -0.00944789
-1.10938 -0.00566468

-1.10938 -0.00570898
-1.09375 -0.00171213

2.84375 0.337007
2.87349 0.3125

2.77695 0.375
2.78125 0.377839

2.75 0.408965
2.7536 0.40625

2.79991 0.375
2.8125 0.376813

2.75 0.437695
2.75027 0.4375

2.875 0.259353
2.88183 0.25

-1.09375 -0.00167893
-1.08781 0

2.90625 0.277566
2.90234 0.28125

2.875 0.309088
2.90528 0.28125

2.90625 0.280901
2.93569 0.25

3 -0.250123
3.00067 -0.25

3 -0.231847
3.00043 -0.25

3 -0.0699072
3.03125 -0.0644366

3.03125 -0.063855
3.03176 -0.0625

3 -0.0523468
3.03125 -0.0613919

3.03125 -0.0172852
3.02276 0

3.03125 -0.0326853
3.03133 -0.03125

3.0625 -0.00461685
3.04007 0

-1.08727 0
-1.07812 0.00258474

-1.07812 0.00235677
-1.0625 0.00788072

3.125 -0.000670044
3.12059 0

3.5 -0.000937245
3.4705 0

3.03125 0.0239092
3.02751 0.03125

3.02947 0.03125
3.02391 0.0625

3.03125 0.0172314
3.05508 0

-1.0625 0.00765575
-1.04688 0.0153149

-1.04688 0.0155648
-1.04677 0.015625

3.02821 0.0625
3.02429 0.09375

3.02317 0.09375
3.01453 0.125

-1.04603 0.015625
-1.03125 0.0257994

-1.03125 0.0260181
-1.02516 0.03125

-1.02449 0.03125
-1.01562 0.0410064

-1.01562 0.0406227
-1.01089 0.046875

3.0625 0.0154532
3.10652 0

3 0.159037
3.01663 0.125

-1.00884 0.046875
-1.00494 0.0625

-1.03125 0.0814151
-1.04526 0.09375

3.125 0.0093492
3.2094 0

3.25 0.00408131
3.37144 0

4 -0.002759
3.70061 0

3.5 0.000542125
3.55839 0

-1.04688 0.0970676
-1.05262 0.109375

-1.05065 0.109375
-1.05211 0.125

-1.04688 0.0968946
-1.04526 0.09375

-1.03125 0.0835394
-1.02274 0.078125

-1.00391 0.0625
-1.01535 0.078125

-1.05653 0.125
-1.04748 0.140625

-1.04717 0.140625
-1.04688 0.140849

-1.04688 0.139098
-1.04476 0.140625

-1.04435 0.140625
-1.03125 0.14544

-1.01562 0.140274
-1.01975 0.140625

-1.03125 0.142328
-1.01562 0.141001

-1.01562 0.140104
-1 0.139669

