-4 -0.00403763
-3.65278 0

-3.54135 0
-3.5 0.000480773

-3.5 -0.00299321
-3.42382 0

-3.25 -0.00451745
-3.21287 0

-3.125 -0.00621854
-3.0994 0

-3.0625 -0.00171272
-3.05781 0

-3.38651 0
-3.25 0.00543477

-3.2047 0
-3.125 0.0106072

-3.10026 0
-3.0625 0.0170394

-3.0625 0.00107511
-3.03125 0.0259529

-3.03489 0.03125
-3.03125 0.0397801

-3.03125 0.0295943
-3.01684 0.03125

-3.03125 0.0437118
-3.02335 0.0625

-3.03293 0.0625
-3.03125 0.0836448

-3.03382 0.09375
-3.03125 0.103621

-3.03125 0.0628499
-3.02287 0.09375

-3.03125 0.10212
-3.01144 0.125

-3.02544 0.125
-3 0.153053

-3 -0.0957814
-2.96875 -0.096084

-2.98438 -0.0891696
-2.98838 -0.078125

-2.98438 -0.0712143
-2.98469 -0.0625

-2.98438 -0.0894337
-2.96875 -0.0866476

-2.96986 -0.078125
-2.96875 -0.0779697

-2.96875 -0.0767109
-2.96759 -0.0625

-2.98621 -0.0625
-2.98438 -0.0586748

-2.98467 -0.046875
-2.98549 -0.03125

-2.98438 -0.0502086
-2.96875 -0.0503309

-2.98438 -0.0241943
-2.98873 -0.015625

-2.98479 -0.015625
-2.98615 0

-2.98438 -0.0230297
-2.96882 -0.03125

-2.98438 -0.0127487
-2.98304 -0.015625

-2.96875 -0.0586734
-2.96677 -0.0625

-1 -0.133859
-0.984375 -0.134609

-0.984375 -0.134564
-0.96875 -0.134961

-0.96875 -0.134919
-0.953125 -0.135138

-0.953125 -0.135104
-0.9375 -0.135298

-2.96875 -0.0240091
-2.95424 -0.015625

-2.95399 -0.015625
-2.95312 -0.0151351

-2.95232 -0.015625
-2.9375 -0.00159337

-0.9375 -0.135293
-0.921875 -0.135538

-2.9375 -0.00122334
-2.93653 0

-0.921875 -0.135569
-0.90625 -0.135811

-0.90625 -0.135719
-0.890625 -0.136078

-0.890625 -0.135909
-0.875 -0.136905

-0.875 -0.137077
-0.859375 -0.138703

-0.859375 -0.139022
-0.84375 -0.140296

-0.84375 -0.140276
-0.828125 -0.1406

-0.828125 -0.140528
-0.8125 -0.140084

-0.8125 -0.140128
-0.796875 -0.138975

-0.796875 -0.138937
-0.78125 -0.137062

-0.78125 -0.136756
-0.765625 -0.134847

-0.765625 -0.134442
-0.75 -0.133921

-2.5 -0.00059424
-2.50296 0

-2.98466 0
-2.98474 0.015625

-2.98582 0.015625
-2.98597 0.03125

-2.98397 0
-2.9838 0.015625

-2.98364 0.015625
-2.98378 0.03125

-2.98515 0.03125
-2.98449 0.046875

-2.98432 0.03125
-2.98379 0.046875

-0.75 -0.133947
-0.734375 -0.135572

-0.734375 -0.13602
-0.71875 -0.138842

-0.703125 -0.142049
-0.711486 -0.140625

-2.9843 0.046875
-2.98405 0.0625

-2.98397 0.0625
-2.98404 0.078125

-2.98438 0.0825892
-2.98396 0.078125

-2.98415 0.09375
-2.99505 0.125

-2.9375 0.00332917
-2.92354 0.015625

-2.92483 0.015625
-2.92188 0.0173906

-2.92188 0.0172973
-2.90625 0.0198025

-2.89062 0.0121669
-2.9045 0.015625

-2.90625 0.0187068
-2.89388 0.015625

-2.89062 0.0115766
-2.875 0.00995021

-0.71875 -0.138836
-0.708245 -0.140625

-2.99331 0.125
-2.98818 0.15625

-3 0.173316
-2.97057 0.1875

-2.96875 0.151362
-2.96255 0.15625

1.5 0.0738192
1.51562 0.0745956

1.51562 0.0746404
1.53125 0.0755336

1.53125 0.0755599
1.54688 0.076428

1.54688 0.0764429
1.5625 0.0772035

1.5625 0.0771976
1.57812 0.0778328

1.57812 0.0778239
1.58688 0.078125

1.58681 0.078125
1.59375 0.0783638

1.59375 0.0783519
1.60938 0.0788275

1.60938 0.0788157
1.625 0.0792738

-2.96875 0.160234
-2.96313 0.171875

0 -0.0767027
0.015625 -0.0724154

0.015625 -0.0723567
0.03125 -0.0689118

1.625 0.0792757
1.64062 0.0797358

0.03125 -0.068826
0.046875 -0.0665126

-0.703125 -0.141822
-0.6875 -0.143684

0.046875 -0.0667879
0.0625 -0.0652269

1.64062 0.079732
1.65625 0.0801977

0.0625 -0.065315
0.078125 -0.0637798

0.078125 -0.0636143
0.0911114 -0.0625

0.0906612 -0.0625
0.09375 -0.062235

0.09375 -0.0622046
0.109375 -0.0615274

0.109375 -0.0616201
0.125 -0.0615449

0.125 -0.0616933
0.140625 -0.0617381

0.140625 -0.0617297
0.15625 -0.0616145

0.15625 -0.0615881
0.171875 -0.0613827

0.171875 -0.0613845
0.1875 -0.0611383

-2.96337 0.171875
-2.9674 0.1875

-2.98485 0.1875
-2.96875 0.198813

-2.9375 0.192494
-2.96533 0.21875

-2.94135 0.21875
-2.94578 0.25

-2.9375 0.202137
-2.93587 0.203125

0.1875 -0.0611879
0.203125 -0.0607983

0.203125 -0.0608491
0.21875 -0.0601153

0.21875 -0.0601319
0.234375 -0.0589193

0.234375 -0.058884
0.25 -0.05723

0.25 -0.057157
0.265625 -0.0552783

0.265625 -0.0552047
0.28125 -0.0533946

0.28125 -0.053363
0.296875 -0.051832

0.296875 -0.0518577
0.3125 -0.0506177

1.65625 0.0801973
1.67188 0.080677

1.67188 0.0807391
1.6875 0.0811097

1.6875 0.0811134
1.70312 0.0812435

1.70312 0.0812968
1.71875 0.0810721

1.71875 0.0814069
1.73438 0.0800511

1.75 0.0767856
1.74237 0.078125

1.73438 0.080049
1.74534 0.078125

-0.6875 -0.143618
-0.671875 -0.144637

-0.671875 -0.144609
-0.65625 -0.144976

-0.65625 -0.144926
-0.640625 -0.144799

-0.640625 -0.144764
-0.625 -0.144313

-0.625 -0.144289
-0.609375 -0.143634

-0.609375 -0.143624
-0.59375 -0.142834

-0.59375 -0.142823
-0.578125 -0.141939

-0.578125 -0.142109
-0.5625 -0.140815

-0.5625 -0.141142
-0.559815 -0.140625

-0.558811 -0.140625
-0.546875 -0.138328

-0.546875 -0.138197
-0.53125 -0.132701

-0.53125 -0.131191
-0.515625 -0.126412

-0.515625 -0.12628
-0.5 -0.125501

1.75 0.0766098
1.76562 0.0738766

1.76562 0.0737495
1.78125 0.0722634

1.78125 0.0723374
1.79688 0.0722046

1.79688 0.0723351
1.8125 0.0731467

0.3125 -0.0506876
0.328125 -0.0495472

0.328125 -0.0496249
0.34375 -0.0482887

0.34375 -0.0483047
0.35684 -0.046875

0.356496 -0.046875
0.359375 -0.0465605

0.359375 -0.0465637
0.375 -0.0445236

1.8125 0.0732265
1.82812 0.0745618

0.375 -0.0444971
0.390625 -0.0422322

-2.93292 0.203125
-2.92188 0.213339

-0.5 -0.126735
-0.484375 -0.12775

-0.484375 -0.127759
-0.46875 -0.128084

-0.46875 -0.127607
-0.453125 -0.128178

-0.453125 -0.128296
-0.4375 -0.12983

-0.4375 -0.130262
-0.421875 -0.131658

0.390625 -0.0422142
0.40625 -0.0398134

1.82812 0.0745945
1.84375 0.0762286

0.40625 -0.0398358
0.421875 -0.0372902

0.421875 -0.0373207
0.4375 -0.0345247

-0.421875 -0.131399
-0.40625 -0.132311

0.4375 -0.0344705
0.453125 -0.0314715

0.453125 -0.0314317
0.454081 -0.03125

0.45396 -0.03125
0.46875 -0.0284377

0.46875 -0.0285255
0.484375 -0.025532

0.484375 -0.025575
0.5 -0.0223001

-2.92188 0.218579
-2.92176 0.21875

-2.92536 0.21875
-2.90625 0.237027

-2.90625 0.249663
-2.90614 0.25

1.84375 0.0762834
1.85938 0.0780409

1.85938 0.0780816
1.85978 0.078125

1.85978 0.078125
1.875 0.0797724

-0.40625 -0.132365
-0.390625 -0.133202

-0.390625 -0.133388
-0.375 -0.13367

-2.875 0.0108319
-2.85938 0.0132804

-0.375 -0.133408
-0.359375 -0.13329

-0.359375 -0.133472
-0.34375 -0.133113

-2.85938 0.014401
-2.85175 0.015625

1.875 0.0797839
1.89062 0.0813066

-0.34375 -0.133053
-0.328125 -0.13221

-0.328125 -0.132164
-0.3125 -0.13105

1.89062 0.0812637
1.90625 0.0826803

1.90625 0.0825458
1.92188 0.0842109

1.92188 0.0841155
1.9375 0.086489

0.5 -0.0222991
0.515625 -0.0186589

-0.3125 -0.130996
-0.296875 -0.129812

-0.296875 -0.129859
-0.28125 -0.128618

0.515625 -0.0185375
0.527765 -0.015625

1.9375 0.0865801
1.95312 0.0896708

0.527657 -0.015625
0.53125 -0.014763

1.95312 0.0899133
1.96875 0.0930539

-0.28125 -0.128721
-0.265625 -0.127123

-0.265625 -0.127021
-0.25 -0.125071

1.96875 0.0933036
1.97196 0.09375

0.53125 -0.0147292
0.546875 -0.0112339

0.546875 -0.0112732
0.5625 -0.00806014

1.97182 0.09375
1.98438 0.0954985

1.98438 0.0958824
2 0.0957884

-0.250759 -0.125
-0.25 -0.124905

-0.25 -0.125045
-0.24959 -0.125

0.5625 -0.00815672
0.578125 -0.00495405

0.578125 -0.00516247
0.59375 -0.00136021

0.59375 -0.00132662
0.598578 0

-0.25 -0.124877
-0.234375 -0.123165

-0.234375 -0.123094
-0.21875 -0.122147

-0.21875 -0.122253
-0.203125 -0.122003

-0.203125 -0.122185
-0.1875 -0.122056

-0.1875 -0.122213
-0.171875 -0.121525

-0.171875 -0.121503
-0.15625 -0.119987

-0.15625 -0.119922
-0.140625 -0.117749

-0.140625 -0.117778
-0.125 -0.11502

-0.125 -0.115117
-0.109375 -0.11152

-2.85181 0.015625
-2.84375 0.0169194

-2.84375 0.0170388
-2.82812 0.0171088

0.597433 0
0.609375 0.00328166

0.609375 0.00320949
0.625 0.00744242

0.625 0.00730634
0.640625 0.0117237

0.640625 0.0119227
0.653096 0.015625

0.655075 0.015625
0.65625 0.0159739

-2.8125 0.0147445
-2.81992 0.015625

-2.82812 0.0168189
-2.81807 0.015625

-2.8125 0.0144124
-2.79688 0.0123168

-2.79688 0.0122434
-2.78125 0.0109747

-2.78125 0.0110112
-2.76562 0.0106432

-2.76562 0.010783
-2.75 0.0109631

-2.96026 0.25
-2.9375 0.275113

-2.9375 0.274739
-2.90625 0.265946

-2.90625 0.251118
-2.90608 0.25

-2.89214 0.265625
-2.90396 0.28125

-2.75 0.0110312
-2.73438 0.0113434

-2.73438 0.0113613
-2.71875 0.0116335

0.65625 0.0162539
0.671875 0.0213311

-2.71875 0.0115919
-2.70312 0.0118714

-2.70312 0.0119024
-2.6875 0.0122104

0.671875 0.0213561
0.6875 0.0272739

-0.109375 -0.111373
-0.102026 -0.109375

-0.102326 -0.109375
-0.09375 -0.107044

-0.09375 -0.107078
-0.078125 -0.102569

-0.078125 -0.102764
-0.0625 -0.0976094

-0.0625 -0.0975946
-0.0523169 -0.09375

-0.053233 -0.09375
-0.046875 -0.0913495

2.01562 0.0925888
2.0107 0.09375

-2.6875 0.0122467
-2.67188 0.0124484

-2.67188 0.0124953
-2.65625 0.0124242

-2.65625 0.0124023
-2.64062 0.0120084

2.01562 0.0919195
2.03125 0.085011

-0.046875 -0.0911508
-0.03125 -0.0856258

0.6875 0.0274425
0.697597 0.03125

-2.64062 0.0119732
-2.625 0.0113708

2 0.0959416
2.00929 0.09375

-0.03125 -0.0857594
-0.015625 -0.0811697

0.696025 0.03125
0.703125 0.0339273

0.703125 0.0344533
0.71875 0.0377449

0.71875 0.0370836
0.734375 0.0373389

0.734375 0.0369674
0.75 0.0362517

-0.015625 -0.0816072
-0.00340582 -0.078125

-2.625 0.0113166
-2.60938 0.0106846

-2.60938 0.0106855
-2.59375 0.0101301

2.04688 0.0758392
2.04258 0.078125

-0.00551902 -0.078125
0 -0.0765522

2.03125 0.0846872
2.04359 0.078125

-2.59375 0.0101699
-2.57812 0.00960966

-2.57812 0.00968636
-2.5625 0.00888839

-2.5625 0.00894897
-2.54688 0.00763872

-2.54688 0.00766254
-2.53125 0.00567118

0.75 0.0361161
0.765625 0.0354434

2.04688 0.0753983
2.0625 0.0682961

0.765625 0.0353706
0.78125 0.0351576

0.78125 0.0350161
0.796875 0.0356912

2.0625 0.0678334
2.07812 0.0645615

0.796875 0.0356814
0.8125 0.037547

2.07812 0.0645972
2.09375 0.0660096

2.09375 0.0677102
2.10938 0.0703344

2.10938 0.0710538
2.125 0.07005

0.8125 0.0376788
0.828125 0.0404909

0.828125 0.0405267
0.84375 0.0439505

0.84375 0.0445371
0.856348 0.046875

0.859375 0.0470334
0.875 0.0490422

-2.53125 0.00565547
-2.51562 0.0029668

-2.51562 0.00290801
-2.50116 0

2.15625 0.0526546
2.14434 0.0625

2.17188 0.0285918
2.1696 0.03125

2.17188 0.0289477
2.1875 0.0161837

2.17188 0.0313205
2.15918 0.046875

0.875 0.0493381
0.890625 0.0505622

-2.5 -0.000597893
-2.48438 -0.00334792

-2.48438 -0.00331013
-2.46875 -0.00511093

0.890625 0.0503886
0.90625 0.0505837

0.90625 0.0506108
0.921875 0.0500696

0.921875 0.0500551
0.9375 0.0487525

-2.46875 -0.00504926
-2.45312 -0.00609975

0.9375 0.048187
0.953125 0.0472832

-2.45312 -0.00596313
-2.4375 -0.00665994

2.15625 0.0516991
2.16033 0.046875

0.953125 0.0470131
0.96875 0.0481794

-2.4375 -0.00656306
-2.42188 -0.00737319

0.96875 0.0484464
0.984375 0.0516889

2.125 0.0698337
2.14062 0.0641958

0.984375 0.0518905
1 0.0562722

2.14062 0.0657129
2.14577 0.0625

2.20312 0.0122907
2.19301 0.015625

2.1875 0.0173551
2.19275 0.015625

2.20312 0.0126619
2.21875 0.0118572

-2.42188 -0.00733212
-2.40625 -0.00853146

-2.40625 -0.00839974
-2.39062 -0.0103339

-2.39062 -0.0106252
-2.375 -0.0129749

2.21875 0.0121183
2.23438 0.0143361

2.23438 0.0147391
2.23866 0.015625

-2.35938 -0.0165503
-2.36363 -0.015625

-2.375 -0.0122407
-2.35944 -0.015625

-2.35938 -0.0163551
-2.34375 -0.020843

-2.35938 -0.0156088
-2.35932 -0.015625

-2.34375 -0.0208366
-2.32812 -0.0252477

-2.32812 -0.0251267
-2.3125 -0.0297157

2.23657 0.015625
2.25 0.0183984

-2.29688 -0.0345226
-2.30851 -0.03125

-2.29688 -0.0344981
-2.28125 -0.0379215

-2.3125 -0.029772
-2.30724 -0.03125

-2.28125 -0.0375113
-2.26562 -0.0406223

-2.26562 -0.0403387
-2.25 -0.0445249

2.25 0.0182427
2.26562 0.0211207

2.26562 0.0211115
2.28125 0.0237904

-2.20312 -0.0630141
-2.20445 -0.0625

-2.20312 -0.063355
-2.1875 -0.0688016

-2.23438 -0.0506374
-2.24458 -0.046875

-2.25 -0.0441078
-2.24249 -0.046875

-2.23438 -0.0508208
-2.21875 -0.0570762

-2.21875 -0.0569147
-2.20436 -0.0625

2.28125 0.0237638
2.29688 0.026315

2.29688 0.0263344
2.3125 0.0287723

2.3125 0.0288014
2.32812 0.031029

2.32812 0.0311912
2.3287 0.03125

-2.1875 -0.0686549
-2.17188 -0.0730311

-2.17188 -0.0728625
-2.15625 -0.0767988

-2.14062 -0.0807725
-2.15066 -0.078125

-2.15625 -0.076663
-2.15071 -0.078125

2.32858 0.03125
2.34375 0.0328154

2.34375 0.0325744
2.35938 0.0337071

2.35938 0.0336669
2.375 0.0348812

-2.14062 -0.0808052
-2.125 -0.0853517

-2.01562 -0.132706
-2.02806 -0.125

-2 -0.144141
-2.00497 -0.140625

-2.01562 -0.132816
-2.00464 -0.140625

2.375 0.0347965
2.39062 0.0363422

1 0.0566129
1.01562 0.0610493

2.39062 0.0362374
2.40625 0.0384935

2.40625 0.0384131
2.42188 0.0417501

-2.09375 -0.0957773
-2.09942 -0.09375

-2.125 -0.0853394
-2.10938 -0.090278

-2.10938 -0.0901463
-2.0993 -0.09375

-2.09375 -0.0959788
-2.07812 -0.101991

-2.07812 -0.101809
-2.0625 -0.108151

2.42188 0.0417743
2.4375 0.0463023

-2.04688 -0.115204
-2.05981 -0.109375

2.43714 0.046875
2.4375 0.04698

2.4375 0.046958
2.45312 0.0513172

-2.0625 -0.108088
-2.05964 -0.109375

-2.04688 -0.115017
-2.03125 -0.123112

-2.03125 -0.12303
-2.02798 -0.125

2.45312 0.0508002
2.46875 0.0547159

2.46875 0.0546841
2.48438 0.0592538

2.48438 0.0595804
2.49481 0.0625

1.01562 0.0615245
1.02058 0.0625

2.49355 0.0625
2.5 0.0643048

1.02141 0.0625
1.03125 0.0644346

1.03125 0.0642819
1.04688 0.0656731

1.04688 0.065065
1.0625 0.0664078

-2.20312 0.0782706
-2.20298 0.078125

-2.20312 0.109587
-2.20291 0.109375

1.0625 0.0665649
1.07812 0.0687609

1.07812 0.069207
1.09375 0.0710501

1.09375 0.0709129
1.10938 0.0717855

1.10938 0.071723
1.125 0.0720242

1.125 0.0718836
1.14062 0.0720194

1.14062 0.071921
1.15625 0.0723696

1.15625 0.0724748
1.17188 0.0732226

1.17188 0.0732021
1.1875 0.0740797

2.96875 -0.218757
3 -0.218786

2.96875 -0.218701
3 -0.218661

1.1875 0.074142
1.20312 0.0750657

3 -0.093777
2.99982 -0.09375

2.98438 -0.0795716
2.9837 -0.078125

2.98436 -0.078125
2.98438 -0.0780726

2.98438 -0.0802074
3 -0.085806

1.20312 0.0750544
1.21875 0.0759224

1.21875 0.0758952
1.23438 0.0767846

1.23438 0.0767813
1.25 0.0777531

-1.96875 -0.157244
-1.9797 -0.15625

-2 -0.145586
-1.98438 -0.154556

-1.98438 -0.15546
-1.97568 -0.15625

-1.96875 -0.157403
-1.96604 -0.15625

2.98438 -0.0741619
3 -0.0649343

1.25 0.0777578
1.25543 0.078125

-1.96807 -0.15625
-1.95312 -0.149053

1.25549 0.078125
1.26562 0.0788104

2.99789 -0.0625
3 -0.0622315

1.26562 0.0788309
1.28125 0.07993

1.28125 0.0799348
1.29688 0.0810286

2.5 0.0641074
2.51562 0.0673114

2.51562 0.0670603
2.53125 0.0695508

-1.95312 -0.148241
-1.94294 -0.140625

-1.94607 -0.140625
-1.9375 -0.134133

1.29688 0.0810573
1.3125 0.0820787

2.53125 0.0695692
2.54688 0.0718114

1.3125 0.0821344
1.32812 0.0829144

1.32812 0.0830463
1.34375 0.0832099

-1.9375 -0.133772
-1.92188 -0.125316

-1.92188 -0.125052
-1.92127 -0.125

2.54688 0.0718875
2.5625 0.0736926

1.34375 0.0832271
1.35938 0.0824762

-1.90625 -0.125966
-1.89062 -0.127931

1.35938 0.0823213
1.375 0.080931

2.5625 0.0735869
2.57812 0.0750143

2.57812 0.07469
2.59375 0.0765994

1.375 0.0810409
1.39062 0.0791013

1.40625 0.0765156
1.39519 0.078125

1.39062 0.0790583
1.39704 0.078125

1.40625 0.0764489
1.42188 0.0745982

1.42188 0.0745976
1.4375 0.0734937

1.4375 0.0735512
1.45312 0.0730801

-1.89062 -0.128526
-1.875 -0.128161

-1.9211 -0.125
-1.90625 -0.123767

2.59375 0.0763986
2.60267 0.078125

-1.875 -0.127955
-1.86001 -0.125

1.45312 0.0731363
1.46875 0.0730707

2.6005 0.078125
2.60938 0.0798414

-1.865 -0.125
-1.85938 -0.123891

-1.85938 -0.124327
-1.84375 -0.120035

2.60938 0.079903
2.625 0.0834768

-1.84375 -0.119668
-1.82812 -0.1156

-1.82812 -0.115618
-1.8125 -0.112474

1.46875 0.0730768
1.48438 0.0732922

1.48438 0.0732785
1.5 0.07379

-1.8125 -0.112587
-1.79688 -0.110108

-1.79688 -0.110189
-1.78952 -0.109375

-1.79287 -0.109375
-1.78125 -0.10809

2.625 0.0834832
2.64062 0.0870506

2.64062 0.0871414
2.65625 0.0905077

-1.78125 -0.108449
-1.76562 -0.107332

-1.76562 -0.107361
-1.75 -0.106349

2.65625 0.0906414
2.67188 0.0933575

2.67188 0.0935622
2.67399 0.09375

-1.75 -0.106365
-1.73438 -0.105366

-1.73438 -0.105354
-1.71875 -0.104363

-1.71875 -0.104284
-1.70312 -0.103481

2.67398 0.09375
2.6875 0.0949508

2.6875 0.0947807
2.70312 0.0947698

2.70312 0.0945425
2.71875 0.09394

2.73438 0.0933237
2.72048 0.09375

2.73438 0.0932109
2.75 0.0933542

2.71875 0.093847
2.72191 0.09375

-1.70312 -0.103515
-1.6875 -0.102992

-1.6875 -0.102988
-1.67188 -0.102684

-1.67188 -0.102438
-1.65625 -0.102853

-1.65625 -0.103017
-1.64062 -0.104316

-1.64062 -0.103761
-1.625 -0.106727

2.75 0.0932674
2.75633 0.09375

2.75646 0.09375
2.76562 0.0944482

2.76562 0.094479
2.78125 0.096848

-1.60938 -0.113038
-1.62004 -0.109375

-1.625 -0.106054
-1.61533 -0.109375

-1.60938 -0.113263
-1.59375 -0.118688

-1.59375 -0.118753
-1.57812 -0.122141

2.78125 0.0969428
2.79688 0.100247

2.79688 0.100416
2.8125 0.104128

2.8125 0.104355
2.82812 0.107684

2.82812 0.107904
2.83977 0.109375

2.83871 0.109375
2.84375 0.110011

-1.57812 -0.121926
-1.5625 -0.123579

-1.5625 -0.123417
-1.54688 -0.124091

-1.54688 -0.12399
-1.53125 -0.12421

2.84375 0.11
2.85938 0.109932

2.875 0.107861
2.86243 0.109375

-1.53125 -0.12417
-1.51562 -0.124218

-1.51562 -0.124149
-1.5 -0.124247

2.85938 0.109696
2.86204 0.109375

2.875 0.107599
2.89062 0.104805

2.89062 0.104428
2.90625 0.101986

2.90625 0.101417
2.92188 0.10122

2.92188 0.101461
2.9375 0.104165

2.98438 0.0127692
3 0.0127692

2.98438 0.0170054
3 0.0170054

2.9375 0.104009
2.95292 0.109375

2.95312 0.11047
2.96875 0.116904

2.96875 0.110248
2.99106 0.125

-1.46875 -0.125492
-1.47908 -0.125

2.90625 0.249899
2.90622 0.25

2.92188 0.215941
2.9375 0.21104

-1.46875 -0.125418
-1.45312 -0.126336

2.90625 0.245015
2.93009 0.21875

2.96875 0.158333
2.95939 0.171875

2.95789 0.171875
2.96158 0.1875

-1.45312 -0.126282
-1.4375 -0.127427

-1.4375 -0.127456
-1.42188 -0.128879

-1.42188 -0.128906
-1.40625 -0.130495

2.97517 0.125
2.99543 0.15625

2.96875 0.181191
2.99048 0.1875

2.96875 0.201071
2.95863 0.21875

-1.40625 -0.130496
-1.39062 -0.132195

-1.39062 -0.132179
-1.375 -0.134018

-1.5 -0.124184
-1.48438 -0.124594

2.94369 0.21875
2.96318 0.25

2.96875 0.203677
3 0.187963

2.96875 0.225297
2.96925 0.21875

-1.48438 -0.124535
-1.47462 -0.125

2.90603 0.25
2.90625 0.250615

2.90119 0.265625
2.90625 0.271129

2.90405 0.28125
2.90625 0.283465

2.90625 0.255821
2.9372 0.28125

-1.375 -0.133973
-1.35938 -0.136077

-1.35938 -0.136053
-1.34375 -0.13856

-1.32812 -0.141528
-1.33349 -0.140625

2.92669 0.28125
2.9375 0.284351

2.9375 0.278364
2.97345 0.25

-1.34375 -0.138651
-1.33201 -0.140625

-1.32812 -0.141779
-1.3125 -0.143347

-1.3125 -0.143395
-1.29688 -0.142952

3 -0.0943184
3.00097 -0.09375

3.0023 -0.09375
3.0024 -0.0625

3 -0.0615853
3.00177 -0.0625

-1.29688 -0.142689
-1.28125 -0.140666

-1.28125 -0.140655
-1.28108 -0.140625

-1.28125 -0.140481
-1.26562 -0.137772

-1.26562 -0.137476
-1.25 -0.135043

3.0625 -0.00615082
3.04489 0

-1.25 -0.135067
-1.23438 -0.133454

-1.23438 -0.133462
-1.21875 -0.132608

-1.21875 -0.132659
-1.20312 -0.132448

-1.20312 -0.132803
-1.1875 -0.132425

-1.1875 -0.132364
-1.17188 -0.13123

-1.17188 -0.131019
-1.15625 -0.129673

-1.15625 -0.12964
-1.14062 -0.128569

-1.14062 -0.128639
-1.125 -0.127771

3.125 -0.00463965
3.10022 0

3.25 -0.00341256
3.22065 0

3.5 -0.002705
3.43329 0

3.03125 0.0197707
3.02499 0.03125

3.0283 0.03125
3.02511 0.0625

-1.125 -0.127792
-1.10938 -0.126944

-1.10938 -0.126857
-1.09375 -0.126159

-1.09375 -0.126025
-1.07812 -0.125919

-1.07812 -0.125869
-1.0625 -0.126723

-1.0625 -0.126826
-1.04688 -0.128533

-1.04688 -0.128699
-1.03125 -0.13072

-1.03125 -0.130833
-1.01562 -0.132609

-1.01562 -0.132635
-1 -0.133891

3.03125 0.0170386
3.05318 0

3.02701 0.0625
3.02814 0.09375

3.03125 0.119782
3.02935 0.125

3.03125 0.116101
3.03346 0.09375

3.0625 0.0150294
3.09709 0

3 0.16615
3.03447 0.125

3 0.196708
3.00604 0.1875

3.125 0.0102982
3.19863 0

3.25 0.00462184
3.36238 0

4 -0.00467356
3.61247 0

3.5 0.000338785
3.52809 0

