-3.85048 0
-3.5 0.000724375

-3.46863 0
-3.25 0.00153268

-3.25 2.7213e-05
-3.125 0.00275552

-3.125 0.000587544
-3.0625 0.00476405

-3.0625 0.000582079
-3.03125 0.00720245

-3.03125 0.00174415
-3 0.0306538

-3.00413 0.03125
-3 0.0427699

1.60938 -0.126434
1.59604 -0.125

1.60938 -0.126452
1.625 -0.128179

1.5 -0.115089
1.51562 -0.116731

1.51562 -0.116731
1.53125 -0.118361

1.53125 -0.118361
1.54688 -0.119979

1.54688 -0.11998
1.5625 -0.121584

1.5625 -0.121584
1.57812 -0.123171

1.57812 -0.123153
1.59375 -0.124758

1.59375 -0.12471
1.59645 -0.125

0.046875 -0.000735444
0.0367356 0

0.046875 -0.000744753
0.0625 -0.00185751

-3 0.0441476
-2.99919 0.046875

1.625 -0.128181
1.64062 -0.129899

0.0625 -0.0018315
0.078125 -0.0029031

-2.99941 0.046875
-2.99758 0.0625

-2.99805 0.0625
-2.99757 0.078125

1.64062 -0.1299
1.65625 -0.131606

1.65625 -0.131607
1.67188 -0.133298

1.67188 -0.133298
1.6875 -0.134973

1.6875 -0.134973
1.70312 -0.136631

1.70312 -0.136631
1.71875 -0.138268

0.078125 -0.00290563
0.09375 -0.00398304

0.09375 -0.00398923
0.109375 -0.00505502

0.109375 -0.00505449
0.125 -0.00609735

-2.99983 0.078125
-2.99524 0.09375

0.125 -0.00609721
0.140625 -0.00711848

0.140625 -0.0071179
0.15625 -0.00811901

-2.99179 0.09375
-2.97912 0.125

0.15625 -0.00811917
0.171875 -0.00910095

-2.98269 0.125
-2.96875 0.152495

1.71875 -0.138261
1.73438 -0.139892

0.171875 -0.00910097
0.1875 -0.0100631

1.75 -0.141567
1.74128 -0.140625

-2.96875 0.141295
-2.95809 0.15625

-2.96042 0.15625
-2.95312 0.171381

-2.95424 0.171875
-2.95312 0.174048

-2.95312 0.175586
-2.94703 0.1875

0.1875 -0.010063
0.203125 -0.0110055

-2.94569 0.1875
-2.9375 0.199546

-2.93471 0.203125
-2.92235 0.21875

-2.92251 0.21875
-2.90625 0.238077

0.203125 -0.0110062
0.21875 -0.0119281

1.73438 -0.139852
1.74154 -0.140625

0.21875 -0.0119303
0.234375 -0.0128261

0.234375 -0.012828
0.25 -0.0136897

-2.90625 0.238946
-2.89645 0.25

-2.8949 0.25
-2.89062 0.254466

-2.89062 0.25603
-2.88081 0.265625

-2.88022 0.265625
-2.875 0.270439

0.25 -0.0136822
0.265625 -0.0145206

1.75 -0.14158
1.76562 -0.143321

0.265625 -0.0144851
0.28125 -0.0153865

0.296875 -0.0164393
0.284778 -0.015625

0.28125 -0.0153499
0.285336 -0.015625

0.296875 -0.0164735
0.3125 -0.0176051

1.76562 -0.143326
1.78125 -0.14506

0.3125 -0.0176081
0.328125 -0.0187267

0.328125 -0.0187248
0.34375 -0.0198284

0.34375 -0.0198282
0.359375 -0.0209208

0.359375 -0.0209211
0.375 -0.0220024

0.375 -0.0220028
0.390625 -0.0230713

0.390625 -0.0230709
0.40625 -0.0241265

0.40625 -0.0241268
0.421875 -0.0251699

0.421875 -0.02517
0.4375 -0.0261997

0.4375 -0.0261998
0.453125 -0.0272155

0.453125 -0.0272162
0.46875 -0.0282165

0.46875 -0.0282183
0.484375 -0.0291981

0.484375 -0.029197
0.5 -0.0301549

0 0.00238114
0.015625 0.00147198

0.015625 0.00148262
0.03125 0.000448451

0.03125 0.000468514
0.0377093 0

-1 0.0601303
-0.984375 0.0591914

-0.984375 0.0591916
-0.96875 0.0582571

-0.96875 0.0582573
-0.953125 0.0573264

-0.953125 0.0573268
-0.9375 0.0563986

-0.9375 0.056399
-0.921875 0.0554719

-0.921875 0.0554723
-0.90625 0.0545444

-2.875 0.27095
-2.86236 0.28125

-2.86198 0.28125
-2.85938 0.283242

1.78125 -0.145061
1.79688 -0.146776

-0.90625 0.0545449
-0.890625 0.0536144

0.53125 -0.0322208
0.517478 -0.03125

-0.890625 0.0536151
-0.875 0.0526797

-2.85938 0.283447
-2.84375 0.294308

1.79688 -0.146776
1.8125 -0.148469

0.5 -0.0301269
0.515625 -0.0311212

-2.84375 0.294845
-2.83989 0.296875

0.515625 -0.031079
0.51805 -0.03125

-0.875 0.0526805
-0.859375 0.0517373

-2.83993 0.296875
-2.82812 0.303087

-0.859375 0.0517381
-0.84375 0.0507841

1.8125 -0.14847
1.82812 -0.15014

-0.84375 0.0507847
-0.828125 0.049817

1.82812 -0.15014
1.84375 -0.151786

0.53125 -0.0322437
0.546875 -0.0334103

0.546875 -0.033413
0.5625 -0.0345825

-0.828125 0.0498177
-0.8125 0.0488337

-0.8125 0.0488328
-0.796875 0.047833

-0.78125 0.0468174
-0.782164 0.046875

-0.796875 0.047819
-0.781885 0.046875

-0.78125 0.046829
-0.765625 0.0459008

-0.765625 0.0459169
-0.75 0.0450228

-0.75 0.0450225
-0.734375 0.0441309

-0.734375 0.0441305
-0.71875 0.0432428

-0.71875 0.0432428
-0.703125 0.0423596

-0.703125 0.0423598
-0.6875 0.0414807

-2.82812 0.302841
-2.8125 0.307798

-2.8125 0.307712
-2.79688 0.310058

0.5625 -0.0345831
0.578125 -0.0357489

0.578125 -0.0357495
0.59375 -0.0369094

0.59375 -0.0369101
0.609375 -0.0380618

0.609375 -0.0380618
0.625 -0.039204

-2.79688 0.309872
-2.78125 0.310148

0.625 -0.0392041
0.640625 -0.0403369

-2.78125 0.310046
-2.76562 0.308829

1.84375 -0.151787
1.85938 -0.153406

-2.76562 0.30871
-2.75 0.306445

-0.6875 0.041481
-0.671875 0.0406051

-2.54688 0.246723
-2.5601 0.25

1.85938 -0.153406
1.875 -0.155

0.640625 -0.0403371
0.65625 -0.0414597

0.65625 -0.0414599
0.671875 -0.0425715

1.89062 -0.156602
1.88723 -0.15625

0.671875 -0.0425719
0.6875 -0.0436714

1.89062 -0.156607
1.90625 -0.158271

1.875 -0.154974
1.88732 -0.15625

1.90625 -0.158282
1.92188 -0.159942

1.92188 -0.159943
1.9375 -0.161575

1.9375 -0.161576
1.95312 -0.163178

1.95312 -0.163178
1.96875 -0.164748

1.96875 -0.164749
1.98438 -0.166285

0.6875 -0.0436728
0.703125 -0.0447566

0.703125 -0.0447557
0.71875 -0.0458226

0.734375 -0.0469072
0.733921 -0.046875

0.71875 -0.0457932
0.733974 -0.046875

0.734375 -0.0469077
0.75 -0.0481119

0.734375 -0.0468588
0.734585 -0.046875

-0.671875 0.0406056
-0.65625 0.0397313

1.98438 -0.166286
2 -0.167784

-0.65625 0.0397319
-0.640625 0.0388567

0.75 -0.0481317
0.765625 -0.0493818

-2.54688 0.246805
-2.53125 0.242848

0.765625 -0.0493835
0.78125 -0.0506365

-0.640625 0.0388574
-0.625 0.0379788

0.78125 -0.0506371
0.796875 -0.0518883

-0.625 0.0379798
-0.609375 0.0370945

-0.609375 0.0370961
-0.59375 0.0361988

-0.59375 0.0362008
-0.578125 0.0352845

0.796875 -0.051889
0.8125 -0.0531357

-0.578125 0.0352863
-0.5625 0.0343432

-0.5625 0.0343439
-0.546875 0.0333689

-0.546875 0.0333674
-0.53125 0.032362

0.8125 -0.0531362
0.828125 -0.054376

0.828125 -0.054376
0.84375 -0.0556082

0.84375 -0.0556085
0.859375 -0.0568325

-0.5 0.0303596
-0.514616 0.03125

-0.53125 0.032353
-0.515625 0.0313385

-0.515625 0.0313139
-0.514577 0.03125

0.859375 -0.0568328
0.875 -0.0580473

-2.53125 0.242864
-2.51562 0.238636

0.9375 -0.0628341
0.933286 -0.0625

0.875 -0.0580477
0.890625 -0.0592514

-2.5 0.234044
-2.50119 0.234375

-2.51562 0.238553
-2.50061 0.234375

-2.75 0.306434
-2.73438 0.303379

-2.73438 0.303351
-2.71875 0.299583

-2.70312 0.295262
-2.70932 0.296875

-2.71875 0.299448
-2.70886 0.296875

0.890625 -0.0592527
0.90625 -0.0604421

0.90625 -0.0604389
0.921875 -0.061618

0.921875 -0.0615831
0.933439 -0.0625

-2.70312 0.295411
-2.6875 0.291259

0.9375 -0.0628433
0.953125 -0.0641689

0.953125 -0.0641808
0.96875 -0.065533

-2.65625 0.278646
-2.66197 0.28125

0.96875 -0.065534
0.984375 -0.0668868

0.984375 -0.0668874
1 -0.0682374

-2.6875 0.291762
-2.67188 0.286368

-2.67188 0.286272
-2.66084 0.28125

-2.65625 0.278411
-2.64062 0.27129

-2.625 0.265375
-2.6257 0.265625

-2.64062 0.271102
-2.6253 0.265625

-2.60938 0.261615
-2.62451 0.265625

-2.625 0.265739
-2.62457 0.265625

-2.60938 0.261849
-2.59375 0.258208

-2.59375 0.258266
-2.57812 0.254537

-2.57812 0.254504
-2.5625 0.250635

-2.5625 0.250621
-2.56 0.25

-0.5 0.030389
-0.484375 0.0294952

-0.484375 0.029497
-0.46875 0.0285995

-0.46875 0.0285976
-0.453125 0.0276968

-0.453125 0.0276958
-0.4375 0.0267973

-0.4375 0.0267969
-0.421875 0.0259038

-0.421875 0.0259037
-0.40625 0.025017

-0.40625 0.0250168
-0.390625 0.0241372

-0.390625 0.0241369
-0.375 0.0232657

-0.375 0.0232653
-0.359375 0.0224038

-0.359375 0.0224044
-0.34375 0.0215524

-0.34375 0.0215529
-0.328125 0.0207082

-0.328125 0.0207092
-0.3125 0.0198686

-0.3125 0.0198722
-0.296875 0.0190264

-0.296875 0.0190349
-0.28125 0.0181595

-0.28125 0.0181719
-0.265625 0.0172251

-0.265625 0.0172314
-0.25 0.0161756

-2.5 0.234162
-2.48438 0.229951

-2.48438 0.229997
-2.46875 0.2259

-2.4375 0.217805
-2.44131 0.21875

-2.46875 0.225896
-2.45312 0.22183

-2.45312 0.221777
-2.44091 0.21875

-2.4375 0.217924
-2.42188 0.214314

-2.42188 0.214359
-2.40625 0.21084

-2.40625 0.210845
-2.39062 0.207315

-2.39062 0.207283
-2.375 0.203796

-2.35938 0.200454
-2.37204 0.203125

-2.375 0.20377
-2.37194 0.203125

-2.35938 0.200518
-2.34375 0.197381

-2.34375 0.197387
-2.32812 0.194275

-0.234375 0.0150214
-0.242933 0.015625

1 -0.0682383
1.01562 -0.0695829

1.01562 -0.0695828
1.03125 -0.0709203

-0.25 0.0161543
-0.242495 0.015625

-0.234375 0.0150076
-0.21875 0.0139909

-0.21875 0.0139948
-0.203125 0.0131118

1.03125 -0.0709207
1.04688 -0.0722506

1.04688 -0.0722509
1.0625 -0.0735718

1.0625 -0.0735722
1.07812 -0.0748829

1.07812 -0.0748841
1.09375 -0.0761811

-2.32812 0.194278
-2.3125 0.191172

-2.28125 0.185167
-2.29388 0.1875

-0.203125 0.0131351
-0.1875 0.0123311

1.09375 -0.076173
1.10938 -0.07747

-2.28125 0.18522
-2.26562 0.182472

-0.1875 0.0123483
-0.171875 0.011542

1.125 -0.0788231
1.11703 -0.078125

-2.26562 0.182477
-2.25 0.179758

-2.3125 0.191148
-2.29688 0.188092

-2.29688 0.188071
-2.29378 0.1875

2 -0.167785
2.01562 -0.169241

-0.171875 0.0115444
-0.15625 0.0106966

2.01562 -0.169242
2.03125 -0.17065

1.10938 -0.0774297
1.11731 -0.078125

-0.15625 0.0106913
-0.140625 0.00980785

1.125 -0.0788369
1.14062 -0.0802834

-2.25 0.17976
-2.23438 0.177056

1.14062 -0.0802897
1.15625 -0.0817489

-2.23438 0.177058
-2.21875 0.174361

-0.140625 0.00980243
-0.125 0.00890492

2.04688 -0.172027
2.04517 -0.171875

1.15625 -0.0817498
1.17188 -0.0832075

-2.20312 0.17165
-2.20447 0.171875

-0.125 0.00890139
-0.109375 0.00800767

2.03125 -0.170635
2.04522 -0.171875

-0.109375 0.00800461
-0.09375 0.00712787

2.04688 -0.17203
2.0625 -0.17341

-0.09375 0.0071253
-0.078125 0.00627682

2.0625 -0.17342
2.07812 -0.174758

-0.078125 0.00627548
-0.0625 0.00546305

1.17188 -0.0832082
1.1875 -0.0846613

-2.21875 0.174328
-2.20412 0.171875

-2.20312 0.171705
-2.1875 0.169234

1.1875 -0.0846617
1.20312 -0.0861081

-0.0625 0.00546447
-0.046875 0.0046879

2.07812 -0.174757
2.09375 -0.176036

-0.046875 0.00469377
-0.03125 0.00393846

2.09375 -0.176034
2.10938 -0.17726

-0.03125 0.00394862
-0.015625 0.00318249

-0.015625 0.00319361
0 0.00237411

1.20312 -0.0861082
1.21875 -0.0875469

1.21875 -0.0875473
1.23438 -0.0889772

1.23438 -0.0889777
1.25 -0.0903969

2.10938 -0.177257
2.125 -0.178442

-2.1875 0.169264
-2.17188 0.166881

-2.17188 0.166883
-2.15625 0.164525

-2.15625 0.164527
-2.14062 0.162185

-2.14062 0.162186
-2.125 0.159856

1.25 -0.090398
1.26562 -0.0918034

2.125 -0.178438
2.14062 -0.179596

2.14062 -0.179593
2.15625 -0.180738

2.15625 -0.180735
2.17188 -0.18188

2.17188 -0.181878
2.1875 -0.183031

-2.09375 0.155262
-2.10071 0.15625

-2.125 0.159853
-2.10938 0.157537

-2.10938 0.157513
-2.10047 0.15625

-2.09375 0.155309
-2.07812 0.15321

2.25 -0.187814
2.24606 -0.1875

2.1875 -0.18303
2.20312 -0.184197

1.26562 -0.0917925
1.28125 -0.0932041

1.29688 -0.0946797
1.28711 -0.09375

1.29688 -0.0946956
1.3125 -0.0962536

2.20312 -0.184197
2.21875 -0.18538

2.21875 -0.18538
2.23438 -0.186579

2.23438 -0.186564
2.24614 -0.1875

1.28125 -0.0931609
1.28744 -0.09375

1.3125 -0.0962578
1.32812 -0.097822

1.32812 -0.0978227
1.34375 -0.0993831

1.34375 -0.0993839
1.35938 -0.100937

1.35938 -0.100938
1.375 -0.102482

2.25 -0.187819
2.26562 -0.189116

1.375 -0.102483
1.39062 -0.104018

2.26562 -0.189124
2.28125 -0.190441

2.28125 -0.190442
2.29688 -0.191763

1.39062 -0.104019
1.40625 -0.105543

1.40625 -0.105544
1.42188 -0.107054

1.42188 -0.107047
1.4375 -0.108554

2.29688 -0.191761
2.3125 -0.193086

2.3125 -0.19308
2.32812 -0.194424

2.32812 -0.194416
2.34375 -0.195806

1.45312 -0.110111
1.44582 -0.109375

1.4375 -0.108514
1.44605 -0.109375

1.45312 -0.110124
1.46875 -0.111772

2.34375 -0.1958
2.35938 -0.197265

2.35938 -0.197265
2.375 -0.198815

1.46875 -0.111779
1.48438 -0.113436

2.375 -0.198826
2.39062 -0.200442

-2.07812 0.15322
-2.0625 0.151165

-2.0625 0.151167
-2.04688 0.149133

2.39062 -0.200454
2.40625 -0.20209

2.42188 -0.203735
2.41605 -0.203125

2.40625 -0.202082
2.41621 -0.203125

1.48438 -0.113437
1.5 -0.115088

-2.04688 0.149134
-2.03125 0.147115

-2.03125 0.147117
-2.01562 0.145109

2.42188 -0.203748
2.4375 -0.205341

2.4375 -0.205343
2.45312 -0.206843

2.45312 -0.206826
2.46875 -0.208262

2.46875 -0.20825
2.48438 -0.209681

-2.01562 0.14511
-2 0.143109

2.48438 -0.209668
2.5 -0.211147

2.5 -0.21115
2.51562 -0.212698

2.51562 -0.212704
2.53125 -0.214305

2.53125 -0.214336
2.54688 -0.215915

2.54688 -0.215942
2.5625 -0.217382

2.59375 -0.219541
2.58101 -0.21875

2.5625 -0.217408
2.57812 -0.218603

2.57812 -0.21855
2.58134 -0.21875

2.59375 -0.219505
2.60938 -0.220386

2.60938 -0.22036
2.625 -0.221267

2.625 -0.221299
2.64062 -0.222222

2.64062 -0.222144
2.65625 -0.223174

2.65625 -0.223068
2.67188 -0.224576

2.67188 -0.224588
2.6875 -0.226759

2.6875 -0.226943
2.70312 -0.229386

2.70312 -0.229479
2.71875 -0.231641

-2 0.143098
-1.98438 0.141126

-1.96875 0.139222
-1.98043 0.140625

-1.98438 0.141113
-1.98031 0.140625

2.71875 -0.23166
2.73438 -0.233317

2.75 -0.234481
2.74865 -0.234375

2.73438 -0.233262
2.74856 -0.234375

-1.96875 0.139253
-1.95312 0.13746

-1.95312 0.137462
-1.9375 0.135693

-1.9375 0.135694
-1.92188 0.133943

-1.92188 0.133944
-1.90625 0.132206

-1.90625 0.132207
-1.89062 0.130479

-1.89062 0.13048
-1.875 0.128759

-1.82812 0.123711
-1.84062 0.125

-1.82812 0.123735
-1.8125 0.12219

-1.8125 0.122191
-1.79688 0.120664

-1.79688 0.120665
-1.78125 0.119153

2.75 -0.234451
2.76562 -0.235433

2.76562 -0.235372
2.78125 -0.236306

-1.78125 0.119154
-1.76562 0.117654

-1.76562 0.117654
-1.75 0.116163

-1.875 0.12876
-1.85938 0.127043

2.78125 -0.236329
2.79688 -0.23729

2.79688 -0.237305
2.8125 -0.238217

2.8125 -0.238354
2.82812 -0.238911

2.82812 -0.238974
2.84375 -0.238778

-1.85938 0.127033
-1.84375 0.125341

-1.84375 0.125332
-1.84054 0.125

2.84375 -0.238951
2.85938 -0.237532

2.85938 -0.237519
2.875 -0.23456

-1.75 0.116164
-1.73438 0.11468

-1.73438 0.11468
-1.71875 0.1132

-1.71875 0.1132
-1.70312 0.111722

2.875 -0.234625
2.87585 -0.234375

2.87583 -0.234375
2.89062 -0.23003

2.89062 -0.230311
2.90625 -0.223418

-1.70312 0.111721
-1.6875 0.110247

2.90625 -0.224448
2.91423 -0.21875

2.91407 -0.21875
2.92188 -0.212076

2.92188 -0.208711
2.92671 -0.203125

2.92823 -0.203125
2.9375 -0.191516

-1.67188 0.108792
-1.67829 0.109375

-1.6875 0.110233
-1.67806 0.109375

-1.67188 0.10882
-1.65625 0.107467

2.9375 -0.190541
2.93971 -0.1875

2.94144 -0.1875
2.95062 -0.171875

2.95088 -0.171875
2.95312 -0.165167

-1.65625 0.107472
-1.64062 0.106144

-1.64062 0.106144
-1.625 0.104828

2.95287 -0.15625
2.95312 -0.155733

2.95312 -0.155193
2.96036 -0.140625

2.96539 -0.140625
2.96875 -0.135043

-1.625 0.104828
-1.60938 0.103523

2.96875 -0.125746
2.9691 -0.125

-1.60938 0.103523
-1.59375 0.102226

-1.59375 0.102227
-1.57812 0.100936

-1.57812 0.100937
-1.5625 0.0996508

2.97227 -0.125
2.98452 -0.09375

-1.5625 0.0996514
-1.54688 0.0983676

-1.54688 0.0983681
-1.53125 0.0970843

-1.53125 0.0970842
-1.51562 0.0957997

2.98687 -0.09375
2.989 -0.078125

2.98657 -0.078125
2.98484 -0.0625

2.98438 -0.0526585
2.98495 -0.046875

2.98527 -0.046875
2.99239 -0.03125

2.99511 -0.03125
3 -0.0230681

-1.51562 0.0957988
-1.5 0.0945157

2.99977 -0.015625
3 -0.0152283

-1.48438 0.0932451
-1.49074 0.09375

-1.48438 0.0932701
-1.46875 0.0920886

-1.5 0.094503
-1.4905 0.09375

-1.46875 0.0920937
-1.45312 0.0909319

-1.45312 0.0909321
-1.4375 0.0897795

-1.4375 0.0897798
-1.42188 0.0886354

3 -0.0134184
3.01779 0

3.03125 -0.00199075
3.0625 -0.000740337

3.0625 -0.00153877
3.125 -0.000655851

3.125 -0.00098378
3.25 -0.0003541

3.25 -0.000651899
3.5 -0.000385884

3.5 -0.000748111
4 -0.000654938

-1.42188 0.0886357
-1.40625 0.0874981

-1.40625 0.0874987
-1.39062 0.086366

-1.39062 0.0863662
-1.375 0.0852367

-1.375 0.0852373
-1.35938 0.0841095

-1.35938 0.08411
-1.34375 0.0829817

-1.34375 0.0829821
-1.32812 0.0818514

-1.32812 0.0818518
-1.3125 0.0807169

-1.3125 0.0807165
-1.29688 0.0795774

-1.29688 0.0795722
-1.28125 0.0784401

-1.26562 0.0773383
-1.27696 0.078125

-1.28125 0.0784313
-1.27684 0.078125

-1.26562 0.0773577
-1.25 0.0763178

-1.25 0.0763188
-1.23438 0.0752876

-1.23438 0.0752878
-1.21875 0.0742629

-1.21875 0.0742632
-1.20312 0.073244

-1.20312 0.0732443
-1.1875 0.0722297

-1.1875 0.0722301
-1.17188 0.0712186

-1.17188 0.071219
-1.15625 0.0702089

-1.15625 0.0702093
-1.14062 0.0691991

-1.14062 0.0691997
-1.125 0.0681875

-1.125 0.068188
-1.10938 0.0671717

-1.10938 0.0671723
-1.09375 0.0661497

-1.09375 0.0661501
-1.07812 0.0651193

-1.07812 0.0651188
-1.0625 0.0640798

-1.03125 0.0620017
-1.039 0.0625

-1.03125 0.062025
-1.01562 0.06107

-1.01562 0.0610737
-1 0.0601304

-1.0625 0.0640786
-1.04688 0.0630349

-1.04688 0.0630219
-1.03876 0.0625

