-4 -0.00206829
-3.7015 0

-3.61145 0
-3.5 0.000772241

-3.5 -0.00199395
-3.4168 0

1.53125 -0.126993
1.52118 -0.125

1.53125 -0.127043
1.54688 -0.12973

1.54688 -0.129349
1.5625 -0.13181

-3.25 -0.00280876
-3.21223 0

1.5625 -0.13174
1.57812 -0.134881

1.57812 -0.134796
1.59375 -0.138925

-3.125 -0.00372035
-3.10526 0

1.60938 -0.144268
1.59767 -0.140625

-3 -0.0641951
-3.00013 -0.0625

-3.0625 -0.000226687
-3.06185 0

-3 -0.0328734
-3.00017 -0.03125

-3.03125 -0.00084129
-3.0268 0

-3.39373 0
-3.25 0.00349645

-3.2084 0
-3.125 0.006812

-3.10549 0
-3.0625 0.0115217

1.59375 -0.138603
1.60024 -0.140625

1.60938 -0.144473
1.625 -0.148707

1.5 -0.120824
1.51562 -0.123582

1.51562 -0.123357
1.52393 -0.125

-3.0625 0.00320361
-3.03125 0.0212464

-3.03125 0.0213146
-3.01894 0.03125

-3.01936 0.03125
-3.00901 0.0625

-3.02465 0.0625
-3.00594 0.09375

1.625 -0.148315
1.64062 -0.151756

1.64062 -0.15141
1.65625 -0.155532

-3.01533 0.09375
-3 0.112463

-3.01851 0.125
-3 0.149698

1.67188 -0.160767
1.65711 -0.15625

1.67188 -0.16096
1.6875 -0.165106

1.65625 -0.155251
1.65952 -0.15625

1.6875 -0.164884
1.70312 -0.168259

1.70312 -0.168013
1.71875 -0.171552

1.73438 -0.175581
1.71905 -0.171875

1.71875 -0.1713
1.72113 -0.171875

1.73438 -0.175704
1.75 -0.17898

-2.96875 -0.159277
-2.96966 -0.15625

-2.97007 -0.15625
-2.96875 -0.155093

1.8125 -0.188199
1.80779 -0.1875

1.75 -0.178878
1.76562 -0.181523

1.76562 -0.181474
1.78125 -0.183789

1.78125 -0.183744
1.79688 -0.185917

-2.96875 -0.159346
-2.96637 -0.15625

-2.96875 -0.155448
-2.96634 -0.15625

1.79688 -0.185794
1.80839 -0.1875

1.8125 -0.188264
1.82812 -0.190658

1.82812 -0.19065
1.84375 -0.19288

-3 -0.0789727
-2.98438 -0.082899

-2.99513 -0.078125
-2.98438 -0.0761325

-2.98438 -0.0786833
-2.98423 -0.078125

-2.98438 -0.0729821
-2.98155 -0.078125

1.84375 -0.19284
1.85938 -0.195003

1.85938 -0.194995
1.875 -0.197183

-2.9896 -0.0625
-2.98438 -0.0605066

-3 -0.0317251
-2.98438 -0.0314331

1.875 -0.197197
1.89062 -0.199398

1.89062 -0.199413
1.90625 -0.201569

-3 -0.0164514
-2.98438 -0.0164321

-3 -0.00400061
-2.98438 -0.00400061

1.92188 -0.203695
1.91765 -0.203125

1.90625 -0.201544
1.91796 -0.203125

1.92188 -0.203727
1.9375 -0.205695

1.9375 -0.205687
1.95312 -0.207404

1.95312 -0.207374
1.96875 -0.208917

1.96875 -0.208895
1.98438 -0.210368

1.98438 -0.210359
2 -0.211824

-3 0.00579304
-2.98438 0.0050814

-0.71875 -0.000690215
-0.72143 0

-0.71875 -0.000689829
-0.703125 -0.00445557

-0.703125 -0.00400519
-0.6875 -0.00597533

-0.6875 -0.00557337
-0.671875 -0.00700396

-0.671875 -0.00674619
-0.65625 -0.0089567

-0.65625 -0.00881161
-0.640625 -0.0126078

-0.625 -0.0181766
-0.63334 -0.015625

0.0625 -0.131628
0.0546179 -0.125

0.0625 -0.132676
0.078125 -0.135721

-0.640625 -0.0127539
-0.631241 -0.015625

-3 0.0213685
-2.98438 0.0214794

-0.625 -0.0181146
-0.609375 -0.0224273

-0.609375 -0.0222952
-0.59375 -0.0258434

0.078125 -0.136786
0.0930251 -0.125

0.015625 -0.0729
0.00621235 -0.0625

0.03125 -0.0927764
0.0198411 -0.078125

0.015625 -0.0728489
0.0200482 -0.078125

0.046875 -0.113867
0.0433089 -0.109375

0.0436289 -0.109375
0.0315177 -0.09375

0.046875 -0.113889
0.0574733 -0.125

0.03125 -0.0931921
0.0316659 -0.09375

0 -0.0566245
0.00620627 -0.0625

0.0884683 -0.125
0.09375 -0.115385

0.0915056 -0.109375
0.09375 -0.103357

0.09375 -0.112455
0.0948085 -0.109375

0.09375 -0.103638
0.0974375 -0.09375

0.0979444 -0.09375
0.109375 -0.0787367

0.109138 -0.078125
0.109375 -0.0778656

0.109375 -0.077916
0.125 -0.0648921

-0.5625 -0.032235
-0.567164 -0.03125

0.125 -0.0658135
0.132839 -0.0625

0.131515 -0.0625
0.140625 -0.0586494

0.140625 -0.0591487
0.15625 -0.0572429

0.15625 -0.0577206
0.171875 -0.0590732

0.171875 -0.0597235
0.1875 -0.0620784

0.203125 -0.0641699
0.191764 -0.0625

0.203125 -0.0638983
0.21875 -0.0670907

-0.59375 -0.0257458
-0.578125 -0.0289887

-0.578125 -0.0288928
-0.566964 -0.03125

-0.5625 -0.0322836
-0.546875 -0.0356511

-0.546875 -0.0357042
-0.53125 -0.0388758

-0.53125 -0.0389994
-0.515625 -0.041622

-0.515625 -0.0418196
-0.5 -0.0432505

-0.921875 0.123676
-0.925341 0.125

-0.921875 0.123715
-0.90625 0.117811

-0.90625 0.117553
-0.890625 0.111818

-0.875 0.107245
-0.882728 0.109375

-0.890625 0.111331
-0.883527 0.109375

-1 0.139162
-0.984375 0.13914

-0.984375 0.139179
-0.96875 0.137979

-0.96875 0.13822
-0.953125 0.135279

-0.953125 0.135261
-0.9375 0.130133

-0.9375 0.129424
-0.925915 0.125

-0.875 0.107786
-0.859375 0.104362

-0.859375 0.10509
-0.84375 0.0998009

-0.828125 0.0918659
-0.831816 0.09375

-0.828125 0.0917328
-0.8125 0.0812511

-0.84375 0.0993529
-0.832775 0.09375

-0.78125 0.0243361
-0.786519 0.03125

-0.789295 0.03125
-0.795782 0.046875

0.21875 -0.0675014
0.234375 -0.0714817

2 -0.211828
2.01562 -0.213293

0.234375 -0.0718888
0.25 -0.0750216

-2.98438 0.0190135
-2.98279 0.015625

-3 0.031616
-2.99933 0.03125

2.01562 -0.213307
2.03125 -0.214739

2.03125 -0.214758
2.04688 -0.21609

2.04688 -0.216109
2.0625 -0.217265

-3 0.0774633
-2.99938 0.078125

2.09375 -0.218824
2.09191 -0.21875

-3 0.0888208
-2.98438 0.091395

0.1875 -0.0624645
0.187741 -0.0625

2.0625 -0.21728
2.07812 -0.218191

-0.791435 0.046875
-0.794429 0.0625

-0.765625 0.00659901
-0.777855 0.015625

-0.78125 0.0243227
-0.77242 0.015625

-0.765625 0.00923434
-0.75 0.00480888

-0.796875 0.0667653
-0.80704 0.078125

0.25 -0.0750149
0.265625 -0.0764991

-2.98438 0.0921603
-2.98207 0.09375

0.265625 -0.0763608
0.28125 -0.0764864

-2.9816 0.09375
-2.96875 0.110448

0.28125 -0.0763743
0.296875 -0.075642

-2.96758 0.109375
-2.96223 0.125

-0.8125 0.0796489
-0.810413 0.078125

0.296875 -0.0755553
0.3125 -0.0743627

-2.98339 0.125
-2.9713 0.15625

-2.99834 0.15625
-2.96875 0.172242

-2.96122 0.125
-2.95643 0.140625

0.3125 -0.074304
0.328125 -0.0729417

0.328125 -0.0729029
0.34375 -0.0715662

-0.796875 0.0726219
-0.79057 0.0625

2.07812 -0.218198
2.09194 -0.21875

2.09375 -0.218823
2.10938 -0.219144

0.34375 -0.0715368
0.359375 -0.0703618

0.359375 -0.0703311
0.375 -0.0694381

-2.96234 0.140625
-2.95312 0.153993

-0.75 0.00681931
-0.734375 0.00457912

-2.95312 0.152944
-2.95172 0.15625

-2.96875 0.158127
-2.95312 0.160792

2.10938 -0.219135
2.125 -0.219172

0.375 -0.0694194
0.390625 -0.068907

-2.96875 0.173991
-2.95702 0.171875

2.125 -0.219156
2.14062 -0.218956

0.390625 -0.0689183
0.40625 -0.0688013

-0.734375 0.00461231
-0.71875 0.000588511

0.40625 -0.0688519
0.421875 -0.0690067

0.421875 -0.0690687
0.4375 -0.0692702

0.4375 -0.0693024
0.453125 -0.0693622

-0.71875 0.00129975
-0.713357 0

2.14062 -0.218937
2.14858 -0.21875

2.14852 -0.21875
2.15625 -0.218568

2.15625 -0.218546
2.17188 -0.218095

2.17188 -0.218075
2.1875 -0.217626

2.1875 -0.217613
2.20312 -0.217233

2.20312 -0.217233
2.21875 -0.216947

2.21875 -0.216959
2.23438 -0.216743

2.23438 -0.216762
2.25 -0.216555

-2.95217 0.15625
-2.9375 0.171579

0.453125 -0.069352
0.46875 -0.0692262

0.46875 -0.0691962
0.484375 -0.068965

2.25 -0.216572
2.26562 -0.216303

0.484375 -0.0689262
0.5 -0.0687271

-0.5 -0.0434368
-0.484375 -0.0429083

-0.484375 -0.04309
-0.46875 -0.0398661

-0.46875 -0.0400169
-0.453125 -0.0339059

-0.453125 -0.0342657
-0.438898 -0.03125

-0.457452 -0.03125
-0.453125 -0.0295414

-0.453125 -0.0294925
-0.4375 -0.0262736

-0.375 -0.0643163
-0.37731 -0.0625

-0.421875 -0.0335553
-0.431894 -0.03125

-0.421875 -0.0326515
-0.40625 -0.0402418

-0.4375 -0.0277517
-0.422297 -0.03125

-0.390625 -0.0508111
-0.396514 -0.046875

0.5 -0.0686701
0.515625 -0.0686949

-0.40625 -0.0401971
-0.396194 -0.046875

0.515625 -0.0686926
0.53125 -0.06906

2.26562 -0.216313
2.28125 -0.215928

0.53125 -0.0691947
0.546875 -0.06964

-0.390625 -0.0511869
-0.37598 -0.0625

-2.9375 0.171611
-2.93725 0.171875

-2.9375 0.172295
-2.92188 0.187343

-0.375 -0.0644182
-0.359375 -0.0747972

-2.92188 0.187393
-2.92175 0.1875

2.28125 -0.215932
2.29688 -0.215404

-0.34375 -0.0812785
-0.351174 -0.078125

0.546875 -0.0697242
0.5625 -0.0698096

2.29688 -0.215403
2.3125 -0.214729

0.5625 -0.0697191
0.578125 -0.0694574

0.578125 -0.0692777
0.59375 -0.0692093

0.59375 -0.0690876
0.609375 -0.0698152

0.609375 -0.0699401
0.625 -0.0714569

-2.92188 0.187926
-2.90625 0.199161

-2.90625 0.199505
-2.89624 0.203125

-2.89591 0.203125
-2.89062 0.205037

-2.89062 0.205139
-2.875 0.204555

-2.82812 0.186247
-2.83252 0.1875

-2.82812 0.186629
-2.8125 0.184338

-2.85938 0.198459
-2.87332 0.203125

-2.875 0.204022
-2.87232 0.203125

0.625 -0.0716649
0.640625 -0.0733049

0.640625 -0.0732478
0.65625 -0.0747093

0.65625 -0.0745765
0.671875 -0.0762394

0.6875 -0.0781919
0.686905 -0.078125

0.671875 -0.0764255
0.686988 -0.078125

-0.359375 -0.0748992
-0.351781 -0.078125

-0.34375 -0.0811901
-0.328125 -0.0845743

-0.328125 -0.0846931
-0.3125 -0.0850242

-0.3125 -0.0849445
-0.296875 -0.0821445

-0.296875 -0.0819515
-0.285318 -0.078125

-0.286404 -0.078125
-0.28125 -0.0764184

-0.28125 -0.0764061
-0.265625 -0.0699896

0.6875 -0.0782341
0.703125 -0.0796101

0.703125 -0.0795555
0.71875 -0.0805573

0.71875 -0.0805381
0.734375 -0.0813134

0.734375 -0.0812738
0.75 -0.08194

-0.265625 -0.0700339
-0.25 -0.0628355

-2.85938 0.197526
-2.84375 0.191251

-0.250789 -0.0625
-0.25 -0.0621367

-2.84375 0.190832
-2.83206 0.1875

0.75 -0.0819324
0.765625 -0.0825837

-2.8125 0.184569
-2.79688 0.183404

0.765625 -0.0825905
0.78125 -0.0832287

-0.125 -0.126982
-0.133254 -0.125

0.78125 -0.0832325
0.796875 -0.0838361

0.796875 -0.0838362
0.8125 -0.0843975

0.8125 -0.0843953
0.828125 -0.0849183

-0.25 -0.0621787
-0.234375 -0.0554233

0.828125 -0.0849148
0.84375 -0.085411

-0.234375 -0.0556666
-0.21875 -0.0501632

0.84375 -0.0854071
0.859375 -0.0858912

-0.21875 -0.0495521
-0.204852 -0.046875

-2.79688 0.183716
-2.78125 0.182589

-0.209765 -0.046875
-0.203125 -0.0455968

-2.78125 0.183137
-2.76562 0.180326

0.859375 -0.0858873
0.875 -0.086375

-0.1875 -0.0478137
-0.192329 -0.046875

2.3125 -0.214726
2.32812 -0.213913

2.32812 -0.21391
2.34375 -0.212968

-2.76562 0.179945
-2.75 0.175115

2.34375 -0.212966
2.35938 -0.211909

2.35938 -0.211906
2.375 -0.210744

-0.203125 -0.0460172
-0.198712 -0.046875

2.375 -0.210741
2.39062 -0.209488

-2.73438 0.169962
-2.74163 0.171875

2.39062 -0.209484
2.40625 -0.208153

-0.15625 -0.0831562
-0.159057 -0.078125

-0.15769 -0.078125
-0.169684 -0.0625

-0.140625 -0.117831
-0.146234 -0.109375

0.875 -0.0863718
0.890625 -0.0868774

0.890625 -0.0868748
0.90625 -0.0874101

-2.75 0.174171
-2.74129 0.171875

0.90625 -0.0874081
0.921875 -0.0879824

-0.142167 -0.109375
-0.150335 -0.09375

-2.73438 0.170179
-2.71875 0.168414

-0.140625 -0.118046
-0.125 -0.124413

0.921875 -0.0879809
0.9375 -0.088601

-0.15625 -0.0831821
-0.150354 -0.09375

-2.71875 0.168744
-2.70312 0.168336

2.40625 -0.208147
2.42188 -0.206762

-2.70312 0.168481
-2.6875 0.168482

0.9375 -0.0886002
0.953125 -0.0892707

-0.1875 -0.048153
-0.171875 -0.0595853

0.953125 -0.0892706
0.96875 -0.0899932

-0.171875 -0.0601402
-0.169579 -0.0625

0.96875 -0.0899941
0.984375 -0.0907673

-2.6875 0.168554
-2.67188 0.168531

0.984375 -0.0907691
1 -0.0915878

-0.125 -0.126336
-0.121931 -0.125

2.42188 -0.206752
2.4375 -0.205345

2.4375 -0.205335
2.45312 -0.203943

-2.67188 0.168415
-2.65625 0.168455

-0.122518 -0.125
-0.109699 -0.109375

2.45312 -0.20394
2.46255 -0.203125

-0.118292 -0.109375
-0.113848 -0.09375

-2.65625 0.168088
-2.64062 0.169157

-2.64062 0.167367
-2.62972 0.171875

-0.115048 -0.09375
-0.109375 -0.082195

-0.109375 -0.0836719
-0.106652 -0.078125

-0.106324 -0.078125
-0.0951327 -0.0625

-0.0962442 -0.0625
-0.09375 -0.0594349

-0.09375 -0.0593807
-0.0802867 -0.046875

-0.0803806 -0.046875
-0.078125 -0.0452998

-0.078125 -0.0453372
-0.0625 -0.0384127

-2.62864 0.171875
-2.625 0.174211

-2.65881 0.21875
-2.65686 0.234375

-2.65645 0.234375
-2.65625 0.234563

-2.64062 0.20777
-2.6544 0.21875

-0.0625 -0.0390804
-0.046875 -0.0375198

-0.046875 -0.0375219
-0.03125 -0.0399854

-0.03125 -0.0403252
-0.015625 -0.0461292

0 -0.0555317
-0.0127374 -0.046875

-0.015625 -0.0460048
-0.014123 -0.046875

2.46255 -0.203125
2.46875 -0.202589

2.46875 -0.20259
2.48438 -0.201285

-2.64062 0.211494
-2.6261 0.203125

2.48438 -0.201298
2.5 -0.200011

-2.65625 0.226444
-2.65122 0.234375

-2.65046 0.234375
-2.64062 0.237369

-2.64062 0.231095
-2.625 0.228608

1 -0.0915903
1.01562 -0.092446

1.01562 -0.0924439
1.03125 -0.0933356

2.5 -0.200029
2.51562 -0.1987

2.51562 -0.198711
2.53125 -0.197281

2.53125 -0.197276
2.54688 -0.195734

-2.62466 0.171875
-2.61341 0.1875

2.54688 -0.195706
2.5625 -0.194117

-2.61219 0.1875
-2.6209 0.203125

2.5625 -0.194066
2.57812 -0.192588

2.57812 -0.192521
2.59375 -0.191386

-2.625 0.204498
-2.62485 0.203125

-2.625 0.224266
-2.60938 0.22525

-2.60938 0.224852
-2.59375 0.231007

1.04688 -0.0942947
1.03807 -0.09375

1.04688 -0.0943024
1.0625 -0.0953447

1.03125 -0.0933064
1.03842 -0.09375

1.0625 -0.0953527
1.07812 -0.0964198

1.07812 -0.096424
1.09375 -0.0974917

1.09375 -0.0974944
1.10938 -0.0985488

1.10938 -0.0985502
1.125 -0.0995831

-2.59375 0.23063
-2.58663 0.234375

1.125 -0.0995843
1.14062 -0.10059

2.59375 -0.191325
2.60938 -0.190786

1.14062 -0.100591
1.15625 -0.101566

-2.59262 0.234375
-2.57812 0.242004

-2.57812 0.240942
-2.5625 0.247803

2.60938 -0.190759
2.625 -0.190995

-2.5625 0.246962
-2.55411 0.25

1.15625 -0.101565
1.17188 -0.102511

1.17188 -0.102509
1.1875 -0.103434

1.1875 -0.103433
1.20312 -0.104342

1.20312 -0.104344
1.21875 -0.105233

1.21875 -0.105234
1.23438 -0.106097

1.23438 -0.106091
1.25 -0.106938

-2.55862 0.25
-2.54688 0.254255

-2.54688 0.254339
-2.53125 0.257039

2.625 -0.191028
2.64062 -0.192027

2.64062 -0.192105
2.65625 -0.193647

-2.53125 0.256921
-2.51562 0.255443

1.25 -0.106935
1.26562 -0.107785

2.65625 -0.193727
2.67188 -0.195497

1.26562 -0.107804
1.28125 -0.108628

-2.51562 0.255553
-2.50024 0.25

1.28125 -0.108652
1.29688 -0.109365

1.3125 -0.109924
1.29711 -0.109375

2.67188 -0.195532
2.6875 -0.1973

2.6875 -0.197291
2.70312 -0.199004

2.70312 -0.198974
2.71875 -0.200712

1.29688 -0.10932
1.29842 -0.109375

1.3125 -0.109838
1.32812 -0.110409

1.32812 -0.110353
1.34375 -0.111216

1.34375 -0.111354
1.35938 -0.112342

1.35938 -0.112432
1.375 -0.113087

-2.42188 0.11131
-2.43221 0.125

1.375 -0.112993
1.39062 -0.113323

2.71875 -0.200706
2.73438 -0.202538

2.75 -0.204451
2.73907 -0.203125

-2.40625 0.0976252
-2.42063 0.109375

2.73438 -0.202568
2.73897 -0.203125

1.39062 -0.113279
1.40625 -0.11356

-2.42188 0.110608
-2.42077 0.109375

1.40625 -0.11354
1.42188 -0.113903

2.75 -0.204507
2.76562 -0.206321

-2.39062 0.0926902
-2.39575 0.09375

2.76562 -0.206407
2.78125 -0.207861

-2.39062 0.0928741
-2.38866 0.09375

1.42188 -0.113861
1.4375 -0.114431

2.78125 -0.207988
2.79688 -0.208656

2.79688 -0.208777
2.8125 -0.208164

1.4375 -0.114408
1.45312 -0.115314

1.45312 -0.115282
1.46875 -0.116637

1.46875 -0.11664
1.48438 -0.118505

1.48438 -0.118531
1.5 -0.120847

-2.40625 0.0967203
-2.39196 0.09375

-2.38707 0.09375
-2.375 0.103626

2.8125 -0.208274
2.82812 -0.205914

2.82812 -0.205918
2.83817 -0.203125

-2.37542 0.109375
-2.375 0.110117

-2.4375 0.137343
-2.43914 0.140625

2.83822 -0.203125
2.84375 -0.201587

2.84375 -0.201602
2.85938 -0.195211

-2.43891 0.140625
-2.44511 0.15625

-2.45312 0.179865
-2.45609 0.1875

2.85938 -0.195237
2.87352 -0.1875

2.87363 -0.1875
2.875 -0.186748

-2.44492 0.15625
-2.4504 0.171875

-2.45312 0.180307
-2.44985 0.171875

-2.46875 0.216344
-2.4699 0.21875

-2.48438 0.238966
-2.49886 0.25

2.875 -0.186659
2.89062 -0.175961

2.89062 -0.175708
2.89564 -0.171875

2.8956 -0.171875
2.90625 -0.163309

2.90625 -0.163299
2.91414 -0.15625

-2.469 0.21875
-2.48042 0.234375

-2.48438 0.238466
-2.48048 0.234375

2.91408 -0.15625
2.92188 -0.148795

2.92188 -0.148502
2.92955 -0.140625

-2.45652 0.1875
-2.4631 0.203125

-2.46875 0.216443
-2.4624 0.203125

2.92986 -0.140625
2.9375 -0.132012

-2.4375 0.137319
-2.43133 0.125

3 -0.220214
2.99267 -0.21875

-2.375 0.104386
-2.37188 0.109375

2.99473 -0.21875
3 -0.218662

2.9375 -0.132448
2.94368 -0.125

-2.375 0.10995
-2.36671 0.125

2.94368 -0.125
2.95312 -0.111734

-2.36759 0.125
-2.35938 0.135271

-2.35938 0.135557
-2.35334 0.140625

2.95312 -0.110935
2.95414 -0.109375

2.95452 -0.109375
2.96373 -0.09375

-2.35393 0.140625
-2.34375 0.147579

-2.34375 0.146597
-2.32812 0.151494

2.9648 -0.09375
2.96875 -0.0840101

2.96875 -0.0802656
2.96966 -0.078125

2.96968 -0.078125
2.97392 -0.0625

-2.32812 0.150551
-2.3125 0.152863

-2.3125 0.152853
-2.29688 0.154486

-2.29688 0.154469
-2.28125 0.155479

-2.28125 0.155491
-2.26562 0.15589

3 -0.066311
2.99545 -0.0625

2.97408 -0.0625
2.97635 -0.046875

-2.26562 0.155881
-2.25 0.155664

-2.5 0.250531
-2.49907 0.25

2.97555 -0.046875
2.97623 -0.03125

3 -0.0506368
2.99288 -0.046875

-2.25 0.155585
-2.23438 0.154927

2.98438 -0.0372503
2.98768 -0.046875

2.97659 -0.03125
2.97728 -0.015625

2.97754 -0.015625
2.97798 0

2.98438 -0.00351846
2.98449 0

-2.23438 0.154849
-2.21875 0.154062

-2.21875 0.153997
-2.20312 0.153366

-2.20312 0.153325
-2.1875 0.153063

-2.1875 0.153042
-2.17188 0.153273

-2.17188 0.153268
-2.15625 0.154042

-2.15625 0.154044
-2.14062 0.155367

-2.14062 0.155374
-2.13329 0.15625

-2.13321 0.15625
-2.125 0.15723

2.97789 0
2.97772 0.015625

2.97768 0.015625
2.97721 0.03125

2.97723 0.03125
2.97653 0.046875

2.97664 0.046875
2.97546 0.0625

-2.125 0.157256
-2.10938 0.159615

2.96875 0.0944384
2.96281 0.109375

2.96339 0.109375
2.95507 0.125

2.97561 0.0625
2.97341 0.078125

2.97379 0.078125
2.96951 0.09375

2.96875 0.0948778
2.96921 0.09375

-2.10938 0.15961
-2.09375 0.162432

-2.09375 0.162367
-2.07812 0.165791

2.9375 0.159405
2.93339 0.171875

2.93374 0.171875
2.93074 0.1875

-2.07812 0.165681
-2.0625 0.170055

-2.0625 0.170067
-2.0575 0.171875

2.89062 0.244174
2.88635 0.25

2.90625 0.22959
2.89782 0.234375

-2.05724 0.171875
-2.04688 0.17562

-2.04688 0.175629
-2.03125 0.182684

2.89062 0.241521
2.89964 0.234375

2.93166 0.1875
2.92837 0.203125

-2.03125 0.182379
-2.02339 0.1875

-2.02024 0.1875
-2.01562 0.192427

-2.01562 0.189483
-2.00734 0.203125

-2.01203 0.203125
-2.00995 0.21875

-2.01658 0.21875
-2.01562 0.221563

2.92671 0.203125
2.92458 0.21875

2.90625 0.235099
2.9375 0.220574

2.95312 0.125571
2.94509 0.140625

2.94587 0.140625
2.93923 0.15625

2.95312 0.126358
2.95385 0.125

2.9375 0.15992
2.93871 0.15625

2.99536 0.15625
2.98099 0.1875

-2.01562 0.221018
-2.00399 0.234375

-2.00497 0.234375
-2 0.236504

2.96875 0.21828
2.96671 0.21875

2.9375 0.244564
2.96123 0.21875

2.96875 0.214409
2.98676 0.1875

2.8125 0.352328
2.80986 0.359375

2.79825 0.359375
2.8125 0.37036

2.84375 0.310655
2.84256 0.3125

2.875 0.265846
2.86403 0.28125

2.85938 0.288279
2.85321 0.296875

2.84375 0.311429
2.85128 0.296875

2.85938 0.290284
2.86466 0.28125

2.82812 0.325245
2.82556 0.328125

2.82447 0.328125
2.82156 0.34375

2.84239 0.3125
2.83199 0.328125

2.82812 0.341813
2.84163 0.34375

2.8125 0.346657
2.84375 0.351042

2.84375 0.329163
2.875 0.317247

2.84375 0.345514
2.84635 0.34375

2.88759 0.25
2.87647 0.265625

2.875 0.26584
2.87514 0.265625

2.90625 0.280261
2.90444 0.28125

2.875 0.302438
2.90625 0.284983

2.93744 0.25
2.91402 0.28125

2.90625 0.282848
2.90827 0.28125

2.875 0.31271
2.87523 0.3125

3 -0.250183
3.00019 -0.25

3 -0.188016
3.00035 -0.1875

3 -0.0767852
3.02269 -0.0625

3.03125 -0.0636253
3.03162 -0.0625

3.00341 -0.0625
3.00694 -0.03125

3 -0.00678547
3.02095 0

3.0625 -0.00491385
3.03985 0

3.125 -0.0013332
3.11615 0

3.25 -0.000956663
3.24004 0

3.5 -0.00109588
3.46545 0

3.03125 0.0246577
3.02673 0.03125

3.02847 0.03125
3.02462 0.0625

3.03125 0.0169848
3.05469 0

3.02747 0.0625
3.0248 0.09375

3.02177 0.09375
3.01432 0.125

3.0625 0.0152018
3.10617 0

3 0.170379
3.01462 0.125

3.125 0.00924258
3.20896 0

3.25 0.00404882
3.3706 0

4 -0.00285379
3.69083 0

3.5 0.000474898
3.55114 0

-1.96875 0.21712
-1.97125 0.21875

-2 0.233609
-1.98438 0.230818

-2 0.234548
-1.99928 0.234375

-1.98438 0.227132
-1.97154 0.21875

-1.96875 0.216983
-1.95312 0.206646

-1.9375 0.195824
-1.94705 0.203125

-1.95312 0.206425
-1.94845 0.203125

-1.92188 0.181195
-1.93091 0.1875

-1.92188 0.182111
-1.90625 0.176065

-1.90625 0.177449
-1.89062 0.174216

-1.875 0.171208
-1.87885 0.171875

-1.89062 0.173995
-1.87839 0.171875

-1.9375 0.194582
-1.92759 0.1875

-1.89062 0.217255
-1.89227 0.21875

-1.89062 0.217264
-1.875 0.208285

-1.89842 0.21875
-1.89753 0.234375

-1.89397 0.234375
-1.89062 0.236981

-1.89062 0.234938
-1.875 0.241791

-1.875 0.171026
-1.85938 0.16981

-1.85938 0.169653
-1.84375 0.170725

-1.84375 0.170747
-1.84028 0.171875

-1.83538 0.171875
-1.82812 0.175379

-1.82752 0.171875
-1.81443 0.1875

-1.875 0.209916
-1.85938 0.208054

-1.85938 0.209572
-1.84375 0.20853

-1.875 0.23926
-1.85938 0.240918

-1.85938 0.240681
-1.84375 0.242681

-1.84375 0.20957
-1.82812 0.204232

-1.81294 0.1875
-1.82194 0.203125

-1.82812 0.205054
-1.82505 0.203125

-1.84375 0.242819
-1.82812 0.245359

-1.82812 0.245424
-1.8125 0.248097

-1.8125 0.248102
-1.80064 0.25

-1.80239 0.25
-1.79688 0.250882

-1.79688 0.250946
-1.78125 0.252574

-1.78125 0.252532
-1.76562 0.25285

-1.76562 0.252792
-1.75 0.251999

-1.71875 0.24757
-1.7323 0.25

-1.71875 0.247355
-1.70312 0.243648

-1.70312 0.243602
-1.6875 0.2395

-1.6875 0.239549
-1.67188 0.235046

-1.65625 0.229659
-1.66882 0.234375

-1.67188 0.235256
-1.66953 0.234375

-1.625 0.215956
-1.63106 0.21875

-1.65625 0.228926
-1.64062 0.222216

-1.64062 0.222381
-1.63274 0.21875

-1.625 0.21518
-1.60938 0.207164

-1.59375 0.199649
-1.60048 0.203125

-1.60938 0.206521
-1.6028 0.203125

-1.59375 0.198654
-1.57812 0.191408

-1.57812 0.190382
-1.5662 0.1875

-1.54688 0.187171
-1.55128 0.1875

-1.54688 0.18699
-1.53125 0.185537

-1.53125 0.185065
-1.51562 0.184072

-1.51562 0.183123
-1.5 0.185222

-1.5625 0.187722
-1.55952 0.1875

-1.50707 0.1875
-1.5 0.188497

-1.75 0.251963
-1.73438 0.250246

-1.73438 0.250306
-1.73267 0.25

-1.39062 0.121277
-1.39375 0.125

-1.375 0.10395
-1.38301 0.109375

-1.39062 0.119825
-1.375 0.113649

-1.5 0.183851
-1.48503 0.1875

-1.48438 0.187252
-1.48088 0.1875

-1.4375 0.181202
-1.44683 0.1875

-1.5 0.188611
-1.48438 0.192419

-1.48438 0.191636
-1.46875 0.192446

-1.46875 0.19195
-1.45312 0.188826

-1.45312 0.189093
-1.45025 0.1875

-1.40639 0.140625
-1.42029 0.15625

-1.42188 0.159735
-1.43153 0.171875

-1.4375 0.178229
-1.43169 0.171875

-1.42188 0.158928
-1.41979 0.15625

-1.39062 0.125491
-1.40514 0.140625

-1.40625 0.14184
-1.405 0.140625

-1.39062 0.126309
-1.37536 0.125

-1.375 0.100624
-1.35938 0.108185

-1.37249 0.109375
-1.36588 0.125

-1.35938 0.101626
-1.35652 0.109375

-1.29688 0.122986
-1.30301 0.125

-1.29688 0.12258
-1.28125 0.117052

-1.28125 0.116638
-1.26562 0.112088

-1.25 0.109335
-1.25021 0.109375

-1.26562 0.112186
-1.25073 0.109375

-1.375 0.129319
-1.36249 0.140625

-1.36387 0.140625
-1.35938 0.142766

-1.35938 0.138848
-1.34548 0.140625

-1.35938 0.141754
-1.34375 0.140846

-1.34375 0.137197
-1.32812 0.131982

-1.32812 0.132373
-1.3125 0.127787

-1.3125 0.12789
-1.3037 0.125

-1.25 0.109313
-1.23438 0.107621

-1.23438 0.107581
-1.21875 0.107078

-1.21875 0.10706
-1.20312 0.107861

-1.20312 0.107917
-1.19169 0.109375

-1.1922 0.109375
-1.1875 0.109974

-1.1875 0.110047
-1.17188 0.112843

-1.17188 0.112915
-1.15625 0.116132

-1.15625 0.116219
-1.14062 0.119539

-1.14062 0.119607
-1.125 0.12272

-1.125 0.122761
-1.11183 0.125

-1.11231 0.125
-1.10938 0.125499

-1.10938 0.125371
-1.09375 0.127583

-1.09375 0.127508
-1.07812 0.129545

-1.07812 0.129512
-1.0625 0.131591

-1.0625 0.131595
-1.04688 0.133775

-1.04688 0.133823
-1.03125 0.136002

-1.03125 0.136116
-1.01562 0.137971

-1.01562 0.138095
-1 0.139149

