-4 -0.00447272
-3.65058 0

-3.54634 0
-3.5 0.000593145

-3.5 -0.00234102
-3.44426 0

-3.25 -0.00310783
-3.22623 0

-3.125 -0.00410242
-3.10927 0

-3 -0.0721131
-3.00367 -0.0625

-3 -0.0451343
-3.00073 -0.03125

-3.40355 0
-3.25 0.00647428

1.51562 0.0301375
1.51128 0.03125

1.51562 0.0300488
1.53125 0.0278512

1.5 0.0341417
1.51129 0.03125

-3.21821 0
-3.125 0.012459

-3.10604 0
-3.0625 0.020369

-3.0625 0.00647456
-3.03125 0.0308585

-3.03944 0.03125
-3.03125 0.0465821

1.53125 0.0278126
1.54688 0.027677

1.54688 0.0276618
1.5625 0.0296955

1.5625 0.0295034
1.5686 0.03125

1.5682 0.03125
1.57812 0.0340929

1.57812 0.0340877
1.59375 0.0411655

1.59375 0.0410463
1.60348 0.046875

1.6025 0.046875
1.60938 0.0509964

-3 0.0311774
-3.00013 0.03125

-3.03125 0.0537546
-3.02645 0.0625

-3.03405 0.0625
-3.03125 0.0783913

-3.03743 0.09375
-3.03125 0.10823

1.60938 0.051565
1.625 0.061146

-3.03125 0.0779184
-3.02192 0.09375

-3.03125 0.10163
-3.00153 0.125

-3.01094 0.125
-3 0.141697

1.625 0.0613769
1.62755 0.0625

1.62673 0.0625
1.64062 0.0686212

1.64062 0.0685646
1.65625 0.0716807

0 -0.0690326
0.015625 -0.0682121

0.015625 -0.068194
0.03125 -0.0675409

0.03125 -0.0675283
0.046875 -0.0671038

0.046875 -0.0670976
0.0625 -0.0669395

0.0625 -0.066941
0.078125 -0.067059

1.65625 0.0712697
1.67188 0.0714544

1.67188 0.0709268
1.6875 0.070057

0.078125 -0.0670653
0.09375 -0.0674437

0.09375 -0.0674518
0.109375 -0.0680617

-2.96875 -0.0953148
-2.97097 -0.09375

-2.98438 -0.0826262
-2.98676 -0.078125

0.109375 -0.0680716
0.125 -0.068877

1.6875 0.0695977
1.70312 0.0696471

0.125 -0.0688905
0.140625 -0.0698446

0.140625 -0.0698631
0.15625 -0.0709016

-2.98438 -0.0670139
-2.98515 -0.0625

0.15625 -0.0709258
0.171875 -0.0719633

0.171875 -0.0719882
0.1875 -0.0729264

0.1875 -0.0729523
0.203125 -0.0736898

0.203125 -0.0737116
0.21875 -0.0741533

-2.98438 -0.0794118
-2.97129 -0.09375

-1 -0.0645584
-0.984375 -0.0668214

-0.984375 -0.0668505
-0.96875 -0.0688995

-0.96875 -0.0689355
-0.953125 -0.07064

-0.953125 -0.0706632
-0.9375 -0.0719051

-0.9375 -0.0718985
-0.921875 -0.0726445

-0.921875 -0.0726054
-0.90625 -0.0729468

0.21875 -0.0741678
0.234375 -0.074241

0.234375 -0.0742471
0.25 -0.0739105

0.25 -0.07391
0.265625 -0.0731522

0.265625 -0.0731507
0.28125 -0.0719755

0.28125 -0.071979
0.296875 -0.0703824

0.296875 -0.0703956
0.3125 -0.0683441

0.3125 -0.0683746
0.328125 -0.0657808

0.328125 -0.0657981
0.34375 -0.0625709

0.34375 -0.0625705
0.344047 -0.0625

0.34318 -0.0625
0.34375 -0.0623822

0.34375 -0.0624769
0.359375 -0.0587685

0.359375 -0.0588463
0.375 -0.0546844

0.375 -0.0547674
0.390625 -0.0498315

-0.90625 -0.0728906
-0.890625 -0.073018

-0.890625 -0.072973
-0.875 -0.073089

-0.875 -0.0730776
-0.859375 -0.0732949

-0.859375 -0.0733187
-0.84375 -0.0736124

-0.84375 -0.073654
-0.828125 -0.0738934

-0.828125 -0.07393
-0.8125 -0.0739587

-0.8125 -0.0739737
-0.796875 -0.0736882

-0.796875 -0.0736765
-0.78125 -0.07307

-0.78125 -0.0730394
-0.765625 -0.0721967

-0.765625 -0.072164
-0.75 -0.0712118

-0.75 -0.0711926
-0.734375 -0.0702343

-0.734375 -0.0702309
-0.71875 -0.0693115

-0.71875 -0.0693144
-0.703125 -0.0684351

-0.703125 -0.068433
-0.6875 -0.0675919

-0.6875 -0.0675815
-0.671875 -0.0668036

-0.671875 -0.0667914
-0.65625 -0.0661219

-0.65625 -0.0661155
-0.640625 -0.0655916

-0.640625 -0.0655937
-0.625 -0.0652238

-0.625 -0.0652323
-0.609375 -0.0649951

-0.609375 -0.0650059
-0.59375 -0.0648627

-0.59375 -0.0648724
-0.578125 -0.0647821

-0.578125 -0.0647887
-0.5625 -0.0647189

-0.5625 -0.0647223
-0.546875 -0.0646529

-0.546875 -0.0646544
-0.53125 -0.0645757

-0.53125 -0.064577
-0.515625 -0.0644832

-0.515625 -0.0644856
-0.5 -0.0643695

1.70312 0.0694247
1.71875 0.0717567

1.71875 0.0719326
1.73438 0.0766405

1.73438 0.0767162
1.73837 0.078125

-2.98438 -0.0725263
-2.98338 -0.078125

1.73648 0.078125
1.75 0.0828905

-2.95312 -0.09954
-2.96688 -0.09375

-2.95312 -0.0990335
-2.9375 -0.102996

0.390625 -0.0498017
0.398958 -0.046875

-2.98438 -0.0328383
-2.98439 -0.03125

-0.5 -0.0643731
-0.484375 -0.0642226

0.398016 -0.046875
0.40625 -0.0439831

0.40625 -0.0441123
0.421875 -0.0385356

0.421875 -0.038636
0.4375 -0.0328441

0.4375 -0.0327932
0.44172 -0.03125

0.441007 -0.03125
0.453125 -0.0268189

0.453125 -0.026812
0.46875 -0.0218145

0.46875 -0.0217612
0.484375 -0.017729

0.484375 -0.0176504
0.495429 -0.015625

0.496026 -0.015625
0.5 -0.0148968

0.5 -0.0149914
0.515625 -0.0130476

0.515625 -0.0132209
0.53125 -0.0115018

0.53125 -0.011499
0.546875 -0.00966354

0.546875 -0.00958109
0.5625 -0.00779991

0.5625 -0.00778653
0.578125 -0.00625124

0.578125 -0.00632828
0.59375 -0.00491155

0.59375 -0.00496263
0.609375 -0.00340821

0.609375 -0.00341201
0.625 -0.00161012

0.625 -0.00165807
0.638387 0

0.75 -0.000130171
0.744603 0

0.75 -0.00017367
0.765625 -4.79123e-05

0.765625 -5.33232e-05
0.766802 0

1.75 0.0830628
1.76562 0.0875431

0.634928 0
0.640625 0.000705597

0.640625 0.000674829
0.65625 0.0020442

0.65625 0.00192662
0.671875 0.00238756

0.671875 0.00232266
0.6875 0.0022401

0.6875 0.00221524
0.703125 0.00176871

0.703125 0.00172558
0.71875 0.00105106

0.71875 0.00097662
0.734375 0.000309251

1.76562 0.0872833
1.78125 0.0906509

-2.98408 -0.0625
-2.98402 -0.046875

-0.484375 -0.0642268
-0.46875 -0.064026

1.78125 0.0904409
1.79688 0.0936355

1.79688 0.0936106
1.79754 0.09375

1.79697 0.09375
1.8125 0.0969873

0.734375 0.000239438
0.744302 0

1.8125 0.097064
1.82812 0.100037

1.82812 0.0999643
1.84375 0.10264

1.84375 0.102568
1.85938 0.105235

-2.98409 -0.046875
-2.98428 -0.03125

1.85938 0.105319
1.875 0.107952

0.766697 0
0.78125 0.000659436

0.78125 0.000662293
0.796875 0.0019481

-2.98438 -0.0206356
-2.98468 -0.015625

-2.98542 -0.015625
-2.98725 0

-2.98438 -0.0303736
-2.98431 -0.03125

-0.46875 -0.0640298
-0.453125 -0.0637629

0.796875 0.00190688
0.8125 0.00384655

-0.453125 -0.0637651
-0.4375 -0.0634201

-0.4375 -0.0634204
-0.421875 -0.0629923

-0.421875 -0.0629929
-0.40683 -0.0625

-0.407126 -0.0625
-0.40625 -0.0624713

1.875 0.108104
1.88404 0.109375

-0.40625 -0.0624776
-0.390625 -0.0618874

1.88466 0.109375
1.89062 0.110214

0.8125 0.00383615
0.828125 0.00653291

1.89062 0.109587
1.90625 0.112473

-2.9375 -0.102815
-2.92188 -0.10563

0.828125 0.00654913
0.84375 0.00999138

-2.92188 -0.105677
-2.90625 -0.107609

-2.90625 -0.107537
-2.89062 -0.108638

1.90625 0.112236
1.92188 0.117644

-2.89062 -0.108602
-2.875 -0.109087

1.92188 0.119461
1.9375 0.124232

0.84375 0.009651
0.859375 0.0144871

1.9375 0.124694
1.95312 0.12427

-0.390625 -0.0618821
-0.375 -0.0612302

0.859375 0.0144239
0.862803 0.015625

-0.375 -0.0612229
-0.359375 -0.0605346

-0.359375 -0.0605297
-0.34375 -0.0598293

1.95312 0.122149
1.96875 0.119844

-0.34375 -0.0598297
-0.328125 -0.0591261

1.96875 0.119706
1.98438 0.12004

-2.875 -0.108991
-2.85938 -0.109124

-0.328125 -0.0591314
-0.3125 -0.0584131

-0.3125 -0.058415
-0.296875 -0.0576677

1.98438 0.120564
2 0.122767

-0.296875 -0.0576477
-0.28125 -0.0569075

-0.28125 -0.0568469
-0.265625 -0.0562751

-2.85938 -0.109114
-2.84375 -0.109105

-0.265625 -0.0561758
-0.25 -0.0560921

-2.84375 -0.109063
-2.82812 -0.109015

-2.82812 -0.109016
-2.8125 -0.109012

-2.8125 -0.108977
-2.79688 -0.109086

-0.1875 -0.0671151
-0.202819 -0.0625

-2.79688 -0.109127
-2.78125 -0.109336

-2.76562 -0.109534
-2.78042 -0.109375

-2.78125 -0.109363
-2.78009 -0.109375

-2.76562 -0.10959
-2.75 -0.109544

-2.75 -0.109541
-2.74281 -0.109375

-2.74298 -0.109375
-2.73438 -0.109176

-0.25 -0.0559868
-0.234375 -0.0568002

-0.234375 -0.0567178
-0.21875 -0.0588037

-0.21875 -0.0588158
-0.203125 -0.0623149

-0.203125 -0.0623193
-0.202525 -0.0625

-0.1875 -0.0672187
-0.171875 -0.0727409

0.86022 0.015625
0.875 0.0208034

-0.15625 -0.0786098
-0.157601 -0.078125

-2.73438 -0.109172
-2.71875 -0.108521

0.875 0.0203957
0.890625 0.02564

0.890625 0.0253127
0.905799 0.03125

0.903991 0.03125
0.90625 0.0321338

0.90625 0.0321727
0.921875 0.0383185

0.921875 0.0383044
0.9375 0.0431409

0.9375 0.0431639
0.953125 0.0466734

0.953125 0.0467025
0.954528 0.046875

0.953843 0.046875
0.96875 0.048708

0.96875 0.0485553
0.984375 0.0489671

0.984375 0.0487883
1 0.0483424

-0.171875 -0.0729998
-0.157591 -0.078125

-2.71875 -0.108484
-2.70312 -0.107629

-2.70312 -0.107618
-2.6875 -0.106653

-2.6875 -0.106623
-2.67188 -0.10563

2 0.122864
2.01193 0.125

2.01156 0.125
2.01562 0.125728

2.01562 0.125873
2.03125 0.128652

2.03125 0.128677
2.04688 0.130996

2.04688 0.130968
2.0625 0.132834

2.0625 0.132832
2.07812 0.134305

1 0.0482163
1.01562 0.0475221

-0.15625 -0.0788609
-0.140625 -0.0835241

-0.140625 -0.0837938
-0.125 -0.0864656

2.07812 0.134314
2.09375 0.135378

2.09375 0.13538
2.10938 0.136015

2.10938 0.13599
2.125 0.136242

2.125 0.136178
2.14062 0.136224

-2.67188 -0.1056
-2.65625 -0.104697

2.14062 0.136148
2.15625 0.136266

2.15625 0.136256
2.17188 0.136615

1.01562 0.0474762
1.03125 0.0468777

-0.125 -0.0865932
-0.109375 -0.0864788

-0.109375 -0.0864382
-0.09375 -0.0833638

2.17188 0.136718
2.1875 0.137132

-0.09375 -0.0832647
-0.078125 -0.0781525

2.1875 0.13726
2.20312 0.137265

-0.083666 -0.078125
-0.078125 -0.0763121

-2.65625 -0.104661
-2.64062 -0.103979

-0.078125 -0.0781437
-0.0780527 -0.078125

-2.64062 -0.103986
-2.625 -0.10358

2.20312 0.13729
2.21875 0.136583

1.03125 0.0468459
1.04688 0.0464983

-0.078125 -0.0766978
-0.0625 -0.0726553

2.21875 0.136501
2.23438 0.135196

-2.625 -0.103613
-2.60938 -0.1034

2.23438 0.135115
2.25 0.133538

1.04688 0.0463977
1.0625 0.0465656

-0.0625 -0.0731548
-0.046875 -0.0714497

2.3125 0.120041
2.29976 0.125

2.3125 0.119935
2.32812 0.111426

2.34375 0.10101
2.33075 0.109375

-0.046875 -0.0717372
-0.03125 -0.0707958

-0.03125 -0.0708589
-0.015625 -0.0699799

-0.015625 -0.0699579
0 -0.0690594

2.32812 0.111169
2.33098 0.109375

2.35938 0.0906183
2.35429 0.09375

2.35938 0.090391
2.375 0.0829382

2.34375 0.100467
2.35457 0.09375

2.25 0.133586
2.26562 0.131804

2.26562 0.131976
2.28125 0.129549

1.0625 0.0464007
1.06903 0.046875

1.06813 0.046875
1.07812 0.0476005

-2.60938 -0.103431
-2.59375 -0.103284

-2.59375 -0.103275
-2.57812 -0.103148

2.28125 0.129762
2.29688 0.125919

2.29688 0.126097
2.29969 0.125

1.07812 0.0476469
1.09375 0.0498534

1.09375 0.0498949
1.10938 0.0529469

1.10938 0.0529958
1.125 0.0567126

2.375 0.0830164
2.39062 0.0783055

2.40625 0.0759367
2.39322 0.078125

2.39062 0.0785244
2.393 0.078125

2.40625 0.0762022
2.42188 0.0746259

2.42188 0.0749369
2.4375 0.0732435

2.5 0.0587578
2.48448 0.0625

2.4375 0.0733887
2.45312 0.0706657

2.45312 0.0705024
2.46875 0.0667863

2.46875 0.0665955
2.48438 0.0625943

1.125 0.0566574
1.14062 0.0610517

1.14062 0.0610218
1.14541 0.0625

-2.57812 -0.103119
-2.5625 -0.103089

1.14448 0.0625
1.15625 0.0661349

2.48438 0.0625355
2.48452 0.0625

-2.5625 -0.10307
-2.54688 -0.103232

-2.54688 -0.103248
-2.53125 -0.103609

1.15625 0.0661621
1.17188 0.0708464

1.17188 0.0709187
1.1875 0.0751043

-2.53125 -0.103643
-2.51562 -0.104101

-2.51562 -0.104129
-2.5 -0.104562

1.1875 0.0752887
1.20145 0.078125

1.20152 0.078125
1.20312 0.0784512

1.20312 0.0787103
1.21875 0.080018

-2.98771 0
-2.98845 0.015625

-2.98854 0.015625
-2.9871 0.03125

2.98438 -0.0817535
2.9801 -0.078125

2.96875 -0.0628895
2.98438 -0.0716516

2.98438 -0.0871763
2.99785 -0.078125

2.98498 -0.078125
2.98758 -0.0625

2.96875 -0.0195675
2.96766 -0.015625

2.9673 -0.015625
2.95744 0

2.96875 -0.0549871
2.98438 -0.0575728

2.96875 -0.0431732
2.98438 -0.0460884

-2.98649 0.03125
-2.98458 0.046875

-2.98438 0.0376769
-2.98325 0.046875

1.21875 0.0799219
1.23438 0.0790597

1.25 0.0764908
1.23858 0.078125

-2.98423 0.046875
-2.98375 0.0625

-2.98438 0.0862807
-2.98573 0.09375

2.98438 -0.0521751
2.98556 -0.046875

2.98438 -0.0370293
2.98585 -0.03125

2.96875 -0.0304425
2.9718 -0.03125

2.98438 -0.0306532
2.98864 -0.015625

2.98879 -0.015625
2.99376 0

2.5 0.0587194
2.51562 0.0553974

2.51562 0.0553991
2.53125 0.052597

2.53125 0.0526263
2.54688 0.0502819

2.54688 0.0503275
2.5625 0.0482909

2.57812 0.0464347
2.57454 0.046875

2.5625 0.0483368
2.57439 0.046875

2.57812 0.0464324
2.59375 0.0445038

2.59375 0.0445059
2.60938 0.0425411

2.60938 0.0425354
2.625 0.0405416

-2.98438 0.0755529
-2.98408 0.0625

-2.98438 0.078713
-2.98427 0.078125

-2.98759 0.09375
-2.99688 0.125

-3 0.144707
-2.96875 0.138554

2.625 0.0405494
2.64062 0.0385226

2.64062 0.0385186
2.65625 0.0364512

2.65625 0.0364707
2.67188 0.0343317

2.67188 0.0343242
2.6875 0.0320897

2.70312 0.0297468
2.69326 0.03125

2.70312 0.0296739
2.71875 0.0272128

2.6875 0.0321136
2.69317 0.03125

2.71875 0.027209
2.73438 0.024811

2.73438 0.0247341
2.75 0.0225608

1.23438 0.0788323
1.23932 0.078125

-3 0.160553
-2.97862 0.1875

2.75 0.0225909
2.76562 0.0207359

2.76562 0.0206613
2.78125 0.0192135

-2.96875 0.133081
-2.95387 0.140625

-2.95885 0.140625
-2.95312 0.148639

-2.95312 0.139421
-2.95229 0.140625

-2.95312 0.150089
-2.95167 0.15625

2.78125 0.0193046
2.79688 0.0182309

2.79688 0.0182101
2.8125 0.0173697

2.8125 0.0175631
2.82812 0.0166106

2.84375 0.0153261
2.83955 0.015625

2.82812 0.0164416
2.83961 0.015625

2.84375 0.0151015
2.85938 0.0146286

2.85938 0.0137916
2.87182 0.015625

2.87194 0.015625
2.875 0.0160759

-2.95705 0.15625
-2.95845 0.171875

-2.9538 0.171875
-2.95832 0.1875

-2.95312 0.15797
-2.95304 0.15625

-2.95312 0.185952
-2.95285 0.171875

-2.98561 0.1875
-2.96875 0.200879

-2.96928 0.21875
-2.96875 0.221925

-2.96875 0.209735
-2.95272 0.1875

-2.94552 0.21875
-2.95296 0.25

2.875 0.0163936
2.89062 0.0225459

2.89062 0.0241982
2.90625 0.0302726

2.90543 0.03125
2.90625 0.0315679

2.92188 0.0312009
2.9207 0.03125

2.92188 0.0309929
2.9375 0.0209009

2.90625 0.0319446
2.92188 0.0312962

1.25 0.0761811
1.26562 0.0738563

1.26562 0.0737362
1.28125 0.0722437

-2.9375 0.2146
-2.9295 0.21875

1.28125 0.0723148
1.29688 0.0717526

1.29688 0.0718596
1.3125 0.0718715

-2.93549 0.21875
-2.92516 0.25

2.95312 0.00332486
2.94136 0.015625

-2.97058 0.25
-2.9375 0.262962

1.3125 0.0719511
1.32812 0.0721635

1.32812 0.0722258
1.34375 0.072355

-2.9375 0.268984
-2.91802 0.25

1.34375 0.072418
1.35938 0.0722134

1.35938 0.0722787
1.375 0.0714839

2.9375 0.019215
2.94132 0.015625

2.95312 0.00416328
2.95681 0

2.99496 0
2.99762 0.015625

1.4375 0.0586234
1.42493 0.0625

1.375 0.0715444
1.39062 0.069908

1.39062 0.0699492
1.40625 0.0672676

2.9949 0.015625
2.99105 0.03125

2.99109 0.03125
2.98786 0.046875

-2.5 -0.104571
-2.48438 -0.104903

2.99022 0.046875
2.99009 0.0625

1.40625 0.0672563
1.42188 0.0634695

1.42188 0.0634519
1.42496 0.0625

-2.48438 -0.104906
-2.46875 -0.105113

-2.46875 -0.105121
-2.45312 -0.105182

-2.45312 -0.105193
-2.4375 -0.105073

2.98965 0.0625
2.98878 0.078125

-2.4375 -0.105069
-2.42188 -0.104754

-2.42188 -0.104724
-2.40625 -0.10428

-2.40625 -0.104229
-2.39062 -0.103819

-2.39062 -0.103773
-2.375 -0.103593

2.98915 0.078125
2.98768 0.09375

2.98504 0.09375
2.98998 0.125

2.9375 0.217251
2.93525 0.21875

2.93254 0.21875
2.92155 0.25

2.96875 0.15829
2.96286 0.171875

2.96583 0.171875
2.96532 0.1875

2.98363 0.125
2.98975 0.15625

2.96875 0.181024
3 0.18592

2.96875 0.188859
2.94509 0.21875

2.94964 0.21875
2.96875 0.244394

2.96875 0.213865
2.98604 0.1875

2.97187 0.21875
2.96969 0.25

-2.375 -0.103591
-2.35938 -0.103735

2.91267 0.25
2.9375 0.278731

1.4375 0.0585891
1.45312 0.0528593

1.46875 0.0461416
1.46696 0.046875

1.45312 0.0528022
1.46758 0.046875

1.46875 0.0460686
1.48438 0.0397582

1.48438 0.0396479
1.5 0.0342612

-2.35938 -0.103785
-2.34375 -0.10416

-2.34375 -0.104223
-2.32812 -0.104603

-2.32812 -0.104639
-2.3125 -0.104824

2.9375 0.269145
2.9949 0.25

3 -0.0627294
3.00012 -0.0625

3 -0.0313743
3.00005 -0.03125

3.0625 -0.00896293
3.03842 0

3.125 -0.00743789
3.08321 0

3.25 -0.00569548
3.19842 0

-2.3125 -0.104828
-2.29688 -0.10474

-2.29688 -0.104731
-2.28125 -0.104383

-2.28125 -0.104377
-2.26562 -0.103796

3.5 -0.00393366
3.39344 0

3 0.0271023
3.03125 0.0291665

-2.26562 -0.103795
-2.25 -0.102995

3.02216 0.03125
3.02767 0.0625

3.03125 0.0121597
3.04702 0

3.02448 0.0625
3.03125 0.0799589

-2.25 -0.102991
-2.23438 -0.101982

-2.23438 -0.101964
-2.21875 -0.100789

-2.21875 -0.100751
-2.20312 -0.0995232

3.03125 0.118559
3.02802 0.125

3.03125 0.0758667
3.03351 0.09375

3.03125 0.118035
3.03617 0.09375

-2.20312 -0.0994672
-2.1875 -0.0983758

-2.1875 -0.0983222
-2.17188 -0.0975862

-2.17188 -0.0975633
-2.15625 -0.0973357

-2.15625 -0.0973607
-2.14062 -0.0976372

3.0625 0.0118
3.08999 0

3 0.166231
3.02792 0.125

3 0.194568
3.00297 0.1875

-2.14062 -0.0977028
-2.125 -0.0983022

-2.125 -0.0983742
-2.10938 -0.0990212

-2.10938 -0.0990654
-2.09375 -0.0995275

-2.09375 -0.0995366
-2.07812 -0.0997071

3.125 0.00812194
3.18787 0

3.25 0.00352251
3.34391 0

4 -0.0053855
3.51643 0

-2.07812 -0.0996947
-2.0625 -0.0995802

-2.0625 -0.0995617
-2.04688 -0.0992241

-2.04688 -0.0992072
-2.03125 -0.0987173

-2.03125 -0.0987041
-2.01562 -0.0981222

-2.01562 -0.0981117
-2 -0.0974854

-2 -0.0974764
-1.98438 -0.0968448

-1.98438 -0.0968373
-1.96875 -0.0962336

-1.96875 -0.0962283
-1.95312 -0.0956781

-1.95312 -0.0956761
-1.9375 -0.0951941

-1.9375 -0.0951958
-1.92188 -0.0947828

-1.92188 -0.0947876
-1.90625 -0.0944306

-1.90625 -0.0944367
-1.89062 -0.0941138

-1.89062 -0.0941194
-1.875 -0.093807

-1.875 -0.0938106
-1.87204 -0.09375

-1.87205 -0.09375
-1.85938 -0.0934903

-1.85938 -0.093491
-1.84375 -0.0931551

-1.84375 -0.0931528
-1.82812 -0.0928045

-1.82812 -0.0928
-1.8125 -0.092453

-1.8125 -0.092447
-1.79688 -0.0921223

-1.79688 -0.0921155
-1.78125 -0.0918386

-1.78125 -0.0918315
-1.76562 -0.0916304

-1.76562 -0.0916233
-1.75 -0.0915263

-1.75 -0.0915195
-1.73438 -0.0915544

-1.73438 -0.0915482
-1.71875 -0.0917409

-1.71875 -0.0917356
-1.70312 -0.0921088

-1.70312 -0.0921045
-1.6875 -0.0926775

-1.65625 -0.0944659
-1.66739 -0.09375

-1.6875 -0.0926748
-1.67188 -0.0934613

-1.67188 -0.0934628
-1.66741 -0.09375

-1.65625 -0.0944647
-1.64062 -0.0956888

-1.64062 -0.0956894
-1.625 -0.0971351

-1.625 -0.0971368
-1.60938 -0.0987995

-1.60938 -0.0988028
-1.59375 -0.100672

-1.59375 -0.100678
-1.57812 -0.102737

-1.57812 -0.102748
-1.5625 -0.104965

-1.5625 -0.104979
-1.54688 -0.107307

-1.53125 -0.109679
-1.53328 -0.109375

-1.54688 -0.10734
-1.53332 -0.109375

-1.53125 -0.109703
-1.51562 -0.111964

-1.51562 -0.111993
-1.5 -0.114077

-1.5 -0.11412
-1.48438 -0.115885

-1.48438 -0.115935
-1.46875 -0.117197

-1.46875 -0.117337
-1.45312 -0.117717

-1.45312 -0.118017
-1.4375 -0.116638

-1.4375 -0.117326
-1.42188 -0.112212

-1.42188 -0.112593
-1.41649 -0.109375

-1.41747 -0.109375
-1.40625 -0.10149

-1.40644 -0.09375
-1.40625 -0.0935496

-1.40625 -0.100795
-1.39592 -0.09375

-1.40337 -0.09375
-1.39062 -0.0857155

-1.39062 -0.0883007
-1.375 -0.0853708

-1.375 -0.0867105
-1.35938 -0.0871778

-1.35938 -0.0874466
-1.34375 -0.0880936

-1.34375 -0.0880855
-1.32812 -0.0883907

-1.32812 -0.0883632
-1.3125 -0.0883981

-1.3125 -0.0883908
-1.29688 -0.088225

-1.29688 -0.0882369
-1.28125 -0.0878613

-1.28125 -0.0878821
-1.26562 -0.0872313

-1.26562 -0.0872511
-1.25 -0.086244

-1.25 -0.0862586
-1.23438 -0.0848265

-1.23438 -0.0848358
-1.21875 -0.0829308

-1.21875 -0.0829345
-1.20312 -0.0805307

-1.20312 -0.0804917
-1.18996 -0.078125

-1.19034 -0.078125
-1.1875 -0.0776143

-1.1875 -0.0776313
-1.17188 -0.0745991

-1.17188 -0.0746244
-1.15625 -0.0713983

-1.15625 -0.0713976
-1.14062 -0.0679284

-1.14062 -0.0678672
-1.125 -0.0642787

-1.125 -0.06412
-1.1168 -0.0625

-1.11771 -0.0625
-1.10938 -0.0608536

-1.10938 -0.0609285
-1.09375 -0.0588656

-1.09375 -0.0589181
-1.07812 -0.0578024

-1.07812 -0.0577943
-1.0625 -0.057537

-1 -0.064535
-1.01341 -0.0625

-1.0625 -0.0575211
-1.04688 -0.0581704

-1.04688 -0.0581886
-1.03125 -0.0597398

-1.03125 -0.0598519
-1.01562 -0.0620443

-1.01562 -0.0621599
-1.01338 -0.0625

