-4 -0.00397146
-3.67149 0

-3.57315 0
-3.5 0.000884364

-3.5 -0.00247231
-3.43873 0

-3.25 -0.00361737
-3.22142 0

-3.125 -0.00485306
-3.10577 0

1.5 -0.224355
1.51562 -0.225479

1.51562 -0.225612
1.53125 -0.22643

1.53125 -0.226558
1.54688 -0.226548

1.54688 -0.226572
1.5625 -0.225431

-3 -0.0676475
-3.00317 -0.0625

-3.0625 -0.000258781
-3.06185 0

1.5625 -0.225368
1.57812 -0.223175

1.57812 -0.223116
1.59375 -0.220118

-3.00317 -0.0625
-3 -0.0578836

-3.4006 0
-3.25 0.00613012

-3.21342 0
-3.125 0.0116744

1.59375 -0.220155
1.59948 -0.21875

1.59971 -0.21875
1.60938 -0.216382

1.60938 -0.215912
1.625 -0.212011

-3.10378 0
-3.0625 0.0189978

-3.0625 0.00430728
-3.03125 0.0289295

-3.03692 0.03125
-3.03125 0.0424828

-3.03125 0.0298927
-3.03049 0.03125

-3.03125 0.045672
-3.02593 0.0625

-3.03276 0.0625
-3.03125 0.0755142

-3.03486 0.09375
-3.03125 0.103715

-3.03125 0.0685182
-3.02268 0.09375

-3.03125 0.101267
-3.00954 0.125

1.625 -0.210905
1.64062 -0.210043

1.64062 -0.209053
1.65625 -0.215419

0 -0.0259828
0.015625 -0.0250612

0.015625 -0.0246045
0.03125 -0.0242866

0.03125 -0.0243385
0.046875 -0.0254341

0.046875 -0.0256483
0.0625 -0.0276254

0.09375 -0.0331422
0.0841371 -0.03125

0.0625 -0.0275933
0.078125 -0.0300875

0.078125 -0.0301217
0.083857 -0.03125

0.09375 -0.0328393
0.109375 -0.0371439

0.109375 -0.0370797
0.125 -0.0433892

-3.01548 0.125
-3 0.146985

0.171875 -0.0640948
0.167776 -0.0625

0.171875 -0.0642989
0.1875 -0.069702

1.65625 -0.218777
1.67188 -0.22795

1.67188 -0.227811
1.6875 -0.233352

1.65625 -0.217037
1.65911 -0.21875

0.140625 -0.0516506
0.130408 -0.046875

0.125 -0.0434018
0.132431 -0.046875

0.140625 -0.0515244
0.15625 -0.0581571

0.15625 -0.0577786
0.168384 -0.0625

1.70312 -0.235455
1.697 -0.234375

1.6875 -0.233091
1.69478 -0.234375

1.70312 -0.235384
1.71875 -0.23681

0.1875 -0.069401
0.203125 -0.073963

0.21875 -0.0800257
0.213049 -0.078125

0.203125 -0.0731795
0.217958 -0.078125

1.71875 -0.23677
1.73438 -0.237508

1.73438 -0.237507
1.75 -0.23764

0.21875 -0.0797192
0.234375 -0.0846136

0.21875 -0.0773274
0.221296 -0.078125

-3 -0.0830903
-2.99369 -0.078125

-3 -0.0678581
-2.99959 -0.0625

-3 -0.0514057
-2.99767 -0.0625

0.234375 -0.0842705
0.25 -0.0875556

1.75 -0.237624
1.76562 -0.237184

1.76562 -0.237098
1.78125 -0.236292

1.78125 -0.236114
1.79688 -0.235473

1.79688 -0.235294
1.8125 -0.235532

0.25 -0.0876863
0.265625 -0.0896569

1.8125 -0.235499
1.82812 -0.237036

1.82812 -0.237181
1.84375 -0.239794

1.84375 -0.239984
1.85938 -0.243003

1.85938 -0.243141
1.875 -0.24591

1.875 -0.245981
1.89062 -0.248085

1.89062 -0.248088
1.90625 -0.249379

1.90625 -0.249348
1.92188 -0.249884

1.92188 -0.249844
1.9375 -0.249768

0.265625 -0.0893395
0.28125 -0.0903691

0.3125 -0.0954577
0.304409 -0.09375

0.28125 -0.08982
0.296875 -0.0916414

0.296875 -0.091609
0.307019 -0.09375

0.3125 -0.0953978
0.328125 -0.0992546

0.328125 -0.0992933
0.34375 -0.103128

0.34375 -0.103203
0.359375 -0.10679

0.375 -0.110364
0.370661 -0.109375

0.359375 -0.10654
0.371816 -0.109375

-3 -0.0457648
-2.99497 -0.046875

1.9375 -0.249734
1.95312 -0.249193

1.95312 -0.249171
1.96875 -0.248274

1.96875 -0.248262
1.98438 -0.247075

0.4375 -0.130312
0.426209 -0.125

0.4375 -0.131046
0.453125 -0.137975

0.46875 -0.143128
0.461214 -0.140625

1.98438 -0.24707
2 -0.245626

0.453125 -0.137668
0.462027 -0.140625

0.46875 -0.14318
0.484375 -0.1466

0.484375 -0.146277
0.5 -0.148175

0.375 -0.110368
0.390625 -0.113866

-2.98438 0.0462214
-2.98937 0.046875

-2.98767 0.046875
-2.98438 0.0472291

-2.98438 0.0476509
-2.98392 0.046875

0.390625 -0.113456
0.40625 -0.117303

0.40625 -0.117023
0.421875 -0.122597

-3 0.107678
-2.96875 0.114238

-2.96875 0.120891
-2.96156 0.125

-2.99204 0.125
-2.96875 0.149546

-2.98934 0.15625
-2.99081 0.1875

-2.96875 0.126627
-2.95312 0.12901

-2.96875 0.155251
-2.96797 0.15625

0.421875 -0.122602
0.426973 -0.125

-2.95312 0.12978
-2.9375 0.137576

-2.96875 0.164967
-2.95312 0.169227

-2.96875 0.179481
-2.95312 0.178269

-2.95304 0.15625
-2.9375 0.16158

-2.94384 0.171875
-2.93807 0.1875

-2.98133 0.1875
-2.96875 0.204604

-2.97004 0.21875
-2.96875 0.222551

-2.96875 0.213369
-2.9375 0.201338

-2.95597 0.21875
-2.94023 0.25

-2.9375 0.138722
-2.93447 0.140625

-2.93286 0.140625
-2.92188 0.146454

-2.92188 0.149237
-2.90869 0.15625

-2.93331 0.15625
-2.93614 0.171875

-2.9375 0.173824
-2.93738 0.171875

-2.90867 0.15625
-2.90625 0.157442

-2.90625 0.157567
-2.89062 0.164092

-2.89062 0.1637
-2.875 0.169168

-2.9375 0.188999
-2.93722 0.1875

-2.93693 0.203125
-2.92832 0.21875

-2.92898 0.21875
-2.9247 0.25

-2.875 0.169479
-2.86704 0.171875

-2.86658 0.171875
-2.85938 0.174045

-2.85938 0.173909
-2.84375 0.177768

-2.84375 0.177848
-2.82812 0.181117

-2.82812 0.181162
-2.8125 0.183593

-2.8125 0.183509
-2.79688 0.185179

-2.79688 0.185083
-2.78125 0.186351

-2.78125 0.18636
-2.76562 0.187404

-2.76562 0.187445
-2.7644 0.1875

-2.76454 0.1875
-2.75 0.188157

-2.97427 0.25
-2.9375 0.266094

-2.9375 0.27525
-2.90981 0.25

-2.75 0.188122
-2.73438 0.188465

-2.73438 0.188378
-2.71875 0.188602

-2.71875 0.188516
-2.70312 0.188969

-0.984375 0.119686
-0.998908 0.125

-0.984375 0.119326
-0.96875 0.113169

2 -0.245624
2.01562 -0.243939

2.01562 -0.243937
2.03125 -0.242018

2.03125 -0.242015
2.04688 -0.23987

2.04688 -0.239857
2.0625 -0.237515

2.0625 -0.237487
2.07812 -0.235031

2.07812 -0.234956
2.0821 -0.234375

2.08175 -0.234375
2.09375 -0.23262

-0.953125 0.108008
-0.956948 0.109375

0.5 -0.148033
0.515625 -0.149339

0.515625 -0.149379
0.53125 -0.150294

-0.96875 0.112745
-0.959328 0.109375

-0.953125 0.107591
-0.9375 0.102548

-0.90625 0.0933325
-0.907737 0.09375

-0.9375 0.102561
-0.921875 0.0977135

-0.921875 0.0975484
-0.908349 0.09375

-0.90625 0.093221
-0.890625 0.0895031

-0.890625 0.089556
-0.875 0.0863209

-1 0.125311
-0.999149 0.125

2.09375 -0.232751
2.10938 -0.23063

-0.875 0.0863476
-0.859375 0.0834362

2.10938 -0.230626
2.125 -0.228437

-2.70312 0.188959
-2.6875 0.189832

-2.6875 0.189861
-2.67188 0.191117

-2.67188 0.191161
-2.65625 0.192654

-2.65625 0.192686
-2.64062 0.194264

-2.64062 0.194294
-2.625 0.195836

-2.625 0.195849
-2.60938 0.197269

-2.60938 0.197265
-2.59375 0.198546

-2.59375 0.198519
-2.57812 0.199721

-2.57812 0.199695
-2.5625 0.200925

-2.5625 0.200906
-2.54688 0.202253

-2.54688 0.202258
-2.53775 0.203125

-2.53784 0.203125
-2.53125 0.203751

-0.859375 0.0839765
-0.84375 0.080255

0.53125 -0.150261
0.546875 -0.150769

0.546875 -0.150457
0.5625 -0.151249

2.125 -0.22843
2.14062 -0.226193

0.59375 -0.157449
0.588211 -0.15625

2.14062 -0.226184
2.15625 -0.223931

0.5625 -0.151198
0.578125 -0.152998

-2.53125 0.203751
-2.51562 0.205342

0.578125 -0.152549
0.59375 -0.155932

-2.51562 0.205353
-2.5 0.207018

2.15625 -0.22392
2.17188 -0.221693

2.17188 -0.221677
2.1875 -0.219529

0.59375 -0.157552
0.609375 -0.161832

0.609375 -0.161311
0.625 -0.164717

0.59375 -0.153587
0.60347 -0.15625

0.625 -0.164732
0.640625 -0.16662

0.640625 -0.166291
0.65625 -0.167288

0.65625 -0.16714
0.671875 -0.1682

0.671875 -0.168229
0.6875 -0.169589

0.6875 -0.169608
0.703125 -0.171171

0.71875 -0.173138
0.707743 -0.171875

-0.828125 0.0745387
-0.838639 0.078125

2.1875 -0.219498
2.19362 -0.21875

2.19319 -0.21875
2.20312 -0.217536

2.20312 -0.217655
2.21875 -0.215912

0.703125 -0.170863
0.711944 -0.171875

2.21875 -0.215923
2.23438 -0.214127

2.23438 -0.214131
2.25 -0.212254

-2.5 0.207024
-2.48438 0.208729

-2.48438 0.208734
-2.46875 0.210458

-2.46875 0.210459
-2.45312 0.212191

-2.45312 0.212196
-2.4375 0.213921

-2.4375 0.213928
-2.42188 0.215623

-2.42188 0.215635
-2.40625 0.217261

-0.84375 0.0805032
-0.836778 0.078125

0.71875 -0.172987
0.734375 -0.175287

0.71875 -0.171014
0.7246 -0.171875

0.734375 -0.175068
0.75 -0.178221

0.734375 -0.171625
0.735615 -0.171875

2.25 -0.212247
2.26562 -0.210296

2.26562 -0.210279
2.28125 -0.208301

0.8125 -0.189088
0.797243 -0.1875

-0.828125 0.0745688
-0.8125 0.0683449

-0.796875 0.0617122
-0.798914 0.0625

-0.796875 0.061724
-0.78125 0.0570447

-0.78125 0.0573035
-0.765625 0.0539819

-0.765625 0.0541423
-0.75 0.0513402

0.75 -0.17856
0.765625 -0.182001

0.765625 -0.182076
0.78125 -0.184959

0.78125 -0.184863
0.796875 -0.187229

0.796875 -0.187218
0.79958 -0.1875

0.8125 -0.188838
0.828125 -0.189758

-0.8125 0.0680513
-0.79813 0.0625

-2.40625 0.217295
-2.39074 0.21875

-2.39071 0.21875
-2.39062 0.218758

0.828125 -0.189763
0.84375 -0.190422

2.28125 -0.208278
2.29688 -0.206354

-2.39062 0.218758
-2.375 0.220002

2.29688 -0.20634
2.3125 -0.204543

0.84375 -0.190377
0.859375 -0.190856

2.3125 -0.204529
2.32624 -0.203125

0.859375 -0.190895
0.875 -0.191204

-0.75 0.05148
-0.734375 0.0485973

2.32574 -0.203125
2.32812 -0.202882

-0.71875 0.0450811
-0.72775 0.046875

0.875 -0.191291
0.890625 -0.191176

-2.375 0.219994
-2.35938 0.221039

0.890625 -0.191216
0.90625 -0.190423

-2.35938 0.221046
-2.34375 0.221894

-0.734375 0.0488364
-0.724535 0.046875

-2.34375 0.221902
-2.32812 0.222521

-2.32812 0.222528
-2.3125 0.222887

0.90625 -0.190269
0.921875 -0.189028

-2.3125 0.222892
-2.29688 0.222967

2.32812 -0.202958
2.34375 -0.201536

-2.29688 0.22297
-2.28125 0.222744

2.34375 -0.201568
2.35938 -0.200194

-0.71875 0.0454306
-0.703125 0.0421884

2.35938 -0.2002
2.375 -0.198798

-0.703125 0.0420265
-0.6875 0.0389566

0.921875 -0.188685
0.9375 -0.187999

-0.6875 0.0389741
-0.671875 0.0363651

-2.28125 0.222749
-2.26562 0.222206

2.375 -0.198798
2.39062 -0.197357

-2.26562 0.222195
-2.25 0.221348

0.935757 -0.1875
0.9375 -0.187423

-0.671875 0.0363631
-0.65625 0.0341837

2.39062 -0.197339
2.40625 -0.195896

2.40625 -0.195877
2.42188 -0.194505

-0.625 0.0296833
-0.63702 0.03125

-2.21875 0.218172
-2.22386 0.21875

-2.25 0.221382
-2.23438 0.220185

2.42188 -0.194493
2.4375 -0.193254

-2.23438 0.220348
-2.22025 0.21875

-2.21875 0.218255
-2.20312 0.216241

2.4375 -0.193285
2.45312 -0.192141

2.45312 -0.192203
2.46875 -0.190968

-0.65625 0.0343616
-0.640625 0.0322598

-0.640625 0.032562
-0.630559 0.03125

0.9375 -0.187746
0.953125 -0.188808

2.46875 -0.191067
2.48438 -0.189419

-2.20312 0.216291
-2.1875 0.214412

2.48438 -0.189349
2.49812 -0.1875

-0.625 0.0300044
-0.609375 0.0284707

-0.609375 0.0285597
-0.59375 0.0274458

-0.59375 0.0274082
-0.578125 0.0266113

-2.1875 0.214417
-2.17188 0.212563

-0.578125 0.0266307
-0.5625 0.0261871

0.953125 -0.188933
0.96875 -0.191991

-0.5625 0.0262625
-0.546875 0.0259826

0.96875 -0.19218
0.984375 -0.196605

-2.17188 0.212566
-2.15625 0.210719

2.49768 -0.1875
2.5 -0.187187

-2.15625 0.210706
-2.14062 0.208889

-2.14062 0.208899
-2.125 0.207118

0.984375 -0.19674
1 -0.201886

-0.546875 0.0259776
-0.53125 0.0257207

-0.53125 0.0256954
-0.515625 0.0255221

-2.125 0.207144
-2.10938 0.205328

-0.515625 0.025502
-0.5 0.0255031

-2.10938 0.20545
-2.09375 0.203305

-2.09375 0.203059
-2.07812 0.200816

-2.09375 0.203332
-2.09231 0.203125

-2.07812 0.200772
-2.0625 0.19901

-2.0625 0.19906
-2.04688 0.197786

-2.04688 0.197805
-2.03125 0.196881

-2.03125 0.196815
-2.01562 0.196333

-2.01562 0.196191
-2 0.196568

-0.296875 -0.00331167
-0.307699 0

-0.296875 -0.0034674
-0.28125 -0.00679017

-0.28125 -0.00603285
-0.265625 -0.00859988

-2.09375 0.359442
-2.09368 0.359375

-0.265625 -0.00908418
-0.25 -0.0114415

-2.0625 0.422093
-2.06228 0.421875

2.5 -0.187078
2.51562 -0.184996

2.51562 -0.184898
2.53125 -0.183351

2.53125 -0.183408
2.54688 -0.182479

2.54688 -0.182602
2.5625 -0.181931

-0.25 -0.01158
-0.234375 -0.0124821

-0.234375 -0.0122091
-0.21875 -0.0119253

2.5625 -0.181888
2.57812 -0.181315

2.57812 -0.181156
2.59375 -0.181082

2.59375 -0.181129
2.60938 -0.181779

-0.21875 -0.0117923
-0.203125 -0.0111343

-0.203125 -0.0112475
-0.1875 -0.0102546

2.60938 -0.181872
2.625 -0.182965

-0.1875 -0.0100315
-0.171875 -0.0089232

1.01562 -0.20738
1.00333 -0.203125

1 -0.202005
1.00324 -0.203125

1.01562 -0.207497
1.03125 -0.212752

1.0625 -0.221901
1.0509 -0.21875

2.625 -0.183086
2.64062 -0.184193

2.64062 -0.184217
2.65625 -0.18505

2.65625 -0.185012
2.67188 -0.1856

2.67188 -0.185577
2.6875 -0.18604

1.03125 -0.212785
1.04688 -0.217603

1.04688 -0.217585
1.05117 -0.21875

-0.171875 -0.00875319
-0.15625 -0.00831563

-0.15625 -0.00845926
-0.140625 -0.00874518

-0.140625 -0.00878895
-0.125 -0.00942357

2.6875 -0.186023
2.70312 -0.186438

-0.125 -0.00948328
-0.109375 -0.0102597

-0.109375 -0.0102981
-0.09375 -0.01102

-0.09375 -0.0109773
-0.078125 -0.0116534

-0.078125 -0.011319
-0.0625 -0.0127032

-0.046875 -0.016384
-0.0502356 -0.015625

-0.0625 -0.0122407
-0.0475149 -0.015625

-0.046875 -0.0165232
-0.03125 -0.0216144

1.0625 -0.221933
1.07812 -0.225431

1.07812 -0.225406
1.09375 -0.228105

-2 0.196317
-1.98438 0.198338

1.09375 -0.228076
1.10938 -0.230085

-1.98438 0.198137
-1.96875 0.202708

-0.03125 -0.0224612
-0.015625 -0.0260712

-1.96875 0.202679
-1.96787 0.203125

-0.015625 -0.0259748
0 -0.0266026

2.70312 -0.186442
2.71875 -0.186835

2.71875 -0.18685
2.73438 -0.187185

2.73438 -0.1872
2.75 -0.187417

1.10938 -0.230063
1.125 -0.231485

2.76562 -0.187507
2.76453 -0.1875

2.76562 -0.187514
2.78125 -0.187518

2.78125 -0.187517
2.78392 -0.1875

-0.5 0.0255179
-0.484375 0.0257042

-0.484375 0.0257952
-0.46875 0.0259551

-0.46875 0.0259508
-0.453125 0.0259107

1.125 -0.231471
1.14062 -0.232382

1.14062 -0.23237
1.15625 -0.232821

1.15625 -0.232808
1.17188 -0.232848

1.17188 -0.23283
1.1875 -0.232523

-0.453125 0.0258074
-0.4375 0.0257825

-0.4375 0.0258184
-0.421875 0.0259437

-0.421875 0.0261909
-0.40625 0.0259003

-0.40625 0.0260429
-0.390625 0.0245567

1.1875 -0.232508
1.20312 -0.23192

1.20312 -0.231911
1.21875 -0.23109

2.79688 -0.187505
2.79736 -0.1875

1.21875 -0.23108
1.23438 -0.230065

2.75 -0.187399
2.76513 -0.1875

-0.390625 0.0244835
-0.375 0.0216629

2.78244 -0.1875
2.79688 -0.187408

2.79688 -0.187395
2.8125 -0.187239

-1.96687 0.203125
-1.95312 0.210759

2.8125 -0.187232
2.82812 -0.18706

2.82812 -0.187094
2.84375 -0.186854

1.23438 -0.230046
1.25 -0.228896

-0.375 0.0218304
-0.359375 0.0174865

-0.34375 0.0115352
-0.355254 0.015625

-0.359375 0.0173439
-0.35454 0.015625

-1.95312 0.210575
-1.94336 0.21875

-0.34375 0.0110366
-0.328125 0.00605983

-1.9447 0.21875
-1.9375 0.225621

1.25 -0.228862
1.26562 -0.227685

2.84375 -0.186848
2.85938 -0.186481

1.26562 -0.227637
1.28125 -0.226596

-0.328125 0.00673668
-0.3125 0.00212716

-0.3125 0.00213392
-0.305525 0

-1.9375 0.227131
-1.92909 0.234375

-1.93042 0.234375
-1.92188 0.240851

-1.92188 0.241099
-1.90625 0.246915

1.28125 -0.226545
1.29688 -0.225838

-1.90625 0.245854
-1.89062 0.245801

-1.89062 0.244815
-1.875 0.242987

1.29688 -0.225827
1.3125 -0.225577

1.3125 -0.225646
1.32812 -0.225738

1.32812 -0.225837
1.34375 -0.225932

-1.875 0.242775
-1.85938 0.241566

-1.85938 0.241869
-1.84375 0.241098

-1.84375 0.241115
-1.82812 0.240143

-1.82812 0.239951
-1.8125 0.239125

1.34375 -0.225991
1.35938 -0.225776

-1.8125 0.239233
-1.79688 0.238719

-1.79688 0.239179
-1.78125 0.237841

-1.76562 0.233881
-1.76776 0.234375

-1.78125 0.238144
-1.76562 0.234526

1.35938 -0.225793
1.375 -0.225118

-1.76562 0.233839
-1.75 0.228703

-1.76562 0.234499
-1.76525 0.234375

2.85938 -0.186557
2.875 -0.185921

1.375 -0.225099
1.39062 -0.223967

2.9375 -0.219229
2.93679 -0.21875

2.93613 -0.21875
2.9375 -0.218084

2.92188 -0.187513
2.92193 -0.1875

1.39062 -0.22387
1.40625 -0.22251

1.40625 -0.222349
1.42188 -0.221275

2.875 -0.185909
2.89062 -0.184878

2.89062 -0.184971
2.90625 -0.183382

-1.75 0.228317
-1.73438 0.223738

-1.73438 0.223691
-1.71875 0.220535

1.42188 -0.221208
1.4375 -0.220873

2.90625 -0.183383
2.92188 -0.181048

2.92188 -0.181783
2.9375 -0.177232

-1.6875 0.217542
-1.70051 0.21875

2.9375 -0.219774
2.9381 -0.21875

1.4375 -0.220942
1.45312 -0.221342

2.9375 -0.187578
2.93763 -0.1875

2.9375 -0.180075
2.94852 -0.171875

2.94678 -0.171875
2.95312 -0.163739

1.45312 -0.221437
1.46875 -0.222246

2.9527 -0.15625
2.95312 -0.155456

2.95312 -0.1552
2.96099 -0.140625

2.96589 -0.140625
2.96875 -0.135951

2.96875 -0.125817
2.96918 -0.125

-1.71875 0.22068
-1.70312 0.218752

-1.70312 0.218926
-1.70123 0.21875

-1.6875 0.217734
-1.67188 0.215896

-1.67188 0.216062
-1.65625 0.213101

-1.65625 0.213295
-1.64062 0.20849

-1.625 0.201134
-1.63022 0.203125

-1.64062 0.208223
-1.62727 0.203125

-1.5625 0.18604
-1.56837 0.1875

-1.625 0.201377
-1.60938 0.196552

-1.60938 0.196964
-1.59375 0.193675

-1.59375 0.194109
-1.57812 0.190662

1.46875 -0.222277
1.48438 -0.223244

-1.57812 0.190554
-1.56585 0.1875

-1.5625 0.186177
-1.54688 0.183049

-1.54688 0.18323
-1.53125 0.18111

-1.53125 0.181256
-1.51562 0.179489

-1.51562 0.179677
-1.5 0.177596

1.48438 -0.223235
1.5 -0.224313

2.97279 -0.125
2.98536 -0.09375

2.98429 -0.09375
2.98438 -0.0924901

2.98434 -0.078125
2.98118 -0.0625

2.98973 -0.09375
2.99106 -0.078125

2.98438 -0.0632601
2.98757 -0.078125

2.9839 -0.0625
2.98422 -0.046875

2.98401 -0.046875
2.98427 -0.03125

2.98428 -0.03125
2.98438 -0.0306104

2.98438 -0.0224507
2.98541 -0.015625

2.98646 -0.015625
2.99127 0

-1.5 0.177665
-1.48438 0.174757

-1.46875 0.171017
-1.4729 0.171875

-1.48438 0.174492
-1.47172 0.171875

-1.46875 0.171056
-1.45312 0.168439

-1.45312 0.168558
-1.4375 0.166613

-1.4375 0.166743
-1.42188 0.164975

-1.42188 0.165057
-1.40625 0.163043

-1.40625 0.163045
-1.39062 0.160619

-1.39062 0.160477
-1.375 0.157919

2.99313 0
2.99528 0.015625

2.99328 0.015625
2.98979 0.03125

-1.35938 0.155705
-1.36332 0.15625

-1.35938 0.155754
-1.34375 0.154007

-1.375 0.15777
-1.364 0.15625

2.98905 0.03125
2.9861 0.046875

2.98731 0.046875
2.98719 0.0625

2.98699 0.0625
2.98768 0.078125

-1.34375 0.154176
-1.32812 0.152267

-1.32812 0.152228
-1.3125 0.149899

-1.3125 0.149283
-1.29688 0.147844

-1.29688 0.147183
-1.28125 0.14919

2.98872 0.078125
2.98851 0.09375

2.98594 0.09375
2.98989 0.125

-1.28125 0.150085
-1.26562 0.155068

-1.26562 0.155746
-1.26321 0.15625

-1.26562 0.156561
-1.25 0.15982

2.9375 0.213652
2.9274 0.21875

2.93041 0.21875
2.91594 0.25

2.96875 0.15533
2.9673 0.15625

2.96862 0.15625
2.95976 0.171875

2.96189 0.171875
2.96405 0.1875

2.98381 0.125
2.988 0.15625

2.96875 0.183139
3 0.185983

2.96875 0.190435
2.94833 0.21875

2.94892 0.21875
2.96875 0.249361

2.96875 0.20891
2.98903 0.1875

2.96875 0.248041
2.97004 0.21875

-1.21875 0.153966
-1.23052 0.15625

-1.25 0.159558
-1.23438 0.158631

2.90924 0.25
2.9375 0.279625

2.9375 0.272534
2.98782 0.25

-1.23438 0.158597
-1.22228 0.15625

-1.21875 0.154249
-1.20312 0.151816

3 -0.0966021
3.0014 -0.09375

3 -0.0794536
3.00135 -0.0625

3.0625 -0.00714915
3.04253 0

-1.20312 0.152231
-1.1875 0.150632

-1.1875 0.151247
-1.17188 0.148423

-1.17188 0.148681
-1.15625 0.14289

-1.14062 0.134538
-1.15376 0.140625

3.125 -0.00596958
3.09289 0

3.25 -0.00452592
3.21058 0

3.5 -0.00342589
3.41237 0

3 0.029957
3.03125 0.0286537

3.02614 0.03125
3.02466 0.0625

-1.15625 0.142266
-1.15271 0.140625

-1.14062 0.133317
-1.125 0.129286

3.03125 0.0150052
3.05088 0

3.02415 0.0625
3.03125 0.0894943

3.03125 0.121381
3.02987 0.125

3.03125 0.0833502
3.03243 0.09375

3.03125 0.116221
3.03492 0.09375

3.0625 0.0136693
3.09421 0

3 0.167568
3.02872 0.125

3 0.196088
3.00414 0.1875

-1.125 0.128702
-1.10938 0.131682

-1.10938 0.134498
-1.09375 0.140021

-1.094 0.140625
-1.09375 0.140715

3.125 0.00932692
3.19411 0

3.25 0.00403659
3.3525 0

4 -0.0052729
3.55264 0

-1.09375 0.140345
-1.08983 0.140625

-1.09375 0.140726
-1.07812 0.141818

-1.07812 0.140315
-1.0625 0.138571

-1.0625 0.138626
-1.04688 0.136868

-1.04688 0.13726
-1.03125 0.134594

-1.03125 0.134478
-1.01562 0.130352

-1.01562 0.130144
-1 0.125205

