-4 -0.00468529
-3.62917 0

-3.53094 0
-3.5 0.000390866

-3.5 -0.0027469
-3.43369 0

-3.25 -0.00384343
-3.21999 0

-3.125 -0.00531003
-3.10479 0

-3 -0.079237
-3.00156 -0.0625

-3.00027 -0.0625
-3 -0.0425185

-3.39764 0
-3.25 0.00614643

-3.21363 0
-3.125 0.0118586

-3.10396 0
-3.0625 0.0192782

-3.0625 0.00499174
-3.03125 0.0299587

-3.03918 0.03125
-3.03125 0.0478887

-3 0.0310791
-3.00025 0.03125

-3.03125 0.055016
-3.02664 0.0625

-3.03574 0.0625
-3.03125 0.0830668

-3.03775 0.09375
-3.03125 0.109836

-3.03125 0.0814617
-3.0223 0.09375

-3.03125 0.0966957
-3.0009 0.125

-3.01541 0.125
-3 0.148241

-2.96875 -0.125868
-2.96918 -0.125

-2.9375 -0.186705
-2.9496 -0.171875

-2.95312 -0.164782
-2.95009 -0.171875

-2.95312 -0.155207
-2.96051 -0.140625

-2.96875 -0.135636
-2.96567 -0.140625

-2.95312 -0.155655
-2.95282 -0.15625

-2.92188 -0.197961
-2.93701 -0.1875

-2.92188 -0.196246
-2.90625 -0.202179

-2.89062 -0.2067
-2.90325 -0.203125

-2.90625 -0.2019
-2.90193 -0.203125

-2.89062 -0.206662
-2.875 -0.209466

-2.9375 -0.186566
-2.93634 -0.1875

-2.97292 -0.125
-2.9848 -0.09375

-2.98747 -0.09375
-2.9887 -0.078125

-2.98448 -0.078125
-2.98438 -0.0772522

-2.98438 -0.0936523
-2.98437 -0.09375

-2.98438 -0.0779379
-2.98248 -0.0625

-2.98438 -0.0501195
-2.98405 -0.0625

-2.98418 -0.046875
-2.98431 -0.03125

-2.98438 -0.0227584
-2.98498 -0.015625

-2.98567 -0.015625
-2.98817 0

-2.98438 -0.0307256
-2.98433 -0.03125

0 -0.150492
0.015625 -0.148959

0.015625 -0.148979
0.03125 -0.147497

0.03125 -0.147531
0.046875 -0.145994

0.046875 -0.145999
0.0625 -0.144327

-2.875 -0.209129
-2.85938 -0.210886

-1 -0.219271
-0.999037 -0.21875

0.0625 -0.144549
0.078125 -0.14229

0.078125 -0.142459
0.0879579 -0.140625

-2.85938 -0.210913
-2.84375 -0.212244

-2.84375 -0.212132
-2.82812 -0.213208

-1 -0.216902
-0.984375 -0.208703

0.0840942 -0.140625
0.09375 -0.138824

0.09375 -0.139053
0.109375 -0.136126

0.109375 -0.136299
0.125 -0.133284

-2.82812 -0.213219
-2.8125 -0.214241

-2.8125 -0.214186
-2.79688 -0.215245

-2.79688 -0.21527
-2.78125 -0.216428

0.125 -0.133211
0.140625 -0.129906

0.140625 -0.130086
0.15625 -0.126279

-2.75 -0.219253
-2.75485 -0.21875

-2.78125 -0.216398
-2.76562 -0.217668

-2.76562 -0.217556
-2.75412 -0.21875

0.15625 -0.126569
0.162618 -0.125

0.15867 -0.125
0.171875 -0.121747

0.171875 -0.122214
0.1875 -0.118754

-0.984375 -0.208661
-0.96875 -0.205276

1.5 0.116714
1.51562 0.118553

1.51562 0.118576
1.53125 0.120977

1.53125 0.121105
1.54688 0.123768

1.54688 0.123851
1.55436 0.125

1.55374 0.125
1.5625 0.126345

1.5625 0.126387
1.57812 0.128084

1.57812 0.127909
1.59375 0.129082

1.59375 0.128892
1.60938 0.130272

1.60938 0.130166
1.625 0.132344

-2.75 -0.219367
-2.73438 -0.221184

-2.73438 -0.221188
-2.71875 -0.22286

-2.71875 -0.222813
-2.70312 -0.224427

0.1875 -0.119003
0.203125 -0.115051

-2.70312 -0.224434
-2.6875 -0.226068

-2.6875 -0.226083
-2.67188 -0.227695

0.203125 -0.115373
0.21875 -0.109786

0.21875 -0.109802
0.219892 -0.109375

0.21875 -0.108755
0.234375 -0.102918

-0.96875 -0.206181
-0.953125 -0.205916

-0.953125 -0.206203
-0.9375 -0.206674

-0.9375 -0.206693
-0.921875 -0.20729

1.625 0.132438
1.64062 0.135434

-2.67188 -0.227759
-2.65625 -0.229192

0.234375 -0.102932
0.25 -0.0988802

1.64062 0.135606
1.65625 0.138888

-0.921875 -0.207328
-0.90625 -0.207938

0.25 -0.099282
0.265625 -0.0962135

-0.90625 -0.20799
-0.890625 -0.208433

0.265625 -0.0966643
0.277707 -0.09375

1.65625 0.138718
1.66473 0.140625

1.66448 0.140625
1.67188 0.142288

1.67188 0.14222
1.6875 0.146328

1.6875 0.146681
1.70312 0.150753

-0.890625 -0.208441
-0.875 -0.208598

1.70312 0.150341
1.71875 0.154494

1.71875 0.153738
1.72557 0.15625

1.72378 0.15625
1.73438 0.16015

-0.875 -0.208585
-0.859375 -0.208467

1.73438 0.161085
1.75 0.166757

-2.65625 -0.229251
-2.64062 -0.23026

-2.64062 -0.23031
-2.625 -0.230677

1.75 0.165375
1.76562 0.171338

-2.625 -0.230661
-2.60938 -0.230319

-2.60938 -0.230256
-2.59375 -0.229361

-0.859375 -0.20846
-0.84375 -0.208105

-0.84375 -0.208107
-0.828125 -0.207523

0.277518 -0.09375
0.28125 -0.0928497

0.28125 -0.0924753
0.296875 -0.0879448

0.296875 -0.0877672
0.3125 -0.0836494

-0.828125 -0.20752
-0.8125 -0.206711

0.3125 -0.0837159
0.328125 -0.0802333

-0.8125 -0.206699
-0.796875 -0.205696

-2.59375 -0.229256
-2.57812 -0.228147

-2.57812 -0.228081
-2.5625 -0.227098

-0.796875 -0.205683
-0.78125 -0.204533

0.328125 -0.0804642
0.338537 -0.078125

0.339012 -0.078125
0.34375 -0.0770607

0.34375 -0.0770277
0.359375 -0.0728805

0.359375 -0.0726558
0.375 -0.0682414

-0.78125 -0.204518
-0.765625 -0.203277

0.375 -0.0680347
0.390625 -0.0642158

0.390625 -0.0640885
0.399823 -0.0625

-2.5625 -0.227057
-2.54688 -0.226415

-2.54688 -0.22639
-2.53125 -0.226221

-2.53125 -0.22625
-2.51562 -0.226543

-0.765625 -0.203273
-0.763885 -0.203125

-0.763677 -0.203125
-0.75 -0.201965

-2.51562 -0.226637
-2.5 -0.227144

0.400923 -0.0625
0.40625 -0.0615801

-2.98865 0
-2.99036 0.015625

-0.75 -0.201969
-0.734375 -0.200524

-2.99051 0.015625
-2.99017 0.03125

-2.98972 0.03125
-2.98795 0.046875

-2.98762 0.046875
-2.98599 0.0625

-2.98568 0.0625
-2.98547 0.078125

-2.98551 0.078125
-2.98725 0.09375

1.76466 0.171875
1.76562 0.172242

-0.734375 -0.200521
-0.71875 -0.198954

-0.71875 -0.19894
-0.703125 -0.197283

-2.98657 0.09375
-2.9965 0.125

0.40625 -0.0615865
0.421875 -0.0598709

-0.703125 -0.197268
-0.6875 -0.195581

-0.6875 -0.195568
-0.671875 -0.193905

-0.671875 -0.193901
-0.65625 -0.192301

-0.65625 -0.192308
-0.640625 -0.190765

-0.640625 -0.190746
-0.625 -0.189284

1.76562 0.170818
1.76803 0.171875

-3 0.128252
-2.96875 0.150468

-3 0.17207
-2.97724 0.1875

0.421875 -0.0598838
0.4375 -0.0588753

-2.96875 0.140381
-2.96842 0.140625

-2.96875 0.1466
-2.9621 0.15625

1.76562 0.172488
1.78125 0.179367

1.78125 0.178737
1.79688 0.185515

1.79688 0.18491
1.80242 0.1875

1.79992 0.1875
1.8125 0.193372

-0.625 -0.189299
-0.609375 -0.187926

-0.609375 -0.187956
-0.603531 -0.1875

0.4375 -0.0589853
0.453125 -0.058438

0.453125 -0.0587423
0.46875 -0.0578276

0.46875 -0.0580899
0.484375 -0.0556743

0.484375 -0.0574792
0.5 -0.0494285

1.8125 0.192968
1.82812 0.200462

1.82812 0.200059
1.83408 0.203125

1.83315 0.203125
1.84375 0.208581

-2.96668 0.15625
-2.96004 0.171875

-2.95551 0.171875
-2.95782 0.1875

-0.605019 -0.1875
-0.59375 -0.186621

-2.98837 0.1875
-2.96875 0.201354

-2.96941 0.21875
-2.96875 0.222255

-0.59375 -0.186665
-0.578125 -0.185685

-0.578125 -0.185694
-0.5625 -0.184923

-0.5625 -0.18492
-0.546875 -0.184343

-0.546875 -0.184347
-0.53125 -0.18396

1.84375 0.20846
1.85938 0.217142

-2.96875 0.2177
-2.95788 0.1875

-2.94629 0.21875
-2.95576 0.25

-0.53125 -0.183971
-0.515625 -0.183741

-0.515625 -0.183754
-0.5 -0.183633

-2.93676 0.21875
-2.92684 0.25

1.85938 0.216768
1.86297 0.21875

0.5 -0.0506122
0.504419 -0.046875

0.50042 -0.046875
0.515625 -0.0332636

0.515625 -0.0335754
0.518133 -0.03125

1.86147 0.21875
1.875 0.226212

-2.97322 0.25
-2.9375 0.261529

-2.9375 0.269194
-2.91945 0.25

0.5164 -0.03125
0.53125 -0.0187136

0.53125 -0.0211347
0.53782 -0.015625

0.536265 -0.015625
0.546875 -0.00704908

0.546875 -0.00285258
0.552085 0

1.875 0.226042
1.89062 0.234022

1.89062 0.234093
1.89126 0.234375

1.89085 0.234375
1.90625 0.241165

1.90625 0.241208
1.92188 0.246419

1.92188 0.246233
1.93733 0.25

-0.5 -0.183645
-0.484375 -0.183584

-0.484375 -0.183596
-0.46875 -0.183544

-0.46875 -0.183557
-0.453125 -0.183465

-0.453125 -0.183478
-0.4375 -0.183295

-0.4375 -0.183305
-0.421875 -0.182986

1.93739 0.25
1.9375 0.250026

1.9375 0.250111
1.95312 0.252751

1.95312 0.25261
1.96875 0.254224

0.557303 0
0.5625 0.00265251

1.96875 0.254164
1.98438 0.255153

1.98438 0.255097
2 0.255694

-0.421875 -0.182993
-0.40625 -0.182502

-0.40625 -0.182504
-0.390625 -0.181824

-0.390625 -0.181822
-0.375 -0.180949

-2.5 -0.22716
-2.48438 -0.227662

-0.375 -0.180944
-0.359375 -0.179895

-0.359375 -0.179886
-0.34375 -0.178686

0.5625 0.00197001
0.578125 0.00450535

0.578125 0.00437672
0.59375 0.00569562

0.59375 0.00558047
0.609375 0.00617051

-0.34375 -0.178683
-0.328125 -0.177358

0.609375 0.00610633
0.625 0.00632618

-0.328125 -0.177344
-0.3125 -0.17593

-0.3125 -0.175889
-0.296875 -0.174495

-0.296875 -0.174577
-0.28125 -0.173124

-0.28125 -0.17323
-0.268523 -0.171875

-0.272065 -0.171875
-0.265625 -0.171189

-0.265625 -0.171324
-0.25 -0.169722

-2.48438 -0.227633
-2.46875 -0.228157

-2.46875 -0.228145
-2.45312 -0.228771

-2.45312 -0.228817
-2.4375 -0.229475

0.625 0.00626461
0.640625 0.00636578

-2.4375 -0.229512
-2.42188 -0.230039

-2.42188 -0.230053
-2.40625 -0.230348

-0.25 -0.169746
-0.234375 -0.168418

-0.234375 -0.168406
-0.21875 -0.167328

0.640625 0.00635308
0.65625 0.00648409

0.65625 0.00651426
0.671875 0.00664017

0.671875 0.00667595
0.6875 0.00666488

1.85938 0.604108
1.85573 0.609375

-2.40625 -0.230329
-2.39062 -0.230402

1.85916 0.609375
1.85388 0.625

1.85938 0.605342
1.875 0.598335

1.85938 0.61212
1.86163 0.609375

-0.21875 -0.167337
-0.203125 -0.166512

-0.203125 -0.166534
-0.1875 -0.165902

-2.39062 -0.23038
-2.375 -0.230313

0.6875 0.00667282
0.703125 0.00643733

-2.375 -0.230286
-2.35938 -0.230177

0.703125 0.00639496
0.71875 0.00600391

0.71875 0.00592021
0.734375 0.00562573

0.734375 0.00557224
0.75 0.00564869

-0.1875 -0.165927
-0.171875 -0.165395

-0.171875 -0.165427
-0.15625 -0.164882

-0.15625 -0.164926
-0.140625 -0.164214

-0.140625 -0.164253
-0.125 -0.163209

0.75 0.00565693
0.765625 0.00619481

0.765625 0.00622457
0.78125 0.00714788

0.78125 0.00717473
0.796875 0.00837024

0.796875 0.00839444
0.8125 0.00976008

0.8125 0.00977844
0.828125 0.0112291

0.828125 0.0112428
0.84375 0.0127144

0.84375 0.0127159
0.859375 0.0141783

0.859375 0.0141235
0.874417 0.015625

0.874402 0.015625
0.875 0.0156847

0.875 0.0157127
0.890625 0.0174205

0.890625 0.0174383
0.90625 0.0191998

0.90625 0.0191797
0.921875 0.0209995

0.921875 0.0209795
0.9375 0.0229375

0.9375 0.022914
0.953125 0.0250975

0.953125 0.0250833
0.96875 0.0275675

0.96875 0.0275336
0.984375 0.0304145

0.984375 0.0303353
0.988682 0.03125

0.988096 0.03125
1 0.0337782

1.85657 0.625
1.85599 0.640625

1.85208 0.640625
1.85901 0.65625

1.85938 0.655995
1.85958 0.65625

-2.35938 -0.230166
-2.34375 -0.230092

-2.34375 -0.230092
-2.32812 -0.230078

-2.32812 -0.230093
-2.3125 -0.230108

-2.3125 -0.23012
-2.29688 -0.230108

-2.29688 -0.230109
-2.28125 -0.230042

-0.125 -0.163207
-0.109375 -0.161756

-0.109375 -0.161698
-0.09375 -0.159962

-0.09375 -0.159899
-0.078125 -0.158122

-0.078125 -0.158093
-0.0625 -0.15646

-0.0625 -0.156464
-0.0601687 -0.15625

-0.0602215 -0.15625
-0.046875 -0.155025

-0.046875 -0.155116
-0.03125 -0.153702

1.85911 0.65625
1.85938 0.656534

1.85938 0.656563
1.875 0.665644

1.875 0.60196
1.88617 0.609375

1.88531 0.609375
1.89062 0.614036

-2.28125 -0.23001
-2.26562 -0.229947

1 0.033835
1.01562 0.0373869

-2.26562 -0.229888
-2.25 -0.230009

-2.25 -0.229915
-2.23438 -0.230527

1.89062 0.615414
1.89787 0.625

1.01562 0.0373793
1.03125 0.0410022

1.03125 0.0410398
1.04688 0.0446736

1.04688 0.044677
1.05671 0.046875

1.0563 0.046875
1.0625 0.0482613

1.0625 0.0483851
1.07812 0.0512985

1.07812 0.0513278
1.09375 0.0532426

1.09375 0.0532397
1.10938 0.0541031

-0.03125 -0.153691
-0.015625 -0.152139

-0.015625 -0.152103
0 -0.150508

-2.23438 -0.230538
-2.21875 -0.231805

-2.21875 -0.231975
-2.20312 -0.233538

-2.1875 -0.234885
-2.19375 -0.234375

1.98438 0.624586
1.98298 0.625

-2.20312 -0.233697
-2.19482 -0.234375

1.10938 0.0540542
1.125 0.0539699

1.125 0.0538648
1.14062 0.0531408

1.14062 0.053029
1.15625 0.0520989

1.15625 0.0520099
1.17188 0.0512754

1.17188 0.0512071
1.1875 0.0509828

1.1875 0.050933
1.20312 0.0514549

1.20312 0.0516035
1.21875 0.0526739

1.98438 0.624619
2 0.6237

-2.1875 -0.234873
-2.17188 -0.235742

1.89657 0.625
1.90569 0.640625

-2.17188 -0.235755
-2.15625 -0.236316

-2.15625 -0.236261
-2.14062 -0.236599

1.90625 0.651941
1.90358 0.65625

1.875 0.663648
1.89062 0.661592

1.21875 0.0527827
1.23438 0.0538867

1.23438 0.0536623
1.25 0.0550312

1.89062 0.660402
1.89895 0.65625

1.90625 0.638845
1.90882 0.640625

1.90625 0.643622
1.91715 0.65625

1.25 0.0548121
1.26562 0.057333

-2.14062 -0.236571
-2.125 -0.23685

1.26562 0.0572013
1.28125 0.0615739

1.28125 0.0611764
1.2857 0.0625

1.9375 0.638901
1.93282 0.640625

1.28091 0.0625
1.28125 0.0625956

1.28125 0.0626829
1.29688 0.0673298

1.92188 0.648747
1.93009 0.640625

1.90977 0.65625
1.92188 0.661457

-2.125 -0.236858
-2.10938 -0.237117

-2.10938 -0.237137
-2.09375 -0.23732

-2.09375 -0.23733
-2.07812 -0.237376

1.92188 0.660858
1.9375 0.671781

1.95312 0.638023
1.94364 0.640625

1.9375 0.642732
1.94292 0.640625

-2.07812 -0.237373
-2.0625 -0.23727

1.29688 0.0665236
1.3125 0.0708411

1.3125 0.0707205
1.32812 0.0761853

1.95312 0.637224
1.96875 0.630622

1.32812 0.0747351
1.33751 0.078125

1.32902 0.078125
1.34375 0.0834417

1.9375 0.66772
1.95312 0.670567

1.95312 0.670397
1.96875 0.669362

-2.0625 -0.237254
-2.04688 -0.237042

-2.04688 -0.237022
-2.03125 -0.236773

-2.03125 -0.236753
-2.01562 -0.236546

1.96875 0.628989
1.98438 0.625042

-2.01562 -0.236535
-2 -0.236433

1.99338 0.625
2 0.627403

2 0.647526
1.98993 0.65625

1.96875 0.670427
1.98438 0.66338

1.98438 0.663857
1.99401 0.65625

1.34375 0.0822349
1.35938 0.0872374

1.35938 0.0870341
1.375 0.0915498

1.36907 0.09375
1.375 0.0954633

1.375 0.091193
1.38467 0.09375

1.38085 0.09375
1.39062 0.0963352

1.39062 0.0957858
1.40625 0.0999825

1.40625 0.100048
1.42188 0.104274

1.42188 0.104168
1.4375 0.108503

1.4375 0.108397
1.44189 0.109375

1.43817 0.109375
1.45312 0.112704

1.45312 0.112281
1.46875 0.114301

1.46875 0.114169
1.48438 0.115573

1.48438 0.115408
1.5 0.11679

2 0.25568
2.01562 0.256027

2.01562 0.256004
2.03125 0.256176

2.03125 0.256176
2.04688 0.256221

2.04688 0.256083
2.0625 0.256278

2.0625 0.255839
2.07812 0.257336

2.07812 0.257198
2.09375 0.261151

2.09375 0.259812
2.10515 0.265625

2.10454 0.265625
2.10938 0.27203

2.11279 0.265625
2.11824 0.28125

2.10915 0.28125
2.10427 0.296875

2.10377 0.296875
2.10575 0.3125

2.10938 0.283699
2.11014 0.28125

2.10562 0.3125
2.10938 0.320045

2.10938 0.316241
2.1153 0.328125

2.1149 0.328125
2.125 0.342613

2.125 0.342799
2.12568 0.34375

2.12581 0.34375
2.1392 0.359375

2.13938 0.359375
2.14062 0.360699

2.14062 0.360381
2.15464 0.375

2.15537 0.375
2.15625 0.37589

2.15625 0.378281
2.17188 0.390497

2.17188 0.390359
2.17239 0.390625

2.17574 0.390625
2.1875 0.396684

2.1875 0.397784
2.20312 0.403209

2.20312 0.403518
2.21875 0.403982

2.21875 0.405329
2.23438 0.397518

2.25 0.378744
2.23617 0.390625

2.23438 0.399724
2.24386 0.390625

2.26562 0.374775
2.26452 0.375

2.25 0.378317
2.26135 0.375

2.26562 0.376811
2.28125 0.381172

2.28125 0.381787
2.29688 0.38805

2.29688 0.388093
2.30271 0.390625

2.30258 0.390625
2.3125 0.394926

2.3125 0.394623
2.32812 0.402318

2.32812 0.402199
2.33449 0.40625

2.33535 0.40625
2.34375 0.411758

2.34375 0.411997
2.35485 0.421875

2.35547 0.421875
2.35938 0.426556

2.35938 0.426696
2.36744 0.4375

-2 -0.23643
-1.98438 -0.236462

-1.98438 -0.236473
-1.96875 -0.236623

-1.96875 -0.23664
-1.95312 -0.236854

-1.95312 -0.236871
-1.9375 -0.237081

-1.9375 -0.237095
-1.92188 -0.237238

2.36698 0.4375
2.37419 0.453125

2.37432 0.453125
2.375 0.456193

2.375 0.493814
2.37332 0.5

-1.92188 -0.237249
-1.90625 -0.23728

-1.90625 -0.237283
-1.89062 -0.237174

-1.89062 -0.23717
-1.875 -0.236923

2.375 0.456474
2.37772 0.46875

-1.875 -0.236912
-1.85938 -0.236556

-1.85938 -0.236542
-1.84375 -0.236127

2.37766 0.46875
2.37738 0.484375

2.375 0.493818
2.37756 0.484375

-1.84375 -0.236113
-1.82812 -0.235695

-1.82812 -0.235684
-1.8125 -0.235312

-1.8125 -0.235302
-1.79688 -0.235019

-1.79688 -0.235011
-1.78125 -0.234853

-1.78125 -0.234849
-1.76562 -0.234838

-1.76562 -0.234843
-1.75 -0.234978

2.98438 -0.081419
2.98329 -0.078125

2.98426 -0.078125
2.98438 -0.0778154

-1.75 -0.234993
-1.73438 -0.235234

-1.73438 -0.235253
-1.71875 -0.235531

-1.71875 -0.235546
-1.70312 -0.235794

-1.70312 -0.235806
-1.6875 -0.235968

2.98438 -0.0811601
3 -0.0812061

-1.6875 -0.235977
-1.67188 -0.236009

-1.67188 -0.236016
-1.65625 -0.235887

-1.65625 -0.235891
-1.64062 -0.235579

-1.64062 -0.235581
-1.625 -0.235075

2.98438 -0.0754616
3 -0.0748099

3 -0.0314697
2.99122 -0.03125

-1.625 -0.235075
-1.6094 -0.234375

-1.60974 -0.234375
-1.60938 -0.234359

2.98438 -0.0165428
3 -0.0166541

2.98438 -0.00178438
3 -0.00178438

-1.60938 -0.23437
-1.59375 -0.233479

-1.59375 -0.233471
-1.57812 -0.232415

-1.57812 -0.232401
-1.5625 -0.231225

-1.5625 -0.231206
-1.54688 -0.229976

-1.54688 -0.229955
-1.53125 -0.228753

-1.53125 -0.228733
-1.51562 -0.227641

-1.51562 -0.227626
-1.5 -0.226712

2.59375 0.495692
2.58573 0.5

2.59375 0.49746
2.60938 0.488294

2.625 0.47695
2.61382 0.484375

2.60938 0.488361
2.61541 0.484375

2.64062 0.467468
2.63821 0.46875

2.65625 0.460471
2.6425 0.46875

2.625 0.476995
2.63819 0.46875

2.67188 0.447094
2.66299 0.453125

2.65625 0.459482
2.66562 0.453125

2.67188 0.448191
2.6875 0.439611

2.70312 0.432741
2.69252 0.4375

2.70312 0.434464
2.71875 0.425282

2.75 0.405485
2.74859 0.40625

2.71875 0.422548
2.74551 0.40625

2.6875 0.439681
2.69135 0.4375

2.98438 0.0107725
3 0.0107725

2.98438 0.0257306
3 0.0257306

2.98438 0.0336629
3 0.0336629

2.98438 0.0597444
3 0.0597444

2.96869 0.109375
2.96869 0.125

2.98438 0.0754758
3 0.0754758

2.98438 0.0836057
3 0.0836057

3 0.116587
2.97051 0.125

-1.5 -0.226708
-1.48438 -0.226009

-1.48438 -0.226018
-1.46875 -0.225523

-1.46875 -0.225541
-1.45312 -0.225195

-1.45312 -0.225213
-1.4375 -0.224945

2.9375 0.207796
2.92807 0.21875

2.92745 0.21875
2.91097 0.25

2.96875 0.140569
2.96864 0.140625

-1.4375 -0.224956
-1.42188 -0.224708

-1.42188 -0.22471
-1.40625 -0.224455

2.96875 0.143811
2.95352 0.15625

2.95312 0.172509
2.94839 0.1875

2.95312 0.166949
2.96875 0.159686

2.95312 0.172549
2.96875 0.172892

2.96875 0.153844
3 0.135506

3 0.171296
2.97377 0.1875

2.9375 0.213889
2.95572 0.1875

2.9578 0.21875
2.95262 0.25

2.96875 0.208463
2.99177 0.1875

2.96875 0.222945
2.97133 0.25

2.79688 0.365933
2.78884 0.375

2.8125 0.350748
2.8009 0.359375

2.79688 0.364121
2.80219 0.359375

2.85938 0.311064
2.85829 0.3125

2.875 0.290079
2.86747 0.296875

2.85938 0.309515
2.8703 0.296875

2.82812 0.340908
2.82543 0.34375

2.84375 0.322484
2.83577 0.328125

2.82812 0.337613
2.83843 0.328125

-1.40625 -0.224452
-1.39062 -0.224191

-1.39062 -0.224185
-1.375 -0.223938

2.8125 0.356277
2.82725 0.34375

2.84375 0.329105
2.86072 0.3125

-1.375 -0.223932
-1.35938 -0.223723

-1.35938 -0.223718
-1.34375 -0.223573

2.78125 0.383198
2.75062 0.40625

2.78125 0.383696
2.79099 0.375

2.89062 0.278611
2.88859 0.28125

2.90625 0.258683
2.89553 0.265625

2.89062 0.2723
2.89971 0.265625

2.875 0.294185
2.89041 0.28125

2.90625 0.267541
2.9375 0.258579

2.90625 0.281715
2.91107 0.28125

2.9375 0.28845
2.97387 0.25

3 -0.089447
3.00024 -0.0625

3 -0.0331418
3.0004 -0.03125

3.03125 -0.0035384
3.02354 0

-1.34375 -0.223568
-1.32812 -0.223507

-1.32812 -0.223503
-1.3125 -0.223543

3.0625 -0.0058612
3.04492 0

3.125 -0.00615128
3.09452 0

3.25 -0.00467455
3.2119 0

-1.3125 -0.22354
-1.29688 -0.223695

-1.29688 -0.223693
-1.28125 -0.223976

3.5 -0.00357356
3.41812 0

3.03125 0.0124814
3.02111 0.03125

3.02871 0.03125
3.02986 0.0625

3.03125 0.0185881
3.05442 0

-1.28125 -0.223973
-1.26562 -0.224394

-1.26562 -0.224392
-1.25 -0.22496

3.03086 0.0625
3.03125 0.0742991

3.03125 0.109394
3.027 0.125

3.03162 0.0625
3.03336 0.09375

3.03619 0.09375
3.03143 0.125

3.0625 0.0141427
3.09305 0

3 0.176461
3.03288 0.125

3 0.191909
3.00297 0.1875

3.125 0.0105549
3.19537 0

3.25 0.00484638
3.36041 0

4 -0.00572554
3.56599 0

3.5 0.000340698
3.52583 0

2 0.623843
2.01562 0.623019

2.01562 0.622407
2.03125 0.61897

2.03125 0.619424
2.04688 0.616231

2.04688 0.617106
2.0625 0.615408

-1.25 -0.224958
-1.23438 -0.225683

-1.23438 -0.22568
-1.21875 -0.226573

-1.21875 -0.226573
-1.20312 -0.227637

-1.20312 -0.227636
-1.1875 -0.228871

2.0625 0.616028
2.07812 0.613831

-1.1875 -0.228875
-1.17188 -0.230278

-1.17188 -0.230287
-1.15625 -0.231831

-1.15625 -0.231844
-1.14062 -0.233485

-1.125 -0.235177
-1.13249 -0.234375

-1.14062 -0.233507
-1.13252 -0.234375

2.07812 0.615038
2.09375 0.612489

-1.125 -0.235228
-1.10938 -0.236796

-1.10938 -0.236877
-1.09375 -0.238079

-1.09375 -0.238202
-1.07812 -0.238631

-1.07812 -0.238706
-1.0625 -0.237966

2.10938 0.609293
2.10891 0.609375

2.09375 0.612568
2.10938 0.609928

2.10938 0.609263
2.125 0.60711

2.01025 0.625
2.01562 0.63504

2 0.647504
2.01106 0.640625

2.01562 0.634688
2.03125 0.637344

2.03125 0.636467
2.0466 0.640625

2.04688 0.636822
2.0625 0.6382

-1.0625 -0.238039
-1.04688 -0.235835

-1.04688 -0.235968
-1.04023 -0.234375

-1.04137 -0.234375
-1.03125 -0.231948

-1.03125 -0.232081
-1.01562 -0.226802

2.0625 0.637216
2.07812 0.639667

2.07812 0.638138
2.09338 0.640625

-1.01562 -0.227523
-1 -0.219212

2.09375 0.63886
2.10736 0.640625

2.10938 0.639564
2.125 0.638584

2.125 0.606908
2.14062 0.606971

2.14062 0.607969
2.15625 0.608501

2.15099 0.609375
2.15625 0.609831

2.15625 0.609105
2.17188 0.606282

2.15625 0.610072
2.17018 0.609375

2.17188 0.605088
2.1875 0.60029

2.1875 0.600229
2.20312 0.596588

2.20312 0.596836
2.21875 0.593978

2.23438 0.590526
2.22096 0.59375

2.23438 0.590376
2.25 0.585417

2.21875 0.59419
2.22213 0.59375

2.23438 0.623966
2.22594 0.625

2.23438 0.623797
2.25 0.61933

2.125 0.637855
2.14062 0.636182

2.14062 0.636229
2.15625 0.635383

2.15625 0.636478
2.17188 0.634276

2.15625 0.641688
2.16387 0.640625

2.17188 0.633126
2.1875 0.629769

2.1875 0.629517
2.20312 0.627878

2.20312 0.628535
2.21875 0.627803

2.21875 0.62861
2.23438 0.626413

2.23438 0.629458
2.24989 0.625

2.3125 0.560888
2.30924 0.5625

2.25 0.585105
2.26562 0.579885

2.28125 0.57491
2.27236 0.578125

2.26562 0.579793
2.27024 0.578125

2.25 0.620285
2.26562 0.616057

2.26562 0.616464
2.28125 0.614178

2.28125 0.574562
2.29688 0.567832

2.29688 0.567571
2.30714 0.5625

2.28125 0.614189
2.29688 0.61317

2.29688 0.614347
2.3125 0.612219

2.3125 0.560447
2.32812 0.551079

2.34375 0.539736
2.3346 0.546875

2.32812 0.550186
2.33261 0.546875

2.35938 0.524208
2.35353 0.53125

2.37312 0.5
2.36499 0.515625

2.35938 0.522385
2.36454 0.515625

2.34375 0.537762
2.3507 0.53125

2.32812 0.60488
2.31436 0.609375

2.3125 0.613924
2.32643 0.609375

2.32812 0.606362
2.34375 0.599798

2.35938 0.593571
2.35886 0.59375

2.375 0.590013
2.36106 0.59375

2.34375 0.599009
2.35889 0.59375

2.35938 0.594838
2.36343 0.59375

2.25 0.62587
2.25291 0.625

2.375 0.590724
2.39062 0.585107

2.40625 0.575656
2.40102 0.578125

2.39062 0.585077
2.40536 0.578125

2.40625 0.576168
2.42188 0.570179

2.42188 0.570647
2.4375 0.567376

2.45312 0.560829
2.44886 0.5625

2.45312 0.561175
2.46875 0.55211

2.48438 0.545292
2.48042 0.546875

2.46875 0.55168
2.48063 0.546875

2.48438 0.546359
2.5 0.541627

2.48438 0.548017
2.48815 0.546875

2.4375 0.569957
2.45631 0.5625

2.53125 0.525944
2.5211 0.53125

2.5 0.542292
2.52651 0.53125

2.53125 0.526013
2.54688 0.519389

2.5625 0.514498
2.5598 0.515625

2.54688 0.521134
2.56009 0.515625

2.5625 0.513747
2.58886 0.5

