-4 -0.00219742
-3.75649 0

-3.63126 0
-3.5 0.00118454

-3.5 -0.0016975
-3.44613 0

-3.25 -0.00204534
-3.22916 0

-3.125 -0.00213983
-3.11544 0

-3 -0.07092
-3.00058 -0.0625

-3.0625 -0.00112411
-3.05923 0

-3 -0.0343706
-3.0014 -0.03125

-3.03125 -0.00284627
-3.01798 0

-3.39883 0
-3.25 0.00472612

-3.21214 0
-3.125 0.00918701

-3.10748 0
-3.0625 0.0155667

-3.0625 0.0066076
-3.03125 0.0270808

-3.03125 0.019211
-3.0208 0.03125

-3.0272 0.03125
-3.01775 0.0625

-3.03053 0.0625
-3.01791 0.09375

-3.01334 0.09375
-3 0.123081

-3.01505 0.125
-3 0.155286

-2.96875 -0.187538
-2.98508 -0.1875

-2.98033 -0.1875
-2.96875 -0.186384

-2.96875 -0.187039
-2.96874 -0.1875

-2.96875 -0.171641
-2.96852 -0.171875

-3 -0.0812255
-2.98438 -0.0806843

-3 -0.0765672
-2.98438 -0.0773611

-2.98438 -0.0806798
-2.98394 -0.078125

-3 -0.0617835
-2.99526 -0.0625

-3 -0.0324802
-2.99516 -0.03125

-3 -0.0163646
-2.98438 -0.0161892

-3 -0.00625055
-2.98438 -0.00625631

-2.98438 -0.0159056
-2.98416 -0.015625

-2.98438 -0.000306649
-2.9843 0

1.5 -0.175207
1.51562 -0.174111

1.51562 -0.173921
1.53125 -0.172975

1.53125 -0.172857
1.54688 -0.172679

1.54688 -0.172768
1.5625 -0.173417

1.5625 -0.173574
1.57812 -0.174556

1.57812 -0.174351
1.59375 -0.175765

1.59375 -0.175811
1.60938 -0.177977

1.60938 -0.178044
1.625 -0.180735

-3 0.00550535
-2.98438 0.0055065

-3 0.0160074
-2.98438 0.0160075

-2.98438 6.4561e-05
-2.98435 0

1.67188 -0.190615
1.6581 -0.1875

1.67188 -0.190452
1.6875 -0.194172

1.625 -0.180811
1.64062 -0.183739

-2.99852 0.09375
-2.98342 0.125

1.64062 -0.183648
1.65625 -0.186845

1.65625 -0.186299
1.66156 -0.1875

-2.99682 0.125
-2.98288 0.15625

-2.98823 0.15625
-2.96875 0.186832

-2.96875 0.152753
-2.95312 0.154718

1.6875 -0.194315
1.70312 -0.197902

1.70312 -0.198094
1.71875 -0.20088

1.73438 -0.204315
1.72774 -0.203125

-2.95312 0.155512
-2.95268 0.15625

-2.96875 0.159788
-2.95312 0.168675

-2.96121 0.171875
-2.95591 0.1875

-2.95312 0.17082
-2.95284 0.171875

-2.95312 0.17282
-2.95303 0.171875

-2.96864 0.1875
-2.95106 0.21875

-2.94851 0.21875
-2.9375 0.231799

-2.9375 0.218542
-2.93728 0.21875

-2.9375 0.229692
-2.92026 0.25

1.71875 -0.200025
1.73438 -0.20283

1.73438 -0.203437
1.75 -0.206838

-2.91937 0.25
-2.90625 0.266348

-2.90625 0.264995
-2.90574 0.265625

-2.90625 0.265687
-2.89486 0.28125

-2.89678 0.28125
-2.875 0.307166

-2.875 0.300973
-2.86425 0.3125

1.73438 -0.202595
1.73681 -0.203125

-0.6875 -0.000172029
-0.69065 0

1.95312 -0.251113
1.94925 -0.25

-0.671875 -0.0023638
-0.687473 0

0 -0.165962
0.00391114 -0.15625

0.00289925 -0.15625
0.00487749 -0.140625

0.00547962 -0.140625
0.00416872 -0.125

0.109375 -0.197084
0.100727 -0.1875

0.125 -0.206927
0.118513 -0.203125

0.109375 -0.196662
0.118677 -0.203125

0.09375 -0.174568
0.092245 -0.171875

0.0933572 -0.171875
0.0851601 -0.15625

0.078125 -0.144543
0.075708 -0.140625

0.0755448 -0.140625
0.0644189 -0.125

0.078125 -0.144337
0.0854734 -0.15625

0.09375 -0.174419
0.101865 -0.1875

0 -0.113006
0.0042029 -0.125

0.015625 -0.063029
0.0149455 -0.0625

0.03125 -0.0824449
0.0280176 -0.078125

0.015625 -0.0631088
0.02834 -0.078125

0.046875 -0.102118
0.0401829 -0.09375

0.0625 -0.122661
0.0522827 -0.109375

0.046875 -0.103532
0.0515102 -0.109375

0.03125 -0.0839937
0.03881 -0.09375

0 -0.0509188
0.015625 -0.0609063

0.015625 -0.0605716
0.0174895 -0.0625

0.0625 -0.122027
0.0647629 -0.125

0.109375 -0.0720554
0.106444 -0.0625

0.125 -0.0841542
0.109489 -0.078125

0.109375 -0.0716726
0.125 -0.0748689

0.105496 -0.0625
0.109375 -0.050678

0.107425 -0.046875
0.109375 -0.0449728

0.109375 -0.0510598
0.125 -0.0520638

0.109375 -0.0454637
0.125 -0.0456952

0.109166 -0.03125
0.109375 -0.0310737

0.125 -0.206764
0.140625 -0.21017

0.140625 -0.210233
0.15625 -0.207374

0.15625 -0.207389
0.163483 -0.203125

0.163667 -0.203125
0.171875 -0.197932

0.171875 -0.197045
0.181304 -0.1875

0.181641 -0.1875
0.1875 -0.1803

0.1875 -0.177218
0.191614 -0.171875

0.194379 -0.171875
0.203125 -0.156488

0.203011 -0.15625
0.203125 -0.155866

0.203125 -0.15314
0.206851 -0.140625

0.207814 -0.140625
0.208432 -0.125

0.140625 -0.0947995
0.138837 -0.09375

0.15625 -0.110489
0.154642 -0.109375

0.1527 -0.109375
0.149545 -0.09375

0.126054 -0.09375
0.133479 -0.078125

0.125 -0.0630377
0.125078 -0.0625

0.15625 -0.114456
0.171875 -0.109667

0.162617 -0.109375
0.161818 -0.09375

0.171875 -0.109719
0.172392 -0.109375

0.171875 -0.0721351
0.168487 -0.0625

0.1875 -0.091769
0.17565 -0.078125

0.171875 -0.07207
0.174207 -0.078125

0.125 -0.0507478
0.128564 -0.0625

0.168124 -0.0625
0.171875 -0.0524577

0.171875 -0.0534751
0.175043 -0.046875

0.174611 -0.046875
0.1875 -0.0358553

0.203125 -0.110054
0.202921 -0.109375

0.203125 -0.107599
0.193167 -0.09375

0.208206 -0.125
0.203503 -0.109375

0.203125 -0.108797
0.203445 -0.109375

0.1875 -0.0880759
0.193271 -0.09375

0.234375 -0.0771186
0.223115 -0.0625

0.249809 -0.09375
0.238351 -0.078125

0.234375 -0.0738397
0.238103 -0.078125

0.1875 -0.0347631
0.203125 -0.0343907

0.21875 -0.0517261
0.215008 -0.046875

0.203125 -0.0352272
0.217081 -0.046875

0.21875 -0.05331
0.225012 -0.0625

0.281223 -0.203125
0.269508 -0.1875

0.296875 -0.221462
0.293449 -0.21875

0.296875 -0.221375
0.3125 -0.229063

0.292144 -0.21875
0.281659 -0.203125

0.28125 -0.187585
0.296875 -0.198793

0.296875 -0.205816
0.3125 -0.204239

0.296875 -0.200869
0.30176 -0.203125

0.265625 -0.182816
0.260207 -0.171875

0.261791 -0.171875
0.256927 -0.15625

0.265625 -0.182845
0.274432 -0.1875

0.265625 -0.169007
0.271429 -0.171875

0.256795 -0.15625
0.253828 -0.140625

0.254501 -0.140625
0.253412 -0.125

0.28125 -0.180246
0.28728 -0.171875

0.28125 -0.16966
0.296875 -0.162718

0.296875 -0.173023
0.305201 -0.171875

0.296875 -0.170303
0.305034 -0.171875

0.3125 -0.228438
0.328125 -0.233049

0.34375 -0.234476
0.338246 -0.234375

0.328125 -0.231807
0.341426 -0.234375

0.3125 -0.21005
0.328125 -0.207791

0.328125 -0.209945
0.34375 -0.206493

0.34375 -0.234397
0.343801 -0.234375

0.344034 -0.234375
0.359375 -0.228141

0.359375 -0.223282
0.365216 -0.21875

0.34375 -0.204371
0.352119 -0.203125

0.354804 -0.203125
0.359375 -0.201158

0.371847 -0.21875
0.375 -0.213429

0.359375 -0.19555
0.375 -0.192394

0.3125 -0.173527
0.328125 -0.173336

0.328125 -0.173035
0.335202 -0.171875

0.335298 -0.171875
0.34375 -0.170412

0.34375 -0.169455
0.359375 -0.166586

0.359375 -0.16556
0.375 -0.166449

0.359375 -0.125474
0.358691 -0.125

0.253489 -0.125
0.252779 -0.109375

1.95312 -0.25093
1.96875 -0.255604

1.96875 -0.255594
1.98438 -0.259963

1.98438 -0.259833
2 -0.264177

1.75 -0.206836
1.76562 -0.210126

1.76562 -0.21029
1.78125 -0.213063

1.8125 -0.218771
1.81234 -0.21875

1.78125 -0.21295
1.79688 -0.215107

1.79688 -0.214962
1.8125 -0.21702

1.82812 -0.221128
1.81355 -0.21875

1.82812 -0.219729
1.84375 -0.222816

1.8125 -0.215762
1.82812 -0.218312

1.82812 -0.217689
1.83349 -0.21875

1.84375 -0.222688
1.85938 -0.225953

1.85938 -0.22604
1.875 -0.229199

1.875 -0.228875
1.89062 -0.232402

1.90625 -0.237838
1.89417 -0.234375

1.89062 -0.231324
1.90127 -0.234375

1.90625 -0.237191
1.92188 -0.241999

1.92188 -0.242081
1.9375 -0.2465

1.9375 -0.246086
1.95112 -0.25

-0.671875 -0.00259605
-0.65625 -0.00645524

-0.65625 -0.00655748
-0.640625 -0.011239

-0.625 -0.0164817
-0.627381 -0.015625

-0.640625 -0.0111244
-0.628115 -0.015625

-0.59375 -0.0324728
-0.59585 -0.03125

-0.625 -0.0165687
-0.609375 -0.0237135

-0.609375 -0.0236741
-0.596365 -0.03125

-0.59375 -0.0327268
-0.578125 -0.0439503

-0.5625 -0.0567435
-0.575138 -0.046875

-0.578125 -0.0444438
-0.575029 -0.046875

-0.546875 -0.0679095
-0.555224 -0.0625

-0.546875 -0.0681385
-0.53125 -0.0740902

-0.53125 -0.0739835
-0.515625 -0.0753033

-0.515625 -0.0751405
-0.5 -0.0723676

-0.5625 -0.0575309
-0.554921 -0.0625

-1 0.0434644
-0.984375 0.0443876

-0.984375 0.0444525
-0.96875 0.0452313

-0.96875 0.0451696
-0.953125 0.0457975

-0.953125 0.045683
-0.9375 0.0465126

-0.9375 0.0466911
-0.93617 0.046875

0.254797 -0.109375
0.250276 -0.09375

0.25 -0.0929577
0.25045 -0.09375

2.01562 -0.268783
2.00406 -0.265625

2 -0.263956
2.00611 -0.265625

2.01562 -0.268653
2.03125 -0.272425

2.03125 -0.272424
2.04688 -0.275597

2.04688 -0.275549
2.0625 -0.278222

2.09375 -0.28293
2.08267 -0.28125

2.0625 -0.278144
2.07812 -0.280569

2.07812 -0.280526
2.0829 -0.28125

2.09375 -0.282929
2.10938 -0.285259

2.10938 -0.285236
2.125 -0.287553

-2.86982 0.3125
-2.84375 0.337856

2.125 -0.287543
2.14062 -0.289914

2.14062 -0.289924
2.15625 -0.292348

2.15625 -0.292364
2.17188 -0.294791

2.1875 -0.297209
2.18533 -0.296875

-2.84375 0.332028
-2.83056 0.34375

-2.83649 0.34375
-2.8125 0.365332

-2.8125 0.357448
-2.80917 0.359375

-2.81077 0.359375
-2.79688 0.373701

-2.80428 0.375
-2.78125 0.397436

-2.78125 0.398111
-2.77043 0.40625

-2.7688 0.40625
-2.75 0.418967

2.17188 -0.294784
2.18545 -0.296875

2.1875 -0.297215
2.20312 -0.29957

2.20312 -0.299576
2.21875 -0.301824

2.21875 -0.301818
2.23438 -0.303956

2.23438 -0.303946
2.25 -0.306007

-0.929765 0.046875
-0.921875 0.047966

-0.921875 0.0477982
-0.90625 0.0530398

-0.90625 0.0545619
-0.890625 0.0606898

-0.890625 0.0621394
-0.88877 0.0625

-2.75 0.416339
-2.71875 0.434742

-2.71875 0.435999
-2.7164 0.4375

-2.71566 0.4375
-2.6875 0.455316

-2.6875 0.447474
-2.67782 0.453125

2.3125 -0.313461
2.30351 -0.3125

2.25 -0.306006
2.26562 -0.308014

2.26562 -0.308023
2.28125 -0.309961

2.28125 -0.309974
2.29688 -0.311794

2.29688 -0.311806
2.30336 -0.3125

2.3125 -0.313452
2.32812 -0.314998

2.32812 -0.314988
2.34375 -0.316463

2.34375 -0.316458
2.35938 -0.317896

2.35938 -0.317905
2.375 -0.319295

2.375 -0.319325
2.39062 -0.32059

2.39062 -0.320632
2.40625 -0.321626

2.40625 -0.321668
2.42188 -0.322224

2.42188 -0.322248
2.4375 -0.322235

2.4375 -0.322237
2.45312 -0.321602

2.45312 -0.321578
2.46875 -0.320365

2.46875 -0.320326
2.48438 -0.318661

2.48438 -0.318618
2.5 -0.316665

2.5 -0.31665
2.51562 -0.314524

2.51562 -0.314463
2.53014 -0.3125

2.529 -0.3125
2.53125 -0.312196

2.53125 -0.312009
2.54688 -0.31071

2.54688 -0.310062
2.5625 -0.311524

2.57812 -0.317456
2.56596 -0.3125

2.59375 -0.330304
2.59062 -0.328125

2.57812 -0.318156
2.59322 -0.328125

2.625 -0.344215
2.62361 -0.34375

2.59375 -0.330319
2.60938 -0.339514

2.60938 -0.33934
2.62252 -0.34375

2.5625 -0.311149
2.56587 -0.3125

2.625 -0.344188
2.64062 -0.34661

2.64062 -0.346504
2.65625 -0.347017

2.65625 -0.346851
2.67188 -0.346001

2.67188 -0.345861
2.6875 -0.344257

2.6875 -0.344173
2.69102 -0.34375

2.69084 -0.34375
2.70312 -0.342275

2.70312 -0.342294
2.71875 -0.340322

-0.880618 0.0625
-0.875 0.0635919

2.71875 -0.340394
2.73438 -0.338153

2.73438 -0.338225
2.75 -0.335427

-2.68242 0.453125
-2.67188 0.461917

-0.84375 0.058975
-0.85616 0.0625

2.75 -0.335561
2.76562 -0.331792

2.76562 -0.331822
2.77715 -0.328125

-2.67188 0.466368
-2.67014 0.46875

-2.67272 0.46875
-2.65625 0.482405

-2.65625 0.482338
-2.63148 0.5

-2.54688 0.389651
-2.54782 0.390625

-2.54688 0.39794
-2.55073 0.40625

-2.53125 0.387433
-2.54342 0.390625

2.77682 -0.328125
2.78125 -0.326704

2.78125 -0.326894
2.79688 -0.320416

2.79688 -0.320711
2.81157 -0.3125

2.81119 -0.3125
2.8125 -0.31177

2.8125 -0.311755
2.82812 -0.300636

2.82812 -0.300208
2.83249 -0.296875

2.83242 -0.296875
2.84375 -0.287921

0.358328 -0.125
0.353903 -0.109375

2.84375 -0.288458
2.85216 -0.28125

2.85179 -0.28125
2.85938 -0.274321

2.85938 -0.273712
2.86762 -0.265625

-0.84375 0.0578873
-0.828125 0.0507551

2.86819 -0.265625
2.875 -0.258666

2.875 -0.258685
2.88288 -0.25

0.348346 -0.109375
0.359375 -0.0996091

-0.8125 0.042734
-0.820994 0.046875

2.88293 -0.25
2.89062 -0.24101

2.89062 -0.239587
2.8951 -0.234375

2.89627 -0.234375
2.90625 -0.222435

2.90625 -0.224075
2.91027 -0.21875

2.9104 -0.21875
2.92014 -0.203125

2.91878 -0.203125
2.92188 -0.19758

2.92188 -0.19599
2.92661 -0.1875

2.92835 -0.1875
2.93703 -0.171875

2.93619 -0.171875
2.9375 -0.169245

2.9375 -0.222214
2.94079 -0.21875

2.9375 -0.168995
2.94384 -0.15625

2.94466 -0.15625
2.95182 -0.140625

2.95094 -0.140625
2.95312 -0.136507

2.95312 -0.134238
2.9581 -0.125

-2.54688 0.396167
-2.53953 0.390625

-2.54688 0.411858
-2.54764 0.421875

-2.55017 0.421875
-2.54778 0.4375

-2.54688 0.409441
-2.54598 0.40625

-2.53125 0.38998
-2.52999 0.390625

-2.53016 0.390625
-2.51562 0.404391

-2.51562 0.405509
-2.51522 0.40625

-2.51562 0.410756
-2.51146 0.421875

-2.51333 0.421875
-2.50728 0.4375

-2.54707 0.4375
-2.54688 0.437849

-2.54688 0.440362
-2.53557 0.453125

-2.5348 0.453125
-2.53125 0.455615

-2.53125 0.456731
-2.51562 0.460271

-2.5 0.438536
-2.50492 0.453125

-2.51562 0.463352
-2.50023 0.453125

2.95966 -0.125
2.96875 -0.11148

-2.49969 0.4375
-2.49983 0.453125

-2.5 0.453198
-2.49996 0.453125

-2.4375 0.488571
-2.44121 0.5

-2.4375 0.489295
-2.42188 0.485728

-2.42188 0.485706
-2.41563 0.5

-2.26562 0.492954
-2.27122 0.5

2.96875 -0.112977
2.97981 -0.09375

-0.828125 0.0521716
-0.817761 0.046875

0.359375 -0.121352
0.367133 -0.125

-2.25 0.477878
-2.25789 0.484375

-2.26562 0.49184
-2.25842 0.484375

0.359375 -0.106338
0.375 -0.108325

2.98025 -0.09375
2.98343 -0.078125

0.375 -0.215459
0.384152 -0.203125

0.390246 -0.203125
0.381258 -0.1875

2.98125 -0.078125
2.98148 -0.0625

-0.875 0.0639258
-0.859375 0.0634737

-0.859375 0.0649071
-0.850672 0.0625

-0.84375 0.0657066
-0.836581 0.0625

-0.8125 0.0423465
-0.796875 0.0358256

-0.796875 0.0363323
-0.78125 0.0325964

-0.765625 0.0288272
-0.772194 0.03125

-0.75 0.0148561
-0.750921 0.015625

-0.765625 0.0284825
-0.75 0.0174414

-0.78125 0.0344196
-0.772639 0.03125

2.98438 -0.06992
2.98566 -0.0625

-0.75 0.0147869
-0.734375 0.00427699

-0.734375 0.00415762
-0.719947 0

0.390625 -0.174087
0.38281 -0.171875

-2.1875 0.437389
-2.18768 0.4375

0.375 -0.167756
0.390625 -0.170737

-0.71875 0.000954144
-0.703125 9.94335e-05

0.390625 -0.181971
0.405168 -0.171875

-2.21875 0.460949
-2.23254 0.46875

0.403673 -0.171875
0.40625 -0.167646

-0.703125 0.000623072
-0.691716 0

0.390625 -0.133284
0.38325 -0.125

-2.25 0.477934
-2.23497 0.46875

-2.23438 0.469727
-2.2326 0.46875

-2.20312 0.450017
-2.20747 0.453125

-2.21875 0.460995
-2.20764 0.453125

-2.20312 0.448537
-2.1875 0.437896

2.9818 -0.0625
2.98215 -0.046875

-0.5 -0.0722239
-0.484375 -0.0659714

2.98224 -0.046875
2.98219 -0.03125

2.98438 -0.0547484
2.98572 -0.0625

2.98215 -0.03125
2.98228 -0.015625

2.98233 -0.015625
2.98264 0

2.98438 -0.00297211
2.98443 0

-0.484375 -0.0655218
-0.478193 -0.0625

-0.479621 -0.0625
-0.46875 -0.057186

-2.1875 0.437346
-2.17188 0.431067

-2.17188 0.431105
-2.15625 0.43021

-2.15625 0.430508
-2.14062 0.434327

-0.46875 -0.0574055
-0.453125 -0.050239

0.403864 -0.15625
0.396462 -0.140625

2.9828 0
2.98286 0.015625

-0.453125 -0.0504835
-0.445715 -0.046875

2.98267 0.015625
2.98256 0.03125

0.390625 -0.129096
0.392907 -0.125

2.98257 0.03125
2.98263 0.046875

2.98268 0.046875
2.98278 0.0625

-0.444729 -0.046875
-0.4375 -0.0433544

-0.40625 -0.110594
-0.408712 -0.109375

-2.14062 0.434522
-2.13462 0.4375

-0.40625 -0.10621
-0.417248 -0.09375

0.40625 -0.178412
0.410406 -0.171875

0.40625 -0.163238
0.407169 -0.15625

-0.412151 -0.09375
-0.413892 -0.078125

-0.411149 -0.078125
-0.40625 -0.0674485

-2.13429 0.4375
-2.125 0.442104

-0.40625 -0.109493
-0.405645 -0.109375

-2.0625 0.367357
-2.07187 0.375

-2 0.258636
-2.00376 0.265625

-0.40625 -0.10184
-0.390625 -0.102859

-2.00057 0.265625
-2.00498 0.28125

-2.01562 0.297538
-2.02619 0.3125

-0.390625 -0.0963984
-0.38705 -0.09375

2.96875 0.119946
2.96544 0.125

2.98286 0.0625
2.98277 0.078125

2.98319 0.078125
2.98189 0.09375

2.98382 0.09375
2.96943 0.125

2.9375 0.177451
2.9338 0.1875

2.90625 0.243157
2.9016 0.25

2.92188 0.216116
2.92054 0.21875

2.93564 0.1875
2.92973 0.203125

2.92188 0.216444
2.92804 0.203125

2.90625 0.244892
2.92141 0.21875

2.95312 0.140189
2.95281 0.140625

2.95295 0.140625
2.94477 0.15625

2.96644 0.125
2.95471 0.140625

2.95312 0.143761
2.95478 0.140625

2.94726 0.15625
2.94112 0.171875

2.9375 0.17791
2.93972 0.171875

2.99913 0.15625
2.98399 0.1875

2.9375 0.218212
2.96875 0.215814

2.9375 0.246156
2.95755 0.21875

2.96875 0.215351
2.98875 0.1875

-0.40625 -0.0706934
-0.403076 -0.0625

-0.384617 -0.09375
-0.375 -0.0851781

-0.4375 -0.0437221
-0.421875 -0.0334852

-0.421875 -0.0344426
-0.416815 -0.03125

-2.00492 0.28125
-2.01387 0.296875

-2.03125 0.321302
-2.03526 0.328125

-2.03461 0.328125
-2.04352 0.34375

-2.04688 0.348982
-2.05494 0.359375

2.8125 0.355643
2.81132 0.359375

2.80294 0.359375
2.8125 0.364957

0.40625 -0.125816
0.421875 -0.13235

2.875 0.280255
2.8741 0.28125

0.4375 -0.141983
0.434345 -0.140625

2.85938 0.293961
2.85648 0.296875

-2.0625 0.366309
-2.05583 0.359375

-2.04688 0.347218
-2.04444 0.34375

2.85528 0.296875
2.84666 0.3125

2.85938 0.296335
2.87417 0.28125

2.82812 0.327662
2.82765 0.328125

2.82637 0.328125
2.82506 0.34375

2.84375 0.318971
2.83652 0.328125

2.82812 0.338638
2.83324 0.34375

2.82165 0.34375
2.84375 0.35025

2.84375 0.326151
2.875 0.319257

2.84375 0.34594
2.8484 0.34375

2.89062 0.261806
2.88707 0.265625

2.875 0.280105
2.88738 0.265625

2.89062 0.264426
2.90244 0.25

2.89062 0.280746
2.89089 0.28125

2.875 0.299883
2.90625 0.286889

2.9375 0.260191
2.91212 0.28125

2.90625 0.283031
2.90897 0.28125

2.875 0.314569
2.87728 0.3125

2.9375 0.25618
2.94317 0.25

3 -0.0899045
3.01246 -0.0625

3.00671 -0.0625
3.00269 -0.03125

3 -0.00838747
3.00599 0

3.0625 -0.00580828
3.03997 0

3.125 -0.00249351
3.10895 0

3.25 -0.0020834
3.22814 0

3.5 -0.00164751
3.44815 0

3.03125 0.0261794
3.02471 0.03125

3.02991 0.03125
3.02282 0.0625

3.03125 0.016259
3.05279 0

3.0287 0.0625
3.02384 0.09375

3.02018 0.09375
3.0148 0.125

3.0625 0.0146014
3.10395 0

3 0.178817
3.01564 0.125

-0.420726 -0.03125
-0.40625 -0.0197554

3.125 0.00884491
3.20505 0

-0.407395 -0.015625
-0.40625 -0.0146708

-0.402211 -0.0625
-0.395154 -0.046875

3.25 0.00385944
3.36503 0

4 -0.00300047
3.67478 0

-2.03125 0.318452
-2.02775 0.3125

-2.09375 0.389945
-2.09446 0.390625

3.5 0.000368001
3.53978 0

-2.09617 0.390625
-2.10646 0.40625

-2.10574 0.40625
-2.10561 0.421875

-2.10404 0.421875
-2.0981 0.4375

-2.09375 0.389988
-2.07812 0.377351

-0.394316 -0.046875
-0.390625 -0.0313318

-0.390625 -0.017883
-0.397685 -0.015625

-0.40625 -0.014252
-0.390625 -0.0106348

-0.38316 -0.03125
-0.3862 -0.015625

-0.390625 -0.00501632
-0.377286 -0.015625

0.421875 -0.135766
0.432991 -0.140625

0.4375 -0.140978
0.453125 -0.144507

0.453125 -0.144325
0.46875 -0.147857

-0.28125 -0.130075
-0.28771 -0.125

-0.265625 -0.147226
-0.273357 -0.140625

-2.07812 0.37896
-2.0727 0.375

-0.28125 -0.130463
-0.268352 -0.140625

-0.265625 -0.147686
-0.25 -0.152739

-2.125 0.443272
-2.10938 0.452539

-0.375 -0.084618
-0.369432 -0.078125

0.46875 -0.14835
0.484375 -0.151264

-2.10989 0.453125
-2.10938 0.453508

-0.369045 -0.078125
-0.360342 -0.0625

0.484375 -0.151323
0.5 -0.152513

0.375 -0.115092
0.390625 -0.124269

0.390625 -0.123037
0.40625 -0.120904

-0.3125 -0.101282
-0.317387 -0.09375

-0.328125 -0.0638311
-0.328638 -0.0625

-2.09375 0.446256
-2.09535 0.453125

-2.10938 0.454541
-2.09375 0.465909

-0.317246 -0.09375
-0.324423 -0.078125

-0.328125 -0.063812
-0.32486 -0.078125

-2.10938 0.499603
-2.10963 0.5

-2.09375 0.491893
-2.09927 0.5

-0.361607 -0.0625
-0.359375 -0.0534991

-0.359402 -0.046875
-0.359375 -0.0442044

-0.359375 -0.0549696
-0.355737 -0.046875

-0.359375 -0.0459303
-0.354193 -0.03125

-2.09375 0.441069
-2.08652 0.453125

0.5 -0.152432
0.515625 -0.151944

-0.354975 -0.03125
-0.351664 -0.015625

-0.356185 -0.015625
-0.345023 0

-2.07812 0.454993
-2.08146 0.46875

-0.32994 -0.0625
-0.333913 -0.046875

0.515625 -0.151804
0.53125 -0.150081

-2.07812 0.463462
-2.07647 0.46875

-2.09375 0.471931
-2.07812 0.478466

-2.07812 0.49858
-2.07873 0.5

-0.332471 -0.046875
-0.336415 -0.03125

-2.07574 0.46875
-2.07243 0.484375

0.53125 -0.149943
0.546875 -0.147539

-0.323178 -0.046875
-0.3125 -0.0386056

-0.333498 -0.03125
-0.336005 -0.015625

-2.07812 0.485863
-2.0625 0.493709

-0.328125 -0.00807121
-0.336875 0

-0.328125 -0.0300819
-0.326806 -0.03125

0.546875 -0.147417
0.5625 -0.144849

0.5625 -0.144758
0.578125 -0.142453

0.578125 -0.142238
0.59375 -0.140808

-0.328125 -0.01204
-0.327326 -0.015625

-0.296875 -0.120149
-0.307563 -0.109375

0.59375 -0.140928
0.606465 -0.140625

-2.63084 0.5
-2.625 0.503485

-0.3125 -0.101428
-0.307071 -0.109375

-2.625 0.50087
-2.59375 0.518432

-2.59375 0.520579
-2.57289 0.53125

-2.57216 0.53125
-2.5625 0.536191

-2.5625 0.530427
-2.56047 0.53125

-2.5625 0.534318
-2.53125 0.548984

0.606951 -0.140625
0.609375 -0.140567

0.609375 -0.140678
0.625 -0.140877

-2.53125 0.551542
-2.5027 0.5625

-2.50679 0.5625
-2.5 0.565159

-0.296875 -0.120029
-0.290126 -0.125

-2.48438 0.541933
-2.48967 0.546875

-2.5 0.560008
-2.48438 0.561754

-2.48438 0.543337
-2.46875 0.543996

-0.28125 -0.0774934
-0.294133 -0.0625

-0.266763 -0.125
-0.265625 -0.112468

-0.265625 -0.107503
-0.27192 -0.09375

0.625 -0.140912
0.640625 -0.141372

-0.265625 -0.113519
-0.252141 -0.125

0.640625 -0.141389
0.65625 -0.142006

-2.48125 0.546875
-2.47067 0.5625

-2.44183 0.5
-2.4375 0.508432

-0.265625 -0.107889
-0.26488 -0.109375

-0.28125 -0.0781612
-0.271736 -0.09375

-2.46875 0.545273
-2.46735 0.546875

-2.46599 0.546875
-2.46696 0.5625

-2.5 0.565121
-2.46875 0.580192

0.65625 -0.142013
0.671875 -0.142738

0.671875 -0.142737
0.6875 -0.143559

0.6875 -0.143557
0.703125 -0.144481

0.703125 -0.144483
0.71875 -0.145507

-0.296875 -0.062201
-0.31009 -0.046875

0.71875 -0.145516
0.734375 -0.146619

0.734375 -0.146635
0.75 -0.147764

-2.46875 0.578047
-2.43842 0.59375

-2.4377 0.59375
-2.4375 0.593833

-0.3125 -0.0300816
-0.296875 -0.0224594

0.75 -0.147782
0.765625 -0.14887

-2.4375 0.507155
-2.42188 0.509963

0.765625 -0.148883
0.78125 -0.14987

0.78125 -0.149877
0.796875 -0.150723

-2.42188 0.512438
-2.41423 0.5

-2.4375 0.591391
-2.43108 0.59375

-0.296875 -0.0267823
-0.28125 -0.0305459

-0.265625 -0.0366824
-0.280289 -0.03125

-0.265625 -0.0363737
-0.25 -0.0441087

-0.28125 -0.0311294
-0.280924 -0.03125

-2.42998 0.59375
-2.40625 0.605521

-2.40625 0.610189
-2.375 0.624075

0.796875 -0.150725
0.8125 -0.151413

-0.25 -0.15357
-0.234375 -0.143031

-0.234375 -0.127797
-0.235838 -0.125

-0.234375 -0.145246
-0.230966 -0.140625

0.8125 -0.151412
0.828125 -0.151938

-2.375 0.622481
-2.36346 0.625

0.828125 -0.151935
0.84375 -0.152306

0.84375 -0.152303
0.859375 -0.152529

0.859375 -0.152526
0.875 -0.152618

-0.228775 -0.140625
-0.232713 -0.125

-0.140625 -0.139292
-0.154588 -0.125

0.875 -0.152616
0.890625 -0.152586

-2.35938 0.620453
-2.35079 0.625

-0.125 -0.155329
-0.13995 -0.140625

-0.140625 -0.14002
-0.140042 -0.140625

-2.28125 0.515447
-2.28135 0.515625

-2.28125 0.515799
-2.28935 0.53125

-2.29688 0.546247
-2.2972 0.546875

-2.29771 0.546875
-2.30491 0.5625

-2.2888 0.53125
-2.29683 0.546875

-2.29688 0.547003
-2.29682 0.546875

-2.28125 0.515292
-2.27142 0.5

-2.30466 0.5625
-2.30977 0.578125

0.890625 -0.152583
0.90625 -0.152441

0.90625 -0.152439
0.921875 -0.152195

0.921875 -0.152193
0.9375 -0.151856

-2.31139 0.578125
-2.3117 0.59375

-2.3125 0.594779
-2.30253 0.609375

-2.30181 0.609375
-2.29688 0.613598

-0.25 -0.122744
-0.245847 -0.125

-0.234375 -0.124706
-0.233959 -0.125

0.9375 -0.151854
0.953125 -0.151432

0.953125 -0.15143
0.96875 -0.15093

0.96875 -0.150926
0.984375 -0.150361

0.984375 -0.150353
1 -0.149746

-0.21875 -0.0666497
-0.22409 -0.0625

-0.1875 -0.0940123
-0.187788 -0.09375

-2.29688 0.612815
-2.28125 0.622474

-2.28125 0.621817
-2.27365 0.625

-0.203125 -0.079868
-0.205158 -0.078125

-0.21875 -0.0668544
-0.205293 -0.078125

-2.35984 0.625
-2.34375 0.632145

-2.34375 0.642604
-2.3125 0.647181

-0.203125 -0.0799593
-0.187609 -0.09375

-0.234375 -0.054311
-0.245716 -0.046875

-2.3125 0.643572
-2.29688 0.642088

-2.29688 0.642023
-2.28125 0.644113

-2.27025 0.625
-2.26562 0.628204

-2.28125 0.645954
-2.26562 0.648474

-2.26562 0.627512
-2.25 0.633939

-0.25 -0.0444154
-0.246114 -0.046875

-0.234375 -0.0547861
-0.224332 -0.0625

-2.26562 0.649242
-2.25 0.651622

-0.1875 -0.0939589
-0.171875 -0.108361

-0.15625 -0.123208
-0.170562 -0.109375

-2.125 0.593951
-2.13143 0.609375

-2.13961 0.609375
-2.125 0.618809

-2.25 0.634408
-2.23438 0.638551

-2.25 0.649947
-2.23899 0.65625

-2.23438 0.639476
-2.22531 0.640625

-2.23438 0.641708
-2.22209 0.640625

-2.25 0.65866
-2.21875 0.660595

-2.21027 0.640625
-2.20312 0.646306

-2.2018 0.640625
-2.19355 0.65625

-2.21875 0.663865
-2.20312 0.661147

-2.20931 0.671875
-2.20312 0.673636

-2.19131 0.65625
-2.20276 0.671875

-2.20312 0.674876
-2.1875 0.673039

-0.171875 -0.109269
-0.171761 -0.109375

1 -0.149737
1.01562 -0.149121

-2.15625 0.656211
-2.1563 0.65625

-2.17947 0.671875
-2.17188 0.683929

1.01562 -0.149114
1.03125 -0.148521

1.03125 -0.148529
1.04688 -0.147957

1.04688 -0.147979
1.0625 -0.147368

-2.15625 0.661432
-2.16653 0.671875

-2.17017 0.671875
-2.16396 0.6875

-0.15625 -0.124184
-0.155436 -0.125

-0.0625 -0.189524
-0.0680011 -0.1875

1.0625 -0.14739
1.07812 -0.146649

1.07812 -0.146638
1.09375 -0.145744

1.09375 -0.145679
1.10938 -0.144787

-0.109375 -0.168453
-0.124533 -0.15625

-0.09375 -0.1777
-0.103674 -0.171875

-2.14062 0.654036
-2.14974 0.65625

-0.109375 -0.167788
-0.10243 -0.171875

-0.125 -0.155101
-0.123707 -0.15625

-2.14062 0.654591
-2.13568 0.65625

-2.15625 0.661488
-2.14305 0.65625

-2.14062 0.658493
-2.125 0.663734

-0.09375 -0.177112
-0.078125 -0.183911

-0.078125 -0.183428
-0.0670577 -0.1875

-0.0625 -0.189771
-0.046875 -0.194249

-0.046875 -0.195361
-0.03125 -0.19538

-2.15857 0.6875
-2.15625 0.689097

-2.15625 0.688324
-2.125 0.702319

-2.0974 0.5
-2.09988 0.515625

1.10938 -0.144719
1.125 -0.144095

-2.09816 0.515625
-2.09375 0.522093

-0.03125 -0.196189
-0.015625 -0.187905

1.125 -0.144176
1.14062 -0.143794

-0.0155896 -0.1875
-0.00180438 -0.171875

-2.08259 0.5
-2.0805 0.515625

-0.00209212 -0.171875
0 -0.16668

1.14062 -0.143939
1.15625 -0.143347

1.15625 -0.143204
1.17188 -0.142396

-0.03125 -0.0791956
-0.0325182 -0.078125

-0.0334321 -0.078125
-0.0384165 -0.0625

-2.08734 0.515625
-2.07812 0.524346

-2.0625 0.513228
-2.065 0.515625

1.17188 -0.142341
1.1875 -0.141714

0 -0.114934
-0.00194791 -0.109375

-0.00145489 -0.109375
-0.0107982 -0.09375

-2.07812 0.523101
-2.0625 0.516181

-0.015625 -0.0874619
-0.0247621 -0.078125

-0.03125 -0.0766243
-0.0307835 -0.078125

-2.09375 0.546318
-2.07812 0.538669

-0.015625 -0.0878343
-0.0106858 -0.09375

1.1875 -0.141396
1.20312 -0.141697

-2.09375 0.554933
-2.07812 0.549261

-2.07812 0.540436
-2.07648 0.546875

-0.0373111 -0.0625
-0.03125 -0.0533788

1.20312 -0.141452
1.21875 -0.143805

-2.07812 0.547156
-2.07225 0.5625

-2.10938 0.589642
-2.11337 0.59375

1.21875 -0.14418
1.23438 -0.148324

1.23438 -0.148259
1.25 -0.153572

-0.03125 -0.0564617
-0.0160862 -0.046875

-0.015625 -0.0508295
0 -0.0530208

-2.09375 0.570667
-2.09787 0.578125

-2.10406 0.578125
-2.10843 0.59375

-0.345437 0
-0.34375 0.00101511

-0.335954 0
-0.328125 0.00583069

1.26562 -0.160572
1.25488 -0.15625

1.26562 -0.161068
1.28125 -0.165892

1.25 -0.152967
1.25817 -0.15625

-0.328125 0.0112295
-0.3125 0.0104475

1.28125 -0.165295
1.29688 -0.167761

1.29688 -0.167597
1.3125 -0.169227

1.3125 -0.169223
1.32812 -0.170352

1.32812 -0.170361
1.34375 -0.170978

-0.323173 0.015625
-0.327479 0.03125

-0.32277 0.03125
-0.3125 0.0412976

-2.12394 0.59375
-2.1146 0.609375

-2.125 0.610719
-2.11812 0.609375

-2.10938 0.601262
-2.09375 0.598798

1.34375 -0.171025
1.35938 -0.171019

1.35938 -0.171144
1.375 -0.170169

-0.3125 0.0134327
-0.300822 0.015625

-0.3125 0.0162075
-0.309568 0.015625

-2.09044 0.5625
-2.07812 0.567348

-2.07812 0.582252
-2.0872 0.59375

-2.07464 0.5625
-2.07568 0.578125

1.375 -0.170198
1.39062 -0.167948

1.39062 -0.167304
1.40625 -0.165012

1.40625 -0.164018
1.42188 -0.16496

1.4375 -0.172465
1.43578 -0.171875

1.42188 -0.165335
1.4375 -0.170685

1.4375 -0.173144
1.45312 -0.177419

1.4375 -0.170984
1.44076 -0.171875

-2.07812 0.582281
-2.07607 0.578125

-2.09375 0.598755
-2.08621 0.59375

1.45312 -0.176302
1.46875 -0.176881

1.46875 -0.176585
1.48438 -0.17611

-0.294511 0.015625
-0.28125 0.024165

-0.3125 0.0402898
-0.29709 0.046875

-2.0625 0.515956
-2.06229 0.515625

-0.297152 0.046875
-0.296875 0.0469867

-2.125 0.665592
-2.10938 0.671006

1.48438 -0.176064
1.5 -0.175219

-0.28125 0.0438869
-0.286499 0.046875

-0.296875 0.0488483
-0.28468 0.046875

-2.10938 0.671245
-2.09915 0.671875

-2.10938 0.671887
-2.09375 0.671881

-0.28125 0.019435
-0.272669 0.03125

-0.271153 0.03125
-0.278053 0.046875

-0.28125 0.0503934
-0.27525 0.046875

-2.09375 0.670358
-2.07812 0.670088

-2.07812 0.667968
-2.06961 0.671875

-2.06714 0.671875
-2.0625 0.676303

-2.125 0.700109
-2.10938 0.701541

-2.11741 0.703125
-2.10938 0.703864

-2.10938 0.699467
-2.09375 0.702129

-2.10657 0.703125
-2.09375 0.70531

-2.09375 0.701475
-2.08686 0.703125

-2.09375 0.70467
-2.07812 0.708735

-2.0625 0.697056
-2.06632 0.703125

-2.07812 0.7131
-2.0625 0.708031

-2.0625 0.673804
-2.05579 0.6875

-2.0625 0.69055
-2.05878 0.703125

-2.0625 0.711471
-2.04688 0.708058

-2.04688 0.716447
-2.03842 0.703125

-2.05616 0.71875
-2.03125 0.723819

-2.03125 0.707008
-2.02219 0.703125

-2 0.705466
-1.98438 0.704302

-1.98438 0.705715
-1.96875 0.707542

-2.01562 0.705096
-2.00215 0.703125

-2.03125 0.723708
-2.01562 0.728319

-2.01562 0.727377
-2 0.730016

-2 0.730134
-1.98438 0.732306

-1.98438 0.732572
-1.97229 0.734375

-1.97426 0.734375
-1.96875 0.735789

-1.96875 0.708285
-1.95312 0.711416

-1.95312 0.711586
-1.9375 0.714752

-1.96875 0.736991
-1.95312 0.7415

-1.95312 0.741685
-1.9375 0.744204

-1.9375 0.713674
-1.92188 0.718694

-1.9375 0.746505
-1.92188 0.742059

-1.91358 0.71875
-1.90784 0.734375

-1.92188 0.745359
-1.91011 0.734375

-1.95312 0.169808
-1.95546 0.171875

-1.95494 0.171875
-1.96747 0.1875

-1.95312 0.169746
-1.9375 0.161543

-1.96875 0.194691
-1.97268 0.203125

-1.9727 0.203125
-1.97881 0.21875

-1.98438 0.241062
-1.98993 0.25

-1.97861 0.21875
-1.98371 0.234375

-1.98438 0.235311
-1.98382 0.234375

-1.96875 0.19515
-1.96519 0.1875

-1.9375 0.162402
-1.92188 0.163311

-1.92188 0.163646
-1.90625 0.171241

-1.90739 0.171875
-1.90625 0.172431

-1.90625 0.171096
-1.90514 0.171875

-1.90625 0.172378
-1.89062 0.18377

-1.89062 0.185227
-1.88793 0.1875

-1.88361 0.1875
-1.875 0.198179

-1.87484 0.203125
-1.868 0.21875

-1.86671 0.21875
-1.86181 0.234375

-1.86273 0.234375
-1.86052 0.25

-2 0.253853
-1.99793 0.25

-1.86038 0.25
-1.85938 0.264212

-1.85995 0.265625
-1.85938 0.268268

-1.85938 0.280865
-1.85911 0.28125

-1.86167 0.28125
-1.85938 0.28582

-1.85938 0.286217
-1.84375 0.294207

-1.82812 0.280571
-1.83316 0.28125

-1.82812 0.274811
-1.81548 0.28125

-1.83703 0.28125
-1.82812 0.284228

-1.82514 0.28125
-1.81643 0.296875

-1.82795 0.296875
-1.82452 0.3125

-1.84375 0.339064
-1.84712 0.34375

-1.86039 0.359375
-1.85938 0.361259

-1.85511 0.34375
-1.85226 0.359375

-1.85938 0.360628
-1.84375 0.366637

-1.83158 0.3125
-1.8346 0.328125

-1.84375 0.336477
-1.82812 0.330998

-1.82812 0.326837
-1.8125 0.323426

-1.82812 0.334919
-1.82441 0.328125

-1.82812 0.344785
-1.83799 0.359375

-1.84375 0.362347
-1.8386 0.359375

-1.79688 0.304923
-1.80761 0.3125

-1.78125 0.293044
-1.78673 0.296875

-1.79688 0.30379
-1.78713 0.296875

-1.75 0.274158
-1.76117 0.28125

-1.78125 0.292891
-1.76562 0.283185

-1.76562 0.283389
-1.76221 0.28125

-1.8125 0.315476
-1.80925 0.3125

-1.85955 0.375
-1.85938 0.375173

-1.71875 0.16474
-1.72442 0.171875

-1.72526 0.171875
-1.71875 0.185068

-1.71875 0.164383
-1.70312 0.171229

-1.71875 0.182172
-1.70444 0.171875

-1.71875 0.241939
-1.7242 0.25

-1.6875 0.207762
-1.70198 0.21875

-1.70312 0.2199
-1.71538 0.234375

-1.71875 0.241586
-1.71393 0.234375

-1.70312 0.219831
-1.70195 0.21875

-1.67188 0.201965
-1.67444 0.203125

-1.6875 0.208381
-1.67591 0.203125

-1.67188 0.201957
-1.65625 0.197103

-1.65625 0.197181
-1.64062 0.193365

-1.64062 0.193902
-1.625 0.189894

-1.53125 0.120549
-1.53903 0.125

-1.53125 0.120715
-1.51562 0.112089

-1.5 0.103453
-1.51069 0.109375

-1.51562 0.11224
-1.51045 0.109375

-1.60938 0.184098
-1.61664 0.1875

-1.59375 0.170408
-1.59534 0.171875

-1.60938 0.18348
-1.59464 0.171875

-1.57812 0.152986
-1.58127 0.15625

-1.5625 0.139471
-1.56397 0.140625

-1.57812 0.15328
-1.56402 0.140625

-1.59375 0.170393
-1.57962 0.15625

-1.625 0.190322
-1.61894 0.1875

-1.5625 0.139573
-1.54688 0.128971

-1.54688 0.1296
-1.53883 0.125

-1.73438 0.263028
-1.7374 0.265625

-1.75 0.273899
-1.73933 0.265625

-1.73438 0.262798
-1.72285 0.25

-1.46875 0.0855442
-1.48317 0.09375

-1.5 0.103543
-1.48438 0.0946295

-1.48438 0.0945375
-1.48298 0.09375

-1.45312 0.0768397
-1.45549 0.078125

-1.46875 0.0855948
-1.45503 0.078125

-1.45312 0.0768547
-1.4375 0.069117

-1.42188 0.062363
-1.42219 0.0625

-1.42188 0.0623518
-1.40625 0.0566583

-1.40625 0.0566252
-1.39062 0.052265

-1.39062 0.052378
-1.375 0.0491913

-1.4375 0.0692037
-1.42196 0.0625

-1.375 0.0492663
-1.35938 0.0468769

-1.34375 0.0450988
-1.35905 0.046875

-1.35938 0.0469091
-1.35908 0.046875

-1.34375 0.0450996
-1.32812 0.0437878

-1.32812 0.0438404
-1.3125 0.0429236

-1.3125 0.0429723
-1.29688 0.042248

-1.29688 0.0422853
-1.28125 0.0415815

-1.28125 0.0416058
-1.26562 0.0407991

-1.26562 0.0408098
-1.25 0.03983

-1.25 0.0398227
-1.23438 0.0386633

-1.23438 0.0386323
-1.21875 0.03737

-1.21875 0.037319
-1.20312 0.0361175

-1.20312 0.0360554
-1.1875 0.0351407

-1.1875 0.0350846
-1.17188 0.0346931

-1.17188 0.0346673
-1.15625 0.0349625

-1.15625 0.0349858
-1.14062 0.0359724

-1.14062 0.0360461
-1.125 0.03753

-1.125 0.0376324
-1.10938 0.0392615

-1.10938 0.0393527
-1.09375 0.0407398

-1.09375 0.0407708
-1.07812 0.0416717

-1.07812 0.0416399
-1.0625 0.0420563

-1.0625 0.0419863
-1.04688 0.0421218

-1.04688 0.0420409
-1.03125 0.0421973

-1.03125 0.0421477
-1.01562 0.0425859

-1.01562 0.0426058
-1 0.0433854

