-4 -0.00242252
-3.79228 0

-3.63097 0
-3.5 0.00152739

-3.5 -0.00107792
-3.47348 0

1.5 -0.195592
1.51562 -0.196602

1.51562 -0.196733
1.53125 -0.197977

1.53125 -0.198132
1.54688 -0.199038

1.54688 -0.19911
1.5625 -0.199222

-3.25 -0.000532853
-3.24565 0

-3.00007 -0.25
-3.00002 -0.1875

1.5625 -0.199157
1.57812 -0.198461

1.57812 -0.198332
1.59375 -0.197214

-3.125 -0.000513837
-3.12299 0

-3 -0.0822123
-3.00286 -0.0625

-3.0625 -0.00166596
-3.05794 0

-3 -0.0345613
-3.00296 -0.03125

-3.03125 -0.00371155
-3.002 0

-3.40821 0
-3.25 0.00649361

-3.22111 0
-3.125 0.0125749

1.59375 -0.197114
1.60938 -0.196031

1.60938 -0.19598
1.625 -0.195231

1.625 -0.1952
1.64062 -0.194949

1.64062 -0.194916
1.65625 -0.195292

1.65625 -0.19524
1.67188 -0.196412

1.67188 -0.196311
1.6875 -0.198586

1.6875 -0.198617
1.70312 -0.202137

-3.11247 0
-3.0625 0.0210729

-3.0625 0.0111377
-3.03411 0.03125

1.71875 -0.206259
1.70422 -0.203125

1.70312 -0.202325
1.70683 -0.203125

1.71875 -0.206021
1.73438 -0.208214

-3.03805 0.03125
-3.03125 0.0426586

-3.03125 0.0257097
-3.02803 0.03125

-3.03125 0.0453642
-3.02501 0.0625

-3.0358 0.0625
-3.03125 0.0763351

-3.03125 0.0754657
-3.02466 0.09375

1.73438 -0.207993
1.75 -0.209756

0 -0.00280572
0.015625 -0.00596075

-3.0162 0.09375
-3.00427 0.125

-3.01626 0.125
-3 0.156579

0.015625 -0.00512729
0.03125 -0.00363696

0.03125 -0.00425028
0.0453637 0

1.75 -0.209655
1.76562 -0.211632

1.76562 -0.211785
1.78125 -0.213871

1.78125 -0.214064
1.79688 -0.215567

1.79688 -0.215536
1.8125 -0.216133

1.8125 -0.215964
1.82812 -0.216055

1.82812 -0.215926
1.84375 -0.216108

1.84375 -0.216083
1.85938 -0.216662

1.85938 -0.216717
1.875 -0.217632

1.90625 -0.219565
1.8908 -0.21875

1.875 -0.217708
1.89062 -0.218697

1.89062 -0.218712
1.89135 -0.21875

0.265625 -0.00238964
0.261653 0

0.265625 -0.00249798
0.28125 -0.0098633

1.90625 -0.219566
1.92188 -0.220136

1.92188 -0.220125
1.9375 -0.220458

-3 -0.219499
-2.99866 -0.21875

-0.90625 0.119723
-0.92178 0.125

-0.90625 0.120005
-0.890625 0.11651

-0.890625 0.116764
-0.875 0.114015

-1 0.130775
-0.984375 0.135052

-0.984375 0.135442
-0.96875 0.139385

-0.953125 0.140456
-0.963728 0.140625

-0.96875 0.140972
-0.953125 0.140744

-0.953125 0.139859
-0.9375 0.133897

-0.953125 0.141605
-0.950557 0.140625

-3 -0.215631
-2.99774 -0.21875

-3 -0.0844503
-2.99075 -0.078125

-3 -0.0742748
-2.99583 -0.078125

-3 -0.0624349
-2.99993 -0.0625

0.28125 -0.00975446
0.296875 -0.0142115

0.296875 -0.0142072
0.308561 -0.015625

1.9375 -0.220447
1.95312 -0.220586

0.3125 -0.0158527
0.328125 -0.0157354

1.95312 -0.220583
1.96875 -0.220554

0.319115 -0.015625
0.328125 -0.0155566

-3 -0.0315973
-2.99316 -0.03125

0.328125 -0.0157055
0.329018 -0.015625

-3 -0.0237851
-2.98438 -0.0198348

-0.9375 0.13252
-0.921875 0.125231

-3 -0.0127057
-2.98438 -0.0146096

-2.98438 -0.0157207
-2.98436 -0.015625

1.96875 -0.220559
1.98438 -0.220355

0.328125 -0.0155627
0.34375 -0.014153

1.98438 -0.220359
2 -0.219962

-0.921875 0.125159
-0.921408 0.125

0.34375 -0.0139989
0.359375 -0.0119109

-0.875 0.114203
-0.859375 0.111317

-0.84375 0.107943
-0.850352 0.109375

-0.859375 0.111297
-0.850514 0.109375

-0.84375 0.107976
-0.828125 0.103988

0.359375 -0.0118026
0.375 -0.00956578

-3 0.106964
-2.99312 0.125

-3 0.141102
-2.99272 0.15625

-0.828125 0.104103
-0.8125 0.0991775

0.375 -0.00953408
0.390625 -0.00742838

0.390625 -0.00735237
0.40625 -0.00559322

0.40625 -0.00541411
0.421875 -0.00451172

-2.99206 0.15625
-2.97248 0.1875

-2.96875 0.15458
-2.95312 0.15521

-0.796875 0.0934543
-0.797732 0.09375

-0.796875 0.0934914
-0.78125 0.0882231

-0.8125 0.0988262
-0.797789 0.09375

-0.78125 0.0882208
-0.765625 0.082969

-0.75 0.0779644
-0.75052 0.078125

-0.765625 0.0827674
-0.750605 0.078125

-2.96875 0.164667
-2.95706 0.171875

-2.9673 0.171875
-2.9624 0.1875

0.421875 -0.00441129
0.4375 -0.00492474

0.4375 -0.00516212
0.453125 -0.00681752

-0.75 0.0780168
-0.734375 0.073855

-2.97607 0.1875
-2.96875 0.200121

-0.734375 0.0738342
-0.71875 0.0702258

0.453125 -0.0072555
0.46875 -0.00870214

-2.96875 0.20142
-2.95753 0.21875

-2.95448 0.21875
-2.9375 0.237964

0.46875 -0.00888564
0.484375 -0.00888058

0.484375 -0.00873276
0.5 -0.0072046

0 0.000718632
0.00355896 0

-2.90625 0.208845
-2.9112 0.21875

0.0264069 0
0.03125 0.00046194

-0.71875 0.0701294
-0.703125 0.067309

-2.9375 0.237154
-2.91697 0.25

0.0389919 0
0.046875 0.00237398

-0.703125 0.0671614
-0.6875 0.065617

-2.90625 0.213495
-2.89062 0.207803

-2.89062 0.209412
-2.88026 0.21875

0.046875 0.0015922
0.0625 0.0086084

-0.6875 0.0655051
-0.671875 0.0657558

-2.90625 0.233518
-2.90606 0.234375

-2.90625 0.235456
-2.89062 0.242456

0.0620141 0.046875
0.0625 0.0498616

-0.671875 0.06574
-0.65625 0.068041

-2.88049 0.21875
-2.88105 0.234375

0.0622234 0.0625
0.0625 0.0627866

-2.89062 0.245359
-2.875 0.234394

-2.8125 0.0936923
-2.81257 0.09375

-2.81258 0.09375
-2.82539 0.109375

-2.82352 0.109375
-2.82796 0.125

0.0625 0.00975885
0.0780213 0.015625

0.0780381 0.015625
0.078125 0.0157226

-0.65625 0.0681454
-0.640625 0.0723197

-0.640625 0.0726632
-0.625 0.077769

2 -0.219954
2.01562 -0.219373

-0.626481 0.078125
-0.625 0.0786088

0.0888328 0.015625
0.09375 0.0237979

-2.8125 0.0927875
-2.79688 0.0881957

0.078125 0.0317076
0.0722557 0.046875

-0.625 0.0778611
-0.624056 0.078125

2.01562 -0.219347
2.02903 -0.21875

-0.625 0.0782684
-0.609375 0.0826357

2.02902 -0.21875
2.03125 -0.218651

-2.79688 0.0907567
-2.78792 0.09375

2.03125 -0.218621
2.04688 -0.217921

-2.8125 0.0938545
-2.81222 0.09375

2.04688 -0.217892
2.0625 -0.217305

-2.78997 0.09375
-2.78125 0.096665

2.0625 -0.217284
2.07812 -0.216909

-0.609375 0.0821536
-0.59375 0.0857934

0.0625 0.0477439
0.078125 0.0594249

0.078125 0.0402825
0.0800527 0.046875

0.078125 0.0476774
0.0831494 0.046875

-0.59375 0.0854373
-0.578125 0.0900102

-0.578125 0.089997
-0.568189 0.09375

-0.569323 0.09375
-0.5625 0.0963269

2.07812 -0.216907
2.09375 -0.216788

2.09375 -0.21681
2.10938 -0.216909

2.10938 -0.216945
2.125 -0.217145

-2.78125 0.0995155
-2.76562 0.102363

2.125 -0.217172
2.14062 -0.217349

-2.76562 0.0994925
-2.75 0.0993085

-2.82812 0.136437
-2.82849 0.140625

-2.82825 0.140625
-2.8286 0.15625

-2.82812 0.135706
-2.8272 0.125

-2.82846 0.15625
-2.82866 0.171875

-2.82864 0.171875
-2.82902 0.1875

-2.82899 0.1875
-2.82964 0.203125

-2.82955 0.203125
-2.83073 0.21875

-2.83069 0.21875
-2.83267 0.234375

-2.83274 0.234375
-2.83548 0.25

-0.5625 0.0956853
-0.546875 0.103369

-0.546875 0.103099
-0.536256 0.109375

-0.539345 0.109375
-0.53125 0.114174

-0.53125 0.113147
-0.515625 0.122845

-0.515625 0.122863
-0.511842 0.125

-0.517359 0.125
-0.515625 0.126045

-0.513183 0.125
-0.5 0.132447

2.14062 -0.217351
2.15625 -0.217447

2.15625 -0.217429
2.17188 -0.217477

-2.92653 0.25
-2.90625 0.274266

-2.90625 0.264863
-2.90596 0.265625

0.0968617 0.015625
0.103829 0.03125

0.09375 0.0371178
0.109375 0.0446089

0.109375 0.0441049
0.113586 0.046875

-2.90625 0.27102
-2.89633 0.28125

-2.89062 0.278057
-2.88782 0.28125

2.17188 -0.217464
2.1875 -0.217523

0.117812 0.046875
0.125 0.0500869

0.0625 0.0626249
0.078125 0.062714

-2.8985 0.28125
-2.875 0.305272

0.140625 0.0130995
0.15625 0.000840741

0.140625 0.0167829
0.15625 0.01892

2.1875 -0.217535
2.20312 -0.217605

0.125 0.0510208
0.140625 0.0586331

2.20312 -0.217651
2.21875 -0.217618

-2.875 0.294208
-2.87206 0.296875

0 -0.00396042
-0.00773558 0

2.21875 -0.217675
2.23438 -0.217332

0.140625 0.0598557
0.148311 0.0625

2.23438 -0.217367
2.25 -0.216529

0.156697 0
0.159199 0.015625

-0.390625 0.115075
-0.404339 0.125

-2.875 0.303121
-2.86565 0.3125

0.15625 0.0195393
0.159849 0.015625

-0.390625 0.117328
-0.375 0.112971

2.25 -0.216531
2.26562 -0.215126

-2.85938 0.310822
-2.85676 0.3125

2.26562 -0.215168
2.28125 -0.213106

-2.8359 0.25
-2.83844 0.265625

0.1875 0.0608152
0.182525 0.0625

2.28125 -0.213294
2.29688 -0.210117

0.148773 0.0625
0.15625 0.0650722

2.29688 -0.210238
2.3125 -0.205326

-2.83905 0.265625
-2.83934 0.28125

2.3125 -0.20522
2.31815 -0.203125

2.31643 -0.203125
2.32812 -0.19879

-0.5 0.132036
-0.484375 0.139375

2.32812 -0.19834
2.34375 -0.194057

-2.84051 0.28125
-2.83498 0.296875

-2.83588 0.296875
-2.82812 0.306245

2.34375 -0.194286
2.35938 -0.192342

-2.82812 0.305514
-2.81708 0.3125

0.15625 0.0653322
0.171875 0.0658232

-2.86867 0.3125
-2.84375 0.334309

0.171875 0.0660862
0.182464 0.0625

-2.84375 0.327578
-2.84307 0.328125

0.21875 0.0308589
0.218338 0.03125

-2.84375 0.332322
-2.83016 0.34375

0.1875 0.0611268
0.203125 0.048861

0.203125 0.0465822
0.218569 0.03125

2.35938 -0.19268
2.375 -0.191942

0.203125 0.0485599
0.204753 0.046875

-2.81306 0.3125
-2.8125 0.312657

-0.484446 0.140625
-0.484375 0.140658

2.375 -0.191721
2.39062 -0.191955

0.21875 0.0305003
0.234375 0.0175143

2.39062 -0.192065
2.40625 -0.193496

-2.82812 0.341648
-2.82591 0.34375

-0.484375 0.139733
-0.481424 0.140625

-2.83313 0.34375
-2.8125 0.360107

2.40625 -0.19348
2.42188 -0.195918

0.25 0.00762924
0.238247 0.015625

2.4375 -0.203806
2.4345 -0.203125

0.234375 0.0178331
0.237668 0.015625

-2.8125 0.310055
-2.8062 0.3125

-0.483202 0.140625
-0.46875 0.144994

-2.80566 0.3125
-2.79688 0.31595

2.42188 -0.19582
2.4375 -0.199365

-0.46875 0.144477
-0.453125 0.145831

0.25 0.00762047
0.262513 0

2.46875 -0.224272
2.46367 -0.21875

-2.79688 0.315271
-2.78237 0.328125

-0.453125 0.145736
-0.4375 0.144804

-2.78382 0.328125
-2.78125 0.33173

2.45312 -0.207066
2.44434 -0.203125

2.4375 -0.197463
2.45099 -0.203125

-2.8125 0.357638
-2.81009 0.359375

-0.4375 0.145134
-0.421875 0.141447

-2.8125 0.359544
-2.79688 0.371498

2.45312 -0.203991
2.46875 -0.217555

-2.79688 0.370813
-2.78911 0.375

-2.78125 0.331757
-2.77322 0.34375

-2.77332 0.34375
-2.76673 0.359375

-2.76562 0.358037
-2.76504 0.359375

0.5 -0.00697766
0.515625 -0.00467592

-2.76405 0.359375
-2.76519 0.375

2.46875 -0.223735
2.48438 -0.234097

-0.40625 0.132894
-0.417812 0.140625

0.515625 -0.00450835
0.53125 -0.00222206

-0.421875 0.142099
-0.41909 0.140625

0.53125 -0.00213941
0.546875 -0.000369001

-0.40625 0.13166
-0.398034 0.125

2.48438 -0.231565
2.5 -0.233225

-2.80442 0.375
-2.78125 0.380827

0.546875 -0.000288582
0.551225 0

0.625 -0.000835296
0.613122 0

-2.78151 0.40625
-2.78125 0.406403

0.625 -9.66595e-05
0.640625 -0.00333757

-0.375 0.115028
-0.359375 0.112335

-2.78125 0.387631
-2.75904 0.375

-2.78125 0.408177
-2.77132 0.40625

-0.34375 0.107993
-0.351469 0.109375

-0.359375 0.111397
-0.348086 0.109375

0.640625 -0.00131018
0.65625 -0.0122332

-2.75 0.100754
-2.73438 0.100389

-0.34375 0.109003
-0.328125 0.107168

-2.73438 0.100072
-2.71875 0.0972697

0.671875 -0.0378186
0.667235 -0.03125

-2.70312 0.0931447
-2.70574 0.09375

-2.70312 0.0932175
-2.6875 0.0896392

-2.71875 0.0967797
-2.70568 0.09375

0.6875 -0.0542363
0.679425 -0.046875

-2.6875 0.0893463
-2.67188 0.0862739

2.5 -0.232258
2.51562 -0.232214

-2.67188 0.0864739
-2.65625 0.0840933

0.671875 -0.037833
0.67915 -0.046875

-2.65625 0.0841223
-2.64062 0.0819755

0.669303 -0.03125
0.657746 -0.015625

-0.3125 0.100442
-0.324732 0.109375

-0.328125 0.111096
-0.324189 0.109375

-0.28125 0.0580637
-0.287385 0.0625

-0.28125 0.0592675
-0.265625 0.048805

2.51562 -0.232957
2.53125 -0.231654

-2.64062 0.0818786
-2.625 0.0801012

2.53125 -0.232647
2.54688 -0.226611

0.65625 -0.0118525
0.659665 -0.015625

0.703125 -0.0629403
0.702345 -0.0625

-0.25 0.0376475
-0.262729 0.046875

0.703125 -0.0634454
0.71875 -0.069378

-0.265625 0.0488115
-0.262854 0.046875

2.54688 -0.226754
2.5574 -0.21875

-2.625 0.0800435
-2.60938 0.0789449

0.71875 -0.0692271
0.734375 -0.0733889

-0.296875 0.0703787
-0.302893 0.078125

2.55579 -0.21875
2.5625 -0.213104

-0.301152 0.078125
-0.310922 0.09375

2.5625 -0.212443
2.5717 -0.203125

-0.296875 0.0712238
-0.287619 0.0625

2.57206 -0.203125
2.57812 -0.196838

-0.3125 0.0992122
-0.30864 0.09375

2.57812 -0.196522
2.58653 -0.1875

-2.60938 0.078977
-2.59375 0.0786086

0.734375 -0.0731951
0.75 -0.0762757

0.6875 -0.0547179
0.69982 -0.0625

-2.59375 0.0787697
-2.57812 0.0787449

-2.57812 0.0788184
-2.5625 0.078668

0.765625 -0.0786919
0.761875 -0.078125

0.75 -0.0762758
0.762231 -0.078125

-2.5625 0.0785478
-2.54688 0.0783651

2.58689 -0.1875
2.59375 -0.179982

2.59375 -0.179246
2.60058 -0.171875

2.60075 -0.171875
2.60938 -0.163244

-2.54688 0.0785163
-2.53125 0.0782397

-2.51562 0.0775844
-2.52895 0.078125

-2.53125 0.0782302
-2.52866 0.078125

0.765625 -0.078681
0.78125 -0.0802396

0.78125 -0.0801673
0.796875 -0.0810057

0.796875 -0.0809121
0.8125 -0.081362

-0.234375 0.0256957
-0.241721 0.03125

-0.21875 0.0151072
-0.219459 0.015625

-0.234375 0.0251383
-0.221645 0.015625

-0.25 0.0370997
-0.242315 0.03125

-0.21875 0.0124343
-0.203125 0.00362523

0.8125 -0.0812864
0.828125 -0.0816859

0.828125 -0.0816694
0.84375 -0.082203

-2.51562 0.0780737
-2.5 0.0761431

-2.51562 0.0782043
-2.51498 0.078125

2.60938 -0.162624
2.61689 -0.15625

-2.75 0.390728
-2.7499 0.390625

-0.203125 0.00285608
-0.1875 0.000885098

-2.67188 0.460506
-2.67188 0.46875

-0.1875 0.000848227
-0.171875 0.00732737

0.84375 -0.0822392
0.859375 -0.0828674

-0.171875 0.00937185
-0.161031 0.015625

0.859375 -0.0829103
0.875 -0.0834752

-0.164878 0.015625
-0.15625 0.0206004

2.61705 -0.15625
2.625 -0.149979

-0.15625 0.020312
-0.140625 0.0239049

2.625 -0.150513
2.63871 -0.140625

-0.140625 0.0225544
-0.125 0.0214747

0.875 -0.0834885
0.890625 -0.0838776

-2.67188 0.462922
-2.67187 0.46875

0.890625 -0.0838528
0.90625 -0.084089

0.90625 -0.084027
0.921875 -0.0842839

0.921875 -0.0841897
0.9375 -0.0847794

2.63832 -0.140625
2.64062 -0.139003

2.64062 -0.139039
2.65625 -0.128264

-0.125 0.0182739
-0.109375 0.0216242

-0.109375 0.0158009
-0.0943757 0.03125

-0.102916 0.03125
-0.0943454 0.046875

-0.104507 0.046875
-0.09375 0.0592295

0.9375 -0.0847148
0.953125 -0.0859549

-0.09375 0.0521001
-0.078125 0.0551812

-2.46875 0.0212445
-2.47285 0.03125

-0.0625 0.0424899
-0.069773 0.046875

-2.46986 0.03125
-2.47153 0.046875

2.65625 -0.12882
2.66336 -0.125

-2.46911 0.046875
-2.47661 0.0625

-2.45312 0.00558314
-2.46795 0.015625

-0.078125 0.0504834
-0.0721403 0.046875

-2.46875 0.020518
-2.46537 0.015625

-2.45312 0.00807968
-2.4375 0.00946829

2.65963 -0.125
2.67188 -0.118423

-2.5 0.0780328
-2.48438 0.0700514

0.953125 -0.0859907
0.96875 -0.0879385

-0.046875 0.0269719
-0.0315215 0.015625

-2.48438 0.0717897
-2.4751 0.0625

-0.0625 0.0407345
-0.050806 0.03125

2.67188 -0.119671
2.6875 -0.114057

1 -0.0961359
0.99387 -0.09375

2.6875 -0.114108
2.70312 -0.11002

0.96875 -0.0877239
0.984375 -0.090737

-2.4375 0.0110897
-2.4249 0.015625

-0.015625 0.0069415
-0.029758 0.015625

0.984375 -0.0899077
0.994356 -0.09375

2.70312 -0.109675
2.70556 -0.109375

0.552419 0
0.5625 0.00066886

2.70533 -0.109375
2.71875 -0.107718

-0.03125 0.015965
-0.0306668 0.015625

-2.4255 0.015625
-2.42188 0.0169301

-0.015625 0.00690613
-0.00214116 0

-2.42188 0.0173024
-2.40625 0.0227376

0.5625 0.000644525
0.578125 0.000993733

0.578125 0.000958667
0.59375 0.000789382

-2.40625 0.0228365
-2.39062 0.0267991

-2.39062 0.0267584
-2.375 0.0291321

2.71875 -0.107683
2.73438 -0.108725

2.75 -0.112911
2.73712 -0.109375

0.59375 0.00077153
0.609375 0.000189589

0.609375 0.000246393
0.612879 0

-2.375 0.02897
-2.35938 0.0301603

-2.35938 0.030035
-2.34375 0.0306167

2.73438 -0.108649
2.73702 -0.109375

-2.34375 0.0305516
-2.32812 0.0309057

-2.32812 0.0308818
-2.3125 0.0311864

-2.3125 0.0311775
-2.30897 0.03125

-2.30896 0.03125
-2.29688 0.0314985

-2.29688 0.0314996
-2.28125 0.0318534

-2.28125 0.0318526
-2.26562 0.0322384

-2.26562 0.0322317
-2.25 0.0326646

2.78125 -0.128851
2.77431 -0.125

2.78125 -0.129738
2.79688 -0.138525

2.8125 -0.145536
2.80116 -0.140625

2.79688 -0.138953
2.80074 -0.140625

-2.48438 0.390625
-2.48438 0.40625

2.8125 -0.146695
2.82812 -0.148634

2.82812 -0.150364
2.84375 -0.1421

2.84091 -0.140625
2.84375 -0.138944

2.84375 -0.142289
2.84547 -0.140625

2.84375 -0.139647
2.85665 -0.125

2.75 -0.113317
2.76562 -0.120245

2.76562 -0.120386
2.77394 -0.125

2.85916 -0.125
2.85938 -0.124691

2.85938 -0.118742
2.86594 -0.109375

2.86743 -0.109375
2.875 -0.0956084

-2.25 0.0326517
-2.23438 0.033171

-2.23438 0.0331524
-2.21875 0.0338211

-2.21875 0.0338017
-2.20312 0.0346956

-2.20312 0.0346833
-2.1875 0.035866

2.96875 -0.218812
3 -0.21886

2.96875 -0.218748
3 -0.218742

-2.1875 0.0358694
-2.17188 0.0373586

-2.17188 0.0373799
-2.15625 0.0391261

1.0625 -0.126663
1.05323 -0.125

-2.15625 0.0391558
-2.14062 0.0410572

2.95312 -0.132605
2.96875 -0.131088

2.96875 -0.125145
2.96892 -0.125

-2.14062 0.0410884
-2.125 0.0430232

2.875 -0.0950058
2.87569 -0.09375

-2.125 0.0430488
-2.10938 0.0449035

1.0625 -0.126468
1.07812 -0.12929

2.87553 -0.09375
2.88153 -0.078125

-2.10938 0.0448842
-2.09375 0.0466465

2.88269 -0.078125
2.88469 -0.0625

2.9375 -0.0904273
2.93409 -0.078125

-2.09375 0.0466162
-2.09151 0.046875

-2.09133 0.046875
-2.07812 0.0483994

1.07812 -0.129353
1.09375 -0.132605

1.09375 -0.132796
1.10938 -0.135967

1.10938 -0.136037
1.125 -0.138604

-2.07812 0.0484615
-2.0625 0.0502831

-2.0625 0.0502917
-2.04688 0.0519959

-2.04688 0.0519943
-2.03125 0.053567

1.01562 -0.111287
1.01347 -0.109375

1 -0.0956613
1.01562 -0.106859

1.01562 -0.11038
1.03125 -0.120821

1.01562 -0.10709
1.01854 -0.109375

1.03125 -0.119787
1.04688 -0.124761

1.04688 -0.124056
1.05214 -0.125

-2.03125 0.0535691
-2.01562 0.0550094

1.125 -0.138503
1.14062 -0.140526

1.15625 -0.142357
1.14263 -0.140625

2.93418 -0.078125
2.93068 -0.0625

-2.01562 0.0550184
-2 0.0563039

2.88304 -0.0625
2.88205 -0.046875

2.88049 -0.046875
2.88294 -0.03125

1.14062 -0.140393
1.14245 -0.140625

1.15625 -0.14226
1.17188 -0.144715

1.17188 -0.14473
1.1875 -0.147824

1.1875 -0.147909
1.20312 -0.151439

2.88119 -0.03125
2.89062 -0.0188584

2.89062 -0.0182148
2.89721 -0.015625

2.89479 -0.015625
2.90625 -0.0135736

2.92188 -0.0322895
2.9214 -0.03125

2.93111 -0.0625
2.92725 -0.046875

2.92188 -0.0325674
2.92811 -0.046875

2.92188 -0.0290694
2.90719 -0.015625

2.90625 -0.0149786
2.90753 -0.015625

2.95312 -0.121389
2.94475 -0.109375

2.9375 -0.0950432
2.9453 -0.109375

2.95312 -0.123098
2.96875 -0.120344

2.9375 -0.0921861
2.93793 -0.09375

2.96875 -0.113377
2.98644 -0.09375

1.20312 -0.151584
1.21875 -0.155089

-1.20312 -0.860014
-1.1875 -0.860014

2.9826 -0.09375
2.98417 -0.078125

2.98321 -0.078125
2.98073 -0.0625

-1.20312 -0.859373
-1.1875 -0.859373

2.98696 -0.09375
2.99148 -0.078125

2.98277 -0.0625
2.98364 -0.046875

2.9835 -0.046875
2.98385 -0.03125

2.98438 -0.058048
2.98484 -0.0625

2.98438 -0.0439619
2.98468 -0.046875

2.98384 -0.03125
2.98407 -0.015625

2.98411 -0.015625
2.98421 0

2.98438 -0.00166209
2.98439 0

1.23438 -0.158156
1.22412 -0.15625

1.23438 -0.157955
1.25 -0.16033

1.21875 -0.155196
1.22443 -0.15625

1.25 -0.160236
1.26562 -0.162632

1.26562 -0.162583
1.28125 -0.165285

2.98423 0
2.98408 0.015625

2.98399 0.015625
2.98375 0.03125

2.98375 0.03125
2.98361 0.046875

2.98364 0.046875
2.98353 0.0625

2.98356 0.0625
2.98332 0.078125

2.98358 0.078125
2.98263 0.09375

-2 0.0563162
-1.98438 0.0574043

-1.98438 0.0574158
-1.96875 0.058259

1.28125 -0.165226
1.29688 -0.168451

1.3125 -0.172469
1.30994 -0.171875

2.98391 0.09375
2.97441 0.125

1.29688 -0.168537
1.31129 -0.171875

-1.96875 0.0582633
-1.95312 0.0588299

1.375 -0.188647
1.37144 -0.1875

2.90625 0.246388
2.9052 0.25

1.3125 -0.172339
1.32812 -0.175814

-1.95312 0.0588235
-1.9375 0.0591174

1.32812 -0.175725
1.34375 -0.178941

1.34375 -0.178702
1.35938 -0.182316

1.35938 -0.181914
1.375 -0.18695

-1.9375 0.0591071
-1.92188 0.0591618

-1.92188 0.059149
-1.90625 0.0590107

2.92188 0.218419
2.92159 0.21875

2.92188 0.198759
2.9375 0.198103

2.92429 0.203125
2.9375 0.207025

-1.90625 0.0590024
-1.89062 0.0587132

-1.89062 0.0587126
-1.875 0.05829

1.375 -0.188187
1.39062 -0.193031

1.39062 -0.192856
1.40625 -0.195644

2.90625 0.220046
2.92245 0.21875

2.95312 0.154694
2.95234 0.15625

-1.875 0.0582924
-1.85938 0.0577329

-1.85938 0.0577361
-1.84375 0.0570289

1.40625 -0.195555
1.42188 -0.19676

1.42188 -0.196618
1.4375 -0.1967

1.375 -0.186977
1.37669 -0.1875

-1.84375 0.0570306
-1.82812 0.056166

-1.82812 0.0561639
-1.8125 0.0551428

2.96875 0.12871
2.96263 0.140625

2.96499 0.140625
2.95654 0.15625

2.95272 0.15625
2.94969 0.171875

2.9499 0.171875
2.95312 0.179826

2.95312 0.1771
2.96022 0.1875

2.96875 0.136949
2.9732 0.125

3 0.180873
2.97027 0.1875

2.9375 0.188222
2.94445 0.1875

2.9413 0.21875
2.94838 0.25

2.96875 0.202624
3 0.192398

2.85938 0.296095
2.85857 0.296875

-1.8125 0.0551348
-1.79688 0.0539772

2.85859 0.296875
2.85832 0.3125

2.875 0.293353
2.8688 0.296875

2.85938 0.30707
2.8703 0.3125

2.82812 0.327814
2.84375 0.326292

2.82812 0.33256
2.84375 0.334071

-1.79688 0.0539618
-1.78125 0.0527145

-1.78125 0.0527055
-1.76562 0.0514172

1.4375 -0.196558
1.45312 -0.196084

-1.76562 0.0514091
-1.75 0.0501139

2.86699 0.3125
2.875 0.313044

2.84375 0.346105
2.84626 0.34375

2.89062 0.26172
2.88749 0.265625

1.45312 -0.195977
1.46875 -0.195448

1.46875 -0.195358
1.48438 -0.195169

2.88746 0.265625
2.88384 0.28125

2.90332 0.25
2.8932 0.265625

2.875 0.283196
2.90625 0.293982

2.9375 0.274591
2.91706 0.28125

2.90625 0.283492
2.91326 0.28125

2.875 0.313317
2.8774 0.3125

2.9375 0.273107
2.94972 0.25

3 -0.0978999
3.00394 -0.09375

3.00053 -0.09375
3.00917 -0.0625

3.00497 -0.0625
3.00101 -0.03125

3 -0.00224533
3.00206 0

3.0625 -0.00808641
3.03741 0

3.125 -0.00478211
3.09492 0

-1.75 0.0501127
-1.73438 0.048829

-1.73438 0.048833
-1.71875 0.0475551

1.48438 -0.195126
1.5 -0.195543

3.25 -0.00403372
3.2073 0

3.5 -0.00285247
3.41075 0

-1.70312 0.0462485
-1.71062 0.046875

-1.71875 0.0475799
-1.71032 0.046875

-1.70312 0.0462185
-1.6875 0.0449438

-1.6875 0.0448966
-1.67188 0.0438345

3.03125 0.0243322
3.02208 0.03125

3.02866 0.03125
3.02266 0.0625

-1.67188 0.0437667
-1.65625 0.0431471

-1.65625 0.0430715
-1.64062 0.0431812

3.03125 0.0132295
3.04819 0

3.02683 0.0625
3.0246 0.09375

-1.64062 0.0431354
-1.625 0.0442172

3.01955 0.09375
3.02226 0.125

3.0625 0.0127418
3.09733 0

3 0.173707
3.02571 0.125

3 0.1912
3.00358 0.1875

3.125 0.007746
3.19253 0

3.25 0.0032571
3.3463 0

-1.625 0.0441856
-1.60938 0.0463946

-1.60938 0.0463388
-1.60708 0.046875

-1.60673 0.046875
-1.59375 0.0499062

-1.59375 0.050166
-1.57812 0.0550123

4 -0.00350959
3.61966 0

-1.57812 0.0554121
-1.5625 0.0601621

-1.5625 0.0603386
-1.55285 0.0625

-1.55286 0.0625
-1.54688 0.0638402

-1.54688 0.0638193
-1.53125 0.0657575

-1.53125 0.0655692
-1.51562 0.0663623

-1.51562 0.0661712
-1.5 0.0665783

-1.5 0.0665215
-1.48438 0.0670384

-1.48438 0.0670649
-1.46875 0.0677525

-1.46875 0.0677698
-1.45312 0.0685404

-1.45312 0.0685327
-1.4375 0.0693672

-1.4375 0.0693602
-1.42188 0.0702879

-1.42188 0.0702956
-1.40625 0.071315

-1.40625 0.0713306
-1.39062 0.0723953

-1.39062 0.0724087
-1.375 0.0734607

-1.375 0.0734651
-1.35938 0.0744688

-1.35938 0.0744639
-1.34375 0.0754204

-1.34375 0.0754059
-1.32812 0.076354

-1.32812 0.0763177
-1.3125 0.0773591

-1.3125 0.0772823
-1.30311 0.078125

-1.3025 0.078125
-1.29688 0.0786301

-1.29688 0.0784329
-1.28125 0.0808533

-1.28125 0.0804925
-1.26562 0.0851148

-1.26562 0.0844685
-1.25 0.0932233

-1.25147 0.09375
-1.25 0.0946382

-1.25 0.09317
-1.2492 0.09375

-1.25 0.0948715
-1.23438 0.105785

-1.24023 0.109375
-1.23438 0.113288

-1.23438 0.107006
-1.22657 0.109375

-1.23358 0.109375
-1.21875 0.113444

-1.20312 0.108436
-1.20976 0.109375

-1.21875 0.110805
-1.20865 0.109375

-1.20312 0.107798
-1.1875 0.104783

-1.1875 0.104698
-1.17188 0.10252

-1.17188 0.102516
-1.15625 0.101354

-1.15625 0.101288
-1.14062 0.101282

-1.14062 0.101221
-1.125 0.102625

-1.125 0.102685
-1.10938 0.105504

-1.10938 0.1057
-1.0939 0.109375

-1.09458 0.109375
-1.09375 0.109572

-1.09375 0.109605
-1.07812 0.11343

-1.07812 0.113457
-1.0625 0.116963

-1.0625 0.116905
-1.04688 0.120155

-1.04688 0.120064
-1.03125 0.123358

-1.03125 0.12334
-1.02399 0.125

-1.02392 0.125
-1.01562 0.126898

-1.01562 0.126911
-1 0.130809

