-4 -0.00282567
-3.76168 0

-3.61011 0
-3.5 0.00130556

-3.5 -0.00194351
-3.45296 0

-3.25 -0.00286179
-3.22638 0

-3.125 -0.00394532
-3.10988 0

-3 -0.0675325
-3.00118 -0.0625

-3.0625 -0.00194168
-3.05797 0

-3.40064 0
-3.25 0.00627108

-3.21295 0
-3.125 0.0120507

-3.10793 0
-3.0625 0.0194766

-3.0625 0.00719947
-3.03125 0.0311335

-3.03777 0.03125
-3.03125 0.0425841

-3 0.0299538
-3.00642 0.03125

-3.03125 0.049516
-3.02296 0.0625

-3.03534 0.0625
-3.03125 0.0784997

-3.03125 0.0647004
-3.02011 0.09375

-3.01643 0.09375
-3.01307 0.125

-3.02488 0.125
-3 0.16488

-2.15625 -0.563535
-2.15799 -0.5625

-2.15625 -0.563431
-2.15396 -0.5625

-2.15761 -0.5625
-2.15625 -0.557547

-2.15625 -0.557646
-2.15433 -0.5625

-2.96875 -0.194346
-2.96956 -0.1875

-2.96875 -0.197143
-2.96871 -0.1875

-2.96991 -0.1875
-2.96875 -0.187459

-2.96875 -0.103927
-2.99151 -0.09375

-2.98739 -0.09375
-2.99011 -0.078125

-2.98501 -0.078125
-2.98438 -0.0728939

-2.98438 -0.0830822
-2.97575 -0.09375

-2.9809 -0.078125
-2.9817 -0.0625

-2.96875 -0.095849
-2.96483 -0.09375

-2.9663 -0.09375
-2.95312 -0.0880479

-2.95312 -0.0867761
-2.94119 -0.078125

-2.94014 -0.078125
-2.9375 -0.0761414

-2.98438 -0.0481605
-2.98321 -0.0625

-2.98385 -0.046875
-2.98395 -0.03125

-2.98438 -0.00223393
-2.9844 0

-2.98396 -0.03125
-2.98409 -0.015625

-2.98408 -0.015625
-2.98425 0

-2.9375 -0.0768916
-2.92347 -0.0625

-2.92457 -0.0625
-2.92188 -0.0591603

-2.92188 -0.0557257
-2.91197 -0.046875

-2.9113 -0.046875
-2.90625 -0.0434081

-2.90625 -0.0436214
-2.89062 -0.037854

-2.89062 -0.0378895
-2.875 -0.0372799

-2.78125 -0.125568
-2.78223 -0.125

-2.78125 -0.125965
-2.77232 -0.125

-2.8125 -0.0778651
-2.8271 -0.0625

-2.875 -0.0376921
-2.85938 -0.0413451

-2.84375 -0.0492461
-2.84827 -0.046875

-2.85938 -0.0407007
-2.84759 -0.046875

-2.84375 -0.0497008
-2.82812 -0.062092

-2.82812 -0.0621013
-2.82768 -0.0625

-2.79688 -0.101308
-2.80194 -0.09375

-2.78125 -0.121817
-2.79442 -0.109375

-2.79688 -0.100106
-2.78997 -0.109375

-2.8125 -0.079296
-2.80157 -0.09375

-2.8125 -0.0778547
-2.81229 -0.078125

-2.78125 -0.124602
-2.76562 -0.120739

-2.76562 -0.117979
-2.75878 -0.109375

-2.76075 -0.109375
-2.75205 -0.09375

-2.75259 -0.09375
-2.75 -0.0888464

-2.75 -0.0882672
-2.74464 -0.078125

-2.74631 -0.078125
-2.73438 -0.0636181

-2.73438 -0.0633168
-2.73334 -0.0625

-2.73276 -0.0625
-2.71875 -0.0531036

-2.71875 -0.0535337
-2.70312 -0.0497273

-2.70312 -0.0502231
-2.6875 -0.0511786

-2.64062 -0.068294
-2.6549 -0.0625

-2.64062 -0.0679515
-2.625 -0.0731312

-2.6875 -0.0517525
-2.67188 -0.0553306

-2.67188 -0.05503
-2.65625 -0.0606839

-2.65625 -0.0605584
-2.65147 -0.0625

-2.53125 -0.174418
-2.53379 -0.171875

-2.60938 -0.0787118
-2.61097 -0.078125

-2.625 -0.0723008
-2.60938 -0.0780568

-2.60938 -0.0785133
-2.59375 -0.0855945

-2.60938 -0.0780328
-2.60917 -0.078125

-2.57812 -0.0938842
-2.57838 -0.09375

-2.57812 -0.0948523
-2.5625 -0.10186

-2.59375 -0.0852959
-2.57812 -0.0934442

-2.57812 -0.0934484
-2.57745 -0.09375

-2.5625 -0.102188
-2.54688 -0.104586

-2.54688 -0.104704
-2.53125 -0.101585

-2.53125 -0.100624
-2.51579 -0.09375

-2.5158 -0.09375
-2.51562 -0.0936734

-2.51562 -0.0935198
-2.5 -0.0849805

-2.98469 0
-2.98468 0.015625

-2.9844 0.015625
-2.98438 0.016678

-2.98413 0
-2.98399 0.015625

-2.98404 0.015625
-2.98373 0.03125

-2.98384 0.03125
-2.98369 0.046875

-2.98367 0.046875
-2.98349 0.0625

-2.98355 0.0625
-2.98325 0.078125

-2.98352 0.078125
-2.98247 0.09375

-2.98371 0.09375
-2.97411 0.125

-2.97098 0.125
-2.96875 0.153442

-3 0.175659
-2.96875 0.181831

-2.96875 0.129175
-2.96351 0.140625

-2.96568 0.140625
-2.95789 0.15625

-2.95312 0.159317
-2.95454 0.171875

-2.95312 0.174718
-2.96716 0.1875

-2.95312 0.156339
-2.95149 0.171875

-2.95312 0.177026
-2.9509 0.171875

-2.99941 0.1875
-2.96875 0.195606

1.5 0.0591207
1.51562 0.0606101

1.51562 0.0606369
1.53125 0.0624621

1.53137 0.0625
1.54688 0.0645475

1.54688 0.0646582
1.5625 0.0666954

1.5625 0.0667491
1.57812 0.0684311

1.57812 0.0684095
1.59375 0.0696723

1.59375 0.069624
1.60938 0.0706077

1.60938 0.070552
1.625 0.0714647

1.625 0.0713978
1.64062 0.0724847

1.64062 0.0724458
1.65625 0.0739185

1.65625 0.0739224
1.67188 0.0758508

1.67188 0.0757973
1.68646 0.078125

1.68722 0.078125
1.6875 0.0781697

1.6875 0.0783068
1.70312 0.08144

1.70312 0.0815764
1.71875 0.0850343

1.71875 0.0850998
1.73438 0.0884788

1.73438 0.0885011
1.75 0.0916254

-0.9375 -0.255058
-0.94889 -0.25

-0.9375 -0.253944
-0.929313 -0.25

-0.953125 -0.237827
-0.953765 -0.234375

-0.955044 -0.234375
-0.953125 -0.230353

-0.953125 -0.237499
-0.947086 -0.25

-0.953125 -0.231344
-0.9375 -0.222632

-0.9375 -0.127178
-0.944853 -0.125

-0.927455 -0.25
-0.921875 -0.234815

-0.9375 -0.223994
-0.923018 -0.234375

-2.94151 0.1875
-2.9375 0.191286

-2.9375 0.226534
-2.94328 0.25

-2.9375 0.200791
-2.92188 0.201631

0 -0.0291461
0.015625 -0.0247631

1.75 0.0915896
1.76156 0.09375

0.015625 -0.0252072
0.03125 -0.0245178

1.76181 0.09375
1.76562 0.0944635

-0.9375 -0.126367
-0.921875 -0.129851

1.76562 0.0945685
1.78125 0.0972375

1.78125 0.0972684
1.79688 0.0994838

1.79688 0.0995117
1.8125 0.101156

-2.9375 0.209935
-2.92225 0.203125

1.8125 0.101179
1.82812 0.10215

0.03125 -0.0250061
0.046875 -0.0261457

1.82812 0.102142
1.84375 0.102408

0.046875 -0.0261048
0.0625 -0.0281784

-0.921875 -0.129395
-0.90625 -0.134096

-0.90625 -0.135245
-0.890625 -0.139778

1.84375 0.102376
1.85938 0.102016

1.85938 0.101943
1.875 0.101168

1.875 0.101059
1.89062 0.100236

1.89062 0.100154
1.90625 0.0996671

1.90625 0.0996434
1.92188 0.099705

1.92188 0.0997203
1.9375 0.100347

1.9375 0.100386
1.95312 0.101469

1.95312 0.101511
1.96875 0.102889

1.96875 0.102914
1.98438 0.104453

1.98438 0.104461
2 0.106095

-2.92188 0.217756
-2.92085 0.21875

-2.9375 0.221542
-2.90625 0.218792

-2.90625 0.249763
-2.90621 0.25

-0.875 -0.141989
-0.881962 -0.140625

-2.94649 0.25
-2.9375 0.269849

-2.9375 0.269894
-2.90625 0.277868

-2.91199 0.28125
-2.90625 0.282299

-2.90603 0.25
-2.89833 0.265625

-2.89062 0.274297
-2.89449 0.28125

1.40625 0.781296
1.4063 0.78125

-0.890625 -0.139771
-0.886268 -0.140625

0.078125 -0.0324228
0.0742899 -0.03125

-1 -0.102306
-0.984375 -0.108175

-2.89062 0.264086
-2.88928 0.265625

-0.96875 -0.115199
-0.98212 -0.109375

-0.984375 -0.107917
-0.981027 -0.109375

-0.96875 -0.115586
-0.953125 -0.12212

0.078125 -0.0328147
0.09375 -0.0405809

0.0625 -0.027254
0.0755675 -0.03125

-2.88934 0.265625
-2.88664 0.28125

-2.90625 0.286528
-2.88668 0.28125

-2.875 0.289397
-2.85938 0.29224

-2.875 0.303415
-2.85938 0.304989

-0.953125 -0.122394
-0.944327 -0.125

-0.875 -0.142174
-0.859375 -0.145096

-0.859375 -0.145534
-0.84375 -0.147776

-0.84375 -0.148051
-0.828125 -0.148187

-0.828125 -0.148288
-0.8125 -0.145566

-0.8125 -0.146247
-0.796875 -0.141982

-0.809361 -0.140625
-0.796875 -0.137021

-2.85938 0.294513
-2.85837 0.296875

-2.85938 0.307181
-2.85793 0.296875

-2.85228 0.3125
-2.84375 0.313647

-2.84375 0.316572
-2.83534 0.328125

-0.796875 -0.145983
-0.781283 -0.140625

-0.796875 -0.138407
-0.78125 -0.133038

-2.84375 0.32914
-2.82812 0.328391

-0.78125 -0.14068
-0.781143 -0.140625

-0.78125 -0.134731
-0.765625 -0.129142

0.109375 -0.0512062
0.102388 -0.046875

0.09375 -0.0397943
0.105172 -0.046875

0.109375 -0.0527236
0.125 -0.0594151

-0.765625 -0.129217
-0.75 -0.125217

0.125 -0.0586644
0.140625 -0.0586121

0.140625 -0.0578345
0.15625 -0.0540948

0.15625 -0.0534257
0.171875 -0.0488918

0.171875 -0.0485405
0.179414 -0.046875

0.180171 -0.046875
0.1875 -0.0452558

0.1875 -0.0461063
0.203125 -0.0424041

0.203125 -0.0427361
0.21875 -0.0362491

-0.640625 -0.257665
-0.644341 -0.25

-2.5 -0.0839669
-2.48828 -0.078125

2 0.106072
2.01562 0.107834

2.01562 0.107775
2.02765 0.109375

2.02812 0.109375
2.03125 0.109792

2.03125 0.109848
2.04688 0.112373

2.04688 0.112425
2.0625 0.115278

0.21875 -0.0338751
0.226027 -0.03125

2.0625 0.115296
2.07812 0.118335

-0.640625 -0.256435
-0.625 -0.253393

2.07812 0.118369
2.09375 0.121489

0.227285 -0.03125
0.234375 -0.0286926

2.09375 0.121487
2.10938 0.124624

-0.625 -0.250358
-0.624856 -0.25

-2.48828 -0.078125
-2.48438 -0.0761763

0.234375 -0.0291208
0.25 -0.0273194

-2.48438 -0.0760576
-2.46875 -0.0712885

-2.46875 -0.0711997
-2.45312 -0.069868

-0.75 -0.125755
-0.747971 -0.125

-2.45312 -0.0695133
-2.4375 -0.0725062

-0.644039 -0.25
-0.640625 -0.241702

2.10938 0.124635
2.11118 0.125

-0.640625 -0.242676
-0.625 -0.245863

2.11124 0.125
2.125 0.127779

-2.42188 -0.0814157
-2.42922 -0.078125

2.125 0.127812
2.14062 0.130917

-2.4375 -0.0723538
-2.42462 -0.078125

0.28125 -0.0321343
0.274832 -0.03125

-2.42188 -0.0802302
-2.40625 -0.0897927

-2.39062 -0.100791
-2.40199 -0.09375

-0.744043 -0.125
-0.734375 -0.121403

-0.734375 -0.119911
-0.71875 -0.111268

-0.71875 -0.109486
-0.713556 -0.109375

0.25 -0.0273869
0.265625 -0.0279697

-0.71875 -0.106799
-0.703125 -0.106465

-2.39062 -0.100401
-2.375 -0.108329

-2.40625 -0.0901573
-2.40045 -0.09375

0.265625 -0.0281278
0.28125 -0.0302805

-2.28125 -0.125347
-2.28262 -0.125

-2.28125 -0.125549
-2.26562 -0.129227

-0.703125 -0.112126
-0.6875 -0.118186

0.28125 -0.0317846
0.296875 -0.0325098

-0.703125 -0.107689
-0.698778 -0.109375

2.14062 0.130918
2.15625 0.133908

-2.26562 -0.12925
-2.25 -0.132

-2.35938 -0.114202
-2.37334 -0.109375

2.15625 0.133892
2.17188 0.136795

-0.6875 -0.119187
-0.671875 -0.118353

-2.375 -0.108778
-2.37327 -0.109375

-0.671875 -0.115793
-0.65625 -0.11096

2.17188 0.136732
2.1875 0.139705

-2.35938 -0.113919
-2.34375 -0.116409

-2.34375 -0.115952
-2.32812 -0.117008

2.1875 0.139764
2.19188 0.140625

-2.32812 -0.116523
-2.3125 -0.118027

2.19195 0.140625
2.20312 0.142821

-0.65625 -0.11034
-0.651726 -0.109375

0.296875 -0.0315872
0.298645 -0.03125

-0.648387 -0.109375
-0.640625 -0.10772

2.20312 0.142705
2.21875 0.146021

2.21875 0.146333
2.23438 0.14951

2.23438 0.149901
2.25 0.151531

-2.3125 -0.11799
-2.29688 -0.120987

-2.29688 -0.121286
-2.28218 -0.125

0.28125 -0.0307415
0.291294 -0.03125

0.304073 -0.03125
0.3125 -0.029644

-2.25 -0.131887
-2.23438 -0.133888

-0.640625 -0.107692
-0.625 -0.10573

-2.23438 -0.133805
-2.21875 -0.135449

-2.21875 -0.135472
-2.20312 -0.136879

-2.20312 -0.136893
-2.1875 -0.137988

-0.625 -0.244738
-0.62342 -0.25

0.3125 -0.0289703
0.328125 -0.0230867

0.328125 -0.0215725
0.34375 -0.0165649

-2.1875 -0.137902
-2.17188 -0.138828

-2.17188 -0.138676
-2.15625 -0.13991

-2.14062 -0.14186
-2.1502 -0.140625

2.25 0.150754
2.26562 0.151612

-0.625 -0.105569
-0.609375 -0.104791

0.34375 -0.0168219
0.354899 -0.015625

-0.609375 -0.104748
-0.59375 -0.105562

2.26562 0.151933
2.28125 0.152929

-0.59375 -0.105906
-0.578125 -0.107709

2.28125 0.153948
2.29688 0.152405

-0.5625 -0.111159
-0.573154 -0.109375

2.29688 0.151411
2.3125 0.14728

-0.578125 -0.106847
-0.563029 -0.109375

2.3125 0.14654
2.32812 0.143288

-0.5625 -0.110712
-0.546875 -0.11337

2.32812 0.143548
2.34375 0.142133

-0.546875 -0.113331
-0.53125 -0.114825

2.34375 0.142371
2.35938 0.141795

-0.53125 -0.114945
-0.515625 -0.115117

-2.15625 -0.139797
-2.14983 -0.140625

-0.515625 -0.115085
-0.5 -0.113758

2.35938 0.14189
2.375 0.141486

0.356019 -0.015625
0.359375 -0.0152647

0.359375 -0.0158022
0.375 -0.0157068

2.375 0.141491
2.39062 0.141061

-2.14062 -0.141852
-2.125 -0.144796

2.40625 0.140604
2.40552 0.140625

2.39062 0.141051
2.40555 0.140625

2.40625 0.140585
2.42188 0.140182

2.42188 0.140165
2.4375 0.13988

2.4375 0.139856
2.45312 0.139771

2.45312 0.139758
2.46875 0.139946

2.46875 0.139931
2.48438 0.140445

2.48438 0.140447
2.48757 0.140625

-0.5 -0.113964
-0.484375 -0.110791

0.35999 -0.015625
0.375 -0.0155402

-0.484375 -0.11036
-0.481654 -0.109375

0.375 -0.0158776
0.390625 -0.0158181

-0.479679 -0.109375
-0.46875 -0.105418

2.48762 0.140625
2.5 0.141316

0.380948 -0.015625
0.390625 -0.0155891

0.390625 -0.0157007
0.393781 -0.015625

0.399529 -0.015625
0.40625 -0.0154638

-2.125 -0.144788
-2.10938 -0.148655

-2.10938 -0.149021
-2.09375 -0.153094

-0.46875 -0.105237
-0.453125 -0.0968885

-0.453125 -0.0959714
-0.449516 -0.09375

-0.449047 -0.09375
-0.4375 -0.0866421

-0.4375 -0.0856257
-0.422077 -0.078125

-0.421953 -0.078125
-0.421875 -0.0780877

0.40625 -0.0156102
0.421875 -0.0145643

0.421875 -0.0146244
0.4375 -0.0123878

-0.42153 -0.078125
-0.40625 -0.0741507

-0.40625 -0.0738545
-0.390625 -0.0735426

-0.375 -0.0820497
-0.385988 -0.078125

-0.390625 -0.0720914
-0.375 -0.077672

0.4375 -0.0123453
0.453125 -0.00888287

3 -0.226938
2.99954 -0.21875

-0.34375 -0.114407
-0.346292 -0.109375

0.453125 -0.00866087
0.46875 -0.00450155

-0.34375 -0.0979762
-0.347579 -0.09375

2.98438 -0.0873681
2.97478 -0.078125

2.97959 -0.078125
2.97983 -0.0625

2.98438 -0.0831324
3 -0.0818899

2.98882 -0.078125
2.99908 -0.0625

2.97387 -0.0625
2.98438 -0.0533602

0.46875 -0.00409482
0.484375 -0.000496081

2.98438 -0.0589553
3 -0.0587095

-2.0625 -0.156456
-2.07019 -0.15625

2.98438 -0.0468678
2.98457 -0.046875

-0.375 -0.0814721
-0.359375 -0.0882897

-2.09375 -0.153569
-2.07812 -0.156167

-0.375 -0.0775812
-0.373792 -0.078125

-0.359375 -0.0841004
-0.34522 -0.09375

-0.34375 -0.109626
-0.328125 -0.123335

-0.34375 -0.0979822
-0.334942 -0.109375

0.484375 -6.86307e-05
0.484811 0

-0.328125 -0.119114
-0.3125 -0.121294

-2.07812 -0.156052
-2.07076 -0.15625

-0.3125 -0.118956
-0.296875 -0.116304

2.5 0.141323
2.51562 0.142542

-0.296875 -0.116175
-0.28125 -0.113626

0.488934 0
0.5 0.00174304

2.51562 0.142557
2.53125 0.14408

-2.0625 -0.156205
-2.04688 -0.155205

-2.04688 -0.155076
-2.03125 -0.153431

-0.28125 -0.113383
-0.265625 -0.111683

2.53125 0.144118
2.54688 0.145839

-2.03125 -0.153352
-2.01562 -0.151477

2.54688 0.145842
2.5625 0.147677

-0.265625 -0.111559
-0.25 -0.111442

2.5625 0.147759
2.57812 0.149536

0.859375 -0.00204967
0.848371 0

-2.01562 -0.151412
-2 -0.149595

0.859375 -0.00202917
0.875 -0.00447013

2.57812 0.149752
2.59375 0.150877

2.59375 0.151182
2.60938 0.150614

2.60938 0.150096
2.625 0.148262

0.875 -0.00443468
0.890625 -0.00653072

-2.45312 0.437716
-2.45291 0.4375

2.625 0.147461
2.64062 0.146996

0.890625 -0.00654248
0.90625 -0.00834096

0.90625 -0.00836418
0.921875 -0.00979514

0.921875 -0.00980088
0.9375 -0.0108064

-0.015625 -0.266119
-0.0162325 -0.265625

-0.0161456 -0.265625
-0.015625 -0.263467

-0.015625 -0.26608
-0.0140939 -0.265625

-0.015625 -0.263748
-0.0143779 -0.265625

0.9375 -0.0107982
0.953125 -0.0113832

0.953125 -0.0113835
0.96875 -0.011564

2.64062 0.146761
2.65625 0.149738

2.65625 0.148498
2.66992 0.15625

2.66783 0.15625
2.67188 0.158767

2.67188 0.160796
2.6875 0.171136

0.96875 -0.0115821
0.984375 -0.0113211

0.984375 -0.0113485
1 -0.0105551

-0.25 -0.111924
-0.234375 -0.112674

2.67857 0.171875
2.6875 0.176809

0.5 0.00141978
0.515625 0.00383402

0.515625 0.0035563
0.53125 0.00733316

2.6875 0.172902
2.70312 0.174771

0.53125 0.00779666
0.546875 0.0125646

0.546875 0.0133147
0.557337 0.015625

-2 -0.149552
-1.98438 -0.148005

0.558225 0.015625
0.5625 0.0165689

0.578125 0.0155823
0.577165 0.015625

2.71875 0.169629
2.70714 0.171875

-1.98438 -0.147988
-1.96875 -0.146833

2.70312 0.172548
2.7066 0.171875

-0.234375 -0.113317
-0.21875 -0.112684

-1.96875 -0.146803
-1.95312 -0.146134

-1.95312 -0.146079
-1.9375 -0.146065

-0.21875 -0.112472
-0.203125 -0.109594

-1.9375 -0.146002
-1.92188 -0.146882

-0.203125 -0.109423
-0.20297 -0.109375

2.71875 0.169624
2.73438 0.165963

-0.202167 -0.109375
-0.1875 -0.104834

2.73438 0.16575
2.75 0.161836

-0.1875 -0.104377
-0.171875 -0.0983383

-1.92188 -0.146857
-1.90625 -0.148805

-1.875 -0.156669
-1.87675 -0.15625

0.5625 0.0174239
0.578125 0.0167416

0.578125 0.0154189
0.59375 0.0117332

-0.171875 -0.0979513
-0.160664 -0.09375

-0.159009 -0.09375
-0.15625 -0.092716

-0.15625 -0.0925747
-0.140625 -0.0867193

-0.140625 -0.0864511
-0.125 -0.0804592

-1.90625 -0.148843
-1.89062 -0.151832

-0.125 -0.0802842
-0.119287 -0.078125

-1.89062 -0.151912
-1.875 -0.155664

0.578125 0.0161677
0.580426 0.015625

-1.875 -0.156697
-1.85938 -0.159647

0.59375 0.0107821
0.609375 0.00863793

0.609375 0.009123
0.625 0.00953233

-0.117791 -0.078125
-0.109375 -0.0749443

-0.109375 -0.0745984
-0.09375 -0.0686915

-0.09375 -0.0684601
-0.078125 -0.0632386

-0.078125 -0.0630635
-0.0763998 -0.0625

0.625 0.0100753
0.640625 0.010982

-0.0737771 -0.0625
-0.0625 -0.0588167

-0.0625 -0.0587104
-0.046875 -0.0525744

-0.046875 -0.052287
-0.0344187 -0.046875

0.640625 0.0108742
0.65625 0.0114082

0.65625 0.0112421
0.671875 0.0119512

-1.85938 -0.158849
-1.84375 -0.160573

-1.875 -0.154853
-1.8676 -0.15625

-1.84375 -0.16037
-1.82812 -0.162209

2.65625 0.265781
2.65641 0.265625

-0.0339619 -0.046875
-0.03125 -0.0456967

0.671875 0.0119105
0.6875 0.0132084

0.6875 0.0132391
0.703125 0.0151459

-1.82812 -0.16257
-1.8125 -0.164209

0.703125 0.0151154
0.706819 0.015625

0.705218 0.015625
0.71875 0.0174919

-0.03125 -0.0458902
-0.015625 -0.0382395

-0.015625 -0.0374431
-0.00281689 -0.03125

-0.00321337 -0.03125
0 -0.0296962

-1.8125 -0.164305
-1.79688 -0.164829

-1.79688 -0.164822
-1.78125 -0.164049

0.71875 0.0177621
0.734375 0.0192455

0.734375 0.0193727
0.75 0.0193072

2.85938 0.118517
2.84965 0.125

2.85938 0.119603
2.875 0.119983

2.75 0.16135
2.76562 0.15858

2.76562 0.158944
2.78125 0.15756

2.78125 0.155033
2.78572 0.15625

2.78561 0.15625
2.79688 0.15936

2.79688 0.160857
2.81135 0.171875

-1.78125 -0.164039
-1.76562 -0.162003

-1.76562 -0.162031
-1.75 -0.158695

2.81065 0.171875
2.8125 0.173507

0.75 0.0191269
0.765625 0.0176188

0.78125 0.015166
0.778251 0.015625

2.84375 0.139738
2.84348 0.140625

-1.75 -0.158009
-1.74215 -0.15625

-1.74128 -0.15625
-1.73438 -0.154703

-1.73438 -0.154667
-1.71875 -0.152061

-1.71875 -0.151781
-1.70312 -0.150495

-1.70312 -0.150589
-1.6875 -0.150994

2.8125 0.172831
2.82637 0.1875

2.84375 0.138577
2.85247 0.125

-1.6875 -0.151345
-1.67188 -0.152552

-1.67188 -0.152615
-1.65625 -0.153798

2.84729 0.140625
2.8481 0.15625

2.84848 0.15625
2.84981 0.171875

2.84914 0.171875
2.85153 0.1875

0.765625 0.01751
0.777943 0.015625

0.78125 0.0151187
0.796875 0.0120627

2.82529 0.1875
2.82812 0.191207

2.82812 0.191052
2.83781 0.203125

2.83617 0.203125
2.84375 0.212342

2.85184 0.1875
2.85862 0.203125

0.796875 0.0120211
0.8125 0.00840277

0.8125 0.00826437
0.828125 0.00444388

-1.65625 -0.153829
-1.64062 -0.154799

0.828125 0.00430966
0.84375 0.000832216

2.84375 0.215325
2.85152 0.21875

-1.64062 -0.154818
-1.625 -0.155473

2.85938 0.198487
2.86244 0.203125

2.86517 0.203125
2.87405 0.21875

-1.625 -0.155521
-1.60938 -0.155726

-1.60938 -0.155728
-1.59375 -0.155386

2.85102 0.21875
2.85938 0.223092

2.85938 0.218767
2.875 0.232564

0.84375 0.000839261
0.848256 0

-1.59375 -0.15531
-1.57812 -0.15457

-1.57812 -0.154553
-1.5625 -0.153601

-1.5625 -0.153628
-1.54688 -0.152446

2.875 0.120234
2.88312 0.125

-1.54688 -0.152463
-1.53125 -0.150962

-1.53125 -0.150984
-1.51562 -0.14909

-1.51562 -0.14913
-1.5 -0.14672

2.96875 0.120008
2.96376 0.125

2.98438 0.078124
3 0.078124

2.98438 0.0937258
3 0.0937258

2.99868 0.09375
2.98633 0.125

2.8769 0.125
2.89062 0.133141

2.89062 0.133247
2.90122 0.140625

2.90308 0.140625
2.90625 0.142709

2.90625 0.142873
2.92188 0.155342

2.92188 0.154201
2.92414 0.15625

2.92118 0.15625
2.92188 0.156879

2.92188 0.157091
2.9375 0.169758

2.875 0.215574
2.87881 0.21875

2.87889 0.21875
2.89062 0.224814

2.87776 0.234375
2.88069 0.25

1 -0.0105758
1.01562 -0.00915378

2.89062 0.232639
2.89239 0.234375

2.89146 0.234375
2.90625 0.24263

2.90625 0.244316
2.91887 0.25

2.95312 0.155323
2.96207 0.15625

1.01562 -0.00915717
1.03125 -0.00705821

2.9375 0.169547
2.94127 0.171875

2.94218 0.171875
2.95312 0.180044

1.03125 -0.00701531
1.04688 -0.00431841

1.04688 -0.00416986
1.0625 -0.00125794

-1.5 -0.146773
-1.48438 -0.143658

1.0625 -0.00107531
1.06897 0

2.95312 0.166733
2.96051 0.171875

-1.48438 -0.143638
-1.47221 -0.140625

-1.47236 -0.140625
-1.46875 -0.139732

-1.46875 -0.139565
-1.45312 -0.135388

-1.45312 -0.135317
-1.4375 -0.131363

2.95312 0.176923
2.96332 0.1875

3 0.13823
2.99259 0.15625

3 0.179718
2.98516 0.1875

2.95536 0.1875
2.96875 0.196606

2.9375 0.237862
2.95751 0.25

1.06968 0
1.07812 0.0014043

1.07812 0.00141038
1.09375 0.00355514

-1.4375 -0.131357
-1.42188 -0.127776

-1.42188 -0.127732
-1.40812 -0.125

2.96875 0.204271
3 0.192889

-1.40822 -0.125
-1.40625 -0.124609

-1.40625 -0.124572
-1.39062 -0.12215

1.09375 0.00344838
1.10938 0.00544462

1.10938 0.00519331
1.125 0.00775717

2.85936 0.296875
2.85938 0.297753

1.125 0.00781044
1.14062 0.011338

-1.39062 -0.122144
-1.375 -0.120526

1.14062 0.011712
1.15625 0.0153487

-1.375 -0.120534
-1.35938 -0.119715

1.15834 0.015625
1.17188 0.0184476

1.17188 0.0184921
1.1875 0.0215997

2.875 0.295287
2.87174 0.296875

2.85938 0.30084
2.875 0.302184

2.87315 0.3125
2.875 0.313059

2.88288 0.25
2.88633 0.265625

2.88341 0.265625
2.89062 0.278643

1.1875 0.0215129
1.20312 0.0246129

1.20312 0.0247672
1.21875 0.0277245

-1.35938 -0.119767
-1.34375 -0.119625

-1.34375 -0.119736
-1.32812 -0.119948

2.89062 0.280206
2.89171 0.28125

2.88929 0.28125
2.90625 0.288933

-1.32812 -0.120061
-1.3125 -0.120178

-1.3125 -0.120189
-1.29688 -0.11996

1.21875 0.0277122
1.23438 0.0302426

2.9375 0.26085
2.92823 0.28125

2.90625 0.286864
2.9342 0.28125

1.23438 0.0300533
1.24148 0.03125

1.24219 0.03125
1.25 0.0325649

-1.29688 -0.119872
-1.28125 -0.119449

-1.28125 -0.119443
-1.26562 -0.119016

-1.26562 -0.119298
-1.25 -0.118315

2.9375 0.287129
2.95374 0.25

-1.25 -0.118765
-1.23438 -0.11576

1.25 0.032594
1.26562 0.0358803

1.26562 0.0360295
1.28125 0.0397283

-1.23438 -0.115272
-1.21875 -0.110319

-1.21875 -0.109677
-1.21774 -0.109375

-1.21765 -0.109375
-1.20312 -0.105012

3 -0.203366
3.00004 -0.25

3 -0.0950299
3.00229 -0.09375

3 -0.0908047
3.00779 -0.0625

3 -0.0536073
3.0091 -0.0625

1.28125 0.0397788
1.29688 0.0434905

1.29688 0.0434826
1.31138 0.046875

3.0625 -0.00653404
3.04325 0

3.125 -0.00425393
3.10255 0

3.25 -0.00350824
3.21826 0

3.5 -0.00290763
3.42632 0

3.03125 0.0237794
3.02742 0.03125

3.03067 0.03125
3.02622 0.0625

3.03125 0.017457
3.05266 0

1.31197 0.046875
1.3125 0.046999

1.3125 0.0470432
1.32812 0.0508426

1.32812 0.0512481
1.34375 0.0545542

1.34375 0.054444
1.35938 0.0566664

3.03077 0.0625
3.02502 0.09375

-1.20312 -0.105859
-1.1875 -0.100963

3.02633 0.09375
3.02256 0.125

1.35938 0.0565903
1.375 0.0581014

3.0625 0.0147365
3.09817 0

1.375 0.0581045
1.39062 0.0590502

3 0.177718
3.03195 0.125

3 0.195383
3.00792 0.1875

1.39062 0.0590797
1.40625 0.0593949

1.40625 0.0593257
1.42188 0.0590898

-1.1875 -0.10015
-1.17188 -0.0949808

-1.17188 -0.0945555
-1.16715 -0.09375

3.125 0.00981145
3.19584 0

3.25 0.00421084
3.35409 0

4 -0.00438526
3.62064 0

3.5 0.000218269
3.51888 0

1.42188 0.058996
1.4375 0.0585351

1.4375 0.0584916
1.45312 0.0580805

1.45312 0.0580296
1.46875 0.0578572

1.46875 0.0577845
1.48438 0.058098

1.48438 0.0580895
1.5 0.0590516

-1.16835 -0.09375
-1.15625 -0.0916872

-1.15625 -0.0925928
-1.14062 -0.0918852

-1.14062 -0.091871
-1.125 -0.0914447

-1.125 -0.0912971
-1.10938 -0.0914759

-1.10938 -0.0915495
-1.09375 -0.0924816

-1.07812 -0.0939428
-1.08051 -0.09375

-1.07812 -0.0941525
-1.0625 -0.094932

-1.09375 -0.0926103
-1.07965 -0.09375

-1.0625 -0.0947847
-1.04688 -0.0948344

-1.04688 -0.0943038
-1.03125 -0.0949792

-1.03125 -0.0948277
-1.01562 -0.0974931

-1.01562 -0.0977023
-1 -0.102242

