-4 -0.00237913
-3.78033 0

-3.62736 0
-3.5 0.00137933

1.6875 -0.253672
1.70312 -0.254404

1.70312 -0.254363
1.71875 -0.254878

1.71875 -0.254863
1.73438 -0.255273

1.73438 -0.255267
1.75 -0.255613

1.5 -0.246625
1.51562 -0.248086

1.51562 -0.248156
1.53125 -0.248847

1.53125 -0.24885
1.54688 -0.248627

1.54688 -0.248544
1.5625 -0.247568

1.5625 -0.247409
1.57812 -0.246166

-3.5 -0.00130039
-3.46555 0

-3.25 -0.00103072
-3.24103 0

1.57812 -0.245992
1.59375 -0.245148

1.59375 -0.24506
1.60938 -0.245141

1.60938 -0.245167
1.625 -0.246294

-3 -0.247336
-3.00007 -0.1875

1.625 -0.246428
1.64062 -0.248282

1.64062 -0.248296
1.65291 -0.25

-3 -0.125076
-3.0001 -0.125

-3.125 -0.000770744
-3.12189 0

1.75 -0.255603
1.76562 -0.25592

-3 -0.0798699
-3.00192 -0.0625

-3.0625 -0.00144109
-3.05852 0

-3 -0.0345476
-3.00263 -0.03125

-3.03125 -0.00335749
-3.00449 0

-3.40502 0
-3.25 0.00590242

-3.21848 0
-3.125 0.0114762

1.76562 -0.255905
1.78125 -0.256244

1.78125 -0.256229
1.79688 -0.256651

1.79688 -0.256647
1.8125 -0.257187

-3.11109 0
-3.0625 0.0193148

-3.0625 0.00952695
-3.03164 0.03125

-3.03455 0.03125
-3.03125 0.0370287

-3.03125 0.0233493
-3.0263 0.03125

-3.03125 0.0384973
-3.02257 0.0625

1.8125 -0.257207
1.82812 -0.257831

1.82812 -0.257876
1.84375 -0.258457

1.84375 -0.258505
1.85938 -0.258859

-3.03412 0.0625
-3.03125 0.0715655

-3.03125 0.0707164
-3.02276 0.09375

-3.01459 0.09375
-3.00225 0.125

-3.01566 0.125
-3 0.15596

1.85938 -0.258886
1.875 -0.258863

1.875 -0.258844
1.89062 -0.258427

1.89062 -0.258363
1.90625 -0.257716

1.90625 -0.257635
1.92188 -0.257048

1.92188 -0.256995
1.9375 -0.256732

1.9375 -0.256729
1.95312 -0.256899

1.95312 -0.256943
1.96875 -0.257463

1.96875 -0.257537
1.98438 -0.258171

1.98438 -0.258251
2 -0.258693

-3 -0.218874
-2.99944 -0.21875

-3 -0.210696
-2.99882 -0.21875

-3 -0.187472
-2.9998 -0.1875

-3 -0.0842045
-2.9871 -0.078125

-3 -0.0752683
-2.99327 -0.078125

-3 -0.0618492
-2.99915 -0.0625

-3 -0.0317279
-2.9912 -0.03125

-2.98438 -0.0314079
-2.98423 -0.03125

-3 -0.0214041
-2.98438 -0.0199981

-3 -0.0105661
-2.98438 -0.0120935

-2.98438 -0.0161722
-2.98422 -0.015625

-2.64062 -0.000750456
-2.64241 0

-2.64062 -0.000758609
-2.63893 0

0 -0.0829799
0.015625 -0.0801435

0.015625 -0.079992
0.0236548 -0.078125

0.0244049 -0.078125
0.03125 -0.0765335

-0.84375 -0.000222239
-0.844091 0

-0.828125 -0.00551578
-0.842977 0

-0.828125 -0.00419188
-0.8125 -0.00412821

0.03125 -0.0763817
0.046875 -0.0722101

0.046875 -0.0721451
0.0625 -0.0676806

0.0625 -0.0684842
0.0774873 -0.0625

-0.8125 -0.00347182
-0.796875 -0.0015071

-0.796875 -0.00133048
-0.788628 0

0.0776289 -0.0625
0.078125 -0.0623019

0.0803518 -0.0625
0.09375 -0.050687

0.09375 -0.0511157
0.0969675 -0.046875

0.0964656 -0.046875
0.103289 -0.03125

0.102936 -0.03125
0.102602 -0.015625

0.101951 -0.015625
0.0964704 0

-0.625 -5.83687e-05
-0.609375 -0.00460833

-3 0.102684
-2.99094 0.125

0.21875 -0.151339
0.215258 -0.140625

0.214318 -0.140625
0.21875 -0.134878

-0.609375 -0.0048
-0.59375 -0.00988887

0.21875 -0.150153
0.234375 -0.140795

0.21875 -0.136327
0.234375 -0.14038

0.234375 -0.140466
0.234457 -0.140625

0.15625 -0.0478221
0.153824 -0.046875

0.15625 -0.0409301
0.150515 -0.03125

2 -0.258759
2.01562 -0.258717

-3 0.133619
-2.98924 0.15625

2.01562 -0.258748
2.03125 -0.258026

2.03125 -0.258031
2.04688 -0.256557

-0.59375 -0.00959418
-0.578125 -0.0154272

-2.99072 0.15625
-2.97107 0.1875

-0.578125 -0.0165908
-0.5625 -0.0214754

2.04688 -0.256536
2.0625 -0.254342

0.15625 -0.0195997
0.153741 -0.015625

-2.96875 0.153958
-2.95312 0.155114

0.15625 -0.0104467
0.143567 0

0.171875 -0.0471375
0.170489 -0.046875

0.171875 -0.038363
0.162044 -0.03125

0.1875 -0.0470283
0.18734 -0.046875

0.1875 -0.0415047
0.175822 -0.03125

0.171875 -0.0291191
0.159493 -0.015625

0.15625 -0.0105894
0.161084 -0.015625

0.171875 -0.0274639
0.176141 -0.03125

-0.578125 -0.0151545
-0.57662 -0.015625

2.0625 -0.254252
2.07812 -0.251557

2.07812 -0.251472
2.08638 -0.25

-2.96875 0.163475
-2.95438 0.171875

-2.96555 0.171875
-2.96045 0.1875

-2.97389 0.1875
-2.96875 0.196954

-2.96875 0.197485
-2.95599 0.21875

-2.95327 0.21875
-2.9375 0.236983

-2.9375 0.234403
-2.92335 0.25

2.08602 -0.25
2.09375 -0.248623

-2.9245 0.25
-2.90625 0.271196

-2.90625 0.269306
-2.89628 0.28125

2.09375 -0.248631
2.10938 -0.246043

2.10938 -0.246162
2.125 -0.243581

0.21875 -0.096698
0.215498 -0.09375

0.203125 -0.068017
0.200863 -0.0625

0.216691 -0.09375
0.204857 -0.078125

0.203125 -0.0686676
0.207003 -0.078125

0.21875 -0.0955931
0.234375 -0.10491

0.234375 -0.103407
0.25 -0.106678

0.202674 -0.0625
0.193247 -0.046875

0.1875 -0.0399848
0.193749 -0.046875

2.125 -0.243532
2.14062 -0.240818

-0.5625 -0.0217443
-0.546875 -0.0228156

-2.89855 0.28125
-2.875 0.30712

-2.875 0.302734
-2.86537 0.3125

-2.86979 0.3125
-2.84375 0.33655

-2.84375 0.332561
-2.83072 0.34375

0.25 -0.106112
0.265625 -0.107473

-2.83558 0.34375
-2.8125 0.362709

-2.78125 0.301292
-2.79633 0.3125

-0.546875 -0.0219148
-0.53125 -0.0203917

-0.53125 -0.0202964
-0.515625 -0.018171

0.265625 -0.107309
0.28125 -0.108221

0.28125 -0.108146
0.296875 -0.109084

-2.78125 0.301395
-2.76562 0.310839

-2.79153 0.3125
-2.79245 0.328125

0.3125 -0.11021
0.301047 -0.109375

0.296875 -0.109072
0.301026 -0.109375

-2.79266 0.328125
-2.78125 0.34209

-0.515625 -0.0179493
-0.5 -0.0158556

-2.81236 0.359375
-2.79688 0.372983

-2.78622 0.34375
-2.78125 0.348674

-2.79688 0.372509
-2.79496 0.375

-2.76976 0.3125
-2.76781 0.328125

-2.78125 0.34323
-2.76562 0.33008

-2.78125 0.350518
-2.76562 0.346067

-2.78125 0.363349
-2.77841 0.359375

-2.76562 0.345947
-2.76485 0.34375

-2.76562 0.365508
-2.76102 0.359375

-2.79993 0.375
-2.78125 0.391392

-2.78125 0.393062
-2.76082 0.40625

-2.76093 0.40625
-2.75 0.412444

-2.64202 0
-2.64062 0.00640468

2.14062 -0.240333
2.15625 -0.238555

2.15625 -0.238258
2.17188 -0.238978

2.17188 -0.23963
2.1875 -0.242135

2.1875 -0.242878
2.20312 -0.244379

0.3125 -0.110197
0.328125 -0.111588

0.328125 -0.111578
0.34375 -0.113268

-2.64062 0.00644955
-2.63931 0

-0.953125 0.12171
-0.956177 0.125

-0.953125 0.122709
-0.938656 0.109375

2.20312 -0.244467
2.21875 -0.243301

-0.890625 0.0611904
-0.891557 0.0625

-2.75 0.387512
-2.73438 0.388111

-0.875 0.036834
-0.881686 0.046875

2.21875 -0.242947
2.23438 -0.239646

-0.890625 0.0611232
-0.880755 0.046875

-2.75 0.403467
-2.74375 0.40625

-0.90625 0.0790854
-0.920158 0.09375

2.23438 -0.239219
2.25 -0.235342

-0.921875 0.0962952
-0.936401 0.109375

-2.73438 0.390124
-2.7279 0.390625

0.34375 -0.113176
0.359375 -0.115371

0.359375 -0.115275
0.375 -0.118351

-0.9375 0.109798
-0.936968 0.109375

0.40625 -0.125774
0.40216 -0.125

-0.921875 0.0961873
-0.919496 0.09375

-0.891489 0.0625
-0.904775 0.078125

-2.73438 0.403886
-2.71978 0.40625

-0.90625 0.0792888
-0.905166 0.078125

2.45312 -0.252727
2.44747 -0.25

-0.96875 0.149558
-0.971857 0.15625

-2.75 0.41155
-2.71875 0.423676

-0.973039 0.15625
-0.978635 0.171875

2.45312 -0.251256
2.46875 -0.252478

0.40625 -0.12619
0.421875 -0.126491

-2.70312 0.390236
-2.70479 0.390625

0.421875 -0.126934
0.429484 -0.125

-2.70368 0.390625
-2.71358 0.40625

2.46875 -0.251651
2.48438 -0.251091

-0.979 0.171875
-0.979867 0.1875

-2.70312 0.399577
-2.6875 0.4021

0.375 -0.118578
0.390625 -0.12227

-2.70312 0.421058
-2.70617 0.421875

2.48438 -0.250768
2.5 -0.250726

-0.956085 0.125
-0.96657 0.140625

-2.71875 0.426479
-2.70312 0.433333

-0.96875 0.149515
-0.964622 0.140625

-2.69058 0.40625
-2.70041 0.421875

-2.6875 0.431739
-2.69903 0.4375

0.390625 -0.122689
0.402833 -0.125

2.25 -0.235279
2.25371 -0.234375

0.428422 -0.125
0.4375 -0.122693

-2.70319 0.4375
-2.6875 0.441949

-1 0.216358
-0.984375 0.204628

2.25464 -0.234375
2.26562 -0.2317

-0.974318 0.1875
-0.980824 0.203125

2.26562 -0.231637
2.28125 -0.227706

-2.6875 0.416053
-2.67188 0.413038

0.4375 -0.121957
0.453125 -0.114839

-0.984375 0.205583
-0.982008 0.203125

2.28125 -0.227826
2.29688 -0.223533

-2.6875 0.429624
-2.68278 0.421875

0.453125 -0.113693
0.464057 -0.109375

2.29688 -0.223225
2.3125 -0.218947

0.463724 -0.109375
0.46875 -0.10739

2.3125 -0.218918
2.31304 -0.21875

2.31533 -0.21875
2.32812 -0.214769

-2.67188 0.410748
-2.65625 0.420976

-2.65727 0.421875
-2.65625 0.424199

0.46875 -0.106613
0.484375 -0.105498

0.5 -0.111866
0.492556 -0.109375

0.484375 -0.105245
0.496721 -0.109375

2.32812 -0.214288
2.34375 -0.208438

-2.65625 0.425377
-2.65283 0.4375

-0.859375 0.0150257
-0.859892 0.015625

0.0625 0.0425231
0.0607516 0.046875

2.34375 -0.207991
2.35853 -0.203125

0.0583574 0.046875
0.0625 0.0567912

2.35876 -0.203125
2.35938 -0.202921

-0.859375 0.0158266
-0.87149 0.03125

0.078125 0.0225078
0.0680569 0.03125

-0.859375 0.0144165
-0.84375 0.000480092

0.0904164 0
0.0869776 0.015625

-0.859375 0.0158595
-0.859178 0.015625

0.078125 0.024549
0.09375 0.0240491

-0.875 0.0368377
-0.871286 0.03125

0.0625 0.039472
0.0683405 0.03125

-0.84375 0.000327418
-0.842869 0

-2.67377 0.4375
-2.68658 0.453125

-0.786081 0
-0.78125 0.000779458

0.0625 0.0554339
0.0694339 0.0625

-0.78125 0.00102577
-0.765625 0.00407862

0.0860634 0.03125
0.09375 0.0460461

2.35938 -0.202664
2.375 -0.199489

-0.765625 0.00432888
-0.75 0.00742132

-2.67562 0.453125
-2.67188 0.457672

0.09375 0.0528619
0.0860843 0.0625

2.39062 -0.20325
2.39007 -0.203125

2.375 -0.197368
2.39062 -0.200772

0.09375 0.0130939
0.096526 0.015625

0.09375 0.0219215
0.10547 0.015625

2.39062 -0.204502
2.40625 -0.211719

-0.75 0.00755645
-0.734375 0.00991771

-2.65625 0.444868
-2.66057 0.453125

-0.734375 0.0100094
-0.71875 0.0111859

0.109375 0.0141581
0.125 0.00941296

-0.71875 0.0111796
-0.703125 0.0110005

0.09375 0.0466628
0.0937798 0.046875

-0.703125 0.0108757
-0.6875 0.00960329

0.09375 0.0533081
0.0959177 0.046875

0.0684794 0.0625
0.078125 0.0666366

0.078125 0.0671554
0.087897 0.0625

-2.67188 0.453533
-2.66291 0.46875

-2.65878 0.46875
-2.65625 0.471288

-0.6875 0.00947316
-0.671875 0.00761725

2.39062 -0.201337
2.39458 -0.203125

-0.671875 0.0075472
-0.65625 0.00550819

-2.65625 0.442751
-2.65415 0.4375

-0.65625 0.00566023
-0.640625 0.00327414

2.42188 -0.221846
2.41891 -0.21875

-0.640625 0.00345553
-0.625 5.54604e-05

-2.65625 0.467694
-2.65564 0.46875

0.125 0.00951294
0.140625 0.00158303

2.4375 -0.243205
2.42898 -0.234375

0.140625 0.00185052
0.143419 0

-0.625 6.04757e-05
-0.624792 0

2.42188 -0.225212
2.42917 -0.234375

2.40625 -0.207139
2.42115 -0.21875

-2.65476 0.46875
-2.625 0.492592

2.4375 -0.244806
2.44692 -0.25

-2.57812 0.301684
-2.59175 0.3125

-2.5625 0.294916
-2.56681 0.296875

-2.57812 0.3019
-2.5672 0.296875

-2.60938 0.341993
-2.61006 0.34375

-2.59375 0.313945
-2.60468 0.328125

-2.60938 0.342084
-2.60383 0.328125

-2.60974 0.34375
-2.61214 0.359375

-2.61211 0.359375
-2.61134 0.375

-2.59375 0.314935
-2.59138 0.3125

-2.5625 0.295178
-2.54688 0.29201

-2.54688 0.292266
-2.53125 0.291787

-2.53125 0.292093
-2.51562 0.293178

-2.51562 0.293555
-2.5 0.294836

-2.61127 0.375
-2.60938 0.382478

-2.60938 0.383262
-2.60751 0.390625

-2.60652 0.390625
-2.60108 0.40625

-2.60093 0.40625
-2.59611 0.421875

-2.59628 0.421875
-2.59375 0.430799

-2.59375 0.431679
-2.5921 0.4375

-2.625 0.490026
-2.60938 0.497734

-2.60938 0.497456
-2.60535 0.5

-2.59191 0.4375
-2.58739 0.453125

-2.58741 0.453125
-2.58283 0.46875

2.5 -0.2507
2.51562 -0.251874

-2.58367 0.46875
-2.57812 0.482021

-0.499316 -0.015625
-0.484375 -0.0144148

2.51562 -0.251833
2.53125 -0.25436

2.53125 -0.254319
2.54688 -0.258361

-2.57812 0.484145
-2.57803 0.484375

-2.57696 0.484375
-2.56652 0.5

0.53125 -0.171262
0.520173 -0.15625

2.54688 -0.258534
2.5625 -0.263827

0.520455 -0.15625
0.526635 -0.140625

0.53125 -0.125521
0.531087 -0.125

2.57812 -0.269795
2.56685 -0.265625

2.5625 -0.264094
2.56664 -0.265625

2.57812 -0.27025
2.59375 -0.275224

2.625 -0.281372
2.62427 -0.28125

0.546875 -0.173851
0.542576 -0.171875

0.53125 -0.166296
0.539072 -0.171875

-2.48438 0.240954
-2.49154 0.25

0.546875 -0.174184
0.5625 -0.177695

-2.48438 0.246771
-2.46875 0.244261

-2.46875 0.241628
-2.45888 0.25

0.540139 -0.140625
0.539236 -0.125

-2.32812 0.24657
-2.33702 0.25

-2.32812 0.246614
-2.3125 0.241425

0.5625 -0.177366
0.578125 -0.178178

-2.3125 0.241369
-2.29688 0.236874

-0.484375 -0.0148285
-0.46875 -0.0139141

0.578125 -0.177797
0.59375 -0.177329

-2.28125 0.233118
-2.28637 0.234375

-2.29688 0.236944
-2.2864 0.234375

2.59375 -0.275064
2.60938 -0.278683

-2.28125 0.233177
-2.26562 0.229732

-2.26562 0.229727
-2.25 0.226553

-0.46875 -0.0139653
-0.453125 -0.0124697

2.60938 -0.278674
2.62485 -0.28125

-0.453125 -0.0125675
-0.4375 -0.0101923

-2.48916 0.25
-2.48438 0.265333

2.625 -0.281897
2.64062 -0.282252

-2.48438 0.256771
-2.47017 0.265625

2.64062 -0.283557
2.65053 -0.28125

-0.4375 -0.0100801
-0.421875 -0.00685414

-2.46892 0.265625
-2.46875 0.265665

-2.5 0.294975
-2.48438 0.295421

2.64268 -0.28125
2.65625 -0.278087

2.65625 -0.28205
2.65848 -0.28125

-0.421875 -0.00637213
-0.40625 -0.00348367

0.59375 -0.17701
0.609375 -0.176665

2.65625 -0.277561
2.67188 -0.27191

0.609375 -0.176646
0.625 -0.177102

2.67188 -0.272632
2.6875 -0.266212

-0.40625 -0.00355786
-0.390625 -0.0018226

-2.48438 0.295468
-2.46875 0.294706

-0.390625 -0.00227892
-0.375 -0.000635844

2.68453 -0.265625
2.6875 -0.264408

0.5 -0.113628
0.515625 -0.119392

-0.375 -0.000571646
-0.372566 0

0.515625 -0.116186
0.53125 -0.123537

-0.328125 -0.0502905
-0.339999 -0.046875

2.6875 -0.265777
2.68798 -0.265625

-0.340682 -0.046875
-0.341248 -0.03125

0.53125 -0.120072
0.537434 -0.125

-2.45967 0.25
-2.46518 0.265625

-2.46875 0.26573
-2.46861 0.265625

0.6875 -0.188618
0.683529 -0.1875

2.6875 -0.2644
2.70312 -0.259498

0.625 -0.177164
0.640625 -0.178335

-0.328125 -0.0510149
-0.320617 -0.046875

0.640625 -0.178199
0.65625 -0.180231

-0.320761 -0.046875
-0.320335 -0.03125

2.70312 -0.259583
2.71875 -0.259421

0.65625 -0.180098
0.671875 -0.183529

-2.46875 0.294775
-2.45312 0.292571

0.671875 -0.183789
0.685058 -0.1875

2.71875 -0.259377
2.73438 -0.263878

-0.34034 -0.03125
-0.328125 -0.0275118

-2.45312 0.292418
-2.4375 0.28894

-0.328125 -0.0264668
-0.31963 -0.03125

-2.40625 0.27884
-2.41331 0.28125

-2.4375 0.289051
-2.42188 0.284383

0.6875 -0.188668
0.703125 -0.192551

-0.282123 -0.109375
-0.28125 -0.10714

2.75 -0.274235
2.73842 -0.265625

-0.28125 -0.112524
-0.265625 -0.118744

0.703125 -0.19238
0.71875 -0.195307

-0.28125 -0.10665
-0.265625 -0.102339

0.71875 -0.195275
0.734375 -0.197652

-0.265625 -0.120389
-0.261015 -0.109375

-2.42188 0.283861
-2.41422 0.28125

-0.265625 -0.101423
-0.260905 -0.109375

0.734375 -0.197705
0.75 -0.19949

-2.40625 0.279019
-2.39062 0.273089

-2.39062 0.272819
-2.375 0.266148

2.73438 -0.263226
2.73844 -0.265625

-2.35938 0.259374
-2.37394 0.265625

-2.35938 0.259374
-2.34375 0.252768

-2.34375 0.252397
-2.33753 0.25

-0.234375 -0.0100455
-0.237206 0

-2.25 0.22655
-2.23438 0.223662

0.75 -0.199146
0.765625 -0.200919

-0.21875 -0.0274627
-0.233765 -0.015625

2.78125 -0.319628
2.77497 -0.3125

-0.234375 -0.0122017
-0.232786 -0.015625

2.79688 -0.33128
2.79188 -0.328125

0.78125 -0.204118
0.775399 -0.203125

0.765625 -0.200636
0.780296 -0.203125

0.78125 -0.203936
0.796875 -0.206732

2.78125 -0.321407
2.7901 -0.328125

0.796875 -0.206685
0.8125 -0.208787

-2.23438 0.223666
-2.21875 0.221065

-0.21875 -0.0235617
-0.203125 -0.0275328

-0.203125 -0.0269025
-0.187532 -0.03125

-2.20312 0.218698
-2.20346 0.21875

-0.125 -0.0646754
-0.128756 -0.0625

2.79688 -0.334587
2.8125 -0.332748

-0.171875 -0.0376556
-0.186582 -0.03125

2.76562 -0.297485
2.76525 -0.296875

-2.20312 0.218701
-2.1875 0.216475

0.8125 -0.208753
0.828125 -0.210324

2.76562 -0.295978
2.75544 -0.28125

0.828125 -0.21029
0.84375 -0.211466

2.76562 -0.298829
2.77477 -0.3125

-2.21875 0.221099
-2.20338 0.21875

-0.171875 -0.0384542
-0.15635 -0.046875

0.84375 -0.211428
0.859375 -0.212349

2.75 -0.27483
2.75582 -0.28125

0.859375 -0.212337
0.875 -0.213104

-0.1875 -0.0310081
-0.186945 -0.03125

2.8125 -0.330039
2.81526 -0.328125

-2.1875 0.216438
-2.17188 0.214467

2.81312 -0.328125
2.82812 -0.317198

2.82812 -0.317164
2.8341 -0.3125

0.875 -0.21309
0.890625 -0.213757

-0.140625 -0.0557322
-0.155924 -0.046875

0.890625 -0.213754
0.90625 -0.214356

-0.15625 -0.0467701
-0.156066 -0.046875

2.83411 -0.3125
2.84375 -0.304444

2.84375 -0.305103
2.85224 -0.296875

-0.140625 -0.0565169
-0.130296 -0.0625

0.90625 -0.21434
0.921875 -0.214916

0.921875 -0.214918
0.9375 -0.215494

-2.17188 0.214457
-2.15625 0.212836

0.9375 -0.215486
0.953125 -0.216072

-0.125 -0.0656298
-0.109375 -0.0729937

0.953125 -0.216104
0.96875 -0.216652

-0.109375 -0.0731453
-0.09375 -0.0778778

2.85085 -0.296875
2.85938 -0.288297

-0.078125 -0.0802891
-0.0886876 -0.078125

-2.15625 0.212829
-2.14062 0.211592

-0.09375 -0.0774107
-0.0902637 -0.078125

2.85938 -0.287853
2.86607 -0.28125

-0.078125 -0.0805338
-0.0625 -0.0832948

-2.14062 0.21159
-2.125 0.210755

-0.0625 -0.0834273
-0.046875 -0.08517

2.86752 -0.28125
2.875 -0.273708

0.96875 -0.216665
0.984375 -0.217084

2.875 -0.274063
2.88245 -0.265625

-0.046875 -0.0851742
-0.03125 -0.0856254

-2.125 0.210756
-2.10938 0.210325

-0.03125 -0.0855687
-0.015625 -0.0848333

0.984375 -0.21701
1 -0.217421

-0.015625 -0.0848387
0 -0.0830191

2.88188 -0.265625
2.89062 -0.254544

-2.10938 0.210333
-2.09375 0.210286

-0.368606 0
-0.359375 0.00216802

2.89062 -0.251885
2.89209 -0.25

-0.359375 0.00285386
-0.34375 0.0089096

-2.09375 0.210303
-2.07812 0.21059

-2.07812 0.210614
-2.0625 0.211152

-2.0625 0.211176
-2.04688 0.211868

2.89288 -0.25
2.90625 -0.235082

2.90625 -0.239276
2.92138 -0.21875

-0.34375 0.00965367
-0.328481 0.015625

-0.328208 0.015625
-0.328125 0.0156575

-2.04688 0.211877
-2.03125 0.212655

-2.03125 0.212644
-2.01562 0.213512

2.91963 -0.21875
2.92188 -0.214909

2.92188 -0.211256
2.92655 -0.203125

-2.01562 0.213491
-2 0.21451

-0.324804 0.015625
-0.3125 0.021918

2.92869 -0.203125
2.9375 -0.190263

-0.3125 0.021424
-0.301413 0.03125

2.9375 -0.222805
2.94031 -0.21875

-0.301742 0.03125
-0.296875 0.0372036

-2.6056 0.5
-2.59375 0.505474

2.9375 -0.189642
2.93875 -0.1875

2.93984 -0.1875
2.94862 -0.171875

-2.59375 0.520947
-2.5625 0.512063

2.94899 -0.171875
2.95312 -0.159777

-0.296875 0.0401292
-0.291886 0.046875

-2.56312 0.53125
-2.5625 0.531391

-2.5625 0.502667
-2.55206 0.515625

-2.5625 0.526457
-2.54688 0.523643

-2.54688 0.51222
-2.54204 0.515625

-0.293127 0.046875
-0.28125 0.059228

-0.28125 0.0616483
-0.279722 0.0625

-0.25 0.0592011
-0.256925 0.0625

-2.537 0.515625
-2.54048 0.53125

-2.5625 0.53276
-2.55885 0.53125

-0.273563 0.0625
-0.265625 0.0666496

-0.265625 0.071488
-0.25 0.0657875

-2.5038 0.53125
-2.5 0.53475

1.03125 -0.219818
1.01889 -0.21875

2.95202 -0.15625
2.95312 -0.153999

-2.48438 0.539001
-2.49013 0.546875

-2.4906 0.546875
-2.48469 0.5625

2.95312 -0.151529
2.9585 -0.140625

-0.235095 0
-0.234375 0.00336627

-2.48438 0.545917
-2.46875 0.534262

-0.234375 0.00233032
-0.231532 0.015625

1 -0.217298
1.01562 -0.218096

-0.232094 0.015625
-0.224764 0.03125

1.01562 -0.217763
1.02705 -0.21875

2.96312 -0.140625
2.96875 -0.13047

-2.48438 0.549564
-2.47123 0.5625

2.9684 -0.125
2.96875 -0.12416

-0.25 0.0530568
-0.234375 0.0488958

-2.45312 0.529034
-2.44589 0.53125

-0.221622 0.03125
-0.21875 0.0388897

2.96875 -0.12435
2.98375 -0.09375

-0.234375 0.0593291
-0.21875 0.0612448

2.98364 -0.09375
2.98438 -0.0851721

-2.46875 0.537219
-2.45312 0.535597

-2.46875 0.560082
-2.45312 0.556274

-2.44799 0.53125
-2.4375 0.541372

-0.21875 0.0401386
-0.214723 0.046875

-0.208979 0.046875
-0.20657 0.0625

-0.25 0.066156
-0.240298 0.0625

2.9837 -0.078125
2.98056 -0.0625

-0.21875 0.0671476
-0.203125 0.0715456

2.98747 -0.09375
2.99221 -0.078125

-0.203125 0.0684265
-0.1875 0.0715298

1.03125 -0.219759
1.04688 -0.221035

2.98309 -0.0625
2.98365 -0.046875

1.04688 -0.220942
1.0625 -0.221786

-0.200784 0.078125
-0.1875 0.0911068

1.0625 -0.221719
1.07812 -0.222452

-0.1875 0.0693058
-0.172708 0.078125

-0.171875 0.0852709
-0.17932 0.09375

-0.169667 0.078125
-0.171202 0.09375

-2.45312 0.551068
-2.4375 0.547449

-2.44261 0.5625
-2.4375 0.565898

2.98326 -0.046875
2.98324 -0.03125

-2.4375 0.544557
-2.42535 0.546875

-2.42505 0.546875
-2.4349 0.5625

-0.1875 0.0958552
-0.171875 0.0938242

2.98331 -0.03125
2.98337 -0.015625

-0.171875 0.0944452
-0.171149 0.09375

2.9834 -0.015625
2.98335 0

2.98438 -0.0142002
2.98438 -0.015625

-2.42188 0.545329
-2.40625 0.543123

-2.40625 0.53935
-2.39338 0.546875

-2.40046 0.546875
-2.39142 0.5625

-2.43579 0.5625
-2.4286 0.578125

-2.43253 0.578125
-2.42188 0.587433

-2.42188 0.587619
-2.40625 0.585746

-2.39406 0.5625
-2.40203 0.578125

2.98337 0
2.98313 0.015625

1.07812 -0.22243
1.09375 -0.223227

-2.40625 0.584937
-2.39964 0.578125

2.98307 0.015625
2.98271 0.03125

-2.39507 0.59375
-2.375 0.596955

1.09375 -0.223229
1.10938 -0.224131

2.98272 0.03125
2.98235 0.046875

-2.32812 0.557864
-2.32957 0.5625

1.10938 -0.224198
1.125 -0.225068

2.98239 0.046875
2.98192 0.0625

2.96875 0.117386
2.96499 0.125

-2.3125 0.543107
-2.3217 0.546875

1.125 -0.225177
1.14062 -0.225663

-2.32812 0.558508
-2.31824 0.546875

2.98199 0.0625
2.98118 0.078125

-2.35938 0.597336
-2.37375 0.609375

1.14062 -0.225807
1.15625 -0.225402

2.98146 0.078125
2.9796 0.09375

2.98065 0.09375
2.9695 0.125

1.15625 -0.225585
1.17188 -0.223635

1.17188 -0.223283
1.1875 -0.220127

-1 0.562624
-0.999876 0.5625

-2.36814 0.609375
-2.35938 0.62134

-2.35938 0.606308
-2.34375 0.604629

-2.35938 0.612743
-2.34653 0.625

-2.32821 0.5625
-2.32812 0.56281

-2.32524 0.5625
-2.32149 0.578125

1.1875 -0.219628
1.19183 -0.21875

-2.32082 0.578125
-2.3125 0.591661

2.90625 0.244696
2.90437 0.25

2.92188 0.213017
2.91684 0.21875

2.92188 0.201161
2.9375 0.198213

1.19372 -0.21875
1.20312 -0.216844

2.9259 0.203125
2.9375 0.206315

-2.34375 0.603417
-2.33101 0.609375

2.9085 0.21875
2.9375 0.221542

1.20312 -0.216822
1.21875 -0.213923

-2.33736 0.609375
-2.3305 0.625

-2.3125 0.621042
-2.3251 0.625

1.21875 -0.213626
1.23438 -0.211373

1.23438 -0.211059
1.25 -0.210674

-2.3125 0.544443
-2.30668 0.546875

-2.30758 0.546875
-2.29688 0.555831

2.95312 0.148815
2.95014 0.15625

2.96648 0.125
2.95835 0.140625

2.95312 0.155072
2.95893 0.140625

2.9512 0.15625
2.94853 0.171875

-2.29769 0.5625
-2.29688 0.57031

-2.3125 0.592968
-2.30401 0.59375

-2.29688 0.56523
-2.29337 0.578125

1.25 -0.210788
1.26562 -0.212669

2.94629 0.171875
2.95312 0.18729

1.26562 -0.213231
1.28125 -0.216024

-2.29016 0.578125
-2.29232 0.59375

-2.30913 0.59375
-2.29688 0.60605

2.95312 0.187238
2.95332 0.1875

1.29688 -0.220565
1.28885 -0.21875

-2.3125 0.618473
-2.29688 0.614771

-2.28624 0.59375
-2.29205 0.609375

3 0.177153
2.97547 0.1875

2.9375 0.189249
2.96601 0.1875

2.94232 0.21875
2.94757 0.25

2.96875 0.203889
3 0.191438

2.85938 0.296109
2.85887 0.296875

2.85808 0.296875
2.85938 0.309033

-2.29277 0.609375
-2.29509 0.625

-2.28125 0.592634
-2.28091 0.59375

-2.28125 0.595486
-2.28105 0.59375

-2.28125 0.609434
-2.28123 0.609375

-2.34243 0.625
-2.3125 0.637243

-2.29688 0.630701
-2.31199 0.640625

-2.3125 0.643748
-2.29707 0.640625

-2.29688 0.638939
-2.29167 0.625

-2.29688 0.643916
-2.29308 0.640625

-2.28125 0.626273
-2.28092 0.625

-2.28125 0.643735
-2.27891 0.640625

1.29688 -0.219912
1.3125 -0.223509

1.28125 -0.215082
1.29688 -0.218617

2.875 0.28414
2.86344 0.296875

2.85938 0.31132
2.86183 0.3125

2.82812 0.327574
2.84375 0.327071

2.82812 0.334313
2.84375 0.338013

2.86206 0.3125
2.875 0.313961

2.84375 0.346617
2.8471 0.34375

2.89062 0.260827
2.88642 0.265625

2.88687 0.265625
2.87837 0.28125

2.89062 0.265553
2.90212 0.25

1.29688 -0.21845
1.29818 -0.21875

1.3125 -0.223174
1.32812 -0.225845

1.32812 -0.225844
1.34375 -0.228238

2.875 0.288315
2.90625 0.297007

2.9375 0.270198
2.91845 0.28125

2.90625 0.283626
2.91112 0.28125

1.34375 -0.228254
1.35938 -0.230341

1.35938 -0.230331
1.375 -0.232099

2.875 0.31365
2.87849 0.3125

1.375 -0.232019
1.39062 -0.233646

1.40625 -0.235384
1.39697 -0.234375

2.9375 0.269322
2.94716 0.25

3 -0.0975729
3.00342 -0.09375

-2 0.2145
-1.98438 0.215732

-1.98438 0.21575
-1.96875 0.21718

3.00167 -0.09375
3.0097 -0.0625

1.39062 -0.233542
1.39828 -0.234375

-1.96875 0.217229
-1.95312 0.21872

1.40625 -0.235374
1.42188 -0.237089

3.00672 -0.0625
3.00092 -0.03125

1.42188 -0.237046
1.4375 -0.238753

-1.95312 0.218724
-1.9528 0.21875

-1.95312 0.218809
-1.9375 0.220088

3 -0.00320957
3.00262 0

3.0625 -0.00729958
3.03823 0

3.125 -0.00406629
3.09885 0

1.4375 -0.238738
1.45312 -0.240552

1.45312 -0.240552
1.46875 -0.242503

-1.9375 0.220203
-1.92188 0.22086

-1.92188 0.22099
-1.90625 0.220532

3.25 -0.00348592
3.21267 0

3.5 -0.0025032
3.4206 0

3.03125 0.0248918
3.02361 0.03125

3.0286 0.03125
3.02335 0.0625

-1.89062 0.218611
-1.89171 0.21875

-1.89062 0.218532
-1.875 0.215007

-1.90625 0.220614
-1.89166 0.21875

-1.875 0.214845
-1.85938 0.210286

-1.85938 0.209981
-1.84375 0.205322

-1.82812 0.201461
-1.83539 0.203125

-1.84375 0.205035
-1.83541 0.203125

-1.82812 0.201365
-1.8125 0.199619

-1.8125 0.19969
-1.79688 0.199823

1.46875 -0.242535
1.48438 -0.244561

1.48438 -0.244628
1.5 -0.246532

3.03125 0.0142747
3.04961 0

3.02727 0.0625
3.02461 0.09375

3.02015 0.09375
3.01768 0.125

3.0625 0.0133196
3.09965 0

3 0.173181
3.02344 0.125

3 0.189356
3.00176 0.1875

3.125 0.00803075
3.1969 0

3.25 0.00343591
3.35269 0

4 -0.00329647
3.6383 0

3.5 0.000131323
3.51435 0

-1.79688 0.200068
-1.78125 0.201447

-1.78125 0.201682
-1.76761 0.203125

-1.76795 0.203125
-1.76562 0.203371

-1.76562 0.203448
-1.75 0.204682

-1.75 0.204682
-1.73438 0.205283

-1.73438 0.205259
-1.71875 0.205275

-1.71875 0.205282
-1.70312 0.204749

-1.70312 0.204768
-1.6875 0.203637

-1.67188 0.201731
-1.68284 0.203125

-1.6875 0.203811
-1.6821 0.203125

-1.67188 0.201634
-1.65625 0.198826

-1.65625 0.198692
-1.64062 0.195586

-1.64062 0.195495
-1.625 0.192538

1.65625 -0.250683
1.65132 -0.25

1.65625 -0.250761
1.67188 -0.25262

-1.59375 0.187272
-1.59505 0.1875

-1.59375 0.187189
-1.57812 0.184306

-1.57812 0.184047
-1.5625 0.181704

-1.625 0.192569
-1.60938 0.18988

-1.60938 0.190009
-1.59506 0.1875

1.67188 -0.252568
1.6875 -0.253742

-1.5625 0.181267
-1.54688 0.180856

-1.54688 0.180371
-1.53125 0.183734

-1.53125 0.183467
-1.52362 0.1875

-1.5242 0.1875
-1.51562 0.192138

-1.51562 0.192413
-1.50235 0.203125

-1.50365 0.203125
-1.5 0.206317

-1.5 0.207737
-1.48438 0.218269

-1.48438 0.218458
-1.48318 0.21875

-1.48154 0.21875
-1.46875 0.221862

-1.45312 0.218621
-1.44591 0.21875

-1.46875 0.220565
-1.45312 0.220656

-1.45312 0.220069
-1.4375 0.220361

-1.4375 0.218202
-1.43459 0.21875

-1.42188 0.217984
-1.41757 0.21875

-1.4375 0.219731
-1.42188 0.222709

-1.42188 0.224106
-1.40625 0.228265

-1.39062 0.205735
-1.40102 0.21875

-1.375 0.201025
-1.37886 0.203125

-1.39062 0.208195
-1.38574 0.203125

-1.39062 0.226267
-1.40337 0.234375

-1.40625 0.234398
-1.40611 0.234375

-1.39062 0.232762
-1.38521 0.21875

-1.375 0.200306
-1.35938 0.194559

-1.35938 0.193931
-1.34375 0.190397

-1.34375 0.190621
-1.32812 0.190105

-1.32812 0.190708
-1.3125 0.191559

-1.3125 0.191946
-1.29688 0.192186

-1.29688 0.192035
-1.28125 0.191193

-1.28125 0.190829
-1.26562 0.189935

-1.26562 0.189769
-1.25 0.189883

-1.25 0.189951
-1.23438 0.191267

-1.23438 0.19142
-1.21875 0.193495

-1.21875 0.193561
-1.20312 0.195955

-1.20312 0.195943
-1.1875 0.198547

-1.1875 0.198442
-1.17188 0.201493

-1.17188 0.20157
-1.16346 0.203125

-1.16666 0.203125
-1.15625 0.205048

-1.15625 0.204794
-1.14062 0.206686

-1.14062 0.206556
-1.125 0.207707

-1.125 0.207611
-1.10938 0.208477

-1.10938 0.208359
-1.09375 0.209367

-1.09375 0.209268
-1.07812 0.210853

-1.07812 0.210792
-1.0625 0.213274

-1.0625 0.213427
-1.04688 0.216624

-1.04688 0.217162
-1.03645 0.21875

-1.03779 0.21875
-1.03125 0.219747

-1 0.215816
-1.00987 0.21875

-1.03125 0.219905
-1.01562 0.219666

-1.01562 0.219839
-1.01196 0.21875

