-4 -0.00084258
-3.87826 0

-3.72566 0
-3.5 0.00156177

-3.5 -0.000341313
-3.48581 0

-3.25 -0.000313183
-3.2458 0

-3.125 -0.000473822
-3.12249 0

-3.43368 0
-3.25 0.00441791

-3.236 0
-3.125 0.00836225

-3.12027 0
-3.0625 0.014145

-3.0625 0.00351175
-3.03125 0.0216505

-3.03125 0.0279088
-3 0.0307108

-3.03125 0.0319707
-3.00266 0.0625

-3.0203 0.0625
-3.00649 0.09375

-3.00227 0.09375
-3 0.11177

-3.00414 0.125
-3 0.135737

-2.96875 -0.0666462
-2.97309 -0.0625

-2.96875 -0.0671558
-2.95312 -0.0753861

-2.95312 -0.0736287
-2.9375 -0.0732696

-2.97305 -0.0625
-2.98353 -0.046875

-2.98438 -0.034433
-2.98203 -0.046875

-2.98438 -0.00649966
-2.98455 0

-2.98438 -0.0171467
-2.98394 -0.03125

-2.9375 -0.0723328
-2.92188 -0.0687729

-2.92188 -0.068149
-2.90625 -0.06451

-2.90625 -0.0644067
-2.89305 -0.0625

-2.89319 -0.0625
-2.89062 -0.0621298

-2.89062 -0.062314
-2.875 -0.0613153

-2.875 -0.0615232
-2.85938 -0.0610315

-2.85938 -0.061144
-2.84375 -0.0605186

-2.84375 -0.0604596
-2.82812 -0.0595931

-2.82812 -0.059458
-2.8125 -0.0587387

-2.75 -0.0627369
-2.75254 -0.0625

-2.8125 -0.0586153
-2.79688 -0.0585602

-2.79688 -0.0585735
-2.78125 -0.0594026

-2.78125 -0.0594898
-2.76562 -0.061002

-2.76562 -0.0612838
-2.7526 -0.0625

1.5 -0.00439002
1.51562 -0.00532598

1.51562 -0.0053174
1.53125 -0.00613249

1.53125 -0.00610739
1.54688 -0.00686894

1.54688 -0.00684539
1.5625 -0.00765069

-2.75 -0.0629991
-2.73438 -0.0633308

1.5625 -0.00764752
1.57812 -0.00854998

1.57812 -0.00857357
1.59375 -0.00953236

1.59375 -0.00956852
1.60938 -0.0104641

1.60938 -0.0104883
1.625 -0.0112001

-2.73438 -0.0632917
-2.7241 -0.0625

-2.72461 -0.0625
-2.71875 -0.0620489

1.625 -0.0111962
1.64062 -0.0116836

1.64062 -0.0116525
1.65625 -0.0119857

-2.71875 -0.0617048
-2.70312 -0.0598112

1.65625 -0.011943
1.67188 -0.0122699

1.67188 -0.0122386
1.6875 -0.012707

-2.70312 -0.0594892
-2.6875 -0.0582881

1.6875 -0.0127075
1.70312 -0.0133792

1.70312 -0.013415
1.71875 -0.0142174

1.71875 -0.014271
1.73438 -0.0150254

1.73438 -0.0150668
1.75 -0.0155834

-2.6875 -0.0583034
-2.67188 -0.0584082

-2.67188 -0.0586671
-2.65625 -0.0595296

-2.65625 -0.0597014
-2.64062 -0.0604602

-2.64062 -0.0604908
-2.625 -0.0607412

-2.625 -0.0607145
-2.60938 -0.0604487

-2.60938 -0.0604152
-2.59375 -0.0597536

-2.59375 -0.059702
-2.57812 -0.0588146

-1 -0.0336936
-0.984375 -0.032909

-0.984375 -0.0329086
-0.96875 -0.0320793

-0.96875 -0.0320768
-0.953848 -0.03125

-0.954083 -0.03125
-0.953125 -0.0311968

-0.953125 -0.0312089
-0.9375 -0.0303112

-0.9375 -0.0303153
-0.921875 -0.0293793

-0.921875 -0.0293797
-0.90625 -0.0283964

-0.90625 -0.0283971
-0.890625 -0.0273644

1.76562 -0.0157698
1.75291 -0.015625

1.75 -0.0155951
1.75263 -0.015625

1.76562 -0.0157439
1.78044 -0.015625

0 0.0737266
0.015625 0.0754831

0.015625 0.0755167
0.03125 0.0773682

1.77991 -0.015625
1.78125 -0.0156142

0.03125 0.0774285
0.0376635 0.078125

-0.890625 -0.0273649
-0.875 -0.0262804

0.0371909 0.078125
0.046875 0.0791766

0.046875 0.0791207
0.0625 0.0805512

0.0625 0.0805723
0.078125 0.0817654

0.078125 0.0818402
0.09375 0.0826041

0.09375 0.0826773
0.109375 0.0827159

0.109375 0.0827185
0.125 0.0818801

0.125 0.0817853
0.140625 0.0802542

0.140625 0.0801742
0.15625 0.0782997

0.15625 0.0780839
0.171875 0.0764429

0.15625 0.0782805
0.15773 0.078125

0.171875 0.0763851
0.1875 0.0755251

-2.57812 -0.0587562
-2.5625 -0.057863

-2.5625 -0.05782
-2.54688 -0.0571236

-2.54688 -0.0571184
-2.53125 -0.0567151

-2.53125 -0.0567405
-2.51562 -0.05659

-2.51562 -0.0566237
-2.5 -0.0566077

-2.98463 0
-2.98542 0.015625

-2.98496 0.015625
-2.98455 0.03125

-2.98438 0.0296603
-2.98433 0.03125

-2.98435 0.03125
-2.98408 0.046875

-2.98418 0.046875
-2.98424 0.0625

-2.98438 0.0829845
-2.99249 0.09375

-2.98438 0.0658976
-2.98405 0.0625

-2.98438 0.0787103
-2.98427 0.078125

-3 0.0967347
-2.96875 0.112378

-2.96875 0.124196
-2.96833 0.125

-3 0.139574
-2.99156 0.15625

-2.99273 0.15625
-2.96875 0.172889

-2.96843 0.125
-2.9646 0.140625

-2.96509 0.140625
-2.95836 0.15625

-2.95312 0.154468
-2.95208 0.15625

-2.95312 0.161975
-2.95536 0.171875

-2.96875 0.183815
-2.95312 0.182364

-2.95243 0.15625
-2.94817 0.171875

-2.94607 0.171875
-2.9514 0.1875

-2.97491 0.1875
-2.96875 0.192482

-2.96888 0.21875
-2.96875 0.218852

-2.96875 0.19394
-2.9375 0.188134

-2.96875 0.219147
-2.96254 0.21875

-2.9375 0.250721
-2.93678 0.25

-2.5 -0.0566293
-2.48438 -0.056637

-0.875 -0.0262811
-0.859375 -0.0251423

-0.859375 -0.0251431
-0.84375 -0.023947

-0.84375 -0.0239472
-0.828125 -0.0226918

-0.828125 -0.0226925
-0.8125 -0.0213761

-0.8125 -0.0213763
-0.796875 -0.0199969

-0.796875 -0.0199966
-0.78125 -0.0185545

-0.78125 -0.0185542
-0.765625 -0.0170508

-0.765625 -0.0170397
-0.751233 -0.015625

-0.751577 -0.015625
-0.75 -0.01547

-0.75 -0.0155012
-0.734375 -0.0139604

-0.734375 -0.0139721
-0.71875 -0.0124021

-0.71875 -0.0124022
-0.703125 -0.0107793

-0.703125 -0.0107794
-0.6875 -0.00910306

-0.6875 -0.00910321
-0.671875 -0.00737301

-0.671875 -0.00737416
-0.65625 -0.00558748

-0.65625 -0.00558728
-0.640625 -0.00374223

-0.640625 -0.00374196
-0.625 -0.00183951

-0.625 -0.00182102
-0.610147 0

-0.610575 0
-0.609375 0.000147137

-0.609375 9.80552e-05
-0.59375 0.00198325

-0.59375 0.00196128
-0.578125 0.00385978

-0.578125 0.00385918
-0.5625 0.00581613

-0.5625 0.00581537
-0.546875 0.00783351

-0.546875 0.00783314
-0.53125 0.00991471

-0.53125 0.00991459
-0.515625 0.0120606

-0.515625 0.0120649
-0.5 0.0142669

1.78125 -0.0155669
1.79688 -0.0152942

-2.48438 -0.0566453
-2.46875 -0.0566169

1.79688 -0.0152395
1.8125 -0.0150315

0.1875 0.0755779
0.203125 0.0755238

-2.46875 -0.0566189
-2.45312 -0.0565339

-2.45312 -0.0565368
-2.4375 -0.0563854

-2.4375 -0.0563896
-2.42188 -0.056158

-2.42188 -0.0561611
-2.40625 -0.0558346

-2.40625 -0.0558322
-2.39062 -0.0554093

-2.39062 -0.0553996
-2.375 -0.0549041

-2.375 -0.0548891
-2.35938 -0.0543704

-2.35938 -0.0543572
-2.34375 -0.0538718

-2.34375 -0.0538669
-2.32812 -0.0534511

-2.32812 -0.0534563
-2.3125 -0.0531096

-2.3125 -0.0531197
-2.29688 -0.0528117

-2.29688 -0.0528194
-2.28125 -0.0525147

-2.28125 -0.0525164
-2.26562 -0.0521961

-2.26562 -0.0521945
-2.25 -0.0518587

-2.25 -0.051858
-2.23438 -0.0515111

-2.23438 -0.0515126
-2.21875 -0.0511529

-2.21875 -0.0511547
-2.20312 -0.0507756

-2.20312 -0.050774
-2.1875 -0.0503753

-2.1875 -0.0503689
-2.17188 -0.0499664

-2.17188 -0.0499583
-2.15625 -0.0495812

-2.15625 -0.0495754
-2.14062 -0.0492516

-2.14062 -0.0492516
-2.125 -0.0489929

-2.125 -0.0489977
-2.10938 -0.0487945

-2.10938 -0.0488015
-2.09375 -0.0486301

-2.09375 -0.0486359
-2.07812 -0.0484706

0.203125 0.0756619
0.21875 0.076032

0.21875 0.0761811
0.234375 0.0764011

-2.07812 -0.0484741
-2.0625 -0.0482965

-2.0625 -0.0482992
-2.04688 -0.0480966

-2.04688 -0.0480995
-2.03125 -0.0478605

-2.03125 -0.0478635
-2.01562 -0.0475763

-2.01562 -0.0475778
-2 -0.0472333

0.234375 0.0764723
0.25 0.0761018

-0.5 0.0142919
-0.490373 0.015625

-0.4907 0.015625
-0.484375 0.0165009

-0.484375 0.0164423
-0.46875 0.0185443

-0.46875 0.0185277
-0.453125 0.0206636

-0.453125 0.0206643
-0.4375 0.0228659

0.25 0.0760733
0.265625 0.0750268

0.265625 0.0749422
0.28125 0.0734461

0.28125 0.0733595
0.296875 0.0717563

0.296875 0.0716954
0.3125 0.0702798

0.3125 0.0702505
0.328125 0.0692026

0.328125 0.0692052
0.34375 0.0685783

0.34375 0.0686121
0.359375 0.0683335

0.359375 0.0684017
0.375 0.0682672

0.4375 0.0613387
0.431097 0.0625

0.375 0.0683758
0.390625 0.0680315

0.390625 0.0681706
0.40625 0.0671207

0.40625 0.0672129
0.421875 0.0649945

0.421875 0.0648167
0.434649 0.0625

0.4375 0.0614397
0.453125 0.0594327

0.453125 0.0595941
0.46875 0.0587959

0.46875 0.0588967
0.484375 0.0587827

0.484375 0.0588714
0.5 0.0590626

-0.4375 0.0228661
-0.421875 0.0251316

-0.421875 0.0251316
-0.40625 0.0274606

-0.40625 0.0274714
-0.390625 0.0298423

-0.390625 0.0298762
-0.381209 0.03125

-0.381573 0.03125
-0.375 0.0322091

1.8125 -0.015001
1.82812 -0.0150281

-0.375 0.0321359
-0.359375 0.0342966

-0.359375 0.0342768
-0.34375 0.0364416

-0.34375 0.0364457
-0.328125 0.0386458

-0.328125 0.0386496
-0.3125 0.0408691

-0.3125 0.0408731
-0.296875 0.0430962

-0.296875 0.0431065
-0.28125 0.0453045

-0.28125 0.0453409
-0.269549 0.046875

-0.269992 0.046875
-0.265625 0.0474476

-0.265625 0.0473758
-0.25 0.0492294

-0.25 0.0492004
-0.234375 0.0509752

-2 -0.0472309
-1.98609 -0.046875

1.82812 -0.0150393
1.84375 -0.0153397

-0.234375 0.050977
-0.21875 0.0527274

-0.21875 0.0527293
-0.203125 0.0544481

-0.203125 0.0544479
-0.1875 0.0561316

-0.1875 0.0561288
-0.171875 0.0577835

-0.171875 0.0577833
-0.15625 0.0594149

-0.15625 0.0594153
-0.140625 0.0610232

-0.140625 0.0610461
-0.125775 0.0625

-1.9862 -0.046875
-1.98438 -0.0468282

-1.98438 -0.0468239
-1.96875 -0.0463884

-1.96875 -0.0463785
-1.95312 -0.0459408

1.85938 -0.0158451
1.85184 -0.015625

-1.95312 -0.0459293
-1.9375 -0.045532

1.84375 -0.0153856
1.85195 -0.015625

-0.126357 0.0625
-0.125 0.0626329

1.85938 -0.0159005
1.875 -0.0163037

-0.125 0.0625781
-0.109375 0.0639795

1.875 -0.0163392
1.89062 -0.0165039

1.89062 -0.0165037
1.90625 -0.0163595

-0.109375 0.0639478
-0.09375 0.0652873

0.5 0.0591658
0.515625 0.0592782

-0.09375 0.065288
-0.078125 0.0666274

1.90625 -0.0163281
1.92188 -0.0159384

0.515625 0.0593726
0.53125 0.0590107

1.92188 -0.0158894
1.93061 -0.015625

0.53125 0.0590411
0.546875 0.0579553

0.546875 0.0578778
0.5625 0.0561624

-0.078125 0.0666268
-0.0625 0.0679659

0.5625 0.0560076
0.578125 0.0541271

-0.0625 0.0679616
-0.046875 0.0693103

0.578125 0.0540011
0.59375 0.0525173

-1.9375 -0.0455229
-1.92188 -0.0452072

0.59375 0.0525113
0.609375 0.0516883

-0.046875 0.0693012
-0.03125 0.0706861

0.609375 0.0517956
0.625 0.0514308

-0.03125 0.0706716
-0.015625 0.0721396

1.93055 -0.015625
1.9375 -0.0154148

0.625 0.051566
0.640625 0.0511747

0.640625 0.0512452
0.65625 0.0504164

-0.015625 0.0721297
0 0.0737293

-1.92188 -0.0452036
-1.90625 -0.0449947

0.65625 0.0503728
0.671875 0.0490529

1.9375 -0.015364
1.95312 -0.0150112

0.671875 0.0489354
0.6875 0.0474465

0.703125 0.0461066
0.69342 0.046875

0.6875 0.0473691
0.693741 0.046875

-1.90625 -0.0449983
-1.89062 -0.044896

0.703125 0.0461262
0.71875 0.0453075

0.71875 0.0453706
0.734375 0.0448244

0.734375 0.0449024
0.75 0.0443467

-1.89062 -0.0449059
-1.875 -0.0448836

1.95312 -0.0149833
1.96875 -0.0149097

1.96875 -0.0149215
1.98438 -0.0151593

0.75 0.0443955
0.765625 0.0435765

2 -0.0156435
1.99934 -0.015625

1.98438 -0.0152038
1.99946 -0.015625

-1.875 -0.0448968
-1.85938 -0.0449086

-1.85938 -0.0449211
-1.84375 -0.0449155

-1.84375 -0.0449241
-1.82812 -0.0448588

0.765625 0.0435637
0.78125 0.0424092

0.78125 0.0423467
0.796875 0.0410073

0.796875 0.0409426
0.8125 0.0396725

0.8125 0.0396478
0.828125 0.0386257

0.828125 0.0386475
0.84375 0.0378792

0.84375 0.037923
0.859375 0.0372772

0.859375 0.0373105
0.875 0.0366331

-1.82812 -0.0448616
-1.8125 -0.0447138

-1.8125 -0.0447109
-1.79688 -0.044481

0.875 0.0366404
0.890625 0.0358504

0.890625 0.0358405
0.90625 0.034943

0.90625 0.0349353
0.921875 0.0339653

0.921875 0.0339676
0.9375 0.0329356

0.96875 0.0306658
0.960845 0.03125

0.9375 0.0329375
0.953125 0.0318351

0.953125 0.0318278
0.960944 0.03125

0.96875 0.030647
0.984375 0.0295067

0.984375 0.0294898
1 0.0284427

-1.79688 -0.0444738
-1.78125 -0.0441823

-1.78125 -0.0441729
-1.76562 -0.0438534

-1.76562 -0.0438439
-1.75 -0.0435342

-1.75 -0.0435268
-1.73438 -0.0432604

-1.73438 -0.0432564
-1.71875 -0.0430562

-1.71875 -0.043056
-1.70312 -0.0429304

-1.70312 -0.0429337
-1.6875 -0.0428765

-1.6875 -0.042882
-1.67188 -0.0428754

-1.67188 -0.0428816
-1.65625 -0.042902

-1.65625 -0.0429074
-1.64062 -0.0429317

-1.64062 -0.0429353
-1.625 -0.0429454

-1.625 -0.0429471
-1.60938 -0.0429325

-1.60938 -0.0429324
-1.59375 -0.04289

-1.59375 -0.0428889
-1.57812 -0.0428209

-1.57812 -0.0428193
-1.5625 -0.042731

-1.5625 -0.0427293
-1.54688 -0.0426274

-1.54688 -0.0426256
-1.53125 -0.0425171

-1.53125 -0.0425154
-1.51562 -0.0424073

-1.51562 -0.0424057
-1.5 -0.0423046

-1.5 -0.0423033
-1.48438 -0.0422149

-1.48438 -0.042214
-1.46875 -0.0421428

-1.46875 -0.0421424
-1.45312 -0.0420911

-1.45312 -0.0420913
-1.4375 -0.0420601

-1.4375 -0.0420609
-1.42188 -0.0420479

-1.42188 -0.0420492
-1.40625 -0.04205

-1.40625 -0.0420518
-1.39062 -0.0420605

-1.39062 -0.0420624
-1.375 -0.0420716

-1.375 -0.0420736
-1.35938 -0.0420755

-1.35938 -0.0420774
-1.34375 -0.0420641

-1.34375 -0.0420658
-1.32812 -0.0420303

-1.32812 -0.0420317
-1.3125 -0.0419679

-1.3125 -0.0419688
-1.29688 -0.0418721

-1.29688 -0.0418726
-1.28125 -0.0417404

-1.28125 -0.0417404
-1.26562 -0.0415718

-1.26562 -0.0415716
-1.25 -0.0413671

-1.25 -0.0413668
-1.23438 -0.0411277

-1.23438 -0.0411274
-1.21875 -0.0408548

-1.21875 -0.0408546
-1.20312 -0.0405497

-1.20312 -0.0405494
-1.1875 -0.0402134

-1.1875 -0.0402133
-1.17188 -0.0398467

-1.17188 -0.0398466
-1.15625 -0.0394498

-1.15625 -0.0394497
-1.14062 -0.039023

-1.14062 -0.0390232
-1.125 -0.0385664

-1.125 -0.0385666
-1.10938 -0.0380785

-1.10938 -0.0380787
-1.09375 -0.0375585

-1.09375 -0.0375588
-1.07812 -0.0370054

-1.07812 -0.0370058
-1.0625 -0.036418

-1.0625 -0.0364183
-1.04688 -0.0357946

-1.04688 -0.0357953
-1.03125 -0.0351339

-1.03125 -0.0351341
-1.01562 -0.0344334

-1.01562 -0.0344338
-1 -0.0336926

1.4375 -0.000332316
1.43148 0

1.4375 -0.000310643
1.45312 -0.00121556

1.45312 -0.00121155
1.46875 -0.00221406

1.46875 -0.00223307
1.48438 -0.00330318

1.48438 -0.00333056
1.5 -0.0043755

1 0.0284489
1.01562 0.0275161

2 -0.0156931
2.01562 -0.0161327

2.01562 -0.0161673
2.03125 -0.0164357

2.03125 -0.0164402
2.04688 -0.0164591

2.04688 -0.0164392
2.0625 -0.0162394

1.01562 0.0275406
1.03125 0.0266608

1.03125 0.0266821
1.04688 0.0257639

1.04688 0.0257639
1.0625 0.0247649

1.0625 0.0247451
1.07812 0.023705

1.07812 0.0236853
1.09375 0.0226834

1.09375 0.0226824
1.10938 0.0217599

2.0625 -0.0162052
2.07812 -0.015895

2.07812 -0.0158568
2.09123 -0.015625

2.09134 -0.015625
2.09375 -0.0155824

2.09375 -0.0155524
2.10938 -0.0154427

1.10938 0.0217791
1.125 0.0208998

1.125 0.0209219
1.14062 0.0200033

1.14062 0.020009
1.15625 0.0189956

2.10938 -0.01544
2.125 -0.0155594

1.15625 0.0189793
1.17188 0.0178924

1.17188 0.0178678
1.1875 0.0167892

1.1875 0.0167798
1.20312 0.0157773

1.21875 0.014854
1.20594 0.015625

1.20312 0.01579
1.20587 0.015625

1.21875 0.0148789
1.23438 0.0139154

1.23438 0.0139332
1.25 0.0128596

2.14062 -0.0158859
2.12692 -0.015625

2.125 -0.015582
2.12726 -0.015625

2.14062 -0.0159325
2.15625 -0.0162569

2.15625 -0.0162993
2.17188 -0.016471

2.17188 -0.0164913
2.1875 -0.0163851

2.1875 -0.0163825
2.20312 -0.0159631

2.20312 -0.0159481
2.2104 -0.015625

2.21033 -0.015625
2.21875 -0.0152506

2.21875 -0.0152224
2.23438 -0.014346

1.25 0.0128511
1.26562 0.0116489

1.26562 0.0116192
1.28125 0.0103648

1.28125 0.0103385
1.29688 0.00914381

2.23438 -0.0143111
2.25 -0.0133821

1.29688 0.00914275
1.3125 0.00806241

1.3125 0.00808587
1.32812 0.00707509

1.32812 0.00710177
1.34375 0.00606025

1.34375 0.0060666
1.35938 0.00492825

1.35938 0.00490847
1.375 0.00370015

2.25 -0.013352
2.26562 -0.0125004

2.26562 -0.0124913
2.28125 -0.0117953

1.375 0.00367052
1.39062 0.00249107

1.39062 0.00247502
1.40625 0.00141578

1.40625 0.00142441
1.42188 0.000500222

1.42188 0.000527107
1.43142 0

2.28125 -0.0118167
2.29688 -0.0112517

2.29688 -0.0112941
2.3125 -0.0107324

2.3125 -0.0107726
2.32812 -0.010049

2.32812 -0.0100695
2.34375 -0.00906259

2.34375 -0.00905963
2.35938 -0.00773452

2.35938 -0.00771214
2.375 -0.0061195

2.375 -0.00608072
2.39062 -0.00434288

2.39062 -0.00429235
2.40625 -0.00258794

2.40625 -0.00254081
2.42188 -0.00106515

2.42188 -0.00104925
2.4365 0

2.43654 0
2.4375 6.91362e-05

2.4375 4.14623e-05
2.45312 0.000837433

2.45312 0.000771326
2.46875 0.00143491

2.46875 0.00137496
2.48438 0.00215827

2.48438 0.0021327
2.5 0.0032068

2.96875 -0.17256
2.96641 -0.171875

2.96606 -0.171875
2.96875 -0.169328

2.9688 -0.1875
2.9688 -0.15625

2.98438 -0.0785687
2.98419 -0.078125

2.98395 -0.078125
2.98413 -0.0625

2.98438 -0.0832492
3 -0.0829236

2.98438 -0.0641337
2.99804 -0.078125

2.98438 -0.0505525
2.98423 -0.046875

2.98438 -0.0321237
2.98425 -0.03125

2.98438 -0.0514293
3 -0.0517059

2.98438 -0.0382499
3 -0.0395756

2.98438 -0.0172436
2.98437 -0.015625

2.98438 -0.0159711
2.99859 -0.03125

2.99623 -0.015625
2.98838 0

2.5 0.00321676
2.51562 0.0046129

2.51562 0.00463973
2.53125 0.00628436

2.53125 0.00630787
2.54688 0.00810029

2.54688 0.00810868
2.5625 0.0099851

2.5625 0.00997676
2.57812 0.0119371

2.57812 0.0119158
2.59375 0.0140193

2.59375 0.0139912
2.60465 0.015625

2.60462 0.015625
2.60938 0.0163384

2.60938 0.0163061
2.625 0.0189993

2.625 0.0189215
2.64062 0.0221791

2.64062 0.0219944
2.65625 0.0263415

2.65625 0.0263741
2.66954 0.03125

2.66946 0.03125
2.67188 0.0321348

2.67188 0.0324837
2.6875 0.0387808

2.6875 0.0392311
2.70312 0.0444466

2.70312 0.0445195
2.71511 0.046875

2.71494 0.046875
2.71875 0.0476245

2.71875 0.0477069
2.73438 0.0482582

2.75 0.0459837
2.74401 0.046875

2.73438 0.0483401
2.74422 0.046875

2.75 0.0443182
2.76562 0.0423486

2.76562 0.0417996
2.78125 0.0446538

2.78125 0.0454931
2.78472 0.046875

2.78338 0.046875
2.79688 0.0522469

2.79688 0.052927
2.8125 0.0584002

2.8125 0.0581479
2.82812 0.0618286

2.82812 0.0616209
2.833 0.0625

2.83304 0.0625
2.84375 0.0644317

2.84375 0.0641517
2.85938 0.0670976

2.85938 0.0668421
2.875 0.070991

2.875 0.0703594
2.89062 0.0774809

2.89024 0.078125
2.89062 0.0783025

2.89062 0.0776865
2.89136 0.078125

2.89062 0.0783671
2.90625 0.0879726

2.90625 0.0890587
2.91557 0.09375

2.9149 0.09375
2.92188 0.0972569

2.92188 0.0974313
2.9375 0.100352

2.99416 0
2.98831 0.015625

2.98899 0.015625
2.98588 0.03125

2.98438 0.0461048
2.98569 0.03125

2.98489 0.046875
2.98443 0.0625

2.96875 0.0922331
2.965 0.09375

2.9375 0.0999507
2.95312 0.0979978

2.95312 0.0979371
2.9637 0.09375

2.98438 0.0720505
2.98289 0.078125

2.98438 0.0783534
2.96983 0.09375

2.98438 0.0782614
2.98444 0.078125

2.96875 0.0944461
2.96976 0.09375

3 -0.0650343
3.00094 -0.0625

3 -0.0344186
3.00344 -0.03125

3 -0.00763698
3.03125 -0.0122406

3.03125 -0.00471978
3.0625 -0.00126768

3.0625 -0.00376041
3.125 -0.00155476

3.125 -0.00256164
3.25 -0.000960048

3.25 -0.00163875
3.5 -0.000731265

3.5 -0.0014892
4 -0.00102435

