-4 -0.00396853
-3.65795 0

-3.55825 0
-3.5 0.000675844

-3.5 -0.00286341
-3.42675 0

-3.25 -0.00434856
-3.21444 0

-3.125 -0.00595852
-3.10055 0

-3 -0.0632654
-3.00019 -0.0625

1.5 0.0425559
1.51562 0.0447863

1.51562 0.0448519
1.5309 0.046875

1.53097 0.046875
1.53125 0.0469117

1.53125 0.0471874
1.54688 0.0484326

1.54688 0.0485442
1.5625 0.0482094

-3.0625 -0.00145676
-3.05857 0

-3.00029 -0.0625
-3 -0.0612863

-3.03125 -0.000414095
-3.03081 0

-3.39042 0
-3.25 0.00555679

-3.20669 0
-3.125 0.0107435

-3.10091 0
-3.0625 0.0173626

-3.0625 0.00161277
-3.03125 0.0263711

1.57812 0.0464467
1.57226 0.046875

1.5625 0.0477635
1.57466 0.046875

1.57812 0.0462632
1.59375 0.0459254

1.59375 0.0460544
1.60938 0.046866

-3.0349 0.03125
-3.03125 0.0394452

-3.03125 0.0255593
-3.02816 0.03125

-3.03125 0.0394423
-3.02474 0.0625

-1 -0.0987704
-0.984375 -0.0986989

0 -0.112001
0.015625 -0.110004

-0.984375 -0.0986745
-0.96875 -0.0983589

-0.96875 -0.0983592
-0.953125 -0.0978476

-0.953125 -0.0978729
-0.9375 -0.097114

-0.9375 -0.0971684
-0.921875 -0.0960027

-0.921875 -0.0960092
-0.90625 -0.0943151

0.015625 -0.109881
0.0196018 -0.109375

0.0203046 -0.109375
0.03125 -0.107982

-3.03259 0.0625
-3.03125 0.0803313

-0.90625 -0.094123
-0.903229 -0.09375

-3.03448 0.09375
-3.03125 0.104809

-0.902829 -0.09375
-0.890625 -0.0922429

0.03125 -0.107952
0.046875 -0.106099

-3.03084 0.0625
-3.02332 0.09375

0.046875 -0.106151
0.0625 -0.104338

1.60772 0.046875
1.60938 0.0469607

-0.890625 -0.0920284
-0.875 -0.0905778

-3.03125 0.0994502
-3.01367 0.125

0.0625 -0.104333
0.078125 -0.102467

1.60938 0.0469572
1.625 0.0484777

-3.02241 0.125
-3 0.150745

1.625 0.0485078
1.64062 0.0505033

1.64062 0.0505464
1.65625 0.0528705

1.65625 0.0529078
1.67188 0.0553997

1.67188 0.0553938
1.6875 0.057991

1.6875 0.0580334
1.70312 0.0606629

1.70312 0.060742
1.71448 0.0625

1.71449 0.0625
1.71875 0.0631599

1.71875 0.0630977
1.73438 0.0652785

1.73438 0.065178
1.75 0.0674481

0.078125 -0.102443
0.09375 -0.100586

0.09375 -0.10056
0.109375 -0.0988124

1.75 0.0673647
1.76562 0.0700921

0.109375 -0.0987944
0.125 -0.0972429

-3 -0.0781511
-2.98438 -0.0806728

0.125 -0.0972503
0.140625 -0.0959165

1.76562 0.0700935
1.78125 0.0734426

-0.875 -0.0904624
-0.859375 -0.09013

1.78125 0.0736028
1.79688 0.0772505

1.79688 0.0773464
1.80041 0.078125

0.140625 -0.0959773
0.15625 -0.0947247

1.80043 0.078125
1.8125 0.0807836

-2.99332 -0.078125
-2.98438 -0.0774094

-0.859375 -0.0903129
-0.84375 -0.0909635

-2.98438 -0.0788951
-2.98427 -0.078125

1.8125 0.0810136
1.82812 0.0836111

-2.98438 -0.0757037
-2.98335 -0.078125

1.82812 0.083682
1.84375 0.0848348

-0.84375 -0.0913524
-0.828125 -0.091842

-0.828125 -0.0921169
-0.8125 -0.0911179

0.15625 -0.0948068
0.167663 -0.09375

-0.8125 -0.0908835
-0.796875 -0.0883151

-0.796875 -0.0881479
-0.78125 -0.0848131

-2.98438 -0.0478173
-2.99774 -0.046875

0.167464 -0.09375
0.171875 -0.0933416

1.84375 0.0848618
1.85938 0.0843739

1.85938 0.0841871
1.875 0.0823783

0.171875 -0.0932975
0.1875 -0.0916174

0.1875 -0.0916404
0.203125 -0.0897957

0.203125 -0.0897878
0.21875 -0.0877479

0.21875 -0.0877307
0.234375 -0.085546

0.234375 -0.0855676
0.25 -0.0832294

-3 -0.0324423
-2.98438 -0.0312933

-3 -0.0308385
-2.98438 -0.0307453

-2.98438 -0.0307153
-2.98416 -0.03125

1.875 0.0823081
1.89062 0.0796925

1.90625 0.0763388
1.89798 0.078125

1.89062 0.0797663
1.89822 0.078125

1.90625 0.0761455
1.92188 0.0723495

0.25 -0.0832783
0.265625 -0.0806459

0.265625 -0.0808298
0.27927 -0.078125

-0.78125 -0.08502
-0.765625 -0.0808392

0.276036 -0.078125
0.28125 -0.0770915

-0.765625 -0.0807558
-0.757774 -0.078125

-3 0.0312004
-2.98438 0.0312004

-0.757886 -0.078125
-0.75 -0.0754822

-3 0.0313574
-2.98438 0.0313574

-2.96875 0.0879379
-2.97046 0.09375

1.92188 0.0721034
1.9375 0.0688155

-3 0.118864
-2.96875 0.110355

-0.75 -0.0745931
-0.734375 -0.0703214

1.9375 0.0686732
1.95312 0.0666702

1.95312 0.0665179
1.96875 0.066389

1.96875 0.0661658
1.98438 0.0686618

1.98438 0.0685526
2 0.0743382

0.28125 -0.0786761
0.284154 -0.078125

0.28125 -0.0771987
0.296875 -0.0742339

0.296875 -0.0746566
0.3125 -0.0717514

0.3125 -0.0714258
0.328125 -0.0684886

-2.95776 0.078125
-2.96676 0.09375

-2.95312 0.0751787
-2.94163 0.078125

-2.94226 0.078125
-2.9375 0.0828942

-2.96875 0.0937718
-2.95312 0.108911

-2.96875 0.123507
-2.96375 0.125

0.328125 -0.0686419
0.34375 -0.0660175

-0.734375 -0.0698343
-0.71875 -0.0693168

-0.71875 -0.0704436
-0.703125 -0.0724012

-0.703125 -0.072743
-0.6875 -0.0742386

-0.6875 -0.0734368
-0.671875 -0.0753903

-0.65625 -0.0792448
-0.661212 -0.078125

-0.671875 -0.075599
-0.660681 -0.078125

-0.65625 -0.0797475
-0.640625 -0.0831839

-0.640625 -0.083136
-0.625 -0.0854056

-0.625 -0.0852996
-0.609375 -0.0867103

-0.609375 -0.0866179
-0.59375 -0.0875662

-0.59375 -0.0875572
-0.578125 -0.0882456

-0.578125 -0.0883616
-0.5625 -0.0885761

-0.5625 -0.0886693
-0.546875 -0.0879915

-0.546875 -0.0879519
-0.53125 -0.0862745

-0.53125 -0.086054
-0.515625 -0.083897

-0.515625 -0.0836111
-0.5 -0.0819874

-2.95312 0.103977
-2.9375 0.0992093

-2.9375 0.120332
-2.94465 0.125

0.34375 -0.0662715
0.359375 -0.0631451

0.359375 -0.0633276
0.363197 -0.0625

0.360168 -0.0625
0.375 -0.0592883

-2.9375 0.0837613
-2.93399 0.09375

-2.9375 0.105561
-2.92735 0.109375

-2.9375 0.11508
-2.92649 0.109375

0.375 -0.0595503
0.390625 -0.0563329

2 0.0748373
2.00656 0.078125

2.00579 0.078125
2.01562 0.0830525

0.390625 -0.0561443
0.40625 -0.0531396

2.01562 0.0832523
2.03125 0.0909646

-0.5 -0.0819787
-0.484375 -0.0814774

2.03125 0.0895931
2.03912 0.09375

0.40625 -0.0532518
0.421875 -0.0506125

2.03683 0.09375
2.04688 0.0990575

-0.484375 -0.0816511
-0.46875 -0.0819419

-2.92188 0.108046
-2.90625 0.104742

-2.90625 0.104529
-2.89062 0.100308

-2.89062 0.100736
-2.875 0.0951714

-3 0.141399
-2.96875 0.130059

-3 0.165329
-2.97979 0.1875

-2.96875 0.125934
-2.95312 0.128119

-2.96875 0.14673
-2.96637 0.15625

-0.46875 -0.082038
-0.453125 -0.0825813

-2.95312 0.128623
-2.9461 0.125

-2.96875 0.162927
-2.96385 0.171875

2.04688 0.100035
2.0625 0.107193

-2.96384 0.171875
-2.96775 0.1875

2.0625 0.106704
2.07405 0.109375

2.07137 0.109375
2.07812 0.110938

2.09375 0.109304
2.0882 0.109375

-0.453125 -0.0826301
-0.4375 -0.0831364

2.07812 0.1107
2.09375 0.111009

0.421875 -0.0507891
0.4375 -0.0479375

-2.98185 0.1875
-2.96875 0.200189

2.125 0.0865093
2.11553 0.09375

-0.4375 -0.0831735
-0.421875 -0.0834712

2.10938 0.103829
2.09881 0.109375

0.4375 -0.0478916
0.442342 -0.046875

-2.96875 0.210752
-2.9375 0.195383

0.442189 -0.046875
0.453125 -0.0445791

-2.94373 0.21875
-2.94674 0.25

-0.421875 -0.0834699
-0.40625 -0.0834872

-2.9375 0.199285
-2.93142 0.203125

0.453125 -0.0444141
0.46875 -0.0411913

-2.93357 0.203125
-2.92188 0.216194

-0.40625 -0.0834638
-0.390625 -0.0832502

2.09375 0.113789
2.10346 0.109375

2.10938 0.10232
2.1199 0.09375

-0.390625 -0.0832168
-0.375 -0.0828859

0.46875 -0.0409828
0.484375 -0.038584

0.484375 -0.038483
0.5 -0.0375271

-2.92381 0.21875
-2.90625 0.249128

-2.90625 0.249913
-2.90622 0.25

-2.85938 0.0878429
-2.87327 0.09375

-0.375 -0.082845
-0.359375 -0.0825452

-2.84375 0.076636
-2.84647 0.078125

-2.85938 0.0888338
-2.84375 0.0807658

-0.359375 -0.0825093
-0.34375 -0.0823942

-0.34375 -0.0823688
-0.328125 -0.0825607

-0.328125 -0.0825442
-0.3125 -0.0831267

-0.3125 -0.0831242
-0.296875 -0.0841355

-2.875 0.0952241
-2.8715 0.09375

-2.82812 0.0707513
-2.84307 0.078125

-2.84375 0.0810446
-2.83783 0.078125

-0.296875 -0.0841538
-0.28125 -0.085562

-2.82812 0.0724151
-2.8125 0.0660791

0.5 -0.0377287
0.515625 -0.0380147

2.125 0.0881247
2.14062 0.0802601

-2.79688 0.0587462
-2.80644 0.0625

2.15625 0.076263
2.15052 0.078125

-2.79688 0.059337
-2.78125 0.0546243

0.515625 -0.03816
0.53125 -0.0389942

0.53125 -0.0390772
0.546875 -0.0400029

-2.78125 0.0553868
-2.76562 0.0507231

-0.28125 -0.0855995
-0.265625 -0.0872928

-2.75 0.0440571
-2.75854 0.046875

0.546875 -0.0400894
0.5625 -0.0407673

-2.76562 0.0508704
-2.75351 0.046875

0.5625 -0.0407599
0.578125 -0.041032

2.14062 0.0811952
2.15008 0.078125

2.15625 0.0763105
2.17188 0.0717722

2.17188 0.0717199
2.1875 0.067551

2.21875 0.0602367
2.20957 0.0625

2.21875 0.0600172
2.23438 0.0559813

2.23438 0.0559527
2.25 0.0520974

2.1875 0.0675882
2.20312 0.063819

-0.265625 -0.0873237
-0.25 -0.0891655

-2.8125 0.0662218
-2.80302 0.0625

-0.25 -0.0891704
-0.234375 -0.0910889

0.578125 -0.0410253
0.59375 -0.0409196

-0.234375 -0.0910831
-0.21875 -0.0930803

-2.96507 0.25
-2.9375 0.273807

-2.9375 0.277457
-2.90625 0.261726

-2.90625 0.250347
-2.90615 0.25

-0.203125 -0.0952208
-0.212967 -0.09375

-2.90625 0.273999
-2.89888 0.265625

0.59375 -0.0409642
0.609375 -0.0404053

2.20312 0.0639204
2.20889 0.0625

-0.203125 -0.0953219
-0.1875 -0.0981811

-2.75 0.0445534
-2.73438 0.0409392

0.609375 -0.0404612
0.625 -0.039248

-0.21875 -0.0931052
-0.214435 -0.09375

2.25 0.0521347
2.26562 0.0484426

-2.73438 0.0413517
-2.71875 0.039498

0.625 -0.0392897
0.640625 -0.0372271

-2.71875 0.0396667
-2.70312 0.038411

-0.1875 -0.0981875
-0.171875 -0.101498

2.28125 0.044698
2.27299 0.046875

0.640625 -0.0371282
0.65625 -0.0343307

2.26562 0.0485514
2.27198 0.046875

-0.171875 -0.101566
-0.15625 -0.105177

2.28125 0.0443917
2.29688 0.0397038

0.65625 -0.0341505
0.671479 -0.03125

2.29688 0.0394966
2.3125 0.0350335

-0.140625 -0.109555
-0.141331 -0.109375

-2.70312 0.0384372
-2.6875 0.0373898

-2.6875 0.0374445
-2.67188 0.0364437

-2.67188 0.0364216
-2.65625 0.0354022

-0.15625 -0.105071
-0.140625 -0.109051

-2.65625 0.0355638
-2.64062 0.034247

0.671875 -0.0314569
0.672749 -0.03125

2.34375 0.0281667
2.32922 0.03125

-2.64062 0.0342397
-2.625 0.0323169

2.3125 0.0349834
2.32812 0.0312595

2.32812 0.0313312
2.32851 0.03125

-2.60938 0.0294723
-2.61924 0.03125

-0.140625 -0.109524
-0.125 -0.113137

-2.60938 0.0296211
-2.59375 0.025676

-2.625 0.0326954
-2.61698 0.03125

0.67353 -0.03125
0.6875 -0.027943

0.6875 -0.0277597
0.703125 -0.022772

0.703125 -0.022286
0.71875 -0.0173182

0.71875 -0.016227
0.721381 -0.015625

-2.59375 0.0256251
-2.57812 0.0207138

-2.5625 0.0140155
-2.56704 0.015625

-2.57812 0.020816
-2.56347 0.015625

-0.125 -0.113113
-0.109375 -0.115471

-2.5625 0.0144423
-2.54688 0.00976335

-0.109375 -0.115408
-0.09375 -0.116685

-0.09375 -0.116602
-0.078125 -0.117091

2.34375 0.0280082
2.35938 0.0249723

2.35938 0.0250245
2.375 0.0224668

0.727504 -0.015625
0.734375 -0.0140532

0.734375 -0.0136127
0.75 -0.0116938

-2.54688 0.0101319
-2.53125 0.0068039

-2.53125 0.00697625
-2.51562 0.00391731

-2.51562 0.00403911
-2.5 0.000660954

2.375 0.0225018
2.39062 0.0202481

2.39062 0.0202501
2.40625 0.0182268

0.75 -0.0129674
0.765625 -0.0100173

0.765625 -0.00904597
0.78125 -0.00446015

-0.078125 -0.117069
-0.0625 -0.11698

0.78125 -0.00388502
0.796875 -0.000756447

2.40625 0.018204
2.42188 0.0164527

-0.0625 -0.116961
-0.046875 -0.116372

-2.48438 -0.0030769
-2.49842 0

-0.046875 -0.116368
-0.03125 -0.115327

2.4375 0.0150617
2.43113 0.015625

0.796875 -0.00138281
0.808589 0

2.42188 0.0164146
2.4308 0.015625

-0.03125 -0.11531
-0.015625 -0.113859

2.4375 0.0150661
2.45312 0.0140612

0.8125 -0.000714919
0.815027 0

2.45312 0.0140554
2.46875 0.0133964

-0.015625 -0.113841
0 -0.11205

-2.48438 -0.00302619
-2.46875 -0.00596938

2.46875 0.0134049
2.48438 0.0130866

2.48438 0.0131077
2.5 0.013071

-2.46875 -0.00576389
-2.45312 -0.00862792

-2.45312 -0.00841749
-2.4375 -0.0120342

0.810062 0
0.8125 0.000287804

-2.42188 -0.0169872
-2.42634 -0.015625

-2.4375 -0.0119826
-2.42557 -0.015625

-2.42188 -0.0173374
-2.40625 -0.0222033

-2.40625 -0.0221704
-2.39062 -0.0261518

0.815574 0
0.828125 0.00355027

-1.9375 0.656317
-1.93743 0.65625

0.828125 0.00486658
0.84375 0.0118203

-2.39062 -0.0258596
-2.375 -0.029607

0.84375 0.0134512
0.849959 0.015625

2.82812 -0.000792639
2.81759 0

-2.35938 -0.0338304
-2.36912 -0.03125

0.85666 0.015625
0.859375 0.0165754

0.859375 0.0174136
0.875 0.0211532

2.82812 -0.000831537
2.84375 -0.00169883

2.84375 -0.00170404
2.85938 -0.0021769

-2.35938 -0.0339663
-2.34375 -0.0380422

2.85938 -0.00223419
2.875 -0.00218758

-2.375 -0.029433
-2.36814 -0.03125

-2.34375 -0.0379969
-2.32812 -0.0416184

0.875 0.0208335
0.890625 0.0246761

0.890625 0.0254505
0.90625 0.0284865

2.96875 -0.229315
2.96865 -0.21875

2.96875 -0.226263
2.96935 -0.21875

2.96875 -0.218654
2.96965 -0.21875

0.90625 0.0284124
0.921875 0.0292411

0.921875 0.0292662
0.9375 0.0279855

0.9375 0.0273192
0.953125 0.0252114

0.953125 0.0252398
0.96875 0.0235807

-2.32812 -0.0414429
-2.3125 -0.0450514

2.875 -0.00215527
2.89062 -0.00153923

2.89062 -0.00161574
2.90625 -0.000341865

0.96875 0.0235053
0.984375 0.0223888

2.90625 -0.000225575
2.90816 0

2.98438 -0.0797012
3 -0.08632

2.98438 -0.0749843
3 -0.0651133

2.99879 -0.0625
3 -0.0623281

0.984375 0.0220984
1 0.022256

2.5 0.0130956
2.51562 0.0132491

2.51562 0.0132708
2.53125 0.0135219

2.53125 0.0135362
2.54688 0.0138132

2.54688 0.0138189
2.5625 0.0140818

2.5625 0.0140788
2.57812 0.0143221

2.57812 0.0143126
2.59375 0.0145612

2.59375 0.014549
2.60938 0.0148461

2.60938 0.0148429
2.625 0.0152194

-2.29688 -0.0491202
-2.30587 -0.046875

-2.3125 -0.0449065
-2.30461 -0.046875

-2.29688 -0.0492191
-2.28125 -0.0528731

-2.28125 -0.0527016
-2.26562 -0.0559634

-2.26562 -0.05587
-2.25 -0.0592692

2.625 0.0152378
2.6392 0.015625

2.63926 0.015625
2.64062 0.0156621

2.64062 0.0157139
2.65625 0.0160522

2.65625 0.016122
2.67188 0.0161325

2.67188 0.0161952
2.68716 0.015625

-2.23438 -0.0634489
-2.23808 -0.0625

-2.23438 -0.0635182
-2.21875 -0.0676376

2.70312 0.014291
2.68758 0.015625

2.70312 0.0142212
2.71875 0.0122222

2.71875 0.012124
2.73438 0.00980287

2.73438 0.00973426
2.75 0.00742456

-2.21875 -0.0675104
-2.20312 -0.0712292

-2.20312 -0.0711868
-2.1875 -0.0748443

-2.25 -0.0590556
-2.23656 -0.0625

-2.17188 -0.0789643
-2.17532 -0.078125

-2.1875 -0.0747101
-2.17347 -0.078125

2.75 0.00740155
2.76562 0.00528654

2.76562 0.00528258
2.78125 0.00341622

2.78125 0.00342699
2.79688 0.00179564

2.79688 0.00179101
2.8125 0.000382415

2.8125 0.00037956
2.81754 0

-2.17188 -0.0788897
-2.15625 -0.0823571

2.90814 0
2.92188 0.00162459

2.92188 0.00134366
2.9375 0.00408898

2.9375 0.00421345
2.95312 0.00816884

2.95312 0.00651191
2.96875 0.0147423

1 0.0224725
1.01562 0.024052

2.96875 0.0135382
2.9725 0.015625

2.97142 0.015625
2.98277 0.03125

1.01562 0.0245994
1.03125 0.026073

1.03125 0.0260998
1.04688 0.0263189

-2.15625 -0.0822387
-2.14062 -0.0850002

1.04688 0.025746
1.0625 0.0258029

2.98438 0.00517536
2.99504 0.015625

-2.14062 -0.0848934
-2.125 -0.0873996

1.0625 0.0257821
1.07812 0.0268638

1.07812 0.0270487
1.09375 0.0288267

-2.125 -0.0873684
-2.10938 -0.0898951

-2.10938 -0.0898066
-2.09375 -0.0925933

-2.07812 -0.0958163
-2.08893 -0.09375

-2.07812 -0.095768
-2.0625 -0.0985884

-2.09375 -0.0925056
-2.08725 -0.09375

-2.0625 -0.0985074
-2.04688 -0.101185

-2.04688 -0.101351
-2.03125 -0.103714

1.09375 0.0288587
1.10938 0.0308995

1.10938 0.0311698
1.11011 0.03125

2.98438 0.0255473
2.98624 0.03125

2.9812 0.03125
2.98436 0.046875

2.98335 0.046875
2.98376 0.0625

1.11018 0.03125
1.125 0.0328768

-2.03125 -0.103693
-2.01562 -0.105453

1.125 0.0328971
1.14062 0.0337241

-2.01562 -0.105526
-2 -0.106579

-2.5 0.000706976
-2.49677 0

1.14062 0.0334639
1.15625 0.0338832

1.15625 0.0337478
1.17188 0.0345507

1.17188 0.0347917
1.1875 0.0357672

1.1875 0.0364631
1.20312 0.0357376

1.20312 0.0354423
1.21875 0.0322146

1.23438 0.0277601
1.21962 0.03125

1.23438 0.0277422
1.25 0.0251346

1.21875 0.0318146
1.22114 0.03125

2.98348 0.0625
2.98371 0.078125

2.98357 0.078125
2.98438 0.0920038

2.98391 0.09375
2.98994 0.125

2.90625 0.248061
2.90564 0.25

2.92188 0.218625
2.9375 0.212883

2.90625 0.24925
2.9304 0.21875

1.25 0.025184
1.26562 0.0236759

1.26562 0.0237225
1.28125 0.0231217

1.28125 0.02318
1.29688 0.0232767

1.29688 0.0233306
1.3125 0.0239001

1.3125 0.0239385
1.32812 0.0247963

1.32812 0.0248194
1.34375 0.0258425

1.34375 0.0258559
1.35938 0.0269713

1.35938 0.0269821
1.375 0.0281417

2.96875 0.157224
2.95924 0.171875

1.375 0.0281464
1.39062 0.0293194

1.39062 0.0293112
1.40625 0.0305043

1.40625 0.0304603
1.41555 0.03125

1.41569 0.03125
1.42188 0.031775

1.42188 0.0317386
1.4375 0.0333856

1.4375 0.0333945
1.45312 0.0354316

1.45312 0.0354799
1.46875 0.0377928

1.46875 0.0378415
1.48438 0.0402362

1.48438 0.0402676
1.5 0.0425837

2.95896 0.171875
2.96224 0.1875

2.99077 0.125
2.9869 0.15625

2.96875 0.18087
2.99055 0.1875

2.96875 0.195724
2.95572 0.21875

2.94462 0.21875
2.96506 0.25

2.96875 0.205157
2.99682 0.1875

2.96875 0.229944
2.96948 0.21875

-2 -0.107621
-1.98438 -0.105739

-1.98438 -0.105803
-1.96875 -0.0987768

-1.96875 -0.0691906
-1.97157 -0.0625

2.90609 0.25
2.90625 0.250516

2.90231 0.265625
2.90625 0.269698

-1.96875 -0.105759
-1.95597 -0.09375

-1.96038 -0.09375
-1.95794 -0.078125

-1.96875 -0.073863
-1.96613 -0.0625

2.90513 0.28125
2.90625 0.282387

2.90625 0.253597
2.93716 0.28125

2.92841 0.28125
2.9375 0.284075

-1.95312 -0.0673426
-1.93793 -0.0625

-1.98453 -0.046875
-1.98438 -0.0466475

-1.98131 -0.0625
-1.97394 -0.046875

-1.98438 -0.0468335
-1.96875 -0.0431436

-1.96875 -0.0558286
-1.95312 -0.0581891

-1.95312 -0.0622276
-1.9375 -0.062045

-1.9375 -0.0592378
-1.92188 -0.0559521

-1.92188 -0.057572
-1.90625 -0.0582684

-1.90625 -0.0586199
-1.89062 -0.0593557

-1.89062 -0.059296
-1.875 -0.0594876

2.9375 0.277181
2.97692 0.25

-1.82812 -0.0636102
-1.83669 -0.0625

-1.82812 -0.0636598
-1.8125 -0.0658155

-1.875 -0.0590476
-1.85938 -0.0596943

-1.85938 -0.0598842
-1.84375 -0.0614864

3 -0.0950147
3.00228 -0.09375

3.00264 -0.09375
3.00254 -0.0625

3 -0.0616747
3.0017 -0.0625

-1.84375 -0.061537
-1.83632 -0.0625

-1.8125 -0.0659978
-1.79688 -0.0677756

3.0625 -0.00589768
3.04555 0

-1.79688 -0.0672416
-1.78125 -0.0693449

-1.78125 -0.0693115
-1.76562 -0.0728751

-1.75 -0.0786605
-1.75166 -0.078125

3.125 -0.00456744
3.10025 0

3.25 -0.00339573
3.22077 0

3.5 -0.00274463
3.43205 0

-1.76562 -0.0728787
-1.75 -0.0779051

3.03125 0.0225544
3.02277 0.03125

3.0307 0.03125
3.02125 0.0625

3.03125 0.0172276
3.05381 0

3.02516 0.0625
3.02925 0.09375

3.03125 0.121607
3.02998 0.125

-1.75 -0.078492
-1.73438 -0.0838037

-1.75 -0.0779866
-1.74959 -0.078125

-1.73438 -0.0838456
-1.71875 -0.0882423

3.03125 0.0907057
3.03157 0.09375

3.03125 0.12094
3.03431 0.09375

-1.71875 -0.0884824
-1.70312 -0.0913964

-1.70312 -0.0912451
-1.6875 -0.0924984

-1.6875 -0.0922967
-1.67188 -0.0925954

-1.67188 -0.0924741
-1.65625 -0.0924643

3.0625 0.0150889
3.09726 0

3 0.166935
3.03218 0.125

3 0.196905
3.0055 0.1875

-1.65625 -0.0924343
-1.64062 -0.0924185

-1.64062 -0.0924134
-1.625 -0.0924617

3.125 0.0102607
3.19904 0

3.25 0.00456778
3.36168 0

4 -0.00482878
3.60032 0

3.5 0.000209091
3.51731 0

-1.625 -0.0924384
-1.60938 -0.0926079

-1.60938 -0.0926109
-1.59375 -0.0929423

-1.59375 -0.0930078
-1.57812 -0.0933639

-1.57812 -0.09345
-1.5625 -0.0935279

-1.5625 -0.0935163
-1.54688 -0.093167

-1.54688 -0.0931213
-1.53125 -0.0924595

-1.53125 -0.0924321
-1.51562 -0.091604

-1.51562 -0.0916058
-1.5 -0.0906626

-1.5 -0.0906487
-1.48438 -0.0896144

-1.48438 -0.0895769
-1.46875 -0.0885541

-1.46875 -0.0885181
-1.45312 -0.0876536

-1.45312 -0.0876414
-1.4375 -0.0870318

-1.4375 -0.0870369
-1.42188 -0.0866962

-1.42188 -0.0866322
-1.40625 -0.0866783

-1.40625 -0.0864775
-1.39062 -0.0874401

-1.39062 -0.087366
-1.375 -0.0897951

-1.35938 -0.0938867
-1.36003 -0.09375

-1.35938 -0.0937708
-1.34375 -0.0964582

-1.375 -0.0901818
-1.35938 -0.0934465

-1.35938 -0.0935925
-1.35846 -0.09375

-1.34375 -0.096318
-1.32812 -0.0980657

-1.32812 -0.0980117
-1.3125 -0.0991987

-1.3125 -0.099159
-1.29688 -0.0999725

-1.29688 -0.0999802
-1.28125 -0.100484

-1.28125 -0.100572
-1.26562 -0.100574

-1.26562 -0.100624
-1.25 -0.0998462

-1.25 -0.0996536
-1.23438 -0.0983803

-1.23438 -0.0981978
-1.21875 -0.0971795

-1.21875 -0.0973523
-1.20312 -0.0966082

-1.20312 -0.0967873
-1.1875 -0.0956132

-1.1875 -0.0953831
-1.17188 -0.0938812

-1.17188 -0.0937076
-1.15625 -0.0926853

-1.15625 -0.0927257
-1.14062 -0.0924492

-1.14062 -0.092519
-1.125 -0.0927678

-1.125 -0.0928579
-1.10938 -0.0933121

-1.10938 -0.0933495
-1.09391 -0.09375

-1.07812 -0.0940982
-1.09145 -0.09375

-1.07812 -0.0939747
-1.0625 -0.094762

-1.09375 -0.0936905
-1.09147 -0.09375

-1.0625 -0.0948274
-1.04688 -0.0961102

-1.04688 -0.0962777
-1.03125 -0.0975903

-1.03125 -0.0976625
-1.01562 -0.0985254

-1.01562 -0.0984996
-1 -0.0988199

