-4 -0.00475181
-3.62155 0

-3.52554 0
-3.5 0.000320676

-3.5 -0.00294107
-3.42868 0

-3.25 -0.00421932
-3.2168 0

-3.125 -0.00588001
-3.10271 0

-3 -0.0795641
-3.0012 -0.0625

-3.00019 -0.0625
-3 -0.0380048

-3.3944 0
-3.25 0.00599155

-3.211 0
-3.125 0.0115673

-3.10282 0
-3.0625 0.0187544

-3.0625 0.00424301
-3.03125 0.0294992

-3.03908 0.03125
-3.03125 0.0487768

-3 0.0309354
-3.00043 0.03125

1.5 0.162138
1.51562 0.169275

1.51562 0.168921
1.5224 0.171875

1.52005 0.171875
1.53125 0.17676

1.53125 0.176279
1.54688 0.182398

1.54688 0.182156
1.56144 0.1875

1.55821 0.1875
1.5625 0.189073

-3.03125 0.0553683
-3.02687 0.0625

-3.03653 0.0625
-3.03125 0.0851041

-3.03765 0.09375
-3.03125 0.110222

-3.03125 0.0827572
-3.0228 0.09375

-3.03125 0.0961749
-3 0.124672

1.5625 0.188692
1.57812 0.192912

1.57812 0.192426
1.59375 0.194904

1.59375 0.195058
1.60938 0.196456

1.60938 0.196219
1.625 0.196702

-3.01776 0.125
-3 0.151032

1.625 0.196588
1.64062 0.196857

1.64062 0.196874
1.65625 0.197123

1.65625 0.197135
1.67188 0.197309

1.67188 0.197305
1.6875 0.197387

1.6875 0.197364
1.70312 0.197406

1.70312 0.197406
1.71875 0.197457

1.71875 0.197464
1.73438 0.197512

1.73438 0.197501
1.75 0.197552

1.75 0.19752
1.76562 0.197661

1.76562 0.197605
1.78125 0.198016

1.78125 0.197835
1.79688 0.19899

1.79688 0.198838
1.8125 0.201402

1.8125 0.201524
1.8165 0.203125

1.8239 0.203125
1.82812 0.207713

1.83147 0.203125
1.83699 0.21875

1.82256 0.21875
1.82493 0.234375

1.82634 0.234375
1.82812 0.236295

1.82812 0.234044
1.82827 0.234375

1.82812 0.235298
1.84375 0.244025

1.84375 0.240212
1.85938 0.241171

1.85938 0.240671
1.875 0.242488

1.875 0.243161
1.89062 0.245493

1.89062 0.245685
1.90625 0.246803

-2.96875 -0.126176
-2.96936 -0.125

-2.9375 -0.185726
-2.94957 -0.171875

-2.95312 -0.164418
-2.94972 -0.171875

-2.95312 -0.15496
-2.96044 -0.140625

-2.96875 -0.135685
-2.96549 -0.140625

-2.95312 -0.155486
-2.95274 -0.15625

-2.92188 -0.195053
-2.93511 -0.1875

-2.92188 -0.19297
-2.90625 -0.197149

-2.90625 -0.197055
-2.89062 -0.199791

1.90625 0.246666
1.92188 0.246461

1.92188 0.24637
1.9375 0.245295

1.9375 0.245304
1.95312 0.243523

1.95312 0.243492
1.96875 0.241051

1.96875 0.240799
1.98438 0.238262

-2.875 -0.203604
-2.87978 -0.203125

-2.89062 -0.199677
-2.875 -0.201241

-2.9375 -0.184034
-2.93178 -0.1875

-2.97412 -0.125
-2.98612 -0.09375

-2.98789 -0.09375
-2.98858 -0.078125

-2.98535 -0.078125
-2.98438 -0.0705864

1.98438 0.237892
2 0.236502

-2.98438 -0.0761172
-2.98264 -0.0625

-2.98438 -0.0486767
-2.98411 -0.0625

-2.98438 -0.0385139
-2.98422 -0.046875

-2.98438 -0.0272862
-2.98557 -0.015625

-2.98616 -0.015625
-2.98894 0

-2.98438 -0.0309671
-2.98435 -0.03125

-2.85938 -0.203687
-2.86529 -0.203125

-2.875 -0.200703
-2.85938 -0.202186

-2.84375 -0.20488
-2.85625 -0.203125

-2.85938 -0.201925
-2.85083 -0.203125

-2.84375 -0.204785
-2.82812 -0.207089

-2.82812 -0.20716
-2.8125 -0.209057

-2.8125 -0.209104
-2.79688 -0.210359

-2.79688 -0.210321
-2.78125 -0.210918

-2.78125 -0.21086
-2.76562 -0.210992

-2.76562 -0.210883
-2.75 -0.210883

-2.75 -0.210838
-2.73438 -0.211014

-2.73438 -0.210993
-2.71875 -0.211479

-2.71875 -0.211476
-2.70312 -0.212319

-2.70312 -0.212372
-2.6875 -0.21347

-2.6875 -0.213524
-2.67188 -0.214664

-2.67188 -0.214203
-2.65625 -0.216202

-2.64062 -0.220521
-2.64906 -0.21875

-2.64062 -0.220298
-2.625 -0.223235

-2.65625 -0.21602
-2.64325 -0.21875

-2.625 -0.223096
-2.60938 -0.224838

-2.60938 -0.224721
-2.59375 -0.22578

-2.59375 -0.225732
-2.57812 -0.226438

-2.57812 -0.226418
-2.5625 -0.226907

-2.5625 -0.22693
-2.54688 -0.227197

-2.54688 -0.227213
-2.53125 -0.227182

-2.53125 -0.227182
-2.51562 -0.226822

-2.51562 -0.226778
-2.5 -0.226177

-2.9894 0
-2.99137 0.015625

-2.99154 0.015625
-2.99144 0.03125

-2.99104 0.03125
-2.98933 0.046875

-2.98909 0.046875
-2.98709 0.0625

-2.98666 0.0625
-2.9857 0.078125

-2.98561 0.078125
-2.98671 0.09375

-2.98575 0.09375
-2.99634 0.125

-3 0.126346
-2.96875 0.156157

-3 0.176125
-2.97573 0.1875

-2.96875 0.154811
-2.96774 0.15625

-2.96875 0.15896
-2.96153 0.171875

-2.95739 0.171875
-2.959 0.1875

-2.98981 0.1875
-2.96875 0.201795

-2.96944 0.21875
-2.96875 0.222221

-2.96061 0.1875
-2.96755 0.21875

-2.94712 0.21875
-2.9575 0.25

-2.9373 0.21875
-2.92794 0.25

0 -0.127881
0.0119768 -0.125

-1 -0.239524
-0.984375 -0.236861

0.015625 -0.125682
0.0178158 -0.125

0.0121614 -0.125
0.015625 -0.124167

0.015625 -0.124905
0.03125 -0.120044

0.03125 -0.119173
0.046875 -0.113406

-2.97378 0.25
-2.9375 0.260573

-0.984375 -0.236758
-0.976996 -0.234375

2 0.236303
2.01562 0.237201

0.046875 -0.113327
0.0600051 -0.109375

0.0602687 -0.109375
0.0625 -0.108703

-0.978573 -0.234375
-0.96875 -0.231203

-0.96875 -0.230161
-0.953125 -0.226042

-0.953125 -0.226255
-0.9375 -0.22515

-0.9375 -0.226132
-0.921875 -0.225651

-2.9375 0.269136
-2.91999 0.25

0.0625 -0.108994
0.078125 -0.104771

-2.5 -0.22612
-2.48438 -0.225479

-2.48438 -0.225402
-2.46875 -0.224989

-2.46875 -0.224967
-2.45312 -0.22498

-2.45312 -0.225009
-2.4375 -0.225434

-2.4375 -0.225489
-2.42188 -0.226156

-2.42188 -0.226164
-2.40625 -0.226949

0.078125 -0.104885
0.09375 -0.100201

0.09375 -0.100462
0.109375 -0.0945664

-0.921875 -0.226317
-0.90625 -0.223164

-2.40625 -0.226944
-2.39062 -0.227843

-2.39062 -0.227828
-2.375 -0.228884

-2.375 -0.228921
-2.35938 -0.23009

-2.35938 -0.230169
-2.34375 -0.231219

-2.34375 -0.231174
-2.32812 -0.232035

-2.32812 -0.231941
-2.3125 -0.232892

-0.90625 -0.223046
-0.895734 -0.21875

2.01562 0.237216
2.03125 0.240769

0.109375 -0.0950021
0.112302 -0.09375

0.109916 -0.09375
0.125 -0.0872965

-0.897457 -0.21875
-0.890625 -0.215959

0.125 -0.0870284
0.140625 -0.0812593

0.140625 -0.081407
0.152396 -0.078125

2.03125 0.240892
2.04688 0.246826

0.152186 -0.078125
0.15625 -0.076992

-2.3125 -0.232985
-2.29688 -0.234027

-2.28125 -0.235017
-2.2907 -0.234375

-2.29688 -0.233993
-2.29125 -0.234375

0.15625 -0.0770558
0.171875 -0.0738059

-0.890625 -0.214662
-0.875 -0.209285

-2.28125 -0.234991
-2.26562 -0.236265

-2.26562 -0.236396
-2.25 -0.237701

-0.875 -0.210628
-0.859375 -0.207036

-2.25 -0.23765
-2.23438 -0.238823

-2.23438 -0.238851
-2.21875 -0.239939

0.171875 -0.0739956
0.1875 -0.0714327

0.1875 -0.0716937
0.203125 -0.0689163

0.203125 -0.0689196
0.21875 -0.0653991

-2.21875 -0.240057
-2.20312 -0.24077

-2.20312 -0.240764
-2.1875 -0.240878

-2.1875 -0.24085
-2.17188 -0.240434

-2.17188 -0.240388
-2.15625 -0.239592

-2.15625 -0.239561
-2.14062 -0.238538

-2.14062 -0.238502
-2.125 -0.237387

-2.125 -0.237311
-2.10938 -0.236327

-0.859375 -0.206861
-0.84518 -0.203125

-2.10938 -0.236254
-2.09375 -0.235698

-2.09375 -0.235664
-2.07812 -0.235753

-2.07812 -0.235815
-2.0625 -0.236495

-0.845675 -0.203125
-0.84375 -0.202618

2.04688 0.246984
2.05272 0.25

-0.84375 -0.203191
-0.843475 -0.203125

-2.0625 -0.236595
-2.04688 -0.237542

-2.04688 -0.237605
-2.03125 -0.238496

-2.03125 -0.238511
-2.01562 -0.239188

-2.01562 -0.239176
-2 -0.239634

-0.84375 -0.202481
-0.828125 -0.198731

2.01562 0.295029
2.012 0.296875

2.01216 0.296875
2.00789 0.3125

2.01682 0.296875
2.03125 0.30552

2.05322 0.25
2.0625 0.254798

0.21875 -0.0652513
0.229433 -0.0625

-0.828125 -0.198706
-0.8125 -0.195877

-0.8125 -0.196026
-0.796875 -0.193873

-0.796875 -0.193917
-0.78125 -0.192054

-0.78125 -0.192018
-0.765625 -0.190427

-0.765625 -0.190501
-0.75 -0.189106

-2 -0.239618
-1.98438 -0.239914

-1.98438 -0.239899
-1.96875 -0.240093

2.03125 0.304574
2.03472 0.3125

2.0625 0.293344
2.05953 0.296875

2.05729 0.296875
2.05895 0.3125

2.01026 0.3125
2.01562 0.318334

2.01562 0.320179
2.03125 0.318027

2.03125 0.319643
2.03746 0.3125

0.229748 -0.0625
0.234375 -0.0613083

2.0625 0.253124
2.0766 0.265625

0.234375 -0.0613091
0.25 -0.0569138

-1.96875 -0.240087
-1.95312 -0.240219

-1.95312 -0.240217
-1.9375 -0.240304

2.07781 0.265625
2.07812 0.268425

-0.75 -0.18913
-0.734375 -0.187734

-0.734375 -0.187778
-0.731377 -0.1875

0.25 -0.0566389
0.265625 -0.0523081

-1.9375 -0.240306
-1.92188 -0.240346

-1.92188 -0.240349
-1.90625 -0.240332

-1.90625 -0.240335
-1.89062 -0.240249

2.07812 0.2635
2.07976 0.265625

2.0801 0.265625
2.0813 0.28125

2.07613 0.28125
2.06492 0.296875

2.0625 0.311816
2.06291 0.3125

2.07812 0.2838
2.07965 0.28125

0.265625 -0.0519495
0.28125 -0.0489502

0.28125 -0.0491311
0.296875 -0.0478189

0.296875 -0.0481508
0.3125 -0.0475

0.3125 -0.0474742
0.328055 -0.046875

0.328125 -0.0468689
0.34375 -0.0463743

-1.89062 -0.240248
-1.875 -0.240089

2.09375 0.312018
2.0861 0.3125

2.09375 0.309952
2.10938 0.307188

2.10938 0.307094
2.125 0.309528

2.0625 0.312525
2.07812 0.318878

-0.731938 -0.1875
-0.71875 -0.186279

-0.71875 -0.186227
-0.703125 -0.18485

-0.703125 -0.184894
-0.6875 -0.183621

-0.6875 -0.183624
-0.671875 -0.18236

-0.671875 -0.182361
-0.65625 -0.181101

-0.65625 -0.181045
-0.640625 -0.1799

-0.640625 -0.179894
-0.625 -0.178988

0.34375 -0.046446
0.359375 -0.045922

-1.875 -0.240085
-1.85938 -0.239864

-1.85938 -0.239854
-1.84375 -0.239599

-1.84375 -0.239589
-1.82812 -0.239343

-1.82812 -0.239332
-1.8125 -0.239136

-1.8125 -0.239119
-1.79688 -0.239029

-1.79688 -0.239015
-1.78125 -0.239092

-0.625 -0.179008
-0.609375 -0.178311

-0.609375 -0.17835
-0.59375 -0.177745

-0.59375 -0.177766
-0.578125 -0.177135

-0.578125 -0.177133
-0.5625 -0.17644

-0.5625 -0.17642
-0.546875 -0.175707

-0.546875 -0.175692
-0.53125 -0.175032

-0.53125 -0.175024
-0.515625 -0.174461

-0.515625 -0.174459
-0.5 -0.174014

2.07812 0.315857
2.09286 0.3125

2.125 0.310621
2.12975 0.3125

2.13079 0.3125
2.14062 0.316389

2.14062 0.318143
2.15625 0.323207

2.15625 0.323776
2.17188 0.323356

2.17188 0.323043
2.1875 0.316624

2.20312 0.305604
2.19231 0.3125

2.21875 0.295616
2.2164 0.296875

2.20312 0.304245
2.21639 0.296875

2.21875 0.296015
2.23438 0.290717

2.23438 0.29095
2.25 0.287677

2.1875 0.315992
2.193 0.3125

0.359375 -0.0461312
0.375 -0.0450157

2.25 0.286406
2.26562 0.287232

-0.5 -0.174016
-0.484375 -0.173691

-0.484375 -0.173698
-0.46875 -0.173476

-1.78125 -0.239099
-1.76562 -0.239358

-0.46875 -0.173486
-0.453125 -0.173334

0.375 -0.0449093
0.390625 -0.0429966

-0.453125 -0.173347
-0.4375 -0.173214

-1.76562 -0.239377
-1.75 -0.239764

2.26562 0.287527
2.28125 0.294404

-0.4375 -0.173231
-0.421875 -0.173057

-1.75 -0.239804
-1.73438 -0.240201

-1.73438 -0.240211
-1.71875 -0.24052

-1.71875 -0.240551
-1.70312 -0.240689

-1.70312 -0.240898
-1.6875 -0.240385

2.28125 0.295499
2.28342 0.296875

2.2835 0.296875
2.29688 0.305738

2.29688 0.306477
2.30561 0.3125

2.30627 0.3125
2.3125 0.316773

2.3125 0.317548
2.32812 0.326677

2.32812 0.326717
2.33148 0.328125

2.33169 0.328125
2.34375 0.333182

-0.421875 -0.173074
-0.40625 -0.172794

-0.40625 -0.172809
-0.390625 -0.172359

-0.390625 -0.172375
-0.379143 -0.171875

-0.379138 -0.171875
-0.375 -0.171695

-1.6875 -0.240265
-1.67188 -0.238926

-0.375 -0.171695
-0.359375 -0.170753

2.34375 0.333408
2.35938 0.337029

2.35938 0.336507
2.375 0.337828

-1.67188 -0.23856
-1.65625 -0.237366

0.390625 -0.042912
0.40625 -0.040584

-0.359375 -0.170739
-0.34375 -0.169565

-0.34375 -0.169546
-0.328125 -0.168206

-0.328125 -0.16819
-0.3125 -0.166756

-0.3125 -0.166756
-0.296875 -0.165263

-1.65625 -0.237511
-1.64062 -0.236904

-1.64062 -0.237025
-1.625 -0.236475

2.375 0.337352
2.39062 0.338368

-1.625 -0.236484
-1.60938 -0.235732

2.39062 0.338321
2.40625 0.340077

-1.60938 -0.23568
-1.59375 -0.234812

-1.59375 -0.234768
-1.58615 -0.234375

-1.58583 -0.234375
-1.57812 -0.233976

0.40625 -0.0404706
0.421875 -0.0381233

0.421875 -0.0383815
0.4375 -0.0357255

0.4375 -0.0355852
0.453125 -0.0323848

0.453125 -0.0320863
0.456315 -0.03125

0.459729 -0.03125
0.46875 -0.028885

-1.57812 -0.233931
-1.5625 -0.233327

-1.5625 -0.23332
-1.54688 -0.23301

2.40625 0.340168
2.42188 0.342574

-1.54688 -0.233035
-1.53125 -0.232986

2.42188 0.342619
2.42816 0.34375

-0.296875 -0.165278
-0.28125 -0.163698

-0.28125 -0.163694
-0.265625 -0.162007

-0.265625 -0.161955
-0.25 -0.160274

-1.53125 -0.23302
-1.51562 -0.233112

-1.51562 -0.233137
-1.5 -0.233255

2.4283 0.34375
2.4375 0.345406

2.4375 0.345435
2.45312 0.348553

-0.25 -0.16021
-0.234375 -0.158765

-0.234375 -0.158752
-0.21875 -0.157698

-0.21875 -0.157742
-0.203125 -0.157018

-0.203125 -0.157082
-0.1875 -0.156472

-0.1875 -0.156521
-0.181605 -0.15625

-0.181627 -0.15625
-0.171875 -0.155802

2.45312 0.348518
2.46875 0.351972

2.46875 0.351982
2.48438 0.355822

2.48438 0.355821
2.49748 0.359375

2.49788 0.359375
2.5 0.359949

0.46875 -0.0287239
0.484375 -0.0228597

0.484375 -0.0212894
0.5 -0.0165626

0.499655 -0.015625
0.5 -0.0154635

-1.5 -0.233276
-1.48438 -0.233325

2.98438 -0.0796477
3 -0.0816311

2.98438 -0.0763861
3 -0.0733839

3 -0.0313595
2.99367 -0.03125

-1.48438 -0.233346
-1.46875 -0.233243

2.98438 -0.0165628
3 -0.0165628

2.98438 -0.00130235
3 -0.00130235

-1.46875 -0.233252
-1.45312 -0.232937

-1.45312 -0.232903
-1.4375 -0.232425

-1.4375 -0.232404
-1.42188 -0.231871

0.496745 0
0.5 0.00366919

-1.42188 -0.231914
-1.40625 -0.231281

-1.40625 -0.231276
-1.39062 -0.230468

2.5 0.360094
2.51562 0.364659

2.51562 0.364738
2.53125 0.36937

2.53125 0.369323
2.54688 0.373956

2.54688 0.37389
2.55038 0.375

-0.171875 -0.155801
-0.15625 -0.15488

-1.39062 -0.230447
-1.375 -0.22952

-1.375 -0.229503
-1.35938 -0.228533

2.55056 0.375
2.5625 0.378783

-1.35938 -0.228516
-1.34375 -0.227571

2.5625 0.378887
2.57812 0.384197

-1.34375 -0.227574
-1.32812 -0.226684

2.57812 0.384271
2.59375 0.389612

-0.15625 -0.154858
-0.140625 -0.15378

0.53125 -0.0315781
0.528696 -0.03125

2.59375 0.389691
2.59662 0.390625

0.5 -0.0221275
0.515625 -0.02498

0.5 -0.00722081
0.515625 -0.00959816

0.515625 -0.0206534
0.53125 -0.0259402

0.546875 -0.0336906
0.534591 -0.03125

0.546875 -0.0328659
0.5625 -0.0326738

0.53125 -0.0244003
0.546875 -0.0275045

0.546875 -0.0278178
0.5625 -0.0282067

0.5625 -0.0320597
0.566083 -0.03125

0.5625 -0.0288782
0.578125 -0.025347

0.578125 -0.0254416
0.59375 -0.0194978

0.59375 -0.01808
0.601569 -0.015625

0.599798 -0.015625
0.609375 -0.0126183

0.609375 -0.0137819
0.625 -0.0115346

2.59666 0.390625
2.60938 0.394763

0.625 -0.0120154
0.640625 -0.0096312

-1.32812 -0.226684
-1.3125 -0.225842

0.640625 -0.0100115
0.65625 -0.00576806

0.65625 -0.00529309
0.67133 0

2.60938 0.394987
2.625 0.399239

2.625 0.399206
2.64062 0.402248

2.64062 0.401296
2.65625 0.4051

-0.140625 -0.153759
-0.125 -0.152607

2.65625 0.404641
2.65961 0.40625

0.5 0.000876048
0.515625 4.6672e-05

-0.125 -0.152594
-0.109375 -0.151434

0.667473 0
0.671875 0.00154522

-0.109375 -0.151439
-0.09375 -0.150286

-0.09375 -0.15035
-0.078125 -0.149066

-0.078125 -0.14924
-0.0625 -0.147348

-0.0625 -0.147475
-0.046875 -0.144375

-0.046875 -0.14456
-0.0342958 -0.140625

-0.0346387 -0.140625
-0.03125 -0.139565

-0.03125 -0.139163
-0.015625 -0.133136

-0.015625 -0.132573
0 -0.127504

0.671875 0.00117705
0.6875 0.00498118

0.6875 0.00419047
0.703125 0.006353

0.703125 0.00607283
0.71875 0.00873553

0.71875 0.0088024
0.734375 0.0123919

0.734375 0.0127619
0.74588 0.015625

0.748761 0.015625
0.75 0.0159332

-1.3125 -0.225837
-1.29688 -0.225054

-1.29688 -0.225044
-1.28125 -0.224351

2.65975 0.40625
2.67188 0.412069

2.67188 0.414656
2.6875 0.421697

2.68651 0.421875
2.6875 0.422317

2.6875 0.42185
2.68891 0.421875

-1.28125 -0.22434
-1.26562 -0.223777

2.6875 0.422286
2.70312 0.422551

-1.26562 -0.223768
-1.25 -0.223374

0.75 0.0167481
0.765625 0.0200004

-1.25 -0.223369
-1.23438 -0.223169

-1.23438 -0.223169
-1.21875 -0.223172

2.71875 0.41501
2.70438 0.421875

2.70312 0.422045
2.70349 0.421875

2.73438 0.403468
2.72927 0.40625

0.765625 0.0197939
0.78125 0.0223815

-1.21875 -0.223173
-1.20312 -0.223377

-1.20312 -0.223381
-1.1875 -0.223775

-1.1875 -0.223775
-1.17188 -0.22435

0.78125 0.0224028
0.796875 0.0246959

0.796875 0.0247463
0.8125 0.0266018

0.8125 0.0265758
0.828125 0.0279447

0.828125 0.0276384
0.84375 0.0291854

0.84375 0.0287656
0.855819 0.03125

0.856265 0.03125
0.859375 0.0318901

0.859375 0.0315592
0.875 0.0381301

-1.17188 -0.22435
-1.15625 -0.225103

0.875 0.0377778
0.887511 0.046875

0.887439 0.046875
0.890625 0.049458

0.890625 0.0496467
0.902619 0.0625

0.90625 0.0612442
0.907251 0.0625

0.902191 0.0625
0.90625 0.0693044

0.905658 0.09375
0.90625 0.0979808

0.902313 0.109375
0.90625 0.116424

0.90625 0.067113
0.913166 0.078125

0.908325 0.078125
0.919628 0.09375

0.921875 0.0894273
0.930898 0.09375

0.90625 0.0957756
0.921875 0.105023

0.90625 0.112995
0.921875 0.111296

0.930755 0.09375
0.9375 0.0954275

-1.15625 -0.2251
-1.14062 -0.22604

-1.14062 -0.226042
-1.125 -0.227171

2.73438 0.404899
2.75 0.398469

-1.125 -0.227175
-1.10938 -0.228483

-1.10938 -0.228466
-1.09375 -0.229977

-1.09375 -0.230009
-1.07812 -0.231693

0.9375 0.09933
0.953125 0.107102

0.953125 0.108202
0.96875 0.108616

0.96875 0.106721
0.984375 0.101368

0.984375 0.10022
1 0.0951864

-1.07812 -0.231654
-1.0625 -0.233524

-1.04688 -0.235697
-1.05712 -0.234375

2.71875 0.411374
2.72909 0.40625

-1.0625 -0.233441
-1.05526 -0.234375

-1.04688 -0.235686
-1.03125 -0.237557

-1.03125 -0.237673
-1.01562 -0.238996

2.98438 0.0120387
3 0.0120387

2.98438 0.0250777
3 0.0250777

-1.01562 -0.239302
-1 -0.239232

2.98438 0.0334033
3 0.0334033

2.98438 0.0601215
3 0.0601215

2.96875 0.10918
2.96855 0.109375

2.98438 0.0758064
3 0.0758064

2.98438 0.083241
3 0.083241

3 0.116912
2.97248 0.125

2.9375 0.206361
2.92632 0.21875

2.92778 0.21875
2.91208 0.25

2.96875 0.144511
2.95452 0.15625

2.95312 0.174993
2.94885 0.1875

2.95312 0.168029
2.96875 0.162256

2.95312 0.173534
2.96875 0.172051

2.96875 0.155164
3 0.137292

3 0.171033
2.97272 0.1875

2.9375 0.214718
2.95692 0.1875

2.95795 0.21875
2.95265 0.25

2.96875 0.208859
2.99179 0.1875

2.96875 0.220922
2.97101 0.25

2.79688 0.364108
2.78439 0.375

2.8125 0.351443
2.80225 0.359375

2.79688 0.362942
2.80144 0.359375

2.85938 0.310737
2.85789 0.3125

2.875 0.291859
2.86975 0.296875

2.85938 0.309501
2.87094 0.296875

2.82812 0.338217
2.82234 0.34375

2.84375 0.323834
2.83786 0.328125

2.82812 0.336767
2.83837 0.328125

2.8125 0.353574
2.8244 0.34375

2.84375 0.327477
2.85966 0.3125

2.75 0.399669
2.78125 0.379514

2.78125 0.37891
2.78616 0.375

2.89062 0.277186
2.88733 0.28125

2.90625 0.26025
2.89826 0.265625

2.89062 0.272658
2.90117 0.265625

2.875 0.293479
2.88996 0.28125

2.90625 0.267969
2.9375 0.258772

2.90625 0.281956
2.91331 0.28125

2.9375 0.288166
2.97373 0.25

3 -0.0939868
3.00029 -0.09375

3.0002 -0.09375
3.00042 -0.0625

3 -0.0597972
3.00037 -0.0625

3.03125 -0.00338404
3.02419 0

3.0625 -0.00501512
3.04722 0

3.125 -0.00568115
3.09796 0

3.25 -0.00430418
3.21631 0

3.5 -0.00343715
3.42533 0

3.03125 0.0130131
3.02204 0.03125

3.03045 0.03125
3.03109 0.0625

3.03125 0.0205242
3.05625 0

3.03108 0.0625
3.03125 0.0706706

3.03125 0.109848
3.02744 0.125

3.03266 0.0625
3.03408 0.09375

3.03663 0.09375
3.03192 0.125

3.0625 0.0151161
3.09412 0

3 0.178374
3.03383 0.125

3 0.191845
3.00302 0.1875

3.125 0.0114459
3.19798 0

3.25 0.00530552
3.36492 0

4 -0.00588622
3.57754 0

3.5 0.000357005
3.52562 0

1.01562 0.0929187
1.01029 0.09375

1.01562 0.0931023
1.03125 0.0925717

1 0.0950887
1.0086 0.09375

1.03125 0.0924426
1.04688 0.0933875

1.04688 0.0935588
1.04823 0.09375

1.04774 0.09375
1.0625 0.0958365

1.0625 0.0959126
1.07812 0.0987557

1.07812 0.0987019
1.09375 0.102124

1.09375 0.101858
1.10938 0.106499

1.10938 0.106552
1.11713 0.109375

1.11564 0.109375
1.125 0.112779

1.125 0.113487
1.14062 0.117608

1.14062 0.11733
1.15625 0.118543

1.15625 0.117897
1.17188 0.11805

1.17188 0.118017
1.1875 0.118466

1.1875 0.118528
1.20312 0.119217

1.20312 0.119166
1.21875 0.120071

1.21875 0.120212
1.23438 0.121153

1.23438 0.121193
1.25 0.121812

1.25 0.121738
1.26562 0.122103

1.26562 0.121997
1.28125 0.122468

1.28125 0.122322
1.29688 0.123403

1.29688 0.123318
1.30934 0.125

1.30862 0.125
1.3125 0.125524

1.3125 0.125829
1.32812 0.128326

1.32812 0.128598
1.34375 0.13018

1.34375 0.129961
1.35938 0.130518

1.35938 0.130195
1.375 0.130811

1.375 0.130776
1.39062 0.132164

1.39062 0.132277
1.40625 0.134279

1.40625 0.134223
1.42188 0.136724

1.42188 0.136528
1.4375 0.140033

1.4375 0.139928
1.43996 0.140625

1.43861 0.140625
1.45312 0.144744

1.45312 0.144736
1.46875 0.149559

1.46875 0.149238
1.48438 0.155019

1.48438 0.154931
1.48741 0.15625

1.48635 0.15625
1.5 0.162179

