-4 -0.00399508
-3.65973 0

-3.54011 0
-3.5 0.000470874

-3.5 -0.00303593
-3.42388 0

-3.25 -0.00446489
-3.2131 0

-3.125 -0.00617477
-3.10018 0

-3 -0.0943999
-3.00026 -0.09375

-3.0625 -0.00183138
-3.0577 0

-3.38503 0
-3.25 0.00545775

-3.20425 0
-3.125 0.0107455

-3.10118 0
-3.0625 0.0172509

-3.0625 0.00227476
-3.03125 0.0271455

-3.03554 0.03125
-3.03125 0.0404422

-3 0.0299069
-3.01187 0.03125

-3.03125 0.045699
-3.02299 0.0625

-3.03337 0.0625
-3.03125 0.080931

-3.03045 0.0625
-3.02192 0.09375

-3.02971 0.09375
-3.01525 0.125

-3.02814 0.125
-3 0.157393

1.5 -0.0248325
1.51562 -0.02416

1.51562 -0.0241998
1.53125 -0.0236037

1.53125 -0.0236601
1.54688 -0.0229483

1.54688 -0.0229738
1.5625 -0.0219826

1.5625 -0.0219721
1.57812 -0.0206718

1.57812 -0.020661
1.59375 -0.0190943

1.59375 -0.0190625
1.60938 -0.0173146

1.60938 -0.0172033
1.62439 -0.015625

0 -0.0121712
0.015625 -0.010944

0.015625 -0.0109803
0.03125 -0.0101291

0.03125 -0.0101608
0.046875 -0.00954973

1.62439 -0.015625
1.625 -0.0155614

0.046875 -0.00959348
0.0625 -0.0090717

-2.9375 -0.18933
-2.93932 -0.1875

1.62519 -0.015625
1.64062 -0.0141635

-2.93828 -0.1875
-2.9375 -0.187038

-2.9375 -0.188283
-2.93703 -0.1875

0.0625 -0.00912765
0.078125 -0.00849571

0.078125 -0.00851769
0.09375 -0.00761975

0.09375 -0.00754391
0.109375 -0.0064877

-2.9375 -0.18612
-2.93612 -0.1875

-3 -0.09628
-2.96875 -0.113044

-2.98573 -0.09375
-2.98438 -0.0879198

-2.98438 -0.0823046
-2.98222 -0.09375

-2.98294 -0.078125
-2.98302 -0.0625

-2.96875 -0.110146
-2.96777 -0.109375

0.109375 -0.00632277
0.125 -0.00558982

0.125 -0.00550339
0.140625 -0.00559643

0.140625 -0.00572659
0.15625 -0.00655815

0.15625 -0.00678114
0.171875 -0.00764488

0.171875 -0.0077392
0.1875 -0.00800052

0.1875 -0.00794479
0.203125 -0.00752651

0.203125 -0.0074345
0.21875 -0.00663209

0.21875 -0.00657418
0.234375 -0.00568751

0.234375 -0.00563391
0.25 -0.00488599

-2.96875 -0.101753
-2.95719 -0.09375

-2.95614 -0.09375
-2.95312 -0.0918366

-1 -0.0337426
-0.984375 -0.033119

-0.984375 -0.0331166
-0.96875 -0.0325564

0.25 -0.00477763
0.265625 -0.00449237

-2.95312 -0.0910318
-2.9375 -0.0818438

0.265625 -0.00438147
0.28125 -0.00499739

-0.96875 -0.0325563
-0.953125 -0.0320644

1.64062 -0.0142399
1.65625 -0.0126076

1.65625 -0.0126464
1.67188 -0.0106305

1.67188 -0.010639
1.6875 -0.00814491

1.6875 -0.00809086
1.70312 -0.00520958

1.70312 -0.00508472
1.71875 -0.00217413

1.71875 -0.00210184
1.7316 0

0.28125 -0.00505723
0.296875 -0.00667646

-2.98351 -0.0625
-2.98403 -0.046875

-2.9839 -0.046875
-2.98417 -0.03125

-0.953125 -0.0320667
-0.9375 -0.0316389

-0.9375 -0.0316434
-0.921875 -0.0312662

-0.921875 -0.0312704
-0.920956 -0.03125

1.73178 0
1.73438 0.000424997

-0.920884 -0.03125
-0.90625 -0.0309248

1.73438 0.000285507
1.75 0.00267751

-0.90625 -0.0309312
-0.890625 -0.0305895

0.296875 -0.00691696
0.3125 -0.0089388

0.3125 -0.00912332
0.328125 -0.0106977

-0.890625 -0.0305963
-0.875 -0.0302333

1.75 0.00264055
1.76562 0.00526939

-2.98438 -0.0159493
-2.98439 -0.015625

1.76562 0.00530268
1.78125 0.00817566

-0.875 -0.0302407
-0.859375 -0.0298281

-0.859375 -0.0298356
-0.84375 -0.0293437

-2.98452 -0.015625
-2.9857 0

-0.84375 -0.0293489
-0.828125 -0.0287526

0.328125 -0.0107006
0.34375 -0.0114527

-2.98438 -0.0239223
-2.98412 -0.03125

0.34375 -0.0113739
0.359375 -0.0114555

0.359375 -0.0113819
0.375 -0.0110976

1.78125 0.0082768
1.79688 0.0111251

-2.9375 -0.0812579
-2.93023 -0.078125

-0.828125 -0.0287541
-0.8125 -0.0280401

-2.92901 -0.078125
-2.92188 -0.0750488

-2.92188 -0.0751607
-2.90625 -0.0707682

0.375 -0.0110388
0.390625 -0.0106532

-2.90625 -0.0708983
-2.89062 -0.067834

0.390625 -0.010606
0.40625 -0.0103312

1.79688 0.0111529
1.8125 0.0137185

0.40625 -0.0103064
0.421875 -0.0102862

0.421875 -0.0102915
0.4375 -0.0105648

-2.89062 -0.0675359
-2.875 -0.0661358

0.4375 -0.010594
0.453125 -0.011092

1.8125 0.0137947
1.82608 0.015625

-2.875 -0.066311
-2.85938 -0.0668209

-0.8125 -0.0280429
-0.796875 -0.0272026

-2.85938 -0.0671272
-2.84375 -0.0685843

-0.796875 -0.0272189
-0.78125 -0.0262141

-0.78125 -0.0262512
-0.765625 -0.0249749

-0.765625 -0.0250421
-0.75 -0.0232858

-2.84375 -0.0690096
-2.82812 -0.0699506

-2.82812 -0.0698411
-2.8125 -0.069634

1.82738 0.015625
1.82812 0.0157258

1.82812 0.0157227
1.84375 0.017574

1.84375 0.0176092
1.85938 0.0194607

1.85938 0.0194554
1.875 0.0212474

0.453125 -0.0111256
0.46875 -0.0117225

1.875 0.0212415
1.89062 0.0229963

-2.8125 -0.0694403
-2.79688 -0.0686915

1.89062 0.0230394
1.90625 0.0246826

0.46875 -0.0117368
0.484375 -0.0123367

1.90625 0.0248512
1.92188 0.0259594

-2.79688 -0.0684778
-2.78125 -0.0680023

-0.75 -0.0234343
-0.734375 -0.0207666

-2.78125 -0.0680299
-2.76562 -0.0681998

0.484375 -0.0123166
0.5 -0.012931

1.92188 0.0262044
1.9375 0.0259507

-0.734375 -0.0209545
-0.71875 -0.0167022

1.9375 0.0260628
1.95312 0.0237331

1.95312 0.0236494
1.96875 0.0191866

-2.76562 -0.0683055
-2.75 -0.068854

1.98438 0.0129696
1.97714 0.015625

1.96875 0.0189468
1.9778 0.015625

-0.71875 -0.0168061
-0.715861 -0.015625

-0.71591 -0.015625
-0.703125 -0.0103983

-0.703125 -0.0102182
-0.6875 -0.00188729

-0.6875 -0.00133795
-0.684017 0

1.98438 0.0124416
2 0.00745752

-2.75 -0.069071
-2.73438 -0.0693527

-2.73438 -0.0694125
-2.71875 -0.0688739

-0.625 -0.00123839
-0.630871 0

0.5 -0.0128741
0.515625 -0.0136572

-2.71875 -0.0687578
-2.70312 -0.0675113

-2.70312 -0.0672196
-2.6875 -0.0660809

0.515625 -0.0136034
0.53125 -0.0147769

-0.625 -0.00129557
-0.609375 -0.00405469

-2.6875 -0.0660225
-2.67188 -0.0656919

0.546875 -0.0164567
0.538828 -0.015625

0.53125 -0.0147696
0.539527 -0.015625

0.546875 -0.0165561
0.5625 -0.0182839

0.5625 -0.018394
0.578125 -0.0197423

0.578125 -0.0198341
0.59375 -0.020399

-0.609375 -0.00401724
-0.59375 -0.00635252

-0.59375 -0.00632366
-0.578125 -0.00836775

-0.578125 -0.008401
-0.5625 -0.0101451

0.59375 -0.0204338
0.609375 -0.0199622

0.609375 -0.0199273
0.625 -0.0184193

-0.5625 -0.0102044
-0.546875 -0.0114636

0.625 -0.018487
0.640625 -0.0158772

0.640625 -0.0158861
0.642021 -0.015625

0.640625 -0.0154035
0.65625 -0.0124808

0.65625 -0.0121168
0.671875 -0.0105565

0.671875 -0.010627
0.6875 -0.0110392

-0.546875 -0.0114984
-0.53125 -0.0120846

-0.53125 -0.0120632
-0.515625 -0.0119495

-0.515625 -0.0118783
-0.5 -0.0112499

0.6875 -0.0113478
0.703125 -0.0129743

0.703125 -0.0131974
0.71875 -0.0149747

0.734375 -0.0164378
0.725788 -0.015625

-2.67188 -0.0658396
-2.65625 -0.0661383

-2.65625 -0.066277
-2.64062 -0.0666326

-2.64062 -0.0666344
-2.625 -0.0667659

0.71875 -0.0149984
0.72537 -0.015625

-2.625 -0.066745
-2.60938 -0.0666904

-2.60938 -0.0666335
-2.59375 -0.0665483

-2.59375 -0.0665288
-2.57812 -0.0665657

-2.57812 -0.0665897
-2.5625 -0.0667398

0.734375 -0.0163603
0.75 -0.0177274

-0.6875 0.000213828
-0.671875 0.00621612

-0.671875 0.00573913
-0.65625 0.0061646

-0.65625 0.00532142
-0.640625 0.00251216

-2.5625 -0.0667752
-2.54688 -0.0669195

-2.54688 -0.0669054
-2.53125 -0.0670015

-2.53125 -0.0669653
-2.51562 -0.0671136

-2.51562 -0.067097
-2.5 -0.0674032

-2.98618 0
-2.9872 0.015625

-2.98691 0.015625
-2.98636 0.03125

-2.98646 0.03125
-2.98484 0.046875

0.75 -0.0177727
0.765625 -0.0191269

-0.640625 0.00193158
-0.631468 0

0.765625 -0.0191798
0.78125 -0.0203244

2 0.00689855
2.01562 0.00510961

2.01562 0.00453787
2.03125 0.00820553

2.03125 0.00832638
2.04337 0.015625

0.78125 -0.0203052
0.796875 -0.0211729

0.796875 -0.0211514
0.8125 -0.0218236

-2.98438 0.0425115
-2.98399 0.046875

-2.9843 0.046875
-2.98353 0.0625

0.8125 -0.0218334
0.828125 -0.0223333

2.04156 0.015625
2.04688 0.0188264

2.04688 0.020621
2.0625 0.0297678

0.828125 -0.0223752
0.84375 -0.0225994

2.0625 0.0292686
2.06889 0.03125

0.84375 -0.0226317
0.859375 -0.0224321

2.06921 0.03125
2.07812 0.0340133

-2.98398 0.0625
-2.98414 0.078125

-0.5 -0.0111802
-0.484375 -0.0103188

-2.98438 0.0883958
-2.98396 0.078125

-0.484375 -0.0103084
-0.46875 -0.00937441

0.859375 -0.0224192
0.875 -0.0217567

-0.46875 -0.00942937
-0.453125 -0.00833375

-0.453125 -0.0084002
-0.4375 -0.0069001

-2.98377 0.09375
-2.99003 0.125

-0.4375 -0.00695073
-0.421875 -0.00481199

-2.9842 0.125
-2.98771 0.15625

-3 0.181654
-2.96875 0.179842

-2.96875 0.149899
-2.95982 0.15625

-2.96846 0.15625
-2.96268 0.171875

-2.96079 0.171875
-2.96683 0.1875

-2.99049 0.1875
-2.96875 0.197026

2.07812 0.0333754
2.09375 0.0363897

2.09375 0.0369359
2.10938 0.038387

2.10938 0.0385082
2.125 0.0370613

-2.9375 0.194144
-2.95272 0.21875

2.15625 0.0279847
2.14492 0.03125

-2.93895 0.21875
-2.9461 0.25

2.125 0.0366476
2.14062 0.0328874

-0.421875 -0.00485758
-0.40625 -0.00188773

0.875 -0.0217209
0.890625 -0.0206929

-2.9375 0.203821
-2.92188 0.209664

0.890625 -0.0206854
0.90625 -0.0193783

-0.40625 -0.00178523
-0.397962 0

0.90625 -0.0193733
0.921875 -0.017812

-2.92811 0.21875
-2.90625 0.227565

2.14062 0.032587
2.14526 0.03125

0.921875 -0.0177302
0.9375 -0.0160882

-2.95583 0.25
-2.9375 0.277371

0.9375 -0.0159616
0.940841 -0.015625

2.15625 0.0279963
2.17188 0.0235285

0.942671 -0.015625
0.953125 -0.0145717

0.953125 -0.0145384
0.96875 -0.0129828

-0.234375 -0.000251213
-0.248755 0

2.17188 0.0235949
2.1875 0.0190629

-2.9375 0.272944
-2.90625 0.270248

2.20312 0.0144492
2.19904 0.015625

0.96875 -0.0128628
0.984375 -0.011532

2.1875 0.0189459
2.19905 0.015625

-2.90662 0.28125
-2.90625 0.281255

-0.234375 -0.000209067
-0.222128 0

-2.90625 0.253672
-2.90233 0.265625

-2.89062 0.271388
-2.89668 0.28125

-0.15625 -0.00167665
-0.169454 0

-2.90625 0.286054
-2.89806 0.28125

2.20312 0.014191
2.21875 0.0104941

0.984375 -0.0114464
1 -0.0107514

-0.15625 -0.00170156
-0.140625 -0.0049612

-0.140625 -0.00507712
-0.125 -0.00934031

2.21875 0.0103463
2.23438 0.00826256

2.23438 0.00825972
2.25 0.00809056

-0.125 -0.00962739
-0.109375 -0.0140882

-0.09375 -0.0179759
-0.103921 -0.015625

-0.109375 -0.0142549
-0.103448 -0.015625

-0.09375 -0.0180717
-0.078125 -0.0200906

-0.078125 -0.0200787
-0.0625 -0.0202574

2.25 0.00828531
2.26562 0.00964684

2.26562 0.00991412
2.28125 0.0118823

-0.0625 -0.020129
-0.046875 -0.0187482

-0.046875 -0.018509
-0.03125 -0.0163038

2.28125 0.0120309
2.29688 0.0137739

-2.5 -0.0674089
-2.48438 -0.0678947

-0.03125 -0.0162069
-0.0271144 -0.015625

2.29688 0.0138065
2.3125 0.0149621

-2.48438 -0.0678982
-2.46875 -0.0685454

2.3125 0.014988
2.32812 0.0154391

2.32812 0.0154572
2.34375 0.015116

-2.46875 -0.0685394
-2.45312 -0.0693533

-2.45312 -0.069354
-2.4375 -0.0703453

-0.0278572 -0.015625
-0.015625 -0.0139038

-0.015625 -0.0138768
0 -0.0121414

2.34375 0.0150903
2.35938 0.0139723

-2.4375 -0.0703485
-2.42188 -0.0715094

-2.42188 -0.0715221
-2.40625 -0.0728207

-2.40625 -0.0728345
-2.39062 -0.0742178

-2.39062 -0.0741634
-2.375 -0.0757127

-0.399409 0
-0.390625 0.00189202

-2.375 -0.0754759
-2.35938 -0.0777735

2.35938 0.0138767
2.375 0.0122247

-0.390625 0.00190003
-0.375 0.00481705

-2.35938 -0.0781382
-2.34375 -0.0809955

-0.375 0.00488713
-0.359375 0.00689765

-0.359375 0.00695554
-0.34375 0.00780359

-2.35938 -0.0776869
-2.35698 -0.078125

-0.34375 0.00776274
-0.328125 0.00741425

-0.328125 0.00730333
-0.3125 0.00606186

-2.34375 -0.0810795
-2.32812 -0.0835992

-0.3125 0.00594634
-0.296875 0.00426475

-2.32812 -0.083585
-2.3125 -0.0855601

2.375 0.0120936
2.39062 0.010361

-2.3125 -0.085538
-2.29688 -0.0870409

-2.29688 -0.0870142
-2.28125 -0.0881425

-2.28125 -0.0881256
-2.26562 -0.0889666

-2.26562 -0.0889527
-2.25 -0.089568

2.39062 0.0103066
2.40625 0.00886437

2.40625 0.00888657
2.42188 0.00779894

1 -0.0106995
1.01562 -0.0109152

2.42188 0.00782085
2.4375 0.00699967

1.01562 -0.0108613
1.03125 -0.0121994

2.4375 0.00703408
2.45312 0.00636671

2.45312 0.00641216
2.46875 0.0057389

-0.296875 0.0041748
-0.28125 0.00246403

2.46875 0.00576732
2.48438 0.00494044

-0.28125 0.00239513
-0.265625 0.000972857

2.48438 0.0049284
2.5 0.00391511

-0.265625 0.000924555
-0.25 2.5192e-05

1.03125 -0.0122132
1.04688 -0.0147537

-2.25 -0.0895525
-2.23438 -0.090001

-2.23438 -0.0900053
-2.21875 -0.0903093

1.0625 -0.0181937
1.0494 -0.015625

1.04688 -0.0148809
1.05067 -0.015625

1.0625 -0.0180292
1.07812 -0.0211946

-0.25 2.16849e-05
-0.248759 0

-0.223212 0
-0.21875 7.61726e-05

2.5625 -0.000480483
2.5561 0

-2.21875 -0.0903277
-2.20312 -0.0904417

2.5625 -0.000386942
2.57812 -0.00199652

2.57812 -0.00185711
2.59375 -0.00439809

2.59375 -0.00449704
2.60938 -0.00805032

2.60938 -0.00838907
2.625 -0.0120793

1.07812 -0.0210243
1.09375 -0.02486

1.125 -0.0342376
1.11337 -0.03125

1.09375 -0.0249836
1.10938 -0.029583

1.10938 -0.0299186
1.11456 -0.03125

2.625 -0.0122863
2.64062 -0.0150218

1.125 -0.0339787
1.14062 -0.0366453

1.14062 -0.0364962
1.15625 -0.0384521

1.15625 -0.0384788
1.17188 -0.0399691

1.17188 -0.0400192
1.1875 -0.0408901

2.65625 -0.0163206
2.64758 -0.015625

2.64062 -0.0150935
2.64725 -0.015625

2.65625 -0.0161433
2.67188 -0.0161792

2.67188 -0.0157781
2.6875 -0.0157789

1.1875 -0.0408664
1.20312 -0.0410653

1.20312 -0.041011
1.21875 -0.040694

1.21875 -0.0406784
1.23438 -0.0399854

1.23438 -0.039998
1.25 -0.038935

2.67188 -0.0156239
2.6875 -0.0156231

-2.20312 -0.0904593
-2.1875 -0.0903113

-0.21875 0.000185141
-0.203125 0.000652305

-0.203125 0.000808773
-0.1875 0.000917764

2.70312 -0.0167907
2.68866 -0.015625

2.6875 -0.0155362
2.6886 -0.015625

2.70312 -0.0168743
2.71875 -0.0197171

1.25 -0.0389208
1.26562 -0.0374909

1.26562 -0.0374313
1.28125 -0.0357822

1.28125 -0.0357165
1.29688 -0.0340988

1.29688 -0.0340672
1.3125 -0.0326755

2.71875 -0.0199772
2.73438 -0.0237167

2.73438 -0.0238951
2.75 -0.0276543

-2.1875 -0.0903223
-2.17188 -0.0898554

-2.17188 -0.089883
-2.15625 -0.0890198

-2.15625 -0.0892627
-2.14062 -0.0874622

1.3125 -0.0326819
1.32812 -0.0315666

-2.14062 -0.088067
-2.125 -0.0836337

1.32812 -0.0315885
1.33399 -0.03125

-0.1875 0.00102488
-0.171875 0.000248533

1.33408 -0.03125
1.34375 -0.0306919

2.78125 -0.0344969
2.76642 -0.03125

1.34375 -0.0307109
1.35938 -0.0299312

2.75 -0.0276123
2.76562 -0.0311185

-2.125 -0.0858175
-2.11405 -0.078125

2.76562 -0.0310851
2.76638 -0.03125

2.78125 -0.0344791
2.79688 -0.0379325

-0.171875 0.0002747
-0.169712 0

2.79688 -0.0379319
2.8125 -0.041456

2.8125 -0.0414973
2.82812 -0.0450105

2.84375 -0.0483994
2.83693 -0.046875

1.35938 -0.0299317
1.375 -0.0292313

-2.11511 -0.078125
-2.10938 -0.0709067

1.375 -0.0292181
1.39062 -0.0286226

-2.10938 -0.0714868
-2.10451 -0.0625

2.82812 -0.0450297
2.83638 -0.046875

-2.10793 -0.0625
-2.10281 -0.046875

1.39062 -0.0286182
1.40625 -0.0281629

2.84375 -0.0486289
2.85938 -0.0518564

-2.10737 -0.046875
-2.09375 -0.0312821

-2.0938 -0.03125
-2.09375 -0.0312223

1.40625 -0.0281826
1.42188 -0.0278366

2.85938 -0.0518985
2.875 -0.0544521

1.42188 -0.0278698
1.4375 -0.0275272

3 -0.218757
2.97151 -0.21875

-2.09375 -0.0360662
-2.08416 -0.03125

2.96875 -0.218744
3 -0.218581

1.4375 -0.027552
1.45312 -0.0270968

2.875 -0.0543133
2.89062 -0.0563864

2.89062 -0.0563793
2.90625 -0.0582635

1.45312 -0.0271025
1.46875 -0.0264738

1.46875 -0.0264523
1.48438 -0.0256816

-2.08293 -0.03125
-2.07812 -0.0294515

-2.07812 -0.0305619
-2.0625 -0.0262299

2.90625 -0.058241
2.92188 -0.0599955

2.92188 -0.0601481
2.9375 -0.0615128

1.48438 -0.0256395
1.5 -0.0248541

-2.0625 -0.0260504
-2.04688 -0.0215246

-2.04688 -0.0216238
-2.03125 -0.0170646

-2.03125 -0.0172593
-2.02558 -0.015625

-2.02727 -0.015625
-2.01562 -0.0122658

2.95312 -0.0625253
2.95217 -0.0625

2.95312 -0.0627857
2.95513 -0.0625

2.98438 -0.0784008
2.98419 -0.078125

-2.01562 -0.0118889
-2 -0.00877604

2.98438 -0.0657458
2.97308 -0.0625

2.98438 -0.0812375
3 -0.0834912

2.98941 -0.078125
2.99808 -0.0625

2.9375 -0.0616401
2.95312 -0.0620539

2.9566 -0.0625
2.96875 -0.0602877

2.97076 -0.0625
2.98438 -0.0481025

2.98186 -0.046875
2.98438 -0.0354622

2.98438 -0.057148
2.98612 -0.0625

2.98438 -0.0316181
2.98445 -0.03125

2.98402 -0.03125
2.98438 -0.0283098

2.98438 -0.0203739
2.98494 -0.015625

2.98611 -0.015625
2.9883 0

2.5 0.00387964
2.51562 0.00277495

2.51562 0.00275559
2.53125 0.00166918

2.53125 0.00168469
2.54688 0.000624275

2.54688 0.000667598
2.55577 0

2.98873 0
2.98891 0.015625

2.98891 0.015625
2.98624 0.03125

2.98438 0.0314505
2.98259 0.046875

2.98385 0.046875
2.98407 0.0625

2.98438 0.0321172
2.98448 0.03125

2.98385 0.0625
2.984 0.078125

2.98401 0.078125
2.98438 0.087794

2.98432 0.09375
2.9874 0.125

2.90625 0.248963
2.90588 0.25

2.92188 0.218072
2.9375 0.215357

2.90625 0.236183
2.93054 0.21875

2.96875 0.151684
2.96244 0.15625

2.96875 0.159116
2.95999 0.171875

2.95677 0.171875
2.96037 0.1875

2.98676 0.125
2.98312 0.15625

2.96875 0.180516
2.98656 0.1875

2.96875 0.208138
2.96406 0.21875

2.94224 0.21875
2.96079 0.25

2.96875 0.202164
3 0.191559

-2 -0.00910705
-1.98438 -0.00777998

-1.98438 -0.00817351
-1.96875 -0.00718315

-1.96875 -0.00760708
-1.95312 -0.00531854

-1.95312 -0.00538369
-1.9375 -0.00091995

2.90522 0.25
2.90625 0.253632

2.89509 0.265625
2.90625 0.279486

2.90332 0.28125
2.90625 0.283772

2.90625 0.261916
2.9375 0.280387

2.92203 0.28125
2.9375 0.284147

-1.78125 -0.00144927
-1.78629 0

-1.78125 -0.00163478
-1.76562 -0.00485794

-1.76562 -0.00449475
-1.75 -0.00687736

2.9375 0.279017
2.9671 0.25

3 -0.0803966
3.00809 -0.0625

3 -0.0326789
3.00022 -0.03125

3.0625 -0.00696399
3.04273 0

3.125 -0.00473537
3.09964 0

3.25 -0.00354378
3.21951 0

3.5 -0.00272838
3.43294 0

3.03125 0.0256626
3.01807 0.03125

3.02893 0.03125
3.02604 0.0625

3.03125 0.0160382
3.0515 0

3.02652 0.0625
3.02959 0.09375

3.03125 0.11833
3.02983 0.125

3.03125 0.0874952
3.0317 0.09375

3.03125 0.119107
3.0335 0.09375

3.0625 0.0148668
3.09657 0

-1.75 -0.00681331
-1.73438 -0.00920986

-1.73438 -0.0091764
-1.71875 -0.0117819

-1.71875 -0.0116954
-1.70312 -0.0147499

-1.6875 -0.0186856
-1.69911 -0.015625

-1.70312 -0.0144277
-1.69858 -0.015625

3 0.169294
3.03484 0.125

3 0.196919
3.00723 0.1875

-1.6875 -0.0189477
-1.67188 -0.0239719

-1.67188 -0.0240599
-1.65625 -0.0292131

-1.64062 -0.0345423
-1.65021 -0.03125

3.125 0.010213
3.19692 0

3.25 0.00463719
3.36189 0

4 -0.0044372
3.62952 0

3.5 0.000528704
3.54414 0

-1.64062 -0.0348603
-1.625 -0.0398791

-1.65625 -0.0289483
-1.64955 -0.03125

-1.625 -0.0398238
-1.60938 -0.0437842

-1.59375 -0.0469438
-1.59408 -0.046875

-1.60938 -0.0436541
-1.594 -0.046875

-1.59375 -0.0469885
-1.57812 -0.0497085

-1.57812 -0.0497535
-1.5625 -0.0517076

-1.5625 -0.0516542
-1.54688 -0.0528594

-1.54688 -0.0528047
-1.53125 -0.0534769

-1.53125 -0.053434
-1.51562 -0.0537683

-1.51562 -0.0537404
-1.5 -0.0538783

-1.93985 0
-1.9375 0.000671936

-1.9375 0.000452739
-1.92188 0.00447659

-1.92188 0.00418797
-1.90625 0.00570495

-1.90625 0.0053696
-1.89062 0.00562766

-1.89062 0.00531856
-1.875 0.00560661

-1.875 0.00513812
-1.85938 0.00701133

-1.85938 0.00781393
-1.84375 0.0106041

-1.84375 0.0114697
-1.82812 0.0118403

-1.82812 0.0114286
-1.8125 0.00847211

-1.8125 0.00803952
-1.79688 0.00344448

-1.79688 0.00298898
-1.78648 0

-1.5 -0.0538539
-1.48438 -0.0539003

-1.48438 -0.053878
-1.46875 -0.0539262

-1.46875 -0.0539262
-1.45312 -0.0540208

-1.45312 -0.0540579
-1.4375 -0.054125

-1.4375 -0.0541726
-1.42188 -0.0540431

-1.42188 -0.0540358
-1.40625 -0.0536294

-1.40625 -0.0535643
-1.39062 -0.053026

-1.39062 -0.0529228
-1.375 -0.0525889

-1.375 -0.052551
-1.35938 -0.0527039

-1.35938 -0.0528261
-1.34375 -0.0532973

-1.34375 -0.053416
-1.32812 -0.0537239

-1.32812 -0.0537388
-1.3125 -0.0536163

-1.3125 -0.0535998
-1.29688 -0.0530503

-1.29688 -0.0530332
-1.28125 -0.052124

-1.28125 -0.0520991
-1.26562 -0.0509141

-1.26562 -0.0508795
-1.25 -0.0495374

-1.25 -0.0495052
-1.23438 -0.0481396

-1.23438 -0.0481217
-1.21924 -0.046875

-1.21948 -0.046875
-1.21875 -0.0468149

-1.21875 -0.0468434
-1.20312 -0.0456526

-1.20312 -0.0456569
-1.1875 -0.0445345

-1.1875 -0.0445342
-1.17188 -0.043472

-1.17188 -0.043475
-1.15625 -0.0424676

-1.15625 -0.0424736
-1.14062 -0.0415029

-1.14062 -0.0415086
-1.125 -0.0405514

-1.125 -0.0405539
-1.10938 -0.0395938

-1.10938 -0.0395911
-1.09375 -0.0386283

-1.09375 -0.0386214
-1.07812 -0.037675

-1.07812 -0.0376681
-1.0625 -0.0367655

-1.0625 -0.0367633
-1.04688 -0.0359229

-1.04688 -0.0359253
-1.03125 -0.0351467

-1.03125 -0.0351489
-1.01562 -0.0344229

-1.01562 -0.0344227
-1 -0.0337451

