-4 -0.0035752
-3.69789 0

-3.56729 0
-3.5 0.000796317

-3.5 -0.00264696
-3.43475 0

-3.25 -0.00386093
-3.21829 0

-3.125 -0.00536426
-3.1038 0

-3.0625 -0.00187172
-3.0578 0

-3.39118 0
-3.25 0.00579401

-3.20767 0
-3.125 0.011301

-3.10366 0
-3.0625 0.0181842

-3.0625 0.00422672
-3.03125 0.0286886

-3.03632 0.03125
-3.03125 0.04093

-3 0.0305534
-3.01448 0.03125

-3.03125 0.0474933
-3.02236 0.0625

-3.03381 0.0625
-3.03125 0.0806585

-3.03003 0.0625
-3.02071 0.09375

-3.02569 0.09375
-3.01649 0.125

-3.02733 0.125
-3 0.159173

-3.00029 0.1875
-3 0.187802

-2.96875 -0.189683
-2.96879 -0.1875

-2.96875 -0.191398
-2.96726 -0.1875

-2.96908 -0.1875
-2.96875 -0.187178

-2.96875 -0.187496
-2.9686 -0.1875

-2.9375 -0.125023
-2.92188 -0.126478

-2.92188 -0.126136
-2.90625 -0.125646

-2.90625 -0.125289
-2.90354 -0.125

-2.96875 -0.122556
-2.99049 -0.09375

-2.98701 -0.09375
-2.98627 -0.078125

-2.98397 -0.09375
-2.98337 -0.078125

-2.98389 -0.078125
-2.98288 -0.0625

-2.96875 -0.11692
-2.95312 -0.12231

-2.95312 -0.121465
-2.9375 -0.1245

-2.98377 -0.0625
-2.98408 -0.046875

-2.98394 -0.046875
-2.98407 -0.03125

-2.98438 -0.00123398
-2.98439 0

-2.98409 -0.03125
-2.98426 -0.015625

-2.98438 -0.0094192
-2.9843 -0.015625

-2.9375 -0.124566
-2.93284 -0.125

-2.90031 -0.125
-2.89062 -0.123969

-2.89062 -0.123829
-2.875 -0.1213

-2.875 -0.12099
-2.85938 -0.118303

-2.85938 -0.118372
-2.84375 -0.11601

-2.84375 -0.116252
-2.82812 -0.113593

-2.82812 -0.11323
-2.8125 -0.11052

-2.8125 -0.110061
-2.80668 -0.109375

-2.79727 -0.109375
-2.79688 -0.109329

-2.79688 -0.109081
-2.78125 -0.107298

-2.78125 -0.106992
-2.76562 -0.104882

-2.76562 -0.10471
-2.75 -0.103231

-2.75 -0.103305
-2.73438 -0.102651

-2.73438 -0.102733
-2.71875 -0.102593

-2.71875 -0.102656
-2.70312 -0.102737

-2.70312 -0.102838
-2.6875 -0.102812

1.5 -0.0994365
1.51562 -0.100732

0 -0.0093004
0.015625 -0.0119462

0.015625 -0.0119172
0.03125 -0.0145012

0.046875 -0.0171885
0.0379083 -0.015625

0.03125 -0.0143847
0.0383627 -0.015625

0.046875 -0.017264
0.0625 -0.0200527

0.0625 -0.0200256
0.078125 -0.0227117

0.078125 -0.0226853
0.09375 -0.0253758

0.09375 -0.0253484
0.109375 -0.0281509

0.109375 -0.0281291
0.125 -0.031142

1.51562 -0.100706
1.53125 -0.101898

-0.96875 0.0914949
-0.977238 0.09375

-1 0.0993589
-0.984375 0.0952288

-0.984375 0.0944363
-0.981792 0.09375

-0.96875 0.0910048
-0.953125 0.0869779

-0.953125 0.0873315
-0.9375 0.0829493

0.140625 -0.0343247
0.125105 -0.03125

-0.9375 0.0824011
-0.92214 0.078125

-0.90625 0.0746662
-0.921467 0.078125

-0.90625 0.0743423
-0.890625 0.0719048

-0.890625 0.072206
-0.875 0.0709254

0.140625 -0.0343496
0.15625 -0.0373038

-0.875 0.0710462
-0.859375 0.0700785

-0.859375 0.0701899
-0.84375 0.0690711

-0.84375 0.0690134
-0.828125 0.0676361

-0.828125 0.0675785
-0.8125 0.0661734

-0.765625 0.0594987
-0.77766 0.0625

-0.765625 0.0590094
-0.75 0.0538504

-0.8125 0.0661779
-0.796875 0.0648513

-0.796875 0.0652567
-0.78125 0.063189

-0.78125 0.0630224
-0.779155 0.0625

1.53125 -0.101936
1.54688 -0.103001

1.54688 -0.10294
1.5625 -0.103924

1.5625 -0.10365
1.57812 -0.105225

1.57812 -0.105302
1.59375 -0.107861

0.125 -0.0311549
0.12548 -0.03125

1.60938 -0.110818
1.59945 -0.109375

0.15625 -0.0372732
0.171875 -0.0400946

-2.6875 -0.102878
-2.67188 -0.102414

-2.67188 -0.102389
-2.65625 -0.101403

-2.65625 -0.10133
-2.64062 -0.100016

0.171875 -0.0400841
0.1875 -0.042855

0.1875 -0.0429076
0.203125 -0.0455441

0.21875 -0.0478207
0.211906 -0.046875

0.203125 -0.045664
0.21189 -0.046875

0.21875 -0.0478499
0.234375 -0.0492373

0.234375 -0.0492008
0.25 -0.049834

1.59375 -0.108251
1.60148 -0.109375

0.25 -0.0497725
0.265625 -0.0498478

0.265625 -0.0498075
0.28125 -0.0495286

1.60938 -0.110544
1.625 -0.111705

1.625 -0.111529
1.64062 -0.112227

1.64062 -0.11217
1.65625 -0.11287

1.65625 -0.112871
1.67188 -0.113686

1.67188 -0.11371
1.6875 -0.114591

1.6875 -0.114614
1.70312 -0.115469

1.70312 -0.115472
1.71875 -0.116248

1.71875 -0.116206
1.73438 -0.116985

1.73438 -0.11698
1.75 -0.117856

1.75 -0.117934
1.76562 -0.11876

1.76562 -0.118816
1.78125 -0.119324

1.78125 -0.1193
1.79688 -0.119425

1.79688 -0.119362
1.8125 -0.119277

1.8125 -0.119216
1.82812 -0.11917

1.82812 -0.119156
1.84375 -0.119298

1.84375 -0.119324
1.85938 -0.119627

1.85938 -0.11966
1.875 -0.120004

1.875 -0.120012
1.89062 -0.120316

1.89062 -0.12032
1.90625 -0.120562

1.90625 -0.120706
1.92188 -0.120591

1.92188 -0.120752
1.9375 -0.119668

1.9375 -0.119968
1.95312 -0.116994

1.95312 -0.117201
1.96875 -0.111322

1.96875 -0.111452
1.97332 -0.109375

1.97011 -0.109375
1.98438 -0.102898

1.98438 -0.102738
2 -0.0974112

0.28125 -0.0494378
0.296875 -0.0490668

0.296875 -0.0489096
0.3125 -0.0489425

0.3125 -0.0489975
0.328125 -0.0496389

0.328125 -0.0497916
0.34375 -0.0506259

0.34375 -0.0505569
0.359375 -0.0514164

0.359375 -0.0514105
0.375 -0.0524449

0.375 -0.0525589
0.390625 -0.0535523

0.390625 -0.0535053
0.40625 -0.0543239

0.40625 -0.0540976
0.421875 -0.0552878

0.421875 -0.0553513
0.4375 -0.0572385

0.4375 -0.0573778
0.453125 -0.0595564

0.453125 -0.0598376
0.46875 -0.0614665

0.46875 -0.0615966
0.484375 -0.0618531

0.484375 -0.0615067
0.5 -0.0608236

-2.64062 -0.0999594
-2.625 -0.0985757

-2.625 -0.0986042
-2.60938 -0.0972069

-2.60938 -0.097249
-2.59375 -0.095697

-2.59375 -0.0957883
-2.57812 -0.093815

-0.75 0.0531815
-0.734375 0.0489406

-0.71875 0.0467695
-0.719612 0.046875

-0.734375 0.0489069
-0.71875 0.0469949

-0.71875 0.0468584
-0.716807 0.046875

0.5 -0.0607313
0.515625 -0.0599859

-2.57812 -0.0938135
-2.57776 -0.09375

-2.57743 -0.09375
-2.5625 -0.0911873

-2.5625 -0.0911491
-2.54688 -0.0877247

-2.54688 -0.0877161
-2.53125 -0.0836391

-0.71875 0.0471713
-0.703125 0.0473048

-0.703125 0.0473774
-0.6875 0.0490526

-0.6875 0.0485895
-0.671875 0.0525855

-0.671875 0.0524016
-0.65625 0.0600122

-0.65625 0.0605429
-0.652458 0.0625

-0.655277 0.0625
-0.640625 0.0700631

-0.640625 0.0709652
-0.625 0.0737091

-0.578125 0.0565134
-0.59139 0.0625

-0.578125 0.0563361
-0.5625 0.0485207

-0.625 0.0727477
-0.609375 0.0698452

-0.609375 0.0693515
-0.59375 0.0637127

-0.59375 0.0634196
-0.591712 0.0625

2.01562 -0.395996
2.01025 -0.390625

2 -0.0976987
2.01562 -0.0944402

2.01562 -0.0941406
2.02114 -0.09375

2.0205 -0.09375
2.03125 -0.0929891

2.04688 -0.0944235
2.03769 -0.09375

2.04688 -0.0948337
2.0625 -0.0968645

2.03125 -0.0932931
2.03748 -0.09375

2.0625 -0.097109
2.07812 -0.0987277

2.07812 -0.098659
2.09375 -0.0995142

2.09375 -0.099409
2.10938 -0.0998485

2.10938 -0.0998321
2.125 -0.100099

2.125 -0.100192
2.14062 -0.100133

2.14062 -0.100296
2.15625 -0.0994002

2.15625 -0.0994367
2.17188 -0.0973068

2.17188 -0.0970572
2.1875 -0.0941288

2.18661 -0.09375
2.1875 -0.0935824

2.1875 -0.0941069
2.19027 -0.09375

2.1875 -0.0934892
2.20312 -0.0914773

2.20312 -0.0914929
2.21875 -0.0916359

2.25 -0.0950595
2.23537 -0.09375

2.21875 -0.0920853
2.23438 -0.0934846

2.25 -0.0949992
2.26562 -0.0961642

2.26562 -0.096142
2.28125 -0.0972441

2.28125 -0.0972126
2.29688 -0.0983592

2.29688 -0.0982668
2.3125 -0.0997059

2.3125 -0.0996607
2.32812 -0.101667

2.32812 -0.101779
2.34375 -0.104221

2.34375 -0.104405
2.35938 -0.106693

2.35938 -0.106757
2.375 -0.108393

-2.53125 -0.0835623
-2.51562 -0.0790037

-0.546875 0.0404323
-0.559665 0.046875

-0.5625 0.0484106
-0.559451 0.046875

-0.546875 0.0397227
-0.53125 0.0336519

-0.515625 0.0309783
-0.517391 0.03125

2.375 -0.108341
2.39062 -0.109301

-0.515625 0.031113
-0.513933 0.03125

-0.53125 0.0334557
-0.516918 0.03125

-2.51562 -0.0789808
-2.5129 -0.078125

-0.515625 0.0312524
-0.5 0.0325181

2.40625 -0.109761
2.39509 -0.109375

-2.51278 -0.078125
-2.5 -0.0741172

0.515625 -0.0599339
0.53125 -0.0594147

-2.98455 0
-2.98459 0.015625

-2.9844 0.015625
-2.98438 0.0172298

-2.98438 0.00258652
-2.98427 0.015625

-2.98425 0.015625
-2.98398 0.03125

-2.98405 0.03125
-2.98393 0.046875

-2.9839 0.046875
-2.98382 0.0625

-2.9838 0.0625
-2.98386 0.078125

-2.98378 0.078125
-2.98418 0.09375

-2.98405 0.09375
-2.9864 0.125

2.39062 -0.109233
2.39475 -0.109375

2.40625 -0.109708
2.42188 -0.110094

2.42188 -0.110139
2.4375 -0.110393

-0.046875 -0.00159446
-0.0510172 0

-0.046875 -0.00137855
-0.03125 -0.00461631

-0.03125 -0.00407359
-0.015625 -0.00653367

-0.015625 -0.00658768
0 -0.00924752

-0.5 0.0330475
-0.484375 0.0365074

-0.484375 0.0373482
-0.46875 0.0402471

2.4375 -0.110493
2.45312 -0.110326

-2.97948 0.125
-2.98236 0.15625

-0.46875 0.0404408
-0.453125 0.0407096

-0.453125 0.0403941
-0.4375 0.0382764

-0.40625 0.0293926
-0.412132 0.03125

-0.4375 0.0381516
-0.421875 0.0345283

0.53125 -0.05948
0.546875 -0.0591604

-3 0.181524
-2.96875 0.179235

-2.96875 0.140594
-2.96871 0.140625

-2.96875 0.141008
-2.95707 0.15625

-2.9666 0.15625
-2.96298 0.171875

-2.95725 0.171875
-2.96474 0.1875

-2.99704 0.1875
-2.96875 0.195266

-2.9375 0.197305
-2.94234 0.21875

-2.9375 0.218961
-2.9467 0.25

-0.421875 0.0346746
-0.411031 0.03125

-0.40625 0.0289312
-0.390625 0.0240115

2.45312 -0.110391
2.46875 -0.109481

-0.390625 0.0241121
-0.375 0.0203868

2.46766 -0.109375
2.46875 -0.109311

-0.375 0.0203612
-0.359375 0.01768

-0.359375 0.0177961
-0.34375 0.0159779

-0.328125 0.0146174
-0.338429 0.015625

-0.34375 0.016153
-0.33835 0.015625

-0.328125 0.0146305
-0.3125 0.0130315

-0.3125 0.0129544
-0.296875 0.0114175

-0.296875 0.011264
-0.28125 0.01025

-0.28125 0.0101112
-0.265625 0.0102045

2.46875 -0.109327
2.48438 -0.107851

-0.265625 0.0101221
-0.25 0.0117652

-2.9375 0.207071
-2.92188 0.203746

-2.93056 0.21875
-2.90625 0.22376

2.48438 -0.107907
2.5 -0.106055

-2.95311 0.25
-2.9375 0.27832

-2.9375 0.273942
-2.90625 0.272637

-2.90625 0.260373
-2.90401 0.265625

-2.89062 0.274321
-2.89387 0.28125

-0.25 0.012025
-0.234375 0.0148631

-0.234375 0.0150463
-0.23124 0.015625

-0.2321 0.015625
-0.21875 0.0180895

-2.89062 0.264955
-2.88989 0.265625

-2.88993 0.265625
-2.88908 0.28125

-2.90625 0.286379
-2.89626 0.28125

-0.21875 0.018148
-0.203125 0.0202778

-0.203125 0.0201717
-0.1875 0.021587

0.546875 -0.0592111
0.5625 -0.0588592

2.5 -0.106038
2.51562 -0.103733

2.51562 -0.103714
2.53125 -0.101026

-2.875 0.294819
-2.86808 0.296875

0.5625 -0.0588114
0.578125 -0.0584215

0.578125 -0.0583845
0.59375 -0.0581262

2.53125 -0.100965
2.54688 -0.0980549

0.59375 -0.0581634
0.609375 -0.0580363

0.609375 -0.0580514
0.625 -0.0579507

2.54688 -0.0979832
2.5625 -0.0951159

2.5625 -0.094957
2.57096 -0.09375

-0.1875 0.0215457
-0.171875 0.0225411

2.57 -0.09375
2.57812 -0.092591

-0.171875 0.0224062
-0.15625 0.0233343

2.57812 -0.0929292
2.59375 -0.0912558

2.59375 -0.091275
2.60938 -0.0895824

0.625 -0.0581013
0.640625 -0.0576954

0.640625 -0.0577919
0.65625 -0.0565863

0.65625 -0.056321
0.671875 -0.0546531

0.671875 -0.0543919
0.6875 -0.0533145

0.6875 -0.0534188
0.703125 -0.0532454

0.703125 -0.053475
0.71875 -0.0535379

0.71875 -0.0536706
0.734375 -0.053245

2.60938 -0.0895562
2.625 -0.0878587

2.625 -0.0878676
2.64062 -0.0861997

2.64062 -0.086174
2.65625 -0.0845694

2.65625 -0.0845433
2.67188 -0.0831058

2.67188 -0.0830974
2.6875 -0.0818962

-2.875 0.299326
-2.85938 0.299326

2.6875 -0.081918
2.70312 -0.0809263

-0.15625 0.0233527
-0.140625 0.0244465

-0.140625 0.0250571
-0.125 0.0250586

2.70312 -0.0809383
2.71875 -0.0800886

2.71875 -0.0801496
2.73438 -0.0792958

2.73438 -0.0793846
2.75 -0.0782272

0.734375 -0.0530564
0.75 -0.0522543

-2.5 -0.0739888
-2.48438 -0.0689813

-2.48438 -0.0686177
-2.46875 -0.0644731

2.75 -0.0783817
2.75213 -0.078125

2.75182 -0.078125
2.76562 -0.076462

2.76562 -0.0767261
2.78125 -0.0733567

0.75 -0.0519296
0.765625 -0.0517776

0.765625 -0.0517799
0.78125 -0.0529228

-2.46875 -0.0642623
-2.45578 -0.0625

0.78125 -0.053239
0.796875 -0.0550398

-0.125 0.0246139
-0.109375 0.0231913

0.796875 -0.0552707
0.8125 -0.0566353

-0.109375 0.0231186
-0.09375 0.0213067

2.78125 -0.0734388
2.79688 -0.0678992

2.79688 -0.0671437
2.8091 -0.0625

2.8071 -0.0625
2.8125 -0.0604495

0.8125 -0.0566326
0.828125 -0.0571042

0.828125 -0.0570624
0.84375 -0.0567299

-0.078125 0.0124162
-0.0855233 0.015625

-0.09375 0.0242367
-0.078125 0.0178404

-0.078125 0.0138085
-0.0625 0.00425505

2.8125 -0.0606267
2.82812 -0.056967

2.82812 -0.057286
2.84375 -0.0559996

0.84375 -0.0567151
0.859375 -0.0556917

0.859375 -0.0556469
0.875 -0.0540515

-0.078125 0.0185571
-0.0739863 0.015625

-0.0625 0.00414444
-0.0520701 0

-2.45597 -0.0625
-2.45312 -0.0621127

-2.45312 -0.0623378
-2.4375 -0.062258

-2.4375 -0.0627035
-2.42188 -0.0633941

-2.42188 -0.063872
-2.40625 -0.0634861

-2.40625 -0.0639757
-2.39874 -0.0625

2.84375 -0.0563576
2.85938 -0.0560905

-2.4375 -0.0623691
-2.43454 -0.0625

2.85938 -0.0563565
2.875 -0.055861

-2.40031 -0.0625
-2.39062 -0.0605966

2.99987 -0.25
3 -0.220164

-2.39062 -0.0604658
-2.375 -0.0546129

2.875 -0.0558651
2.89062 -0.0546009

-2.375 -0.0557116
-2.36136 -0.046875

-2.3622 -0.046875
-2.35938 -0.0449623

-2.35938 -0.0435327
-2.344 -0.03125

-2.34408 -0.03125
-2.34375 -0.0309961

2.89062 -0.0544238
2.90625 -0.0527369

2.90625 -0.0523815
2.92188 -0.0513366

2.92188 -0.051366
2.9375 -0.0516152

0.875 -0.0539627
0.890625 -0.0520622

0.890625 -0.0519779
0.90625 -0.0501185

0.90625 -0.0500913
0.921875 -0.048496

3 -0.0938449
2.99919 -0.09375

0.921875 -0.0485056
0.9375 -0.0472097

-2.34375 -0.0297084
-2.32812 -0.0214827

-2.32812 -0.0222625
-2.3125 -0.0194162

2.98438 -0.0903441
2.97205 -0.078125

2.97732 -0.078125
2.98195 -0.0625

0.9375 -0.0472239
0.942661 -0.046875

2.98438 -0.0850334
3 -0.0805453

2.98438 -0.0666417
3 -0.0735332

2.9375 -0.0521639
2.95312 -0.0525512

0.942798 -0.046875
0.953125 -0.046177

0.953125 -0.0461613
0.96875 -0.0453297

0.96875 -0.0453264
0.984375 -0.0447514

2.95312 -0.054328
2.96875 -0.0502021

2.96875 -0.0487182
2.9711 -0.046875

2.971 -0.046875
2.98303 -0.03125

0.984375 -0.044787
1 -0.0444044

2.98438 -0.0554345
2.99832 -0.0625

2.98438 -0.0364495
2.98637 -0.03125

2.9826 -0.03125
2.98438 -0.0246339

2.98438 -0.0161017
2.9845 -0.015625

2.98485 -0.015625
2.98658 0

-2.3125 -0.0200019
-2.29688 -0.0198036

-2.29688 -0.0201173
-2.28125 -0.0207682

-2.28125 -0.0207729
-2.26562 -0.0216363

2.98438 0.0210016
2.98313 0.03125

2.98756 0
2.98735 0.015625

2.98666 0.015625
2.98476 0.03125

2.98405 0.03125
2.98325 0.046875

2.98372 0.046875
2.98369 0.0625

2.98363 0.0625
2.98352 0.078125

2.98358 0.078125
2.98338 0.09375

2.98386 0.09375
2.98116 0.125

2.90625 0.234135
2.9375 0.221594

1 -0.044468
1.01562 -0.0440793

-2.26562 -0.0214648
-2.25 -0.0228743

2.96875 0.142502
2.96204 0.15625

2.96762 0.15625
2.96054 0.171875

2.95429 0.171875
2.95833 0.1875

1.01562 -0.0441187
1.03125 -0.043518

-2.25 -0.0229382
-2.23438 -0.0251091

-2.23438 -0.0256821
-2.21875 -0.0273403

2.97865 0.125
2.97572 0.15625

1.03125 -0.0435258
1.04688 -0.0426184

-2.21875 -0.0285301
-2.20312 -0.0261501

1.04688 -0.0426141
1.0625 -0.041393

2.96875 0.181968
2.98926 0.1875

2.96715 0.1875
2.96875 0.197698

-2.20312 -0.0275998
-2.1875 -0.016087

2.9375 0.219541
2.9582 0.25

1.0625 -0.0413842
1.07812 -0.0398753

-2.18924 -0.015625
-2.1875 -0.0139688

1.07812 -0.0398737
1.09375 -0.0380979

2.96875 0.201011
3 0.193756

1.09375 -0.0380789
1.10938 -0.0360774

2.90625 0.263354
2.90557 0.265625

1.10938 -0.0359984
1.125 -0.0339671

2.89062 0.268041
2.89653 0.28125

2.89828 0.28125
2.90625 0.287146

-2.1875 -0.0163273
-2.18689 -0.015625

2.90625 0.266851
2.9375 0.280814

1.125 -0.0338744
1.14062 -0.0321564

-2.1875 -0.0113068
-2.17561 0

1.14062 -0.0320733
1.15269 -0.03125

2.90625 0.281573
2.9375 0.284464

2.9375 0.283435
2.96203 0.25

1.15313 -0.03125
1.15625 -0.0310371

1.1875 -0.0325388
1.17613 -0.03125

1.15625 -0.0308594
1.17188 -0.0309079

-2.17851 0
-2.17188 0.00519357

-2.17188 0.00369704
-2.15625 0.0107817

3 -0.25009
3.00016 -0.25

1.17188 -0.0307345
1.17642 -0.03125

-2.15625 0.00998213
-2.14062 0.0119615

-2.14062 0.0118745
-2.125 0.0105219

3 -0.228807
3.00008 -0.25

3 -0.0945263
3.00118 -0.09375

1.1875 -0.0326413
1.20312 -0.0362135

3 -0.0909254
3.00643 -0.0625

3 -0.0465667
3.00095 -0.03125

1.20312 -0.0365577
1.21875 -0.0410187

1.21875 -0.0410274
1.23438 -0.0456714

1.25 -0.0503807
1.23773 -0.046875

1.23438 -0.0456221
1.23876 -0.046875

3.0625 -0.00633463
3.04433 0

3.125 -0.00412545
3.10348 0

3.25 -0.00322518
3.22216 0

3.5 -0.00267524
3.43493 0

3.03125 0.0272467
3.02297 0.03125

3.03061 0.03125
3.02531 0.0625

1.29688 -0.0637413
1.29276 -0.0625

1.29688 -0.0636782
1.3125 -0.068394

1.25 -0.0501419
1.26562 -0.0544069

1.26562 -0.0544137
1.28125 -0.0587987

1.28125 -0.0585926
1.2942 -0.0625

3.03125 0.0176592
3.05333 0

3.02666 0.0625
3.02858 0.09375

-2.125 0.00974866
-2.10938 0.00678476

3.03011 0.09375
3.02875 0.125

1.3125 -0.0683537
1.32812 -0.0725983

-2.10938 0.00640063
-2.09375 0.00414019

-2.09375 0.00415119
-2.07812 0.00334048

3.0625 0.0154395
3.09827 0

1.32812 -0.0725772
1.34375 -0.0764732

-2.07812 0.00344147
-2.0625 0.00385652

1.35938 -0.0801667
1.3504 -0.078125

1.34375 -0.0763496
1.35156 -0.078125

1.35938 -0.080112
1.375 -0.083154

-2.0625 0.00384887
-2.04688 0.00530299

-2.04688 0.00546128
-2.03125 0.00765321

3 0.173255
3.03389 0.125

3 0.196533
3.00791 0.1875

3.125 0.0104687
3.19812 0

3.25 0.00471952
3.3627 0

4 -0.0043782
3.63729 0

1.375 -0.0831219
1.39062 -0.0855822

1.39062 -0.0855204
1.40625 -0.0875868

1.40625 -0.0875707
1.42188 -0.0893991

1.42188 -0.0892783
1.4375 -0.0911422

1.45312 -0.0938348
1.45256 -0.09375

1.46875 -0.0960705
1.45358 -0.09375

1.4375 -0.0910488
1.45312 -0.0933734

3.5 0.000596397
3.54941 0

-2.03125 0.00789534
-2.01562 0.0100242

-2.01562 0.0099809
-2 0.0116491

1.45312 -0.0934626
1.455 -0.09375

1.46875 -0.0960289
1.48438 -0.0979546

1.48438 -0.0979378
1.5 -0.0994841

-2 0.0114548
-1.98438 0.0131375

-1.98438 0.0130977
-1.96875 0.015263

-1.96875 0.0152761
-1.96672 0.015625

-1.96676 0.015625
-1.95312 0.0179732

-1.95312 0.0181028
-1.9375 0.0210226

-1.9375 0.0210933
-1.92188 0.0238396

-1.92188 0.0238636
-1.90625 0.0262472

-1.90625 0.0262065
-1.89062 0.0282607

-1.89062 0.0282432
-1.875 0.0300846

-1.875 0.0300809
-1.86414 0.03125

-1.86397 0.03125
-1.85938 0.0317445

-1.85938 0.0317346
-1.84375 0.0333213

-1.84375 0.0332762
-1.82812 0.0349034

-1.82812 0.0348695
-1.8125 0.036695

-1.8125 0.0366854
-1.79688 0.038796

-1.79688 0.0387992
-1.78125 0.0412075

-1.78125 0.0411627
-1.76562 0.0439517

-1.76562 0.0440423
-1.75135 0.046875

-1.7502 0.046875
-1.75 0.0469146

-1.75 0.0470268
-1.73438 0.0504898

-1.73438 0.0503618
-1.71875 0.0546527

-1.71875 0.0546067
-1.70312 0.0600737

-1.70312 0.0601554
-1.69717 0.0625

-1.69799 0.0625
-1.6875 0.066633

-1.6875 0.0665397
-1.67188 0.0727542

-1.67188 0.0729425
-1.65803 0.078125

-1.6581 0.078125
-1.65625 0.0788188

-1.65625 0.0788693
-1.64062 0.0838226

-1.64062 0.0835443
-1.625 0.0880096

-1.625 0.0875217
-1.60938 0.0930317

-1.60938 0.0929379
-1.60775 0.09375

-1.60747 0.09375
-1.59375 0.100786

-1.59375 0.100339
-1.58181 0.109375

-1.58194 0.109375
-1.57812 0.11251

-1.57812 0.113361
-1.56589 0.125

-1.56602 0.125
-1.5625 0.128486

-1.5625 0.129088
-1.54998 0.140625

-1.55003 0.140625
-1.54688 0.143384

-1.54688 0.143922
-1.53125 0.155362

-1.53125 0.155814
-1.53006 0.15625

-1.53125 0.156324
-1.51562 0.162035

-1.51562 0.161219
-1.5 0.160909

-1.5 0.159557
-1.48438 0.157542

-1.48438 0.157537
-1.46875 0.156533

-1.45312 0.156077
-1.45582 0.15625

-1.45312 0.156068
-1.4375 0.15398

-1.46875 0.157036
-1.45653 0.15625

-1.4375 0.153829
-1.42188 0.150907

-1.42188 0.150808
-1.40625 0.14755

-1.40625 0.147452
-1.39062 0.144252

-1.39062 0.144033
-1.375 0.141525

-1.35938 0.140264
-1.36439 0.140625

-1.375 0.141404
-1.36418 0.140625

-1.35938 0.140541
-1.34375 0.140515

-1.32812 0.140606
-1.32922 0.140625

-1.34375 0.14092
-1.32812 0.140652

-1.3125 0.139278
-1.32723 0.140625

-1.32812 0.140695
-1.32736 0.140625

-1.3125 0.139052
-1.29688 0.136802

-1.29688 0.136702
-1.28125 0.134278

-1.28125 0.134342
-1.26562 0.131815

-1.26562 0.13192
-1.25 0.128952

-1.21875 0.122251
-1.23332 0.125

-1.21875 0.122289
-1.20312 0.120204

-1.20312 0.120364
-1.1875 0.118756

-1.1875 0.118852
-1.17188 0.117207

-1.17188 0.117206
-1.15625 0.115334

-1.15625 0.115325
-1.14062 0.113246

-1.14062 0.11324
-1.125 0.110983

-1.25 0.128818
-1.23438 0.125464

-1.23438 0.12526
-1.233 0.125

-1.10938 0.108587
-1.1145 0.109375

-1.125 0.110963
-1.11468 0.109375

-1.10938 0.108546
-1.09375 0.106059

-1.09375 0.105878
-1.07812 0.103712

-1.07812 0.10343
-1.0625 0.102513

-1.0625 0.102539
-1.04688 0.103384

-1.04688 0.104284
-1.03125 0.10504

-1.03125 0.105275
-1.01562 0.103671

-1.01562 0.103249
-1 0.0996595

