0 0 12.0000 -3.7500 3.7500 0.0000 0.0000
109 0.0989949 12.0000 -3.7500 3.7500 -0.0002 0.0000
208 0.19799 12.0000 -3.7500 3.7500 -0.0007 0.0001
307 0.296985 12.0000 -3.7500 3.7500 -0.0017 0.0002
406 0.39598 12.0000 -3.7500 3.7500 -0.0032 0.0004
505 0.494975 12.0000 -3.7500 3.7500 -0.0051 0.0006
604 0.59397 12.0000 -3.7500 3.7500 -0.0074 0.0009
703 0.692965 12.0000 -3.7500 3.7500 -0.0102 0.0013
802 0.79196 12.0000 -3.7500 3.7500 -0.0135 0.0017
901 0.890955 12.0000 -3.7500 3.7500 -0.0173 0.0023
1000 0.989949 12.0000 -3.7500 3.7500 -0.0214 0.0037
1099 1.08894 12.0000 -3.7500 3.7500 -0.0259 0.0059
1198 1.18794 12.0000 -3.7500 3.7500 -0.0308 0.0087
1297 1.28693 12.0000 -3.7500 3.7500 -0.0362 0.0121
1396 1.38593 12.0000 -3.7500 3.7500 -0.0417 0.0161
1495 1.48492 12.0000 -3.7500 3.7500 -0.0477 0.0207
1594 1.58392 12.0000 -3.7500 3.7500 -0.0538 0.0258
1693 1.68291 12.0000 -3.7500 3.7500 -0.0600 0.0315
1792 1.78191 12.0000 -3.7500 3.7500 -0.0663 0.0379
1891 1.8809 12.0000 -3.7500 3.7500 -0.0735 0.0449
1990 1.9799 12.0000 -3.7500 3.7500 -0.0811 0.0525
2089 2.07889 12.0000 -3.7500 3.7500 -0.0886 0.0607
2188 2.17789 12.0000 -3.7500 3.7500 -0.0966 0.0696
2287 2.27688 12.0000 -3.7500 3.7500 -0.1047 0.0789
2386 2.37588 12.0000 -3.7500 3.7500 -0.1130 0.0887
2485 2.47487 12.0000 -3.7500 3.7500 -0.1215 0.0992
2584 2.57387 12.0000 -3.7500 3.7500 -0.1305 0.1113
2683 2.67286 12.0000 -3.7500 3.7500 -0.1396 0.1246
2782 2.77186 12.0000 -3.7500 3.7500 -0.1486 0.1388
2881 2.87085 12.0000 -3.7500 3.7500 -0.1569 0.1538
2980 2.96985 12.0000 -3.7500 3.7500 -0.1649 0.1689
3079 3.06884 12.0000 -3.7500 3.7500 -0.1731 0.1829
3178 3.16784 12.0000 -3.7500 3.7500 -0.1811 0.1972
3277 3.26683 12.0000 -3.7500 3.7500 -0.1886 0.2112
3376 3.36583 12.0000 -3.7500 3.7500 -0.1960 0.2260
3475 3.46482 12.0000 -3.7500 3.7500 -0.2037 0.2406
3574 3.56382 12.0000 -3.7500 3.7500 -0.2112 0.2551
3673 3.66281 12.0000 -3.7500 3.7500 -0.2180 0.2693
3772 3.76181 12.0000 -3.7500 3.7500 -0.2248 0.2832
3871 3.8608 12.0000 -3.7500 3.7500 -0.2319 0.2969
3970 3.9598 12.0000 -3.7500 3.7500 -0.2389 0.3100
4069 4.05879 12.0000 -3.7500 3.7500 -0.2455 0.3224
4168 4.15779 12.0000 -3.7500 3.7500 -0.2517 0.3337
4267 4.25678 12.0000 -3.7500 3.7500 -0.2578 0.3440
4366 4.35578 12.0000 -3.7500 3.7500 -0.2636 0.3534
4465 4.45477 12.0000 -3.7500 3.7500 -0.2692 0.3618
4564 4.55377 12.0000 -3.7500 3.7500 -0.2745 0.3692
4663 4.65276 12.0000 -3.7500 3.7500 -0.2795 0.3757
4762 4.75176 12.0000 -3.7500 3.7500 -0.2839 0.3813
4861 4.85075 12.0000 -3.7500 3.7500 -0.2882 0.3862
4960 4.94975 12.0000 -3.7500 3.7500 -0.2920 0.3903
5059 5.04874 12.0000 -3.7500 3.7500 -0.2953 0.3937
5158 5.14774 12.0000 -3.7500 3.7500 -0.2983 0.3964
5257 5.24673 12.0000 -3.7500 3.7500 -0.3009 0.3983
5356 5.34573 12.0000 -3.7500 3.7500 -0.3031 0.3995
5455 5.44472 12.0000 -3.7500 3.7500 -0.3052 0.3999
5554 5.54372 12.0000 -3.7500 3.7500 -0.3067 0.3996
5653 5.64271 12.0000 -3.7500 3.7500 -0.3075 0.3985
5752 5.74171 12.0000 -3.7500 3.7500 -0.3079 0.3967
5851 5.8407 12.0000 -3.7500 3.7500 -0.3081 0.3941
5950 5.9397 12.0000 -3.7500 3.7500 -0.3079 0.3908
6049 6.03869 12.0000 -3.7500 3.7500 -0.3071 0.3862
6148 6.13769 12.0000 -3.7500 3.7500 -0.3059 0.3817
6247 6.23668 12.0000 -3.7500 3.7500 -0.3045 0.3766
6346 6.33568 12.0000 -3.7500 3.7500 -0.3020 0.3701
6445 6.43467 12.0000 -3.7500 3.7500 -0.2984 0.3626
6544 6.53367 12.0000 -3.7500 3.7500 -0.2955 0.3553
6643 6.63266 12.0000 -3.7500 3.7500 -0.2917 0.3463
6742 6.73166 12.0000 -3.7500 3.7500 -0.2868 0.3375
6841 6.83065 12.0000 -3.7500 3.7500 -0.2833 0.3274
6940 6.92965 12.0000 -3.7500 3.7500 -0.2770 0.3169
7039 7.02864 12.0000 -3.7500 3.7500 -0.2686 0.3057
7138 7.12764 12.0000 -3.7500 3.7500 -0.2622 0.2938
7237 7.22663 12.0000 -3.7500 3.7500 -0.2504 0.2814
7336 7.32563 12.0000 -3.7500 3.7500 -0.2435 0.2683
7435 7.42462 12.0000 -3.7500 3.7500 -0.2310 0.2547
7534 7.52362 12.0000 -3.7500 3.7500 -0.2208 0.2507
7633 7.62261 12.0000 -3.7500 3.7500 -0.2180 0.2509
7732 7.72161 12.0000 -3.7500 3.7500 -0.2028 0.2510
7831 7.8206 12.0000 -3.7500 3.7500 -0.1890 0.2511
7930 7.9196 12.0000 -3.7500 3.7500 -0.1743 0.2511
8029 8.01859 12.0000 -3.7500 3.7500 -0.1722 0.2510
8128 8.11759 12.0000 -3.7500 3.7500 -0.1733 0.2509
8227 8.21658 12.0000 -3.7500 3.7500 -0.1725 0.2508
8326 8.31558 12.0000 -3.7500 3.7500 -0.1723 0.2508
8425 8.41457 12.0000 -3.7500 3.7500 -0.1723 0.2507
8524 8.51357 12.0000 -3.7500 3.7500 -0.1722 0.2506
8623 8.61256 12.0000 -3.7500 3.7500 -0.1722 0.2505
8722 8.71156 12.0000 -3.7500 3.7500 -0.1722 0.2505
8821 8.81055 12.0000 -3.7500 3.7500 -0.1722 0.2504
8920 8.90955 12.0000 -3.7500 3.7500 -0.1875 0.2504
9019 9.00854 12.0000 -3.7500 3.7500 -0.1875 0.2503
9118 9.10754 12.0000 -3.7500 3.7500 -0.1875 0.2503
9217 9.20653 12.0000 -3.7500 3.7500 -0.1875 0.2503
9316 9.30553 12.0000 -3.7500 3.7500 -0.1875 0.2502
9415 9.40452 12.0000 -3.7500 3.7500 -0.1875 0.2799
9514 9.50352 12.0000 -3.7500 3.7500 -0.1875 0.3210
9613 9.60251 12.0000 -3.7500 3.7500 -0.1875 0.3667
9712 9.70151 12.0000 -3.7500 3.7500 -0.1875 0.4192
9811 9.8005 12.0000 -3.7500 3.7500 -0.1876 0.4709
9910 9.89949 12.0000 -3.7500 3.7500 -0.1876 0.5128
10009 9.99849 12.0000 -3.7500 3.7500 -0.1930 0.5465
10108 10.0975 12.0000 -3.7500 3.7500 -0.2009 0.5786
10207 10.1965 12.0000 -3.7500 3.7500 -0.2086 0.6121
10306 10.2955 12.0000 -3.7500 3.7500 -0.2167 0.6441
10405 10.3945 12.0000 -3.7500 3.7500 -0.2251 0.6730
10504 10.4935 12.0000 -3.7500 3.7500 -0.2334 0.6982
10603 10.5925 12.0000 -3.7500 3.7500 -0.2412 0.7186
10702 10.6915 12.0000 -3.7500 3.7500 -0.2485 0.7330
10801 10.7904 12.0000 -3.7500 3.7500 -0.2558 0.7505
10900 10.8894 12.0000 -3.7500 3.7500 -0.2628 0.7657
10999 10.9884 12.0000 -3.7500 3.7500 -0.2691 0.7758
11098 11.0874 12.0000 -3.7500 3.7500 -0.2748 0.7806
11197 11.1864 12.0000 -3.7500 3.7500 -0.2800 0.7856
11296 11.2854 12.0000 -3.7500 3.7500 -0.2850 0.7883
11395 11.3844 12.0000 -3.7500 3.7500 -0.2896 0.7911
11494 11.4834 12.0000 -3.7500 3.7500 -0.2938 0.7932
11593 11.5824 12.0000 -3.7500 3.7500 -0.2974 0.7938
11692 11.6814 12.0000 -3.7500 3.7500 -0.3003 0.7932
11791 11.7804 12.0000 -3.7500 3.7500 -0.3028 0.7915
11890 11.8794 12.0000 -3.7500 3.7500 -0.3049 0.7882
11989 11.9784 11.9957 -3.7500 3.7500 -0.3066 0.7871
12088 12.0774 11.9925 -3.7500 3.7500 -0.3080 0.7858
12187 12.1764 11.9855 -3.7500 3.7500 -0.3088 0.7840
12286 12.2754 11.9759 -3.7500 3.7500 -0.3094 0.7781
12385 12.3744 11.9729 -3.7500 3.7500 -0.3094 0.7757
12484 12.4734 11.9679 -3.7500 3.7500 -0.3090 0.7717
12583 12.5724 11.9606 -3.7500 3.7500 -0.3082 0.7631
12682 12.6714 11.9523 -3.7500 3.7500 -0.3071 0.7188
12781 12.7703 11.9506 -3.7500 3.7500 -0.3057 0.6957
12880 12.8693 11.9478 -3.7500 3.7500 -0.3032 0.6875
12979 12.9683 11.9478 -3.7500 3.7500 -0.2995 0.6875
13078 13.0673 11.9478 -3.7500 3.7500 -0.2943 0.6875
13177 13.1663 11.9478 -3.7500 3.7500 -0.2907 0.6875
13276 13.2653 11.9478 -3.7500 3.7500 -0.2873 0.6875
13375 13.3643 11.9478 -3.7500 3.7500 -0.2835 0.7656
13474 13.4633 11.9478 -3.7500 3.7500 -0.2788 0.8984
13573 13.5623 11.9478 -3.7500 3.7500 -0.2722 0.8750
13672 13.6613 11.9478 -3.7500 3.7500 -0.2664 0.9688
13771 13.7603 11.9478 -3.7500 3.7500 -0.2594 0.9609
13870 13.8593 11.9472 -3.7500 3.7500 -0.2501 1.0938
13969 13.9583 11.9472 -3.7500 3.7500 -0.2500 0.9297
14068 14.0573 11.9472 -3.7500 3.7500 -0.2500 0.9297
14167 14.1563 11.9472 -3.7500 3.7500 -0.2500 0.9297
14266 14.2553 11.9472 -3.7500 3.7500 -0.2500 0.9297
14365 14.3543 11.9472 -3.7500 3.7500 -0.2500 0.9297
14464 14.4533 11.9472 -3.7500 3.7500 -0.2500 0.9297
14563 14.5523 11.9472 -3.7500 3.7500 -0.2501 0.9297
14662 14.6513 11.9472 -3.7500 3.7500 -0.2501 0.9297
14761 14.7502 11.9472 -3.7500 3.7500 -0.2501 0.9297
14860 14.8492 11.9472 -3.7500 3.7500 -0.2501 0.9297
14959 14.9482 11.9472 -3.7500 3.7500 -0.2501 0.9297
15058 15.0472 11.9472 -3.7500 3.7500 -0.2501 0.9297
15157 15.1462 11.9472 -3.7500 3.7500 -0.2501 0.9297
15256 15.2452 11.9472 -3.7500 3.7500 -0.2501 0.9297
15355 15.3442 11.9460 -3.7500 3.7500 -0.2501 0.9297
15454 15.4432 11.9460 -3.7500 3.7500 -0.2501 0.9297
15553 15.5422 11.9460 -3.7500 3.7500 -0.2501 0.9297
15652 15.6412 11.9460 -3.7500 3.7500 -0.2501 0.9297
15751 15.7402 11.9460 -3.7500 3.7500 -0.2501 0.9297
15850 15.8392 11.9458 -3.7500 3.7500 -0.2501 0.9297
15949 15.9382 11.9458 -3.7500 3.7500 -0.2813 0.9297
16048 16.0372 11.9458 -3.7500 3.7500 -0.2813 0.9297
16147 16.1362 11.9458 -3.7500 3.7500 -0.2813 0.9688
16246 16.2352 11.9458 -3.7500 3.7500 -0.2969 0.9688
16345 16.3342 11.9452 -3.7500 3.7500 -0.2998 0.9688
16444 16.4332 11.9449 -3.7500 3.7500 -0.3123 0.9688
16543 16.5322 11.9449 -3.7500 3.7500 -0.3233 0.9297
16642 16.6312 11.9442 -3.7500 3.7500 -0.3321 1.0000
16741 16.7301 11.9430 -3.7500 3.7500 -0.3399 0.9766
16840 16.8291 11.9373 -3.7500 3.7500 -0.3468 0.9766
16939 16.9281 11.9350 -3.7500 3.7500 -0.3528 0.9766
17038 17.0271 11.9212 -3.7500 3.7500 -0.3575 0.9766
17137 17.1261 11.9212 -3.7500 3.7500 -0.3611 0.9766
17236 17.2251 11.9194 -3.7500 3.7500 -0.3643 0.9766
17335 17.3241 11.9135 -3.7500 3.7500 -0.3668 0.9766
17434 17.4231 11.9135 -3.7500 3.7500 -0.3690 0.9766
17533 17.5221 11.9110 -3.7500 3.7500 -0.3708 0.9766
17632 17.6211 11.9110 -3.7500 3.7500 -0.3715 0.9766
17731 17.7201 11.9110 -3.7500 3.7500 -0.3705 0.9766
17830 17.8191 11.9102 -3.7500 3.7500 -0.3709 0.9766
17929 17.9181 11.9102 -3.7500 3.7500 -0.3706 0.9766
18028 18.0171 11.9078 -3.7500 3.7500 -0.3704 0.9766
18127 18.1161 11.9077 -3.7500 3.7500 -0.3696 0.9766
18226 18.2151 11.9077 -3.7500 3.7500 -0.3679 0.9766
18325 18.3141 11.9074 -3.7500 3.7500 -0.3642 0.9766
18424 18.4131 11.9074 -3.7500 3.7500 -0.3595 0.9766
18523 18.5121 11.9029 -3.7500 3.7500 -0.3549 0.9766
18622 18.6111 11.9017 -3.7500 3.7500 -0.3482 0.9766
18721 18.71 11.9007 -3.7500 3.7500 -0.3410 0.9766
18820 18.809 11.9007 -3.7500 3.7500 -0.3337 0.9766
18919 18.908 11.8952 -3.7500 3.7500 -0.3197 0.9766
19018 19.007 11.8952 -3.7500 3.7500 -0.3069 0.9766
19117 19.106 11.8950 -3.7500 3.7500 -0.3765 0.9766
19216 19.205 11.8942 -3.7500 3.7500 -0.4691 0.9766
19315 19.304 11.8939 -3.7500 3.7500 -0.5489 0.9766
19414 19.403 11.8932 -3.7500 3.7500 -0.6257 0.9766
19513 19.502 11.8932 -3.7500 3.7500 -0.7032 0.9766
19612 19.601 11.8932 -3.7500 3.7500 -0.7660 0.9766
19711 19.7 11.8932 -3.7500 3.7500 -0.8137 0.9766
19810 19.799 11.8907 -3.7500 3.7500 -0.8600 0.9766
19909 19.898 11.8907 -3.7500 3.7500 -0.9085 0.9766
20008 19.997 11.8907 -3.7500 3.7500 -0.9453 0.9766
20107 20.096 11.8907 -3.7500 3.7500 -0.9532 0.9766
20206 20.195 11.8907 -3.7500 3.7500 -0.9532 0.9766
20305 20.294 11.8880 -3.7500 3.7500 -0.9532 0.9766
20404 20.393 11.8874 -3.7500 3.7500 -0.9532 0.9766
20503 20.492 11.8874 -3.7500 3.7500 -0.9532 0.9766
20602 20.5909 11.8874 -3.7500 3.7500 -0.9532 0.9766
20701 20.6899 11.8869 -3.7500 3.7500 -0.9532 0.9766
20800 20.7889 11.8869 -3.7500 3.7500 -0.9532 0.9766
20899 20.8879 11.8869 -3.7500 3.7500 -0.9531 0.9766
20998 20.9869 11.8863 -3.7500 3.7500 -0.9531 0.9766
21097 21.0859 11.8863 -3.7500 3.7500 -0.9531 0.9766
21196 21.1849 11.8863 -3.7500 3.7500 -0.9531 0.9766
21295 21.2839 11.8858 -3.7500 3.7500 -0.9531 0.9766
21394 21.3829 11.8858 -3.7500 3.7500 -0.9531 0.9766
21493 21.4819 11.8858 -3.7500 3.7500 -0.9531 0.9766
21592 21.5809 11.8853 -3.7500 3.7500 -0.9531 0.9766
21691 21.6799 11.8853 -3.7500 3.7500 -0.9531 0.9766
21790 21.7789 11.8853 -3.7500 3.7500 -0.9531 0.9766
21889 21.8779 11.8850 -3.7500 3.7500 -0.9531 0.9766
21988 21.9769 11.8850 -3.7500 3.7500 -0.9531 0.9766
22087 22.0759 11.8850 -3.7500 3.7500 -0.9531 0.9766
22186 22.1749 11.8850 -3.7500 3.7500 -0.9531 0.9766
22285 22.2739 11.8850 -3.7500 3.7500 -0.9531 0.9766
22384 22.3729 11.8850 -3.7500 3.7500 -0.9531 0.9766
22483 22.4719 11.8850 -3.7500 3.7500 -0.9688 0.9766
22582 22.5708 11.8850 -3.7500 3.7500 -0.9688 0.9766
22681 22.6698 11.8850 -3.7500 3.7500 -0.9688 0.9766
22780 22.7688 11.8850 -3.7500 3.7500 -0.9688 0.9766
22879 22.8678 11.8841 -3.7500 3.7500 -0.9688 0.9766
22978 22.9668 11.8841 -3.7500 3.7500 -0.9688 0.9766
23077 23.0658 11.8840 -3.7500 3.7500 -0.9688 0.9766
23176 23.1648 11.8840 -3.7500 3.7500 -0.9688 1.0312
23275 23.2638 11.8840 -3.7500 3.7500 -0.9688 0.9766
23374 23.3628 11.8840 -3.7500 3.7500 -0.9688 0.9766
23473 23.4618 11.8808 -3.7500 3.7500 -0.9688 0.9766
23572 23.5608 11.8788 -3.7500 3.7500 -0.9688 0.9766
23671 23.6598 11.8788 -3.7500 3.7500 -0.9688 0.9766
23770 23.7588 11.8774 -3.7500 3.7500 -0.9688 0.9766
23869 23.8578 11.8774 -3.7500 3.7500 -0.9688 0.9766
23968 23.9568 11.8774 -3.7500 3.7500 -0.9688 0.9766
24067 24.0558 11.8774 -3.7500 3.7500 -0.9688 0.9766
24166 24.1548 11.8774 -3.7500 3.7500 -0.9688 0.9766
24265 24.2538 11.8774 -3.7500 3.7500 -0.9688 0.9844
24364 24.3528 11.8769 -3.7500 3.7500 -0.9688 0.9844
24463 24.4518 11.8769 -3.7500 3.7500 -0.9688 0.9844
24562 24.5507 11.8769 -3.7500 3.7500 -0.9688 0.9844
24661 24.6497 11.8769 -3.7500 3.7500 -0.9688 0.9766
24760 24.7487 11.8769 -3.7500 3.7500 -0.9688 0.9766
24859 24.8477 11.8769 -3.7500 3.7500 -0.9688 0.9766
24958 24.9467 11.8769 -3.7500 3.7500 -0.9688 0.9766
25057 25.0457 11.8764 -3.7500 3.7500 -0.9688 0.9766
25156 25.1447 11.8764 -3.7500 3.7500 -0.9688 0.9766
25255 25.2437 11.8764 -3.7500 3.7500 -0.9688 0.9766
25354 25.3427 11.8764 -3.7500 3.7500 -0.9688 0.9766
25453 25.4417 11.8764 -3.7500 3.7500 -1.0000 0.9766
25552 25.5407 11.8764 -3.7500 3.7500 -0.3819 0.9766
25651 25.6397 11.8764 -3.7500 3.7500 -0.3753 0.9766
25750 25.7387 11.8764 -3.7500 3.7500 -0.3672 0.9766
25849 25.8377 11.8764 -3.7500 3.7500 -0.3608 0.9766
25948 25.9367 11.8764 -3.7500 3.7500 -0.3605 0.9766
26047 26.0357 11.8758 -3.7500 3.7500 -0.3598 0.9766
26146 26.1347 11.8758 -3.7500 3.7500 -0.3606 0.9766
26245 26.2337 11.8758 -3.7500 3.7500 -0.3625 0.9766
26344 26.3327 11.8756 -3.7500 3.7500 -0.3599 0.9766
26443 26.4317 11.8756 -3.7500 3.7500 -0.3655 0.9766
26542 26.5306 11.8756 -3.7500 3.7500 -0.3750 0.9766
26641 26.6296 11.8756 -3.7500 3.7500 -0.3750 0.9766
26740 26.7286 11.8756 -3.7500 3.7500 -0.3625 0.9766
26839 26.8276 11.8756 -3.7500 3.7500 -0.3608 0.9766
26938 26.9266 11.8751 -3.7500 3.7500 -0.3594 0.9766
27037 27.0256 11.8751 -3.7500 3.7500 -0.3440 0.9766
27136 27.1246 11.8751 -3.7500 3.7500 -0.3284 0.9766
27235 27.2236 11.8751 -3.7500 3.7500 -0.3672 0.9766
27334 27.3226 11.8751 -3.7500 3.7500 -0.3933 0.9766
27433 27.4216 11.8751 -3.7500 3.7500 -0.3933 0.9766
27532 27.5206 11.8751 -3.7500 3.7500 -0.3933 0.9766
27631 27.6196 11.8751 -3.7500 3.7500 -0.3933 0.9766
27730 27.7186 11.8751 -3.7500 3.7500 -0.3933 0.9766
27829 27.8176 11.8751 -3.7500 3.7500 -0.3933 0.9766
27928 27.9166 11.8751 -3.7500 3.7500 -0.3929 0.9766
28027 28.0156 11.8751 -3.7500 3.7500 -0.3907 0.9766
28126 28.1146 11.8751 -3.7500 3.7500 -0.3618 0.9766
28225 28.2136 11.8751 -3.7500 3.7500 -0.3456 0.9766
28324 28.3126 11.8751 -3.7500 3.7500 -0.3289 0.9766
28423 28.4116 11.8751 -3.7500 3.7500 -0.2975 0.9766
28522 28.5105 11.8751 -3.7500 3.7500 -0.2666 0.9766
28621 28.6095 11.8751 -3.7500 3.7500 -0.2661 0.9766
28720 28.7085 11.8751 -3.7500 3.7500 -0.3128 0.9766
28819 28.8075 11.8751 -3.7500 3.7500 -0.3926 0.9766
28918 28.9065 11.8751 -3.7500 3.7500 -0.3491 0.9766
29017 29.0055 11.8751 -3.7500 3.7500 -0.2516 0.9766
29116 29.1045 11.8751 -3.7500 3.7500 -0.2502 0.9766
29215 29.2035 11.8751 -3.7500 3.7500 -0.2500 0.9766
29314 29.3025 11.8751 -3.7500 3.7500 -0.2345 0.9766
29413 29.4015 11.8751 -3.7500 3.7500 -0.2188 0.9766
29512 29.5005 11.8751 -3.7500 3.7500 -0.2188 0.9766
29611 29.5995 11.8751 -3.7500 3.7500 -0.2188 0.9766
29710 29.6985 11.8751 -3.7500 3.7500 -0.2188 0.9766
29809 29.7975 11.8751 -3.7500 3.7500 -0.2188 0.9766
29908 29.8965 11.8751 -3.7500 3.7500 -0.2188 0.9766
30007 29.9955 11.8751 -3.7500 3.7500 -0.2500 0.9766
30106 30.0945 11.8751 -3.7500 3.7500 -0.2500 0.9766
30205 30.1935 11.8751 -3.7500 3.7500 -0.2500 0.9766
30304 30.2925 11.8751 -3.7500 3.7500 -0.2500 0.9766
30403 30.3914 11.8751 -3.7500 3.7500 -0.2500 0.9766
30502 30.4904 11.8751 -3.7500 3.7500 -0.2500 0.9766
30601 30.5894 11.8751 -3.7500 3.7500 -0.2500 0.9766
30700 30.6884 11.8751 -3.7500 3.7500 -0.2500 0.9766
30799 30.7874 11.8751 -3.7500 3.7500 -0.2500 0.9766
30898 30.8864 11.8749 -3.7500 3.7500 -0.2500 0.9766
30997 30.9854 11.8745 -3.7500 3.7500 -0.2500 0.9766
31096 31.0844 11.8745 -3.7500 3.7500 -0.2500 0.9766
31195 31.1834 11.8745 -3.7500 3.7500 -0.2500 0.9766
31294 31.2824 11.8745 -3.7500 3.7500 -0.2500 0.9766
31393 31.3814 11.8745 -3.7500 3.7500 -0.2500 0.9766
31492 31.4804 11.8745 -3.7500 3.7500 -0.2500 0.9766
31591 31.5794 11.8745 -3.7500 3.7500 -0.2500 0.9766
31690 31.6784 11.8745 -3.7500 3.7500 -0.2500 0.9766
31789 31.7774 11.8745 -3.7500 3.7500 -0.2500 0.9766
31888 31.8764 11.8745 -3.7500 3.7500 -0.2500 0.9766
31987 31.9754 11.8745 -3.7500 3.7500 -0.2500 0.9766
32086 32.0744 11.8745 -3.7500 3.7500 -0.2500 0.9766
32185 32.1734 11.8745 -3.7500 3.7500 -0.2500 0.9766
32284 32.2724 11.8745 -3.7500 3.7500 -0.2500 0.9766
32383 32.3713 11.8745 -3.7500 3.7500 -0.2500 0.9766
32482 32.4703 11.8745 -3.7500 3.7500 -0.2500 0.9766
32581 32.5693 11.8745 -3.7500 3.7500 -0.2500 0.9766
32680 32.6683 11.8741 -3.7500 3.7500 -0.2500 0.9766
32779 32.7673 11.8741 -3.7500 3.7500 -0.2500 0.9766
32878 32.8663 11.8741 -3.7500 3.7500 -0.2500 0.9766
32977 32.9653 11.8741 -3.7500 3.7500 -0.2500 0.9766
33076 33.0643 11.8738 -3.7500 3.7500 -0.2269 0.9766
33175 33.1633 11.8738 -3.7500 3.7500 -0.2255 0.9766
33274 33.2623 11.8738 -3.7500 3.7500 -0.2224 0.9766
33373 33.3613 11.8738 -3.7500 3.7500 -0.2199 0.9766
33472 33.4603 11.8738 -3.7500 3.7500 -0.2199 0.9766
33571 33.5593 11.8738 -3.7500 3.7500 -0.2199 0.9766
33670 33.6583 11.8738 -3.7500 3.7500 -0.2199 0.9766
33769 33.7573 11.8738 -3.7500 3.7500 -0.2199 0.9766
33868 33.8563 11.8738 -3.7500 3.7500 -0.2196 0.9766
33967 33.9553 11.8738 -3.7500 3.7500 -0.2188 0.9766
34066 34.0543 11.8738 -3.7500 3.7500 -0.2188 0.9766
34165 34.1533 11.8738 -3.7500 3.7500 -0.2188 0.9766
34264 34.2523 11.8738 -3.7500 3.7500 -0.2188 0.9766
34363 34.3512 11.8738 -3.7500 3.7500 -0.2188 0.9766
34462 34.4502 11.8738 -3.7500 3.7500 -0.2191 0.9766
34561 34.5492 11.8738 -3.7500 3.7500 -0.2192 0.9766
34660 34.6482 11.8738 -3.7500 3.7500 -0.2193 0.9766
34759 34.7472 11.8738 -3.7500 3.7500 -0.2194 0.9766
34858 34.8462 11.8738 -3.7500 3.7500 -0.2194 0.9766
34957 34.9452 11.8738 -3.7500 3.7500 -0.2194 0.9766
35056 35.0442 11.8738 -3.7500 3.7500 -0.2195 0.9766
35155 35.1432 11.8738 -3.7500 3.7500 -0.2196 0.9766
35254 35.2422 11.8738 -3.7500 3.7500 -0.2224 0.9766
35353 35.3412 11.8738 -3.7500 3.7500 -0.2308 0.9766
35452 35.4402 11.8738 -3.7500 3.7500 -0.2377 0.9766
35551 35.5392 11.8738 -3.7500 3.7500 -0.2441 0.9766
35650 35.6382 11.8738 -3.7500 3.7500 -0.2498 0.9766
35749 35.7372 11.8738 -3.7500 3.7500 -0.2551 0.9766
35848 35.8362 11.8738 -3.7500 3.7500 -0.2609 0.9766
35947 35.9352 11.8738 -3.7500 3.7500 -0.2661 0.9766
36046 36.0342 11.8738 -3.7500 3.7500 -0.2704 0.9766
36145 36.1332 11.8738 -3.7500 3.7500 -0.2738 0.9766
36244 36.2322 11.8738 -3.7500 3.7500 -0.2759 0.9766
36343 36.3311 11.8738 -3.7500 3.7500 -0.2769 0.9766
36442 36.4301 11.8738 -3.7500 3.7500 -0.2774 0.9766
36541 36.5291 11.8738 -3.7500 3.7500 -0.2777 0.9766
36640 36.6281 11.8738 -3.7500 3.7500 -0.2778 0.9766
36739 36.7271 11.8738 -3.7500 3.7500 -0.2773 0.9766
36838 36.8261 11.8738 -3.7500 3.7500 -0.2760 0.9766
36937 36.9251 11.8738 -3.7500 3.7500 -0.2760 0.9766
37036 37.0241 11.8738 -3.7500 3.7500 -0.2745 0.9766
37135 37.1231 11.8738 -3.7500 3.7500 -0.2718 0.9766
37234 37.2221 11.8738 -3.7500 3.7500 -0.2677 0.9766
37333 37.3211 11.8738 -3.7500 3.7500 -0.2611 0.9766
37432 37.4201 11.8738 -3.7500 3.7500 -0.2538 0.9766
37531 37.5191 11.8738 -3.7500 3.7500 -0.2444 0.9766
37630 37.6181 11.8738 -3.7500 3.7500 -0.2377 0.9766
37729 37.7171 11.8738 -3.7500 3.7500 -0.2320 0.9766
37828 37.8161 11.8738 -3.7500 3.7500 -0.2251 0.9766
37927 37.9151 11.8738 -3.7500 3.7500 -0.2199 0.9766
38026 38.0141 11.8738 -3.7500 3.7500 -0.2133 0.9766
38125 38.1131 11.8738 -3.7500 3.7500 -0.2042 0.9766
38224 38.2121 11.8738 -3.7500 3.7500 -0.2001 0.9766
38323 38.311 11.8738 -3.7500 3.7500 -0.1988 0.9766
38422 38.41 11.8738 -3.7500 3.7500 -0.1969 0.9766
38521 38.509 11.8738 -3.7500 3.7500 -0.1953 0.9766
38620 38.608 11.8738 -3.7500 3.7500 -0.1930 0.9766
38719 38.707 11.8738 -3.7500 3.7500 -0.1886 0.9766
38818 38.806 11.8738 -3.7500 3.7500 -0.1822 0.9766
38917 38.905 11.8738 -3.7500 3.7500 -0.1763 0.9766
39016 39.004 11.8738 -3.7500 3.7500 -0.1688 0.9766
39115 39.103 11.8738 -3.7500 3.7500 -0.1564 0.9766
39214 39.202 11.8738 -3.7500 3.7500 -0.1404 0.9766
39313 39.301 11.8738 -3.7500 3.7500 -0.1258 0.9766
39412 39.4 11.8738 -3.7500 3.7500 -0.1250 0.9766
39511 39.499 11.8738 -3.7500 3.7500 -0.1059 0.9766
39610 39.598 11.8738 -3.7500 3.7500 -0.1175 0.9766
39709 39.697 11.8738 -3.7500 3.7500 -0.1287 0.9766
39808 39.796 11.8738 -3.7500 3.7500 -0.1392 0.9766
39907 39.895 11.8738 -3.7500 3.7500 -0.1489 0.9766
40006 39.994 11.8738 -3.7500 3.7500 -0.1584 0.9766
40105 40.093 11.8738 -3.7500 3.7500 -0.1670 0.9766
40204 40.1919 11.8738 -3.7500 3.7500 -0.1750 0.9766
40303 40.2909 11.8738 -3.7500 3.7500 -0.1827 0.9766
40402 40.3899 11.8738 -3.7500 3.7500 -0.1898 0.9766
40501 40.4889 11.8738 -3.7500 3.7500 -0.1962 0.9766
40600 40.5879 11.8738 -3.7500 3.7500 -0.2020 0.9766
40699 40.6869 11.8738 -3.7500 3.7500 -0.2076 0.9766
40798 40.7859 11.8738 -3.7500 3.7500 -0.2127 0.9766
40897 40.8849 11.8738 -3.7500 3.7500 -0.2173 0.9766
40996 40.9839 11.8669 -3.7500 3.7500 -0.2214 0.9766
41095 41.0829 11.8669 -3.7500 3.7500 -0.2251 0.9766
41194 41.1819 11.8669 -3.7500 3.7500 -0.2285 0.9766
41293 41.2809 11.8669 -3.7500 3.7500 -0.2315 0.9766
41392 41.3799 11.8669 -3.7500 3.7500 -0.2341 0.9766
41491 41.4789 11.8669 -3.7500 3.7500 -0.2364 0.9766
41590 41.5779 11.8669 -3.7500 3.7500 -0.2384 0.9766
41689 41.6769 11.8669 -3.7500 3.7500 -0.2402 0.9766
41788 41.7759 11.8669 -3.7500 3.7500 -0.2424 0.9766
41887 41.8749 11.8643 -3.7500 3.7500 -0.2440 0.9766
41986 41.9739 11.8615 -3.7500 3.7500 -0.2452 0.9766
42085 42.0729 11.8615 -3.7500 3.7500 -0.2457 0.9766
42184 42.1718 11.8612 -3.7500 3.7500 -0.2458 0.9766
42283 42.2708 11.8612 -3.7500 3.7500 -0.2453 0.9766
42382 42.3698 11.8555 -3.7500 3.7500 -0.2442 0.9766
42481 42.4688 11.8555 -3.7500 3.7500 -0.2426 0.9766
42580 42.5678 11.8555 -3.7500 3.7500 -0.2408 0.9766
42679 42.6668 11.8551 -3.7500 3.7500 -0.2391 0.9766
42778 42.7658 11.8551 -3.7500 3.7500 -0.2366 0.9766
42877 42.8648 11.8551 -3.7500 3.7500 -0.2333 0.9766
42976 42.9638 11.8550 -3.7500 3.7500 -0.2294 0.9766
43075 43.0628 11.8550 -3.7500 3.7500 -0.2251 0.9766
43174 43.1618 11.8550 -3.7500 3.7500 -0.2203 0.9766
43273 43.2608 11.8550 -3.7500 3.7500 -0.2148 0.9766
43372 43.3598 11.8550 -3.7500 3.7500 -0.2091 0.9766
43471 43.4588 11.8550 -3.7500 3.7500 -0.2028 0.9766
43570 43.5578 11.8535 -3.7500 3.7500 -0.1957 0.9766
43669 43.6568 11.8528 -3.7500 3.7500 -0.1884 0.9766
43768 43.7558 11.8528 -3.7500 3.7500 -0.1804 0.9766
43867 43.8548 11.8522 -3.7500 3.7500 -0.1718 0.9766
43966 43.9538 11.8519 -3.7500 3.7500 -0.1624 0.9766
44065 44.0528 11.8519 -3.7500 3.7500 -0.1522 0.9766
44164 44.1517 11.8519 -3.7500 3.7500 -0.1544 0.9766
44263 44.2507 11.8519 -3.7500 3.7500 -0.1604 0.9766
44362 44.3497 11.8519 -3.7500 3.7500 -0.1584 0.9766
44461 44.4487 11.8519 -3.7500 3.7500 -0.1426 0.9766
44560 44.5477 11.8519 -3.7500 3.7500 -0.1270 0.9766
44659 44.6467 11.8519 -3.7500 3.7500 -0.1062 0.9766
44758 44.7457 11.8519 -3.7500 3.7500 -0.1154 0.9766
44857 44.8447 11.8519 -3.7500 3.7500 -0.1321 0.9766
44956 44.9437 11.8519 -3.7500 3.7500 -0.1505 0.9766
45055 45.0427 11.8514 -3.7500 3.7500 -0.1721 0.9766
45154 45.1417 11.8514 -3.7500 3.7500 -0.1812 0.9766
45253 45.2407 11.8514 -3.7500 3.7500 -0.1919 0.9766
45352 45.3397 11.8514 -3.7500 3.7500 -0.2039 0.9766
45451 45.4387 11.8514 -3.7500 3.7500 -0.2105 0.9766
45550 45.5377 11.8514 -3.7500 3.7500 -0.2238 0.9766
45649 45.6367 11.8514 -3.7500 3.7500 -0.2368 0.9766
45748 45.7357 11.8514 -3.7500 3.7500 -0.2504 0.9766
45847 45.8347 11.8514 -3.7500 3.7500 -0.2543 0.9766
45946 45.9337 11.8514 -3.7500 3.7500 -0.2657 0.9766
46045 46.0327 11.8514 -3.7500 3.7500 -0.2687 0.9766
46144 46.1316 11.8514 -3.7500 3.7500 -0.2743 0.9766
46243 46.2306 11.8514 -3.7500 3.7500 -0.2824 0.9766
46342 46.3296 11.8514 -3.7500 3.7500 -0.2839 0.9766
46441 46.4286 11.8514 -3.7500 3.7500 -0.2834 0.9766
46540 46.5276 11.8514 -3.7500 3.7500 -0.2865 0.9766
46639 46.6266 11.8514 -3.7500 3.7500 -0.2902 0.9766
46738 46.7256 11.8514 -3.7500 3.7500 -0.2969 0.9766
46837 46.8246 11.8514 -3.7500 3.7500 -0.3013 0.9766
46936 46.9236 11.8514 -3.7500 3.7500 -0.3059 0.9766
47035 47.0226 11.8514 -3.7500 3.7500 -0.3131 0.9766
47134 47.1216 11.8514 -3.7500 3.7500 -0.3126 0.9766
47233 47.2206 11.8514 -3.7500 3.7500 -0.3037 0.9766
47332 47.3196 11.8514 -3.7500 3.7500 -0.3005 0.9766
47431 47.4186 11.8514 -3.7500 3.7500 -0.2986 0.9766
47530 47.5176 11.8514 -3.7500 3.7500 -0.2997 0.9766
47629 47.6166 11.8514 -3.7500 3.7500 -0.3004 0.9766
47728 47.7156 11.8514 -3.7500 3.7500 -0.3025 0.9766
47827 47.8146 11.8514 -3.7500 3.7500 -0.3125 0.9766
47926 47.9136 11.8514 -3.7500 3.7500 -0.3126 0.9766
48025 48.0126 11.8514 -3.7500 3.7500 -0.3137 0.9766
48124 48.1115 11.8514 -3.7500 3.7500 -0.3126 0.9766
48223 48.2105 11.8514 -3.7500 3.7500 -0.3283 0.9766
48322 48.3095 11.8514 -3.7500 3.7500 -0.3138 0.9766
48421 48.4085 11.8514 -3.7500 3.7500 -0.3131 0.9766
48520 48.5075 11.8514 -3.7500 3.7500 -0.3142 0.9766
48619 48.6065 11.8514 -3.7500 3.7500 -0.3160 0.9766
48718 48.7055 11.8514 -3.7500 3.7500 -0.3179 0.9766
48817 48.8045 11.8514 -3.7500 3.7500 -0.3192 0.9766
48916 48.9035 11.8514 -3.7500 3.7500 -0.3205 0.9766
49015 49.0025 11.8514 -3.7500 3.7500 -0.3283 0.9766
49114 49.1015 11.8514 -3.7500 3.7500 -0.3290 0.9766
49213 49.2005 11.8514 -3.7500 3.7500 -0.3282 0.9766
49312 49.2995 11.8514 -3.7500 3.7500 -0.3214 0.9766
49411 49.3985 11.8514 -3.7500 3.7500 -0.3233 0.9766
49510 49.4975 11.8514 -3.7500 3.7500 -0.3452 0.9766
