0 0 
0.0989949 0.00306332 
0.19799 0.00408605 
0.296985 0.00716106 
0.39598 0.0107157 
0.494975 0.01463 
0.59397 0.0191311 
0.692965 0.0246282 
0.79196 0.0307199 
0.890955 0.0391956 
0.989949 0.0476885 
1.08894 0.0555998 
1.18794 0.0641802 
1.28693 0.0750761 
1.38593 0.0861589 
1.48492 0.0954871 
1.58392 0.114544 
1.68291 0.125309 
1.78191 0.142111 
1.8809 0.151868 
1.9799 0.164486 
2.07889 0.178406 
2.17789 0.197027 
2.27688 0.208993 
2.37588 0.219715 
2.47487 0.243978 
2.57387 0.264149 
2.67286 0.258702 
2.77186 0.265406 
2.87085 0.25579 
2.96985 0.254806 
3.06884 0.264747 
3.16784 0.28162 
3.26683 0.282836 
3.36583 0.283722 
3.46482 0.289406 
3.56382 0.302247 
3.66281 0.3023 
3.76181 0.30935 
3.8608 0.307911 
3.9598 0.308447 
4.05879 0.308303 
4.15779 0.307548 
4.25678 0.303611 
4.35578 0.299577 
4.45477 0.297859 
4.55377 0.297676 
4.65276 0.305359 
4.75176 0.305219 
4.85075 0.307469 
4.94975 0.324881 
5.04874 0.335257 
5.14774 0.338836 
5.24673 0.348275 
5.34573 0.362041 
5.44472 0.377947 
5.54372 0.400233 
5.64271 0.420286 
5.74171 0.446551 
5.8407 0.463635 
5.9397 0.477838 
6.03869 0.509484 
6.13769 0.525844 
6.23668 0.54891 
6.33568 0.582566 
6.43467 0.57897 
6.53367 0.615616 
6.63266 0.637474 
6.73166 0.628222 
6.83065 0.682734 
6.92965 0.693362 
7.02864 0.679379 
7.12764 0.687388 
7.22663 0.713299 
7.32563 0.731923 
7.42462 0.735303 
7.52362 0.738327 
7.62261 0.735154 
7.72161 0.73292 
7.8206 0.73291 
7.9196 0.744533 
8.01859 0.767516 
8.11759 0.792055 
8.21658 0.795312 
8.31558 0.808934 
8.41457 0.847158 
8.51357 0.867844 
8.61256 0.847218 
8.71156 0.8489 
8.81055 0.849204 
8.90955 0.844294 
9.00854 0.848534 
9.10754 0.884184 
9.20653 0.900125 
9.30553 0.899818 
9.40452 0.879667 
9.50352 0.905519 
9.60251 0.928336 
9.70151 0.967223 
9.8005 0.978599 
9.89949 1.00815 
9.99849 1.03704 
10.0975 1.04515 
10.1965 1.04189 
10.2955 1.02503 
10.3945 0.992435 
10.4935 0.950192 
10.5925 0.888548 
10.6915 0.930273 
10.7904 1.27461 
10.8894 1.37361 
10.9884 1.7089 
11.0874 1.97199 
11.1864 2.19344 
11.2854 2.33135 
11.3844 2.49272 
11.4834 2.64788 
11.5824 2.73457 
11.6814 2.85654 
11.7804 2.93094 
11.8794 3.02835 
11.9784 3.41377 
12.0774 4.6013 
12.1764 3.83831 
12.2754 3.44884 
12.3744 3.68216 
12.4734 3.28235 
12.5724 2.98774 
12.6714 3.28187 
12.7703 3.26929 
12.8693 3.44279 
12.9683 3.50277 
13.0673 3.4317 
13.1663 3.30968 
13.2653 3.46005 
13.3643 3.67228 
13.4633 3.86503 
13.5623 4.17639 
13.6613 4.5213 
13.7603 4.62692 
13.8593 4.30099 
13.9583 3.92799 
14.0573 3.59642 
14.1563 3.53728 
14.2553 3.4192 
14.3543 3.36523 
14.4533 3.38118 
14.5523 3.86948 
14.6513 3.77224 
14.7502 4.0579 
14.8492 3.67677 
14.9482 4.01173 
15.0472 4.18417 
15.1462 4.40452 
15.2452 4.48991 
15.3442 4.29669 
15.4432 3.91254 
15.5422 3.33551 
15.6412 2.77559 
15.7402 2.86093 
15.8392 3.16362 
15.9382 4.3443 
16.0372 4.52545 
16.1362 5.30508 
16.2352 4.82887 
16.3342 5.57966 
16.4332 5.05777 
16.5322 5.32835 
16.6312 4.86919 
16.7301 4.54686 
16.8291 4.10336 
16.9281 4.06112 
17.0271 4.11367 
17.1261 3.72711 
17.2251 4.10611 
17.3241 3.61779 
17.4231 3.60325 
17.5221 3.22878 
17.6211 3.0025 
17.7201 2.78813 
17.8191 2.94958 
17.9181 2.9327 
18.0171 2.9431 
18.1161 3.12297 
18.2151 3.32357 
18.3141 3.41028 
18.4131 3.17779 
18.5121 2.54891 
18.6111 2.44635 
18.71 2.52175 
18.809 2.79811 
18.908 2.87818 
19.007 2.9653 
19.106 3.0002 
19.205 2.72984 
19.304 2.69462 
19.403 2.58219 
19.502 2.63779 
19.601 2.66538 
19.7 2.7041 
19.799 2.76008 
19.898 2.8166 
19.997 2.90655 
20.096 3.36794 
20.195 3.15599 
20.294 3.03038 
20.393 2.79335 
20.492 2.27128 
20.5909 2.23124 
20.6899 2.24088 
20.7889 2.30591 
20.8879 2.41258 
20.9869 2.61751 
21.0859 2.83855 
21.1849 2.8998 
21.2839 2.72248 
21.3829 2.61947 
21.4819 2.66892 
21.5809 2.65429 
21.6799 2.60832 
21.7789 2.64147 
21.8779 2.49523 
21.9769 2.47775 
22.0759 2.59613 
22.1749 2.73138 
22.2739 2.6573 
22.3729 2.79505 
22.4719 3.12681 
22.5708 3.37804 
22.6698 2.97794 
22.7688 2.51156 
22.8678 2.30304 
22.9668 2.2858 
23.0658 2.22445 
23.1648 2.11988 
23.2638 2.40193 
23.3628 2.69542 
23.4618 3.12979 
23.5608 3.09299 
23.6598 2.55196 
23.7588 2.3132 
23.8578 2.32429 
23.9568 2.30978 
24.0558 2.28895 
24.1548 2.27675 
24.2538 2.27238 
24.3528 2.27413 
24.4518 2.27864 
24.5507 2.29137 
24.6497 2.32175 
24.7487 2.37073 
24.8477 2.43914 
24.9467 2.51913 
25.0457 2.58491 
25.1447 2.5781 
25.2437 2.6355 
25.3427 2.64114 
25.4417 2.64215 
25.5407 2.63165 
25.6397 2.59476 
25.7387 2.54629 
25.8377 2.49598 
25.9367 2.45325 
26.0357 2.43754 
26.1347 2.48093 
26.2337 2.42475 
26.3327 2.28061 
26.4317 2.12343 
26.5306 2.0116 
26.6296 1.92227 
26.7286 1.81587 
26.8276 1.75698 
26.9266 1.80665 
27.0256 1.83601 
27.1246 1.95976 
27.2236 2.04035 
27.3226 2.04738 
27.4216 2.05966 
27.5206 2.07789 
27.6196 2.05345 
27.7186 2.02288 
27.8176 1.99287 
27.9166 1.9712 
28.0156 1.94903 
28.1146 1.93194 
28.2136 1.92194 
28.3126 1.90925 
28.4116 1.90074 
28.5105 1.9003 
28.6095 1.89432 
28.7085 1.89208 
28.8075 1.90178 
28.9065 1.922 
29.0055 1.96433 
29.1045 2.00194 
29.2035 1.97756 
29.3025 1.943 
29.4015 1.92552 
29.5005 1.9004 
29.5995 1.88378 
29.6985 1.87802 
29.7975 1.8768 
29.8965 1.87331 
29.9955 1.89838 
30.0945 1.88349 
30.1935 1.90297 
30.2925 1.93321 
30.3914 1.9629 
30.4904 1.98459 
30.5894 1.9956 
30.6884 1.99537 
30.7874 1.9833 
30.8864 1.96439 
30.9854 1.95259 
31.0844 1.9447 
31.1834 1.93091 
31.2824 1.9066 
31.3814 1.88017 
31.4804 1.86651 
31.5794 1.85567 
31.6784 1.84775 
31.7774 1.83686 
31.8764 1.8327 
31.9754 1.84108 
32.0744 1.85143 
32.1734 1.85289 
32.2724 1.84944 
32.3713 1.83959 
32.4703 1.83194 
32.5693 1.83442 
32.6683 1.84868 
32.7673 1.86958 
32.8663 1.89372 
32.9653 1.92142 
33.0643 1.94651 
33.1633 1.96517 
33.2623 1.97873 
33.3613 1.9932 
33.4603 1.99792 
33.5593 1.99505 
33.6583 2.00086 
33.7573 2.01298 
33.8563 2.01612 
33.9553 2.00398 
34.0543 1.98284 
34.1533 1.9545 
34.2523 1.92849 
34.3512 1.8983 
34.4502 1.86598 
34.5492 1.82365 
34.6482 1.78104 
34.7472 1.74755 
34.8462 1.72471 
34.9452 1.73418 
35.0442 1.74441 
35.1432 1.75756 
35.2422 1.76776 
35.3412 1.7747 
35.4402 1.77147 
35.5392 1.74918 
35.6382 1.77426 
35.7372 1.80525 
35.8362 1.82018 
35.9352 1.81722 
36.0342 1.8085 
36.1332 1.79953 
36.2322 1.79608 
36.3311 1.78936 
36.4301 1.77994 
36.5291 1.76021 
36.6281 1.73602 
36.7271 1.71513 
36.8261 1.69382 
36.9251 1.67252 
37.0241 1.65512 
37.1231 1.64099 
37.2221 1.63476 
37.3211 1.63952 
37.4201 1.64751 
37.5191 1.65463 
37.6181 1.65549 
37.7171 1.64985 
37.8161 1.63643 
37.9151 1.62069 
38.0141 1.60076 
38.1131 1.58012 
38.2121 1.55841 
38.311 1.53851 
38.41 1.51537 
38.509 1.48483 
38.608 1.44801 
38.707 1.41178 
38.806 1.38281 
38.905 1.36844 
39.004 1.36808 
39.103 1.37983 
39.202 1.39305 
39.301 1.38849 
39.4 1.36779 
39.499 1.34462 
39.598 1.33856 
39.697 1.35358 
39.796 1.37538 
39.895 1.39138 
39.994 1.39931 
40.093 1.39969 
40.1919 1.39073 
40.2909 1.37555 
40.3899 1.35965 
40.4889 1.35031 
40.5879 1.35362 
40.6869 1.36663 
40.7859 1.38861 
40.8849 1.42061 
40.9839 1.4659 
41.0829 1.51604 
41.1819 1.57312 
41.2809 1.63502 
41.3799 1.69857 
41.4789 1.7822 
41.5779 1.9202 
41.6769 2.32116 
41.7759 2.25541 
41.8749 2.4151 
41.9739 2.46932 
42.0729 2.51879 
42.1718 2.96869 
42.2708 3.18004 
42.3698 3.06393 
42.4688 2.64944 
42.5678 2.32914 
42.6668 2.25876 
42.7658 2.18869 
42.8648 2.15281 
42.9638 2.15841 
43.0628 2.19146 
43.1618 2.31112 
43.2608 2.37568 
43.3598 2.57135 
43.4588 2.82593 
43.5578 2.96619 
43.6568 2.86176 
43.7558 2.72245 
43.8548 2.70598 
43.9538 2.24255 
44.0528 2.22544 
44.1517 2.16187 
44.2507 1.97075 
44.3497 1.96685 
44.4487 1.92233 
44.5477 1.84676 
44.6467 1.82098 
44.7457 1.82087 
44.8447 1.91461 
44.9437 2.01631 
45.0427 2.16751 
45.1417 2.22672 
45.2407 2.22179 
45.3397 2.217 
45.4387 2.19539 
45.5377 2.16016 
45.6367 2.11544 
45.7357 2.09952 
45.8347 2.08809 
45.9337 2.06522 
46.0327 2.03537 
46.1316 2.00071 
46.2306 1.95471 
46.3296 1.91364 
46.4286 1.87565 
46.5276 1.84609 
46.6266 1.8173 
46.7256 1.78884 
46.8246 1.76335 
46.9236 1.73766 
47.0226 1.72539 
47.1216 1.71185 
47.2206 1.6921 
47.3196 1.66023 
47.4186 1.64224 
47.5176 1.62583 
47.6166 1.62048 
47.7156 1.61946 
47.8146 1.62825 
47.9136 1.64563 
48.0126 1.67318 
48.1115 1.70166 
48.2105 1.71461 
48.3095 1.69598 
48.4085 1.66547 
48.5075 1.64206 
48.6065 1.62361 
48.7055 1.59647 
48.8045 1.55272 
48.9035 1.51222 
49.0025 1.48317 
49.1015 1.46214 
49.2005 1.47108 
49.2995 1.54525 
49.3985 1.91554 
49.4975 2.13457 
