0 0 
0.0989949 0.00300197 
0.19799 0.00395206 
0.296985 0.00698384 
0.39598 0.0104952 
0.494975 0.0143611 
0.59397 0.0185359 
0.692965 0.0229966 
0.79196 0.0277263 
0.890955 0.0327864 
0.989949 0.0381517 
1.08894 0.0437468 
1.18794 0.0495717 
1.28693 0.0555463 
1.38593 0.0617457 
1.48492 0.0680455 
1.58392 0.0745286 
1.68291 0.0810397 
1.78191 0.0877117 
1.8809 0.0947199 
1.9799 0.102478 
2.07889 0.110303 
2.17789 0.124416 
2.27688 0.126068 
2.37588 0.135892 
2.47487 0.141699 
2.57387 0.15148 
2.67286 0.172252 
2.77186 0.167241 
2.87085 0.175777 
2.96985 0.180424 
3.06884 0.189453 
3.16784 0.198024 
3.26683 0.206266 
3.36583 0.214093 
3.46482 0.221238 
3.56382 0.233998 
3.66281 0.236486 
3.76181 0.243766 
3.8608 0.242739 
3.9598 0.24583 
4.05879 0.247766 
4.15779 0.248607 
4.25678 0.248162 
4.35578 0.246324 
4.45477 0.248784 
4.55377 0.251225 
4.65276 0.262662 
4.75176 0.259839 
4.85075 0.26424 
4.94975 0.282134 
5.04874 0.289317 
5.14774 0.295365 
5.24673 0.304633 
5.34573 0.317747 
5.44472 0.333617 
5.54372 0.354655 
5.64271 0.376508 
5.74171 0.398942 
5.8407 0.405235 
5.9397 0.414902 
6.03869 0.450515 
6.13769 0.459432 
6.23668 0.474883 
6.33568 0.50698 
6.43467 0.495144 
6.53367 0.523693 
6.63266 0.536822 
6.73166 0.510433 
6.83065 0.56406 
6.92965 0.571588 
7.02864 0.556704 
7.12764 0.5617 
7.22663 0.593741 
7.32563 0.618421 
7.42462 0.626588 
7.52362 0.633074 
7.62261 0.638677 
7.72161 0.640295 
7.8206 0.641505 
7.9196 0.658602 
8.01859 0.684985 
8.11759 0.710445 
8.21658 0.711465 
8.31558 0.701907 
8.41457 0.734178 
8.51357 0.72538 
8.61256 0.729534 
8.71156 0.743245 
8.81055 0.753983 
8.90955 0.737111 
9.00854 0.731443 
9.10754 0.75304 
9.20653 0.747725 
9.30553 0.736951 
9.40452 0.719869 
9.50352 0.712499 
9.60251 0.707339 
9.70151 0.69199 
9.8005 0.665451 
9.89949 0.656183 
9.99849 0.639329 
10.0975 0.610605 
10.1965 0.588279 
10.2955 0.559329 
10.3945 0.523635 
10.4935 0.488361 
10.5925 0.447768 
10.6915 0.595442 
10.7904 0.994052 
10.8894 0.918886 
10.9884 1.13079 
11.0874 1.3061 
11.1864 1.45591 
11.2854 1.59362 
11.3844 1.74218 
11.4834 1.92121 
11.5824 1.99895 
11.6814 2.17524 
11.7804 2.32579 
11.8794 2.50347 
11.9784 2.66922 
12.0774 3.39416 
12.1764 3.16891 
12.2754 2.4027 
12.3744 2.64067 
12.4734 2.64152 
12.5724 2.23083 
12.6714 2.50907 
12.7703 2.21659 
12.8693 2.28562 
12.9683 2.67127 
13.0673 2.66612 
13.1663 2.51926 
13.2653 2.5504 
13.3643 2.66709 
13.4633 2.85788 
13.5623 3.15098 
13.6613 3.57899 
13.7603 3.89871 
13.8593 3.6283 
13.9583 3.13277 
14.0573 2.67539 
14.1563 2.67975 
14.2553 2.68775 
14.3543 2.69815 
14.4533 2.75065 
14.5523 2.9352 
14.6513 2.7507 
14.7502 3.40006 
14.8492 3.10574 
14.9482 3.50152 
15.0472 3.80709 
15.1462 4.13567 
15.2452 4.21464 
15.3442 3.98553 
15.4432 3.55359 
15.5422 2.85891 
15.6412 2.1183 
15.7402 1.96051 
15.8392 2.39334 
15.9382 2.80551 
16.0372 3.91688 
16.1362 4.59492 
16.2352 4.23155 
16.3342 3.85251 
16.4332 4.29669 
16.5322 4.5908 
16.6312 3.80953 
16.7301 3.00202 
16.8291 2.83648 
16.9281 3.12138 
17.0271 3.15804 
17.1261 2.67251 
17.2251 2.56155 
17.3241 2.39603 
17.4231 2.36499 
17.5221 1.93118 
17.6211 1.94114 
17.7201 1.81888 
17.8191 1.98133 
17.9181 2.37181 
18.0171 2.41055 
18.1161 2.62661 
18.2151 2.76533 
18.3141 2.72997 
18.4131 2.28616 
18.5121 1.71119 
18.6111 1.77359 
18.71 1.96576 
18.809 2.23008 
18.908 2.27007 
19.007 2.3493 
19.106 2.21149 
19.205 1.72809 
19.304 1.79359 
19.403 1.70426 
19.502 1.73076 
19.601 1.83738 
19.7 2.00131 
19.799 2.15887 
19.898 2.31819 
19.997 2.50126 
20.096 2.64197 
20.195 2.76408 
20.294 2.6766 
20.393 2.05508 
20.492 1.62572 
20.5909 1.76219 
20.6899 1.86775 
20.7889 1.92431 
20.8879 1.95602 
20.9869 2.07839 
21.0859 2.27579 
21.1849 2.36741 
21.2839 2.22564 
21.3829 2.18447 
21.4819 2.29876 
21.5809 2.3133 
21.6799 2.27327 
21.7789 2.30973 
21.8779 2.11889 
21.9769 2.05592 
22.0759 2.14354 
22.1749 2.23075 
22.2739 2.03493 
22.3729 2.11214 
22.4719 2.47319 
22.5708 2.76607 
22.6698 2.20612 
22.7688 1.73924 
22.8678 1.57451 
22.9668 1.69678 
23.0658 1.71937 
23.1648 1.59171 
23.2638 1.87413 
23.3628 2.17976 
23.4618 2.54902 
23.5608 2.69983 
23.6598 2.21693 
23.7588 1.90464 
23.8578 1.89305 
23.9568 1.86351 
24.0558 1.82998 
24.1548 1.80203 
24.2538 1.78117 
24.3528 1.76845 
24.4518 1.76651 
24.5507 1.78363 
24.6497 1.82435 
24.7487 1.87938 
24.8477 1.94731 
24.9467 2.0046 
25.0457 2.02012 
25.1447 2.00242 
25.2437 1.95598 
25.3427 1.88239 
25.4417 1.78263 
25.5407 1.67738 
25.6397 1.57505 
25.7387 1.47809 
25.8377 1.39419 
25.9367 1.33003 
26.0357 1.33836 
26.1347 1.49918 
26.2337 1.58097 
26.3327 1.6365 
26.4317 1.64185 
26.5306 1.58671 
26.6296 1.49209 
26.7286 1.35415 
26.8276 1.21696 
26.9266 1.18245 
27.0256 1.14972 
27.1246 1.33105 
27.2236 1.41132 
27.3226 1.41189 
27.4216 1.38973 
27.5206 1.35777 
27.6196 1.28368 
27.7186 1.21693 
27.8176 1.19735 
27.9166 1.21863 
28.0156 1.24547 
28.1146 1.27008 
28.2136 1.28333 
28.3126 1.26653 
28.4116 1.23277 
28.5105 1.19892 
28.6095 1.17874 
28.7085 1.18477 
28.8075 1.22766 
28.9065 1.28834 
29.0055 1.33831 
29.1045 1.36728 
29.2035 1.37351 
29.3025 1.36776 
29.4015 1.34189 
29.5005 1.31661 
29.5995 1.3076 
29.6985 1.32335 
29.7975 1.35181 
29.8965 1.38049 
29.9955 1.40199 
30.0945 1.41233 
30.1935 1.41432 
30.2925 1.4175 
30.3914 1.42364 
30.4904 1.43403 
30.5894 1.44369 
30.6884 1.44455 
30.7874 1.42583 
30.8864 1.38807 
30.9854 1.35044 
31.0844 1.31584 
31.1834 1.29608 
31.2824 1.28963 
31.3814 1.29237 
31.4804 1.31744 
31.5794 1.34535 
31.6784 1.37027 
31.7774 1.37491 
31.8764 1.3703 
31.9754 1.37391 
32.0744 1.39272 
32.1734 1.42639 
32.2724 1.46788 
32.3713 1.50083 
32.4703 1.52267 
32.5693 1.53578 
32.6683 1.54652 
32.7673 1.55228 
32.8663 1.55251 
32.9653 1.54458 
33.0643 1.525 
33.1633 1.49334 
33.2623 1.46346 
33.3613 1.44853 
33.4603 1.43101 
33.5593 1.40664 
33.6583 1.38968 
33.7573 1.38738 
33.8563 1.38853 
33.9553 1.38927 
34.0543 1.39625 
34.1533 1.40576 
34.2523 1.42096 
34.3512 1.42857 
34.4502 1.42913 
34.5492 1.40919 
34.6482 1.37802 
34.7472 1.34222 
34.8462 1.30352 
34.9452 1.26796 
35.0442 1.2325 
35.1432 1.20291 
35.2422 1.17884 
35.3412 1.16808 
35.4402 1.17412 
35.5392 1.19261 
35.6382 1.22074 
35.7372 1.24968 
35.8362 1.27258 
35.9352 1.28133 
36.0342 1.27722 
36.1332 1.26714 
36.2322 1.26117 
36.3311 1.25149 
36.4301 1.23988 
36.5291 1.21983 
36.6281 1.19554 
36.7271 1.17455 
36.8261 1.15422 
36.9251 1.13562 
37.0241 1.11901 
37.1231 1.09874 
37.2221 1.07508 
37.3211 1.05509 
37.4201 1.03293 
37.5191 1.01064 
37.6181 0.984002 
37.7171 0.955894 
37.8161 0.920744 
37.9151 0.883498 
38.0141 0.84166 
38.1131 0.795412 
38.2121 0.75178 
38.311 0.715234 
38.41 0.68998 
38.509 0.677956 
38.608 0.679234 
38.707 0.693235 
38.806 0.720763 
38.905 0.76101 
39.004 0.816172 
39.103 0.883085 
39.202 0.944397 
39.301 0.971925 
39.4 0.970305 
39.499 0.958028 
39.598 0.946781 
39.697 0.937274 
39.796 0.929857 
39.895 0.928102 
39.994 0.934134 
40.093 0.950718 
40.1919 0.971423 
40.2909 0.986961 
40.3899 1.00074 
40.4889 1.01647 
40.5879 1.04032 
40.6869 1.07315 
40.7859 1.11234 
40.8849 1.15826 
40.9839 1.20877 
41.0829 1.26305 
41.1819 1.31683 
41.2809 1.36957 
41.3799 1.41559 
41.4789 1.47527 
41.5779 1.58641 
41.6769 1.70156 
41.7759 1.80024 
41.8749 2.00486 
41.9739 2.07306 
42.0729 2.14343 
42.1718 2.19636 
42.2708 2.41011 
42.3698 2.55981 
42.4688 2.28947 
42.5678 1.95964 
42.6668 1.91192 
42.7658 1.76676 
42.8648 1.60859 
42.9638 1.45172 
43.0628 1.31931 
43.1618 1.41588 
43.2608 1.40874 
43.3598 1.52034 
43.4588 1.68898 
43.5578 1.72695 
43.6568 1.68522 
43.7558 1.7371 
43.8548 1.70364 
43.9538 1.97216 
44.0528 2.01187 
44.1517 1.96252 
44.2507 1.58405 
44.3497 1.50921 
44.4487 1.41731 
44.5477 1.37149 
44.6467 1.39095 
44.7457 1.46792 
44.8447 1.51983 
44.9437 1.58059 
45.0427 1.61978 
45.1417 1.63433 
45.2407 1.6255 
45.3397 1.60092 
45.4387 1.57577 
45.5377 1.54364 
45.6367 1.50508 
45.7357 1.5037 
45.8347 1.49613 
45.9337 1.47013 
46.0327 1.43092 
46.1316 1.39844 
46.2306 1.37453 
46.3296 1.36042 
46.4286 1.35858 
46.5276 1.35612 
46.6266 1.35318 
46.7256 1.3496 
46.8246 1.33994 
46.9236 1.31951 
47.0226 1.29792 
47.1216 1.27409 
47.2206 1.24994 
47.3196 1.23009 
47.4186 1.22354 
47.5176 1.2132 
47.6166 1.19972 
47.7156 1.17452 
47.8146 1.14037 
47.9136 1.10258 
48.0126 1.06982 
48.1115 1.04288 
48.2105 1.02755 
48.3095 1.02369 
48.4085 1.0447 
48.5075 1.09429 
48.6065 1.14626 
48.7055 1.15847 
48.8045 1.11889 
48.9035 1.05806 
49.0025 1.00083 
49.1015 0.965591 
49.2005 0.964733 
49.2995 1.03542 
49.3985 1.49069 
49.4975 1.72286 
