0 0 
0.0989949 0.000610022 
0.19799 0.0010378 
0.296985 0.00158328 
0.39598 0.00216272 
0.494975 0.00279226 
0.59397 0.00473498 
0.692965 0.00881487 
0.79196 0.0132274 
0.890955 0.021479 
0.989949 0.0286118 
1.08894 0.0343156 
1.18794 0.0407644 
1.28693 0.0505077 
1.38593 0.0600901 
1.48492 0.0669895 
1.58392 0.0869816 
1.68291 0.0955774 
1.78191 0.111813 
1.8809 0.11871 
1.9799 0.128661 
2.07889 0.140221 
2.17789 0.152776 
2.27688 0.166688 
2.37588 0.172649 
2.47487 0.198611 
2.57387 0.216399 
2.67286 0.193019 
2.77186 0.206085 
2.87085 0.185826 
2.96985 0.179926 
3.06884 0.184928 
3.16784 0.200241 
3.26683 0.193521 
3.36583 0.186179 
3.46482 0.186574 
3.56382 0.191306 
3.66281 0.188307 
3.76181 0.190461 
3.8608 0.189438 
3.9598 0.186298 
4.05879 0.183473 
4.15779 0.181053 
4.25678 0.174914 
4.35578 0.170502 
4.45477 0.163789 
4.55377 0.159679 
4.65276 0.155734 
4.75176 0.160132 
4.85075 0.157208 
4.94975 0.161084 
5.04874 0.16939 
5.14774 0.166039 
5.24673 0.168802 
5.34573 0.173524 
5.44472 0.177606 
5.54372 0.185489 
5.64271 0.186768 
5.74171 0.200631 
5.8407 0.225259 
5.9397 0.237035 
6.03869 0.237929 
6.13769 0.2558 
6.23668 0.275296 
6.33568 0.286975 
6.43467 0.300065 
6.53367 0.323618 
6.63266 0.343796 
6.73166 0.366225 
6.83065 0.384658 
6.92965 0.392477 
7.02864 0.389405 
7.12764 0.396226 
7.22663 0.395307 
7.32563 0.391492 
7.42462 0.384783 
7.52362 0.379927 
7.62261 0.364065 
7.72161 0.356641 
7.8206 0.354441 
7.9196 0.347237 
8.01859 0.346233 
8.11759 0.350169 
8.21658 0.355441 
8.31558 0.40212 
8.41457 0.422682 
8.51357 0.476422 
8.61256 0.430765 
8.71156 0.410144 
8.81055 0.390714 
8.90955 0.411703 
9.00854 0.430117 
9.10754 0.463371 
9.20653 0.501132 
9.30553 0.51631 
9.40452 0.505572 
9.50352 0.558846 
9.60251 0.601231 
9.70151 0.675774 
9.8005 0.717518 
9.89949 0.765371 
9.99849 0.816529 
10.0975 0.848228 
10.1965 0.859916 
10.2955 0.858969 
10.3945 0.843051 
10.4935 0.815088 
10.5925 0.767478 
10.6915 0.714742 
10.7904 0.797807 
10.8894 1.02101 
10.9884 1.28127 
11.0874 1.47744 
11.1864 1.64058 
11.2854 1.70164 
11.3844 1.78283 
11.4834 1.82215 
11.5824 1.86603 
11.6814 1.85154 
11.7804 1.78356 
11.8794 1.70397 
11.9784 2.12816 
12.0774 3.10671 
12.1764 2.16578 
12.2754 2.47418 
12.3744 2.56616 
12.4734 1.94837 
12.5724 1.98746 
12.6714 2.11548 
12.7703 2.40312 
12.8693 2.57463 
12.9683 2.26577 
13.0673 2.16064 
13.1663 2.14647 
13.2653 2.33826 
13.3643 2.52433 
13.4633 2.60211 
13.5623 2.74108 
13.6613 2.76279 
13.7603 2.49167 
13.8593 2.30953 
13.9583 2.36958 
14.0573 2.40344 
14.1563 2.30896 
14.2553 2.1135 
14.3543 2.01116 
14.4533 1.96629 
14.5523 2.52141 
14.6513 2.58137 
14.7502 2.21497 
14.8492 1.96801 
14.9482 1.95788 
15.0472 1.73589 
15.1462 1.51527 
15.2452 1.54794 
15.3442 1.60532 
15.4432 1.63706 
15.5422 1.71822 
15.6412 1.79353 
15.7402 2.08358 
15.8392 2.06891 
15.9382 3.31693 
16.0372 2.26666 
16.1362 2.65154 
16.2352 2.32637 
16.3342 4.03618 
16.4332 2.66822 
16.5322 2.70478 
16.6312 3.03258 
16.7301 3.41494 
16.8291 2.96512 
16.9281 2.59801 
17.0271 2.6361 
17.1261 2.5979 
17.2251 3.20914 
17.3241 2.71061 
17.4231 2.7185 
17.5221 2.58758 
17.6211 2.29063 
17.7201 2.11313 
17.8191 2.18503 
17.9181 1.72489 
18.0171 1.6885 
18.1161 1.68934 
18.2151 1.84367 
18.3141 2.04384 
18.4131 2.20722 
18.5121 1.88912 
18.6111 1.68493 
18.71 1.57957 
18.809 1.69003 
18.908 1.76937 
19.007 1.80937 
19.106 2.02744 
19.205 2.11323 
19.304 2.01097 
19.403 1.9399 
19.502 1.99059 
19.601 1.93088 
19.7 1.81848 
19.799 1.71968 
19.898 1.59977 
19.997 1.48045 
20.096 2.08879 
20.195 1.52319 
20.294 1.42093 
20.393 1.89194 
20.492 1.58611 
20.5909 1.36861 
20.6899 1.23818 
20.7889 1.27052 
20.8879 1.41229 
20.9869 1.59111 
21.0859 1.69652 
21.1849 1.67458 
21.2839 1.56792 
21.3829 1.44559 
21.4819 1.35602 
21.5809 1.3015 
21.6799 1.27889 
21.7789 1.2816 
21.8779 1.31776 
21.9769 1.38291 
22.0759 1.46463 
22.1749 1.57613 
22.2739 1.70889 
22.3729 1.83062 
22.4719 1.91319 
22.5708 1.93908 
22.6698 2.00029 
22.7688 1.8119 
22.8678 1.68075 
22.9668 1.53162 
23.0658 1.41136 
23.1648 1.40013 
23.2638 1.50229 
23.3628 1.58554 
23.4618 1.81605 
23.5608 1.50915 
23.6598 1.26401 
23.7588 1.31272 
23.8578 1.34858 
23.9568 1.3647 
24.0558 1.37494 
24.1548 1.39151 
24.2538 1.41107 
24.3528 1.42977 
24.4518 1.43932 
24.5507 1.43842 
24.6497 1.43605 
24.7487 1.44509 
24.8477 1.46881 
24.9467 1.52565 
25.0457 1.61273 
25.1447 1.62386 
25.2437 1.76635 
25.3427 1.85264 
25.4417 1.95017 
25.5407 2.0278 
25.6397 2.06204 
25.7387 2.07337 
25.8377 2.0703 
25.9367 2.06142 
26.0357 2.03725 
26.1347 1.97673 
26.2337 1.83847 
26.3327 1.5884 
26.4317 1.34657 
26.5306 1.23648 
26.6296 1.21194 
26.7286 1.20983 
26.8276 1.26727 
26.9266 1.36594 
27.0256 1.43146 
27.1246 1.43839 
27.2236 1.47349 
27.3226 1.48268 
27.4216 1.52015 
27.5206 1.57293 
27.6196 1.60275 
27.7186 1.6159 
27.8176 1.59308 
27.9166 1.54938 
28.0156 1.49917 
28.1146 1.45579 
28.2136 1.4307 
28.3126 1.42868 
28.4116 1.44675 
28.5105 1.47436 
28.6095 1.48291 
28.7085 1.47523 
28.8075 1.45245 
28.9065 1.42628 
29.0055 1.43789 
29.1045 1.46229 
29.2035 1.42274 
29.3025 1.38004 
29.4015 1.38092 
29.5005 1.37042 
29.5995 1.35602 
29.6985 1.33255 
29.7975 1.30191 
29.8965 1.26631 
29.9955 1.27995 
30.0945 1.24614 
30.1935 1.27318 
30.2925 1.31453 
30.3914 1.35138 
30.4904 1.37192 
30.5894 1.37775 
30.6884 1.3765 
30.7874 1.37858 
30.8864 1.38999 
30.9854 1.41029 
31.0844 1.43192 
31.1834 1.43129 
31.2824 1.40427 
31.3814 1.36559 
31.4804 1.32219 
31.5794 1.2781 
31.6784 1.23958 
31.7774 1.21806 
31.8764 1.21699 
31.9754 1.22553 
32.0744 1.21989 
32.1734 1.18264 
32.2724 1.12506 
32.3713 1.06376 
32.4703 1.01857 
32.5693 1.00323 
32.6683 1.01285 
32.7673 1.04201 
32.8663 1.08438 
32.9653 1.14286 
33.0643 1.20965 
33.1633 1.27744 
33.2623 1.3318 
33.3613 1.36916 
33.4603 1.39424 
33.5593 1.41477 
33.6583 1.43952 
33.7573 1.45851 
33.8563 1.46175 
33.9553 1.44425 
34.0543 1.40788 
34.1533 1.3579 
34.2523 1.30383 
34.3512 1.25008 
34.4502 1.19978 
34.5492 1.15754 
34.6482 1.12835 
34.7472 1.1191 
34.8462 1.12937 
34.9452 1.18306 
35.0442 1.23446 
35.1432 1.28142 
35.2422 1.31731 
35.3412 1.33609 
35.4402 1.32648 
35.5392 1.27957 
35.6382 1.28755 
35.7372 1.30277 
35.8362 1.30138 
35.9352 1.2886 
36.0342 1.28038 
36.1332 1.27776 
36.2322 1.2788 
36.3311 1.2789 
36.4301 1.27706 
36.5291 1.269 
36.6281 1.25875 
36.7271 1.24985 
36.8261 1.23968 
36.9251 1.22788 
37.0241 1.21953 
37.1231 1.21886 
37.2221 1.23152 
37.3211 1.25492 
37.4201 1.28349 
37.5191 1.31012 
37.6181 1.33131 
37.7171 1.34472 
37.8161 1.35282 
37.9151 1.3587 
38.0141 1.36163 
38.1131 1.36533 
38.2121 1.36509 
38.311 1.36215 
38.41 1.34917 
38.509 1.32102 
38.608 1.27882 
38.707 1.22986 
38.806 1.18011 
38.905 1.13731 
39.004 1.09795 
39.103 1.06023 
39.202 1.02406 
39.301 0.991597 
39.4 0.964034 
39.499 0.9435 
39.598 0.946225 
39.697 0.976578 
39.796 1.01343 
39.895 1.03661 
39.994 1.04185 
40.093 1.02726 
40.1919 0.995224 
40.2909 0.958151 
40.3899 0.920411 
40.4889 0.88889 
40.5879 0.866034 
40.6869 0.84619 
40.7859 0.83122 
40.8849 0.822548 
40.9839 0.82929 
41.0829 0.838506 
41.1819 0.86062 
41.2809 0.893062 
41.3799 0.938739 
41.4789 0.99991 
41.5779 1.08187 
41.6769 1.57875 
41.7759 1.35868 
41.8749 1.34657 
41.9739 1.34163 
42.0729 1.32289 
42.1718 1.99728 
42.2708 2.07462 
42.3698 1.68376 
42.4688 1.33335 
42.5678 1.25885 
42.6668 1.20273 
42.7658 1.29187 
42.8648 1.43075 
42.9638 1.59725 
43.0628 1.74984 
43.1618 1.82663 
43.2608 1.91293 
43.3598 2.07374 
43.4588 2.26567 
43.5578 2.41162 
43.6568 2.31294 
43.7558 2.09624 
43.8548 2.10236 
43.9538 1.06752 
44.0528 0.951304 
44.1517 0.906758 
44.2507 1.17246 
44.3497 1.26126 
44.4487 1.29869 
44.5477 1.23674 
44.6467 1.17525 
44.7457 1.07739 
44.8447 1.1644 
44.9437 1.25189 
45.0427 1.44029 
45.1417 1.51237 
45.2407 1.51462 
45.3397 1.53367 
45.4387 1.52861 
45.5377 1.51112 
45.6367 1.48654 
45.7357 1.46521 
45.8347 1.45661 
45.9337 1.45046 
46.0327 1.44748 
46.1316 1.43081 
46.2306 1.38981 
46.3296 1.34584 
46.4286 1.29318 
46.5276 1.25259 
46.6266 1.21306 
46.7256 1.17411 
46.8246 1.14629 
46.9236 1.13064 
47.0226 1.13682 
47.1216 1.14329 
47.2206 1.14055 
47.3196 1.11501 
47.4186 1.09539 
47.5176 1.08234 
47.6166 1.08931 
47.7156 1.11496 
47.8146 1.16222 
47.9136 1.22165 
48.0126 1.28647 
48.1115 1.34464 
48.2105 1.3726 
48.3095 1.35218 
48.4085 1.29707 
48.5075 1.22428 
48.6065 1.14986 
48.7055 1.09848 
48.8045 1.07657 
48.9035 1.08042 
49.0025 1.0946 
49.1015 1.09795 
49.2005 1.11056 
49.2995 1.14704 
49.3985 1.20297 
49.4975 1.26022 
