0 -nan 
0.0989949 inf 
0.19799 inf 
0.296985 inf 
0.39598 inf 
0.494975 inf 
0.59397 inf 
0.692965 inf 
0.79196 inf 
0.890955 inf 
0.989949 inf 
1.08894 inf 
1.18794 inf 
1.28693 inf 
1.38593 inf 
1.48492 inf 
1.58392 inf 
1.68291 inf 
1.78191 inf 
1.8809 inf 
1.9799 inf 
2.07889 inf 
2.17789 inf 
2.27688 inf 
2.37588 inf 
2.47487 inf 
2.57387 inf 
2.67286 inf 
2.77186 inf 
2.87085 inf 
2.96985 inf 
3.06884 inf 
3.16784 inf 
3.26683 inf 
3.36583 inf 
3.46482 inf 
3.56382 inf 
3.66281 inf 
3.76181 inf 
3.8608 inf 
3.9598 inf 
4.05879 inf 
4.15779 inf 
4.25678 inf 
4.35578 inf 
4.45477 inf 
4.55377 inf 
4.65276 inf 
4.75176 inf 
4.85075 inf 
4.94975 inf 
5.04874 inf 
5.14774 inf 
5.24673 inf 
5.34573 inf 
5.44472 inf 
5.54372 inf 
5.64271 inf 
5.74171 inf 
5.8407 inf 
5.9397 inf 
6.03869 inf 
6.13769 inf 
6.23668 inf 
6.33568 inf 
6.43467 inf 
6.53367 inf 
6.63266 inf 
6.73166 inf 
6.83065 inf 
6.92965 inf 
7.02864 inf 
7.12764 inf 
7.22663 inf 
7.32563 inf 
7.42462 inf 
7.52362 inf 
7.62261 inf 
7.72161 inf 
7.8206 inf 
7.9196 inf 
8.01859 inf 
8.11759 inf 
8.21658 inf 
8.31558 inf 
8.41457 inf 
8.51357 inf 
8.61256 inf 
8.71156 inf 
8.81055 inf 
8.90955 inf 
9.00854 inf 
9.10754 inf 
9.20653 inf 
9.30553 inf 
9.40452 inf 
9.50352 inf 
9.60251 inf 
9.70151 inf 
9.8005 inf 
9.89949 inf 
9.99849 inf 
10.0975 inf 
10.1965 inf 
10.2955 inf 
10.3945 inf 
10.4935 inf 
10.5925 inf 
10.6915 inf 
10.7904 inf 
10.8894 inf 
10.9884 inf 
11.0874 inf 
11.1864 inf 
11.2854 inf 
11.3844 inf 
11.4834 inf 
11.5824 inf 
11.6814 inf 
11.7804 inf 
11.8794 inf 
11.9784 inf 
12.0774 inf 
12.1764 inf 
12.2754 inf 
12.3744 inf 
12.4734 inf 
12.5724 inf 
12.6714 inf 
12.7703 inf 
12.8693 inf 
12.9683 inf 
13.0673 inf 
13.1663 inf 
13.2653 inf 
13.3643 inf 
13.4633 inf 
13.5623 inf 
13.6613 inf 
13.7603 inf 
13.8593 inf 
13.9583 inf 
14.0573 inf 
14.1563 inf 
14.2553 inf 
14.3543 inf 
14.4533 inf 
14.5523 inf 
14.6513 inf 
14.7502 inf 
14.8492 inf 
14.9482 inf 
15.0472 inf 
15.1462 inf 
15.2452 inf 
15.3442 inf 
15.4432 inf 
15.5422 inf 
15.6412 inf 
15.7402 inf 
15.8392 inf 
15.9382 inf 
16.0372 inf 
16.1362 inf 
16.2352 inf 
16.3342 inf 
16.4332 inf 
16.5322 inf 
16.6312 inf 
16.7301 inf 
16.8291 inf 
16.9281 inf 
17.0271 inf 
17.1261 inf 
17.2251 inf 
17.3241 inf 
17.4231 inf 
17.5221 inf 
17.6211 inf 
17.7201 inf 
17.8191 inf 
17.9181 inf 
18.0171 inf 
18.1161 inf 
18.2151 inf 
18.3141 inf 
18.4131 inf 
18.5121 inf 
18.6111 inf 
18.71 inf 
18.809 inf 
18.908 inf 
19.007 inf 
19.106 inf 
19.205 inf 
19.304 inf 
19.403 inf 
19.502 inf 
19.601 inf 
19.7 inf 
19.799 inf 
19.898 inf 
19.997 inf 
20.096 inf 
20.195 inf 
20.294 inf 
20.393 inf 
20.492 inf 
20.5909 inf 
20.6899 inf 
20.7889 inf 
20.8879 inf 
20.9869 inf 
21.0859 inf 
21.1849 inf 
21.2839 inf 
21.3829 inf 
21.4819 inf 
21.5809 inf 
21.6799 inf 
21.7789 inf 
21.8779 inf 
21.9769 inf 
22.0759 inf 
22.1749 inf 
22.2739 inf 
22.3729 inf 
22.4719 inf 
22.5708 inf 
22.6698 inf 
22.7688 inf 
22.8678 inf 
22.9668 inf 
23.0658 inf 
23.1648 inf 
23.2638 inf 
23.3628 inf 
23.4618 inf 
23.5608 inf 
23.6598 inf 
23.7588 inf 
23.8578 inf 
23.9568 inf 
24.0558 inf 
24.1548 inf 
24.2538 inf 
24.3528 inf 
24.4518 inf 
24.5507 inf 
24.6497 inf 
24.7487 inf 
24.8477 inf 
24.9467 inf 
25.0457 inf 
25.1447 inf 
25.2437 inf 
25.3427 inf 
25.4417 inf 
25.5407 inf 
25.6397 inf 
25.7387 inf 
25.8377 inf 
25.9367 inf 
26.0357 inf 
26.1347 inf 
26.2337 inf 
26.3327 inf 
26.4317 inf 
26.5306 inf 
26.6296 inf 
26.7286 inf 
26.8276 inf 
26.9266 inf 
27.0256 inf 
27.1246 inf 
27.2236 inf 
27.3226 inf 
27.4216 inf 
27.5206 inf 
27.6196 inf 
27.7186 inf 
27.8176 inf 
27.9166 inf 
28.0156 inf 
28.1146 inf 
28.2136 inf 
28.3126 inf 
28.4116 inf 
28.5105 inf 
28.6095 inf 
28.7085 inf 
28.8075 inf 
28.9065 inf 
29.0055 inf 
29.1045 inf 
29.2035 inf 
29.3025 inf 
29.4015 inf 
29.5005 inf 
29.5995 inf 
29.6985 inf 
29.7975 inf 
29.8965 inf 
29.9955 inf 
30.0945 inf 
30.1935 inf 
30.2925 inf 
30.3914 inf 
30.4904 inf 
30.5894 inf 
30.6884 inf 
30.7874 inf 
30.8864 inf 
30.9854 inf 
31.0844 inf 
31.1834 inf 
31.2824 inf 
31.3814 inf 
31.4804 inf 
31.5794 inf 
31.6784 inf 
31.7774 inf 
31.8764 inf 
31.9754 inf 
32.0744 inf 
32.1734 inf 
32.2724 inf 
32.3713 inf 
32.4703 inf 
32.5693 inf 
32.6683 inf 
32.7673 inf 
32.8663 inf 
32.9653 inf 
33.0643 inf 
33.1633 inf 
33.2623 inf 
33.3613 inf 
33.4603 inf 
33.5593 inf 
33.6583 inf 
33.7573 inf 
33.8563 inf 
33.9553 inf 
34.0543 inf 
34.1533 inf 
34.2523 inf 
34.3512 inf 
34.4502 inf 
34.5492 inf 
34.6482 inf 
34.7472 inf 
34.8462 inf 
34.9452 inf 
35.0442 inf 
35.1432 inf 
35.2422 inf 
35.3412 inf 
35.4402 inf 
35.5392 inf 
35.6382 inf 
35.7372 inf 
35.8362 inf 
35.9352 inf 
36.0342 inf 
36.1332 inf 
36.2322 inf 
36.3311 inf 
36.4301 inf 
36.5291 inf 
36.6281 inf 
36.7271 inf 
36.8261 inf 
36.9251 inf 
37.0241 inf 
37.1231 inf 
37.2221 inf 
37.3211 inf 
37.4201 inf 
37.5191 inf 
37.6181 inf 
37.7171 inf 
37.8161 inf 
37.9151 inf 
38.0141 inf 
38.1131 inf 
38.2121 inf 
38.311 inf 
38.41 inf 
38.509 inf 
38.608 inf 
38.707 inf 
38.806 inf 
38.905 inf 
39.004 inf 
39.103 inf 
39.202 inf 
39.301 inf 
39.4 inf 
39.499 inf 
39.598 inf 
39.697 inf 
39.796 inf 
39.895 inf 
39.994 inf 
40.093 inf 
40.1919 inf 
40.2909 inf 
40.3899 inf 
40.4889 inf 
40.5879 inf 
40.6869 inf 
40.7859 inf 
40.8849 inf 
40.9839 inf 
41.0829 inf 
41.1819 inf 
41.2809 inf 
41.3799 inf 
41.4789 inf 
41.5779 inf 
41.6769 inf 
41.7759 inf 
41.8749 inf 
41.9739 inf 
42.0729 inf 
42.1718 inf 
42.2708 inf 
42.3698 inf 
42.4688 inf 
42.5678 inf 
42.6668 inf 
42.7658 inf 
42.8648 inf 
42.9638 inf 
43.0628 inf 
43.1618 inf 
43.2608 inf 
43.3598 inf 
43.4588 inf 
43.5578 inf 
43.6568 inf 
43.7558 inf 
43.8548 inf 
43.9538 inf 
44.0528 inf 
44.1517 inf 
44.2507 inf 
44.3497 inf 
44.4487 inf 
44.5477 inf 
44.6467 inf 
44.7457 inf 
44.8447 inf 
44.9437 inf 
45.0427 inf 
45.1417 inf 
45.2407 inf 
45.3397 inf 
45.4387 inf 
45.5377 inf 
45.6367 inf 
45.7357 inf 
45.8347 inf 
45.9337 inf 
46.0327 inf 
46.1316 inf 
46.2306 inf 
46.3296 inf 
46.4286 inf 
46.5276 inf 
46.6266 inf 
46.7256 inf 
46.8246 inf 
46.9236 inf 
47.0226 inf 
47.1216 inf 
47.2206 inf 
47.3196 inf 
47.4186 inf 
47.5176 inf 
47.6166 inf 
47.7156 inf 
47.8146 inf 
47.9136 inf 
48.0126 inf 
48.1115 inf 
48.2105 inf 
48.3095 inf 
48.4085 inf 
48.5075 inf 
48.6065 inf 
48.7055 inf 
48.8045 inf 
48.9035 inf 
49.0025 inf 
49.1015 inf 
49.2005 inf 
49.2995 inf 
49.3985 inf 
49.4975 inf 
