-4 -0.00277866
-3.7572 0

-3.61251 0
-3.5 0.00128757

-3.5 -0.00188732
-3.45241 0

-3.25 -0.00268725
-3.22644 0

-3 -0.125257
-3.00026 -0.125

-3.125 -0.00370548
-3.11005 0

-3 -0.0943057
-3.00028 -0.09375

-3 -0.0657388
-3.00065 -0.0625

-3.0625 -0.00162713
-3.05783 0

-3.40387 0
-3.25 0.00614515

-3.21492 0
-3.125 0.0117321

-3.10849 0
-3.0625 0.0185185

-3.0625 0.00525866
-3.03125 0.0287192

-3.0378 0.03125
-3.03125 0.0434845

-3 0.0275064
-3.03057 0.03125

-3.03125 0.0495591
-3.0239 0.0625

-3.03492 0.0625
-3.03125 0.0756266

-3.03112 0.0625
-3.01765 0.09375

-3.01473 0.09375
-3.01231 0.125

-3.02419 0.125
-3 0.167355

1.5 0.0528645
1.51562 0.0502884

1.51562 0.0503145
1.53125 0.0482547

1.54688 0.0466122
1.54442 0.046875

1.53125 0.0482954
1.5445 0.046875

1.54688 0.0465826
1.5625 0.0452885

1.5625 0.0452138
1.57812 0.0445235

1.57812 0.0444589
1.59375 0.0446506

-3 -0.158145
-2.99795 -0.15625

-3 -0.125001
-2.99601 -0.125

-3 -0.0992916
-2.96875 -0.100103

-2.98927 -0.09375
-2.98619 -0.078125

-2.98472 -0.078125
-2.98438 -0.0699357

-2.97647 -0.09375
-2.97146 -0.078125

-2.98438 -0.0713458
-2.96875 -0.0738579

-2.96875 -0.0943504
-2.96847 -0.09375

-2.96875 -0.0793281
-2.96854 -0.078125

-2.96875 -0.0763926
-2.96573 -0.0625

-2.98438 -0.0521305
-2.98516 -0.046875

-2.98438 -0.044811
-2.98441 -0.03125

1.59375 0.0446403
1.60938 0.0458636

1.60938 0.0459039
1.61626 0.046875

1.61631 0.046875
1.625 0.0480997

1.625 0.0482288
1.64062 0.0510862

1.64062 0.051183
1.65625 0.0542493

1.65625 0.0542988
1.67188 0.0572814

1.67188 0.057317
1.6875 0.0600456

-2.98438 -0.058182
-2.97937 -0.0625

1.6875 0.0600965
1.70312 0.0623979

1.70312 0.0624614
1.70349 0.0625

1.7035 0.0625
1.71875 0.064108

1.71875 0.0641463
1.73438 0.0649393

1.73438 0.0649317
1.75 0.0648086

-2.98438 -0.0396801
-2.98128 -0.046875

-2.98438 -0.0129083
-2.98503 0

-2.98438 -0.0219344
-2.98276 -0.03125

-2.98438 -0.0148747
-2.98434 -0.015625

-2.96875 -0.0591918
-2.96296 -0.046875

-2.96349 -0.046875
-2.95312 -0.0334675

-2.95312 -0.0322702
-2.95221 -0.03125

-2.95105 -0.03125
-2.9375 -0.0196486

-2.9375 -0.019109
-2.93053 -0.015625

-2.9286 -0.015625
-2.92188 -0.0122683

-1 -0.128282
-0.984375 -0.128934

0 -0.0491018
0.015625 -0.0488993

-2.92188 -0.0121352
-2.90625 -0.0091264

-2.90625 -0.0085552
-2.89062 -0.0107686

-2.875 -0.0205587
-2.88204 -0.015625

0.015625 -0.0490806
0.03125 -0.0488356

-0.984375 -0.128934
-0.96875 -0.129601

0.03125 -0.0490238
0.046875 -0.0479972

0.046875 -0.0481277
0.0558237 -0.046875

0.0539316 -0.046875
0.0625 -0.0456755

0.0625 -0.045478
0.078125 -0.0427935

0.078125 -0.0429142
0.09375 -0.0401574

0.09375 -0.0402276
0.109375 -0.0370165

0.109375 -0.0368691
0.125 -0.0333579

-0.96875 -0.129612
-0.953125 -0.13027

-0.953125 -0.130292
-0.9375 -0.130876

1.78125 0.0624813
1.781 0.0625

-2.89062 -0.00999954
-2.8813 -0.015625

-2.85938 -0.0423399
-2.86796 -0.03125

-2.85938 -0.0468754
-2.84375 -0.0577002

-2.85938 -0.0422832
-2.85442 -0.046875

-2.875 -0.0213398
-2.86635 -0.03125

-2.84375 -0.0567748
-2.82812 -0.0551207

-2.82812 -0.0529673
-2.81762 -0.046875

-2.81761 -0.046875
-2.8125 -0.0439122

0.125 -0.0331609
0.135091 -0.03125

0.133982 -0.03125
0.140625 -0.0299921

0.140625 -0.0299075
0.15625 -0.0284843

0.15625 -0.0285696
0.171875 -0.0289369

0.171875 -0.029117
0.1875 -0.0307439

0.203125 -0.0330303
0.189503 -0.03125

0.203125 -0.0331443
0.21875 -0.0348851

0.1875 -0.0309715
0.189631 -0.03125

0.21875 -0.0348204
0.234375 -0.0361568

0.234375 -0.0360869
0.25 -0.0372881

0.25 -0.0373451
0.265625 -0.0384368

0.265625 -0.0385923
0.28125 -0.0391495

0.28125 -0.0392674
0.296875 -0.0387433

0.296875 -0.0387383
0.3125 -0.036907

0.3125 -0.0368615
0.328125 -0.033824

0.328125 -0.033834
0.338874 -0.03125

0.336619 -0.03125
0.34375 -0.0295358

0.34375 -0.0295369
0.359375 -0.026124

0.359375 -0.0262179
0.375 -0.023626

0.375 -0.0237063
0.390625 -0.0215872

0.390625 -0.0216981
0.40625 -0.0196695

0.40625 -0.0197555
0.421875 -0.0174238

0.421875 -0.0174606
0.432247 -0.015625

0.431357 -0.015625
0.4375 -0.0145377

0.4375 -0.0144539
0.453125 -0.011664

0.453125 -0.0116557
0.46875 -0.00922562

0.46875 -0.00925387
0.484375 -0.0071439

1.78125 0.0624784
1.79688 0.06141

1.79688 0.0613798
1.8125 0.0606568

1.75 0.0647253
1.76562 0.0638679

1.76562 0.0637435
1.78125 0.0625673

1.8125 0.060655
1.82812 0.0603413

1.82812 0.0603494
1.84375 0.0604325

1.84375 0.0604462
1.85938 0.0608826

1.85938 0.0609002
1.875 0.0616269

1.875 0.0616564
1.88931 0.0625

1.88916 0.0625
1.89062 0.0625865

1.89062 0.0626013
1.90625 0.0636103

1.90625 0.0636212
1.92188 0.0646504

1.92188 0.0646598
1.9375 0.0656685

1.9375 0.0656701
1.95312 0.0666363

1.95312 0.0666303
1.96875 0.0675625

1.96875 0.0675515
1.98438 0.0684836

1.98438 0.0684718
2 0.0694496

-0.9375 -0.130888
-0.921875 -0.13133

-0.921875 -0.1313
-0.90625 -0.131636

-0.90625 -0.131586
-0.890625 -0.131975

-0.890625 -0.131992
-0.875 -0.1325

-0.875 -0.13268
-0.859375 -0.132914

-0.859375 -0.133002
-0.84375 -0.132429

-0.84375 -0.132237
-0.828125 -0.131065

-0.828125 -0.130939
-0.8125 -0.129803

-0.8125 -0.13004
-0.796875 -0.128718

-0.796875 -0.128735
-0.78125 -0.126718

-0.78125 -0.12657
-0.770938 -0.125

-0.771608 -0.125
-0.765625 -0.124089

-0.765625 -0.123921
-0.75 -0.122014

-0.75 -0.121991
-0.734375 -0.121066

0.484375 -0.0071463
0.5 -0.00529506

-0.734375 -0.121268
-0.71875 -0.120964

-0.71875 -0.121197
-0.703125 -0.120646

-0.703125 -0.120751
-0.6875 -0.119279

-0.6875 -0.119193
-0.671875 -0.116763

-0.671875 -0.116594
-0.65625 -0.113716

-2.8125 -0.0428421
-2.79688 -0.0327922

-2.79688 -0.0322365
-2.79485 -0.03125

-2.79506 -0.03125
-2.78125 -0.0245163

-2.78125 -0.0245359
-2.76562 -0.0206223

-2.76562 -0.0207031
-2.75 -0.0203192

-0.65625 -0.11361
-0.640625 -0.110831

-0.640625 -0.110799
-0.631699 -0.109375

-0.63104 -0.109375
-0.625 -0.108411

-2.57812 -0.297857
-2.57842 -0.296875

-2.58139 -0.296875
-2.57812 -0.289247

-2.57812 -0.308901
-2.5625 -0.308535

-2.57812 -0.288639
-2.5625 -0.289275

-2.5625 -0.299677
-2.56175 -0.296875

-2.5625 -0.29234
-2.56054 -0.296875

-0.625 -0.108276
-0.609375 -0.106191

-0.609375 -0.106158
-0.59375 -0.104693

-0.59375 -0.10496
-0.578125 -0.103647

-2.75 -0.020554
-2.73438 -0.0230685

0.5 -0.00528999
0.515625 -0.00370282

-0.578125 -0.103769
-0.5625 -0.101832

-0.5625 -0.101894
-0.546875 -0.0989626

-0.546875 -0.0992393
-0.53125 -0.0946388

-0.531735 -0.09375
-0.53125 -0.0936072

-0.53125 -0.0953705
-0.526424 -0.09375

-0.53125 -0.0936005
-0.515625 -0.0883539

-0.515625 -0.0885613
-0.5 -0.0843258

0.515625 -0.00369671
0.53125 -0.00239598

0.53125 -0.00239568
0.546875 -0.00139423

0.546875 -0.00140309
0.5625 -0.000683765

0.5625 -0.000694738
0.578125 -0.000217867

0.578125 -0.000225046
0.591093 0

2.5 -0.0178748
2.49907 -0.015625

2.49964 -0.015625
2.5 -0.0140614

2 0.0694397
2.01562 0.0705066

2.01562 0.0704944
2.03125 0.0716948

0.640625 -0.000105707
0.629488 0

-2.73438 -0.023098
-2.71875 -0.0279821

-2.70312 -0.0352367
-2.71225 -0.03125

-2.70312 -0.0350458
-2.6875 -0.0433449

-2.71875 -0.0278744
-2.71102 -0.03125

-2.64062 -0.0722741
-2.65554 -0.0625

-2.625 -0.0835826
-2.63319 -0.078125

-2.64062 -0.0721912
-2.63173 -0.078125

-2.67188 -0.0529326
-2.68228 -0.046875

-2.6875 -0.0432712
-2.68131 -0.046875

-2.67188 -0.0526475
-2.65625 -0.0621382

-2.65625 -0.0621254
-2.65564 -0.0625

-2.625 -0.0845417
-2.60938 -0.0914631

-2.60938 -0.0914769
-2.59375 -0.0919392

-2.59375 -0.0913819
-2.57812 -0.0864722

-2.57812 -0.0848995
-2.5625 -0.0788778

-0.5 -0.0838687
-0.484375 -0.0816443

2.03125 0.0716765
2.04688 0.0730716

2.04688 0.0730563
2.0625 0.0747135

2.0625 0.0747056
2.07812 0.0766714

2.07812 0.0766823
2.0878 0.078125

2.08837 0.078125
2.09375 0.0789275

2.09375 0.0787207
2.10938 0.0819721

2.10938 0.081549
2.125 0.0870896

-2.5625 -0.0785642
-2.56051 -0.078125

2.125 0.086949
2.13773 0.09375

-2.56029 -0.078125
-2.54688 -0.0751675

-2.54688 -0.0754018
-2.53125 -0.074594

-2.53125 -0.0747527
-2.51562 -0.0757835

-2.5 -0.0793798
-2.50655 -0.078125

2.13551 0.09375
2.14062 0.0964875

-0.484375 -0.0817083
-0.46875 -0.0822813

2.14062 0.0943902
2.15625 0.10764

2.15625 0.122677
2.15576 0.125

-0.46875 -0.0828911
-0.453125 -0.0849139

-2.51562 -0.0753047
-2.50091 -0.078125

-0.453125 -0.0852709
-0.4375 -0.0868102

-2.98501 0
-2.98609 0.015625

-2.98448 0.015625
-2.98438 0.0176869

-2.98438 0.00416484
-2.98414 0.015625

-2.98438 0.0158453
-2.98363 0.03125

-2.9844 0.03125
-2.98438 0.0314583

-2.98402 0.03125
-2.98388 0.046875

-0.4375 -0.086901
-0.421875 -0.0870613

-2.98383 0.046875
-2.98362 0.0625

-0.421875 -0.0868885
-0.40625 -0.0858341

-0.40625 -0.0855511
-0.390625 -0.0841935

0.640625 -0.000130559
0.65625 -0.000279586

-2.98368 0.0625
-2.98341 0.078125

-2.98368 0.078125
-2.9827 0.09375

-2.98397 0.09375
-2.97442 0.125

-2.97556 0.125
-2.96875 0.14596

2.15625 0.101125
2.16294 0.109375

2.16209 0.109375
2.16103 0.125

-0.390625 -0.0840183
-0.375 -0.0832736

0.65625 -0.000299445
0.671875 -0.000359624

-0.375 -0.0833044
-0.359375 -0.0834612

0.671875 -0.000367447
0.6875 -0.000283414

-3 0.175594
-2.96875 0.183374

-2.96875 0.13382
-2.96559 0.140625

2.21875 0.124267
2.21244 0.125

0.6875 -0.000279498
0.703125 -4.34365e-05

-0.359375 -0.0835278
-0.34375 -0.0843915

0.703125 -3.34944e-05
0.704576 0

-0.34375 -0.0844241
-0.328125 -0.0857961

2.21875 0.124335
2.22147 0.125

-2.96722 0.140625
-2.95691 0.15625

-2.95312 0.155392
-2.95259 0.15625

-2.95431 0.15625
-2.95312 0.166869

-2.95312 0.177283
-2.96413 0.1875

-2.95285 0.15625
-2.94976 0.171875

-0.328125 -0.0858314
-0.3125 -0.0875757

-2.95312 0.180464
-2.95 0.171875

-0.3125 -0.0876225
-0.296875 -0.0895747

-0.296875 -0.0896125
-0.28125 -0.0916035

-0.25 -0.0947555
-0.260478 -0.09375

2.14062 0.135112
2.13495 0.140625

-0.28125 -0.0917134
-0.265625 -0.0934475

-0.265625 -0.0935691
-0.26374 -0.09375

2.12555 0.140625
2.13176 0.15625

0.591167 0
0.59375 4.48253e-05

0.59375 4.06956e-05
0.609375 0.000131302

0.609375 0.000120896
0.625 6.21569e-05

-0.25 -0.0949568
-0.234375 -0.0962014

0.625 4.28611e-05
0.629516 0

-0.234375 -0.0961444
-0.21875 -0.0969862

-2.99983 0.1875
-2.96875 0.196742

-0.21875 -0.0970357
-0.203125 -0.0974895

2.14062 0.13684
2.15173 0.125

-2.94448 0.1875
-2.9375 0.19291

2.14062 0.153641
2.15625 0.151194

0.704586 0
0.71875 0.000327068

2.15625 0.13933
2.16409 0.140625

0.71875 0.000332024
0.734375 0.00078821

-2.9388 0.21875
-2.94168 0.25

0.734375 0.000783858
0.75 0.00133427

-0.203125 -0.0976484
-0.1875 -0.0972974

-2.9375 0.197773
-2.92188 0.199526

-0.1875 -0.0979007
-0.171875 -0.0952204

2.15625 0.145571
2.16734 0.140625

-0.171875 -0.0956614
-0.167163 -0.09375

-2.9375 0.208464
-2.92399 0.203125

-0.168431 -0.09375
-0.15625 -0.0888091

-2.92188 0.215187
-2.91885 0.21875

2.17188 0.137933
2.1875 0.134574

-0.15625 -0.0880039
-0.140625 -0.0797649

2.1875 0.134444
2.20312 0.130688

0.75 0.00132626
0.765625 0.00199564

0.765625 0.00199609
0.78125 0.00279955

2.20312 0.129667
2.21875 0.128113

0.78125 0.00281043
0.796875 0.00372529

2.21984 0.125
2.23438 0.133587

-0.140625 -0.0801956
-0.136013 -0.078125

-2.9375 0.223695
-2.90735 0.21875

-0.138951 -0.078125
-0.125 -0.0718615

0.796875 0.00373319
0.8125 0.00472188

-2.90625 0.246476
-2.90533 0.25

-0.125 -0.0723602
-0.109375 -0.0673476

2.22906 0.140625
2.23438 0.147288

-0.109375 -0.068009
-0.09375 -0.0632376

2.23438 0.129081
2.24587 0.140625

-0.09375 -0.0635144
-0.0896419 -0.0625

2.23438 0.146281
2.24943 0.15625

0.8125 0.00471243
0.828125 0.00577807

0.828125 0.00575622
0.84375 0.00696139

-0.0949438 -0.0625
-0.09375 -0.0621354

-0.09375 -0.062107
-0.078125 -0.0582485

-0.078125 -0.0590567
-0.0625 -0.0567282

0.84375 0.00695735
0.859375 0.00835384

0.859375 0.00839012
0.875 0.00991344

2.26562 0.138861
2.25419 0.140625

0.875 0.00997104
0.890625 0.0114335

2.25 0.151877
2.26562 0.148285

0.890625 0.0114576
0.90625 0.0126957

-0.0625 -0.0569239
-0.046875 -0.0543844

-0.046875 -0.0540705
-0.03125 -0.0515565

2.28125 0.137292
2.27164 0.140625

2.26562 0.146146
2.28125 0.140666

0.90625 0.0126378
0.921875 0.0137193

0.921875 0.0135606
0.9375 0.0149188

-2.94344 0.25
-2.9375 0.261558

-2.9375 0.263068
-2.90625 0.274807

-0.03125 -0.0514889
-0.015625 -0.0497637

0.9375 0.0147873
0.943159 0.015625

0.94369 0.015625
0.953125 0.0170216

0.953125 0.0171996
0.96875 0.0205312

-0.015625 -0.0497695
0 -0.0489567

2.28125 0.139642
2.29688 0.137503

2.28125 0.140996
2.28396 0.140625

2.29688 0.138421
2.3125 0.137782

0.96875 0.0209158
0.984375 0.0242008

0.984375 0.0243388
1 0.0265322

2.3125 0.137753
2.32812 0.1369

2.32812 0.136735
2.34375 0.136058

2.34375 0.136023
2.35938 0.135921

2.35938 0.135938
2.375 0.136448

-2.91239 0.28125
-2.90625 0.283056

2.375 0.136446
2.39062 0.137537

2.39062 0.137499
2.40625 0.139249

2.40625 0.139248
2.41497 0.140625

-2.90319 0.25
-2.89599 0.265625

-2.89062 0.274898
-2.89741 0.28125

-2.89062 0.261543
-2.88749 0.265625

-2.88672 0.265625
-2.88741 0.28125

2.41484 0.140625
2.42188 0.141736

2.42188 0.141727
2.4375 0.144898

2.4375 0.144915
2.45312 0.148752

2.45312 0.148773
2.46875 0.153201

-2.90625 0.286166
-2.88212 0.28125

-2.875 0.293044
-2.85954 0.296875

-2.875 0.308603
-2.85938 0.306876

2.46875 0.153256
2.47835 0.15625

2.47839 0.15625
2.48438 0.158118

2.48438 0.158122
2.5 0.163346

-2.64062 0.297093
-2.64041 0.296875

-2.5 -0.0791336
-2.48438 -0.0833785

1 0.0264262
1.01562 0.0274637

1.01562 0.0273349
1.03125 0.0276857

1.03125 0.0275559
1.04688 0.0277371

2.51562 -0.0330031
2.51164 -0.03125

2.51562 -0.0321666
2.51955 -0.03125

2.5 -0.0181461
2.51257 -0.03125

1.04688 0.0276472
1.0625 0.0280983

2.5 -0.0138851
2.50575 0

1.0625 0.0281263
1.07812 0.0289712

1.07812 0.02906
1.09375 0.0300649

1.09375 0.0301119
1.10938 0.0310051

1.10938 0.0309531
1.11526 0.03125

1.1152 0.03125
1.125 0.0317443

2.51965 -0.03125
2.53125 -0.02606

2.53125 -0.0277262
2.53973 -0.015625

2.53976 -0.015625
2.53551 0

1.125 0.0316831
1.14062 0.0325872

1.14062 0.032541
1.15625 0.0337734

1.15625 0.0337764
1.17188 0.0354235

2.99997 -0.25
3 -0.231097

-2.48438 -0.0833877
-2.46875 -0.087711

-2.45312 -0.0950683
-2.45558 -0.09375

-2.4375 -0.111515
-2.44031 -0.109375

-2.45312 -0.0959814
-2.4375 -0.107937

1.17188 0.0354494
1.1875 0.0374534

2.98438 -0.0899811
2.97584 -0.078125

2.98033 -0.078125
2.98337 -0.0625

2.98438 -0.0823967
3 -0.0831701

2.98991 -0.078125
2.99825 -0.0625

2.98035 -0.0625
2.98438 -0.0504867

1.1875 0.0374751
1.20312 0.0397408

1.20312 0.0397449
1.21875 0.0422206

1.21875 0.0422015
1.23438 0.0449175

1.23438 0.0448565
1.24426 0.046875

1.24478 0.046875
1.25 0.0479414

2.9817 -0.046875
2.98438 -0.0422755

2.98438 -0.0605494
3 -0.0563761

2.98438 -0.0422398
3 -0.0432732

2.50404 0
2.51562 0.00873088

1.25 0.0481001
1.26562 0.051783

2.51562 0.0102847
2.53125 0.00559017

2.53125 0.0042958
2.53512 0

1.26562 0.0518156
1.28125 0.0557453

2.5 0.163384
2.51562 0.16889

2.51562 0.168944
2.5237 0.171875

2.52389 0.171875
2.53125 0.174546

1.28125 0.0558415
1.29688 0.0597606

1.29688 0.0599006
1.30886 0.0625

1.30842 0.0625
1.3125 0.0633858

2.53125 0.174631
2.54688 0.18033

1.3125 0.0634339
1.32812 0.0657227

1.32812 0.065783
1.34375 0.0666098

2.54688 0.180372
2.5625 0.185918

2.5625 0.185928
2.56706 0.1875

2.56726 0.1875
2.57812 0.191243

1.34375 0.0664793
1.35938 0.0659845

2.57812 0.19137
2.59375 0.196448

2.59375 0.196444
2.60938 0.201011

2.60938 0.200984
2.61732 0.203125

2.61769 0.203125
2.625 0.205096

1.35938 0.0658295
1.375 0.0645838

-2.46875 -0.0856982
-2.45342 -0.09375

1.40625 0.0618024
1.39609 0.0625

-2.4375 -0.109975
-2.42188 -0.117724

2.625 0.205216
2.64062 0.209087

1.40625 0.0618078
1.42188 0.0613808

-2.4375 -0.108621
-2.43602 -0.109375

1.42188 0.0615694
1.4375 0.0614781

2.64062 0.209057
2.65625 0.212514

-2.42188 -0.116366
-2.40625 -0.118931

2.65625 0.212462
2.67188 0.215667

1.375 0.0644477
1.39062 0.0630332

2.67188 0.215602
2.68731 0.21875

2.6875 0.218802
2.70312 0.222071

1.39062 0.0629736
1.39752 0.0625

2.70312 0.222095
2.71875 0.225373

2.71875 0.225446
2.73438 0.228537

1.4375 0.0617415
1.45312 0.061082

2.73438 0.228416
2.75 0.231413

1.45312 0.0611572
1.46875 0.0592524

1.46875 0.0590443
1.48438 0.0561602

2.75 0.231467
2.76493 0.234375

1.48438 0.0559432
1.5 0.0529303

-2.40625 -0.118493
-2.39062 -0.119396

-2.39062 -0.119207
-2.375 -0.119702

-2.29688 -0.125977
-2.3048 -0.125

2.76546 0.234375
2.76562 0.234407

2.76562 0.234481
2.78125 0.237519

2.78125 0.237509
2.79688 0.240612

2.79688 0.241018
2.8125 0.243392

2.8125 0.242433
2.82812 0.245185

2.82812 0.246068
2.84375 0.24935

2.84375 0.248751
2.84972 0.25

-2.29688 -0.125436
-2.28125 -0.127591

-2.28125 -0.12727
-2.26562 -0.131216

-2.26562 -0.131915
-2.25 -0.136899

-2.375 -0.119691
-2.35938 -0.120179

-2.35938 -0.120147
-2.34375 -0.120712

-2.34375 -0.120507
-2.32812 -0.121623

-2.32812 -0.121694
-2.3125 -0.123628

3 0.0957665
2.98528 0.125

2.89062 0.247165
2.88824 0.25

2.90625 0.221601
2.8953 0.234375

2.89148 0.234375
2.89617 0.25

2.92188 0.213146
2.91445 0.21875

2.9375 0.199287
2.93371 0.203125

2.92188 0.212805
2.93368 0.203125

-2.3125 -0.1239
-2.30358 -0.125

2.90625 0.24482
2.90743 0.21875

2.95312 0.15564
2.96875 0.15564

2.95312 0.1813
2.94396 0.1875

2.95312 0.167334
2.96875 0.171071

2.95312 0.181198
2.96875 0.186795

-2.23438 -0.140935
-2.23584 -0.140625

3 0.131972
2.99232 0.15625

3 0.178203
2.9863 0.1875

2.9375 0.193863
2.95761 0.1875

-2.25 -0.13756
-2.23544 -0.140625

-2.21875 -0.141766
-2.2301 -0.140625

-2.23438 -0.140219
-2.23033 -0.140625

-2.21875 -0.141272
-2.20312 -0.143435

-2.20312 -0.143835
-2.1875 -0.146789

-2.1875 -0.147135
-2.17188 -0.149391

2.9419 0.21875
2.94576 0.25

2.96875 0.204917
3 0.189126

-2.17188 -0.149307
-2.15625 -0.150338

-2.15625 -0.150145
-2.14062 -0.150507

-2.14062 -0.150404
-2.125 -0.150688

-2.125 -0.150679
-2.10938 -0.151107

-2.10938 -0.151128
-2.09375 -0.151678

-2.09375 -0.151642
-2.07812 -0.15234

-2.07812 -0.152328
-2.0625 -0.153272

2.84981 0.25
2.85938 0.251999

2.85938 0.250815
2.875 0.257668

2.85934 0.296875
2.85938 0.298111

2.875 0.294706
2.87292 0.296875

2.85938 0.299182
2.875 0.299015

2.875 0.258507
2.89062 0.265537

2.88233 0.265625
2.89062 0.274195

2.89062 0.257819
2.90625 0.254746

-2.0625 -0.153328
-2.04688 -0.154431

-2.04688 -0.154403
-2.03125 -0.155607

-2.01562 -0.157065
-2.02414 -0.15625

-2.01562 -0.157108
-2 -0.158886

-2.03125 -0.15551
-2.02352 -0.15625

2.89062 0.279767
2.89272 0.28125

2.89574 0.28125
2.90625 0.285251

2.9375 0.262571
2.92401 0.28125

2.90625 0.282731
2.91383 0.28125

2.9375 0.277524
2.95576 0.25

3 -0.250031
3.00055 -0.25

3 -0.236582
3.00038 -0.25

3 -0.0946824
3.00176 -0.09375

3 -0.0896429
3.00836 -0.0625

3 -0.0547509
3.00642 -0.0625

3.0625 -0.00613004
3.04507 0

3.125 -0.0044023
3.10246 0

3.25 -0.00359709
3.21784 0

3.5 -0.00291772
3.42524 0

3.03125 0.0253156
3.02813 0.03125

3.03032 0.03125
3.02557 0.0625

3.03125 0.0187398
3.05434 0

3.03106 0.0625
3.0257 0.09375

3.0267 0.09375
3.02153 0.125

3.0625 0.0147334
3.09759 0

3 0.175181
3.03054 0.125

3 0.193438
3.00583 0.1875

3.125 0.0096993
3.1958 0

3.25 0.00415641
3.35408 0

4 -0.00438234
3.61718 0

3.5 0.000247141
3.52159 0

-2 -0.159132
-1.98438 -0.160559

-1.98438 -0.160622
-1.96875 -0.161081

-1.96875 -0.160952
-1.95312 -0.160574

-1.95312 -0.160456
-1.9375 -0.159736

-1.9375 -0.159693
-1.92188 -0.158953

-1.92188 -0.158941
-1.90625 -0.15829

-1.90625 -0.158297
-1.89062 -0.157745

-1.89062 -0.157735
-1.875 -0.157287

-1.875 -0.157269
-1.85938 -0.156984

-1.85938 -0.157024
-1.84375 -0.156855

-1.84375 -0.156923
-1.82812 -0.156654

-1.82812 -0.156667
-1.8158 -0.15625

-1.81595 -0.15625
-1.8125 -0.156133

-1.8125 -0.156099
-1.79688 -0.155361

-1.79688 -0.155304
-1.78125 -0.154547

-1.78125 -0.154528
-1.76562 -0.153908

-1.76562 -0.153925
-1.75 -0.153447

-1.75 -0.153459
-1.73438 -0.153066

-1.73438 -0.15304
-1.71875 -0.152758

-1.71875 -0.152721
-1.70312 -0.152674

-1.70312 -0.152658
-1.6875 -0.152951

-1.6875 -0.152991
-1.67188 -0.153577

-1.67188 -0.153687
-1.65625 -0.154265

-1.65625 -0.154459
-1.64062 -0.154419

-1.64062 -0.154666
-1.625 -0.153129

-1.625 -0.152793
-1.60938 -0.149935

-1.60938 -0.149154
-1.59375 -0.147208

-1.59375 -0.147651
-1.57812 -0.147294

-1.57812 -0.148051
-1.5625 -0.146881

-1.5625 -0.146315
-1.54688 -0.143949

-1.54688 -0.143602
-1.53125 -0.141865

-1.53125 -0.14224
-1.51562 -0.141078

-1.51562 -0.140967
-1.51057 -0.140625

-1.51121 -0.140625
-1.5 -0.139867

-1.5 -0.139963
-1.48438 -0.139125

-1.48438 -0.139016
-1.46875 -0.138451

-1.46875 -0.138453
-1.45312 -0.138375

-1.45312 -0.138538
-1.4375 -0.138613

-1.4375 -0.138643
-1.42188 -0.138482

-1.42188 -0.138468
-1.40625 -0.138039

-1.40625 -0.137968
-1.39062 -0.137444

-1.39062 -0.137455
-1.375 -0.136957

-1.375 -0.136993
-1.35938 -0.136427

-1.35938 -0.136433
-1.34375 -0.135716

-1.34375 -0.135673
-1.32812 -0.134881

-1.32812 -0.134857
-1.3125 -0.134124

-1.3125 -0.134158
-1.29688 -0.133463

-1.29688 -0.133501
-1.28125 -0.1327

-1.28125 -0.132697
-1.26562 -0.131719

-1.26562 -0.131685
-1.25 -0.130604

-1.25 -0.130571
-1.23438 -0.129519

-1.23438 -0.129495
-1.21875 -0.128585

-1.21875 -0.128574
-1.20312 -0.127877

-1.20312 -0.127884
-1.1875 -0.127407

-1.1875 -0.127428
-1.17188 -0.127115

-1.17188 -0.127134
-1.15625 -0.126906

-1.15625 -0.126916
-1.14062 -0.126716

-1.14062 -0.126719
-1.125 -0.126521

-1.125 -0.126517
-1.10938 -0.126322

-1.10938 -0.126309
-1.09375 -0.126151

-1.09375 -0.126132
-1.07812 -0.126076

-1.07812 -0.12606
-1.0625 -0.126177

-1.0625 -0.126176
-1.04688 -0.126498

-1.04688 -0.126514
-1.03125 -0.127013

-1.03125 -0.127034
-1.01562 -0.127634

-1.01562 -0.127645
-1 -0.128281

