-4 -0.0037495
-3.67037 0

-3.55235 0
-3.5 0.000595507

-3.5 -0.00278411
-3.42781 0

-3.25 -0.00396813
-3.21544 0

-3.125 -0.00548634
-3.1018 0

-3 -0.0948868
-3.00058 -0.09375

-3.0625 -0.0015675
-3.05765 0

-3.39046 0
-3.25 0.00548187

-3.2075 0
-3.125 0.0106871

-3.10263 0
-3.0625 0.0168444

-3.0625 0.0015482
-3.03125 0.0255249

-3.03589 0.03125
-3.03125 0.0413041

-3.03125 0.0284268
-3 0.0299291

-3.03125 0.0456891
-3.02312 0.0625

-3.03313 0.0625
-3.03125 0.0769138

-3.02816 0.0625
-3.01926 0.09375

-3.02641 0.09375
-3.01691 0.125

-3.02755 0.125
-3 0.15836

-3.00136 0.1875
-3 0.188735

1.5 -0.0432803
1.51562 -0.0402365

1.51562 -0.039644
1.53125 -0.0379475

1.53125 -0.0379943
1.54688 -0.0387367

1.54688 -0.0391781
1.5625 -0.0413832

1.5625 -0.0415694
1.57812 -0.0439821

1.57812 -0.0441296
1.59375 -0.0460824

-2.96875 -0.126283
-2.95312 -0.130945

1.60938 -0.0470761
1.60369 -0.046875

-2.96875 -0.119907
-2.98812 -0.09375

1.59375 -0.0463703
1.608 -0.046875

1.60938 -0.0469112
1.60974 -0.046875

1.61063 -0.046875
1.625 -0.0454315

-2.98811 -0.09375
-2.98844 -0.078125

-2.98438 -0.0834808
-2.984 -0.09375

-2.98406 -0.078125
-2.98196 -0.0625

-2.96875 -0.118193
-2.95312 -0.124516

-2.95312 -0.122805
-2.9375 -0.119847

-2.98371 -0.0625
-2.98421 -0.046875

-2.98393 -0.046875
-2.98409 -0.03125

-2.98438 -0.0136497
-2.98549 0

-2.98438 -0.0210664
-2.9841 -0.03125

-2.98438 -0.0154372
-2.98436 -0.015625

0 -0.0103179
0.015625 -0.0118322

1.625 -0.0446714
1.64062 -0.0424115

1.64062 -0.0420192
1.65625 -0.0413647

0.015625 -0.0118649
0.03125 -0.0139287

0.046875 -0.0163832
0.0419432 -0.015625

1.65625 -0.0419854
1.67188 -0.0424797

-1 0.101659
-0.984375 0.102803

-0.984375 0.103738
-0.96875 0.105066

-0.96875 0.105351
-0.953125 0.104423

-0.953125 0.104112
-0.9375 0.100978

-0.9375 0.100453
-0.921875 0.0967846

1.67188 -0.042517
1.6875 -0.0428439

1.6875 -0.0427579
1.70312 -0.0430148

1.70312 -0.0431047
1.71875 -0.0432839

1.71875 -0.0432081
1.73438 -0.0432811

1.73438 -0.0432646
1.75 -0.0434159

0.03125 -0.0140115
0.0417453 -0.015625

1.75 -0.0433928
1.76562 -0.0437015

1.76562 -0.0436953
1.78125 -0.04422

1.78125 -0.0442455
1.79688 -0.0449473

0.046875 -0.0164731
0.0625 -0.0189287

0.0625 -0.0189554
0.078125 -0.0212727

0.078125 -0.0212762
0.09375 -0.0233947

0.09375 -0.0234066
0.109375 -0.0252958

0.109375 -0.0253042
0.125 -0.0269235

-2.9375 -0.120239
-2.92188 -0.117865

-2.92188 -0.1178
-2.90625 -0.115356

-2.90625 -0.115456
-2.89062 -0.112872

-2.89062 -0.112734
-2.875 -0.110088

-2.8125 -0.189663
-2.81499 -0.1875

-2.81354 -0.1875
-2.81495 -0.171875

-2.81594 -0.171875
-2.8125 -0.167961

-2.8125 -0.188496
-2.79688 -0.18761

-2.80407 -0.1875
-2.79688 -0.18295

-2.8125 -0.168365
-2.79688 -0.169388

-2.79688 -0.18291
-2.79597 -0.171875

-2.79688 -0.169606
-2.7952 -0.171875

-2.875 -0.10968
-2.87241 -0.109375

-2.87123 -0.109375
-2.85938 -0.107982

-2.85938 -0.10812
-2.84375 -0.107355

-2.84375 -0.107431
-2.82812 -0.107253

-2.82812 -0.107227
-2.8125 -0.107538

-2.8125 -0.107629
-2.79688 -0.1083

-2.79688 -0.108493
-2.78125 -0.108958

-2.78125 -0.108916
-2.76562 -0.108876

-2.76562 -0.10877
-2.75 -0.108521

-2.75 -0.108451
-2.73438 -0.108345

-2.73438 -0.108341
-2.71875 -0.108527

-2.71875 -0.108645
-2.70312 -0.108897

-2.70312 -0.109033
-2.6875 -0.108843

-2.6875 -0.108894
-2.67188 -0.107889

-2.67188 -0.107973
-2.65625 -0.105882

-2.65625 -0.105996
-2.64062 -0.102424

-2.64062 -0.102483
-2.625 -0.0970847

-2.625 -0.0969082
-2.6179 -0.09375

-2.61798 -0.09375
-2.60938 -0.0899231

-2.60938 -0.0899235
-2.59375 -0.0818612

-2.59375 -0.0817757
-2.58721 -0.078125

-2.58759 -0.078125
-2.57812 -0.0728421

-2.57812 -0.0726192
-2.5625 -0.0642687

-2.5625 -0.0640361
-2.55873 -0.0625

-2.5 -0.069899
-2.51191 -0.0625

-2.55956 -0.0625
-2.54688 -0.0573337

-2.54688 -0.0566286
-2.53125 -0.0548016

-2.53125 -0.0546421
-2.51562 -0.0592272

-2.51562 -0.0596395
-2.51086 -0.0625

-2.98665 0
-2.98704 0.015625

-2.98486 0.015625
-2.98438 0.0210689

-2.98438 0.0177297
-2.98319 0.03125

-2.9841 0.03125
-2.98413 0.046875

-2.984 0.046875
-2.98393 0.0625

-2.98391 0.0625
-2.98403 0.078125

-0.921875 0.0965857
-0.90625 0.0938297

-0.890625 0.0922309
-0.904028 0.09375

-0.890625 0.0924303
-0.875 0.0909011

-0.90625 0.0939238
-0.904716 0.09375

-0.875 0.0909593
-0.859375 0.0891378

-0.859375 0.0891454
-0.84375 0.0869001

-0.84375 0.0868841
-0.828125 0.0842315

-0.828125 0.0842461
-0.8125 0.081189

-0.8125 0.0809701
-0.798017 0.078125

-0.796875 0.0778983
-0.78125 0.0752586

-2.98438 0.0911395
-2.98396 0.078125

-2.98425 0.09375
-2.98719 0.125

-2.98684 0.125
-2.98086 0.15625

0.125 -0.0269299
0.140625 -0.0282497

-3 0.183035
-2.96875 0.180524

-0.78125 0.0752608
-0.765625 0.0730673

-0.765625 0.0732028
-0.75 0.0711801

0.140625 -0.0282551
0.15625 -0.0292517

0.15625 -0.0292548
0.171875 -0.0299112

0.171875 -0.0299142
0.1875 -0.0302181

-2.96875 0.144463
-2.95318 0.15625

-2.96585 0.15625
-2.96127 0.171875

0.1875 -0.0302218
0.203125 -0.0301599

-0.75 0.0711465
-0.734375 0.0690907

-0.734375 0.0688804
-0.71875 0.0672793

-0.71875 0.0672124
-0.703125 0.0666204

-0.703125 0.067014
-0.6875 0.0667782

-0.640625 0.0597728
-0.654631 0.0625

-0.640625 0.0597779
-0.625 0.0565861

-0.6875 0.0671021
-0.671875 0.0657876

-0.671875 0.065557
-0.65625 0.062977

-0.65625 0.062709
-0.655177 0.0625

-0.625 0.056615
-0.609375 0.0531877

0.203125 -0.0301703
0.21875 -0.0297147

-2.95694 0.171875
-2.9651 0.1875

0.21875 -0.0297325
0.234375 -0.0288268

0.234375 -0.0288308
0.25 -0.0274316

1.79688 -0.0449946
1.8125 -0.0457281

0.25 -0.0274042
0.265625 -0.0255581

0.265625 -0.0255048
0.28125 -0.0233733

0.28125 -0.0232961
0.296875 -0.02114

0.296875 -0.0210869
0.3125 -0.0191664

0.3125 -0.0191922
0.328125 -0.0175619

0.328125 -0.017708
0.34375 -0.0160245

0.34375 -0.0162061
0.347501 -0.015625

0.347625 -0.015625
0.359375 -0.0138043

0.359375 -0.0138387
0.375 -0.0102094

0.375 -0.0103901
0.390625 -0.00511297

0.390625 -0.0056483
0.401391 0

-2.95312 0.167902
-2.9528 0.171875

-0.609375 0.0531864
-0.59375 0.0494681

-0.578125 0.0455311
-0.583569 0.046875

0.400925 0
0.40625 0.00279379

0.40625 0.00367508
0.421875 0.0136122

0.421875 0.0135354
0.426875 0.015625

0.422242 0.015625
0.4375 0.022002

-2.95312 0.174417
-2.95261 0.171875

0.4375 0.0206818
0.453125 0.0227261

0.453125 0.0225306
0.46875 0.0224554

1.8125 -0.0457673
1.82812 -0.0463598

1.82812 -0.0463298
1.84375 -0.0467628

1.85938 -0.0471104
1.8492 -0.046875

1.84375 -0.0467483
1.84923 -0.046875

1.85938 -0.0470499
1.875 -0.0474885

1.875 -0.0474613
1.89062 -0.0481519

0.46875 0.0226139
0.484375 0.020493

0.484375 0.0201638
0.5 0.0163387

0.546875 -0.005361
0.533318 0

0.546875 -0.00574903
0.5625 -0.0105291

0.5625 -0.00975412
0.578125 -0.0140174

0.59375 -0.0192645
0.584814 -0.015625

0.625 -0.0316921
0.623014 -0.03125

0.59375 -0.0212842
0.609375 -0.027943

0.609375 -0.028249
0.622857 -0.03125

0.640625 -0.0323249
0.630264 -0.03125

0.640625 -0.0315858
0.65625 -0.0348653

0.625 -0.030905
0.628326 -0.03125

0.65625 -0.0357583
0.671875 -0.0404992

0.671875 -0.0414106
0.6875 -0.0440044

0.6875 -0.0427123
0.703125 -0.0439203

0.703125 -0.0438704
0.71875 -0.0463765

0.734375 -0.0500678
0.720148 -0.046875

0.734375 -0.0508213
0.75 -0.0534517

0.8125 -0.0650928
0.802799 -0.0625

0.75 -0.052832
0.765625 -0.0543467

0.765625 -0.0536864
0.78125 -0.0566452

0.78125 -0.0574926
0.796875 -0.0615214

0.796875 -0.061675
0.799962 -0.0625

0.8125 -0.0653494
0.828125 -0.0703697

0.828125 -0.070879
0.84375 -0.0756487

0.859375 -0.0784669
0.857351 -0.078125

0.84375 -0.0761379
0.855517 -0.078125

0.859375 -0.0790113
0.875 -0.0781545

0.87014 -0.078125
0.875 -0.0778562

0.875 -0.0779154
0.890625 -0.0734551

0.890625 -0.0730208
0.90625 -0.0662201

0.90625 -0.065348
0.91327 -0.0625

0.912857 -0.0625
0.921875 -0.0588413

0.921875 -0.0592734
0.9375 -0.0546106

0.9375 -0.0545558
0.953125 -0.0509609

0.953125 -0.0507106
0.96875 -0.0487937

0.96875 -0.0485698
0.984375 -0.0492794

0.984375 -0.0495593
1 -0.0527835

0.515625 0.0107096
0.504679 0.015625

0.515625 0.0082758
0.53125 0.000161326

-0.59375 0.0493959
-0.583539 0.046875

-0.578125 0.0454129
-0.5625 0.0418116

-0.5625 0.0419517
-0.546875 0.038572

1.89062 -0.0481274
1.90625 -0.0491734

-3 0.188685
-2.96875 0.194108

1.90625 -0.049174
1.92188 -0.0506234

1.92188 -0.050424
1.9375 -0.0526743

-0.546875 0.0383446
-0.53125 0.035361

1.96875 -0.0634968
1.96609 -0.0625

1.96875 -0.063647
1.98438 -0.0685801

-2.93992 0.1875
-2.9375 0.194514

-2.9375 0.221981
-2.94333 0.25

1.98438 -0.0665943
2 -0.0733394

-0.53125 0.0354395
-0.515625 0.0331496

-2.9375 0.210816
-2.92188 0.204435

-0.515625 0.0332026
-0.5 0.0313436

1.9375 -0.0522615
1.95312 -0.0565372

1.95312 -0.0571055
1.96752 -0.0625

-2.9335 0.21875
-2.90625 0.220569

1 -0.0534361
1.01562 -0.0573096

1.01562 -0.0576636
1.03125 -0.0601731

-2.95008 0.25
-2.9375 0.272089

-0.34375 -0.000123019
-0.328125 -0.00200398

1.03125 -0.0600898
1.04688 -0.0606938

1.04688 -0.0604748
1.0625 -0.0597781

-2.9375 0.266914
-2.90625 0.268757

1.0625 -0.0595991
1.07812 -0.0583976

1.07812 -0.0583156
1.09375 -0.0571314

-0.328125 -0.00196674
-0.3125 -0.00314028

-0.3125 -0.00317773
-0.296875 -0.0036434

-0.296875 -0.00358188
-0.28125 -0.00338783

-0.28125 -0.00330875
-0.265625 -0.00273616

-0.265625 -0.00270411
-0.25 -0.00197524

-2.90625 0.260475
-2.90463 0.265625

-2.89062 0.271982
-2.89858 0.28125

1.09375 -0.0571296
1.10938 -0.0561306

1.10938 -0.0561598
1.125 -0.0552911

-0.25 -0.00193452
-0.234375 -0.00119489

1.125 -0.0553159
1.14062 -0.0544693

1.14062 -0.0544682
1.15625 -0.0535963

-0.234375 -0.00100879
-0.21875 -0.000712039

-0.21875 -0.000597525
-0.203125 -0.00134488

-0.203125 -0.00151057
-0.1875 -0.00319969

-0.1875 -0.00343657
-0.171875 -0.00526234

-0.171875 -0.00535197
-0.15625 -0.00666138

-0.15625 -0.00663714
-0.140625 -0.00729941

-0.140625 -0.00723405
-0.125 -0.00742841

1.15625 -0.0535983
1.17188 -0.052699

-0.125 -0.00737693
-0.109375 -0.00733707

-2.88917 0.265625
-2.88904 0.28125

-0.109375 -0.00732829
-0.09375 -0.00717475

1.17188 -0.0526946
1.1875 -0.0517729

1.1875 -0.0518028
1.20312 -0.0508079

-2.90625 0.283301
-2.90039 0.28125

1.20312 -0.0507782
1.21875 -0.0497093

-2.875 0.296193
-2.87008 0.296875

-0.09375 -0.00716836
-0.078125 -0.00693147

-0.078125 -0.00684152
-0.0625 -0.00671397

-0.0625 -0.00660132
-0.046875 -0.00698829

-0.046875 -0.00705853
-0.03125 -0.00804485

-0.03125 -0.00818832
-0.015625 -0.00934655

-0.015625 -0.00929125
0 -0.0104451

-0.5 0.031221
-0.484375 0.0299312

2.03125 -0.0987276
2.023 -0.09375

-2.875 0.3031
-2.85938 0.3031

2.01562 -0.0858574
2.00547 -0.078125

-2.78125 0.281468
-2.78103 0.28125

2 -0.0733047
2.0067 -0.078125

1.21875 -0.0497065
1.23438 -0.0486283

1.23438 -0.0486212
1.25 -0.0475534

-0.484375 0.0300981
-0.46875 0.0292891

-0.5 0.0312809
-0.499625 0.03125

1.25 -0.0475471
1.26017 -0.046875

1.26021 -0.046875
1.26562 -0.0465172

1.26562 -0.0465523
1.28125 -0.0454925

2.01562 -0.0886724
2.0236 -0.09375

-0.46875 0.0290981
-0.453125 0.0288186

2.03125 -0.0978125
2.04688 -0.101191

-0.453125 0.0291017
-0.4375 0.0291675

2.04688 -0.100458
2.0625 -0.100592

-2.48438 -0.0817914
-2.48979 -0.078125

2.0625 -0.100304
2.07812 -0.0992349

1.28125 -0.0454287
1.29688 -0.0443957

1.29688 -0.0443661
1.3125 -0.0435466

-0.4375 0.029936
-0.421875 0.0282442

2.07812 -0.0991785
2.09375 -0.0975943

-2.5 -0.0708967
-2.48954 -0.078125

2.09375 -0.0975302
2.10938 -0.0956728

-0.421875 0.0288127
-0.40625 0.0226889

-0.390625 0.0119478
-0.397503 0.015625

-0.40625 0.0214444
-0.395365 0.015625

2.10938 -0.0956227
2.12478 -0.09375

2.12443 -0.09375
2.125 -0.0936809

-2.48438 -0.0823226
-2.46875 -0.0906319

2.125 -0.0936322
2.14062 -0.0919709

-2.45312 -0.0954876
-2.45853 -0.09375

-0.390625 0.0121364
-0.375 0.00594948

1.3125 -0.0436151
1.32812 -0.0429313

1.32812 -0.0429474
1.34375 -0.0422298

-2.45312 -0.0952529
-2.4375 -0.0978013

-2.46875 -0.0904384
-2.45845 -0.09375

-2.4375 -0.0975616
-2.42188 -0.0985502

-2.42188 -0.0984527
-2.40625 -0.0985559

-2.40625 -0.0985687
-2.39062 -0.0979558

-2.39062 -0.098107
-2.375 -0.0964501

1.34375 -0.0421582
1.35938 -0.0415178

-2.375 -0.0964401
-2.36103 -0.09375

-2.36019 -0.09375
-2.35938 -0.0935924

-0.375 0.00642732
-0.359375 0.00251004

-0.359375 0.00258556
-0.34477 0

-2.35938 -0.0937209
-2.34375 -0.0888017

-2.34375 -0.0888356
-2.32812 -0.0813844

-2.32812 -0.0814066
-2.32275 -0.078125

-2.32334 -0.078125
-2.3125 -0.0714112

1.35938 -0.0414968
1.375 -0.0411187

2.14062 -0.0919051
2.15625 -0.0907928

2.15625 -0.0907852
2.17188 -0.0903688

2.17188 -0.0904214
2.1875 -0.0906108

2.1875 -0.0906779
2.20312 -0.0912339

2.20312 -0.0912879
2.21875 -0.0919683

2.21875 -0.0920227
2.23438 -0.0926104

2.23438 -0.0926567
2.25 -0.0929503

-2.3125 -0.0712873
-2.30001 -0.0625

-2.30022 -0.0625
-2.29688 -0.0601614

1.375 -0.0410953
1.39062 -0.0410682

1.39062 -0.0410072
1.40625 -0.0414999

-2.29688 -0.0604809
-2.28125 -0.0482826

-2.28125 -0.0486257
-2.27873 -0.046875

2.25 -0.0930444
2.26562 -0.0927632

2.26562 -0.092759
2.28125 -0.0917234

2.28125 -0.0916016
2.29688 -0.0900636

2.29688 -0.0899533
2.3125 -0.088377

2.3125 -0.0883943
2.32812 -0.0869659

2.32812 -0.0870373
2.34375 -0.0855792

-2.28125 -0.046133
-2.26562 -0.0363185

-2.26562 -0.0360395
-2.25 -0.0334659

1.40625 -0.0415377
1.42188 -0.0425969

1.42188 -0.0426667
1.4375 -0.044077

1.4375 -0.0441958
1.45312 -0.0455798

1.45312 -0.0457699
1.46875 -0.0465099

1.46875 -0.046682
1.48438 -0.0460537

1.48438 -0.0460357
1.5 -0.0437309

-2.25 -0.0346868
-2.23438 -0.037753

-2.23438 -0.0383061
-2.21875 -0.0434643

-2.20312 -0.0495462
-2.21046 -0.046875

-2.21875 -0.0435594
-2.20965 -0.046875

-2.20312 -0.0501302
-2.1875 -0.0544162

-2.1875 -0.0544211
-2.17188 -0.0557953

-2.17188 -0.0556681
-2.15625 -0.0543753

-2.15625 -0.054223
-2.14062 -0.0508222

-2.14062 -0.0503306
-2.12828 -0.046875

-2.12651 -0.046875
-2.125 -0.0464533

-2.125 -0.0460652
-2.10938 -0.0414884

-2.10938 -0.0409868
-2.09375 -0.0371459

-2.09375 -0.0372685
-2.07812 -0.0349217

-2.07812 -0.0352143
-2.0625 -0.0335312

-2.0625 -0.0336078
-2.04688 -0.03185

-2.04688 -0.0318734
-2.0421 -0.03125

2.34375 -0.0856514
2.35938 -0.0838765

2.35938 -0.0839079
2.375 -0.0816093

-2.04206 -0.03125
-2.03125 -0.0298388

2.375 -0.081355
2.39062 -0.0789786

2.39062 -0.0789428
2.39731 -0.078125

2.39759 -0.078125
2.40625 -0.0770645

-2.03125 -0.0297962
-2.01562 -0.0275013

-2.01562 -0.0274465
-2 -0.0250881

2.40625 -0.0772916
2.42188 -0.0753918

2.42188 -0.0755047
2.4375 -0.0729078

2.4375 -0.0726637
2.45312 -0.0696321

2.45312 -0.0691958
2.46875 -0.0670904

2.46875 -0.0670626
2.48438 -0.0668113

2.48438 -0.0672727
2.5 -0.0680081

2.5 -0.068226
2.51562 -0.0685894

2.51562 -0.0685158
2.53125 -0.0682185

2.53125 -0.0681696
2.54688 -0.0674563

2.54688 -0.06743
2.5625 -0.0664511

2.5625 -0.0663391
2.57812 -0.0653713

2.57812 -0.065382
2.59375 -0.064628

2.59375 -0.0646719
2.60938 -0.0640225

2.60938 -0.0639202
2.625 -0.0634921

2.625 -0.0633693
2.64062 -0.0636128

2.64062 -0.0637352
2.65625 -0.064651

2.65625 -0.0647835
2.67188 -0.0658618

2.67188 -0.0659268
2.6875 -0.0667727

2.6875 -0.066721
2.70312 -0.067308

2.70312 -0.0672633
2.71875 -0.0677843

2.71875 -0.0677605
2.73438 -0.0683526

-2 -0.025074
-1.98438 -0.0227901

-1.98438 -0.0228145
-1.96875 -0.0205847

-1.96875 -0.0206487
-1.95312 -0.0182961

-1.95312 -0.0183223
-1.9375 -0.0156723

-1.93823 -0.015625
-1.9375 -0.0155015

-1.9375 -0.0156685
-1.93726 -0.015625

2.73438 -0.0684251
2.75 -0.0689908

-1.9375 -0.0155961
-1.92188 -0.0127481

-1.92188 -0.0128334
-1.90625 -0.00976348

-1.90625 -0.00982598
-1.89062 -0.00623924

-1.89062 -0.0062509
-1.875 -0.00199904

-1.875 -0.00187003
-1.86837 0

2.75 -0.0690316
2.76562 -0.0693443

2.76562 -0.069355
2.78125 -0.0693118

2.78125 -0.0692335
2.79688 -0.0689693

2.79688 -0.0689504
2.8125 -0.0686599

2.8125 -0.0686502
2.82812 -0.0683908

2.82812 -0.0684136
2.84375 -0.0681592

-1.86918 0
-1.85938 0.00276611

-1.85938 0.00272277
-1.84375 0.0066637

-1.84375 0.00664507
-1.82812 0.0100609

-1.82812 0.0100144
-1.8125 0.0130354

2.84375 -0.0680394
2.85938 -0.0679842

2.85938 -0.0679895
2.875 -0.0683624

2.875 -0.0684428
2.89062 -0.0690725

2.89062 -0.0691629
2.90625 -0.069708

2.90625 -0.0696835
2.92188 -0.070012

2.92188 -0.0701742
2.9375 -0.070011

2.9375 -0.0701992
2.95312 -0.0688439

2.95312 -0.0692707
2.96875 -0.0654932

2.98438 -0.0782292
2.98412 -0.078125

2.96875 -0.0690019
2.98438 -0.0625074

2.98438 -0.0825399
3 -0.0812675

2.98531 -0.078125
2.99054 -0.0625

2.97574 -0.0625
2.98438 -0.0487904

2.98258 -0.046875
2.98437 -0.03125

2.98438 -0.0525246
2.9854 -0.046875

2.98438 -0.0314732
2.9844 -0.03125

2.98389 -0.03125
2.98438 -0.0237086

2.98438 -0.0168201
2.98445 -0.015625

2.98489 -0.015625
2.98606 0

-1.8125 0.0130831
-1.79735 0.015625

-1.79751 0.015625
-1.79688 0.0157314

-1.79688 0.0157368
-1.78125 0.0177993

-1.78125 0.0177761
-1.76562 0.0192638

-1.76562 0.019255
-1.75 0.0202319

2.98438 0.0230405
2.98364 0.03125

2.9866 0
2.98663 0.015625

-1.75 0.0201705
-1.73438 0.020777

-1.73438 0.0206073
-1.71875 0.0213055

-1.71875 0.0211592
-1.70312 0.0225811

-1.70312 0.0224252
-1.6875 0.025175

2.98634 0.015625
2.98493 0.03125

2.9842 0.03125
2.9834 0.046875

2.98385 0.046875
2.98384 0.0625

2.98378 0.0625
2.98379 0.078125

2.98374 0.078125
2.98398 0.09375

2.98384 0.09375
2.98551 0.125

-1.6875 0.0250472
-1.67188 0.0296922

-1.67188 0.0299454
-1.66816 0.03125

-1.66958 0.03125
-1.65625 0.0359289

2.90625 0.243973
2.9375 0.223013

2.96875 0.146355
2.96093 0.15625

2.96875 0.156524
2.96071 0.171875

2.95539 0.171875
2.95991 0.1875

-1.65625 0.0358448
-1.64062 0.0408406

-1.64062 0.0406508
-1.625 0.0455123

-1.625 0.0455884
-1.62068 0.046875

2.98293 0.125
2.97907 0.15625

2.96875 0.181985
2.99097 0.1875

2.96702 0.1875
2.96875 0.195232

2.9375 0.22169
2.9611 0.25

2.96875 0.199709
3 0.191294

-1.62136 0.046875
-1.60938 0.0504428

-1.60938 0.0507745
-1.59375 0.0539894

-1.59375 0.0537056
-1.57812 0.0552852

-1.57812 0.0547248
-1.5625 0.0563573

2.90625 0.256297
2.93593 0.28125

2.93702 0.28125
2.9375 0.281371

2.9375 0.278477
2.96609 0.25

3.0601 -0.25
3.0625 -0.247632

3 -0.0736736
3.00624 -0.0625

3 -0.0322162
3.00021 -0.03125

3.0625 -0.00571061
3.04669 0

3.125 -0.00488111
3.10154 0

3.25 -0.00362311
3.21991 0

3.5 -0.00273005
3.4341 0

3.03125 0.0278334
3.02306 0.03125

3.03041 0.03125
3.02578 0.0625

3.03125 0.0193765
3.05515 0

-1.5625 0.056673
-1.54688 0.058848

-1.54688 0.0590461
-1.53125 0.0607361

-1.53125 0.0606392
-1.51562 0.061642

-1.51562 0.0615625
-1.5 0.0622309

3.02888 0.0625
3.02975 0.09375

3.03125 0.0996029
3.02667 0.125

3.03125 0.0898328
3.03133 0.09375

3.03125 0.0986466
3.03182 0.09375

3.0625 0.0152211
3.09651 0

3 0.16883
3.03434 0.125

3 0.194128
3.00566 0.1875

3.125 0.0103993
3.19662 0

3.25 0.00470313
3.36207 0

4 -0.00441344
3.63677 0

3.5 0.000622406
3.55122 0

-1.5 0.0622092
-1.49149 0.0625

-1.49158 0.0625
-1.48438 0.062746

-1.48438 0.062662
-1.46875 0.0632661

-1.46875 0.0630976
-1.45312 0.0642739

-1.45312 0.0640543
-1.4375 0.0665789

-1.4375 0.0663848
-1.42188 0.0710851

-1.42188 0.0713786
-1.40625 0.0780407

-1.407 0.078125
-1.40625 0.0784429

-1.40625 0.0780968
-1.40619 0.078125

-1.40625 0.0783119
-1.39062 0.0858067

-1.39062 0.0860304
-1.375 0.0933835

-1.375 0.0935105
-1.37442 0.09375

-1.3745 0.09375
-1.35938 0.0999913

-1.35938 0.0997623
-1.34375 0.10545

-1.34375 0.105639
-1.33187 0.109375

-1.33242 0.109375
-1.32812 0.110726

-1.32812 0.110417
-1.3125 0.114443

-1.3125 0.114359
-1.29688 0.118026

-1.29688 0.11806
-1.28125 0.121471

-1.28125 0.121532
-1.26562 0.124498

-1.26562 0.124484
-1.26228 0.125

-1.26234 0.125
-1.25 0.126906

-1.25 0.126799
-1.23438 0.128882

-1.23438 0.128877
-1.21875 0.130852

-1.21875 0.130856
-1.20312 0.132722

-1.20312 0.132734
-1.1875 0.134458

-1.1875 0.134477
-1.17188 0.135997

-1.17188 0.136022
-1.15625 0.13725

-1.15625 0.137268
-1.14062 0.138117

-1.14062 0.138162
-1.125 0.138505

-1.04688 0.119819
-1.05734 0.125

-1.04688 0.11931
-1.03125 0.110876

-1.01562 0.103497
-1.02978 0.109375

-1.03125 0.11056
-1.0284 0.109375

-1.01562 0.10326
-1 0.100965

-1.125 0.138603
-1.10938 0.138157

-1.10938 0.138279
-1.09375 0.136607

-1.09375 0.136756
-1.07812 0.133316

-1.07812 0.133398
-1.0625 0.127725

-1.0625 0.127564
-1.05732 0.125

