-4 -5.99717e-05
-3.82974 0

-3.7123 0
-3.5 7.47797e-05

-3.5 4.15637e-06
-3.25 0.000276108

-3.25 0.000126465
-3.125 0.000453156

-3.125 0.000274224
-3.0625 0.000705143

-3.0625 0.000383176
-3.03125 0.000977597

-3.01555 0
-3 0.00717939

-3 0.0137679
-2.99814 0.015625

-2.99404 0.015625
-2.98438 0.0272399

-2.98438 0.0329475
-2.96887 0.046875

-2.96891 0.046875
-2.96875 0.0469569

1.5 -0.0108191
1.51562 -0.0111228

1.51562 -0.0111228
1.53125 -0.0114305

1.53125 -0.0114305
1.54688 -0.0117423

1.54688 -0.0117422
1.5625 -0.0120583

1.5625 -0.0120582
1.57812 -0.0123786

1.57812 -0.0123785
1.59375 -0.0127033

1.59375 -0.0127033
1.60938 -0.0130326

1.60938 -0.0130325
1.625 -0.0133664

-2.96875 0.0444745
-2.96184 0.046875

-2.96235 0.046875
-2.95312 0.050081

-2.95312 0.049537
-2.9375 0.0521106

-2.9375 0.0520283
-2.92188 0.052848

-2.92188 0.0525204
-2.90625 0.0524059

-2.90625 0.0525046
-2.89062 0.0519133

-2.89062 0.0517565
-2.875 0.0508045

-2.875 0.0508683
-2.85938 0.0497415

1.625 -0.0133664
1.64062 -0.0137051

1.64062 -0.013705
1.65625 -0.0140485

1.65625 -0.0140485
1.67188 -0.0143968

1.67188 -0.0143968
1.6875 -0.0147499

1.6875 -0.0147499
1.70312 -0.0151075

-2.85938 0.0496861
-2.84375 0.0483676

-2.84375 0.0483781
-2.82812 0.0469578

-2.8125 0.0454515
-2.82764 0.046875

-2.82812 0.0469221
-2.82762 0.046875

-2.8125 0.0454565
-2.79688 0.0440017

-2.79688 0.0439865
-2.78125 0.0425669

-2.78125 0.042574
-2.76562 0.0412058

-2.76562 0.0412072
-2.75 0.0398735

-2.75 0.039873
-2.73438 0.0385721

-2.73438 0.0385583
-2.71875 0.0373185

-2.71875 0.0373054
-2.70312 0.0361806

-2.70312 0.0361792
-2.6875 0.0351985

-2.6875 0.0352035
-2.67188 0.0343597

-2.67188 0.0343721
-2.65625 0.0336306

-2.65625 0.0336357
-2.64062 0.0329612

-2.64062 0.0329679
-2.625 0.0323366

-2.59375 0.0311726
-2.59588 0.03125

-2.625 0.0323351
-2.60938 0.0317365

-2.60938 0.0317388
-2.59592 0.03125

-2.59375 0.0311688
-2.57812 0.0306318

-2.57812 0.0306349
-2.5625 0.0301272

1.70312 -0.0151072
1.71875 -0.0154699

1.73438 -0.01584
1.72533 -0.015625

1.71875 -0.0154681
1.72535 -0.015625

1.73438 -0.0158407
1.75 -0.0162211

-2.5625 0.0301252
-2.54688 0.0296446

-2.54688 0.0296474
-2.53125 0.0291923

-2.53125 0.0291907
-2.51562 0.0287588

-2.51562 0.0287611
-2.5 0.0283507

1.75 -0.0162212
1.76562 -0.0166084

1.76562 -0.0166084
1.78125 -0.0170026

1.78125 -0.0170026
1.79688 -0.0174038

1.79688 -0.0174038
1.8125 -0.0178123

1.8125 -0.0178123
1.82812 -0.0182282

1.82812 -0.0182281
1.84375 -0.0186516

1.84375 -0.0186516
1.85938 -0.0190829

1.85938 -0.0190828
1.875 -0.0195222

-2.5 0.0283494
-2.48438 0.0279583

1.875 -0.0195221
1.89062 -0.0199697

1.89062 -0.0199697
1.90625 -0.0204257

1.90625 -0.0204257
1.92188 -0.0208905

1.92188 -0.0208904
1.9375 -0.0213642

-2.48438 0.0279602
-2.46875 0.0275873

-2.46875 0.0275862
-2.45312 0.0272297

-2.45312 0.0272313
-2.4375 0.0268903

-2.4375 0.0268894
-2.42188 0.0265625

-2.42188 0.0265637
-2.40625 0.0262501

1.9375 -0.0213641
1.95312 -0.0218471

1.95312 -0.021847
1.96875 -0.0223396

1.96875 -0.0223395
1.98438 -0.0228418

1.98438 -0.0228417
2 -0.023354

-2.40625 0.0262494
-2.39062 0.0259481

-2.39062 0.0259491
-2.375 0.0256592

-2.375 0.0256587
-2.35938 0.0253795

-2.35938 0.0253803
-2.34375 0.0251113

-2.34375 0.0251109
-2.32812 0.0248512

-2.32812 0.0248518
-2.3125 0.0246009

-2.3125 0.0246006
-2.29688 0.024358

-2.29688 0.0243585
-2.28125 0.0241237

-2.28125 0.0241235
-2.26562 0.023896

-2.26562 0.0238964
-2.25 0.0236758

-2.25 0.0236756
-2.23438 0.0234615

-2.23438 0.0234618
-2.21875 0.0232538

-2.21875 0.0232537
-2.20312 0.0230514

-2.20312 0.0230517
-2.1875 0.0228549

-2.1875 0.0228549
-2.17188 0.0226632

-2.17188 0.0226634
-2.15625 0.0224767

-2.15625 0.0224767
-2.14062 0.0222946

-2.14062 0.0222948
-2.125 0.0221171

-2.125 0.022117
-2.10938 0.0219435

-2.10938 0.0219436
-2.09375 0.0217741

-2.09375 0.021774
-2.07812 0.0216082

-2.07812 0.0216083
-2.0625 0.0214461

-2.0625 0.0214461
-2.04688 0.0212872

-2.04688 0.0212873
-2.03125 0.0211317

-2.03125 0.0211317
-2.01562 0.0209792

-2.01562 0.0209792
-2 0.0208296

0 0.00722619
0.015625 0.0071043

0.015625 0.0071043
0.03125 0.00698161

0.03125 0.00698161
0.046875 0.00685812

0.046875 0.00685812
0.0625 0.0067338

0.0625 0.00673381
0.078125 0.00660865

0.078125 0.00660865
0.09375 0.00648264

0.09375 0.00648264
0.109375 0.00635576

0.109375 0.00635577
0.125 0.006228

0.125 0.00622801
0.140625 0.00609934

0.140625 0.00609935
0.15625 0.00596977

0.15625 0.00596977
0.171875 0.00583926

-2 0.0208296
-1.98438 0.0206828

-1.98438 0.0206829
-1.96875 0.0205388

0.171875 0.00583927
0.1875 0.00570782

-1 0.0139263
-0.984375 0.0138314

2 -0.0233539
2.01562 -0.0238766

-1.96875 0.0205388
-1.95312 0.0203972

-0.984375 0.0138314
-0.96875 0.0137364

-0.96875 0.0137364
-0.953125 0.0136413

-0.953125 0.0136413
-0.9375 0.0135461

-0.9375 0.0135461
-0.921875 0.0134508

-0.921875 0.0134508
-0.90625 0.0133553

-0.90625 0.0133553
-0.890625 0.0132596

-0.890625 0.0132597
-0.875 0.0131639

2.01562 -0.0238765
2.03125 -0.0244098

-1.95312 0.0203973
-1.9375 0.0202581

2.03125 -0.0244098
2.04688 -0.024954

-1.9375 0.0202582
-1.92188 0.0201213

-1.92188 0.0201214
-1.90625 0.0199868

-1.90625 0.0199868
-1.89062 0.0198543

-1.89062 0.0198544
-1.875 0.0197239

2.04688 -0.024954
2.0625 -0.0255095

-1.875 0.0197239
-1.85938 0.0195954

-1.85938 0.0195954
-1.84375 0.0194687

-1.84375 0.0194687
-1.82812 0.0193437

-1.82812 0.0193438
-1.8125 0.0192205

-1.8125 0.0192205
-1.79688 0.0190988

-1.79688 0.0190988
-1.78125 0.0189787

-1.78125 0.0189787
-1.76562 0.01886

-1.76562 0.01886
-1.75 0.0187428

2.0625 -0.0255095
2.07812 -0.0260767

0.1875 0.00570782
0.203125 0.00557541

0.203125 0.00557541
0.21875 0.00544202

0.21875 0.00544202
0.234375 0.00530764

0.234375 0.00530764
0.25 0.00517225

0.25 0.00517225
0.265625 0.00503584

0.265625 0.00503584
0.28125 0.00489838

0.28125 0.00489839
0.296875 0.00475987

0.296875 0.00475987
0.3125 0.00462028

2.07812 -0.0260766
2.09375 -0.0266558

0.3125 0.00462028
0.328125 0.00447959

-1.75 0.0187428
-1.73438 0.0186268

-1.73438 0.0186268
-1.71875 0.0185122

-0.875 0.0131639
-0.859375 0.0130679

-0.859375 0.0130679
-0.84375 0.0129717

-0.84375 0.0129717
-0.828125 0.0128753

-0.828125 0.0128753
-0.8125 0.0127788

-0.8125 0.0127788
-0.796875 0.012682

-0.796875 0.012682
-0.78125 0.0125849

-0.78125 0.0125849
-0.765625 0.0124877

-0.765625 0.0124877
-0.75 0.0123901

2.09375 -0.0266557
2.10938 -0.0272472

2.10938 -0.0272471
2.125 -0.0278513

2.125 -0.0278512
2.14062 -0.0284684

-1.71875 0.0185122
-1.70312 0.0183987

2.14062 -0.0284683
2.15625 -0.0290989

2.15625 -0.0290989
2.17188 -0.0297429

2.17188 -0.029743
2.1875 -0.0304003

2.21875 -0.0317693
2.20715 -0.03125

-1.70312 0.0183987
-1.6875 0.0182865

-1.6875 0.0182865
-1.67188 0.0181753

-1.67188 0.0181753
-1.65625 0.0180652

-1.65625 0.0180652
-1.64062 0.0179561

-1.64062 0.0179561
-1.625 0.017848

0.328125 0.0044796
0.34375 0.0043378

0.34375 0.0043378
0.359375 0.00419487

0.359375 0.00419488
0.375 0.0040508

2.1875 -0.0303986
2.20312 -0.0310723

0.375 0.00405081
0.390625 0.00390557

0.390625 0.00390558
0.40625 0.00375918

0.40625 0.00375918
0.421875 0.00361162

0.421875 0.00361162
0.4375 0.00346288

2.20312 -0.0310673
2.20721 -0.03125

2.21875 -0.0317713
2.23438 -0.0324963

2.23438 -0.0324962
2.25 -0.0332418

-1.625 0.017848
-1.60938 0.0177408

-1.60938 0.0177408
-1.59375 0.0176344

0.4375 0.00346288
0.453125 0.00331299

0.453125 0.00331298
0.46875 0.00316196

2.25 -0.0332416
2.26562 -0.0340084

0.46875 0.00316196
0.484375 0.00300981

-0.75 0.0123902
-0.734375 0.0122924

2.26562 -0.0340081
2.28125 -0.0347969

-0.734375 0.0122924
-0.71875 0.0121943

-0.71875 0.0121943
-0.703125 0.012096

-0.703125 0.012096
-0.6875 0.0119973

-1.59375 0.0176344
-1.57812 0.0175289

-1.57812 0.0175289
-1.5625 0.0174242

-1.5625 0.0174242
-1.54688 0.0173203

-1.54688 0.0173203
-1.53125 0.017217

-0.6875 0.0119973
-0.671875 0.0118984

-0.671875 0.0118984
-0.65625 0.0117991

-0.65625 0.0117991
-0.640625 0.0116996

-0.640625 0.0116996
-0.625 0.0115997

-1.53125 0.017217
-1.51562 0.0171144

-0.625 0.0115997
-0.609375 0.0114995

0.484375 0.00300982
0.5 0.0028565

2.28125 -0.0347968
2.29688 -0.0356083

0.78125 -8.78392e-05
0.772861 0

0.78125 -8.7569e-05
0.796875 -0.000254493

-0.609375 0.0114995
-0.59375 0.0113989

0.796875 -0.000254415
0.8125 -0.000426045

-0.59375 0.0113989
-0.578125 0.0112979

2.29688 -0.0356079
2.3125 -0.036443

-0.578125 0.0112979
-0.5625 0.0111966

-0.5625 0.0111966
-0.546875 0.011095

-0.546875 0.011095
-0.53125 0.0109929

-0.53125 0.0109929
-0.515625 0.0108905

-0.515625 0.0108905
-0.5 0.0107876

2.3125 -0.0364429
2.32812 -0.0373022

2.32812 -0.0373019
2.34375 -0.0381864

-1.51562 0.0171145
-1.5 0.0170125

0.8125 -0.000426185
0.828125 -0.000602396

0.828125 -0.000602533
0.84375 -0.000782769

2.34375 -0.0381863
2.35938 -0.0390968

2.35938 -0.0390963
2.375 -0.0400337

0.84375 -0.000782875
0.859375 -0.00096665

2.375 -0.0400337
2.39062 -0.0409987

2.39062 -0.0409982
2.40625 -0.0419915

2.40625 -0.0419917
2.42188 -0.0430139

0.859375 -0.000966721
0.875 -0.00115368

2.42188 -0.0430135
2.4375 -0.044065

2.4375 -0.0440656
2.45312 -0.0451459

0.875 -0.00115372
0.890625 -0.00134366

-1.5 0.0170125
-1.48438 0.0169112

-1.48438 0.0169112
-1.46875 0.0168105

-1.46875 0.0168105
-1.45312 0.0167103

2.45312 -0.0451437
2.46875 -0.0462559

2.48438 -0.0474158
2.47714 -0.046875

0.890625 -0.00134368
0.90625 -0.00153645

2.46875 -0.0462449
2.47718 -0.046875

-0.5 0.0107876
-0.484375 0.0106843

2.48438 -0.047417
2.5 -0.0486518

-1.45312 0.0167103
-1.4375 0.0166106

0.90625 -0.00153646
0.921875 -0.00173196

0.921875 -0.00173197
0.9375 -0.00193015

0.9375 -0.00193016
0.953125 -0.00213095

0.953125 -0.00213096
0.96875 -0.00233434

0.96875 -0.00233435
0.984375 -0.0025403

-1.4375 0.0166106
-1.42188 0.0165114

-1.42188 0.0165115
-1.40625 0.0164127

-0.484375 0.0106843
-0.46875 0.0105807

-0.46875 0.0105807
-0.453125 0.0104766

-0.453125 0.0104766
-0.4375 0.010372

-1.40625 0.0164127
-1.39062 0.0163144

-0.4375 0.010372
-0.421875 0.010267

-1.39062 0.0163144
-1.375 0.0162165

0.984375 -0.0025403
1 -0.00274879

0.5 0.00285651
0.515625 0.00270198

0.515625 0.00270199
0.53125 0.0025462

-1.375 0.0162165
-1.35938 0.016119

2.5 -0.0486521
2.51562 -0.0499474

2.51562 -0.0499446
2.53125 -0.0513055

2.53125 -0.0513063
2.54688 -0.0527368

2.54688 -0.0527376
2.5625 -0.0542347

0.53125 0.00254621
0.546875 0.00238913

0.546875 0.00238914
0.5625 0.00223073

-1.35938 0.016119
-1.34375 0.0160219

-1.34375 0.0160219
-1.32812 0.0159251

-1.32812 0.0159251
-1.3125 0.0158286

-1.3125 0.0158286
-1.29688 0.0157324

-1.29688 0.0157325
-1.28125 0.0156365

-1.26562 0.0155406
-1.27937 0.015625

-1.28125 0.0156364
-1.2794 0.015625

2.5625 -0.0542411
2.57812 -0.0557904

2.57812 -0.0557954
2.59375 -0.0573738

-0.421875 0.010267
-0.40625 0.0101616

-0.40625 0.0101616
-0.390625 0.0100557

-0.390625 0.0100557
-0.375 0.00994933

0.5625 0.00223074
0.578125 0.00207097

0.578125 0.00207097
0.59375 0.0019098

0.59375 0.00190981
0.609375 0.00174722

0.609375 0.00174723
0.625 0.00158321

-1.26562 0.0155406
-1.25 0.0154448

-0.375 0.00994934
-0.359375 0.00984248

-1.25 0.0154448
-1.23438 0.0153492

-0.359375 0.00984248
-0.34375 0.00973513

2.59375 -0.0573837
2.60938 -0.0589614

0.625 0.00158321
0.640625 0.00141776

-0.34375 0.00973513
-0.328125 0.00962728

-1.23438 0.0153492
-1.21875 0.0152538

0.640625 0.00141775
0.65625 0.00125091

0.65625 0.00125087
0.671875 0.00108274

0.671875 0.00108267
0.6875 0.000913467

-1.21875 0.0152538
-1.20312 0.0151585

0.6875 0.000913333
0.703125 0.000743465

-1.20312 0.0151586
-1.1875 0.0150634

2.60938 -0.0589646
2.625 -0.0605156

-0.328125 0.00962728
-0.3125 0.00951891

2.65625 -0.0635191
2.6456 -0.0625

2.65625 -0.0635285
2.67188 -0.0650001

2.67188 -0.0649962
2.6875 -0.0664231

2.625 -0.060518
2.64062 -0.0620312

0.703125 0.000743242
0.71875 0.000573425

-0.3125 0.00951891
-0.296875 0.00941002

-0.296875 0.00941002
-0.28125 0.0093006

-0.28125 0.0093006
-0.265625 0.00919063

-1.1875 0.0150634
-1.17188 0.0149685

-0.265625 0.00919063
-0.25 0.00908011

0.71875 0.000573104
0.734375 0.000404426

-1.17188 0.0149685
-1.15625 0.0148736

0.734375 0.000404122
0.75 0.000237833

-1.15625 0.0148736
-1.14062 0.0147787

-1.14062 0.0147788
-1.125 0.014684

-1.125 0.014684
-1.10938 0.0145893

-1.10938 0.0145893
-1.09375 0.0144946

2.64062 -0.0620084
2.64576 -0.0625

2.6875 -0.0664294
2.70312 -0.0678068

2.70312 -0.0678004
2.71875 -0.0691288

2.71875 -0.0691334
2.73438 -0.0704165

2.73438 -0.0704081
2.75 -0.0716533

-0.25 0.00908011
-0.234375 0.00896902

-0.234375 0.00896902
-0.21875 0.00885735

-0.21875 0.00885735
-0.203125 0.00874509

-1.09375 0.0144946
-1.07812 0.0144

-0.203125 0.00874509
-0.1875 0.00863223

2.75 -0.071664
2.76562 -0.0728663

-0.1875 0.00863223
-0.171875 0.00851875

0.75 0.000238027
0.765625 7.43472e-05

2.76562 -0.0728629
2.78125 -0.0740079

0.765625 7.50155e-05
0.772789 0

2.78125 -0.0740234
2.79688 -0.075087

-0.171875 0.00851875
-0.15625 0.00840464

-1.07812 0.0144
-1.0625 0.0143053

-1.0625 0.0143053
-1.04688 0.0142106

2.79688 -0.0750853
2.8125 -0.07604

-1.04688 0.0142106
-1.03125 0.0141159

2.8125 -0.0760586
2.82812 -0.0768704

2.82812 -0.0768406
2.84375 -0.0775318

-0.15625 0.00840465
-0.140625 0.0082899

-0.140625 0.0082899
-0.125 0.0081745

-1.03125 0.0141159
-1.01562 0.0140211

-0.125 0.0081745
-0.109375 0.00805844

2.85938 -0.0782246
2.85732 -0.078125

2.84375 -0.0774679
2.85729 -0.078125

-0.109375 0.00805844
-0.09375 0.00794169

-0.09375 0.0079417
-0.078125 0.00782426

-0.078125 0.00782426
-0.0625 0.00770612

-0.0625 0.00770612
-0.046875 0.00758725

-0.046875 0.00758725
-0.03125 0.00746765

-1.01562 0.0140211
-1 0.0139263

-0.03125 0.00746765
-0.015625 0.0073473

-0.015625 0.0073473
0 0.00722619

2.85938 -0.0782191
2.875 -0.079186

2.875 -0.0792751
2.89062 -0.0802861

2.89062 -0.0804038
2.90625 -0.0810454

2.90625 -0.0811178
2.92188 -0.0810097

2.92188 -0.0811243
2.9375 -0.0798923

2.9375 -0.0797912
2.94819 -0.078125

2.94875 -0.078125
2.95312 -0.0774434

2.95312 -0.0783023
2.95367 -0.078125

2.9537 -0.078125
2.96875 -0.0729539

2.96875 -0.0755519
2.98293 -0.0625

2.98175 -0.0625
2.98438 -0.0558334

2.98438 -0.0349463
2.98525 -0.03125

2.98638 -0.03125
2.99599 -0.015625

2.99974 -0.015625
3 -0.0153158

1 -0.00274879
1.01562 -0.00295981

1.01562 -0.00295981
1.03125 -0.00317333

1.03125 -0.00317333
1.04688 -0.00338936

1.04688 -0.00338936
1.0625 -0.00360788

1.0625 -0.00360788
1.07812 -0.00382889

1.07812 -0.00382889
1.09375 -0.0040524

3 -0.00879781
3.01316 0

3.03125 -0.000839787
3.0625 -7.45398e-05

3.0625 -0.000446511
3.11855 0

1.09375 -0.0040524
1.10938 -0.00427841

1.10938 -0.0042784
1.125 -0.00450692

3.125 -0.000225959
3.23067 0

1.125 -0.00450691
1.14062 -0.00473794

1.14062 -0.00473793
1.15625 -0.00497149

1.15625 -0.00497148
1.17188 -0.00520758

3.25 -0.00015785
3.5 -9.8273e-05

3.5 -0.00026593
4 -0.000271688

1.17188 -0.00520758
1.1875 -0.00544624

1.1875 -0.00544623
1.20312 -0.00568748

1.20312 -0.00568747
1.21875 -0.00593133

1.21875 -0.00593132
1.23438 -0.00617782

1.23438 -0.00617781
1.25 -0.00642698

1.25 -0.00642697
1.26562 -0.00667884

1.26562 -0.00667883
1.28125 -0.00693345

1.28125 -0.00693344
1.29688 -0.00719084

1.29688 -0.00719083
1.3125 -0.00745107

1.3125 -0.00745106
1.32812 -0.00771418

1.32812 -0.00771416
1.34375 -0.00798023

1.34375 -0.00798021
1.35938 -0.00824929

1.35938 -0.00824927
1.375 -0.00852143

1.375 -0.00852142
1.39062 -0.00879673

1.39062 -0.0087967
1.40625 -0.00907524

1.40625 -0.00907522
1.42188 -0.00935707

1.42188 -0.00935705
1.4375 -0.0096423

1.4375 -0.00964228
1.45312 -0.00993103

1.45312 -0.009931
1.46875 -0.0102233

1.46875 -0.0102233
1.48438 -0.0105193

1.48438 -0.0105193
1.5 -0.0108191

