-4 -0.00452152
-3.65621 0

-3.54868 0
-3.5 0.000640192

-3.5 -0.00232871
-3.44625 0

-3.25 -0.00295238
-3.22749 0

-3.125 -0.00409383
-3.10865 0

-3 -0.0943892
-3.00054 -0.09375

-3 -0.0714173
-3.00251 -0.0625

-3 -0.0485239
-3.00019 -0.03125

-3.40221 0
-3.25 0.00661508

1.5 0.0683857
1.51562 0.0723224

1.51382 0.078125
1.51562 0.0786025

1.51562 0.0716073
1.53125 0.0762727

1.52548 0.078125
1.53125 0.0798473

1.53125 0.0759841
1.5376 0.078125

1.53319 0.078125
1.54688 0.0827419

1.54688 0.0814847
1.5625 0.08811

-3.21685 0
-3.125 0.0127394

1.5625 0.0881927
1.5741 0.09375

1.569 0.09375
1.57812 0.0981208

1.57812 0.0978462
1.59375 0.101689

1.59375 0.101184
1.60938 0.100113

1.60938 0.0991542
1.625 0.0960969

1.64062 0.0935177
1.63903 0.09375

1.64062 0.0934047
1.65625 0.0927259

1.625 0.0956555
1.63806 0.09375

1.65625 0.0928664
1.67188 0.0934872

-3.10445 0
-3.0625 0.0198117

1.67188 0.0933596
1.67543 0.09375

1.67441 0.09375
1.6875 0.0951859

-3.0625 0.00402359
-3.03125 0.0285919

1.6875 0.0952796
1.70312 0.0979312

1.70312 0.0981258
1.71875 0.101094

1.71875 0.101093
1.73438 0.103992

1.73438 0.103956
1.75 0.10686

-3.03905 0.03125
-3.03125 0.0467567

-3 0.0288881
-3.00539 0.03125

-3.03125 0.0529557
-3.02649 0.0625

-3.03278 0.0625
-3.03125 0.0793939

-3.03805 0.09375
-3.03125 0.114195

-3.03125 0.0698502
-3.02255 0.09375

-3.03125 0.107267
-3.00767 0.125

-3.0244 0.125
-3 0.144337

1.75 0.106649
1.76262 0.109375

1.76231 0.109375
1.76562 0.110091

1.76562 0.110327
1.78125 0.113989

1.78125 0.113999
1.79688 0.11735

1.79688 0.117337
1.8125 0.120385

1.8125 0.120389
1.82812 0.123152

1.82812 0.123109
1.83975 0.125

1.83959 0.125
1.84375 0.125677

1.84375 0.125755
1.85938 0.127957

1.85938 0.127933
1.875 0.129646

-2.96875 -0.103607
-2.98015 -0.09375

1.875 0.129599
1.89062 0.130965

1.89062 0.130925
1.90625 0.132119

-2.98438 -0.0838927
-2.98673 -0.078125

-2.98481 -0.078125
-2.98458 -0.0625

-2.98438 -0.0893329
-2.98186 -0.09375

-2.98419 -0.078125
-2.98396 -0.0625

-2.96875 -0.101047
-2.95312 -0.106248

-2.95312 -0.105822
-2.9375 -0.108965

-2.9845 -0.0625
-2.98438 -0.0571974

1.90625 0.132103
1.92188 0.133237

1.92188 0.133255
1.9375 0.134326

-2.98438 -0.0321999
-2.98439 -0.03125

1.9375 0.134367
1.95312 0.135257

1.95312 0.135284
1.96875 0.135857

1.96875 0.135833
1.98438 0.136081

-2.98401 -0.0625
-2.98394 -0.046875

1.98438 0.136003
2 0.136132

-2.98414 -0.046875
-2.98436 -0.03125

-2.98438 -0.0209335
-2.98475 -0.015625

-2.98551 -0.015625
-2.98756 0

-2.98438 -0.0304883
-2.98432 -0.03125

-2.92188 -0.110846
-2.93479 -0.109375

-2.9375 -0.10896
-2.93386 -0.109375

-2.92188 -0.110918
-2.90625 -0.110988

-2.90625 -0.11065
-2.89062 -0.1095

-2.89062 -0.109425
-2.89005 -0.109375

-2.89062 -0.109328
-2.875 -0.107976

-2.875 -0.107647
-2.85938 -0.107097

-2.85938 -0.107179
-2.84375 -0.10793

-2.82812 -0.109527
-2.82999 -0.109375

-2.84375 -0.108234
-2.8298 -0.109375

-2.82812 -0.109822
-2.8125 -0.110398

-2.8125 -0.110299
-2.79688 -0.109755

-2.79688 -0.109512
-2.79439 -0.109375

-2.79561 -0.109375
-2.78125 -0.108583

-2.78125 -0.108364
-2.76562 -0.108243

-2.76562 -0.108462
-2.75 -0.109098

-2.73438 -0.110009
-2.74581 -0.109375

-2.75 -0.109142
-2.74579 -0.109375

-2.73438 -0.110017
-2.71875 -0.111007

-2.71875 -0.111098
-2.70312 -0.112014

-2.70312 -0.11209
-2.6875 -0.112598

-1 -0.09278
-0.984375 -0.0925997

-0.984375 -0.0926025
-0.96875 -0.0926894

-0.96875 -0.0927114
-0.953125 -0.0930156

-0.953125 -0.0930708
-0.9375 -0.093438

-2.6875 -0.112549
-2.67188 -0.112592

-0.921875 -0.0938273
-0.920601 -0.09375

-0.9375 -0.0935697
-0.921875 -0.093626

-0.920353 -0.09375
-0.90625 -0.0928941

0 -0.0563649
0.015625 -0.0543257

-2.67188 -0.112554
-2.65625 -0.112308

-2.65625 -0.112252
-2.64062 -0.111906

-2.64062 -0.111858
-2.625 -0.111622

-0.90625 -0.0930342
-0.890625 -0.0903688

-0.890625 -0.0904928
-0.875 -0.0855792

0.015625 -0.0543146
0.03125 -0.0521871

-0.75 -0.14713
-0.756676 -0.140625

-0.760708 -0.140625
-0.757089 -0.125

-0.875 -0.0855041
-0.859375 -0.0788319

-0.864011 -0.078125
-0.859375 -0.0761453

-0.859375 -0.0786756
-0.857439 -0.078125

-0.859375 -0.076879
-0.84375 -0.072436

-0.84375 -0.0733975
-0.828125 -0.0725791

-0.828125 -0.0730791
-0.8125 -0.0730309

-0.8125 -0.0729916
-0.796875 -0.0727925

-0.796875 -0.0725841
-0.78125 -0.0727296

2 0.136068
2.01562 0.13636

2.01562 0.136384
2.03125 0.13692

2.03125 0.136957
2.04688 0.137614

2.04688 0.137467
2.0625 0.138468

2.0625 0.138211
2.07812 0.140363

2.07812 0.140307
2.07955 0.140625

2.07851 0.140625
2.09375 0.144029

-2.625 -0.111579
-2.60938 -0.111633

2.09375 0.144711
2.10938 0.147825

0.03125 -0.0521882
0.046875 -0.0499922

0.046875 -0.0500063
0.0625 -0.0477114

0.0625 -0.0477233
0.067918 -0.046875

0.0679218 -0.046875
0.078125 -0.0452774

0.078125 -0.0453016
0.09375 -0.0426301

0.09375 -0.0426341
0.109375 -0.039681

0.109375 -0.0396542
0.125 -0.0364652

2.10938 0.147768
2.125 0.14923

-0.78125 -0.0726409
-0.765625 -0.0737253

2.125 0.14902
2.14062 0.149363

2.14062 0.149272
2.15625 0.149097

-0.765625 -0.073779
-0.75 -0.0758724

0.125 -0.0363911
0.140625 -0.0331678

0.140625 -0.0330381
0.150571 -0.03125

0.150265 -0.03125
0.15625 -0.0301741

0.15625 -0.0301975
0.171875 -0.0281251

2.15625 0.148992
2.17188 0.148689

0.171875 -0.0281981
0.1875 -0.0267387

2.17188 0.148648
2.1875 0.148509

-0.75 -0.144702
-0.734375 -0.153485

-0.75 -0.125571
-0.749681 -0.125

-0.734375 -0.152397
-0.71875 -0.153311

-2.60938 -0.111664
-2.59375 -0.112032

-0.71875 -0.155249
-0.703125 -0.146585

-0.703125 -0.148084
-0.696246 -0.140625

-0.693657 -0.140625
-0.694825 -0.125

2.1875 0.148588
2.20312 0.148536

-0.747777 -0.125
-0.734375 -0.118889

0.1875 -0.0268332
0.203125 -0.0256517

-2.59375 -0.112117
-2.57812 -0.112566

0.203125 -0.0257483
0.21875 -0.0244623

-0.734375 -0.118923
-0.71875 -0.116031

0.21875 -0.0245261
0.234375 -0.0228145

0.234375 -0.022833
0.25 -0.020531

-0.734375 -0.0788726
-0.738714 -0.078125

-0.75 -0.0759745
-0.737519 -0.078125

-0.734375 -0.0793467
-0.71875 -0.0810739

-0.71875 -0.113333
-0.703125 -0.119867

-0.703125 -0.118973
-0.696918 -0.125

-0.71875 -0.0811369
-0.703125 -0.0805117

-0.703125 -0.0802882
-0.689793 -0.078125

-0.691614 -0.078125
-0.6875 -0.0774575

-0.6875 -0.0773991
-0.671875 -0.0741089

-0.671875 -0.0738914
-0.65625 -0.070868

2.20312 0.148714
2.21875 0.148237

2.21875 0.148321
2.23438 0.146895

2.23438 0.146835
2.25 0.144411

0.25 -0.0205026
0.265625 -0.0176299

0.265625 -0.017604
0.275218 -0.015625

2.32812 0.123966
2.3244 0.125

2.32812 0.123837
2.34375 0.119498

0.274554 -0.015625
0.28125 -0.0142435

0.28125 -0.0144662
0.296875 -0.0107725

0.296875 -0.0108808
0.3125 -0.00621748

0.3125 -0.0058221
0.328125 -0.00076319

0.328125 -0.000403978
0.330045 0

-2.57812 -0.112652
-2.5625 -0.112838

-2.5625 -0.112861
-2.54688 -0.112568

-2.54688 -0.112545
-2.53125 -0.111774

-2.53125 -0.11173
-2.51562 -0.110614

-2.51562 -0.110586
-2.50127 -0.109375

-2.50112 -0.109375
-2.5 -0.10928

-2.988 0
-2.9891 0.015625

-2.98882 0.015625
-2.98781 0.03125

0.328366 0
0.34375 0.00323682

-0.65625 -0.0706448
-0.640625 -0.0687697

2.34375 0.119508
2.35938 0.115235

-2.98776 0.03125
-2.98532 0.046875

2.35938 0.115341
2.375 0.110903

0.34375 0.00299118
0.359375 0.00357345

0.359375 0.00305045
0.375 0.00241591

-2.98448 0.046875
-2.98438 0.0482993

0.375 0.00201486
0.390625 0.0020116

-0.640625 -0.0686717
-0.625 -0.0685872

2.25 0.144373
2.26562 0.141145

-2.98438 0.0473588
-2.98327 0.0625

-0.625 -0.068649
-0.609375 -0.0704273

2.28125 0.137186
2.26771 0.140625

-0.609375 -0.0706292
-0.59375 -0.0737428

0.390625 0.00197069
0.40625 0.00348263

-0.59375 -0.0739759
-0.578125 -0.0775548

0.40625 0.0036243
0.421875 0.0064499

-0.5625 -0.0809058
-0.576632 -0.078125

2.26562 0.141131
2.26762 0.140625

-2.98438 0.0890255
-2.985 0.09375

2.28125 0.137026
2.29688 0.132619

0.421875 0.00658422
0.4375 0.0101715

0.4375 0.0102872
0.453125 0.0141362

0.453125 0.0142447
0.459155 0.015625

0.458855 0.015625
0.46875 0.0178898

0.46875 0.0176862
0.484375 0.0210428

2.29688 0.132546
2.3125 0.128159

0.484375 0.0209225
0.5 0.0246553

-0.578125 -0.0776364
-0.575642 -0.078125

-0.5625 -0.0809763
-0.546875 -0.082853

-0.546875 -0.0828361
-0.53125 -0.0833579

-0.53125 -0.0833042
-0.515625 -0.082612

-0.515625 -0.0825315
-0.5 -0.0808939

2.3125 0.128191
2.32398 0.125

-2.98438 0.076036
-2.9841 0.0625

2.39062 0.105966
2.38013 0.109375

2.375 0.111011
2.38003 0.109375

-2.98438 0.0783901
-2.98434 0.078125

-2.98525 0.09375
-2.99792 0.125

-2.99703 0.125
-2.98571 0.15625

2.39062 0.105853
2.40625 0.100082

0.5 0.0246785
0.515625 0.0289816

0.515625 0.0291695
0.523223 0.03125

0.522631 0.03125
0.53125 0.0336101

0.53125 0.0334861
0.546875 0.037288

0.546875 0.037331
0.5625 0.0406669

-0.5 -0.0808108
-0.484375 -0.078555

-0.484375 -0.0785341
-0.481943 -0.078125

-0.482075 -0.078125
-0.46875 -0.0758835

-0.46875 -0.0758182
-0.453125 -0.0730338

-0.453125 -0.0728728
-0.4375 -0.0703921

2.4375 0.087802
2.42215 0.09375

-0.4375 -0.0704382
-0.421875 -0.0684907

2.40625 0.0999869
2.42188 0.093918

2.42188 0.0938584
2.42215 0.09375

-3 0.184402
-2.96875 0.180704

2.4375 0.0877797
2.45312 0.0819064

-2.96875 0.139334
-2.95312 0.139334

-0.421875 -0.0685935
-0.40625 -0.0668814

2.46875 0.0762376
2.46363 0.078125

-0.40625 -0.0666235
-0.390625 -0.0654574

-0.390625 -0.0648413
-0.375 -0.0659692

2.45312 0.0819444
2.46349 0.078125

-0.375 -0.0657563
-0.359375 -0.0708359

2.46875 0.076069
2.48438 0.0705967

-0.34375 -0.0803635
-0.348729 -0.078125

-0.359375 -0.071723
-0.345136 -0.078125

2.48438 0.0704962
2.5 0.0657802

-0.34375 -0.0800928
-0.328125 -0.0846003

-2.96875 0.146532
-2.95977 0.15625

-2.96875 0.163045
-2.96629 0.171875

-2.96875 0.182546
-2.9636 0.171875

-2.99175 0.1875
-2.96875 0.189273

-2.96875 0.189017
-2.96748 0.1875

-2.9375 0.239502
-2.95331 0.25

-0.328125 -0.0839802
-0.3125 -0.0851787

0.5625 0.0409251
0.578125 0.0431928

0.578125 0.0434039
0.59375 0.0436648

-0.3125 -0.0848246
-0.296875 -0.0846624

-2.9375 0.239924
-2.92428 0.25

-0.296875 -0.084518
-0.28125 -0.083992

0.59375 0.0434217
0.609375 0.04174

2.9375 -0.250166
2.93665 -0.25

0.609375 0.0411943
0.625 0.0391477

2.9375 -0.25035
2.93806 -0.25

-0.28125 -0.0839558
-0.265625 -0.0834272

2.79688 -0.000148654
2.8125 -0.00386301

-0.265625 -0.08344
-0.25 -0.0829555

0.625 0.0388755
0.640625 0.0380997

-2.95217 0.25
-2.9375 0.26722

-2.9375 0.268705
-2.92476 0.25

0.640625 0.0382302
0.65625 0.0390084

2.8125 -0.00369697
2.82812 -0.00705261

2.82812 -0.0073609
2.84375 -0.0100731

-0.25 -0.0829806
-0.234375 -0.0824643

0.65625 0.0392923
0.671875 0.0407954

-2.90625 0.269895
-2.90198 0.265625

0.671875 0.0410519
0.6875 0.0421994

0.6875 0.0423529
0.703125 0.0423249

0.703125 0.0423351
0.71875 0.0408041

0.71875 0.0407128
0.734375 0.0378407

-2.5 -0.109247
-2.48438 -0.107827

-2.48438 -0.107809
-2.46875 -0.106368

-2.46875 -0.106365
-2.45312 -0.104943

2.84375 -0.00964992
2.85938 -0.0119483

-0.234375 -0.082486
-0.21875 -0.0818444

0.734375 0.0377356
0.75 0.0339154

-0.21875 -0.0818574
-0.203125 -0.0810213

2.85938 -0.0123687
2.875 -0.0142588

-2.45312 -0.10494
-2.4375 -0.103551

2.93671 -0.25
2.9375 -0.245022

-0.203125 -0.081025
-0.1875 -0.0799608

2.9375 -0.245407
2.93781 -0.25

-2.4375 -0.10353
-2.42188 -0.102219

-2.42188 -0.102169
-2.40625 -0.101075

-2.40625 -0.101009
-2.39062 -0.100364

0.765625 0.0294376
0.758993 0.03125

0.765625 0.029392
0.78125 0.0251783

0.75 0.0338159
0.759389 0.03125

0.78125 0.0251161
0.796875 0.0213016

-2.39062 -0.100327
-2.375 -0.10034

0.796875 0.0212518
0.8125 0.0180607

2.875 -0.0137369
2.89062 -0.0154216

0.8125 0.0180021
0.828125 0.0156515

-2.375 -0.100366
-2.35938 -0.101062

0.828125 0.0155928
0.84375 0.0143167

2.89062 -0.0162881
2.90625 -0.0170911

-0.1875 -0.0799632
-0.171875 -0.078659

-0.171875 -0.0786657
-0.166361 -0.078125

-0.166594 -0.078125
-0.15625 -0.0771106

2.89062 -0.0155238
2.89259 -0.015625

2.92188 -0.0175091
2.91075 -0.015625

2.90625 -0.0148609
2.91078 -0.015625

0.828125 0.0156523
0.828459 0.015625

0.84375 0.0143428
0.859375 0.0142063

0.859375 0.0142997
0.875 0.0150645

2.92188 -0.0173733
2.9375 -0.0265425

2.96875 -0.068632
2.96692 -0.0625

-0.15625 -0.0771301
-0.140625 -0.0753632

2.96875 -0.0991934
3 -0.0990265

2.96875 -0.0843457
2.97656 -0.09375

2.96875 -0.0769391
2.98438 -0.0756647

-0.140625 -0.0753743
-0.125 -0.0733276

0.875 0.0150895
0.881128 0.015625

0.880543 0.015625
0.890625 0.016506

0.890625 0.0165119
0.90625 0.018314

2.98802 -0.09375
2.99035 -0.078125

2.98716 -0.078125
2.98477 -0.0625

-0.125 -0.0733225
-0.109375 -0.070984

2.95312 -0.0428464
2.94231 -0.03125

-0.109375 -0.0709461
-0.09375 -0.068402

-2.35938 -0.101155
-2.34375 -0.102295

-2.34375 -0.102406
-2.32812 -0.10358

0.90625 0.0183514
0.921875 0.0204656

-0.09375 -0.0683331
-0.078125 -0.0657971

-0.078125 -0.0657365
-0.0625 -0.0634679

-0.0625 -0.0634844
-0.0543517 -0.0625

-0.054569 -0.0625
-0.046875 -0.0615704

-0.046875 -0.0616704
-0.03125 -0.0599829

-0.03125 -0.0600273
-0.015625 -0.0582786

-0.015625 -0.0582812
0 -0.0563774

2.96621 -0.0625
2.9559 -0.046875

2.95312 -0.0441798
2.95545 -0.046875

2.9375 -0.0267615
2.94265 -0.03125

2.97985 -0.0625
2.98438 -0.0540619

2.98181 -0.046875
2.98438 -0.039176

2.98438 -0.0593465
2.98448 -0.0625

2.98397 -0.03125
2.98438 -0.0295426

2.98438 -0.0288608
2.98745 -0.015625

2.98855 -0.015625
2.99346 0

2.51562 0.0620376
2.51375 0.0625

2.51562 0.0620679
2.53125 0.0588356

2.53125 0.0589323
2.54688 0.0559403

2.54688 0.0560114
2.5625 0.0529239

2.5 0.0658139
2.51347 0.0625

-2.32812 -0.103644
-2.3125 -0.104504

-2.3125 -0.104505
-2.29688 -0.104924

2.5625 0.0529434
2.57812 0.0495791

0.921875 0.0205176
0.9375 0.022765

-2.29688 -0.10489
-2.28125 -0.104937

-2.28125 -0.1049
-2.26562 -0.104713

2.59375 0.0459257
2.58971 0.046875

2.57812 0.0495659
2.58959 0.046875

2.59375 0.0458476
2.60938 0.0420011

2.60938 0.0419481
2.625 0.038144

2.65625 0.0311246
2.65568 0.03125

2.625 0.0381304
2.64062 0.0345022

2.64062 0.0345082
2.65541 0.03125

2.65625 0.0310897
2.67188 0.0277722

2.67188 0.0277536
2.6875 0.0245552

2.6875 0.0245873
2.70312 0.0214809

0.9375 0.0228062
0.953125 0.0250001

0.953125 0.0250059
0.96875 0.0270525

0.96875 0.0270242
0.984375 0.0289685

0.984375 0.0289251
1 0.0309102

-2.26562 -0.10469
-2.25 -0.104389

2.70312 0.0214687
2.71875 0.0184143

2.73438 0.0153675
2.7331 0.015625

2.71875 0.0185067
2.73296 0.015625

2.73438 0.0153268
2.75 0.011885

-2.25 -0.104377
-2.23438 -0.104034

-2.23438 -0.10403
-2.21875 -0.103677

-2.21875 -0.103675
-2.20312 -0.103326

-2.20312 -0.103325
-2.1875 -0.102982

2.75 0.011949
2.76562 0.00813416

2.76562 0.00797304
2.78125 0.00397921

-2.1875 -0.102982
-2.17188 -0.10265

-2.17188 -0.10265
-2.15625 -0.10233

-2.15625 -0.102331
-2.14062 -0.10202

-2.14062 -0.102023
-2.125 -0.101713

2.78125 0.00404938
2.79688 5.84656e-05

-2.125 -0.101718
-2.10938 -0.101394

-2.10938 -0.101399
-2.09375 -0.101042

-2.09375 -0.101046
-2.07812 -0.10064

-2.07812 -0.100642
-2.0625 -0.100174

2.79688 3.02062e-05
2.797 0

-2.0625 -0.100173
-2.04688 -0.0996404

2.9946 0
2.99634 0.015625

2.99421 0.015625
2.98949 0.03125

2.9888 0.03125
2.98486 0.046875

2.98667 0.046875
2.98652 0.0625

-2.04688 -0.0996376
-2.03125 -0.0990467

-2.03125 -0.0990421
-2.01562 -0.0984077

2.98614 0.0625
2.98693 0.078125

2.98739 0.078125
2.98896 0.09375

-2.01562 -0.0984019
-2 -0.0977449

2.98743 0.09375
2.99649 0.125

2.93553 0.21875
2.92147 0.25

2.96875 0.158804
2.96393 0.171875

2.96488 0.171875
2.96875 0.186005

2.99516 0.125
2.9895 0.15625

2.96875 0.178329
2.99039 0.1875

2.96875 0.200249
2.95174 0.21875

2.9506 0.21875
2.96875 0.242729

2.96875 0.204892
2.98482 0.1875

2.96875 0.238856
2.9696 0.21875

2.91119 0.25
2.9375 0.277918

2.9375 0.266856
2.97762 0.25

3.0625 -0.00844819
3.0399 0

3.125 -0.00749161
3.08343 0

3.25 -0.00578879
3.19811 0

3.5 -0.00389567
3.39309 0

3 0.0290543
3.03125 0.0273663

3.02241 0.03125
3.02609 0.0625

3.03125 0.0131404
3.0485 0

3.02509 0.0625
3.03125 0.0858083

3.03125 0.121205
3.02719 0.125

3.03125 0.0770014
3.03384 0.09375

3.03125 0.122475
3.03761 0.09375

3.0625 0.0118331
3.08973 0

3 0.158709
3.02946 0.125

3 0.190404
3.00146 0.1875

3.125 0.00797169
3.18751 0

3.25 0.00347086
3.34386 0

4 -0.00535495
3.51355 0

1 0.0309004
1.00267 0.03125

1.00229 0.03125
1.01562 0.0329985

1.01562 0.0330758
1.03125 0.0349522

1.03125 0.0351176
1.04688 0.0363211

1.04688 0.0364201
1.0625 0.0364219

1.0625 0.0362771
1.07812 0.0351688

1.07812 0.0349563
1.09375 0.0334526

1.125 0.0309007
1.12048 0.03125

1.09375 0.0333963
1.10938 0.0320349

-2 -0.0977385
-1.98438 -0.0970835

-1.98438 -0.0970772
-1.96875 -0.0964495

1.10938 0.0320755
1.12006 0.03125

-1.96875 -0.0964441
-1.95312 -0.0958671

-1.95312 -0.0958634
-1.9375 -0.0953554

-1.9375 -0.0953537
-1.92188 -0.0949256

-1.92188 -0.0949259
-1.90625 -0.0945804

-1.90625 -0.094582
-1.89062 -0.0943152

1.125 0.0308447
1.14062 0.029756

1.14062 0.0296806
1.15625 0.0289278

1.15625 0.0288318
1.17188 0.0287579

-1.89062 -0.0943172
-1.875 -0.0941217

-1.875 -0.0941234
-1.85938 -0.0939916

-1.85938 -0.0939927
-1.84375 -0.0939191

-1.84375 -0.09392
-1.82812 -0.0939006

-1.82812 -0.093902
-1.8125 -0.0939323

-1.8125 -0.0939347
-1.79688 -0.0940068

-1.79688 -0.0940102
-1.78125 -0.0941122

-1.78125 -0.0941171
-1.76562 -0.0942321

1.17188 0.0287312
1.1875 0.0295818

1.1875 0.0295934
1.20191 0.03125

1.20149 0.03125
1.20312 0.0314376

1.20312 0.0317419
1.21875 0.0337575

-1.76562 -0.0942376
-1.75 -0.094345

1.21875 0.0336449
1.23438 0.0354097

1.23438 0.0352779
1.25 0.037281

-1.75 -0.0943509
-1.73438 -0.0944279

-1.73438 -0.0944325
-1.71875 -0.0944582

-1.71875 -0.0944602
-1.70312 -0.0944214

-1.70312 -0.0944208
-1.6875 -0.0943148

-1.6875 -0.0943119
-1.67188 -0.0941457

-1.67188 -0.0941418
-1.65625 -0.0939292

-1.65625 -0.0939252
-1.64498 -0.09375

-1.64503 -0.09375
-1.64062 -0.0936814

-1.64062 -0.0936783
-1.625 -0.0934209

1.25 0.03731
1.26562 0.0397572

-1.625 -0.0934177
-1.60938 -0.09316

-1.60938 -0.0931572
-1.59375 -0.0929113

-1.59375 -0.0929092
-1.57812 -0.0926852

1.26562 0.0398418
1.28125 0.0425059

1.28125 0.0422709
1.29688 0.0454527

1.29688 0.0453239
1.30325 0.046875

-1.57812 -0.092684
-1.5625 -0.0924884

-1.5625 -0.0924882
-1.54688 -0.092324

1.30128 0.046875
1.3125 0.0496026

1.3125 0.0494045
1.32812 0.0535157

1.32812 0.0533034
1.34375 0.0582161

1.34375 0.0580554
1.35599 0.0625

-1.54688 -0.0923244
-1.53125 -0.0921908

1.35264 0.0625
1.35938 0.0649443

1.35938 0.0645214
1.375 0.0696926

-1.53125 -0.0921911
-1.51562 -0.092087

1.375 0.0694161
1.39062 0.0738396

1.39062 0.0737292
1.40621 0.078125

1.4047 0.078125
1.40625 0.0785612

-1.51562 -0.0920859
-1.5 -0.0920129

1.40625 0.0793889
1.42188 0.0814925

1.4375 0.0773645
1.43418 0.078125

1.42188 0.0820331
1.4375 0.0784508

1.4375 0.0767203
1.45312 0.069825

1.4375 0.0783451
1.438 0.078125

1.45312 0.0686145
1.46875 0.0641264

1.46875 0.0642964
1.48438 0.0643034

1.48438 0.0648641
1.5 0.067905

-1.5 -0.0920094
-1.48438 -0.0919766

-1.48438 -0.0919704
-1.46875 -0.0919974

-1.46875 -0.0919893
-1.45312 -0.0921047

-1.45312 -0.0920971
-1.4375 -0.0923321

-1.4375 -0.0923276
-1.42188 -0.0927066

-1.42188 -0.0927069
-1.40625 -0.0932382

-1.39062 -0.0939156
-1.39447 -0.09375

-1.39062 -0.093924
-1.375 -0.0947103

-1.40625 -0.0932436
-1.39448 -0.09375

-1.375 -0.0947208
-1.35938 -0.0955836

-1.35938 -0.0955949
-1.34375 -0.0964908

-1.34375 -0.0965011
-1.32812 -0.0973871

-1.32812 -0.0973957
-1.3125 -0.0982343

-1.3125 -0.0982408
-1.29688 -0.0990019

-1.29688 -0.0990064
-1.28125 -0.0996681

-1.28125 -0.0996709
-1.26562 -0.100219

-1.26562 -0.10022
-1.25 -0.100646

-1.25 -0.100647
-1.23438 -0.100946

-1.23438 -0.100946
-1.21875 -0.101116

-1.21875 -0.101116
-1.20312 -0.101154

-1.20312 -0.101155
-1.1875 -0.101058

-1.1875 -0.101059
-1.17188 -0.100824

-1.17188 -0.100825
-1.15625 -0.100449

-1.15625 -0.100448
-1.14062 -0.0999323

-1.14062 -0.0999302
-1.125 -0.0992791

-1.125 -0.0992748
-1.10938 -0.0985013

-1.10938 -0.0984944
-1.09375 -0.0976208

-1.09375 -0.097611
-1.07812 -0.0966709

-1.07812 -0.096658
-1.0625 -0.0956968

-1.0625 -0.0956816
-1.04688 -0.0947557

-1.04688 -0.0947379
-1.03125 -0.0939134

-1.03125 -0.0938954
-1.0278 -0.09375

-1.02768 -0.09375
-1.01562 -0.093241

-1.01562 -0.0932266
-1 -0.0927866

