-4 -0.00171623
-3.7525 0

-3.64953 0
-3.5 0.00103691

-3.5 -0.00168341
-3.43049 0

-3.25 -0.00227617
-3.21888 0

-3.125 -0.00307851
-3.10869 0

-3.40289 0
-3.25 0.00374239

-3.2143 0
-3.125 0.00725704

-3.109 0
-3.0625 0.0119844

-3.0625 0.00133028
-3.03125 0.0202601

-3.03183 0.03125
-3.03125 0.0321602

-3 0.0265479
-3.02473 0.03125

1.5 0.209975
1.51562 0.209377

1.51562 0.209378
1.53125 0.208878

1.53125 0.20888
1.54688 0.208471

1.54688 0.208472
1.5625 0.208148

1.5625 0.208147
1.57812 0.207907

1.57812 0.207904
1.59375 0.207756

1.59375 0.207751
1.60938 0.207711

1.60938 0.207704
1.625 0.207793

-3.0296 0.03125
-3.00325 0.0625

-3.02148 0.0625
-3.0084 0.09375

-3.00526 0.09375
-3 0.121224

1.625 0.207786
1.64062 0.208032

-3.01811 0.125
-3 0.153072

1.64062 0.208024
1.65625 0.208455

1.65625 0.208448
1.67188 0.209093

1.67188 0.209088
1.6875 0.209973

1.6875 0.209969
1.70312 0.211112

1.70312 0.211111
1.71875 0.212521

1.71875 0.212522
1.73438 0.214201

1.73438 0.214202
1.75 0.216146

1.75 0.216137
1.76562 0.218359

1.76562 0.218357
1.76805 0.21875

1.7681 0.21875
1.78125 0.220882

1.78125 0.220921
1.79688 0.223707

1.79688 0.223711
1.8125 0.226666

1.8125 0.226663
1.82812 0.229781

1.82812 0.22977
1.84375 0.233078

1.84375 0.233056
1.84946 0.234375

-2.89062 -0.258231
-2.89893 -0.25

-2.875 -0.274478
-2.88703 -0.265625

-2.89062 -0.259433
-2.88314 -0.265625

0 -0.228741
0.015625 -0.226823

1.8496 0.234375
1.85938 0.23663

1.85938 0.236701
1.875 0.240569

0.015625 -0.227087
0.03125 -0.223883

0.03125 -0.2243
0.0463408 -0.21875

0.046875 -0.218852
0.0470886 -0.21875

0.044725 -0.21875
0.046875 -0.217959

0.046875 -0.217837
0.0625 -0.210146

0.0625 -0.211133
0.075301 -0.203125

-1 -0.235914
-0.985978 -0.234375

-2.875 -0.273162
-2.85938 -0.277221

-0.986254 -0.234375
-0.984375 -0.234169

0.0735929 -0.203125
0.078125 -0.200286

-2.85938 -0.275534
-2.84375 -0.275803

-2.84375 -0.275613
-2.82812 -0.275845

0.078125 -0.200056
0.09375 -0.188827

-2.82812 -0.2759
-2.8125 -0.276363

1.875 0.240558
1.89062 0.244591

-2.8125 -0.276378
-2.79688 -0.276931

1.89062 0.244557
1.90625 0.248848

-0.984375 -0.234125
-0.96875 -0.232219

0.09375 -0.18896
0.0957964 -0.1875

1.90625 0.248826
1.91014 0.25

0.0964103 -0.1875
0.109375 -0.177718

-2.79688 -0.276906
-2.78125 -0.277569

-0.96875 -0.232218
-0.953125 -0.230265

-2.78125 -0.277701
-2.76562 -0.278261

-0.953125 -0.230337
-0.9375 -0.228197

1.91025 0.25
1.92188 0.253504

0.109375 -0.177166
0.115766 -0.171875

-2.76562 -0.278129
-2.75 -0.278587

0.116325 -0.171875
0.125 -0.164336

-2.9375 -0.197434
-2.94332 -0.1875

-0.9375 -0.228195
-0.921875 -0.225729

0.125 -0.163965
0.132965 -0.15625

0.133205 -0.15625
0.140625 -0.148367

-2.96875 -0.125666
-2.96903 -0.125

1.92188 0.253587
1.9375 0.258656

-0.921875 -0.225623
-0.90625 -0.223051

1.9375 0.258613
1.95312 0.263978

1.95312 0.263944
1.95759 0.265625

1.95772 0.265625
1.96875 0.269781

0.140625 -0.147997
0.147166 -0.140625

-0.90625 -0.222946
-0.890625 -0.22069

0.147551 -0.140625
0.15625 -0.12992

0.15625 -0.129761
0.159946 -0.125

0.160514 -0.125
0.170865 -0.109375

1.96875 0.269915
1.98438 0.276226

-2.95312 -0.177509
-2.95547 -0.171875

-2.95312 -0.174104
-2.94736 -0.1875

0.170846 -0.109375
0.171875 -0.107183

0.171875 -0.107234
0.178206 -0.09375

-0.890625 -0.220701
-0.875 -0.218951

1.98438 0.276113
1.99619 0.28125

-2.95312 -0.159404
-2.95114 -0.171875

0.176979 -0.09375
0.183745 -0.078125

-0.875 -0.219055
-0.87167 -0.21875

-0.871968 -0.21875
-0.859375 -0.217598

0.184127 -0.078125
0.1875 -0.0699133

0.1875 -0.0730142
0.191819 -0.0625

-0.859375 -0.217681
-0.84375 -0.216256

0.191285 -0.0625
0.195112 -0.046875

1.99655 0.28125
2 0.28275

0.19342 -0.046875
0.19802 -0.03125

0.195846 -0.03125
0.203125 -0.016859

-2.95312 -0.154174
-2.95992 -0.140625

-0.84375 -0.216324
-0.828125 -0.214612

0.203125 -0.028364
0.209568 -0.015625

-2.96875 -0.134381
-2.96494 -0.140625

-2.95312 -0.155344
-2.95267 -0.15625

-0.828125 -0.214623
-0.8125 -0.212468

0.208279 -0.015625
0.214772 0

-2.90625 -0.24558
-2.92682 -0.21875

-2.92209 -0.21875
-2.93115 -0.203125

-2.9375 -0.199091
-2.9344 -0.203125

-2.90625 -0.244597
-2.90077 -0.25

-2.97207 -0.125
-2.98426 -0.09375

0.213319 0
0.217111 0.015625

0.21705 0.015625
0.21875 0.0257282

-0.8125 -0.212425
-0.796875 -0.209892

-0.796875 -0.209808
-0.78125 -0.20715

-2.98872 -0.09375
-2.98986 -0.078125

-2.98546 -0.078125
-2.98438 -0.0715923

-2.98438 -0.0770614
-2.982 -0.0625

-0.78125 -0.207106
-0.765625 -0.204579

-0.765625 -0.204659
-0.755678 -0.203125

0.21875 0.0109544
0.219884 0.015625

0.21875 0.018244
0.220938 0.03125

-0.756165 -0.203125
-0.75 -0.202174

0.220193 0.03125
0.221091 0.046875

2 0.282995
2.01562 0.290317

0.220183 0.046875
0.221483 0.0625

-0.75 -0.202191
-0.734375 -0.199857

-0.734375 -0.199946
-0.71875 -0.197568

2.01562 0.290221
2.02887 0.296875

-0.71875 -0.197599
-0.703125 -0.194935

2.0293 0.296875
2.03125 0.297856

0.25 0.0603157
0.248956 0.0625

-2.98438 -0.0485737
-2.98397 -0.0625

0.21875 0.0719685
0.218146 0.078125

-2.98438 -0.0358274
-2.98413 -0.046875

2.03125 0.29815
2.04688 0.306559

2.04688 0.306496
2.05728 0.3125

-0.703125 -0.194869
-0.6875 -0.191989

2.05765 0.3125
2.0625 0.315295

-2.98438 -0.0257086
-2.98593 -0.015625

0.218063 0.078125
0.217325 0.09375

-2.98675 -0.015625
-2.99145 0

2.0625 0.315555
2.07812 0.32521

-0.6875 -0.191962
-0.671875 -0.189055

-2.98438 -0.0306319
-2.98428 -0.03125

0.217463 0.09375
0.216468 0.109375

2.07812 0.325194
2.08265 0.328125

-0.671875 -0.189166
-0.663095 -0.1875

0.214151 0.109375
0.217433 0.125

2.08274 0.328125
2.09375 0.335344

-2.73438 -0.281513
-2.73674 -0.28125

-0.663881 -0.1875
-0.65625 -0.186052

-2.71875 -0.283612
-2.73183 -0.28125

-0.65625 -0.186019
-0.640625 -0.183136

2.09375 0.33543
2.10554 0.34375

-0.640625 -0.183216
-0.625 -0.180481

2.10594 0.34375
2.10938 0.346154

-2.75 -0.278008
-2.73438 -0.279742

0.21875 0.0712048
0.220233 0.078125

-2.73438 -0.279723
-2.72592 -0.28125

0.21875 0.0916596
0.219839 0.09375

0.248069 0.0625
0.243367 0.078125

2.10938 0.346428
2.125 0.358179

-2.71875 -0.283505
-2.70312 -0.285571

-2.70312 -0.285438
-2.6875 -0.286477

-0.625 -0.180552
-0.609375 -0.177664

-0.609375 -0.177735
-0.59375 -0.174415

0.243028 0.078125
0.237301 0.09375

0.219938 0.09375
0.219096 0.109375

2.125 0.358177
2.12654 0.359375

2.12655 0.359375
2.14062 0.370619

2.14062 0.370726
2.14576 0.375

2.1458 0.375
2.15625 0.3839

-0.59375 -0.174549
-0.583299 -0.171875

2.15625 0.384096
2.16358 0.390625

2.16367 0.390625
2.17188 0.398123

-0.584202 -0.171875
-0.578125 -0.17032

-2.6875 -0.286428
-2.67188 -0.286801

0.234375 0.102855
0.235973 0.09375

-2.67188 -0.286685
-2.65625 -0.286723

0.239005 0.109375
0.237556 0.125

0.217013 0.125
0.21875 0.127859

0.21875 0.132004
0.234375 0.137834

0.246257 0.125
0.235957 0.140625

2.17188 0.398321
2.18021 0.40625

2.18031 0.40625
2.1875 0.413284

-0.578125 -0.170145
-0.5625 -0.166015

-0.5625 -0.166037
-0.546875 -0.162375

-0.546875 -0.162586
-0.53125 -0.158926

0.234375 0.14173
0.236979 0.140625

2.1875 0.413443
2.19589 0.421875

2.19601 0.421875
2.20312 0.429171

-2.65625 -0.286688
-2.64062 -0.286693

-0.53125 -0.159156
-0.521 -0.15625

-2.64062 -0.286637
-2.625 -0.286788

-0.521529 -0.15625
-0.515625 -0.154576

2.20312 0.429326
2.21099 0.4375

0.28125 0.0264732
0.272734 0.03125

0.265625 0.0354998
0.255584 0.046875

-2.625 -0.286811
-2.60938 -0.287176

0.25 0.0604372
0.255289 0.046875

2.21114 0.4375
2.21875 0.445469

-0.515625 -0.15442
-0.5 -0.149371

2.21875 0.445624
2.22589 0.453125

-0.5625 -0.0679631
-0.575081 -0.0625

0.265625 0.034766
0.271416 0.03125

-0.578125 -0.0620182
-0.586334 -0.046875

-2.60938 -0.287168
-2.59375 -0.287718

2.22606 0.453125
2.23438 0.461865

-2.59375 -0.287718
-2.57812 -0.288469

0.265625 0.061723
0.271288 0.0625

-2.57812 -0.28846
-2.5625 -0.28943

0.28125 0.0271984
0.296875 0.0241849

-0.587725 -0.046875
-0.578125 -0.0312607

-2.5625 -0.289432
-2.54688 -0.290632

2.23438 0.461973
2.24084 0.46875

-2.54688 -0.290558
-2.53125 -0.292134

2.24102 0.46875
2.25 0.478245

-0.578125 -0.0604472
-0.575633 -0.0625

0.296875 0.0244304
0.3125 0.0247152

-2.53125 -0.292356
-2.51562 -0.294008

-2.5 -0.29731
-2.50343 -0.296875

-2.51562 -0.293612
-2.5 -0.295592

2.25 0.478234
2.25578 0.484375

2.25602 0.484375
2.26562 0.495103

-2.99319 0
-2.99537 0.015625

2.26562 0.494853
2.27012 0.5

-2.99138 0.015625
-2.98929 0.03125

-2.98438 0.0270237
-2.98371 0.03125

-2.99239 0.03125
-2.99001 0.046875

-2.98811 0.046875
-2.98438 0.0603954

-2.98438 0.0332418
-2.98184 0.046875

-2.98433 0.046875
-2.98133 0.0625

3 -0.219289
2.99916 -0.21875

2.99872 -0.21875
3 -0.214971

-2.98438 0.084354
-2.98785 0.09375

-0.578125 -0.0360487
-0.569781 -0.03125

-2.98389 0.0625
-2.98429 0.078125

3 -0.0810497
2.99335 -0.078125

0.28125 0.0592894
0.290324 0.0625

-0.56831 -0.03125
-0.5625 -0.0300371

0.25 0.0761908
0.25221 0.078125

-0.5625 -0.0656985
-0.546875 -0.0635416

-2.98395 0.078125
-2.98382 0.09375

0.262423 0.078125
0.261329 0.09375

-2.98363 0.09375
-2.98442 0.125

2.9964 -0.078125
2.99598 -0.0625

-3 0.152606
-2.96875 0.131004

0.265625 0.0733237
0.280841 0.0625

-0.515625 -0.062533
-0.516037 -0.0625

0.256305 0.09375
0.265625 0.107921

-3 0.165078
-2.96875 0.16806

-0.5 -0.0635068
-0.506983 -0.0625

-2.96875 0.13178
-2.96382 0.140625

3 -0.0481058
2.99994 -0.046875

0.261831 0.109375
0.265625 0.109993

-0.55142 -0.0625
-0.546875 -0.0611437

-2.96691 0.140625
-2.95771 0.15625

-0.5625 -0.0337166
-0.546875 -0.0373927

2.9972 -0.046875
2.99752 -0.03125

0.265625 0.1072
0.268749 0.109375

-0.546875 -0.0611167
-0.53125 -0.0593273

0.273239 0.109375
0.28125 0.112437

-0.546875 -0.0371788
-0.53125 -0.0379084

2.99349 -0.03125
3 -0.0272265

-0.53125 -0.0606122
-0.516634 -0.0625

-0.53125 -0.0369908
-0.515625 -0.0356653

0.286169 0.0625
0.296875 0.0727037

0.291647 0.078125
0.295292 0.09375

0.296875 0.0753229
0.297888 0.078125

-0.515625 -0.0368746
-0.5 -0.0374665

2.60938 0.492515
2.59503 0.5

2.625 0.483737
2.62399 0.484375

2.60938 0.492598
2.62234 0.484375

0.296875 0.0915863
0.29703 0.09375

0.296875 0.101166
0.290401 0.109375

0.28125 0.115384
0.29332 0.109375

2.65625 0.46393
2.64746 0.46875

-0.5 -0.1493
-0.484375 -0.144277

2.625 0.48132
2.6465 0.46875

2.65625 0.463713
2.67188 0.455508

0.296875 0.101036
0.299162 0.09375

-0.484375 -0.144444
-0.473611 -0.140625

0.296875 0.111364
0.298481 0.109375

-0.471589 -0.140625
-0.46875 -0.139618

2.6875 0.447389
2.67815 0.453125

-2.95631 0.15625
-2.96486 0.171875

2.67188 0.455171
2.67525 0.453125

2.70312 0.435555
2.69987 0.4375

-2.96875 0.174124
-2.96327 0.171875

2.70312 0.437036
2.71875 0.428421

-2.97357 0.1875
-2.96875 0.188329

-0.468335 -0.140625
-0.453125 -0.130511

0.3125 0.0252861
0.328125 0.0272366

2.71875 0.427497
2.75 0.410329

0.328125 0.0277802
0.34375 0.0291677

-0.453125 -0.131049
-0.447131 -0.125

0.34375 0.0288605
0.359375 0.0292122

0.359375 0.0288173
0.375 0.0295375

-0.5 -0.0636209
-0.484375 -0.0686246

0.375 0.02976
0.390625 0.0311931

2.6875 0.445088
2.70042 0.4375

-0.484375 -0.0692364
-0.46875 -0.0762282

-0.446198 -0.125
-0.438986 -0.109375

2.9375 0.241106
2.92843 0.25

-0.439754 -0.109375
-0.44517 -0.09375

0.390302 0.03125
0.390625 0.0312796

-0.453125 -0.0851904
-0.462242 -0.078125

-2.48438 -0.299042
-2.49746 -0.296875

3 0.14894
2.99594 0.15625

-2.5 -0.295055
-2.489 -0.296875

0.390625 0.0313125
0.40625 0.032775

-2.48438 -0.298644
-2.46875 -0.301002

2.98748 0.15625
2.97107 0.1875

0.40625 0.0326697
0.421875 0.034134

-2.46875 -0.301031
-2.45312 -0.302686

0.421875 0.0341018
0.4375 0.035843

-2.45312 -0.302782
-2.4375 -0.303483

2.96875 0.209094
2.9635 0.21875

-0.46875 -0.0768836
-0.466735 -0.078125

2.9375 0.243856
2.96007 0.21875

2.96875 0.20607
2.97847 0.1875

-0.453125 -0.0857513
-0.44624 -0.09375

2.79688 0.374765
2.79666 0.375

-0.5 -0.0376966
-0.484375 -0.0381764

2.79688 0.374562
2.8125 0.361193

0.4375 0.0360085
0.453125 0.0377599

-0.484375 -0.0377579
-0.46875 -0.0385026

-2.4375 -0.303482
-2.42188 -0.303037

2.875 0.305967
2.86825 0.3125

-2.42188 -0.302978
-2.40625 -0.301507

2.84375 0.335131
2.83344 0.34375

-0.46875 -0.0384414
-0.453125 -0.0404104

0.453125 0.0378229
0.46875 0.0391273

2.8125 0.364469
2.83747 0.34375

2.84375 0.338744
2.87274 0.3125

2.78125 0.391851
2.76002 0.40625

2.75 0.412116
2.75944 0.40625

2.78125 0.391099
2.80102 0.375

2.90625 0.27284
2.89955 0.28125

-0.453125 -0.0403538
-0.4375 -0.043783

-0.390625 -0.0632
-0.391999 -0.0625

-0.390625 -0.0632115
-0.375 -0.0729964

0.46875 0.0394016
0.484375 0.0395842

0.484375 0.0392993
0.5 0.0383813

2.875 0.310632
2.90218 0.28125

-2.40625 -0.30134
-2.39062 -0.299298

2.90625 0.27388
2.92822 0.25

-0.421875 -0.0489703
-0.428349 -0.046875

3.00003 -0.25
3.00007 -0.1875

3 -0.0724454
3.01959 -0.0625

-2.39062 -0.299137
-2.375 -0.29718

-0.4375 -0.0436558
-0.427553 -0.046875

-0.421875 -0.0489983
-0.40625 -0.0553663

-0.40625 -0.055024
-0.391577 -0.0625

-2.375 -0.297132
-2.37272 -0.296875

-2.37101 -0.296875
-2.35938 -0.295564

3 -0.0565336
3.01238 -0.03125

3.03125 -0.0185787
3.01677 0

3.0625 -0.00400852
3.04151 0

3.125 -0.000459357
3.1213 0

-2.35938 -0.295587
-2.34375 -0.293688

-2.34375 -0.293486
-2.32812 -0.291729

-0.296875 -0.134467
-0.309654 -0.125

-2.32812 -0.291454
-2.3125 -0.290793

0.5 0.0371857
0.515625 0.0381278

-2.3125 -0.291268
-2.29688 -0.2913

0.515625 0.0386581
0.53125 0.0427908

-0.28125 -0.14525
-0.28799 -0.140625

-2.29688 -0.29114
-2.28125 -0.291233

3.5 -0.00129615
3.44545 0

-2.28125 -0.291116
-2.26562 -0.291823

3.03125 0.0138163
3.02141 0.03125

-0.296875 -0.133998
-0.287343 -0.140625

0.53125 0.0441844
0.543318 0.046875

-2.26562 -0.292073
-2.25 -0.293127

0.543399 0.046875
0.546875 0.0476499

3.02359 0.03125
3.01874 0.0625

-0.25 -0.165231
-0.26411 -0.15625

3.03125 0.0104421
3.04829 0

0.546875 0.0471686
0.5625 0.0482148

-0.28125 -0.145187
-0.265625 -0.155442

-0.265625 -0.154315
-0.262468 -0.15625

0.5625 0.0469466
0.578125 0.0490825

-2.25 -0.293248
-2.23438 -0.29391

3.02344 0.0625
3.01986 0.09375

-2.23438 -0.293806
-2.21875 -0.294038

-0.34375 -0.0968938
-0.34767 -0.09375

-2.21875 -0.293976
-2.20312 -0.294111

0.578125 0.0485871
0.59375 0.0553397

-2.20312 -0.294142
-2.1875 -0.294239

-0.359375 -0.0842661
-0.367889 -0.078125

3.01851 0.09375
3.0095 0.125

-0.375 -0.0729529
-0.367702 -0.078125

-0.359375 -0.0844293
-0.347641 -0.09375

0.59375 0.0565201
0.602811 0.0625

3.0625 0.0116179
3.10411 0

-2.1875 -0.294255
-2.17188 -0.294221

-0.328125 -0.110182
-0.329096 -0.109375

0.603404 0.0625
0.609375 0.0664445

3 0.148337
3.01104 0.125

0.609375 0.0677731
0.625 0.0773998

3.125 0.0065849
3.2004 0

-0.34375 -0.0969717
-0.328729 -0.109375

-2.17188 -0.294194
-2.15625 -0.294051

-0.328125 -0.110162
-0.3125 -0.122737

3.25 0.00267744
3.35538 0

0.62396 0.078125
0.625 0.0787078

-2.15625 -0.294031
-2.14062 -0.293872

-0.3125 -0.122431
-0.309057 -0.125

-2.14062 -0.293906
-2.125 -0.293705

0.625 0.0787611
0.640625 0.0827853

0.65625 0.0780672
0.649322 0.078125

-2.125 -0.293744
-2.10938 -0.293355

-0.203125 -0.189593
-0.209019 -0.1875

-2.10938 -0.29336
-2.09375 -0.292696

4 -0.00244314
3.64793 0

-0.203125 -0.189402
-0.1875 -0.193471

0.640625 0.0807321
0.65625 0.0806018

-2.09375 -0.29267
-2.07812 -0.291775

0.65625 0.0772719
0.659798 0.078125

-2.07812 -0.291721
-2.0625 -0.290754

0.65625 0.0787148
0.671875 0.0825041

-2.0625 -0.290671
-2.04688 -0.289907

0.671875 0.0835362
0.6875 0.0927988

-2.04688 -0.289829
-2.03125 -0.28959

-2.03125 -0.289578
-2.01562 -0.290045

-0.234375 -0.175714
-0.240363 -0.171875

-0.25 -0.164901
-0.239225 -0.171875

-0.234375 -0.176251
-0.21875 -0.184423

-0.21875 -0.183637
-0.207874 -0.1875

3.5 0.000285327
3.54081 0

-2.01562 -0.290124
-2 -0.291162

2.2704 0.5
2.28125 0.514

0.685692 0.09375
0.6875 0.0948758

2.28125 0.5137
2.28262 0.515625

-0.1875 -0.193026
-0.171875 -0.19635

-0.171875 -0.196024
-0.15625 -0.200143

-0.140625 -0.207479
-0.149848 -0.203125

-0.15625 -0.198446
-0.146336 -0.203125

-0.140625 -0.209302
-0.125 -0.216365

-0.109375 -0.220574
-0.114696 -0.21875

-0.109375 -0.221203
-0.09375 -0.226855

2.28295 0.515625
2.29164 0.53125

2.29198 0.53125
2.29574 0.546875

2.29565 0.546875
2.29397 0.5625

0.6875 0.0929074
0.689042 0.09375

2.2922 0.5625
2.28878 0.578125

-0.125 -0.214109
-0.111462 -0.21875

-0.109375 -0.216416
-0.102924 -0.21875

2.28489 0.578125
2.29106 0.59375

2.28828 0.59375
2.29688 0.601632

2.29688 0.599746
2.3125 0.602769

0.6875 0.0949207
0.703125 0.103238

0.703125 0.102796
0.71875 0.106938

-0.09375 -0.226597
-0.078125 -0.230114

-0.078125 -0.229854
-0.0625 -0.231308

2.375 0.560368
2.36994 0.5625

-0.0625 -0.23115
-0.046875 -0.231377

-2 -0.291268
-1.98438 -0.292509

-0.046875 -0.231234
-0.03125 -0.230837

2.32812 0.589583
2.32117 0.59375

0.71875 0.106055
0.734375 0.108588

2.34375 0.576479
2.34146 0.578125

-0.03125 -0.2309
-0.015625 -0.230042

-1.98438 -0.292586
-1.96875 -0.293661

-0.015625 -0.229992
0 -0.228647

-1.96875 -0.293702
-1.95312 -0.294373

-1.95312 -0.294377
-1.9375 -0.294551

2.32812 0.588482
2.3418 0.578125

2.3125 0.600453
2.32376 0.59375

2.34375 0.576331
2.35938 0.566827

2.35938 0.566757
2.36948 0.5625

-1.9375 -0.294516
-1.92188 -0.294256

-0.1875 0.468774
-0.187476 0.46875

-1.92188 -0.294201
-1.90625 -0.293688

-1.90625 -0.293625
-1.89062 -0.293095

0.734375 0.108122
0.740453 0.109375

-1.89062 -0.293043
-1.875 -0.292725

2.375 0.560622
2.39062 0.556206

2.39062 0.556527
2.40625 0.552871

0.738985 0.109375
0.75 0.111645

2.40625 0.552752
2.42188 0.549455

2.42188 0.548782
2.4375 0.547429

2.4375 0.548275
2.45312 0.548521

2.45312 0.549179
2.46875 0.548017

0.75 0.11194
0.765625 0.115586

0.765625 0.11566
0.78125 0.118788

2.48438 0.5444
2.47193 0.546875

2.46875 0.547948
2.47414 0.546875

2.48438 0.545081
2.5 0.539683

2.53125 0.527202
2.52045 0.53125

0.78125 0.118783
0.796875 0.121258

2.5 0.538231
2.51848 0.53125

-1.875 -0.29272
-1.85938 -0.292728

0.796875 0.121149
0.8125 0.1232

-1.85938 -0.292781
-1.84375 -0.293017

2.53125 0.526634
2.54688 0.520492

2.5625 0.515026
2.56099 0.515625

2.54688 0.520685
2.55965 0.515625

0.8125 0.122794
0.825562 0.125

-1.84375 -0.293094
-1.82812 -0.293297

-1.82812 -0.293333
-1.8125 -0.293279

2.5625 0.514746
2.59375 0.500522

-1.8125 -0.293267
-1.79688 -0.292907

-1.79688 -0.292901
-1.78125 -0.292271

-1.78125 -0.29227
-1.76562 -0.291385

0.825212 0.125
0.828125 0.125492

0.828125 0.125613
0.84375 0.129293

0.84375 0.129708
0.859375 0.133257

0.859375 0.133297
0.875 0.135806

-1.76562 -0.291352
-1.75 -0.29028

0.875 0.13538
0.890625 0.137621

0.890625 0.136747
0.905299 0.140625

0.901028 0.140625
0.90625 0.142005

0.90625 0.140075
0.90798 0.140625

0.90625 0.142303
0.921875 0.147276

0.921875 0.147333
0.9375 0.150628

-1.75 -0.290239
-1.73438 -0.289129

-1.73438 -0.289105
-1.71875 -0.288088

-1.71875 -0.288082
-1.70312 -0.28722

-1.70312 -0.287224
-1.6875 -0.286524

-1.6875 -0.286533
-1.67188 -0.285969

-1.67188 -0.285981
-1.65625 -0.285511

-1.65625 -0.285525
-1.64062 -0.285095

-1.64062 -0.285107
-1.625 -0.284665

0.9375 0.150448
0.953125 0.152251

0.953125 0.15211
0.96875 0.153061

0.96875 0.152797
0.984375 0.153707

0.984375 0.153144
1 0.155649

0.998783 0.15625
1 0.156445

-1.625 -0.284672
-1.60938 -0.284183

-1.60938 -0.284181
-1.59375 -0.283635

-1.59375 -0.283633
-1.57812 -0.283037

-1.57812 -0.283037
-1.5625 -0.282397

-1.5625 -0.2824
-1.54688 -0.281708

-1.54688 -0.281712
-1.53731 -0.28125

-1.53733 -0.28125
-1.53125 -0.280956

-1.53125 -0.280959
-1.51562 -0.280128

-1.51562 -0.280134
-1.5 -0.279214

-1.5 -0.27923
-1.48438 -0.278176

-1.48438 -0.278191
-1.46875 -0.276938

-1.46875 -0.276919
-1.45312 -0.275474

-1.45312 -0.275408
-1.4375 -0.273942

-1.4375 -0.27389
-1.42188 -0.272641

-1.42188 -0.272666
-1.40625 -0.271686

-1.40625 -0.271747
-1.39062 -0.270865

-1.39062 -0.270885
-1.375 -0.269939

-1.375 -0.269924
-1.35938 -0.268907

-1.35938 -0.2689
-1.34375 -0.267857

-1.34375 -0.267858
-1.32812 -0.266805

-1.32812 -0.266812
-1.3125 -0.265733

-1.3125 -0.265752
-1.31076 -0.265625

-1.31087 -0.265625
-1.29688 -0.264603

-1.29688 -0.264612
-1.28125 -0.263366

-1.28125 -0.263383
-1.26562 -0.261984

-1.26562 -0.262
-1.25 -0.260381

1 0.155165
1.00444 0.15625

1 0.156508
1.01562 0.160326

1.01562 0.160629
1.03125 0.163452

-1.25 -0.260368
-1.23438 -0.25852

-1.23438 -0.258454
-1.21875 -0.256537

-1.21875 -0.256463
-1.20312 -0.254758

-1.20312 -0.254757
-1.1875 -0.253414

1.03125 0.163195
1.04688 0.164622

1.04688 0.164356
1.0625 0.165435

-1.1875 -0.253481
-1.17188 -0.252367

-1.17188 -0.252409
-1.15625 -0.251305

-1.15625 -0.251296
-1.14062 -0.250137

-1.14062 -0.250134
-1.13878 -0.25

1.0625 0.165288
1.07812 0.166845

1.07812 0.166758
1.09375 0.16926

1.09375 0.169177
1.10635 0.171875

-1.13916 -0.25
-1.125 -0.248969

1.10295 0.171875
1.10938 0.173251

-1.125 -0.249001
-1.10938 -0.247881

-1.10938 -0.247962
-1.09375 -0.24664

1.10938 0.173302
1.125 0.176097

-1.09375 -0.246671
-1.07812 -0.24492

1.125 0.175715
1.14062 0.177605

1.14062 0.177458
1.15625 0.179502

1.15625 0.179529
1.17188 0.181966

1.17188 0.181957
1.1875 0.18475

1.1875 0.184749
1.20143 0.1875

1.20008 0.1875
1.20312 0.188102

1.20312 0.188065
1.21875 0.190988

1.21875 0.190809
1.23438 0.19355

1.23438 0.193526
1.25 0.196492

-1.07812 -0.244848
-1.0625 -0.242753

-1.0625 -0.242643
-1.04688 -0.240569

-1.04688 -0.24054
-1.03125 -0.238765

-1.03125 -0.238818
-1.01562 -0.237292

-1.01562 -0.237352
-1 -0.23585

1.25 0.196551
1.26562 0.19967

1.26562 0.199765
1.28125 0.202727

1.28125 0.202673
1.2839 0.203125

1.2837 0.203125
1.29688 0.205373

1.29688 0.205343
1.3125 0.207816

1.3125 0.207895
1.32812 0.210067

1.32812 0.210075
1.34375 0.211771

1.34375 0.211754
1.35938 0.212991

1.35938 0.213003
1.375 0.213794

1.375 0.213802
1.39062 0.214107

1.39062 0.214074
1.40625 0.213941

1.40625 0.213897
1.42188 0.21348

1.42188 0.213461
1.4375 0.212887

1.4375 0.21288
1.45312 0.212201

1.45312 0.212188
1.46875 0.211444

1.46875 0.211427
1.48438 0.210681

1.48438 0.210668
1.5 0.209979

