-3.81018 0
-3.5 0.00122532

-3.44371 0
-3.25 0.0026711

-3.23555 0
-3.125 0.00497204

-3.12146 0
-3.0625 0.00869669

-3.0625 0.000390228
-3.03125 0.0129607

-3.03125 0.00880754
-3.00958 0.03125

-3.01415 0.03125
-3.00197 0.0625

-3.00949 0.0625
-3.00207 0.09375

-3.00071 0.09375
-3 0.0958691

1.51562 -0.188128
1.50917 -0.1875

1.51562 -0.18814
1.53125 -0.189716

1.53125 -0.189725
1.54688 -0.191283

1.54688 -0.191283
1.5625 -0.192803

1.5 -0.186582
1.50944 -0.1875

1.5625 -0.192803
1.57812 -0.194283

1.57812 -0.194283
1.59375 -0.195726

1.59375 -0.195725
1.60938 -0.197132

1.60938 -0.197132
1.625 -0.198504

-2.99874 0.09375
-2.98765 0.125

-2.99289 0.125
-2.97684 0.15625

-2.97343 0.15625
-2.96875 0.164176

-2.96875 0.147756
-2.9595 0.15625

-2.96875 0.15759
-2.9589 0.171875

-2.95969 0.171875
-2.95387 0.1875

-2.95917 0.1875
-2.93767 0.21875

-2.93762 0.21875
-2.9375 0.218874

1.625 -0.198504
1.64062 -0.199843

-1 0.0879795
-0.984375 0.0862179

-0.984375 0.0862246
-0.96875 0.0844069

-0.96875 0.0844162
-0.953125 0.0825104

-0.953125 0.0825121
-0.9375 0.0804964

-0.9375 0.0804553
-0.921875 0.0784084

-0.90625 0.0765018
-0.920233 0.078125

-0.921875 0.0783321
-0.920091 0.078125

-0.90625 0.0766052
-0.890625 0.0750032

-0.890625 0.0750119
-0.875 0.0734008

-2.9375 0.209784
-2.92784 0.21875

-0.875 0.0734003
-0.859375 0.0717636

-0.859375 0.0717697
-0.84375 0.070096

-0.84375 0.0701092
-0.828125 0.06836

-0.828125 0.0683732
-0.8125 0.0664955

-0.78125 0.0622004
-0.783543 0.0625

-0.78125 0.0622588
-0.765625 0.0605327

-2.93193 0.21875
-2.90625 0.247608

-2.90389 0.25
-2.89097 0.265625

-2.89172 0.265625
-2.89062 0.267012

-2.89062 0.268058
-2.87814 0.28125

-0.765625 0.0606394
-0.75 0.0591397

-0.8125 0.0665024
-0.796875 0.0644561

-0.796875 0.064378
-0.782503 0.0625

-2.87786 0.28125
-2.875 0.284093

-2.875 0.282147
-2.85938 0.296778

-2.85996 0.296875
-2.85938 0.29747

-2.85938 0.296785
-2.85929 0.296875

-2.85938 0.298249
-2.84403 0.3125

-2.84398 0.3125
-2.84375 0.312702

-0.75 0.059151
-0.734375 0.0576416

-0.734375 0.0576376
-0.71875 0.0561037

-0.71875 0.0561114
-0.703125 0.0545457

-0.703125 0.0545591
-0.6875 0.0529193

-0.6875 0.0529482
-0.671875 0.0511495

-0.671875 0.0511799
-0.65625 0.049104

-0.640625 0.046577
-0.642717 0.046875

-0.65625 0.0490288
-0.641133 0.046875

-0.640625 0.0466255
-0.625 0.0447534

-0.625 0.0448897
-0.609375 0.0434157

0 -0.0214302
0.015625 -0.0229435

0.015625 -0.0229512
0.03125 -0.024405

0.03125 -0.0244054
0.046875 -0.0257834

0.046875 -0.0257746
0.0625 -0.0270934

0.0625 -0.027057
0.078125 -0.0284071

0.078125 -0.0283246
0.09375 -0.0299439

0.109375 -0.0321398
0.102896 -0.03125

0.109375 -0.0322933
0.125 -0.034558

0.09375 -0.0298391
0.104024 -0.03125

0.125 -0.0345512
0.140625 -0.0364489

0.140625 -0.0363895
0.15625 -0.0380529

0.15625 -0.0380375
0.171875 -0.0396163

0.171875 -0.0396172
0.1875 -0.0411405

0.1875 -0.0411433
0.203125 -0.0426037

0.203125 -0.0426017
0.21875 -0.0439978

0.21875 -0.0439649
0.234375 -0.0453664

0.25 -0.0469926
0.248919 -0.046875

0.234375 -0.0452504
0.249307 -0.046875

0.25 -0.0470433
0.265625 -0.0490884

0.25 -0.0468534
0.250165 -0.046875

0.265625 -0.0491796
0.28125 -0.0512065

0.28125 -0.0511945
0.296875 -0.0530447

0.296875 -0.0530297
0.3125 -0.0547572

0.3125 -0.0547515
0.328125 -0.0563977

0.328125 -0.0563961
0.34375 -0.0579754

0.34375 -0.0579764
0.359375 -0.0594901

0.359375 -0.0594776
0.375 -0.0609487

0.390625 -0.0625174
0.390457 -0.0625

0.390625 -0.0625167
0.40625 -0.0644166

0.40625 -0.0644911
0.421875 -0.0664593

0.421875 -0.0664622
0.4375 -0.0683373

0.375 -0.0608628
0.390625 -0.0624878

0.390625 -0.0623844
0.391576 -0.0625

0.4375 -0.068332
0.453125 -0.0701186

0.453125 -0.0701151
0.46875 -0.0718305

0.46875 -0.0718289
0.484375 -0.0734831

0.484375 -0.0734838
0.5 -0.0750787

1.64062 -0.199843
1.65625 -0.201149

1.65625 -0.201145
1.67188 -0.202426

-0.609375 0.0434517
-0.59375 0.0420313

-0.59375 0.0420251
-0.578125 0.0405989

-0.578125 0.0405946
-0.5625 0.0391834

-0.5625 0.0391886
-0.546875 0.0377907

-0.546875 0.0378165
-0.53125 0.0363698

-0.53125 0.0364289
-0.515625 0.0347636

-0.515625 0.0348501
-0.5 0.0326751

-0.203125 -0.000229031
-0.205442 0

-0.203125 -0.000221875
-0.1875 -0.00171987

-0.1875 -0.00158062
-0.171875 -0.00301607

-0.171875 -0.00306365
-0.15625 -0.00457294

-0.15625 -0.00458998
-0.140625 -0.00604387

-0.140625 -0.00602398
-0.125 -0.00742812

-0.125 -0.00741413
-0.109375 -0.00883627

-0.109375 -0.00880015
-0.09375 -0.0103405

-0.09375 -0.0103206
-0.078125 -0.0120913

-0.078125 -0.0120818
-0.0625 -0.0141414

-0.046875 -0.0166029
-0.0536442 -0.015625

-0.0625 -0.0141051
-0.0519789 -0.015625

-0.046875 -0.0166579
-0.03125 -0.0185946

-0.03125 -0.0184423
-0.015625 -0.0199548

-0.015625 -0.0199043
0 -0.0213985

1.6875 -0.203729
1.68032 -0.203125

-2.84289 0.3125
-2.82812 0.32518

1.67188 -0.20239
1.68061 -0.203125

-0.484375 0.0298956
-0.493147 0.03125

-0.484375 0.0299477
-0.46875 0.0279276

-0.5 0.0325974
-0.491273 0.03125

-0.46875 0.0279948
-0.453125 0.0264171

0.5 -0.0750714
0.515625 -0.0766197

0.53125 -0.0782169
0.530386 -0.078125

0.515625 -0.0765465
0.530467 -0.078125

-0.453125 0.0264938
-0.4375 0.0250707

-0.4375 0.0250887
-0.421875 0.0236304

-0.421875 0.0236226
-0.40625 0.022109

-0.40625 0.0220949
-0.390625 0.0205698

0.53125 -0.0782311
0.546875 -0.0801074

0.53125 -0.0781058
0.53141 -0.078125

0.546875 -0.0801635
0.5625 -0.0820977

-0.390625 0.020548
-0.375 0.0190834

-2.82812 0.325578
-2.8252 0.328125

-0.375 0.0190931
-0.359375 0.0177133

-0.359375 0.0178076
-0.34375 0.0163044

-0.328125 0.0143733
-0.338806 0.015625

0.5625 -0.0821013
0.578125 -0.0839738

0.578125 -0.0839719
0.59375 -0.0857791

-0.34375 0.0164802
-0.336453 0.015625

-0.328125 0.0144483
-0.3125 0.0123391

-0.3125 0.0122785
-0.296875 0.0100785

-0.296875 0.0100253
-0.28125 0.00796211

0.59375 -0.0857774
0.609375 -0.0875267

-2.82547 0.328125
-2.8125 0.338868

0.609375 -0.0875258
0.625 -0.0892224

0.625 -0.0892231
0.640625 -0.0908675

0.640625 -0.0908589
0.65625 -0.0924668

-0.28125 0.00797211
-0.265625 0.00613197

0.671875 -0.0941406
0.668334 -0.09375

1.6875 -0.203738
1.70312 -0.205091

1.70312 -0.205097
1.71875 -0.206429

1.71875 -0.20643
1.73438 -0.207728

1.73438 -0.207728
1.75 -0.208991

1.75 -0.208991
1.76562 -0.210221

1.76562 -0.21022
1.78125 -0.211418

1.78125 -0.211417
1.79688 -0.212586

1.79688 -0.212584
1.8125 -0.21373

1.8125 -0.213728
1.82812 -0.214858

1.82812 -0.214856
1.84375 -0.215979

1.84375 -0.215976
1.85938 -0.2171

1.85938 -0.217092
1.875 -0.218238

1.89062 -0.219454
1.88168 -0.21875

1.89062 -0.219463
1.90625 -0.220786

1.875 -0.218203
1.88195 -0.21875

1.90625 -0.22079
1.92188 -0.22216

1.92188 -0.222162
1.9375 -0.223569

1.9375 -0.223571
1.95312 -0.225006

1.95312 -0.225008
1.96875 -0.226462

1.96875 -0.226464
1.98438 -0.227927

1.98438 -0.227929
2 -0.229394

0.671875 -0.0941625
0.6875 -0.0960583

-2.8125 0.339119
-2.80597 0.34375

-2.80529 0.34375
-2.79688 0.349656

-2.79688 0.350076
-2.78125 0.358936

-0.265625 0.00615494
-0.25 0.00447195

-2.78125 0.358793
-2.77966 0.359375

-2.78097 0.359375
-2.76562 0.364973

0.65625 -0.0923942
0.668539 -0.09375

0.6875 -0.0960932
0.703125 -0.0980123

-0.25 0.00447917
-0.234375 0.00289294

0.703125 -0.0980144
0.71875 -0.0998827

0.71875 -0.0998817
0.734375 -0.101697

0.734375 -0.101696
0.75 -0.103462

-0.234375 0.00288808
-0.21875 0.00139388

-2.76562 0.364159
-2.75 0.367655

-0.21875 0.00148562
-0.203718 0

-0.203125 0.000265224
-0.200359 0

-2.75 0.367484
-2.73438 0.370689

-2.73438 0.370762
-2.71875 0.37387

0.75 -0.103462
0.765625 -0.105182

0.765625 -0.105182
0.78125 -0.106856

0.78125 -0.10684
0.796875 -0.108499

0.8125 -0.110255
0.804805 -0.109375

0.796875 -0.108422
0.805205 -0.109375

0.8125 -0.110287
0.828125 -0.112204

0.828125 -0.11222
0.84375 -0.114126

0.84375 -0.114126
0.859375 -0.115986

0.859375 -0.115985
0.875 -0.117798

-2.71875 0.373872
-2.71225 0.375

0.953125 -0.126485
0.940497 -0.125

0.953125 -0.126521
0.96875 -0.128438

0.96875 -0.128442
0.984375 -0.130324

0.984375 -0.130324
1 -0.132164

0.875 -0.117798
0.890625 -0.119568

0.890625 -0.119567
0.90625 -0.121295

-2.71295 0.375
-2.70312 0.376706

-2.70312 0.376611
-2.6875 0.378871

-2.6875 0.378853
-2.67188 0.380789

-2.67188 0.380752
-2.65625 0.382477

-2.65625 0.382477
-2.64062 0.384067

-2.64062 0.384059
-2.625 0.385533

-2.625 0.385545
-2.60938 0.386897

-2.60938 0.386904
-2.59375 0.388093

-2.59375 0.388108
-2.57812 0.38909

-2.57812 0.389101
-2.5625 0.389825

-2.5625 0.389839
-2.54688 0.390257

-2.54688 0.390268
-2.53125 0.39033

-2.53125 0.390343
-2.51562 0.390003

-2.51562 0.390008
-2.5 0.389232

0.90625 -0.121295
0.921875 -0.122981

0.921875 -0.122951
0.9375 -0.124657

-2.40625 0.370278
-2.41916 0.375

0.9375 -0.124574
0.94112 -0.125

-2.40625 0.370465
-2.39062 0.363118

-2.375 0.354548
-2.38538 0.359375

-2.39062 0.362528
-2.38384 0.359375

2.21875 -0.250099
2.21746 -0.25

2.21875 -0.250089
2.23438 -0.251279

-2.5 0.389238
-2.48438 0.388004

-2.48438 0.388036
-2.46875 0.386267

2.23438 -0.251275
2.25 -0.252473

2 -0.229396
2.01562 -0.230856

-2.46875 0.38633
-2.45312 0.383839

-2.45312 0.383884
-2.4375 0.380453

2.01562 -0.230858
2.03125 -0.232307

2.03125 -0.232301
2.04688 -0.233749

-2.4375 0.380477
-2.42188 0.375967

-2.42188 0.376071
-2.41895 0.375

2.0625 -0.235246
2.05349 -0.234375

-2.375 0.354961
-2.35938 0.34956

2.04688 -0.233706
2.0538 -0.234375

2.0625 -0.235259
2.07812 -0.236831

2.07812 -0.236833
2.09375 -0.238414

2.09375 -0.238413
2.10938 -0.24

2.10938 -0.240001
2.125 -0.241594

-2.35938 0.349868
-2.34375 0.345437

-2.32812 0.341266
-2.33736 0.34375

-2.32812 0.341526
-2.3125 0.336968

-2.34375 0.345542
-2.33709 0.34375

2.125 -0.241599
2.14062 -0.243184

2.14062 -0.243191
2.15625 -0.244743

-2.3125 0.336979
-2.29688 0.33158

-2.28125 0.325516
-2.28859 0.328125

-2.29688 0.331353
-2.2878 0.328125

-2.28125 0.325768
-2.26562 0.320573

2.15625 -0.244752
2.17188 -0.246238

2.17188 -0.246244
2.1875 -0.247634

-2.26562 0.320648
-2.25 0.315474

2.1875 -0.247636
2.20312 -0.248914

2.20312 -0.248891
2.21751 -0.25

2.25 -0.252466
2.26562 -0.253693

2.26562 -0.253694
2.28125 -0.25496

-2 0.24724
-2.01174 0.25

-2.23438 0.310256
-2.24149 0.3125

-2.23438 0.310504
-2.21875 0.305898

-2.21875 0.305977
-2.20312 0.301243

2.28125 -0.254974
2.29688 -0.25625

2.29688 -0.256264
2.3125 -0.257496

-2.1875 0.296159
-2.18987 0.296875

-2.20312 0.301121
-2.18906 0.296875

-2.25 0.315365
-2.24092 0.3125

2.3125 -0.257514
2.32812 -0.258638

2.32812 -0.258644
2.34375 -0.259612

-2.1875 0.296386
-2.17188 0.291968

1 -0.132163
1.01562 -0.13396

2.34375 -0.25961
2.35938 -0.260415

2.35938 -0.260386
2.375 -0.26109

1.01562 -0.13396
1.03125 -0.135716

2.375 -0.26106
2.39062 -0.261779

1.03125 -0.135717
1.04688 -0.137434

-2.17188 0.292086
-2.15625 0.287707

-2.125 0.278694
-2.13432 0.28125

1.04688 -0.137432
1.0625 -0.139114

1.07812 -0.140816
1.0764 -0.140625

1.0625 -0.139068
1.07649 -0.140625

2.39062 -0.261752
2.40625 -0.262597

2.40625 -0.262608
2.42188 -0.26361

-2.15625 0.287673
-2.14062 0.283165

-2.14062 0.283082
-2.13395 0.28125

-2.125 0.278869
-2.10938 0.274822

-2.10938 0.274859
-2.09375 0.270714

-2.09375 0.270647
-2.07812 0.266463

-2.0625 0.262446
-2.07515 0.265625

-2.07812 0.266416
-2.07498 0.265625

1.07812 -0.140823
1.09375 -0.142678

1.09375 -0.142709
1.10938 -0.14459

1.10938 -0.144591
1.125 -0.146434

-2.0625 0.262578
-2.04688 0.25882

-2.04688 0.258836
-2.03125 0.254968

-2.03125 0.254916
-2.01562 0.251009

-2.01562 0.250959
-2.01154 0.25

2.42188 -0.263625
2.4375 -0.264731

2.45312 -0.265909
2.44931 -0.265625

2.4375 -0.264738
2.44941 -0.265625

2.45312 -0.26591
2.46875 -0.267099

1.125 -0.146434
1.14062 -0.148235

1.14062 -0.148235
1.15625 -0.149997

2.46875 -0.267098
2.48438 -0.268299

2.48438 -0.268274
2.5 -0.26954

1.15625 -0.149996
1.17188 -0.15172

1.17188 -0.15172
1.1875 -0.153407

1.21875 -0.156754
1.21418 -0.15625

1.1875 -0.153403
1.20312 -0.155059

1.20312 -0.155009
1.21438 -0.15625

1.21875 -0.156768
1.23438 -0.158586

1.23438 -0.158605
1.25 -0.160424

1.25 -0.160425
1.26562 -0.162205

1.26562 -0.162204
1.28125 -0.163944

1.28125 -0.163944
1.29688 -0.165645

1.29688 -0.165645
1.3125 -0.167309

1.3125 -0.167309
1.32812 -0.168936

1.32812 -0.168935
1.34375 -0.170529

1.35938 -0.172137
1.35687 -0.171875

1.34375 -0.170491
1.35698 -0.171875

1.35938 -0.172143
1.375 -0.173861

2.5 -0.269595
2.51562 -0.270864

2.51562 -0.270918
2.53125 -0.271971

2.53125 -0.271793
2.54688 -0.272879

2.54688 -0.272597
2.5625 -0.274634

1.375 -0.173883
1.39062 -0.175608

1.39062 -0.175609
1.40625 -0.177296

2.5625 -0.274954
2.57812 -0.277866

-2 0.247365
-1.98438 0.243875

-1.98438 0.243893
-1.96875 0.240326

1.40625 -0.177296
1.42188 -0.178944

2.57812 -0.278052
2.59375 -0.280827

1.42188 -0.178943
1.4375 -0.180552

-1.96875 0.240315
-1.95312 0.236656

-1.9375 0.232977
-1.94374 0.234375

1.4375 -0.180551
1.45312 -0.182122

1.45312 -0.182122
1.46875 -0.183657

-1.95312 0.236583
-1.94328 0.234375

2.60938 -0.283119
2.59684 -0.28125

2.60938 -0.283184
2.625 -0.285013

1.46875 -0.183658
1.48438 -0.185157

1.48438 -0.185153
1.5 -0.186625

2.59375 -0.280827
2.59659 -0.28125

-1.9375 0.233115
-1.92188 0.229846

2.625 -0.285031
2.64062 -0.286208

2.64062 -0.286133
2.65625 -0.286772

-1.92188 0.229886
-1.90625 0.22662

-1.90625 0.226626
-1.89062 0.22327

2.65625 -0.286722
2.67188 -0.287077

2.67188 -0.287013
2.6875 -0.287313

-1.89062 0.223234
-1.875 0.219847

2.6875 -0.287293
2.70312 -0.287703

-1.85938 0.216565
-1.87009 0.21875

-1.85938 0.216673
-1.84375 0.213669

-1.875 0.219799
-1.86985 0.21875

-1.84375 0.213685
-1.82812 0.210644

2.70312 -0.287669
2.71875 -0.288293

2.71875 -0.288327
2.73438 -0.289165

-1.82812 0.210648
-1.8125 0.207528

2.73438 -0.289178
2.75 -0.290135

-1.8125 0.207503
-1.79688 0.204346

-1.78125 0.201268
-1.79101 0.203125

-1.79688 0.204295
-1.79072 0.203125

-1.78125 0.201373
-1.76562 0.198582

-1.76562 0.198599
-1.75 0.19579

2.75 -0.290211
2.76562 -0.291109

2.76562 -0.291128
2.78125 -0.291777

2.78125 -0.291834
2.79688 -0.292081

2.79688 -0.292086
2.8125 -0.291804

2.8125 -0.291979
2.82812 -0.29081

-1.70312 0.186951
-1.70613 0.1875

2.82812 -0.291136
2.84375 -0.288075

2.84375 -0.288854
2.85938 -0.281721

2.8584 -0.28125
2.85938 -0.280806

2.85938 -0.280794
2.875 -0.269887

-1.70312 0.187059
-1.6875 0.184411

2.875 -0.270395
2.88068 -0.265625

2.88042 -0.265625
2.89062 -0.256344

-1.75 0.195794
-1.73438 0.192921

-1.73438 0.192923
-1.71875 0.189976

-1.71875 0.18991
-1.70557 0.1875

-1.6875 0.184459
-1.67188 0.181875

2.89062 -0.253586
2.89437 -0.25

-1.67188 0.181879
-1.65625 0.179251

2.89572 -0.25
2.90625 -0.240206

2.90625 -0.243133
2.92609 -0.21875

2.92178 -0.21875
2.92188 -0.218576

-1.65625 0.179255
-1.64062 0.176567

-1.64062 0.176564
-1.625 0.173812

2.92188 -0.218525
2.93139 -0.203125

2.93453 -0.203125
2.9375 -0.199357

-1.60938 0.171029
-1.61439 0.171875

2.9375 -0.197405
2.94352 -0.1875

2.94788 -0.1875
2.95312 -0.175476

2.95158 -0.171875
2.95312 -0.162686

2.95312 -0.174905
2.95441 -0.171875

2.95287 -0.15625
2.95312 -0.155748

2.95312 -0.155123
2.96036 -0.140625

-1.625 0.173752
-1.61388 0.171875

-1.60938 0.171133
-1.59375 0.168692

2.96561 -0.140625
2.96875 -0.135681

2.96875 -0.12593
2.96916 -0.125

-1.59375 0.168727
-1.57812 0.166325

-1.57812 0.166329
-1.5625 0.163888

-1.5625 0.163892
-1.54688 0.161398

2.97309 -0.125
2.98603 -0.09375

2.98828 -0.09375
2.99045 -0.078125

2.98797 -0.078125
2.98629 -0.0625

-1.54688 0.161401
-1.53125 0.158838

-1.51562 0.156185
-1.51603 0.15625

-1.51562 0.156246
-1.5 0.15392

-1.53125 0.15878
-1.51562 0.156262

2.98497 -0.0625
2.98705 -0.046875

2.98778 -0.046875
2.99478 -0.03125

3 -0.0157875
3.02 0

3.03125 -0.00261173
3.0625 -0.00102777

3.0625 -0.0021603
3.125 -0.00105928

3.125 -0.00144244
3.25 -0.000609908

3.25 -0.000959126
3.5 -0.00055468

3.5 -0.00100859
4 -0.000837145

-1.5 0.15398
-1.48438 0.151754

-1.48438 0.151759
-1.46875 0.149506

-1.46875 0.14951
-1.45312 0.147213

-1.45312 0.147217
-1.4375 0.144863

-1.4375 0.144863
-1.42188 0.142444

-1.40625 0.139979
-1.4106 0.140625

-1.42188 0.142383
-1.41004 0.140625

-1.40625 0.140075
-1.39062 0.137946

-1.39062 0.137982
-1.375 0.135906

-1.29688 0.124815
-1.29817 0.125

-1.29688 0.124887
-1.28125 0.122855

-1.28125 0.122911
-1.26562 0.120975

-1.26562 0.120978
-1.25 0.11902

-1.375 0.13591
-1.35938 0.133805

-1.35938 0.133808
-1.34375 0.131661

-1.34375 0.131665
-1.32812 0.12946

-1.32812 0.129463
-1.3125 0.127185

-1.3125 0.127125
-1.29758 0.125

-1.25 0.119024
-1.23438 0.11703

-1.23438 0.117035
-1.21875 0.114988

-1.21875 0.114991
-1.20312 0.112877

-1.20312 0.112875
-1.1875 0.110691

-1.17188 0.108496
-1.17855 0.109375

-1.1875 0.110625
-1.17801 0.109375

-1.17188 0.108595
-1.15625 0.106742

-1.15625 0.10677
-1.14062 0.104952

-1.14062 0.104954
-1.125 0.103112

-1.125 0.103117
-1.10938 0.101235

-1.10938 0.101239
-1.09375 0.0992997

-1.09375 0.0993048
-1.07812 0.0972876

-1.07812 0.0972896
-1.0625 0.0951808

-1.04688 0.0930276
-1.05254 0.09375

-1.04688 0.09313
-1.03125 0.0913667

-1.0625 0.0951036
-1.05189 0.09375

-1.03125 0.0914045
-1.01562 0.0896998

-1.01562 0.0897022
-1 0.0879755

