-4 -0.0040049
-3.64626 0

-3.53417 0
-3.5 0.000386811

-3.5 -0.00297113
-3.4221 0

-3.25 -0.00432511
-3.21259 0

-3.125 -0.00605666
-3.09868 0

-3 -0.0957668
-3.00078 -0.09375

-3 -0.0643377
-3.00012 -0.0625

-3.0625 -0.00154336
-3.05757 0

-3.38686 0
-3.25 0.00528639

-3.20539 0
-3.125 0.0103397

-3.10042 0
-3.0625 0.0162583

-3.0625 7.10049e-05
-3.03125 0.0241341

-3.03496 0.03125
-3.03125 0.0402978

-3.03125 0.0292061
-3 0.0288782

-3.03125 0.0415066
-3.02349 0.0625

-3.03254 0.0625
-3.03125 0.0798898

-3.03218 0.09375
-3.03125 0.0985634

-3.02815 0.0625
-3.02126 0.09375

-3.03125 0.0979953
-3.01559 0.125

-3.02845 0.125
-3 0.153476

-3.00151 0.1875
-3 0.188937

-3 -0.100708
-2.96875 -0.108299

1.5 0.0250347
1.51562 0.024221

1.51562 0.0242082
1.53125 0.0234896

1.53125 0.0234953
1.54688 0.0228857

1.54688 0.0228753
1.5625 0.0223839

1.5625 0.022349
1.57812 0.0220665

1.57812 0.0220329
1.59375 0.0220962

0.375 -0.00066297
0.371903 0

0.375 -0.00049981
0.390625 -0.00298034

0.390625 -0.00300049
0.40625 -0.00503743

-2.98676 -0.09375
-2.98438 -0.0857668

1.59375 0.0220838
1.60938 0.0225846

-1 -0.132528
-0.984375 -0.131648

-0.984375 -0.131615
-0.96875 -0.130973

-2.98438 -0.0764928
-2.98529 -0.0625

-2.98438 -0.0812551
-2.97318 -0.09375

-2.98438 -0.0702873
-2.98083 -0.078125

0.40625 -0.00502291
0.421875 -0.00660501

-0.96875 -0.13096
-0.953125 -0.130649

-2.96875 -0.0959408
-2.96765 -0.09375

-0.953125 -0.130676
-0.9375 -0.130667

-2.96875 -0.0918885
-2.96069 -0.078125

-2.9604 -0.078125
-2.95312 -0.0681385

-2.95312 -0.066771
-2.9505 -0.0625

0.421875 -0.00657229
0.4375 -0.00779402

0.4375 -0.00780809
0.453125 -0.00870675

-0.9375 -0.130713
-0.921875 -0.130862

-0.921875 -0.130873
-0.90625 -0.131067

-2.98438 -0.0625
-2.98438 -0.0618318

-2.98205 -0.0625
-2.98306 -0.046875

-2.98314 -0.046875
-2.98406 -0.03125

-2.98438 -0.0190723
-2.98479 -0.015625

-2.98567 -0.015625
-2.98905 0

-2.98438 -0.0286934
-2.98407 -0.03125

-2.95135 -0.0625
-2.94062 -0.046875

-2.94096 -0.046875
-2.9375 -0.0427995

-2.9375 -0.0410247
-2.92373 -0.03125

-2.90625 -0.0330345
-2.91742 -0.03125

-2.92407 -0.03125
-2.92188 -0.0301929

-2.92188 -0.0296608
-2.91183 -0.03125

-2.90625 -0.0361446
-2.89062 -0.0447036

-2.89062 -0.047217
-2.875 -0.0509102

-2.89062 -0.0448069
-2.88203 -0.046875

-2.875 -0.0495791
-2.86302 -0.046875

-2.86312 -0.046875
-2.85938 -0.0460305

-2.85938 -0.0451432
-2.84375 -0.0377382

-2.84375 -0.0361803
-2.83169 -0.03125

-2.83153 -0.03125
-2.82812 -0.0298576

-2.82812 -0.029996
-2.8125 -0.0273265

-2.8125 -0.0276473
-2.79688 -0.0276757

-2.79688 -0.0278762
-2.78125 -0.0295599

-2.76562 -0.0333796
-2.77851 -0.03125

-2.76562 -0.0327581
-2.75 -0.0350116

-2.78125 -0.0288674
-2.76684 -0.03125

-2.75 -0.0348649
-2.73438 -0.0362074

-2.73438 -0.0360217
-2.71875 -0.0371179

-2.71875 -0.0370729
-2.70312 -0.0383841

-2.70312 -0.0383602
-2.6875 -0.0400241

-2.6875 -0.0401324
-2.67188 -0.0419804

-2.67188 -0.042096
-2.65625 -0.0436805

-2.65625 -0.0437421
-2.64062 -0.0447087

-2.64062 -0.0445458
-2.625 -0.045097

-2.625 -0.0448737
-2.60938 -0.0457819

-2.59375 -0.0475645
-2.60091 -0.046875

-2.60938 -0.0457847
-2.59805 -0.046875

-2.59375 -0.047563
-2.57812 -0.0491091

-2.57812 -0.0491122
-2.5625 -0.0503478

-2.5625 -0.050388
-2.54688 -0.0512266

-2.54688 -0.0512476
-2.53125 -0.051567

-2.53125 -0.0515421
-2.51562 -0.05135

-2.51562 -0.0512664
-2.5 -0.0507798

-2.99184 0
-2.99049 0.015625

-2.98532 0.015625
-2.98438 0.0193085

-2.98438 0.0165104
-2.98102 0.03125

-2.98377 0.03125
-2.98431 0.046875

-2.98393 0.046875
-2.9839 0.0625

-2.9839 0.0625
-2.98407 0.078125

-2.98438 0.0854528
-2.98388 0.078125

-2.98411 0.09375
-2.99203 0.125

-2.99272 0.125
-2.98581 0.15625

-3 0.184139
-2.96875 0.180925

-2.96875 0.149888
-2.95854 0.15625

-2.96784 0.15625
-2.96097 0.171875

-2.95897 0.171875
-2.96674 0.1875

-2.95312 0.165643
-2.95165 0.171875

-2.95312 0.17468
-2.95243 0.171875

-3 0.188715
-2.96875 0.193346

-2.93918 0.1875
-2.9375 0.196164

-2.9375 0.222551
-2.94321 0.25

-2.9375 0.211008
-2.92188 0.204659

-2.93257 0.21875
-2.90625 0.220929

-2.95109 0.25
-2.9375 0.273201

-2.9375 0.264973
-2.90625 0.266332

-2.90683 0.28125
-2.90625 0.281288

-2.90625 0.265344
-2.90617 0.265625

-2.89062 0.27252
-2.9037 0.28125

0.453125 -0.00873065
0.46875 -0.0092303

0.46875 -0.00925451
0.484375 -0.00925893

-0.90625 -0.131059
-0.890625 -0.131292

-0.890625 -0.131305
-0.875 -0.131566

-0.875 -0.131597
-0.859375 -0.131798

-0.859375 -0.131829
-0.84375 -0.131848

-0.84375 -0.131862
-0.828125 -0.13161

-0.828125 -0.131578
-0.8125 -0.13109

-0.8125 -0.131003
-0.796875 -0.130514

-0.796875 -0.130446
-0.78125 -0.130264

-0.78125 -0.130298
-0.765625 -0.130491

-0.765625 -0.130597
-0.75 -0.130885

-0.75 -0.130971
-0.734375 -0.130969

-0.734375 -0.130994
-0.71875 -0.130479

-0.71875 -0.130455
-0.703125 -0.129425

-0.703125 -0.129385
-0.6875 -0.127968

-0.6875 -0.127943
-0.671875 -0.126267

-0.671875 -0.126272
-0.661403 -0.125

-0.661371 -0.125
-0.65625 -0.124378

-0.65625 -0.124378
-0.640625 -0.122243

-0.640625 -0.122228
-0.625 -0.119882

-0.625 -0.119868
-0.609375 -0.11737

-0.609375 -0.117364
-0.59375 -0.114757

-0.59375 -0.11476
-0.578125 -0.112049

-0.578125 -0.112029
-0.563188 -0.109375

-0.563334 -0.109375
-0.5625 -0.109227

-0.5625 -0.109227
-0.546875 -0.106475

-0.546875 -0.106495
-0.53125 -0.103778

-0.53125 -0.103806
-0.515625 -0.101027

-0.515625 -0.101077
-0.5 -0.0980799

1.60938 0.0226076
1.625 0.0235248

-2.89062 0.265576
-2.89055 0.265625

-2.88765 0.265625
-2.88722 0.28125

-2.90625 0.283074
-2.90034 0.28125

-2.875 0.294932
-2.86985 0.296875

-2.875 0.302702
-2.85938 0.302702

0.484375 -0.00927177
0.5 -0.00870684

0 0.0118281
0.015625 0.0129287

-0.5 -0.0981329
-0.484375 -0.0947121

-0.484375 -0.0946267
-0.480648 -0.09375

-2.78125 0.281468
-2.78103 0.28125

-0.480935 -0.09375
-0.46875 -0.0908834

-0.46875 -0.0910694
-0.453125 -0.0870725

1.625 0.0235434
1.64062 0.0247939

1.64062 0.0247817
1.65625 0.0263525

0.015625 0.012643
0.03125 0.0131222

0.03125 0.012146
0.046875 0.0145276

0.046875 0.0137048
0.0514322 0.015625

0.0495165 0.015625
0.0625 0.0211629

0.0625 0.022393
0.078125 0.0306154

-0.453125 -0.0873145
-0.4375 -0.0821712

-0.4375 -0.0817421
-0.427057 -0.078125

-0.428915 -0.078125
-0.421875 -0.0756864

-0.421875 -0.076309
-0.40625 -0.0715284

-0.40625 -0.0718276
-0.390625 -0.0666184

0.0749975 0.03125
0.078125 0.0328678

-0.390625 -0.0662466
-0.379348 -0.0625

0.078125 0.0314897
0.09375 0.0366918

1.65625 0.02636
1.67188 0.0282607

0.09375 0.0346365
0.109375 0.0395041

-0.380752 -0.0625
-0.375 -0.060589

0.109375 0.0410905
0.125 0.0465596

-2.5 -0.0507062
-2.48438 -0.0502395

1.67188 0.0283618
1.6875 0.030375

0.124745 0.046875
0.125 0.0469641

-2.48438 -0.0502734
-2.46875 -0.0499063

-2.46875 -0.0500341
-2.45312 -0.0494432

0.125 0.0470002
0.140625 0.0490166

-2.45312 -0.0496897
-2.4375 -0.0481262

-2.4375 -0.04838
-2.43102 -0.046875

-2.43067 -0.046875
-2.42188 -0.0448308

-2.42188 -0.0463475
-2.40625 -0.0369422

-2.40625 -0.0387237
-2.39876 -0.03125

-2.40222 -0.03125
-2.39062 -0.0171257

-2.39062 -0.0169471
-2.38952 -0.015625

-2.39062 -0.0124351
-2.375 -0.000737099

0.140625 0.0483773
0.15625 0.0473399

0.171875 0.0445744
0.158657 0.046875

0.15625 0.0472903
0.158636 0.046875

0.171875 0.0444748
0.1875 0.0403636

0.21875 0.0310757
0.218133 0.03125

0.1875 0.0399983
0.203125 0.0354239

0.203125 0.0354769
0.218088 0.03125

0.21875 0.0310913
0.234375 0.0266746

0.234375 0.0265064
0.25 0.0223679

-2.375 -0.00137166
-2.35938 -0.00385623

-2.34375 -0.0186772
-2.3467 -0.015625

-2.35938 -0.00511693
-2.34655 -0.015625

1.6875 0.0305724
1.69465 0.03125

1.6942 0.03125
1.70312 0.0320963

-0.375 -0.0612039
-0.359375 -0.0564767

-0.359375 -0.0566576
-0.34375 -0.0514342

-0.34375 -0.0510516
-0.331117 -0.046875

-0.332134 -0.046875
-0.328125 -0.0455498

-0.328125 -0.045859
-0.3125 -0.0415703

-0.3125 -0.0416886
-0.296875 -0.0379436

-0.296875 -0.0379679
-0.28125 -0.0344814

-0.28125 -0.0345284
-0.266021 -0.03125

0.25 0.0223178
0.265625 0.0188943

0.265625 0.0190907
0.28125 0.01609

0.296875 0.0131612
0.283679 0.015625

0.28125 0.0159681
0.283088 0.015625

0.296875 0.0129632
0.3125 0.0105483

0.3125 0.0107181
0.328125 0.00883183

0.328125 0.00918956
0.34375 0.006777

0.34375 0.00671013
0.359375 0.00318954

0.359375 0.00259656
0.371504 0

-0.265625 -0.0313568
-0.265176 -0.03125

-0.266426 -0.03125
-0.265625 -0.0310776

1.70312 0.0322123
1.71875 0.0324489

1.73438 0.0312197
1.73396 0.03125

1.73438 0.031139
1.75 0.0289848

-0.265178 -0.03125
-0.25 -0.0276387

-2.32812 -0.0402358
-2.33515 -0.03125

-2.3125 -0.0580673
-2.32391 -0.046875

-2.32812 -0.0406963
-2.32309 -0.046875

0.5 -0.00873853
0.515625 -0.00751519

0.515625 -0.00749053
0.53125 -0.0055947

-2.34375 -0.0205778
-2.3349 -0.03125

-0.25 -0.0279466
-0.234375 -0.0228689

1.71875 0.0323775
1.73428 0.03125

-0.234375 -0.0225688
-0.21875 -0.0161217

-0.219242 -0.015625
-0.21875 -0.0154218

-0.21875 -0.0158
-0.218316 -0.015625

-0.218657 -0.015625
-0.203125 -0.00935983

0.53125 -0.00566366
0.546875 -0.00300673

0.546875 -0.00321138
0.561108 0

-0.203125 -0.00970434
-0.1875 -0.00376844

-2.29688 -0.0677592
-2.30597 -0.0625

-2.29688 -0.0673805
-2.28125 -0.0706973

1.75 0.0288349
1.76562 0.026168

1.76562 0.0260252
1.78125 0.023431

-0.1875 -0.00320274
-0.177426 0

-2.28125 -0.0704487
-2.26562 -0.0690016

0.556808 0
0.5625 0.00128427

-2.26562 -0.0685366
-2.25 -0.0637527

0.5625 0.000898793
0.578125 0.00453234

1.78125 0.023325
1.79688 0.0213014

0.578125 0.00440533
0.59375 0.00767134

0.59375 0.00762748
0.609375 0.0108677

0.609375 0.0104865
0.625 0.014551

1.79688 0.0213059
1.8125 0.020056

-0.178072 0
-0.171875 0.00197019

1.8125 0.0201474
1.82812 0.0194792

-2.3125 -0.0582689
-2.30557 -0.0625

0.625 0.0144393
0.628407 0.015625

1.82812 0.0195493
1.84375 0.0191398

1.84375 0.0191104
1.85938 0.0188782

0.627631 0.015625
0.640625 0.0201478

0.640625 0.0205708
0.65625 0.0262203

-2.25 -0.0635586
-2.24766 -0.0625

-0.171875 0.00181257
-0.15625 0.00458471

-2.24731 -0.0625
-2.23438 -0.0566497

-0.15625 0.00437546
-0.140625 0.00542958

0.65625 0.0265461
0.671875 0.0308047

-0.140625 0.00518982
-0.125 0.00542391

0.671875 0.0306068
0.675984 0.03125

-2.23438 -0.0562337
-2.21875 -0.0477924

0.675284 0.03125
0.6875 0.0331621

0.6875 0.033015
0.703125 0.0341183

0.703125 0.0339413
0.71875 0.0342978

0.71875 0.0340976
0.734375 0.0344619

0.734375 0.0343229
0.75 0.0353736

-2.21875 -0.0477101
-2.21723 -0.046875

-2.21752 -0.046875
-2.20312 -0.038972

-2.20312 -0.0380923
-2.1875 -0.0316249

1.85938 0.0188418
1.875 0.0189183

-2.1875 -0.0314921
-2.18599 -0.03125

-2.18526 -0.03125
-2.17188 -0.0290984

0.75 0.0354307
0.765625 0.0373319

0.765625 0.0376639
0.78125 0.0396377

0.78125 0.0398643
0.796875 0.0407936

0.796875 0.0405805
0.8125 0.0404382

0.8125 0.0404586
0.828125 0.0396301

0.828125 0.0397475
0.84375 0.0379575

-2.17188 -0.0288972
-2.15625 -0.0307746

0.84375 0.037821
0.859375 0.035108

0.859375 0.0347791
0.875 0.0320738

-2.15625 -0.0316124
-2.14062 -0.0366377

-2.14062 -0.036476
-2.125 -0.0432971

0.890625 0.0305274
0.880043 0.03125

-2.15625 -0.0306993
-2.15454 -0.03125

1.875 0.0189546
1.89062 0.0193401

-0.125 0.00529758
-0.109375 0.00544382

-2.07812 -0.0642161
-2.08362 -0.0625

1.89062 0.0193938
1.90625 0.0199084

-2.07812 -0.0642737
-2.0625 -0.0673409

0.890625 0.030471
0.900336 0.03125

0.875 0.031572
0.879715 0.03125

0.895722 0.03125
0.90625 0.0320945

0.90625 0.032708
0.921875 0.034413

0.921875 0.0346465
0.9375 0.0347584

-2.10938 -0.052103
-2.11948 -0.046875

-2.125 -0.043215
-2.11792 -0.046875

-2.10938 -0.0525626
-2.09375 -0.0595386

1.90625 0.019952
1.92188 0.0204008

1.92188 0.0204187
1.9375 0.0206787

1.9375 0.0207086
1.95312 0.0206845

1.95312 0.0207256
1.96875 0.0202752

-0.109375 0.00537453
-0.09375 0.00582416

-0.09375 0.00596601
-0.078125 0.0065739

-0.078125 0.00666481
-0.0625 0.00696548

0.96875 0.0295053
0.960643 0.03125

0.9375 0.0346725
0.953125 0.0328959

0.953125 0.0327885
0.960274 0.03125

0.96875 0.0289772
0.984375 0.0251405

0.984375 0.0247748
1 0.0221769

-2.09375 -0.059205
-2.0832 -0.0625

-2.0625 -0.0671636
-2.04688 -0.0684835

-2.04688 -0.0682998
-2.03125 -0.0685946

1.96875 0.0202874
1.98438 0.0193041

1.98438 0.0193285
2 0.0177393

-0.0625 0.00675602
-0.046875 0.00698659

-0.046875 0.00682887
-0.03125 0.00772368

-0.03125 0.0078096
-0.015625 0.00951221

-0.015625 0.00975213
0 0.0116109

-2.03125 -0.0683762
-2.01562 -0.0684502

-2.01562 -0.0682899
-2 -0.0689003

1 0.0220527
1.01562 0.0216733

1.01562 0.0216552
1.03125 0.0237788

1.03125 0.0237797
1.04688 0.0284409

1.04688 0.0292151
1.05261 0.03125

1.05238 0.03125
1.0625 0.0348407

1.0625 0.0350124
1.07812 0.0393844

1.07812 0.0395589
1.09375 0.0420078

1.09375 0.0420992
1.10938 0.0420932

1.10938 0.041678
1.125 0.0398646

1.125 0.0395477
1.14062 0.0373912

1.14062 0.0375294
1.15625 0.0353871

1.1875 0.0297944
1.17959 0.03125

1.15625 0.0354993
1.17188 0.0328704

1.17188 0.0326039
1.17923 0.03125

1.1875 0.0295969
1.20312 0.027265

1.20312 0.0274099
1.21875 0.0256632

1.21875 0.0257905
1.23438 0.0240845

1.23438 0.0238798
1.25 0.0223695

1.25 0.0221381
1.26562 0.0216958

1.26562 0.0218603
1.28125 0.0226198

1.28125 0.0228229
1.29688 0.0240487

1.29688 0.0241531
1.3125 0.0252304

1.3125 0.0251704
1.32812 0.0260101

1.32812 0.0260245
1.34375 0.0267181

1.34375 0.0267353
1.35938 0.0272195

1.35938 0.0271713
1.375 0.0275082

1.375 0.0274905
1.39062 0.027812

1.39062 0.0278545
1.40625 0.0281111

1.40625 0.028153
1.42188 0.0281761

1.42188 0.0281476
1.4375 0.0279101

1.4375 0.0279105
1.45312 0.0274685

1.45312 0.027479
1.46875 0.0268106

1.46875 0.0267697
1.48438 0.0259355

1.48438 0.0259075
1.5 0.0250451

2.01562 0.0154293
2.01427 0.015625

2 0.0177484
2.01473 0.015625

2.01562 0.0153167
2.03125 0.0127402

2.03125 0.0123396
2.04688 0.0105888

2.04688 0.0104314
2.0625 0.0106222

2.0625 0.0106389
2.07812 0.0130525

2.07812 0.0131489
2.08771 0.015625

2.08606 0.015625
2.09375 0.0176108

2.09375 0.0176169
2.10938 0.0222236

2.10938 0.0223123
2.125 0.0268228

2.125 0.0266736
2.14062 0.0312063

2.14023 0.03125
2.14062 0.0313651

2.14062 0.0313609
2.15625 0.0359053

2.15625 0.0358584
2.17188 0.040202

2.17188 0.0401585
2.1875 0.0444819

2.1875 0.044321
2.19666 0.046875

2.19527 0.046875
2.20312 0.0490656

2.20312 0.0488035
2.21875 0.0532612

2.21875 0.0533472
2.23438 0.0578376

2.23438 0.0576795
2.25 0.0623405

2.24942 0.0625
2.25 0.0626735

-2 -0.0688691
-1.98438 -0.070399

-1.98438 -0.0704788
-1.96875 -0.0728312

-1.96875 -0.07294
-1.95312 -0.0757375

-1.9375 -0.0787743
-1.94094 -0.078125

-1.95312 -0.0757614
-1.94061 -0.078125

2.25 0.0623376
2.2505 0.0625

2.25041 0.0625
2.26562 0.0674658

-1.9375 -0.0788981
-1.92188 -0.0815853

-1.92188 -0.0815417
-1.90625 -0.0837072

2.26562 0.0674527
2.28125 0.0729786

2.28125 0.0731736
2.2953 0.078125

2.29444 0.078125
2.29688 0.0789843

-1.90625 -0.0836576
-1.89062 -0.085488

-1.89062 -0.0854592
-1.875 -0.0871112

2.29688 0.0793479
2.3125 0.0831133

2.3125 0.0828427
2.32812 0.0841515

2.32812 0.0838163
2.34375 0.0838802

-1.875 -0.0871152
-1.85938 -0.0886381

2.34375 0.0835751
2.35938 0.0836745

2.35938 0.0836677
2.375 0.0844267

-1.85938 -0.0886409
-1.84375 -0.0900211

2.375 0.0844187
2.39062 0.0858672

2.39062 0.0858157
2.40625 0.0880728

2.40625 0.0881252
2.42188 0.091189

2.42188 0.0913574
2.43282 0.09375

2.43273 0.09375
2.4375 0.0947941

2.4375 0.0949402
2.45312 0.0980409

2.45312 0.0978201
2.46875 0.100726

2.46875 0.101149
2.48438 0.103456

2.48438 0.104472
2.5 0.103303

-1.84375 -0.0899788
-1.82812 -0.0912953

-1.82812 -0.091247
-1.8125 -0.0926808

-1.79688 -0.0943026
-1.8023 -0.09375

-1.79688 -0.0944077
-1.78125 -0.0958835

-1.8125 -0.0927078
-1.80226 -0.09375

-1.78125 -0.0959309
-1.76562 -0.0969813

-1.76562 -0.0969849
-1.75 -0.0975078

2.98438 -0.0825167
2.98279 -0.078125

2.98206 -0.078125
2.98438 -0.0724309

-1.75 -0.0976278
-1.73438 -0.0973761

-1.73438 -0.0975468
-1.71875 -0.0959393

2.98438 -0.083407
3 -0.0821501

2.98438 -0.0734822
3 -0.0749016

2.98438 -0.0624898
2.98461 -0.0625

2.53125 0.0855159
2.5187 0.09375

-1.71875 -0.0957721
-1.70786 -0.09375

-1.70844 -0.09375
-1.70312 -0.0927626

2.5 0.10327
2.51562 0.0966612

2.51562 0.0958679
2.51897 0.09375

2.54688 0.0743748
2.54086 0.078125

2.53125 0.0844991
2.54135 0.078125

2.54688 0.0745356
2.5625 0.0673687

-1.70312 -0.09221
-1.6875 -0.089674

2.59375 0.0589352
2.57911 0.0625

2.59375 0.0589294
2.60938 0.0561107

2.60938 0.0561656
2.625 0.0542325

2.5625 0.0676591
2.57812 0.0626013

2.57812 0.06272
2.57903 0.0625

-1.6875 -0.0895828
-1.67188 -0.0888466

-1.67188 -0.0890957
-1.65625 -0.0898433

-1.65625 -0.0901457
-1.64062 -0.091274

2.625 0.0542802
2.64062 0.0530274

2.64062 0.0530421
2.65625 0.0523448

2.65625 0.0523413
2.67188 0.0521773

2.67188 0.0522161
2.6875 0.0525149

2.6875 0.0526397
2.70312 0.0530743

2.70312 0.0532105
2.71875 0.0532587

2.71875 0.0532737
2.73438 0.052633

-1.64062 -0.0906327
-1.625 -0.0928193

2.73438 0.052527
2.75 0.0513793

-1.60938 -0.0979261
-1.62235 -0.09375

-1.60938 -0.0986244
-1.59375 -0.104941

-1.625 -0.0917414
-1.61876 -0.09375

-1.57812 -0.109508
-1.57864 -0.109375

-1.59375 -0.105709
-1.57958 -0.109375

2.75 0.0512929
2.76562 0.0500229

2.76562 0.050001
2.78125 0.0488252

2.78125 0.0488399
2.79688 0.0477727

2.8125 0.046811
2.81153 0.046875

-1.57812 -0.109439
-1.5625 -0.110299

-1.5625 -0.109885
-1.55334 -0.109375

-1.55397 -0.109375
-1.54688 -0.10898

-1.54688 -0.10869
-1.53125 -0.107567

-1.53125 -0.107502
-1.51562 -0.106876

2.79688 0.0477898
2.81073 0.046875

2.8125 0.0467625
2.82812 0.0457239

2.82812 0.0456925
2.84375 0.0447107

2.84375 0.0446887
2.85938 0.0438708

2.85938 0.0438295
2.875 0.0433021

2.875 0.0432656
2.89062 0.0431842

2.89062 0.0431486
2.90625 0.043657

2.90625 0.043638
2.92188 0.0448453

2.92188 0.0446093
2.93706 0.046875

2.93448 0.046875
2.9375 0.0473251

2.9375 0.0457078
2.94252 0.046875

2.9375 0.0472767
2.95312 0.0509068

2.95312 0.0496293
2.96875 0.0565259

2.98404 0.015625
2.98438 0.0165064

2.98438 0.0148137
3 0.0149972

-1.51562 -0.106882
-1.5 -0.106873

2.98438 0.0161439
3 0.015904

2.96875 0.0553396
2.97757 0.0625

2.98438 0.0445809
2.98576 0.046875

2.98438 0.0619557
2.98479 0.0625

2.97777 0.0625
2.98438 0.0729965

2.98372 0.078125
2.98438 0.0843093

2.98438 0.0780574
2.9844 0.078125

2.98439 0.09375
2.98872 0.125

2.9375 0.217879
2.93454 0.21875

2.90625 0.247113
2.93649 0.21875

2.96875 0.151437
2.96276 0.15625

2.96875 0.160568
2.96128 0.171875

2.95688 0.171875
2.96105 0.1875

2.98699 0.125
2.98274 0.15625

2.96875 0.181244
2.98966 0.1875

2.96875 0.202544
2.96667 0.21875

2.93958 0.21875
2.96287 0.25

2.96875 0.20028
3 0.189124

2.96875 0.21911
2.96878 0.21875

2.90625 0.2532
2.9375 0.278086

2.9375 0.274949
2.96897 0.25

3 -0.250072
3.06085 -0.25

3 -0.249984
3.0625 -0.249995

3.00007 -0.09375
3.00007 -0.0625

3.0625 -0.00583525
3.04619 0

3.125 -0.00491784
3.10105 0

3.25 -0.0036348
3.21968 0

3.5 -0.00272405
3.43361 0

3.03125 0.0221596
3.02615 0.03125

3.03125 0.0355777
3.02138 0.0625

-1.5 -0.10693
-1.48438 -0.107411

-1.48438 -0.107427
-1.46875 -0.108252

3.03125 0.0186725
3.05489 0

3.03125 0.0655718
3.02523 0.09375

3.03125 0.108587
3.0266 0.125

-1.46875 -0.108257
-1.45326 -0.109375

-1.4375 -0.110853
-1.45274 -0.109375

3.03125 0.0930319
3.03129 0.09375

-1.4375 -0.110867
-1.42188 -0.112835

-1.42188 -0.112922
-1.40625 -0.11514

3.03125 0.107595
3.03287 0.09375

3.0625 0.0150378
3.09657 0

3 0.166595
3.034 0.125

3 0.193791
3.00494 0.1875

3.125 0.0102892
3.19693 0

3.25 0.00463552
3.36199 0

-1.40625 -0.115208
-1.39062 -0.117365

-1.39062 -0.117369
-1.375 -0.119323

4 -0.00456537
3.62337 0

-1.375 -0.119332
-1.35938 -0.121057

-1.35938 -0.121109
-1.34375 -0.122486

3.5 0.000482726
3.53982 0

-1.34375 -0.122538
-1.32812 -0.123358

-1.32812 -0.123326
-1.3125 -0.123546

-1.3125 -0.123444
-1.29688 -0.12333

-1.29688 -0.123283
-1.28125 -0.123132

-1.28125 -0.123183
-1.26562 -0.122987

-1.26562 -0.122964
-1.25 -0.122666

-1.1875 -0.125144
-1.18889 -0.125

-1.1875 -0.125251
-1.17188 -0.127252

-1.17188 -0.127263
-1.15625 -0.129296

-1.15625 -0.129384
-1.14062 -0.131218

-1.14062 -0.131215
-1.125 -0.13268

-1.25 -0.122578
-1.23438 -0.1224

-1.23438 -0.122331
-1.21875 -0.122587

-1.21875 -0.122545
-1.20312 -0.123454

-1.20312 -0.123464
-1.1883 -0.125

-1.1875 -0.12475
-1.18555 -0.125

-1.125 -0.13268
-1.10938 -0.133781

-1.10938 -0.133773
-1.09375 -0.134524

-1.09375 -0.134518
-1.07812 -0.134948

-1.07812 -0.134949
-1.0625 -0.13507

-1.0625 -0.13507
-1.04688 -0.134881

-1.04688 -0.134885
-1.03125 -0.134381

-1.03125 -0.134363
-1.01562 -0.133574

-1.01562 -0.133525
-1 -0.132585

