-4 -0.00421453
-3.6772 0

-3.56651 0
-3.5 0.000868338

-3.5 -0.00217517
-3.44981 0

-3.25 -0.00274204
-3.2292 0

-3.125 -0.00371728
-3.11032 0

-3 -0.0941359
-3.0009 -0.09375

-3 -0.0695667
-3.00406 -0.0625

-3.00348 -0.0625
-3 -0.0579703

-3.40453 0
-3.25 0.00672989

-3.21781 0
-3.125 0.0128916

-3.10504 0
-3.0625 0.0201468

-3.0625 0.00478274
-3.03125 0.0292838

-3.03999 0.03125
-3.03125 0.0478686

-3.03125 0.0259523
-3.02848 0.03125

-3.03125 0.0524889
-3.02803 0.0625

-3.03248 0.0625
-3.03125 0.0745919

-3.03638 0.09375
-3.03125 0.109111

-3.03125 0.0669823
-3.02297 0.09375

-3.03125 0.103801
-3.01412 0.125

-3.02096 0.125
-3 0.14607

1.5 -0.211074
1.51562 -0.213188

1.51562 -0.213207
1.53125 -0.215358

1.5625 -0.219535
1.55667 -0.21875

-3 -0.0801279
-2.99382 -0.078125

-3 -0.0678369
-2.99426 -0.0625

-3 -0.0570819
-2.9919 -0.0625

-3 -0.0468331
-2.99972 -0.046875

1.53125 -0.215374
1.54688 -0.217493

1.54688 -0.217491
1.55623 -0.21875

1.5625 -0.219609
1.57812 -0.221669

1.57812 -0.221677
1.59375 -0.223603

1.59375 -0.223597
1.60938 -0.225387

1.60938 -0.225383
1.625 -0.227058

1.625 -0.227055
1.64062 -0.228631

1.64062 -0.228627
1.65625 -0.230119

1.65625 -0.230113
1.67188 -0.23154

1.67188 -0.231536
1.6875 -0.232917

0.234375 -0.000204472
0.232362 0

0.234375 -7.83272e-05
0.25 -0.00140202

1.6875 -0.232905
1.70312 -0.234272

1.71875 -0.235641
1.70425 -0.234375

1.70312 -0.234283
1.70418 -0.234375

1.71875 -0.235669
1.73438 -0.236962

1.73438 -0.236971
1.75 -0.238117

0.25 -0.00133089
0.265625 -0.00226413

0.265625 -0.00225731
0.28125 -0.00295007

0.28125 -0.00293696
0.296875 -0.0034291

0.296875 -0.0034003
0.3125 -0.00377559

1.75 -0.238115
1.76562 -0.2391

0.3125 -0.00375567
0.328125 -0.00411155

0.328125 -0.00411852
0.34375 -0.0044809

0.34375 -0.004501
0.359375 -0.00481576

-3 0.0312064
-2.98438 0.0312056

0.359375 -0.00482231
0.375 -0.00503617

-0.984375 0.139555
-0.99354 0.140625

-1 0.14144
-0.993017 0.140625

-0.984375 0.139595
-0.96875 0.138441

-0.96875 0.138455
-0.953125 0.137914

-0.953125 0.137928
-0.9375 0.137943

-0.9375 0.137966
-0.921875 0.138467

-0.921875 0.138506
-0.90625 0.139368

-0.90625 0.139499
-0.890625 0.140382

-0.890625 0.140552
-0.886626 0.140625

-0.887233 0.140625
-0.875 0.140849

-0.78125 0.1238
-0.792245 0.125

-0.78125 0.123778
-0.765625 0.122478

-0.765625 0.122433
-0.75 0.121659

-0.859375 0.139653
-0.868972 0.140625

-0.875 0.141392
-0.867432 0.140625

-0.859375 0.139368
-0.84375 0.135708

-0.84375 0.135262
-0.828125 0.131125

-0.828125 0.130927
-0.8125 0.1276

-0.8125 0.127692
-0.796875 0.125384

-0.796875 0.125483
-0.79245 0.125

-0.75 0.121591
-0.734375 0.121566

-0.734375 0.122006
-0.71875 0.121987

-0.71875 0.122125
-0.703125 0.120956

-0.703125 0.120504
-0.6875 0.118814

-0.6875 0.118749
-0.671875 0.117572

-0.671875 0.119565
-0.65625 0.115043

-0.640625 0.101825
-0.652246 0.109375

-0.65625 0.116524
-0.6451 0.109375

-0.640625 0.10164
-0.626687 0.09375

-0.609375 0.0888423
-0.624167 0.09375

-0.609375 0.0889901
-0.59375 0.0848126

-0.625 0.0938267
-0.624769 0.09375

-0.59375 0.084904
-0.578125 0.0812413

-0.5625 0.078071
-0.562768 0.078125

-0.578125 0.0811498
-0.563131 0.078125

1.76562 -0.239092
1.78125 -0.239935

-3 0.0313347
-2.98438 0.0313357

-3 0.110088
-2.96875 0.113857

-2.95312 0.124621
-2.95372 0.125

-2.9375 0.106908
-2.94222 0.109375

-2.95312 0.120734
-2.94137 0.109375

-2.92188 0.0268082
-2.93082 0.03125

0.375 -0.00502071
0.390625 -0.00515148

0.390625 -0.00514976
0.40625 -0.00523182

0.40625 -0.00497223
0.421875 -0.0055282

1.78125 -0.239928
1.79688 -0.240658

-2.92188 0.0268769
-2.91198 0.03125

-2.92984 0.03125
-2.92637 0.046875

0.421875 -0.00465868
0.4375 -0.00794678

1.79688 -0.240657
1.8125 -0.24129

1.8125 -0.241289
1.82812 -0.24183

1.82812 -0.24182
1.84375 -0.242294

-0.5625 0.0780389
-0.546875 0.0754976

1.84375 -0.242277
1.85938 -0.242738

-0.546875 0.0754895
-0.53125 0.0734969

-2.92655 0.046875
-2.92188 0.0485643

-0.53125 0.0736575
-0.515625 0.0719086

0.453125 -0.0174284
0.448973 -0.015625

-0.515625 0.0719907
-0.5 0.0700004

0.4375 -0.00819384
0.453125 -0.0149797

0.453125 -0.0168479
0.46875 -0.0229333

0.453125 -0.0151826
0.454261 -0.015625

0.46875 -0.0221473
0.484375 -0.025847

0.484375 -0.0253446
0.5 -0.0292032

0 0.0241426
0.015625 0.0260187

0.015625 0.0261299
0.03125 0.0265512

0.03125 0.0264644
0.046875 0.025382

0.046875 0.0252187
0.0625 0.0231327

0.0625 0.0230039
0.078125 0.0204986

0.078125 0.0204406
0.09375 0.0178894

0.109375 0.0154143
0.107945 0.015625

0.09375 0.0178065
0.108556 0.015625

0.109375 0.0154602
0.125 0.0136611

0.125 0.0138265
0.140625 0.012275

0.140625 0.0123635
0.15625 0.010552

0.15625 0.010525
0.171875 0.00833033

0.171875 0.00826888
0.1875 0.00586787

0.1875 0.00578365
0.203125 0.00346769

0.203125 0.00338041
0.21875 0.00149251

0.21875 0.00165646
0.234375 6.96357e-05

0.234375 8.87206e-05
0.235422 0

1.85938 -0.242729
1.875 -0.243231

0.515625 -0.0342641
0.506311 -0.03125

0.515625 -0.0346817
0.53125 -0.0400915

1.875 -0.243244
1.89062 -0.243778

1.89062 -0.243817
1.90625 -0.244279

-0.46875 0.0623062
-0.469505 0.0625

-0.453125 0.0576966
-0.466531 0.0625

-0.453125 0.0580234
-0.4375 0.0520114

-0.5 0.0699978
-0.484375 0.067607

1.90625 -0.244319
1.92188 -0.244552

1.92188 -0.244554
1.9375 -0.244475

0.5 -0.0291555
0.506473 -0.03125

0.53125 -0.0403104
0.546875 -0.0447576

0.5625 -0.0478067
0.558018 -0.046875

0.546875 -0.0447011
0.557332 -0.046875

0.5625 -0.0478007
0.578125 -0.0502605

0.578125 -0.050212
0.59375 -0.0521896

0.59375 -0.0521811
0.609375 -0.0537902

0.609375 -0.0538009
0.625 -0.0550372

1.9375 -0.244421
1.95312 -0.244137

1.95312 -0.244071
1.96875 -0.24382

-0.484375 0.0682254
-0.46875 0.0642119

-0.46875 0.0644402
-0.463335 0.0625

-0.421875 0.0453626
-0.425622 0.046875

-0.4375 0.0519701
-0.424878 0.046875

-0.421875 0.0454162
-0.40625 0.0393895

-0.375 0.029412
-0.381186 0.03125

-0.40625 0.0393792
-0.390625 0.0340174

-0.390625 0.0339635
-0.381493 0.03125

-0.375 0.0293636
-0.359375 0.025462

-0.359375 0.0254661
-0.34375 0.0222856

0.625 -0.0550359
0.640625 -0.0558808

1.96875 -0.243802
1.98438 -0.243751

1.98438 -0.243775
2 -0.243912

-0.34375 0.0223277
-0.328125 0.0197757

-0.328125 0.0198026
-0.3125 0.017741

0.640625 -0.0558562
0.65625 -0.0563616

-2.91306 0.03125
-2.91711 0.046875

-2.92188 0.0478389
-2.91904 0.046875

-2.90625 0.0307015
-2.90586 0.03125

-2.90625 0.0322737
-2.90616 0.03125

0.65625 -0.0563063
0.671875 -0.056632

-0.3125 0.0177703
-0.296875 0.0160865

-0.28125 0.0146913
-0.291309 0.015625

0.671875 -0.0565509
0.6875 -0.0569696

-0.296875 0.0161058
-0.291695 0.015625

-2.92188 0.106071
-2.93192 0.109375

-2.9375 0.111277
-2.93172 0.109375

-2.92188 0.105281
-2.90625 0.100711

0.75 -0.0652212
0.73721 -0.0625

-2.90625 0.100844
-2.89062 0.0982044

-0.28125 0.0146981
-0.265625 0.0133572

0.6875 -0.0568781
0.703125 -0.0577353

-2.89062 0.0978753
-2.875 0.0975595

0.703125 -0.0576666
0.71875 -0.0592828

-0.265625 0.0133441
-0.25 0.0121003

0.71875 -0.0592699
0.734375 -0.0618082

0.734375 -0.0618567
0.737399 -0.0625

-3 0.129708
-2.96875 0.142721

-3 0.173725
-2.96875 0.18654

-2.95312 0.131996
-2.95987 0.140625

-0.25 0.0120613
-0.234375 0.011019

-0.234375 0.0110131
-0.21875 0.0102621

-0.21875 0.0102981
-0.203125 0.00977829

-0.203125 0.0098048
-0.1875 0.00939134

0.75 -0.0653051
0.765625 -0.0690702

0.765625 -0.0690885
0.78125 -0.0730748

0.78125 -0.073096
0.796875 -0.0772246

-0.1875 0.0093711
-0.171875 0.00905141

0.8125 -0.0814874
0.800263 -0.078125

0.796875 -0.0771857
0.800293 -0.078125

-0.171875 0.0090049
-0.15625 0.00891248

-0.15625 0.0088873
-0.140625 0.00916553

-0.140625 0.00916909
-0.125 0.00986119

0.8125 -0.0813932
0.828125 -0.0861007

-0.125 0.009878
-0.109375 0.0109432

0.828125 -0.0860079
0.84375 -0.0914996

0.859375 -0.0978512
0.848868 -0.09375

0.859375 -0.0977432
0.875 -0.104159

0.84375 -0.091545
0.849399 -0.09375

-0.109375 0.0109783
-0.09375 0.0123128

-0.09375 0.0123619
-0.078125 0.0137972

-0.078125 0.0138078
-0.0625 0.0152244

0.921875 -0.128773
0.913585 -0.125

0.921875 -0.128444
0.9375 -0.132313

0.9375 -0.131969
0.953125 -0.133766

0.953125 -0.133561
0.96875 -0.134381

0.96875 -0.134257
0.984375 -0.134758

0.984375 -0.134679
1 -0.135269

0.890625 -0.111672
0.885903 -0.109375

2 -0.243937
2.01562 -0.244161

2.01562 -0.244174
2.03125 -0.244409

-0.0625 0.015165
-0.0578257 0.015625

-0.057515 0.015625
-0.046875 0.0166721

-0.046875 0.0166075
-0.03125 0.0185754

0.875 -0.103644
0.88678 -0.109375

0.890625 -0.111762
0.90625 -0.120546

2.03125 -0.24442
2.04688 -0.244615

2.04688 -0.24463
2.0625 -0.244734

-2.95747 0.140625
-2.96312 0.15625

-2.96299 0.15625
-2.95948 0.171875

-0.03125 0.0185993
-0.015625 0.0210978

2.0625 -0.244744
2.07812 -0.244705

0.90625 -0.121481
0.91398 -0.125

2.07812 -0.244699
2.09375 -0.244508

2.09375 -0.244487
2.10938 -0.244201

2.10938 -0.244175
2.125 -0.243887

-0.015625 0.0212803
0 0.0238964

-2.96875 0.185653
-2.95884 0.171875

-2.98698 0.1875
-2.96875 0.190393

2.125 -0.243869
2.14062 -0.243666

2.14062 -0.243661
2.15625 -0.24359

-2.96875 0.188614
-2.96738 0.1875

-2.9375 0.241793
-2.95414 0.25

-2.9375 0.246427
-2.92963 0.25

2.15625 -0.243598
2.17188 -0.243654

2.17188 -0.243667
2.1875 -0.243807

-2.875 0.0978875
-2.85938 0.0998973

2.1875 -0.243816
2.20312 -0.243995

2.20312 -0.244009
2.21875 -0.244182

-2.85938 0.100462
-2.84375 0.103011

-2.84375 0.102944
-2.82812 0.105037

-2.82812 0.105086
-2.8125 0.106759

2.21875 -0.244222
2.23438 -0.244278

2.23438 -0.244362
2.25 -0.244053

-2.8125 0.106629
-2.79688 0.108045

-2.79688 0.108052
-2.78218 0.109375

-2.78219 0.109375
-2.78125 0.10946

-2.78125 0.109444
-2.76562 0.110859

-2.76562 0.110883
-2.75 0.112288

-2.94788 0.25
-2.9375 0.271838

-2.92558 0.25
-2.93726 0.28125

2.25 -0.244112
2.26562 -0.243155

2.26562 -0.243078
2.28125 -0.241508

-2.90625 0.265071
-2.89062 0.26507

2.28125 -0.241304
2.29688 -0.239685

2.29688 -0.239601
2.3125 -0.238508

-2.90625 0.266255
-2.89062 0.266255

-2.89062 0.265676
-2.89061 0.265625

2.3125 -0.23861
2.32812 -0.238005

2.32812 -0.238111
2.34375 -0.237579

2.34375 -0.23759
2.35938 -0.236895

2.35938 -0.236938
2.375 -0.235971

-2.75 0.112299
-2.73438 0.113622

-2.73438 0.113641
-2.71875 0.114821

2.375 -0.236047
2.39062 -0.234571

1 -0.135233
1.01562 -0.136146

2.39062 -0.23463
2.39283 -0.234375

2.39076 -0.234375
2.40625 -0.232577

1.01562 -0.136152
1.03125 -0.137448

1.03125 -0.137479
1.04688 -0.139085

1.0625 -0.140928
1.05988 -0.140625

2.40625 -0.232253
2.42188 -0.23111

2.42188 -0.231251
2.4375 -0.231179

2.4375 -0.231428
2.45312 -0.231647

2.45312 -0.231643
2.46875 -0.231665

2.46875 -0.231627
2.48438 -0.231536

1.04688 -0.139106
1.05999 -0.140625

1.0625 -0.140918
1.07812 -0.142884

1.07812 -0.142865
1.09375 -0.145021

2.48438 -0.231533
2.5 -0.231409

-2.71875 0.114823
-2.70312 0.115821

-2.70312 0.115807
-2.6875 0.116649

1.09375 -0.144997
1.10938 -0.147432

1.10938 -0.147425
1.125 -0.150201

-2.6875 0.116618
-2.67188 0.117395

1.15625 -0.156726
1.15404 -0.15625

1.125 -0.150215
1.14062 -0.153319

-2.67188 0.117362
-2.65625 0.118201

-2.65625 0.118182
-2.64062 0.119186

-2.64062 0.119186
-2.625 0.120396

1.14062 -0.153337
1.15417 -0.15625

1.15625 -0.156697
1.17188 -0.16028

1.17188 -0.160264
1.1875 -0.164114

1.1875 -0.16416
1.20312 -0.168219

-2.625 0.120413
-2.60938 0.121794

1.21875 -0.172325
1.21697 -0.171875

2.5 -0.231552
2.51562 -0.231116

1.20312 -0.168327
1.21716 -0.171875

1.21875 -0.172326
1.23438 -0.175848

1.23438 -0.175803
1.25 -0.178898

2.51562 -0.231244
2.53125 -0.229955

2.53125 -0.229793
2.54688 -0.227721

2.54688 -0.22753
2.5625 -0.225384

1.29688 -0.189277
1.29024 -0.1875

1.29688 -0.189552
1.3125 -0.193999

1.25 -0.178763
1.26562 -0.181792

1.26562 -0.18168
1.28125 -0.185138

1.28125 -0.185108
1.29018 -0.1875

1.3125 -0.194216
1.32812 -0.19796

1.32812 -0.197998
1.34375 -0.200529

2.5625 -0.225362
2.57812 -0.22357

2.57812 -0.223637
2.59375 -0.222109

2.59375 -0.222215
2.60938 -0.220604

1.34375 -0.200461
1.35938 -0.201839

1.35938 -0.201719
1.375 -0.202319

2.60938 -0.220664
2.62447 -0.21875

2.62265 -0.21875
2.625 -0.218452

1.375 -0.202203
1.39062 -0.202498

2.625 -0.218535
2.64062 -0.216359

2.64062 -0.216595
2.65625 -0.214004

2.65625 -0.214215
2.67188 -0.210316

1.39062 -0.202431
1.40625 -0.202785

2.67188 -0.210412
2.6875 -0.204591

2.6875 -0.203885
2.68977 -0.203125

2.68766 -0.203125
2.70312 -0.197957

1.42188 -0.203359
1.41585 -0.203125

1.40625 -0.202755
1.41576 -0.203125

1.42188 -0.203352
1.4375 -0.204295

2.70312 -0.198513
2.71875 -0.195603

2.71875 -0.196027
2.73438 -0.193577

2.73438 -0.194104
2.75 -0.190213

1.4375 -0.2043
1.45312 -0.205585

1.45312 -0.205599
1.46875 -0.207187

2.9375 -0.253452
2.93707 -0.25

-2.60938 0.121821
-2.59375 0.123284

2.9375 -0.253219
2.93859 -0.25

1.46875 -0.207204
1.48438 -0.209034

2.75 -0.190066
2.75799 -0.1875

2.75511 -0.1875
2.76562 -0.184122

1.48438 -0.20905
1.5 -0.211057

-2.59375 0.123315
-2.57812 0.124744

-2.57812 0.124753
-2.57517 0.125

2.76562 -0.184166
2.78125 -0.180074

2.78125 -0.180142
2.79688 -0.177529

2.79688 -0.178076
2.8125 -0.175711

2.8125 -0.175876
2.82812 -0.172366

-2.57525 0.125
-2.5625 0.126062

-2.5625 0.126048
-2.54688 0.127217

-2.54688 0.127207
-2.53125 0.128287

2.82662 -0.171875
2.82812 -0.171536

2.82812 -0.17161
2.84375 -0.168135

2.84375 -0.168361
2.85938 -0.165944

-2.53125 0.128277
-2.51562 0.129308

2.85938 -0.166284
2.875 -0.163792

-2.51562 0.129306
-2.5 0.130308

2.93689 -0.25
2.9375 -0.249588

2.875 -0.164227
2.89062 -0.160109

2.89062 -0.159683
2.90078 -0.15625

2.89904 -0.15625
2.90625 -0.15381

2.90625 -0.153967
2.92188 -0.149229

2.92188 -0.149608
2.9375 -0.145042

2.9375 -0.249687
2.93884 -0.25

2.9375 -0.145616
2.94969 -0.140625

2.95028 -0.140625
2.95312 -0.139459

2.95312 -0.145122
2.96064 -0.140625

2.95312 -0.139671
2.96875 -0.127232

2.96875 -0.125616
2.96935 -0.125

2.97237 -0.125
2.9907 -0.09375

2.98438 -0.0759367
2.98164 -0.0625

2.9906 -0.09375
2.99004 -0.078125

-2.5 0.130314
-2.48438 0.131282

2.98779 -0.078125
2.98457 -0.0625

2.98411 -0.0625
2.98379 -0.046875

2.98423 -0.046875
2.98438 -0.0443278

2.98435 -0.03125
2.98438 -0.0311305

-2.48438 0.131291
-2.46875 0.132193

-2.46875 0.132203
-2.45312 0.133004

-2.45312 0.133011
-2.4375 0.133677

-2.4375 0.133678
-2.42188 0.13419

-2.42188 0.134181
-2.40625 0.134556

-2.40625 0.134532
-2.39062 0.134834

-2.39062 0.134797
-2.375 0.135145

-2.375 0.135105
-2.35938 0.13565

-2.35938 0.135621
-2.34375 0.136502

-2.34375 0.136494
-2.32812 0.137787

-2.32812 0.137803
-2.3125 0.13949

2.98438 -0.0306091
2.9873 -0.015625

2.98817 -0.015625
2.99276 0

-2.3125 0.139518
-2.30377 0.140625

-2.30387 0.140625
-2.29688 0.141513

-2.29688 0.141546
-2.28125 0.143676

-2.28125 0.143717
-2.26562 0.145831

-2.26562 0.145866
-2.25 0.147814

-2.25 0.147831
-2.23438 0.149509

-2.23438 0.149512
-2.21875 0.150879

-2.21875 0.150917
-2.20312 0.151889

-2.20312 0.151975
-2.1875 0.152303

2.99436 0
2.99555 0.015625

2.99374 0.015625
2.98857 0.03125

2.98438 0.044158
2.98387 0.046875

2.98438 0.0417169
2.98691 0.03125

2.98529 0.046875
2.9853 0.0625

2.98498 0.0625
2.98543 0.078125

2.98536 0.078125
2.98702 0.09375

2.98621 0.09375
2.99552 0.125

-2.1875 0.152381
-2.17188 0.151738

-2.17188 0.151733
-2.15625 0.149971

-2.15625 0.149822
-2.14062 0.14725

2.93534 0.21875
2.91934 0.25

2.96875 0.157599
2.96298 0.171875

2.96456 0.171875
2.96875 0.187407

2.99556 0.125
2.99022 0.15625

2.96875 0.178475
2.98663 0.1875

2.96875 0.200935
2.95445 0.21875

2.94849 0.21875
2.96875 0.244119

2.96875 0.204379
2.98726 0.1875

2.96875 0.239606
2.9696 0.21875

-2.14062 0.147025
-2.125 0.144387

2.91025 0.25
2.9375 0.278075

-2.125 0.14423
-2.10938 0.142291

-2.10938 0.142276
-2.09375 0.141381

-2.09375 0.141465
-2.07812 0.141474

-2.07812 0.141576
-2.0625 0.142117

-2.0625 0.142191
-2.04688 0.142912

-2.04688 0.142953
-2.03125 0.143623

2.9375 0.268001
2.97667 0.25

-2.03125 0.143643
-2.01562 0.144141

3.0625 -0.00754399
3.04214 0

3.125 -0.00685885
3.08818 0

3.25 -0.00532618
3.20323 0

3.5 -0.00373129
3.40069 0

3 0.0300855
3.03125 0.0279466

3.02375 0.03125
3.02498 0.0625

3.03125 0.0146423
3.05051 0

3.02495 0.0625
3.03125 0.092749

3.03125 0.12049
3.0272 0.125

3.03125 0.0803102
3.03324 0.09375

3.03125 0.123347
3.03687 0.09375

3.0625 0.0127257
3.09174 0

3 0.159836
3.0304 0.125

3 0.191542
3.00215 0.1875

-2.01562 0.144148
-2 0.144422

3.125 0.00852649
3.19011 0

3.25 0.00368089
3.34702 0

4 -0.00531519
3.53082 0

-2 0.144422
-1.98438 0.144456

-1.98438 0.144451
-1.96875 0.144257

-1.96875 0.144248
-1.95312 0.143854

-1.95312 0.143841
-1.9375 0.143291

-1.9375 0.143276
-1.92188 0.142624

-1.92188 0.142607
-1.90625 0.141919

-1.90625 0.1419
-1.89062 0.141246

-1.89062 0.141227
-1.875 0.14068

-1.85938 0.140292
-1.87334 0.140625

-1.875 0.140667
-1.87324 0.140625

-1.85938 0.140282
-1.84375 0.140135

-1.84375 0.140131
-1.82812 0.140241

-1.82812 0.140244
-1.8125 0.140611

-1.8125 0.140611
-1.81214 0.140625

-1.81244 0.140625
-1.79688 0.141215

-1.79688 0.141232
-1.78125 0.141994

-1.78125 0.142015
-1.76562 0.142871

-1.76562 0.142894
-1.75 0.143757

-1.75 0.143777
-1.73438 0.144561

-1.73438 0.144576
-1.71875 0.14521

-1.71875 0.145216
-1.70312 0.145658

-1.70312 0.145654
-1.6875 0.145898

-1.6875 0.145883
-1.67188 0.145969

-1.67188 0.145943
-1.65625 0.145952

-1.65625 0.145918
-1.64062 0.14597

-1.64062 0.145934
-1.625 0.146169

-1.625 0.146138
-1.60938 0.146691

-1.60938 0.146678
-1.59375 0.14764

-1.59375 0.147662
-1.57812 0.149017

-1.57812 0.149085
-1.5625 0.150653

-1.5625 0.15075
-1.54688 0.152204

-1.54688 0.152292
-1.53125 0.153263

-1.53125 0.153311
-1.51562 0.153528

-1.51562 0.153505
-1.5 0.152917

-1.375 0.0870987
-1.38097 0.09375

-1.39062 0.106688
-1.39272 0.109375

-1.39253 0.109375
-1.40595 0.125

-1.39062 0.105876
-1.38076 0.09375

-1.5 0.152797
-1.48438 0.151692

-1.48438 0.151621
-1.46875 0.150381

-1.46875 0.150586
-1.45312 0.148942

-1.45312 0.149346
-1.4375 0.146084

-1.42188 0.139471
-1.42433 0.140625

-1.4375 0.146933
-1.4241 0.140625

-1.42188 0.139705
-1.40625 0.126302

-1.40625 0.126303
-1.40503 0.125

-1.35938 0.073293
-1.3658 0.078125

-1.375 0.0863269
-1.36562 0.078125

-1.35938 0.0729336
-1.34375 0.065172

-1.34375 0.0650612
-1.32812 0.0630811

-1.32812 0.0634557
-1.3125 0.0667292

-1.3125 0.0677412
-1.29688 0.0734951

-1.29688 0.0746423
-1.2831 0.078125

-1.28237 0.078125
-1.28125 0.0784074

-1.28125 0.0780681
-1.28038 0.078125

-1.27937 0.078125
-1.26562 0.0790281

-1.26562 0.0779778
-1.25809 0.078125

-1.26269 0.078125
-1.25 0.0795152

-1.23438 0.0263906
-1.24445 0.03125

-1.23438 0.023943
-1.21955 0.03125

-1.24611 0.03125
-1.2472 0.046875

-1.24851 0.046875
-1.23438 0.0530866

-1.22501 0.03125
-1.22475 0.046875

-1.23438 0.0538826
-1.22213 0.046875

-1.25 0.0790005
-1.23438 0.0848794

-1.23438 0.0830808
-1.221 0.09375

-1.22484 0.09375
-1.21875 0.100056

-1.21875 0.100083
-1.21031 0.109375

-1.21242 0.109375
-1.20312 0.117621

-1.20312 0.116462
-1.18955 0.125

-1.18791 0.125
-1.1875 0.125226

-1.1875 0.125426
-1.17188 0.132522

-1.17188 0.132505
-1.15625 0.138472

-1.15625 0.138426
-1.14943 0.140625

-1.14923 0.140625
-1.14062 0.143398

-1.14062 0.1435
-1.125 0.147614

-1.125 0.147636
-1.10938 0.150636

-1.10938 0.150662
-1.09375 0.15245

-1.09375 0.15248
-1.07812 0.152944

-1.07812 0.152929
-1.0625 0.152041

-1.0625 0.151951
-1.04688 0.149921

-1.04688 0.149791
-1.03125 0.147057

-1.03125 0.146907
-1.01562 0.144028

-1.01562 0.14391
-1 0.141423

