-4 -0.00239884
-3.78874 0

-3.63296 0
-3.5 0.00150974

-3.5 -0.00108567
-3.47244 0

1.5 -0.191462
1.51562 -0.19293

1.51562 -0.192961
1.53125 -0.194408

1.53125 -0.194437
1.54688 -0.195739

1.54688 -0.19575
1.5625 -0.196827

1.5625 -0.196812
1.57812 -0.197672

1.57812 -0.197639
1.59375 -0.198378

1.59375 -0.198347
1.60938 -0.199092

1.60938 -0.199077
1.625 -0.19992

-3.25 -0.000621493
-3.24467 0

1.625 -0.199916
1.64062 -0.200895

-3 -0.191142
-3.00412 -0.1875

-3 -0.125069
-3.00016 -0.125

-3.125 -0.000518283
-3.1229 0

1.64062 -0.200889
1.65625 -0.202024

1.67188 -0.203337
1.66939 -0.203125

1.65625 -0.20201
1.66931 -0.203125

1.67188 -0.203339
1.6875 -0.204911

1.6875 -0.204936
1.70312 -0.206704

1.70312 -0.206744
1.71875 -0.208576

1.71875 -0.208616
1.73438 -0.21035

1.73438 -0.210375
1.75 -0.211879

-3 -0.0939234
-3.00045 -0.09375

-3 -0.0901221
-3.00292 -0.0625

-3.0625 -0.00150088
-3.05782 0

-3 -0.0488263
-3.00058 -0.03125

-3.03125 -0.00339123
-3.01397 0

-3.41078 0
-3.25 0.00639433

-3.2226 0
-3.125 0.0123201

1.75 -0.211885
1.76562 -0.213097

1.76562 -0.213087
1.78125 -0.214015

1.78125 -0.213998
1.79688 -0.214693

-3.11257 0
-3.0625 0.0202047

-3.0625 0.00880536
-3.03125 0.0310782

-3.03889 0.03125
-3.03125 0.0449007

1.79688 -0.214676
1.8125 -0.215205

1.8125 -0.215194
1.82812 -0.215611

-3.03125 0.0177023
-3.02234 0.03125

-3.03125 0.0475732
-3.02628 0.0625

-3.03623 0.0625
-3.03125 0.0766159

1.82812 -0.215607
1.84375 -0.215944

1.84375 -0.215944
1.85938 -0.216207

1.85938 -0.216206
1.875 -0.216398

-3.03125 0.0684946
-3.02089 0.09375

-3.01442 0.09375
-3.00491 0.125

1.875 -0.216393
1.89062 -0.216529

-3.01685 0.125
-3 0.159693

1.89062 -0.216522
1.90625 -0.216624

1.90625 -0.216619
1.92188 -0.216711

1.92188 -0.216706
1.9375 -0.216809

1.9375 -0.216805
1.95312 -0.216938

1.95312 -0.216939
1.96875 -0.21711

1.96875 -0.217121
1.98438 -0.217306

1.98438 -0.217323
2 -0.217468

-3 -0.125464
-2.99964 -0.125

-1 0.122123
-0.984375 0.12289

-0.984375 0.122905
-0.96875 0.12367

-0.96875 0.123689
-0.953125 0.124385

-0.953125 0.124411
-0.9375 0.12495

-3 -0.0872842
-2.9908 -0.078125

0.390625 -0.00123473
0.383925 0

0.390625 -0.00122121
0.40625 -0.0038076

0.40625 -0.00376287
0.421875 -0.00612071

0.421875 -0.0060866
0.4375 -0.00837357

0.4375 -0.00834318
0.453125 -0.0106883

0.453125 -0.0106659
0.46875 -0.0131746

0.484375 -0.0159485
0.482457 -0.015625

0.46875 -0.0132042
0.4831 -0.015625

0.484375 -0.015881
0.5 -0.0185026

-0.9375 0.124976
-0.935994 0.125

0.015625 0.0287999
0.0124747 0.03125

-0.890625 0.124232
-0.903828 0.125

-0.890625 0.124315
-0.875 0.122418

-0.936875 0.125
-0.921875 0.125242

-0.921875 0.125292
-0.90625 0.125077

0.015625 0.0283283
0.03125 0.0182767

0 0.0417118
0.0125428 0.03125

-0.90625 0.125141
-0.90382 0.125

0.046875 0.0119277
0.0381469 0.015625

-3 -0.0746071
-2.99559 -0.078125

-3 -0.0317055
-2.99758 -0.03125

-3 -0.0178254
-2.98438 -0.0168595

-3 -0.00296399
-2.98438 -0.00287626

0.03125 0.0182144
0.0373627 0.015625

2 -0.217481
2.01562 -0.217526

2.01562 -0.217527
2.03125 -0.217445

2.03125 -0.217434
2.04688 -0.217248

-0.875 0.122441
-0.859375 0.119343

0.046875 0.0118938
0.0625 0.00823567

-0.859375 0.119279
-0.84375 0.115061

2.04688 -0.217231
2.0625 -0.216995

-0.84375 0.115155
-0.828125 0.10976

2.0625 -0.216979
2.07812 -0.216759

-3 0.00485386
-2.98438 0.00472966

0.0625 0.00851713
0.078125 0.00704805

-3 0.017468
-2.98438 0.017468

2.07812 -0.216748
2.09375 -0.216596

0.078125 0.00715749
0.09375 0.00709566

-0.8125 0.103289
-0.827952 0.109375

-3 0.0314271
-2.98438 0.0314271

-0.828125 0.109783
-0.82709 0.109375

-3 0.0616332
-2.98438 0.0616332

-3 0.0685121
-2.98438 0.0685121

-0.78125 0.0927328
-0.784871 0.09375

0.09375 0.00695854
0.109375 0.0083593

0.109375 0.00815767
0.125 0.0116985

0.125 0.011845
0.13597 0.015625

0.13429 0.015625
0.140625 0.0178079

0.140625 0.0179142
0.15625 0.0234777

0.15625 0.023624
0.171875 0.0281112

0.171875 0.0282551
0.1875 0.0310857

0.1875 0.0311639
0.188977 0.03125

0.21875 0.0309503
0.213104 0.03125

0.190808 0.03125
0.203125 0.0319676

0.203125 0.0319497
0.216307 0.03125

0.21875 0.0309297
0.234375 0.0288103

0.234375 0.0286678
0.25 0.0258368

-0.8125 0.103006
-0.796875 0.0972937

-0.796875 0.0971588
-0.78474 0.09375

-0.78125 0.0925203
-0.765625 0.0902221

-0.765625 0.0902182
-0.75 0.0905006

-3 0.0793116
-2.99825 0.078125

0.25 0.0257429
0.265625 0.0226732

0.265625 0.0226502
0.28125 0.0195756

-3 0.0954417
-2.9925 0.125

0.28125 0.0195815
0.296875 0.0165365

-3 0.145746
-2.99575 0.15625

-0.75 0.0905046
-0.734375 0.0933675

0.3125 0.0135194
0.301545 0.015625

2.09375 -0.216591
2.10938 -0.216538

0.296875 0.016529
0.301578 0.015625

0.3125 0.0135231
0.328125 0.0105818

2.10938 -0.216539
2.125 -0.216591

-2.99418 0.15625
-2.97368 0.1875

2.125 -0.2166
2.14062 -0.216737

-0.734375 0.0933515
-0.733358 0.09375

2.14062 -0.216754
2.15625 -0.216926

-0.732378 0.09375
-0.71875 0.0991346

0.328125 0.0105978
0.34375 0.00768263

-0.71875 0.0985067
-0.70383 0.109375

-2.96875 0.155472
-2.95312 0.155503

-2.96875 0.165671
-2.95639 0.171875

-2.96765 0.171875
-2.96275 0.1875

-2.97697 0.1875
-2.96875 0.200831

-2.96875 0.201615
-2.95732 0.21875

-2.954 0.21875
-2.9375 0.237542

2.15625 -0.21695
2.17188 -0.217076

2.17188 -0.217103
2.1875 -0.217079

2.1875 -0.217099
2.20312 -0.21683

2.20312 -0.216832
2.21875 -0.216277

2.21875 -0.216271
2.23438 -0.215442

2.23438 -0.215484
2.25 -0.21431

-0.704962 0.109375
-0.703125 0.111023

-0.703125 0.110824
-0.689565 0.125

-0.693917 0.125
-0.6875 0.131728

-0.6875 0.131059
-0.671875 0.139764

-0.671875 0.137582
-0.65625 0.137699

-0.65625 0.136336
-0.640625 0.134955

-0.640625 0.1352
-0.625 0.134557

-0.5625 0.123396
-0.573166 0.125

-0.5625 0.123362
-0.546875 0.122007

-0.546875 0.121791
-0.53125 0.121876

-0.53125 0.122167
-0.515625 0.12354

-0.515625 0.124256
-0.5 0.124905

-0.625 0.135238
-0.609375 0.133483

-0.609375 0.133113
-0.59375 0.129624

-0.59375 0.12909
-0.578125 0.125677

-0.578125 0.125653
-0.573779 0.125

-0.484375 0.122635
-0.496446 0.125

-0.484375 0.121543
-0.46875 0.115398

-0.453125 0.108949
-0.454262 0.109375

-0.46875 0.11479
-0.454304 0.109375

-0.4375 0.104054
-0.45288 0.109375

-0.453125 0.109429
-0.45297 0.109375

-0.40625 0.0902843
-0.413873 0.09375

-0.4375 0.104251
-0.421875 0.0978521

-0.421875 0.0976206
-0.413361 0.09375

-0.40625 0.0898918
-0.390625 0.0837965

-0.390625 0.083846
-0.375 0.0796909

0.34375 0.00769602
0.359375 0.00474804

-0.5 0.125632
-0.496766 0.125

-0.359375 0.077425
-0.363504 0.078125

-0.375 0.0797549
-0.365386 0.078125

-0.359375 0.0774348
-0.34375 0.0755061

2.25 -0.214446
2.26562 -0.21257

2.26562 -0.212647
2.28125 -0.209642

-2.9375 0.235123
-2.92392 0.25

0.359375 0.00474203
0.375 0.00174651

-0.34375 0.0755989
-0.328125 0.0737543

-0.328125 0.0737799
-0.3125 0.0717826

-2.8125 0.076994
-2.81364 0.078125

-0.265625 0.0617632
-0.268025 0.0625

-2.81356 0.078125
-2.82516 0.09375

-2.82812 0.105457
-2.82966 0.109375

-0.265625 0.0616941
-0.25 0.0558258

0.375 0.00168962
0.384169 0

-0.3125 0.0717891
-0.296875 0.0695749

2.28125 -0.209354
2.29688 -0.205643

2.29688 -0.205165
2.30796 -0.203125

2.30784 -0.203125
2.3125 -0.202268

-0.296875 0.0698091
-0.28125 0.0668964

-2.82962 0.109375
-2.83366 0.125

-0.28125 0.0673115
-0.265625 0.0625151

-0.265625 0.0625219
-0.265567 0.0625

0.5 -0.0184173
0.515625 -0.0211357

-0.25 0.0559061
-0.234375 0.0503339

0.515625 -0.021089
0.53125 -0.0241681

0.5625 -0.0317703
0.560351 -0.03125

0.53125 -0.0241623
0.546875 -0.0277067

0.546875 -0.027805
0.561102 -0.03125

-2.82812 0.104689
-2.82383 0.09375

-0.21875 0.0445156
-0.225267 0.046875

-0.234375 0.0506096
-0.224059 0.046875

2.3125 -0.202291
2.32812 -0.201202

-0.21875 0.0445485
-0.203125 0.0390645

0.5625 -0.0317036
0.578125 -0.0352991

-0.203125 0.0393554
-0.1875 0.0339402

0.578125 -0.0351894
0.59375 -0.0386276

-2.8125 0.0756759
-2.79688 0.0672022

0.59375 -0.038594
0.609375 -0.0421613

0.609375 -0.0422234
0.625 -0.0458628

-0.171875 0.0279166
-0.181288 0.03125

0.640625 -0.0493559
0.629112 -0.046875

-2.79688 0.0648414
-2.78125 0.0749383

0.625 -0.04593
0.629386 -0.046875

-2.78176 0.078125
-2.78125 0.07869

-2.78125 0.0752583
-2.77951 0.078125

-2.78125 0.085626
-2.77372 0.09375

-2.78049 0.09375
-2.76562 0.103238

0.640625 -0.0492389
0.65625 -0.0523151

0.65625 -0.0522471
0.671875 -0.0553705

0.671875 -0.055395
0.6875 -0.0586526

-2.76562 0.0966699
-2.75 0.0994919

-2.8335 0.125
-2.83629 0.140625

2.32812 -0.201368
2.34375 -0.201717

-2.83612 0.140625
-2.8383 0.15625

2.34375 -0.201901
2.35938 -0.202989

2.375 -0.204473
2.36103 -0.203125

2.35938 -0.202963
2.36106 -0.203125

-2.83823 0.15625
-2.8403 0.171875

-2.84028 0.171875
-2.84242 0.1875

2.375 -0.204538
2.39062 -0.206382

-2.84375 0.196703
-2.84463 0.203125

2.39062 -0.206164
2.40625 -0.208648

-0.171875 0.0274856
-0.15625 0.0236774

0.71875 -0.0647903
0.706105 -0.0625

2.4375 -0.220162
2.4342 -0.21875

0.71875 -0.0646855
0.734375 -0.0672822

-2.84472 0.203125
-2.84659 0.21875

-2.84672 0.21875
-2.84785 0.234375

-2.84796 0.234375
-2.84787 0.25

-2.84375 0.196706
-2.84248 0.1875

0.734375 -0.0672309
0.75 -0.0699

2.40625 -0.208392
2.42188 -0.212465

0.6875 -0.058737
0.703125 -0.0619111

-0.1875 0.0340925
-0.179473 0.03125

0.703125 -0.0619434
0.706198 -0.0625

-2.92677 0.25
-2.90625 0.272953

-0.15625 0.0229331
-0.140625 0.0237862

2.42188 -0.212059
2.4375 -0.218748

-0.140625 0.0218971
-0.126442 0.03125

-2.90625 0.269719
-2.89532 0.28125

-0.128273 0.03125
-0.125 0.0339479

0.75 -0.0699034
0.765625 -0.0727407

-2.89801 0.28125
-2.875 0.304847

-0.125 0.0369676
-0.11583 0.046875

-2.84808 0.25
-2.84611 0.265625

-2.84611 0.265625
-2.84375 0.27396

-2.875 0.303002
-2.86538 0.3125

-2.84375 0.274535
-2.84185 0.28125

2.45312 -0.229627
2.43851 -0.21875

2.46875 -0.24377
2.45396 -0.234375

-0.118769 0.046875
-0.109375 0.0554217

-0.109375 0.0543698
-0.09375 0.0616523

0.765625 -0.0727734
0.78125 -0.0757067

0.796875 -0.0786488
0.793978 -0.078125

0.78125 -0.0757657
0.794298 -0.078125

0.796875 -0.0786147
0.8125 -0.0811668

0.8125 -0.0811482
0.828125 -0.0834371

0.828125 -0.0834381
0.84375 -0.0854989

0.84375 -0.0854758
0.859375 -0.0873531

0.859375 -0.0873072
0.875 -0.0891388

0.875 -0.0890999
0.890625 -0.0910554

0.890625 -0.0910529
0.90625 -0.0932151

0.921875 -0.0955636
0.909623 -0.09375

0.921875 -0.0955558
0.9375 -0.0979636

0.90625 -0.0932274
0.90978 -0.09375

0.9375 -0.0979754
0.953125 -0.10046

0.953125 -0.100464
0.96875 -0.102993

0.96875 -0.102987
0.984375 -0.105566

0.984375 -0.105557
1 -0.108212

-0.09375 0.0598998
-0.078125 0.0623037

-0.078125 0.0617037
-0.0733483 0.0625

-0.0715867 0.0625
-0.0625 0.0640149

-2.84204 0.28125
-2.83444 0.296875

-2.8343 0.296875
-2.82812 0.305933

-2.82812 0.30599
-2.82267 0.3125

-2.86851 0.3125
-2.84375 0.332957

-2.84375 0.331193
-2.82889 0.34375

-2.82252 0.3125
-2.8125 0.321094

2.45312 -0.233831
2.45392 -0.234375

2.4375 -0.217975
2.43878 -0.21875

-0.015625 0.0567154
-0.0256732 0.0625

0 0.0418957
-0.00563355 0.046875

-0.015625 0.0562794
-0.00435929 0.046875

-0.0625 0.0651768
-0.046875 0.0674463

-0.046875 0.0685517
-0.03125 0.0661639

-0.03125 0.0664133
-0.0240953 0.0625

2.46875 -0.243692
2.48438 -0.243672

2.48438 -0.241351
2.5 -0.236201

-2.8348 0.34375
-2.8125 0.358389

-2.8125 0.319687
-2.8024 0.328125

-2.80086 0.328125
-2.79688 0.332392

-2.79688 0.331711
-2.78771 0.34375

-2.8125 0.360753
-2.79688 0.368993

-2.78733 0.34375
-2.78466 0.359375

-2.78125 0.366885
-2.7924 0.375

-2.78125 0.358581
-2.78102 0.359375

-2.78125 0.36093
-2.78071 0.359375

-2.8125 0.376117
-2.80178 0.375

-2.6875 0.0224854
-2.69983 0.03125

-2.70131 0.03125
-2.69804 0.046875

-2.70117 0.046875
-2.6875 0.053644

-2.75 0.0999545
-2.73438 0.103946

-2.73438 0.104865
-2.71875 0.107263

1.09375 -0.128131
1.08117 -0.125

1.09375 -0.128144
1.10938 -0.132113

-2.71875 0.105861
-2.70312 0.107632

-2.70312 0.108525
-2.69694 0.109375

1.10938 -0.132164
1.125 -0.136084

2.5 -0.235231
2.50349 -0.234375

1.01562 -0.110969
1.00658 -0.109375

1 -0.108203
1.00665 -0.109375

2.50385 -0.234375
2.51562 -0.231487

2.51562 -0.23262
2.53125 -0.229599

2.53125 -0.230299
2.54688 -0.224383

2.54688 -0.224274
2.55584 -0.21875

2.5552 -0.21875
2.5625 -0.214226

2.5625 -0.21414
2.57657 -0.203125

2.57614 -0.203125
2.57812 -0.201498

2.57812 -0.201499
2.59375 -0.18814

2.59375 -0.187833
2.59414 -0.1875

2.59415 -0.1875
2.60938 -0.174687

1.01562 -0.110932
1.03125 -0.113856

-2.69702 0.109375
-2.6875 0.110682

-2.6875 0.0253734
-2.67188 0.0241654

2.60938 -0.174808
2.61304 -0.171875

-2.67188 0.0240934
-2.65866 0.03125

-2.6875 0.0413375
-2.68418 0.046875

2.61302 -0.171875
2.625 -0.162219

-2.67885 0.046875
-2.67188 0.0488355

-2.65959 0.03125
-2.65625 0.0368966

2.625 -0.162409
2.63304 -0.15625

1.03125 -0.113848
1.04688 -0.117024

-2.67188 0.0564989
-2.65625 0.0550383

1.04688 -0.117015
1.0625 -0.120473

1.0625 -0.120492
1.07812 -0.124212

1.07812 -0.12423
1.08122 -0.125

-2.65625 0.0306234
-2.65553 0.03125

-2.65528 0.03125
-2.64806 0.046875

2.63213 -0.15625
2.64062 -0.149759

2.64062 -0.149846
2.65408 -0.140625

-2.64429 0.046875
-2.65466 0.0625

-2.65644 0.0625
-2.65625 0.0625651

2.65249 -0.140625
2.65625 -0.138241

2.65625 -0.139033
2.67188 -0.130267

1.125 -0.136113
1.14062 -0.139824

-2.6875 0.110425
-2.67188 0.111653

-2.67188 0.112736
-2.65625 0.111383

2.67188 -0.131227
2.68482 -0.125

-2.65625 0.0663511
-2.64653 0.0625

2.68028 -0.125
2.6875 -0.121527

1.15625 -0.143298
1.14435 -0.140625

-2.64062 0.107105
-2.65514 0.109375

1.14062 -0.139801
1.14429 -0.140625

1.15625 -0.143296
1.17188 -0.146685

1.17188 -0.146722
1.1875 -0.149929

1.1875 -0.149946
1.20312 -0.152864

1.20312 -0.152839
1.21875 -0.155487

2.6875 -0.122055
2.70312 -0.11718

2.70312 -0.117941
2.71875 -0.116112

-2.65625 0.109618
-2.6547 0.109375

2.71875 -0.115947
2.73438 -0.115973

-2.64062 0.106231
-2.625 0.108111

2.73438 -0.115973
2.75 -0.11818

-2.625 0.109104
-2.62357 0.109375

-2.625 0.110517
-2.60938 0.113696

-2.60938 0.10689
-2.59375 0.108696

1.23438 -0.157969
1.22385 -0.15625

2.78125 -0.129456
2.77119 -0.125

2.78125 -0.130114
2.79688 -0.138305

-2.60938 0.112202
-2.59375 0.117149

1.23438 -0.157952
1.25 -0.160587

-2.5625 0.0882106
-2.57154 0.09375

-2.57812 0.096797
-2.5909 0.109375

-2.57812 0.115402
-2.59164 0.125

-2.57812 0.100829
-2.57186 0.09375

-2.57812 0.122558
-2.5748 0.109375

-2.5625 0.0880168
-2.54688 0.0821626

1.21875 -0.15544
1.22371 -0.15625

-2.54688 0.0829426
-2.53125 0.0807715

2.8125 -0.146429
2.80131 -0.140625

2.79688 -0.138495
2.80098 -0.140625

-2.53125 0.0812021
-2.51562 0.0802929

-2.51562 0.0806183
-2.5 0.0794594

1.25 -0.160588
1.26562 -0.163351

-2.5984 0.125
-2.59375 0.127925

2.84375 -0.157309
2.83338 -0.15625

-2.59375 0.129381
-2.57812 0.127486

1.26562 -0.163377
1.28125 -0.166211

2.8125 -0.146888
2.82812 -0.153946

-2.57812 0.129849
-2.57435 0.125

2.82812 -0.155806
2.83248 -0.15625

2.84375 -0.159534
2.85063 -0.15625

2.84811 -0.15625
2.85938 -0.146913

2.85938 -0.147684
2.86379 -0.140625

2.86202 -0.140625
2.86602 -0.125

-2.51563 0.359375
-2.51563 0.375

1.28125 -0.166248
1.29688 -0.169026

-2.51562 0.359375
-2.51562 0.375

2.75 -0.118132
2.76562 -0.122614

2.76562 -0.122666
2.7709 -0.125

1.29688 -0.169033
1.3125 -0.171666

1.32812 -0.174161
1.31393 -0.171875

1.3125 -0.171654
1.31387 -0.171875

1.32812 -0.174203
1.34375 -0.176562

2.86491 -0.125
2.86512 -0.109375

2.86534 -0.109375
2.86355 -0.09375

2.85938 -0.0792989
2.85916 -0.078125

1.34375 -0.176574
1.35938 -0.178667

1.35938 -0.178655
1.375 -0.18048

2.85883 -0.078125
2.85819 -0.0625

2.86289 -0.09375
2.85997 -0.078125

2.85938 -0.0693917
2.85973 -0.078125

2.85637 -0.0625
2.85938 -0.0556906

1.375 -0.180459
1.39062 -0.182082

1.39062 -0.182067
1.40625 -0.183561

2.85938 -0.0545529
2.86521 -0.046875

1.40625 -0.183558
1.42188 -0.18496

1.42188 -0.18496
1.4375 -0.18628

-2.48438 0.0771559
-2.49054 0.078125

-2.5 0.079686
-2.49008 0.078125

-2.48438 0.0770382
-2.46875 0.073208

1.45312 -0.187517
1.45291 -0.1875

-2.46875 0.0727876
-2.45312 0.068751

-2.45312 0.0686426
-2.4375 0.0654574

-2.40625 0.0618386
-2.413 0.0625

-2.40625 0.0618881
-2.39062 0.0607826

-2.39062 0.0608318
-2.375 0.0599684

-2.4375 0.0655085
-2.42188 0.0632891

-2.42188 0.063382
-2.41288 0.0625

-2.375 0.0600044
-2.35938 0.0592127

-2.35938 0.0592445
-2.34375 0.0583886

2.86386 -0.046875
2.875 -0.0395288

2.96875 -0.218758
3 -0.218922

1.45312 -0.187513
1.46875 -0.188764

1.46875 -0.188751
1.48438 -0.190056

1.48438 -0.19005
1.5 -0.191446

1.4375 -0.18627
1.45276 -0.1875

-2.34375 0.0584129
-2.32812 0.0573807

-2.32812 0.0573951
-2.3125 0.0561093

2.97692 -0.21875
3 -0.218747

-2.3125 0.05611
-2.29688 0.0545403

-2.29688 0.0545253
-2.28125 0.0527006

2.95312 -0.130165
2.94713 -0.125

2.95312 -0.141132
2.96331 -0.140625

2.95312 -0.13753
2.96875 -0.131373

2.9375 -0.109301
2.92994 -0.09375

2.92188 -0.0793877
2.92122 -0.078125

2.92188 -0.0776669
2.91271 -0.0625

2.92188 -0.0782981
2.92994 -0.09375

2.875 -0.0408671
2.89062 -0.0416002

2.90625 -0.0526536
2.8986 -0.046875

2.89062 -0.0420629
2.89848 -0.046875

2.90625 -0.0535038
2.91362 -0.0625

-2.28125 0.0526741
-2.26562 0.0506773

-2.26562 0.0506439
-2.25 0.0485949

2.9375 -0.11375
2.94729 -0.125

2.95648 -0.125
2.96875 -0.115415

2.96875 -0.115028
2.9849 -0.09375

2.98258 -0.09375
2.9843 -0.078125

2.98324 -0.078125
2.98036 -0.0625

2.98742 -0.09375
2.99208 -0.078125

2.98258 -0.0625
2.98337 -0.046875

2.98318 -0.046875
2.98351 -0.03125

-2.23438 0.0465538
-2.23685 0.046875

-2.25 0.048593
-2.23675 0.046875

2.98438 -0.0579239
2.98489 -0.0625

2.98438 -0.0446855
2.98462 -0.046875

2.9835 -0.03125
2.98385 -0.015625

2.98396 -0.015625
2.98414 0

-2.23438 0.0465213
-2.21875 0.0446112

-2.21875 0.0445947
-2.20312 0.0429205

-2.20312 0.0429373
-2.1875 0.0414986

-2.1875 0.0415245
-2.17188 0.0402356

-2.17188 0.0402553
-2.15625 0.0390249

-2.15625 0.0390296
-2.14062 0.0378088

-2.14062 0.0377994
-2.125 0.0365979

2.98411 0
2.98395 0.015625

2.98385 0.015625
2.98362 0.03125

2.98364 0.03125
2.98352 0.046875

2.98355 0.046875
2.98345 0.0625

2.98348 0.0625
2.98328 0.078125

-2.125 0.0365805
-2.10938 0.035452

-2.10938 0.0354331
-2.09375 0.0344499

-2.09375 0.0344343
-2.07812 0.0336655

-2.07812 0.0336558
-2.0625 0.0331521

2.98353 0.078125
2.98264 0.09375

-2.0625 0.0331488
-2.04688 0.0329363

-2.04688 0.0329386
-2.03125 0.0330192

2.98399 0.09375
2.97444 0.125

2.90625 0.246099
2.90506 0.25

2.92188 0.21826
2.92146 0.21875

2.92188 0.198708
2.9375 0.197967

2.92449 0.203125
2.9375 0.206943

2.90625 0.219998
2.92273 0.21875

2.95312 0.153848
2.9519 0.15625

2.96875 0.128967
2.96263 0.140625

2.96477 0.140625
2.95627 0.15625

2.95254 0.15625
2.94952 0.171875

-2.03125 0.0330254
-2.01562 0.033382

-2.01562 0.0333899
-2 0.0339944

2.94962 0.171875
2.95312 0.180461

2.95312 0.177432
2.96005 0.1875

2.96875 0.136148
2.97309 0.125

3 0.180766
2.9714 0.1875

2.9375 0.188263
2.9442 0.1875

2.94136 0.21875
2.94847 0.25

2.96875 0.202673
3 0.192258

2.85938 0.296383
2.85886 0.296875

2.85859 0.296875
2.85819 0.3125

2.875 0.293778
2.8693 0.296875

2.85938 0.308063
2.86841 0.3125

2.82812 0.327706
2.84375 0.326267

2.82812 0.332767
2.84375 0.335184

2.86537 0.3125
2.875 0.313065

2.84375 0.346737
2.84694 0.34375

2.89062 0.261239
2.88712 0.265625

2.88691 0.265625
2.88374 0.28125

2.90298 0.25
2.89271 0.265625

2.875 0.283064
2.90625 0.293703

2.9375 0.274572
2.91731 0.28125

2.90625 0.283356
2.91289 0.28125

2.875 0.313336
2.87731 0.3125

2.9375 0.273314
2.94981 0.25

3 -0.0980761
3.00415 -0.09375

3.00066 -0.09375
3.0092 -0.0625

3.0052 -0.0625
3.00092 -0.03125

3 -0.00238291
3.00225 0

3.0625 -0.00809533
3.03734 0

3.125 -0.00478891
3.09476 0

3.25 -0.00405318
3.20705 0

3.5 -0.00286283
3.41018 0

3.03125 0.0243711
3.02228 0.03125

3.0287 0.03125
3.02261 0.0625

3.03125 0.0132383
3.0482 0

3.02675 0.0625
3.02459 0.09375

3.0197 0.09375
3.02238 0.125

3.0625 0.0127299
3.09728 0

3 0.173543
3.02554 0.125

3 0.191045
3.00341 0.1875

3.125 0.00772226
3.1925 0

3.25 0.00324652
3.34616 0

4 -0.00351166
3.61847 0

-2 0.0340014
-1.98438 0.0348237

-1.98438 0.0348279
-1.96875 0.0358454

-1.96875 0.035846
-1.95312 0.0370489

-1.95312 0.037053
-1.9375 0.038432

-1.9375 0.0384568
-1.92188 0.0399543

-1.92188 0.0400261
-1.90625 0.0414488

-1.90625 0.0415685
-1.89062 0.0425334

-1.89062 0.0426755
-1.875 0.0426588

-1.875 0.0427065
-1.85938 0.0413288

-1.85938 0.0412027
-1.84375 0.0386208

-1.84375 0.0381918
-1.82812 0.035516

-1.82812 0.0349605
-1.8125 0.0341595

-1.8125 0.0336856
-1.79688 0.0368183

-1.79688 0.036937
-1.78125 0.0443895

-1.78449 0.046875
-1.78125 0.0484394

-1.78125 0.0454001
-1.77571 0.046875

-1.78125 0.0484251
-1.76562 0.0524122

-1.76562 0.0498436
-1.75 0.0477557

-1.75 0.0467455
-1.73438 0.045217

-1.73438 0.0468235
-1.71875 0.0446618

-1.71875 0.0447152
-1.70312 0.0386007

-1.70312 0.0366874
-1.69012 0.03125

-1.67188 0.0256826
-1.68678 0.03125

-1.67188 0.0225892
-1.65625 0.0210869

-1.6875 0.0313772
-1.68716 0.03125

-1.65625 0.0212959
-1.64062 0.0298847

-1.64062 0.0305254
-1.63978 0.03125

-1.64099 0.03125
-1.64062 0.0314664

-1.64062 0.0315527
-1.625 0.0465175

-1.62521 0.046875
-1.625 0.0470918

-1.625 0.0466101
-1.62475 0.046875

-1.625 0.0485722
-1.60938 0.062477

-1.60938 0.0624475
-1.60926 0.0625

-1.60975 0.0625
-1.60938 0.0627801

-1.60938 0.0631271
-1.59375 0.0705656

-1.59375 0.0693012
-1.57812 0.0715089

-1.57812 0.0717051
-1.5625 0.0708182

-1.53125 0.0614157
-1.53408 0.0625

-1.53125 0.0593595
-1.51562 0.0539595

-1.51562 0.0530627
-1.5 0.0517394

-1.5625 0.0706463
-1.54688 0.066616

-1.54688 0.0655933
-1.5388 0.0625

-1.5 0.0519402
-1.48438 0.0560854

-1.48438 0.0568276
-1.47244 0.0625

-1.4736 0.0625
-1.46875 0.0648068

-1.46875 0.0648953
-1.45312 0.0728282

-1.45312 0.0731052
-1.44174 0.078125

-1.44181 0.078125
-1.4375 0.0800235

-1.4375 0.0799615
-1.42188 0.0853106

-1.42188 0.0851798
-1.40625 0.0893315

-1.40625 0.0892984
-1.39062 0.0925806

-1.39062 0.0925604
-1.3833 0.09375

-1.3832 0.09375
-1.375 0.0950807

-1.375 0.0949834
-1.35938 0.0970397

-1.35938 0.0970104
-1.34375 0.0988552

-1.34375 0.0988577
-1.32812 0.100545

-1.32812 0.100546
-1.3125 0.102068

-1.3125 0.102061
-1.29688 0.103432

-1.29688 0.103417
-1.28125 0.104682

-1.28125 0.104664
-1.26562 0.105889

-1.26562 0.105872
-1.25 0.107124

-1.25 0.107113
-1.23438 0.108445

-1.23438 0.108439
-1.22427 0.109375

-1.22423 0.109375
-1.21875 0.109883

-1.21875 0.109893
-1.20312 0.111454

-1.20312 0.111477
-1.1875 0.11309

-1.1875 0.113117
-1.17188 0.114682

-1.17188 0.114708
-1.15625 0.11612

-1.15625 0.116136
-1.14062 0.11731

-1.14062 0.117313
-1.125 0.118211

-1.125 0.1182
-1.10938 0.118836

-1.10938 0.118816
-1.09375 0.119254

-1.09375 0.119228
-1.07812 0.119561

-1.07812 0.119538
-1.0625 0.119865

-1.0625 0.11985
-1.04688 0.120248

-1.04688 0.120243
-1.03125 0.120755

-1.03125 0.120758
-1.01562 0.121385

-1.01562 0.121394
-1 0.122111

