-4 -0.00211303
-3.70791 0

-3.61008 0
-3.5 0.00079635

-3.5 -0.00205062
-3.4185 0

-3.25 -0.00293533
-3.21277 0

-3.125 -0.00398407
-3.1049 0

-3 -0.0651815
-3.00029 -0.0625

-3.0625 -0.000134944
-3.06213 0

-3 -0.0326883
-3.00022 -0.03125

-3.03125 -0.000656446
-3.02174 0

-3.39075 0
-3.25 0.00359732

-3.20635 0
-3.125 0.00703218

-3.10371 0
-3.0625 0.0118178

-3.0625 0.00115979
-3.03125 0.0210549

-3.03125 0.0255285
-3.01749 0.03125

-3.02292 0.03125
-3.01155 0.0625

-3.02315 0.0625
-3.01133 0.09375

-3.0146 0.09375
-3 0.114663

-3.01894 0.125
-3 0.150035

1.53125 -0.128025
1.51655 -0.125

1.53125 -0.128281
1.54688 -0.130748

1.54688 -0.130383
1.5625 -0.132147

1.5625 -0.131922
1.57812 -0.134164

1.57812 -0.134122
1.59375 -0.137378

1.60938 -0.142261
1.60398 -0.140625

1.59375 -0.137047
1.60555 -0.140625

1.60938 -0.14275
1.625 -0.147703

1.5 -0.121707
1.51562 -0.124458

1.51562 -0.124231
1.51936 -0.125

1.625 -0.147601
1.64062 -0.151322

1.64062 -0.150816
1.65625 -0.154521

1.67188 -0.159496
1.66127 -0.15625

1.67188 -0.159923
1.6875 -0.164556

1.65625 -0.154107
1.66325 -0.15625

1.6875 -0.164387
1.70312 -0.167889

1.70312 -0.167557
1.71875 -0.17093

1.73438 -0.174971
1.7219 -0.171875

1.71875 -0.170548
1.7241 -0.171875

1.73438 -0.175212
1.75 -0.178791

-2.96875 -0.166214
-2.96957 -0.15625

-2.96999 -0.15625
-2.96875 -0.15588

-2.96875 -0.168064
-2.9682 -0.15625

-2.96875 -0.155987
-2.96814 -0.15625

1.8125 -0.187918
1.80971 -0.1875

1.75 -0.178678
1.76562 -0.181402

-3 -0.0812283
-2.98438 -0.0820624

-3 -0.0770021
-2.98438 -0.0761025

-2.98438 -0.0786986
-2.98424 -0.078125

-2.98438 -0.0743117
-2.98273 -0.078125

1.76562 -0.181313
1.78125 -0.183589

1.78125 -0.183538
1.79688 -0.185647

1.79688 -0.185484
1.81033 -0.1875

1.8125 -0.188
1.82812 -0.19055

1.82812 -0.19058
1.84375 -0.192958

1.84375 -0.192906
1.85938 -0.195153

-2.99664 -0.0625
-2.98438 -0.0613297

-3 -0.0321149
-2.98438 -0.0320158

-3 -0.0176821
-2.98438 -0.0176641

-3 -0.00519319
-2.98438 -0.00519373

1.85938 -0.195144
1.875 -0.197381

1.875 -0.197397
1.89062 -0.199609

1.89062 -0.199614
1.90625 -0.20176

1.92188 -0.20391
1.91616 -0.203125

1.90625 -0.201697
1.91664 -0.203125

1.92188 -0.203947
1.9375 -0.206013

0.046875 -0.0698008
0.0323729 -0.0625

-0.734375 -0.000911954
-0.737658 0

0.0625 -0.0815008
0.0574317 -0.078125

0.046875 -0.0713692
0.0570166 -0.078125

-3 0.0071625
-2.98773 0

1.9375 -0.206002
1.95312 -0.207849

-2.99404 0.015625
-2.9878 0.03125

-2.98438 0.0153129
-2.9843 0.015625

0 -0.0541602
0.015625 -0.058225

-2.98438 0.016981
-2.97609 0.03125

1.95312 -0.20782
1.96875 -0.209528

0.015625 -0.058379
0.0289115 -0.0625

-0.71875 -0.0182743
-0.719872 -0.015625

-2.98459 0.03125
-2.98781 0.046875

-2.9868 0.046875
-2.98438 0.051824

-2.9787 0.03125
-2.96875 0.037775

-0.71875 -0.00764825
-0.730548 0

0.03125 -0.0622916
0.0316789 -0.0625

0.09375 -0.0991032
0.0834322 -0.09375

0.0625 -0.081981
0.078125 -0.0914234

0.078125 -0.0921764
0.0811579 -0.09375

1.96875 -0.209516
1.98438 -0.211169

-2.96875 0.0610818
-2.9843 0.0625

1.98438 -0.211173
2 -0.212789

-0.703125 -0.0330413
-0.705981 -0.03125

-2.96875 0.0464384
-2.96859 0.046875

-2.96875 0.0477116
-2.96839 0.046875

-2.98579 0.0625
-2.98438 0.0638242

-3 0.0908684
-2.98441 0.09375

-0.703125 -0.033255
-0.6875 -0.0373884

0.09375 -0.099792
0.109375 -0.106039

-2.98836 0.09375
-2.96875 0.120432

0.109375 -0.10667
0.125 -0.109049

-0.71875 -0.0179684
-0.709776 -0.03125

-0.705808 -0.015625
-0.715428 0

-0.703125 -0.0310532
-0.70275 -0.03125

-0.703125 -0.00509159
-0.701182 -0.015625

-0.6875 -0.0369459
-0.671875 -0.0347868

-0.671875 -0.0342167
-0.662971 -0.03125

-0.666366 -0.03125
-0.65625 -0.0278697

-0.65625 -0.0276105
-0.640625 -0.0232983

0.125 -0.108931
0.140625 -0.106416

-0.641619 -0.015625
-0.640625 -0.0146629

-2.96875 0.116697
-2.96615 0.125

-0.640625 -0.0229661
-0.625 -0.0224544

-2.98675 0.125
-2.97055 0.15625

-2.99978 0.15625
-2.96875 0.172003

0.140625 -0.106645
0.15625 -0.0990139

0.15625 -0.0984469
0.163168 -0.09375

0.16148 -0.09375
0.171875 -0.0866003

0.171875 -0.0863147
0.185185 -0.078125

0.183645 -0.078125
0.1875 -0.0758813

0.1875 -0.0760645
0.203125 -0.070301

0.203125 -0.0709508
0.21875 -0.0686679

0.21875 -0.0686216
0.234375 -0.0686119

-2.96875 0.126528
-2.95788 0.140625

0.234375 -0.0688598
0.25 -0.0707201

-0.640625 -0.0150611
-0.625 -0.0155217

-2.96623 0.140625
-2.95312 0.149061

-2.95312 0.1516
-2.95057 0.15625

-2.96875 0.1566
-2.95312 0.159614

-0.625 -0.0226767
-0.609375 -0.0261776

-2.96875 0.172536
-2.96388 0.171875

-0.609375 -0.0272117
-0.594893 -0.03125

2 -0.212802
2.01562 -0.214349

-0.578125 -0.0353469
-0.59255 -0.03125

2.01562 -0.214365
2.03125 -0.215784

0.25 -0.0710596
0.265625 -0.073615

0.265625 -0.0738191
0.28125 -0.0759826

0.28125 -0.0760151
0.296875 -0.0773134

-0.578125 -0.0361313
-0.5625 -0.040376

-0.59375 -0.031218
-0.593637 -0.03125

-0.5625 -0.0404281
-0.546875 -0.0428326

-0.546875 -0.0423617
-0.53125 -0.0437634

0.296875 -0.0773165
0.3125 -0.0776785

0.3125 -0.077662
0.328125 -0.0771144

-2.9515 0.15625
-2.94008 0.171875

0.328125 -0.0770619
0.34375 -0.0757427

-2.93943 0.171875
-2.9375 0.174064

-2.9375 0.175728
-2.92728 0.1875

-2.92657 0.1875
-2.92188 0.192192

2.03125 -0.215798
2.04688 -0.217031

-2.92188 0.193496
-2.90919 0.203125

2.04688 -0.217041
2.0625 -0.218039

0.34375 -0.0756686
0.359375 -0.073831

2.07812 -0.218776
2.07756 -0.21875

-2.90907 0.203125
-2.90625 0.20492

-0.53125 -0.0436871
-0.515625 -0.0451807

-2.90625 0.205538
-2.89062 0.210602

-0.515625 -0.0452858
-0.5 -0.0468136

2.07812 -0.218777
2.09375 -0.219216

-0.984375 0.077484
-0.986821 0.078125

-2.89062 0.210814
-2.875 0.208194

-1 0.0815703
-0.986854 0.078125

-0.984375 0.0776128
-0.96875 0.0735402

0.359375 -0.0737524
0.375 -0.0717019

-0.96875 0.0735569
-0.953125 0.069201

0.375 -0.0716337
0.390625 -0.0696639

-0.953125 0.0691407
-0.9375 0.0645887

2.0625 -0.218045
2.07763 -0.21875

-2.8125 0.185968
-2.82206 0.1875

0.390625 -0.0696157
0.40625 -0.0679598

-2.85938 0.198764
-2.86876 0.203125

-0.921875 0.0600812
-0.930759 0.0625

-2.875 0.206962
-2.86675 0.203125

-0.921875 0.0599174
-0.90625 0.0567949

0.40625 -0.0679343
0.421875 -0.0667399

-0.90625 0.0566947
-0.890625 0.0553651

2.09375 -0.219211
2.10938 -0.219362

-0.890625 0.0553911
-0.875 0.0560028

0.421875 -0.0667416
0.4375 -0.0660565

-0.9375 0.0644842
-0.930213 0.0625

0.4375 -0.0660788
0.453125 -0.065855

2.10938 -0.21935
2.125 -0.219245

-0.875 0.0563105
-0.859375 0.0581963

2.125 -0.219227
2.14062 -0.218927

2.14062 -0.218906
2.14646 -0.21875

0.453125 -0.0658812
0.46875 -0.0660216

0.46875 -0.0660469
0.484375 -0.0664483

-2.85938 0.198189
-2.84375 0.191769

0.484375 -0.0664668
0.5 -0.0670415

-2.84375 0.191928
-2.82812 0.188049

2.14642 -0.21875
2.15625 -0.218487

-2.82009 0.1875
-2.8125 0.188201

-2.8125 0.217169
-2.81287 0.21875

2.15625 -0.218464
2.17188 -0.218018

-2.8125 0.18593
-2.79688 0.184031

-2.79688 0.184115
-2.78125 0.182692

2.17188 -0.218
2.1875 -0.21761

2.1875 -0.217603
2.20312 -0.217317

2.20312 -0.217324
2.21875 -0.217138

-2.78125 0.183076
-2.76562 0.181193

-2.76562 0.181392
-2.75 0.177886

-2.8125 0.218051
-2.79688 0.203665

2.21875 -0.217156
2.23438 -0.217019

2.23438 -0.217038
2.25 -0.216877

0.5 -0.0670525
0.515625 -0.0677415

0.515625 -0.0677471
0.53125 -0.0685172

0.53125 -0.068519
0.546875 -0.0693555

0.546875 -0.0693553
0.5625 -0.0702551

-2.79688 0.20966
-2.78125 0.214429

0.5625 -0.0702546
0.578125 -0.0712193

-0.859375 0.0586962
-0.84375 0.0602407

2.25 -0.216891
2.26562 -0.216639

2.26562 -0.216646
2.28125 -0.216262

-2.81123 0.21875
-2.79786 0.234375

-0.84375 0.0605545
-0.828125 0.0601303

-2.79688 0.224657
-2.78125 0.232203

-0.828125 0.059848
-0.8125 0.0573919

0.578125 -0.07122
0.59375 -0.0722493

-2.78411 0.234375
-2.78125 0.235698

2.28125 -0.216263
2.29688 -0.215732

-2.78125 0.21747
-2.77837 0.21875

2.29688 -0.21573
2.3125 -0.215051

0.59375 -0.0722513
0.609375 -0.0733395

-0.800922 0.015625
-0.801264 0.03125

-2.78125 0.223953
-2.76562 0.221859

-0.78125 0.0097874
-0.792486 0.015625

-2.78125 0.235939
-2.76562 0.246848

-2.76562 0.226526
-2.75 0.230349

0.609375 -0.0733424
0.625 -0.0744797

2.3125 -0.215049
2.32812 -0.214231

0.625 -0.0744825
0.640625 -0.0756576

-2.76562 0.246013
-2.75881 0.25

0.640625 -0.0756609
0.65625 -0.0768619

-0.796875 0.0170878
-0.796584 0.015625

-2.75791 0.25
-2.75 0.253236

-0.8125 0.0572223
-0.796875 0.053638

0.65625 -0.0768761
0.671875 -0.078068

0.6875 -0.0792261
0.672719 -0.078125

2.32812 -0.214228
2.34375 -0.21328

-2.75 0.176966
-2.73438 0.173279

-0.789062 0.03125
-0.78125 0.0423778

-2.71875 0.171419
-2.72285 0.171875

0.671875 -0.0780848
0.672414 -0.078125

2.34375 -0.213277
2.35938 -0.212209

0.6875 -0.0792142
0.703125 -0.080386

0.703125 -0.0803855
0.71875 -0.0815918

2.35938 -0.212206
2.375 -0.211029

0.71875 -0.0815943
0.734375 -0.0828311

-0.796875 0.0565053
-0.78125 0.0519607

-2.73438 0.173125
-2.72315 0.171875

-0.78125 0.0127398
-0.765625 0.00885243

-2.71875 0.17174
-2.70312 0.171549

2.375 -0.211026
2.39062 -0.209753

0.734375 -0.082836
0.75 -0.0840885

2.39062 -0.209747
2.40625 -0.208396

2.40625 -0.208388
2.42188 -0.206984

-2.70312 0.171666
-2.6955 0.171875

-0.765625 0.00822551
-0.75 0.00330452

0.75 -0.0840949
0.765625 -0.0853401

0.765625 -0.0853466
0.78125 -0.0865587

-0.78125 0.0385055
-0.765625 0.0447015

-0.78125 0.0581531
-0.765625 0.0552358

2.42188 -0.206974
2.4375 -0.205554

2.4375 -0.205545
2.45312 -0.204147

-2.69565 0.171875
-2.6875 0.172098

-2.75 0.232204
-2.73753 0.234375

0.78125 -0.0865644
0.796875 -0.0877193

0.796875 -0.0877233
0.8125 -0.0888014

-0.765625 0.0420923
-0.75 0.0440528

-0.765625 0.0598116
-0.75 0.055067

2.45312 -0.204144
2.46492 -0.203125

2.46488 -0.203125
2.46875 -0.20279

2.46875 -0.2028
2.48438 -0.201492

2.48438 -0.201508
2.5 -0.200197

0.8125 -0.0888037
0.828125 -0.0897921

0.828125 -0.0897928
0.84375 -0.0906857

0.84375 -0.0906849
0.859375 -0.0914824

0.859375 -0.0914804
0.875 -0.0921883

-0.75 0.00300252
-0.739073 0

0.875 -0.0921852
0.890625 -0.0928138

-0.734375 0.000717874
-0.731498 0

-0.75 0.0413362
-0.734375 0.0450519

-0.75 0.0620718
-0.734375 0.0478799

0.890625 -0.0928103
0.90625 -0.0933725

0.921875 -0.0938783
0.917939 -0.09375

-2.75 0.234659
-2.7485 0.234375

-2.73438 0.234305
-2.71875 0.234162

-2.71875 0.234082
-2.70312 0.232391

-2.70312 0.23255
-2.6875 0.229152

-2.6875 0.171836
-2.68701 0.171875

-2.6875 0.171876
-2.67188 0.173128

-2.67188 0.171467
-2.67081 0.171875

0.921875 -0.0938757
0.9375 -0.094345

0.90625 -0.0933692
0.917929 -0.09375

2.5 -0.200215
2.51562 -0.198836

2.51562 -0.198844
2.53125 -0.197344

-0.734375 0.0425924
-0.71875 0.0446856

-0.734375 0.0569506
-0.721014 0.046875

-0.71875 1.78737e-05
-0.718684 0

-0.703125 0.027577
-0.708643 0.03125

2.53125 -0.197336
2.54688 -0.195714

2.54688 -0.195682
2.5625 -0.19402

-2.66777 0.171875
-2.65625 0.178726

-2.65625 0.176567
-2.64748 0.1875

0.9375 -0.0943426
0.953125 -0.0947825

0.953125 -0.0947801
0.96875 -0.0952002

-0.6875 0.0151332
-0.690101 0.015625

-0.6875 0.018751
-0.702918 0.03125

-0.712816 0.03125
-0.707 0.046875

-0.71875 0.0480088
-0.71423 0.046875

-0.703125 0.0360556
-0.6875 0.0386554

0.96875 -0.0951975
0.984375 -0.0956082

-0.6875 0.0153637
-0.682495 0.015625

-2.65625 0.212779
-2.66306 0.21875

2.5625 -0.193965
2.57812 -0.192438

-2.6875 0.229457
-2.67188 0.223425

0.984375 -0.0956058
1 -0.0960171

-0.6875 0.0157932
-0.671875 0.0236066

2.57812 -0.192369
2.59375 -0.191224

-0.671875 0.0150907
-0.670481 0.015625

-0.668589 0.015625
-0.664747 0.03125

-0.6875 0.0342427
-0.674499 0.03125

-0.671875 0.0373928
-0.658926 0.03125

-0.658502 0.046875
-0.65625 0.0494846

-0.640625 0.00890157
-0.647653 0.015625

2.59375 -0.191164
2.60938 -0.190662

2.60938 -0.19064
2.625 -0.190946

-2.67188 0.223762
-2.66354 0.21875

2.625 -0.190984
2.64062 -0.192067

-2.64753 0.1875
-2.64703 0.203125

-2.65625 0.214283
-2.64825 0.203125

2.64062 -0.192148
2.65625 -0.19377

2.65625 -0.19385
2.67188 -0.195688

-0.65625 0.0174279
-0.65407 0.015625

2.67188 -0.195722
2.6875 -0.197546

-2.64062 0.244854
-2.65083 0.25

-0.640625 0.0103021
-0.625 0.011288

2.6875 -0.197536
2.70312 -0.199299

2.70312 -0.199271
2.71875 -0.201048

2.71875 -0.201047
2.73438 -0.2029

-0.640625 0.0157789
-0.625 0.0203136

2.75 -0.204815
2.7361 -0.203125

2.73438 -0.202936
2.73593 -0.203125

-0.65625 0.033937
-0.654645 0.046875

1 -0.0960157
1.01562 -0.0964351

2.75 -0.204869
2.76562 -0.206676

1.01562 -0.0964346
1.03125 -0.096866

-0.65625 0.0569945
-0.642829 0.046875

1.03125 -0.0968653
1.04688 -0.0973108

1.04688 -0.0973091
1.0625 -0.0977734

2.76562 -0.206762
2.78125 -0.208202

-0.619698 0.015625
-0.624825 0.03125

1.0625 -0.0977711
1.07812 -0.0982623

1.07812 -0.0982611
1.09375 -0.0987864

2.78125 -0.208329
2.79688 -0.208978

1.09375 -0.0987872
1.10938 -0.0993476

1.10938 -0.0993481
1.125 -0.0999411

-2.625 0.22803
-2.62924 0.234375

1.125 -0.0999385
1.14062 -0.100568

2.79688 -0.209099
2.8125 -0.208464

-0.609664 0.03125
-0.609375 0.0313415

2.8125 -0.208573
2.82812 -0.206193

-0.602429 0.03125
-0.59375 0.0401152

1.14062 -0.100563
1.15625 -0.101243

-0.59375 0.0405116
-0.589094 0.046875

2.82812 -0.206199
2.83913 -0.203125

-0.59375 0.0525142
-0.583768 0.046875

1.15625 -0.101242
1.17188 -0.101984

-2.64062 0.244398
-2.6295 0.234375

2.83919 -0.203125
2.84375 -0.20185

2.84375 -0.20186
2.85938 -0.195439

-2.60938 0.187127
-2.60956 0.1875

2.85938 -0.195468
2.87388 -0.1875

-2.59375 0.162382
-2.60235 0.171875

1.17188 -0.101989
1.1875 -0.102785

2.87395 -0.1875
2.875 -0.186925

1.1875 -0.10279
1.20312 -0.10362

-2.60938 0.187208
-2.60091 0.171875

-2.5625 0.15337
-2.57724 0.15625

-0.484375 -0.0484224
-0.496836 -0.046875

1.20312 -0.103612
1.21875 -0.104485

-0.5 -0.046776
-0.499202 -0.046875

-2.59375 0.162569
-2.58309 0.15625

1.21875 -0.104472
1.23438 -0.105432

-2.57812 0.156366
-2.57753 0.15625

1.23438 -0.10544
1.25 -0.106498

-0.484375 -0.0487269
-0.46875 -0.0511336

-0.46875 -0.0512107
-0.453125 -0.0533951

1.25 -0.106534
1.26562 -0.1076

2.875 -0.18685
2.89062 -0.176125

1.26562 -0.107615
1.28125 -0.108583

1.29688 -0.10952
1.29466 -0.109375

-0.453125 -0.0533514
-0.4375 -0.0552465

2.89062 -0.175873
2.89585 -0.171875

-2.60938 0.189923
-2.61435 0.203125

1.28125 -0.108491
1.29473 -0.109375

1.29688 -0.109448
1.3125 -0.110847

2.89581 -0.171875
2.90625 -0.163458

-0.4375 -0.0552282
-0.421875 -0.056958

2.90625 -0.163442
2.91428 -0.15625

2.91422 -0.15625
2.92188 -0.148906

-0.421875 -0.0569424
-0.40625 -0.0585745

-2.61387 0.203125
-2.62014 0.21875

-0.40625 -0.0585784
-0.390625 -0.0601361

-2.60938 0.188468
-2.60901 0.1875

2.92188 -0.148613
2.92965 -0.140625

-2.625 0.228236
-2.61891 0.21875

-0.390625 -0.0601769
-0.375 -0.0615707

2.92997 -0.140625
2.9375 -0.132124

3 -0.220341
2.99327 -0.21875

-2.5625 0.153297
-2.54688 0.151306

2.99534 -0.21875
3 -0.218655

-2.54688 0.15006
-2.53125 0.151762

-2.53125 0.150011
-2.5163 0.15625

-2.51562 0.154921
-2.51289 0.15625

1.29688 -0.109363
1.297 -0.109375

-2.52914 0.15625
-2.51562 0.161891

2.9375 -0.132552
2.94376 -0.125

-0.359375 -0.0626054
-0.360955 -0.0625

2.94375 -0.125
2.95312 -0.111847

-0.359375 -0.0625474
-0.34375 -0.0633679

1.3125 -0.11098
1.32812 -0.112626

-0.34375 -0.0633542
-0.328125 -0.0642177

2.95312 -0.111046
2.95421 -0.109375

-0.328125 -0.064238
-0.3125 -0.0651313

1.32812 -0.112708
1.34375 -0.114172

-0.375 -0.0616332
-0.362002 -0.0625

1.34375 -0.114105
1.35938 -0.115357

2.95462 -0.109375
2.96383 -0.09375

-2.51562 0.160892
-2.5 0.167252

-0.3125 -0.0651503
-0.296875 -0.0659946

-2.75 0.252586
-2.73438 0.255778

-0.296875 -0.06601
-0.28125 -0.0667364

1.35938 -0.115404
1.375 -0.116484

2.96491 -0.09375
2.96875 -0.084322

1.375 -0.11657
1.39062 -0.117214

-0.28125 -0.0667465
-0.265625 -0.0673037

-2.73438 0.255511
-2.71875 0.257159

-0.265625 -0.0673044
-0.25 -0.0676709

-2.71875 0.257114
-2.70312 0.257815

1.39062 -0.117162
1.40625 -0.117304

1.40625 -0.117217
1.42188 -0.117135

1.42188 -0.117056
1.4375 -0.117081

1.4375 -0.117025
1.45312 -0.117425

-2.70312 0.25789
-2.6875 0.257585

1.45312 -0.117404
1.46875 -0.118332

1.46875 -0.118341
1.48438 -0.119821

-2.6875 0.257744
-2.67188 0.255967

2.96875 -0.0805817
2.96979 -0.078125

-2.67188 0.256226
-2.65625 0.25214

1.48438 -0.119827
1.5 -0.121828

2.96981 -0.078125
2.97408 -0.0625

3 -0.0662287
2.99533 -0.0625

-2.65625 0.252429
-2.65158 0.25

-0.25 -0.067655
-0.234375 -0.0678611

-0.234375 -0.0678232
-0.21875 -0.0679766

2.97423 -0.0625
2.97652 -0.046875

2.97574 -0.046875
2.97649 -0.03125

3 -0.0486594
2.98532 -0.046875

2.98438 -0.037124
2.98735 -0.046875

2.97685 -0.03125
2.97759 -0.015625

-0.21875 -0.0679255
-0.203125 -0.0682041

-0.203125 -0.0681746
-0.1875 -0.0687395

2.97782 -0.015625
2.97823 0

-0.1875 -0.0687805
-0.171875 -0.0696088

-0.171875 -0.0697537
-0.15625 -0.0704738

2.98438 -0.00384
2.98449 0

-0.15625 -0.0707943
-0.140625 -0.0704754

-0.140625 -0.0711471
-0.125 -0.0678047

-2.5 0.165716
-2.48438 0.17107

-2.4861 0.171875
-2.48438 0.17246

-2.48438 0.170816
-2.48087 0.171875

-0.125 -0.0684218
-0.111604 -0.0625

-2.48438 0.172426
-2.46875 0.177141

2.97813 0
2.97794 0.015625

-2.46875 0.17682
-2.45312 0.17889

-0.109375 -0.0625996
-0.109066 -0.0625

-2.45312 0.178588
-2.4375 0.179021

2.97791 0.015625
2.97742 0.03125

-2.4375 0.17897
-2.42188 0.17847

-2.42188 0.178434
-2.40625 0.177177

2.97744 0.03125
2.97671 0.046875

2.97682 0.046875
2.97562 0.0625

-0.118146 -0.0625
-0.109375 -0.0586226

-0.109375 -0.0581745
-0.09375 -0.0531465

-0.09375 -0.0538976
-0.078125 -0.0538906

2.96875 0.095106
2.96318 0.109375

2.96379 0.109375
2.95552 0.125

2.97576 0.0625
2.97357 0.078125

2.97395 0.078125
2.96975 0.09375

2.96875 0.0958555
2.9696 0.09375

2.9375 0.156375
2.93152 0.171875

-2.40625 0.177101
-2.39062 0.175312

2.93202 0.171875
2.92848 0.1875

-0.078125 -0.054981
-0.0625 -0.056314

-2.39062 0.175235
-2.375 0.173218

-0.0625 -0.0567541
-0.046875 -0.056366

-2.35938 0.171131
-2.36448 0.171875

-2.375 0.173255
-2.36553 0.171875

2.89062 0.243827
2.886 0.25

-2.35938 0.170896
-2.34375 0.168455

-2.34375 0.168408
-2.32812 0.16617

-2.32812 0.166193
-2.3125 0.164208

-0.046875 -0.0558954
-0.03125 -0.0538473

-0.03125 -0.0530271
-0.015625 -0.0519007

2.90625 0.230437
2.89783 0.234375

2.89062 0.240553
2.89964 0.234375

-2.3125 0.164262
-2.29688 0.162377

-0.015625 -0.0516862
0 -0.0535505

-2.29688 0.162449
-2.28125 0.160414

-2.25 0.154999
-2.2561 0.15625

-2.28125 0.160472
-2.26562 0.158028

2.92917 0.1875
2.92572 0.203125

2.92318 0.203125
2.9235 0.21875

2.90625 0.239333
2.9375 0.219875

2.95312 0.126509
2.94529 0.140625

2.94611 0.140625
2.93851 0.15625

2.95312 0.127909
2.95474 0.125

2.9375 0.156298
2.93752 0.15625

2.9953 0.15625
2.98094 0.1875

2.96875 0.2181
2.9667 0.21875

2.9375 0.243758
2.96178 0.21875

-2.26562 0.158106
-2.25657 0.15625

2.96875 0.214257
2.9867 0.1875

2.8125 0.353534
2.80975 0.359375

2.79775 0.359375
2.8125 0.371036

2.84375 0.310777
2.84269 0.3125

2.875 0.265523
2.87492 0.265625

2.87493 0.265625
2.86361 0.28125

2.85938 0.287475
2.8527 0.296875

2.84375 0.311607
2.85093 0.296875

2.85938 0.28931
2.86407 0.28125

-2.25 0.154816
-2.23438 0.150877

-2.23438 0.15073
-2.21875 0.146599

2.82812 0.325288
2.82558 0.328125

2.82451 0.328125
2.82174 0.34375

2.84249 0.3125
2.83223 0.328125

2.82812 0.341786
2.84142 0.34375

2.8125 0.346608
2.84375 0.35069

-2.21875 0.146479
-2.20312 0.142692

-2.1875 0.139514
-2.19303 0.140625

2.84375 0.328959
2.875 0.317524

2.84375 0.345384
2.84621 0.34375

2.88734 0.25
2.87626 0.265625

-2.20312 0.142664
-2.19297 0.140625

-2.1875 0.139439
-2.17188 0.137174

-2.17188 0.137166
-2.15625 0.135956

2.90625 0.280291
2.90439 0.28125

2.875 0.302582
2.90625 0.284755

2.93653 0.25
2.91488 0.28125

2.90625 0.282803
2.90822 0.28125

2.875 0.312734
2.87525 0.3125

-2.15625 0.135963
-2.14062 0.135813

-2.14062 0.13583
-2.125 0.136693

3 -0.250182
3.00019 -0.25

3 -0.188068
3.00039 -0.1875

-2.125 0.136726
-2.10938 0.1385

-2.10938 0.138537
-2.09654 0.140625

-2.0966 0.140625
-2.09375 0.141089

3 -0.0769223
3.02246 -0.0625

3.03125 -0.0636333
3.03163 -0.0625

-0.734375 0.640649
-0.734351 0.640625

-2.09375 0.141131
-2.07812 0.144265

-2.07812 0.14432
-2.0625 0.147835

3.00334 -0.0625
3.00701 -0.03125

3 -0.00731401
3.01943 0

3.0625 -0.00491492
3.03985 0

-2.0625 0.147905
-2.04688 0.151552

-2.04688 0.151612
-2.03125 0.155133

3.125 -0.00133295
3.11615 0

3.25 -0.000956825
3.24004 0

-2.03125 0.155157
-2.026 0.15625

-2.02591 0.15625
-2.01562 0.15839

3.5 -0.00109636
3.46543 0

3.03125 0.0247138
3.02669 0.03125

3.02849 0.03125
3.02462 0.0625

-2.01562 0.158408
-2 0.161347

3.03125 0.0169823
3.05469 0

3.02746 0.0625
3.02481 0.09375

3.02176 0.09375
3.01433 0.125

3.0625 0.0152048
3.10617 0

3 0.170319
3.01459 0.125

3.125 0.00924308
3.20897 0

3.25 0.00404857
3.37062 0

4 -0.00285375
3.6908 0

3.5 0.000474826
3.55114 0

-2 0.161373
-1.98438 0.163926

-1.98438 0.163926
-1.96875 0.166041

-1.96875 0.16602
-1.95312 0.167738

-1.95312 0.167704
-1.9375 0.169137

-1.9375 0.1691
-1.92188 0.17039

-1.92188 0.170355
-1.90625 0.171644

-1.90625 0.171623
-1.90347 0.171875

-1.90334 0.171875
-1.89062 0.173028

-1.89062 0.173006
-1.875 0.174664

-1.875 0.174637
-1.85938 0.17664

-1.85938 0.1766
-1.84375 0.179084

-1.84375 0.178996
-1.82812 0.18222

-1.82812 0.182037
-1.8125 0.186545

-1.8125 0.186475
-1.81008 0.1875

-1.80962 0.1875
-1.79688 0.192903

-1.79688 0.192863
-1.78125 0.202217

-1.78125 0.202157
-1.77984 0.203125

-1.78105 0.203125
-1.76562 0.213765

-1.76562 0.214089
-1.75832 0.21875

-1.7584 0.21875
-1.75 0.224104

-1.75 0.22428
-1.73438 0.232289

-1.73438 0.232507
-1.72945 0.234375

-1.72799 0.234375
-1.71875 0.237882

-1.71875 0.237553
-1.70312 0.24274

-1.70312 0.242997
-1.6875 0.247989

-1.6875 0.248266
-1.68079 0.25

-1.59375 0.249691
-1.5945 0.25

-1.59375 0.249711
-1.57812 0.242305

-1.57812 0.242854
-1.5625 0.236276

-1.54688 0.229461
-1.55821 0.234375

-1.5625 0.236314
-1.55803 0.234375

-1.54688 0.229426
-1.53125 0.222609

-1.51562 0.215814
-1.52237 0.21875

-1.51562 0.215752
-1.5 0.209058

-1.53125 0.222653
-1.52229 0.21875

-1.67967 0.25
-1.67188 0.252014

-1.67188 0.251855
-1.65625 0.255281

-1.65625 0.255531
-1.64062 0.258435

-1.64062 0.258881
-1.625 0.259871

-1.625 0.260213
-1.60938 0.257713

-1.60938 0.257618
-1.59375 0.25115

-1.59375 0.250525
-1.59264 0.25

-1.48438 0.202722
-1.4854 0.203125

-1.5 0.208931
-1.48527 0.203125

-1.48438 0.202716
-1.46875 0.197451

-1.46875 0.19741
-1.45312 0.193225

-1.45312 0.193233
-1.4375 0.190197

-1.40625 0.187221
-1.41017 0.1875

-1.40625 0.187248
-1.39062 0.186802

-1.39062 0.186886
-1.375 0.18681

-1.4375 0.190239
-1.42188 0.188252

-1.42188 0.188282
-1.41088 0.1875

-1.375 0.18694
-1.35938 0.186805

-1.35938 0.186931
-1.34375 0.186226

-1.34375 0.186314
-1.32812 0.184614

-1.32812 0.184634
-1.3125 0.181723

-1.3125 0.181674
-1.29688 0.177609

-1.29688 0.177408
-1.28125 0.172686

-1.26562 0.167475
-1.27764 0.171875

-1.28125 0.172244
-1.28024 0.171875

-1.26562 0.167396
-1.25 0.159803

-1.1875 0.0622648
-1.18802 0.0625

-1.19763 0.0625
-1.2017 0.078125

-1.1875 0.120808
-1.19865 0.125

-1.1875 0.0661507
-1.17361 0.0625

-1.18665 0.078125
-1.17342 0.09375

-1.17188 0.0700916
-1.15625 0.0766248

-1.17188 0.0786191
-1.17116 0.078125

-1.17188 0.114601
-1.18686 0.125

-1.17166 0.09375
-1.16763 0.109375

-1.16214 0.109375
-1.1707 0.125

-1.15625 0.0776248
-1.15411 0.078125

-1.15625 0.0786407
-1.14062 0.0811797

-1.14062 0.0805783
-1.125 0.0807678

-1.23438 0.150457
-1.24369 0.15625

-1.21875 0.137657
-1.22258 0.140625

-1.23438 0.150154
-1.22157 0.140625

-1.25 0.159302
-1.245 0.15625

-1.21875 0.136911
-1.20312 0.12661

-1.20312 0.125822
-1.20086 0.125

-1.17188 0.150137
-1.17387 0.15625

-1.15625 0.138887
-1.16445 0.140625

-1.17188 0.152487
-1.16277 0.140625

-1.17505 0.15625
-1.17188 0.164113

-1.17188 0.161646
-1.15625 0.170722

-1.15625 0.138631
-1.15178 0.140625

-1.14637 0.140625
-1.14062 0.148756

-1.14062 0.137815
-1.13648 0.140625

-1.138 0.140625
-1.13572 0.15625

-1.15625 0.166461
-1.14062 0.156464

-1.125 0.0808541
-1.10938 0.0796558

-1.09375 0.0776868
-1.1008 0.078125

-1.10938 0.0788222
-1.09816 0.078125

-1.09375 0.0775576
-1.08892 0.078125

-1.08669 0.078125
-1.07812 0.079131

-1.07812 0.0796771
-1.0625 0.0842172

-1.0625 0.085286
-1.04688 0.0895008

-1.04688 0.0901336
-1.03125 0.0906199

-1.03125 0.0900186
-1.01562 0.0867133

-1.01562 0.0859767
-1 0.0815558

