-4 -0.00521476
-3.60534 0

-3.5 -0.00318258
-3.42644 0

-3.25 -0.0045988
-3.21599 0

-3.125 -0.00628971
-3.10079 0

-3 -0.0634237
-3.00008 -0.0625

-3.0625 -0.000478513
-3.06122 0

-3.00046 -0.0625
-3 -0.0607628

-3.03125 -0.00133317
-3.02747 0

-3.38986 0
-3.25 0.00607495

-3.20823 0
-3.125 0.0118167

-3.09968 0
-3.0625 0.0186283

-3.0625 0.00229125
-3.03125 0.027748

-3.03994 0.03125
-3.03125 0.052787

-3.03125 0.026017
-3.02735 0.03125

-3.03125 0.0545644
-3.02826 0.0625

-3.03416 0.0625
-3.03161 0.09375

-3.03883 0.09375
-3.03125 0.112874

-3.03125 0.0792484
-3.02544 0.09375

-3.03125 0.111956
-3.00826 0.125

-3.01997 0.125
-3 0.146145

1.5 -0.197979
1.51562 -0.198583

1.51562 -0.198575
1.53125 -0.199276

1.53125 -0.199269
1.54688 -0.200097

1.54688 -0.200094
1.5625 -0.20107

1.5625 -0.20107
1.57812 -0.202202

1.59375 -0.20348
1.58943 -0.203125

1.57812 -0.202206
1.5893 -0.203125

-3 -0.0802077
-2.98438 -0.0838713

1.59375 -0.203483
1.60938 -0.204926

1.60938 -0.204931
1.625 -0.206532

-2.99835 -0.078125
-2.98438 -0.0742318

-2.98438 -0.0792603
-2.98392 -0.078125

-2.98438 -0.0699799
-2.98043 -0.078125

-2.98897 -0.0625
-2.98438 -0.0608081

-3 -0.0322649
-2.98438 -0.032104

-2.98438 -0.0312892
-2.98436 -0.03125

-3 -0.0171286
-2.98438 -0.0171292

-3 -0.00162554
-2.98438 -0.0016257

-2.98438 -4.99961e-05
-2.98436 0

-0.78125 -0.000244659
-0.782351 0

-0.78125 -0.000227796
-0.765625 -0.00235423

-0.765625 -0.00220423
-0.75 -0.00298899

1.625 -0.206542
1.64062 -0.208273

1.64062 -0.208283
1.65625 -0.210105

1.65625 -0.210114
1.67188 -0.21199

-0.75 -0.00287451
-0.734375 -0.00284656

-3 0.0119001
-2.98438 0.0119001

-3 0.0249238
-2.98438 0.0249237

1.67188 -0.211998
1.6875 -0.213893

-0.734375 -0.00273572
-0.71875 -0.00234569

-3 0.0367692
-2.98438 0.0367693

-3 0.0484403
-2.98438 0.0556474

-0.71875 -0.00227262
-0.703125 -0.00188833

-0.703125 -0.00186791
-0.6875 -0.00167636

-3 0.0773509
-2.98438 0.0684923

-0.6875 -0.00169469
-0.671875 -0.00170004

1.6875 -0.213901
1.70312 -0.215783

-2.99223 0.078125
-2.99714 0.09375

1.70312 -0.215791
1.71875 -0.217629

-0.671875 -0.00170343
-0.65625 -0.0018622

-0.65625 -0.00182114
-0.640625 -0.00220866

-0.640625 -0.00219553
-0.625 -0.00292017

1.73438 -0.219414
1.72854 -0.21875

-2.98438 0.0758149
-2.98168 0.078125

1.73438 -0.219423
1.75 -0.2211

1.71875 -0.217626
1.72864 -0.21875

-2.97335 0.078125
-2.97032 0.09375

1.75 -0.22111
1.76562 -0.222636

-3 0.0971674
-2.96875 0.111395

-2.97887 0.125
-2.96875 0.144652

-3 0.162698
-2.97961 0.1875

1.76562 -0.222646
1.78125 -0.223981

1.78125 -0.223992
1.79688 -0.225098

-2.96875 0.131673
-2.96329 0.140625

-0.625 -0.00300754
-0.609375 -0.0039208

1.79688 -0.225109
1.8125 -0.225944

-2.95621 0.140625
-2.95312 0.148281

-0.609375 -0.00398849
-0.59375 -0.00478024

-0.59375 -0.00476877
-0.578125 -0.00532657

-2.95312 0.15112
-2.95101 0.15625

-2.95312 0.165993
-2.96208 0.171875

1.8125 -0.225952
1.82812 -0.226478

1.82812 -0.226473
1.84375 -0.226684

1.84375 -0.226656
1.85938 -0.226616

1.85938 -0.226562
1.875 -0.226435

1.875 -0.226376
1.89062 -0.226385

1.89062 -0.226353
1.90625 -0.226683

1.90625 -0.226691
1.92188 -0.227391

1.92188 -0.227427
1.9375 -0.228408

1.9375 -0.228451
1.95312 -0.229555

1.95312 -0.229591
1.96875 -0.230659

1.96875 -0.230684
1.98438 -0.231594

1.98438 -0.23161
2 -0.232277

-0.578125 -0.0052947
-0.5625 -0.00570523

-0.5625 -0.00568062
-0.546875 -0.00605682

-0.546875 -0.00605797
-0.53125 -0.00644676

-0.53125 -0.00646461
-0.515625 -0.006828

-0.515625 -0.0068294
-0.5 -0.00712889

-1 0.0451791
-0.984375 0.0425449

-0.984375 0.0427139
-0.96875 0.0416122

-0.96875 0.0418652
-0.953125 0.0414517

-0.953125 0.04172
-0.9375 0.0409523

-2.96875 0.178165
-2.95716 0.171875

-2.95312 0.164479
-2.95104 0.171875

-2.94844 0.171875
-2.93975 0.1875

-2.98008 0.1875
-2.96875 0.190906

-0.9375 0.0411594
-0.921875 0.0390864

-0.921875 0.0391779
-0.90625 0.0352025

-0.890625 0.0289607
-0.897371 0.03125

-0.890625 0.0290614
-0.875 0.0241074

-0.90625 0.0351257
-0.89483 0.03125

-2.94112 0.1875
-2.9375 0.190768

-2.94814 0.21875
-2.9375 0.239278

-2.9375 0.20177
-2.93672 0.203125

-2.93129 0.203125
-2.92188 0.21713

-2.92188 0.21783
-2.92115 0.21875

-2.9201 0.21875
-2.90625 0.238111

-2.90625 0.23857
-2.89812 0.25

-2.94632 0.25
-2.9375 0.260245

-0.875 0.0242508
-0.859375 0.0202771

-0.859375 0.0206389
-0.84375 0.0166348

-2.92272 0.25
-2.90625 0.265648

-2.89887 0.25
-2.89062 0.255782

-0.828125 0.0120157
-0.841174 0.015625

-0.84375 0.0167168
-0.839803 0.015625

-2.89079 0.265625
-2.89062 0.265681

-2.89062 0.256772
-2.88227 0.265625

-0.828125 0.0121441
-0.8125 0.00784231

-0.8125 0.00773646
-0.796875 0.00356797

-2.88196 0.265625
-2.875 0.272742

-2.875 0.273928
-2.86744 0.28125

-0.796875 0.00339994
-0.781573 0

-2.86635 0.28125
-2.85938 0.287609

-2.85938 0.287973
-2.84916 0.296875

-2.84903 0.296875
-2.84375 0.301482

2 -0.232283
2.01562 -0.232664

2.01562 -0.232654
2.03125 -0.232758

2.03125 -0.232731
2.04688 -0.232631

2.04688 -0.232594
2.0625 -0.232419

-2.84375 0.30182
-2.83096 0.3125

-2.83067 0.3125
-2.82812 0.314562

2.0625 -0.232389
2.07812 -0.232277

2.07812 -0.232266
2.09375 -0.232299

2.09375 -0.232312
2.10938 -0.232486

2.10938 -0.232512
2.125 -0.23275

-2.82812 0.314825
-2.8125 0.326866

2.125 -0.232775
2.14062 -0.232974

-2.8125 0.327086
-2.81087 0.328125

2.14062 -0.232981
2.15625 -0.233076

-0.5 -0.00709607
-0.484375 -0.00739448

-2.8116 0.328125
-2.79688 0.337264

-0.484375 -0.00733485
-0.46875 -0.00781707

2.15625 -0.233068
2.17188 -0.233061

-0.46875 -0.00777115
-0.453125 -0.0086483

-2.79688 0.336923
-2.78125 0.343553

-0.453125 -0.00864067
-0.4375 -0.0100199

2.17188 -0.233057
2.1875 -0.232971

-0.4375 -0.0100482
-0.421875 -0.011888

2.1875 -0.232993
2.20312 -0.23279

2.20312 -0.232813
2.21875 -0.232403

-2.78125 0.343562
-2.78045 0.34375

-2.78125 0.343816
-2.76562 0.347471

-0.421875 -0.0119376
-0.40625 -0.0140824

-0.390625 -0.0163764
-0.39651 -0.015625

-0.40625 -0.0142001
-0.39509 -0.015625

-0.390625 -0.0162336
-0.375 -0.0177665

-0.375 -0.0176149
-0.359375 -0.0190323

-0.359375 -0.018981
-0.34375 -0.0206884

-0.34375 -0.0207207
-0.328125 -0.0227562

-0.328125 -0.0228135
-0.3125 -0.0249977

-0.3125 -0.0250107
-0.296875 -0.027203

-0.296875 -0.0271249
-0.28125 -0.0294555

-0.265625 -0.0321571
-0.270551 -0.03125

-0.265625 -0.0321592
-0.25 -0.0359303

-0.28125 -0.0293536
-0.270952 -0.03125

2.21875 -0.232399
2.23438 -0.231745

-2.76562 0.347597
-2.75 0.347498

2.23438 -0.231739
2.25 -0.230858

-0.203125 -0.0942742
-0.203487 -0.09375

-0.203125 -0.0939541
-0.1875 -0.105058

-0.203125 -0.0913458
-0.206877 -0.078125

-0.203125 -0.0720051
-0.204201 -0.0625

-0.203125 -0.0898894
-0.201109 -0.09375

-0.200978 -0.078125
-0.202631 -0.0625

-0.25 -0.0357443
-0.234375 -0.0408758

-0.21875 -0.0469242
-0.218861 -0.046875

-0.234375 -0.0409763
-0.220773 -0.046875

-0.203125 -0.0596861
-0.215291 -0.046875

-0.203125 -0.05802
-0.200743 -0.0625

-0.1875 -0.100675
-0.171875 -0.103178

-0.171875 -0.103394
-0.15625 -0.105133

-0.15625 -0.104894
-0.140625 -0.105914

-0.140625 -0.105846
-0.125 -0.10676

2.25 -0.230893
2.26562 -0.229726

2.26562 -0.229754
2.28125 -0.228173

-2.51562 0.246403
-2.53094 0.25

2.28125 -0.228083
2.29688 -0.226213

-0.125 -0.106769
-0.109375 -0.107697

2.29688 -0.226086
2.3125 -0.224359

-2.51562 0.246664
-2.5 0.245525

2.3125 -0.224227
2.32812 -0.223161

-0.109375 -0.107689
-0.09375 -0.108628

2.32812 -0.223262
2.34375 -0.222915

-0.078125 -0.109562
-0.0813285 -0.109375

-0.09375 -0.108658
-0.0814527 -0.109375

-0.078125 -0.109575
-0.0625 -0.110388

-0.0625 -0.110388
-0.046875 -0.111089

-0.046875 -0.111084
-0.03125 -0.111684

-0.03125 -0.111676
-0.015625 -0.112199

-0.015625 -0.112184
0 -0.112675

2.34375 -0.223122
2.35938 -0.222878

2.35938 -0.222842
2.375 -0.222358

-2.6875 0.278406
-2.69138 0.28125

-2.70312 0.300149
-2.70778 0.3125

-2.70312 0.295365
-2.69077 0.28125

-2.70312 0.299927
-2.70198 0.296875

2.375 -0.222629
2.39062 -0.221436

2.39062 -0.221015
2.40625 -0.219412

2.40625 -0.219171
2.41563 -0.21875

2.42188 -0.219721
2.43037 -0.21875

2.41605 -0.21875
2.42188 -0.218488

2.43003 -0.21875
2.4375 -0.217896

2.4375 -0.216847
2.45312 -0.21367

2.45312 -0.213299
2.46875 -0.211614

2.46875 -0.212979
2.48438 -0.210796

2.48438 -0.206664
2.5 -0.209517

-2.73438 0.342997
-2.73706 0.34375

-2.71875 0.333139
-2.73345 0.34375

-2.75 0.347677
-2.73602 0.34375

-2.73438 0.344113
-2.73368 0.34375

-2.70483 0.3125
-2.7138 0.328125

-2.71875 0.33375
-2.71349 0.328125

-2.6875 0.279476
-2.67188 0.272488

-2.67188 0.27387
-2.65625 0.271134

-2.65625 0.271578
-2.64062 0.269441

-2.64062 0.269463
-2.625 0.266996

-2.60938 0.264283
-2.61766 0.265625

-2.625 0.266868
-2.61733 0.265625

-2.60938 0.264244
-2.59375 0.262091

-2.59375 0.262089
-2.57812 0.260447

-2.57812 0.260706
-2.5625 0.25906

-2.5625 0.259587
-2.54688 0.256364

-2.54688 0.255868
-2.53125 0.251007

-2.53125 0.250331
-2.52984 0.25

2.54688 -0.251228
2.54378 -0.25

2.54688 -0.250912
2.5625 -0.25164

2.5625 -0.250633
2.57772 -0.25

2.59375 -0.25031
2.58784 -0.25

2.59375 -0.250386
2.60938 -0.253424

2.60938 -0.254026
2.625 -0.258079

2.625 -0.258159
2.64062 -0.261863

2.64062 -0.261835
2.65625 -0.265086

2.67188 -0.268278
2.66051 -0.265625

2.65625 -0.264876
2.65946 -0.265625

2.67188 -0.269006
2.6875 -0.272509

2.6875 -0.272536
2.70312 -0.274499

2.70312 -0.27434
2.71875 -0.27503

2.71875 -0.274876
2.73438 -0.27492

2.73438 -0.274846
2.75 -0.274696

2.51562 -0.231092
2.50518 -0.21875

2.53125 -0.245159
2.51826 -0.234375

2.51562 -0.230792
2.51848 -0.234375

2.5 -0.206293
2.51325 -0.21875

2.53125 -0.245915
2.54127 -0.25

2.57257 -0.25
2.57812 -0.249769

2.57812 -0.249635
2.58509 -0.25

-2.5 0.245919
-2.48438 0.246029

-2.48438 0.24621
-2.46875 0.246421

-2.46875 0.246428
-2.45312 0.246367

-2.45312 0.246313
-2.4375 0.246075

2.75 -0.274639
2.76562 -0.274558

2.76562 -0.274554
2.78125 -0.274663

2.78125 -0.274689
2.79688 -0.274947

2.79688 -0.275048
2.8125 -0.2752

-2.4375 0.246042
-2.42188 0.245798

-2.42188 0.245794
-2.40625 0.245619

2.8125 -0.275384
2.82812 -0.27486

2.82812 -0.275184
2.84375 -0.272969

-2.40625 0.245633
-2.39062 0.245508

-2.39062 0.245545
-2.375 0.245369

2.84375 -0.273488
2.85938 -0.267893

-2.375 0.245353
-2.35938 0.245082

-2.35938 0.24498
-2.34375 0.24485

2.85938 -0.267378
2.86262 -0.265625

2.86222 -0.265625
2.875 -0.258487

-2.34375 0.244769
-2.32812 0.245145

-2.32812 0.245145
-2.3125 0.246189

2.875 -0.259568
2.88745 -0.25

2.89062 -0.250043
2.89067 -0.25

2.90625 -0.250096
2.90635 -0.25

2.9375 -0.250237
2.93773 -0.25

-2.3125 0.246243
-2.29688 0.247848

-2.29688 0.247935
-2.28125 0.249818

2.88601 -0.25
2.89062 -0.246145

-2.28125 0.249921
-2.28058 0.25

-2.2804 0.25
-2.26562 0.25172

-2.26562 0.251774
-2.25 0.253253

2.89062 -0.245901
2.9028 -0.234375

2.9043 -0.234375
2.90625 -0.232412

2.90625 -0.232572
2.91735 -0.21875

2.91726 -0.21875
2.92188 -0.210987

2.92188 -0.205871
2.9235 -0.203125

-2.25 0.253274
-2.23438 0.254267

-2.23438 0.254247
-2.21875 0.254749

-2.21875 0.2547
-2.20312 0.254848

-2.20312 0.254757
-2.1875 0.254833

2.9245 -0.203125
2.93474 -0.1875

2.93653 -0.1875
2.9375 -0.18607

-2.1875 0.25474
-2.17188 0.255113

-2.17188 0.255091
-2.15625 0.25599

2.9375 -0.18546
2.94647 -0.171875

2.94707 -0.171875
2.95312 -0.157108

2.95152 -0.15625
2.95312 -0.153112

2.95312 -0.149194
2.9575 -0.140625

-2.15625 0.256037
-2.14062 0.257414

-2.14062 0.257474
-2.125 0.259117

2.9619 -0.140625
2.96875 -0.129026

-2.125 0.25916
-2.10938 0.260865

2.96875 -0.125066
2.96878 -0.125

2.96915 -0.125
2.98303 -0.09375

2.98438 -0.0775244
2.98192 -0.0625

-2.10938 0.260896
-2.09375 0.262515

-2.09375 0.262542
-2.07812 0.263957

-2.07812 0.263993
-2.0625 0.265077

-2.0625 0.265089
-2.04977 0.265625

2.98781 -0.09375
2.99101 -0.078125

2.98438 -0.075404
2.98489 -0.078125

-2.04972 0.265625
-2.04688 0.265745

-2.04688 0.26574
-2.03125 0.265961

2.98413 -0.0625
2.98438 -0.0547082

2.98417 -0.046875
2.9842 -0.03125

2.98426 -0.03125
2.98438 -0.0277637

2.98433 -0.015625
2.98438 -0.0148739

-2.03125 0.266003
-2.01562 0.265717

-2 0.264866
-2.0144 0.265625

2.98438 -0.0171341
2.98444 -0.015625

2.98473 -0.015625
2.98577 0

-2.01562 0.265695
-2.0143 0.265625

2.73438 0.203316
2.73457 0.203125

2.98435 0
2.98377 0.015625

2.98432 0.015625
2.98325 0.03125

2.98689 0
2.98628 0.015625

2.98438 0.0270131
2.9852 0.015625

2.98415 0.03125
2.98406 0.046875

2.98395 0.046875
2.98385 0.0625

2.98384 0.0625
2.98397 0.078125

2.98388 0.078125
2.98438 0.091645

2.98411 0.09375
2.98786 0.125

2.9375 0.202537
2.93716 0.203125

2.93732 0.203125
2.92791 0.21875

2.92868 0.21875
2.92442 0.25

2.96875 0.136867
2.95524 0.140625

2.96875 0.144366
2.9561 0.15625

2.95312 0.173417
2.94078 0.1875

2.96875 0.158865
2.96032 0.171875

2.96875 0.172341
2.95854 0.1875

2.98145 0.125
2.98783 0.15625

3 0.164689
2.9788 0.1875

2.9375 0.205821
2.95311 0.1875

2.96875 0.22205
2.94629 0.25

2.96875 0.215472
2.98094 0.1875

2.96875 0.222489
2.96987 0.21875

2.85938 0.296202
2.875 0.295795

2.85938 0.301277
2.875 0.301277

2.89062 0.263645
2.88935 0.265625

2.8898 0.265625
2.89062 0.274056

2.90625 0.258127
2.89517 0.265625

2.89062 0.270162
2.90625 0.27776

2.90269 0.28125
2.90625 0.282286

2.90658 0.25
2.9375 0.274416

2.93713 0.28125
2.9375 0.281305

2.9375 0.268437
2.98276 0.25

3 -0.304199
3.00067 -0.3125

3 -0.088549
3.00388 -0.0625

3 -0.0464792
3.00091 -0.0625

3 -0.00332491
3.00223 0

3.0625 -0.00431187
3.04968 0

3.125 -0.00639917
3.09589 0

3.25 -0.00493574
3.21519 0

3.5 -0.00362686
3.42517 0

3.03125 0.0240935
3.0116 0.03125

3.031 0.03125
3.03125 0.037492

3.03125 0.0220379
3.05746 0

3.03125 0.0604756
3.03559 0.03125

3.03427 0.0625
3.0389 0.09375

3.04635 0.09375
3.03865 0.125

3.0625 0.0160806
3.09213 0

3 0.169179
3.03278 0.125

3.125 0.0120006
3.19774 0

3.25 0.00567976
3.36637 0

-1.79688 0.247633
-1.80816 0.25

-1.79688 0.247922
-1.78125 0.245022

-1.78125 0.24581
-1.76562 0.241386

4 -0.00625912
3.57468 0

3.5 0.000199378
3.51355 0

-1.75 0.233147
-1.7531 0.234375

-1.76562 0.240843
-1.75 0.234649

-2 0.264739
-1.98438 0.263688

-1.98438 0.263617
-1.96875 0.262736

-1.96875 0.262769
-1.95312 0.262135

-1.95312 0.262184
-1.9375 0.26163

-1.9375 0.261644
-1.92188 0.261043

-1.92188 0.261037
-1.90625 0.260372

-1.90625 0.260393
-1.89062 0.259631

-1.89062 0.259634
-1.875 0.258725

-1.875 0.258761
-1.85938 0.257624

-1.85938 0.257649
-1.84375 0.256164

-1.84375 0.256193
-1.82812 0.254253

-1.82812 0.254484
-1.8125 0.251571

-1.8125 0.251284
-1.80638 0.25

-1.75 0.233521
-1.73438 0.228895

-1.75 0.234528
-1.74948 0.234375

-1.73438 0.229393
-1.71875 0.227354

-1.71875 0.227587
-1.70312 0.226677

-1.70312 0.2268
-1.6875 0.226307

-1.6875 0.226382
-1.67188 0.225913

-1.67188 0.22595
-1.65625 0.225282

-1.65625 0.225255
-1.64062 0.224368

-1.64062 0.224033
-1.625 0.223651

-1.625 0.222652
-1.60938 0.225442

-1.60938 0.226151
-1.59375 0.232692

-1.59375 0.235112
-1.57812 0.239144

-1.5625 0.233384
-1.56603 0.234375

-1.57812 0.239791
-1.5625 0.235404

-1.53125 0.216855
-1.53526 0.21875

-1.5625 0.232541
-1.54688 0.224125

-1.5625 0.234985
-1.56137 0.234375

-1.54688 0.224381
-1.53496 0.21875

-1.53125 0.216782
-1.51562 0.210382

-1.51562 0.210139
-1.5 0.205565

-1.48438 0.202754
-1.48708 0.203125

-1.5 0.205538
-1.48438 0.203393

-1.48438 0.202743
-1.47673 0.203125

-1.48438 0.203266
-1.46875 0.204046

-1.46875 0.205005
-1.45312 0.206982

-1.45312 0.208668
-1.4375 0.206366

-1.40625 0.175336
-1.41702 0.1875

-1.375 0.14637
-1.38728 0.15625

-1.39062 0.159023
-1.40369 0.171875

-1.40625 0.174849
-1.40354 0.171875

-1.39062 0.159257
-1.38711 0.15625

-1.42188 0.195207
-1.43249 0.203125

-1.4375 0.207398
-1.43051 0.203125

-1.42188 0.193112
-1.41685 0.1875

-1.32812 0.122016
-1.33549 0.125

-1.32812 0.122106
-1.3125 0.116875

-1.3125 0.117007
-1.29688 0.112657

-1.28125 0.108548
-1.28421 0.109375

-1.29688 0.11299
-1.28395 0.109375

-1.28125 0.108492
-1.26562 0.103687

-1.26562 0.103521
-1.25 0.0988434

-1.35938 0.136169
-1.36626 0.140625

-1.375 0.146576
-1.36595 0.140625

-1.35938 0.136168
-1.34375 0.128131

-1.34375 0.128552
-1.33498 0.125

-1.21875 0.0900722
-1.23203 0.09375

-1.25 0.0989577
-1.23438 0.0945123

-1.23438 0.0947015
-1.23094 0.09375

-1.21875 0.0899059
-1.20312 0.0862598

-1.20312 0.0862618
-1.1875 0.0837365

-1.1875 0.0838364
-1.17188 0.0822282

-1.17188 0.0823409
-1.15625 0.0812246

-1.15625 0.0812492
-1.14062 0.0803503

-1.14062 0.0804056
-1.125 0.0795647

-1.10938 0.0779779
-1.11063 0.078125

-1.125 0.0800402
-1.10938 0.0782076

-1.10938 0.0779503
-1.09375 0.0742748

-1.10938 0.0793599
-1.10413 0.078125

-1.09375 0.0743353
-1.07812 0.0691985

-1.07812 0.0690504
-1.0625 0.0630425

-1.04688 0.0568869
-1.0624 0.0625

-1.04688 0.05693
-1.03125 0.0525711

-1.03125 0.0528629
-1.01562 0.0492034

-1 0.0453223
-1.00677 0.046875

-1.01562 0.0494051
-1.0046 0.046875

-1.0625 0.0631752
-1.06063 0.0625

0 -0.112659
0.015625 -0.113181

0.015625 -0.113165
0.03125 -0.113783

0.03125 -0.113774
0.046875 -0.114539

0.046875 -0.114539
0.0625 -0.115471

0.0625 -0.115479
0.078125 -0.11656

0.078125 -0.116572
0.09375 -0.117761

0.09375 -0.117778
0.109375 -0.119018

0.109375 -0.119029
0.125 -0.120264

0.203125 -0.126177
0.18879 -0.125

0.203125 -0.126206
0.21875 -0.127488

0.21875 -0.127494
0.234375 -0.128697

0.234375 -0.128705
0.25 -0.129801

0.125 -0.120269
0.140625 -0.121464

0.140625 -0.121463
0.15625 -0.122611

0.15625 -0.122602
0.171875 -0.123724

0.171875 -0.12369
0.1875 -0.124874

0.1875 -0.124853
0.189292 -0.125

0.25 -0.129804
0.265625 -0.130772

0.265625 -0.130768
0.28125 -0.131607

0.28125 -0.131599
0.296875 -0.132331

0.296875 -0.132322
0.3125 -0.132983

0.3125 -0.132978
0.328125 -0.133595

0.328125 -0.133597
0.34375 -0.134175

0.34375 -0.134182
0.359375 -0.134703

0.359375 -0.134709
0.375 -0.135147

0.375 -0.135148
0.390625 -0.135487

0.390625 -0.135481
0.40625 -0.135729

0.40625 -0.13572
0.421875 -0.135906

0.421875 -0.135901
0.4375 -0.136052

0.4375 -0.136057
0.453125 -0.136174

0.453125 -0.136187
0.46875 -0.136236

0.46875 -0.136251
0.484375 -0.136173

0.484375 -0.136185
0.5 -0.135928

0.5 -0.135933
0.515625 -0.135466

0.515625 -0.135464
0.53125 -0.134781

0.53125 -0.134771
0.546875 -0.133895

0.546875 -0.133875
0.5625 -0.132866

0.5625 -0.132841
0.578125 -0.131788

0.578125 -0.131767
0.59375 -0.130764

0.59375 -0.130749
0.609375 -0.129867

0.609375 -0.129843
0.625 -0.129157

0.625 -0.129105
0.640625 -0.128766

0.640625 -0.128696
0.65625 -0.12895

0.65625 -0.128916
0.671875 -0.129972

0.671875 -0.130034
0.6875 -0.131833

0.6875 -0.131946
0.703125 -0.134138

0.703125 -0.134199
0.71875 -0.136437

0.71875 -0.136457
0.734375 -0.13858

0.734375 -0.138641
0.75 -0.140486

0.765625 -0.141934
0.75161 -0.140625

0.75 -0.140506
0.751274 -0.140625

0.765625 -0.141838
0.78125 -0.143125

0.78125 -0.143085
0.796875 -0.14448

0.796875 -0.144497
0.8125 -0.146048

0.8125 -0.14608
0.828125 -0.147687

0.828125 -0.147712
0.84375 -0.149258

0.84375 -0.149268
0.859375 -0.150686

0.859375 -0.150667
0.875 -0.151974

0.875 -0.151941
0.890625 -0.153243

0.890625 -0.153248
0.90625 -0.154602

0.9375 -0.15719
0.925936 -0.15625

0.90625 -0.154638
0.921875 -0.15596

0.921875 -0.155977
0.925234 -0.15625

0.9375 -0.157153
0.953125 -0.158524

0.953125 -0.15856
0.96875 -0.16006

0.96875 -0.160097
0.984375 -0.16158

0.984375 -0.161578
1 -0.162975

1 -0.16296
1.01562 -0.164303

1.01562 -0.164297
1.03125 -0.165628

1.03125 -0.165629
1.04688 -0.166958

1.04688 -0.166962
1.0625 -0.168279

1.0625 -0.168279
1.07812 -0.169578

1.07812 -0.16955
1.09375 -0.170885

1.10938 -0.172378
1.10419 -0.171875

1.09375 -0.17083
1.10452 -0.171875

1.10938 -0.172437
1.125 -0.174066

1.125 -0.174094
1.14062 -0.175618

1.14062 -0.175584
1.15625 -0.177017

1.15625 -0.177006
1.17188 -0.178437

1.17188 -0.178443
1.1875 -0.179881

1.1875 -0.179886
1.20312 -0.181307

1.20312 -0.181313
1.21875 -0.182697

1.21875 -0.182702
1.23438 -0.184028

1.23438 -0.184032
1.25 -0.185279

1.28125 -0.187567
1.28033 -0.1875

1.28125 -0.187578
1.29688 -0.188683

1.29688 -0.188686
1.3125 -0.189711

1.25 -0.185277
1.26562 -0.186444

1.26562 -0.186421
1.28047 -0.1875

1.3125 -0.189705
1.32812 -0.190654

1.32812 -0.190651
1.34375 -0.191539

1.34375 -0.191537
1.35938 -0.192377

1.35938 -0.192377
1.375 -0.193175

1.375 -0.193176
1.39062 -0.193931

1.39062 -0.193933
1.40625 -0.194638

1.40625 -0.194639
1.42188 -0.19529

1.42188 -0.195289
1.4375 -0.195885

1.4375 -0.195882
1.45312 -0.196432

1.45312 -0.196426
1.46875 -0.196946

1.46875 -0.196938
1.48438 -0.197454

1.48438 -0.197445
1.5 -0.197988

