-4 -0.00554698
-3.63182 0

-3.5213 0
-3.5 0.000320929

1.5 -0.134416
1.51562 -0.134519

1.51562 -0.134502
1.53125 -0.134714

1.53125 -0.134696
1.54688 -0.13509

1.54688 -0.135078
1.5625 -0.135714

-3.5 -0.00269927
-3.44514 0

1.5625 -0.135717
1.57812 -0.136612

1.57812 -0.136631
1.59375 -0.13774

-3.25 -0.00347402
-3.2269 0

-3.125 -0.0043714
-3.10937 0

1.59375 -0.137768
1.60938 -0.138997

1.60938 -0.13902
1.625 -0.140268

-3 -0.0822941
-3.00182 -0.0625

-3.0625 -0.00110984
-3.05977 0

-3.00168 -0.0625
-3 -0.0593944

-3.03125 -0.00205677
-3.02575 0

-3.3982 0
-3.25 0.00730022

-3.21529 0
-3.125 0.0142129

-3.10309 0
-3.0625 0.0220815

-3.0625 0.00637417
-3.03298 0.03125

-3.04639 0.03125
-3.03176 0.0625

1.64062 -0.141472
1.62949 -0.140625

1.625 -0.140287
1.62944 -0.140625

-3.03125 0.0264322
-3.02659 0.03125

-3.03125 0.0595586
-3.03005 0.0625

-3.0377 0.0625
-3.03359 0.09375

1.64062 -0.14151
1.65625 -0.142533

1.65625 -0.142558
1.67188 -0.143292

1.67188 -0.143304
1.6875 -0.143675

1.6875 -0.14367
1.70312 -0.143665

0 -0.0400689
0.015625 -0.0397793

0.015625 -0.0397949
0.03125 -0.0399065

0.03125 -0.0399189
0.046875 -0.0403756

0.046875 -0.0403872
0.0625 -0.0411412

-3.04305 0.09375
-3.03125 0.120391

-3.03125 0.0805724
-3.02679 0.09375

-3.03125 0.110422
-3.00774 0.125

-3.01902 0.125
-3 0.148087

1.70312 -0.143639
1.71875 -0.143322

1.71875 -0.143281
1.73438 -0.142787

1.73438 -0.142744
1.75 -0.142239

0.0625 -0.0411531
0.078125 -0.0421576

0.078125 -0.0421746
0.09375 -0.0433716

0.09375 -0.0433982
0.109375 -0.0447006

0.109375 -0.0447366
0.125 -0.0460196

0.140625 -0.0471654
0.136578 -0.046875

0.125 -0.0460586
0.136376 -0.046875

0.140625 -0.047187
0.15625 -0.0480544

0.15625 -0.0480499
0.171875 -0.0486507

0.171875 -0.0486363
0.1875 -0.0490083

1.75 -0.14221
1.76562 -0.141838

0.1875 -0.0489885
0.203125 -0.0492001

0.203125 -0.0491831
0.21875 -0.049308

0.21875 -0.0492993
0.234375 -0.0493889

0.234375 -0.0493899
0.25 -0.0494596

-3 -0.0823905
-2.98438 -0.0796665

-1 0.0934154
-0.99921 0.09375

0.25 -0.0494749
0.265625 -0.0494921

0.265625 -0.0495132
0.28125 -0.0494051

0.28125 -0.0494371
0.296875 -0.0490973

0.296875 -0.0491281
0.3125 -0.0484311

-0.999934 0.09375
-0.984375 0.100343

-0.984375 0.100437
-0.96875 0.106405

-0.96875 0.10649
-0.959841 0.109375

-0.959386 0.109375
-0.953125 0.111402

-0.953125 0.111646
-0.9375 0.115435

-0.9375 0.115714
-0.921875 0.117358

-0.921875 0.117265
-0.90625 0.116393

-0.90625 0.116092
-0.890625 0.113492

-0.890625 0.113431
-0.875 0.109829

-3 -0.0719104
-2.9854 -0.078125

-0.859375 0.057406
-0.86237 0.0625

-0.84375 0.0443932
-0.847417 0.046875

-0.859375 0.0573422
-0.850001 0.046875

-0.84375 0.044322
-0.828125 0.0373989

-0.828125 0.0378207
-0.8125 0.0339337

-0.862758 0.0625
-0.862159 0.078125

-0.859375 0.0721931
-0.859148 0.078125

-0.856417 0.078125
-0.854637 0.09375

-0.859375 0.10234
-0.867421 0.109375

-0.875 0.110006
-0.873732 0.109375

-0.859375 0.104572
-0.85264 0.09375

-0.78125 0.0305435
-0.788625 0.03125

-0.8125 0.0342364
-0.796875 0.0319367

-0.796875 0.0320133
-0.788907 0.03125

-0.78125 0.0304258
-0.765625 0.0297598

-0.765625 0.0296646
-0.75 0.0302274

0.3125 -0.0484025
0.328125 -0.0473436

0.328125 -0.0473197
0.333839 -0.046875

-0.75 0.0302686
-0.74109 0.03125

-0.742767 0.03125
-0.734375 0.0321743

-0.734375 0.032548
-0.71875 0.0342278

-0.71875 0.0344579
-0.703125 0.0346982

-0.703125 0.0344566
-0.6875 0.0332807

-0.65625 0.0307386
-0.670324 0.03125

-0.6875 0.0329346
-0.671875 0.031518

-0.671875 0.0313834
-0.668204 0.03125

-0.65625 0.0309944
-0.640625 0.0311838

-0.640625 0.0312168
-0.631932 0.03125

-0.642754 0.03125
-0.640625 0.0312758

-0.640625 0.0313886
-0.625 0.0314581

1.76562 -0.141833
1.78125 -0.141664

-0.625 0.0306371
-0.614895 0.03125

-0.609375 0.0306004
-0.599096 0.03125

-0.618135 0.03125
-0.609375 0.0318156

-0.609375 0.0328748
-0.59375 0.0341714

-0.578125 0.0277691
-0.589591 0.03125

-0.578125 0.0281519
-0.5625 0.0198182

-0.59375 0.0367783
-0.578125 0.0321463

-0.578125 0.0323201
-0.576362 0.03125

0.332874 -0.046875
0.34375 -0.0460287

0.34375 -0.0459988
0.359375 -0.044884

0.359375 -0.0448253
0.375 -0.0440389

0.375 -0.0439688
0.390625 -0.0437682

0.390625 -0.0437603
0.40625 -0.0443013

0.40625 -0.0444168
0.421875 -0.0454839

0.421875 -0.0456781
0.4375 -0.0466518

0.453125 -0.0470695
0.444461 -0.046875

-0.546875 0.0137124
-0.551796 0.015625

-0.5625 0.0194424
-0.552727 0.015625

-0.546875 0.0136823
-0.53125 0.00999506

-0.53125 0.0102955
-0.515625 0.00799086

-0.515625 0.00815347
-0.5 0.00630532

0.4375 -0.0467272
0.444087 -0.046875

0.453125 -0.0470191
0.462052 -0.046875

0.458929 -0.046875
0.46875 -0.0467165

0.46875 -0.0466893
0.484375 -0.0460973

0.484375 -0.0460512
0.5 -0.0453138

1.78125 -0.14168
1.79688 -0.141693

1.79688 -0.141721
1.8125 -0.141831

-0.21875 -0.000643209
-0.226003 0

-0.21875 -0.000684625
-0.203125 -0.00200273

-0.203125 -0.00206705
-0.1875 -0.00306495

-0.1875 -0.00299779
-0.171875 -0.00368116

0.5 -0.0452692
0.515625 -0.0445676

-0.171875 -0.00358978
-0.15625 -0.00427569

-0.15625 -0.00427421
-0.140625 -0.00514838

-0.140625 -0.00480915
-0.125 -0.00655302

-3 -0.0624512
-2.99982 -0.0625

-0.125 -0.00685054
-0.109375 -0.0095475

1.8125 -0.141859
1.82812 -0.141953

-0.109375 -0.00910132
-0.09375 -0.0130487

-0.0625 -0.0425123
-0.0760328 -0.03125

-0.078125 -0.0216318
-0.0863832 -0.015625

-0.09375 -0.0111562
-0.0859279 -0.015625

-0.078125 -0.0227326
-0.0696068 -0.03125

-0.0625 -0.0402722
-0.046875 -0.0446574

-0.046875 -0.0428469
-0.03125 -0.0423048

-0.03125 -0.0419171
-0.015625 -0.0408441

-0.015625 -0.040794
0 -0.0400658

-0.5 0.00631751
-0.484375 0.00457626

-0.484375 0.00454401
-0.46875 0.00294978

-0.46875 0.00291678
-0.453125 0.0016001

-0.453125 0.0015733
-0.4375 0.000653773

-0.4375 0.000643496
-0.421875 0.000195279

-0.421875 0.000212111
-0.40625 0.000222095

-0.40625 0.000257257
-0.390625 0.000621451

-0.390625 0.000657947
-0.375 0.00123304

-3 -0.0325252
-2.98438 -0.0315905

-0.375 0.00126401
-0.359375 0.00191505

0.515625 -0.0445345
0.53125 -0.0440241

-0.359375 0.00193947
-0.34375 0.00255565

0.53125 -0.044009
0.546875 -0.0437861

-3 -0.0297686
-2.98438 -0.0297686

1.82812 -0.141975
1.84375 -0.141953

-3 -0.0149504
-2.98438 -0.0149504

0.546875 -0.0438014
0.5625 -0.0438657

0.5625 -0.0439108
0.578125 -0.0441415

0.578125 -0.0441876
0.59375 -0.0444021

0.59375 -0.0444248
0.609375 -0.0444856

0.609375 -0.0444734
0.625 -0.0443595

-2.98438 0.0152597
-2.98624 0.015625

0.625 -0.0442963
0.640625 -0.0441583

-3 0.0284713
-2.98438 0.024154

1.84375 -0.141965
1.85938 -0.14176

1.85938 -0.141766
1.875 -0.141342

-2.98438 0.0197892
-2.97872 0.03125

-2.98539 0.03125
-2.9995 0.046875

1.875 -0.141343
1.89062 -0.140687

1.89062 -0.140687
1.89173 -0.140625

1.89163 -0.140625
1.90625 -0.139801

0.640625 -0.0440668
0.65625 -0.0442137

-2.99183 0.046875
-2.99149 0.0625

1.90625 -0.139787
1.92188 -0.13872

0.65625 -0.0441884
0.671875 -0.0448539

-2.98438 0.0455679
-2.98348 0.03125

-2.98438 0.0522113
-2.98429 0.046875

-0.34375 0.00257264
-0.328125 0.00307113

0.671875 -0.0449516
0.6875 -0.0459909

-0.328125 0.00308326
-0.3125 0.00340586

-0.3125 0.00341452
-0.296875 0.00351964

-0.296875 0.00353117
-0.28125 0.00337844

-0.28125 0.00340038
-0.265625 0.0029229

-0.265625 0.00293333
-0.25 0.00206638

1.92188 -0.138696
1.9375 -0.137521

-3 0.0702157
-2.98438 0.0695961

-0.25 0.00203516
-0.234375 0.000820335

0.703125 -0.047099
0.699396 -0.046875

-0.234375 0.000779935
-0.225581 0

0.6875 -0.0461221
0.700033 -0.046875

-3 0.0896487
-2.98438 0.0902843

-2.98438 0.0734697
-2.98368 0.078125

0.703125 -0.047106
0.71875 -0.047591

-2.98438 0.0835025
-2.98353 0.078125

-3 0.101687
-2.96875 0.118911

-2.96875 0.124104
-2.96831 0.125

0.71875 -0.047549
0.734375 -0.0475905

0.734375 -0.0475404
0.75 -0.0473227

-2.97876 0.125
-2.96875 0.144012

-2.99695 0.15625
-2.98353 0.1875

-2.96772 0.125
-2.96437 0.140625

0.75 -0.0472944
0.765625 -0.0469742

0.765625 -0.0469481
0.769237 -0.046875

0.769319 -0.046875
0.78125 -0.0466334

-2.96624 0.140625
-2.9684 0.15625

0.78125 -0.0465841
0.796875 -0.046419

1.9375 -0.137493
1.95312 -0.136314

1.95312 -0.136288
1.96875 -0.135212

1.96875 -0.135196
1.98438 -0.134307

1.98438 -0.134305
2 -0.133639

0.796875 -0.0463687
0.8125 -0.0465534

0.828125 -0.0472354
0.820392 -0.046875

0.8125 -0.0465064
0.820409 -0.046875

-2.9375 0.152862
-2.93973 0.15625

-2.95312 0.166491
-2.96811 0.171875

-2.95638 0.171875
-2.96862 0.1875

-2.93906 0.15625
-2.94699 0.171875

-2.94258 0.171875
-2.94584 0.1875

0.828125 -0.0472023
0.84375 -0.0486324

0.84375 -0.0486492
0.859375 -0.0508132

-2.98415 0.1875
-2.96875 0.198483

-2.96898 0.21875
-2.96875 0.219038

-2.96875 0.20415
-2.9375 0.190039

0.859375 -0.0508878
0.875 -0.053603

-2.96875 0.218962
-2.9375 0.225509

-2.92188 0.134986
-2.93164 0.140625

-2.9375 0.14714
-2.93058 0.140625

-2.92188 0.13958
-2.90625 0.136345

-2.9375 0.172052
-2.93748 0.171875

-2.90625 0.135509
-2.89062 0.132158

-2.89062 0.132698
-2.875 0.129823

-2.9375 0.187942
-2.93741 0.1875

-2.93715 0.203125
-2.93286 0.21875

-2.9375 0.234161
-2.93343 0.21875

0.9375 -0.0653405
0.922514 -0.0625

-2.84375 0.121816
-2.85802 0.125

-2.84375 0.122447
-2.82812 0.119775

-2.82812 0.11933
-2.8125 0.117093

0.875 -0.0536886
0.890625 -0.0566347

0.890625 -0.0566825
0.90625 -0.0595924

-2.8125 0.117436
-2.79688 0.115839

-2.79688 0.115639
-2.78125 0.114398

0.90625 -0.0595507
0.921875 -0.0624121

0.921875 -0.062394
0.922434 -0.0625

-2.78125 0.114722
-2.76562 0.113589

-2.76562 0.113481
-2.75 0.112024

-2.875 0.13001
-2.85938 0.126158

0.9375 -0.0654202
0.953125 -0.0683894

0.953125 -0.068373
0.96875 -0.0712242

-2.85938 0.125269
-2.85817 0.125

-2.95353 0.25
-2.9375 0.254093

0.96875 -0.0712059
0.984375 -0.0740085

0.984375 -0.0739871
1 -0.0768207

-2.9375 0.264244
-2.92349 0.25

-2.75 0.112049
-2.73438 0.110435

-2.71875 0.108642
-2.72521 0.109375

-2.73438 0.110408
-2.72527 0.109375

-2.71875 0.108609
-2.70312 0.106782

-2.70312 0.106829
-2.6875 0.104911

-2.6875 0.104842
-2.67188 0.102879

-2.67188 0.102906
-2.65625 0.100982

-2.65625 0.10095
-2.64062 0.0990737

-2.64062 0.0990762
-2.625 0.0973063

-2.625 0.0973049
-2.60938 0.0956392

-2.60938 0.0956363
-2.59375 0.0940834

-2.57812 0.0926433
-2.59003 0.09375

-2.57812 0.0926574
-2.5625 0.0912531

-2.59375 0.0940818
-2.59018 0.09375

-2.5625 0.0912676
-2.54688 0.0898475

-2.54688 0.0898543
-2.53125 0.0883755

-2.53125 0.0883757
-2.51562 0.0868243

-2.51562 0.0868171
-2.5 0.0852068

2 -0.133651
2.01562 -0.13319

2.01562 -0.133212
2.03125 -0.132889

2.03125 -0.132921
2.04688 -0.132626

2.04688 -0.132668
2.0625 -0.132254

2.0625 -0.132308
2.07812 -0.131582

2.07812 -0.131625
2.09375 -0.130395

2.09375 -0.130389
2.10938 -0.12858

1.01562 -0.0797867
1.00717 -0.078125

1 -0.0767674
1.00691 -0.078125

1.01562 -0.0798693
1.03125 -0.083225

1.03125 -0.083258
1.04688 -0.0867136

1.04688 -0.0867254
1.0625 -0.0901911

1.09375 -0.0973505
1.0785 -0.09375

1.0625 -0.090155
1.07812 -0.0936792

2.10938 -0.128464
2.125 -0.126322

-2.5 0.0851971
-2.48438 0.0835615

2.125 -0.12614
2.13448 -0.125

-2.48438 0.0835524
-2.46875 0.0819295

2.13448 -0.125
2.14062 -0.124261

2.14062 -0.124178
2.15625 -0.123092

2.15625 -0.123235
2.17188 -0.122825

1.07812 -0.093677
1.07843 -0.09375

1.09375 -0.0974492
1.10938 -0.101138

1.10938 -0.101162
1.125 -0.104608

-2.46875 0.0819238
-2.45312 0.0803432

-2.45312 0.0803393
-2.4375 0.0788203

-2.42188 0.0773817
-2.42995 0.078125

-2.4375 0.0788088
-2.43007 0.078125

-2.42188 0.077388
-2.40625 0.0760189

-2.40625 0.076023
-2.39062 0.0746912

-2.39062 0.0746937
-2.375 0.0733859

1.25 -0.126145
1.24204 -0.125

2.17188 -0.123197
2.1875 -0.122434

-2.375 0.0733876
-2.35938 0.0720957

-2.35938 0.0720966
-2.34375 0.0708154

1.125 -0.104605
1.14062 -0.107766

1.15625 -0.110661
1.14947 -0.109375

1.14062 -0.107747
1.14921 -0.109375

1.15625 -0.110703
1.17188 -0.113528

1.17188 -0.113511
1.1875 -0.116201

1.1875 -0.116183
1.20312 -0.118808

1.20312 -0.118817
1.21875 -0.121397

1.21875 -0.121425
1.23438 -0.123886

1.23438 -0.123914
1.24192 -0.125

2.1875 -0.122843
2.20312 -0.120167

2.20312 -0.120031
2.21875 -0.114898

1.25 -0.126171
1.26562 -0.128133

-2.34375 0.0708159
-2.32812 0.0695424

-2.32812 0.0695421
-2.3125 0.0682759

1.26562 -0.128127
1.28125 -0.12978

1.28125 -0.129769
1.29688 -0.131145

1.29688 -0.131141
1.3125 -0.13227

-2.3125 0.0682759
-2.29688 0.0670172

-2.29688 0.067017
-2.28125 0.065766

2.21875 -0.113945
2.23199 -0.109375

2.23183 -0.109375
2.23438 -0.108496

-2.28125 0.0657659
-2.26562 0.0645232

2.23438 -0.108252
2.25 -0.105104

1.3125 -0.132272
1.32812 -0.133157

1.32812 -0.133159
1.34375 -0.133791

1.34375 -0.133787
1.35938 -0.134172

-2.26562 0.0645227
-2.25 0.0632898

2.375 -0.140849
2.37472 -0.140625

2.375 -0.13632
2.36315 -0.125

1.35938 -0.134158
1.375 -0.134335

2.25 -0.105676
2.26562 -0.104212

-2.23438 0.0620684
-2.23989 0.0625

2.26562 -0.104052
2.28125 -0.10345

1.375 -0.134315
1.39062 -0.134351

-2.23438 0.0620624
-2.21875 0.0608628

2.28125 -0.103704
2.29688 -0.103779

1.39062 -0.134332
1.40625 -0.134308

-2.21875 0.0608569
-2.20312 0.0597019

1.40625 -0.134297
1.42188 -0.134272

1.42188 -0.13427
1.4375 -0.134273

-2.20312 0.0596965
-2.1875 0.0586088

-2.25 0.0632892
-2.23991 0.0625

-2.1875 0.0586042
-2.17188 0.0576038

-2.17188 0.0576005
-2.15625 0.0567034

-2.15625 0.056703
-2.14062 0.0559166

-2.14062 0.0559229
-2.125 0.0552353

1.4375 -0.134276
1.45312 -0.134302

1.45312 -0.134305
1.46875 -0.134341

1.46875 -0.134341
1.48438 -0.13438

1.48438 -0.134374
1.5 -0.134428

-2.125 0.055253
-2.10938 0.0546163

-2.10938 0.054647
-2.09375 0.0539642

-2.09375 0.0540018
-2.07812 0.0531363

2.29688 -0.10381
2.3125 -0.103993

2.3125 -0.103672
2.32812 -0.104544

2.32812 -0.103616
2.34375 -0.107674

2.35938 -0.11829
2.3473 -0.109375

2.34375 -0.106029
2.34932 -0.109375

2.35938 -0.120605
2.36346 -0.125

2.375 -0.14115
2.39062 -0.143763

2.375 -0.140264
2.3771 -0.140625

2.39062 -0.146729
2.40039 -0.140625

-2.07812 0.0531674
-2.0625 0.0519815

-2.0625 0.051994
-2.04688 0.0504008

-2.04688 0.0503913
-2.03125 0.0483846

-2.01562 0.0460351
-2.02131 0.046875

2.39062 -0.139816
2.40625 -0.125408

-2.03125 0.0483353
-2.02136 0.046875

-2.01562 0.0459975
-2 0.0435477

2.40281 -0.125
2.40625 -0.121193

2.40625 -0.121939
2.42102 -0.109375

2.42047 -0.109375
2.42188 -0.108476

2.42188 -0.108515
2.4375 -0.102703

2.4375 -0.104262
2.45312 -0.103035

2.45312 -0.10335
2.46875 -0.102959

2.46875 -0.103193
2.48438 -0.102542

2.48438 -0.102557
2.5 -0.101148

2.5 -0.101061
2.51562 -0.0990367

2.51562 -0.0988798
2.53125 -0.0967269

2.53125 -0.0966922
2.54688 -0.0947941

2.54688 -0.0948085
2.55728 -0.09375

2.55709 -0.09375
2.5625 -0.0931993

2.5625 -0.0931701
2.57812 -0.0919598

2.57812 -0.0919105
2.59375 -0.0912625

2.59375 -0.0912283
2.60938 -0.0913095

2.60938 -0.0913101
2.625 -0.0921879

2.64062 -0.0938265
2.63991 -0.09375

2.64062 -0.0938782
2.65625 -0.096307

2.625 -0.0921905
2.63957 -0.09375

2.65625 -0.0963748
2.67188 -0.0993892

2.67188 -0.0994775
2.6875 -0.102765

2.6875 -0.102864
2.70312 -0.10605

2.70312 -0.106122
2.71875 -0.108865

2.73438 -0.110994
2.72241 -0.109375

2.71875 -0.108911
2.72218 -0.109375

2.73438 -0.111081
2.75 -0.112364

2.75 -0.112294
2.76562 -0.112723

2.76562 -0.112638
2.78125 -0.112526

2.78125 -0.112401
2.79688 -0.112172

2.79688 -0.112103
2.8125 -0.112143

2.8125 -0.112101
2.82812 -0.112631

2.82812 -0.112685
2.84375 -0.11368

2.84375 -0.113705
2.85938 -0.115006

2.85938 -0.115024
2.875 -0.116543

2.96822 -0.21875
2.96875 -0.218207

-2 0.0435213
-1.98438 0.0410478

-1.98438 0.0410298
-1.96875 0.0386214

2.9375 -0.125005
2.93761 -0.125

2.95312 -0.125071
2.95336 -0.125

2.875 -0.116504
2.89062 -0.118283

2.89062 -0.118355
2.90625 -0.120327

2.90625 -0.12043
2.92188 -0.122243

2.92188 -0.122433
2.9375 -0.123501

2.9375 -0.123828
2.95312 -0.123119

2.95312 -0.124132
2.96875 -0.118967

2.96875 -0.123154
2.9917 -0.09375

-1.96875 0.0386126
-1.95312 0.0363229

-1.95312 0.0363201
-1.9375 0.0341723

2.98425 -0.09375
2.98352 -0.078125

2.98409 -0.078125
2.98221 -0.0625

2.98858 -0.09375
2.98803 -0.078125

2.98438 -0.0628505
2.9864 -0.078125

2.98393 -0.0625
2.98418 -0.046875

2.98405 -0.046875
2.9842 -0.03125

2.98438 -0.061317
2.98441 -0.0625

2.98438 -0.0323418
2.98439 -0.03125

2.9842 -0.03125
2.98438 -0.0267599

2.98438 -0.0162142
2.9844 -0.015625

-1.90625 0.0303567
-1.91396 0.03125

-1.9375 0.0341701
-1.92188 0.0321746

-1.92188 0.0321538
-1.91407 0.03125

-1.90625 0.0303693
-1.89062 0.0287338

-1.89062 0.0287457
-1.875 0.0272225

2.9846 -0.015625
2.98613 0

-1.875 0.0272356
-1.85938 0.025775

-1.85938 0.0257871
-1.84375 0.0243387

-1.84375 0.0243464
-1.82812 0.0228708

-1.82812 0.0228715
-1.8125 0.0213521

-1.8125 0.0213442
-1.79688 0.0197951

-1.79688 0.0197827
-1.78125 0.0182447

-1.78125 0.0182307
-1.76562 0.0167566

-1.75 0.0153994
-1.75263 0.015625

-1.76562 0.0167357
-1.7527 0.015625

2.85938 0.140816
2.85957 0.140625

2.98438 0.0162876
2.98276 0.03125

-1.75 0.015396
-1.73438 0.0142213

-1.73438 0.0142219
-1.71875 0.0132102

-1.71875 0.013208
-1.70312 0.0123628

-1.70312 0.0123622
-1.6875 0.0116889

-1.6875 0.0116899
-1.67188 0.0111876

-1.67188 0.0111899
-1.65625 0.0108519

-1.65625 0.0108551
-1.64062 0.0106706

-1.64062 0.010675
-1.625 0.0106286

2.98766 0
2.98712 0.015625

-1.625 0.0106348
-1.60938 0.0107054

-1.60938 0.0107141
-1.59375 0.010872

-1.59375 0.010884
-1.57812 0.0110876

-1.57812 0.0111032
-1.5625 0.0112974

2.98438 0.0304138
2.98597 0.015625

2.98412 0.03125
2.98393 0.046875

2.984 0.046875
2.98399 0.0625

-1.5625 0.0113158
-1.54688 0.0114328

-1.54688 0.0114518
-1.53125 0.0114169

-1.53125 0.0114338
-1.51562 0.011175

2.98392 0.0625
2.98409 0.078125

2.98398 0.078125
2.98438 0.0825361

2.98421 0.09375
2.99448 0.125

-1.51562 0.0111866
-1.5 0.0106473

2.9375 0.203597
2.92519 0.21875

2.92897 0.21875
2.92658 0.25

2.95312 0.140291
2.96875 0.140291

2.96875 0.150074
2.95553 0.15625

2.95312 0.162302
2.94648 0.171875

2.95164 0.171875
2.94537 0.1875

2.96875 0.158168
2.95497 0.171875

2.96039 0.171875
2.95375 0.1875

2.99562 0.125
2.9878 0.15625

2.99423 0.15625
2.99567 0.1875

2.94937 0.1875
2.94441 0.21875

2.96875 0.226615
2.94437 0.25

2.96875 0.216521
2.98424 0.1875

2.96875 0.230354
2.97236 0.21875

2.875 0.296712
2.86388 0.296875

2.85938 0.299793
2.875 0.299793

2.89062 0.264315
2.88975 0.265625

2.89007 0.265625
2.89062 0.270358

2.90625 0.260521
2.89464 0.265625

2.89062 0.269319
2.90625 0.276028

2.90461 0.28125
2.90625 0.281811

2.91076 0.25
2.9375 0.271617

2.9375 0.265685
2.9828 0.25

3 -0.0782167
3.00119 -0.0625

3 -0.0523506
3.00007 -0.03125

3 -0.00191354
3.00152 0

-1.5 0.0106501
-1.48438 0.00980156

-1.48438 0.00979172
-1.46875 0.00864799

-1.46875 0.00861973
-1.45312 0.00725698

3.0625 -0.0060211
3.04602 0

3.125 -0.00807927
3.08889 0

3.25 -0.00631762
3.2061 0

3.5 -0.00425588
3.40885 0

3.03125 0.0230973
3.01441 0.03125

3.03125 0.0202894
3.0541 0

3.03427 0.03125
3.03203 0.0625

-1.45312 0.00719972
-1.4375 0.005789

3.03125 0.123642
3.02538 0.125

3.03517 0.0625
3.0413 0.09375

3.05082 0.09375
3.04009 0.125

3.0625 0.0147631
3.0889 0

3 0.161304
3.02947 0.125

3.125 0.0108932
3.19265 0

3.25 0.00511357
3.35861 0

4 -0.00644619
3.54531 0

-1.4375 0.00570977
-1.42188 0.00452404

-1.42188 0.00441722
-1.40625 0.00382858

-1.40625 0.00370817
-1.39062 0.00417105

-1.39062 0.00406888
-1.375 0.00602844

-1.375 0.00604439
-1.35938 0.00967309

-1.35938 0.00979436
-1.34375 0.0148177

-1.34375 0.0148629
-1.34163 0.015625

-1.34236 0.015625
-1.32812 0.0207465

-1.32812 0.0210519
-1.3125 0.0260541

-1.3125 0.0263077
-1.29688 0.0295122

-1.29688 0.029454
-1.28125 0.0304699

-1.28125 0.0303841
-1.26562 0.0294994

-1.26562 0.029432
-1.25 0.0269527

-1.25 0.0268308
-1.23438 0.0231356

-1.23438 0.0229721
-1.21875 0.0186319

-1.20312 0.0139861
-1.20883 0.015625

-1.21875 0.0185872
-1.20845 0.015625

-1.20312 0.0138694
-1.1875 0.00976862

-1.1875 0.0096729
-1.17188 0.00652958

-1.17188 0.00642575
-1.15625 0.00463899

-1.15625 0.00450055
-1.14062 0.0045549

-1.14062 0.00437283
-1.125 0.00690933

-1.125 0.00660065
-1.10938 0.0126008

-1.10938 0.0124492
-1.10425 0.015625

-1.10438 0.015625
-1.09375 0.0230861

-1.09375 0.0228756
-1.08525 0.03125

-1.08626 0.03125
-1.07812 0.0411345

-1.07812 0.040854
-1.0736 0.046875

-1.07504 0.046875
-1.0625 0.061339

-1.0625 0.0613453
-1.06136 0.0625

-1.06188 0.0625
-1.04688 0.0746907

-1.04688 0.0746636
-1.04001 0.078125

-1.03784 0.078125
-1.03125 0.0814388

-1.03125 0.0810462
-1.01562 0.0871041

-1.01562 0.0869419
-1 0.0934163

-1.00013 0.09375
-1 0.0938036

