-4 -0.00392923
-3.65416 0

-3.54004 0
-3.5 0.000454919

-3.5 -0.0029345
-3.42354 0

-3.25 -0.00420765
-3.21343 0

-3.125 -0.005833
-3.1 0

-3 -0.0959684
-3.00082 -0.09375

-3.0625 -0.00155333
-3.0576 0

-3.38766 0
-3.25 0.00534886

-3.20596 0
-3.125 0.0104723

-3.10139 0
-3.0625 0.0164889

-3.0625 0.000678313
-3.03125 0.0247414

-3.03542 0.03125
-3.03125 0.0408509

-3.03125 0.0284737
-3 0.0297249

-3.03125 0.0439391
-3.02331 0.0625

-3.03282 0.0625
-3.03125 0.0778515

-3.02807 0.0625
-3.02018 0.09375

-3.02942 0.09375
-3.01682 0.125

-3.02853 0.125
-3 0.156235

-3.00152 0.1875
-3 0.188888

-2.92188 -0.149997
-2.93196 -0.140625

-2.93352 -0.140625
-2.92296 -0.125

-2.92188 -0.151738
-2.90625 -0.140922

-2.92188 -0.126541
-2.90904 -0.140625

-3 -0.0977416
-2.96875 -0.115182

-2.98836 -0.09375
-2.98438 -0.0809172

-2.98438 -0.078125
-2.98438 -0.0779979

-2.98297 -0.09375
-2.98358 -0.078125

-2.98286 -0.078125
-2.98244 -0.0625

-2.96875 -0.112063
-2.96525 -0.109375

-2.96875 -0.104834
-2.95521 -0.09375

-2.95439 -0.09375
-2.95312 -0.0927035

-2.95312 -0.0907358
-2.93759 -0.078125

-2.93756 -0.078125
-2.9375 -0.0780824

-2.98438 -0.0475641
-2.98365 -0.0625

-2.98409 -0.046875
-2.98426 -0.03125

-2.98438 -0.0172066
-2.98446 -0.015625

-2.98486 -0.015625
-2.98687 0

-2.98438 -0.0286979
-2.98424 -0.03125

-2.92391 -0.125
-2.92188 -0.124363

-2.93731 -0.078125
-2.92188 -0.0680202

-2.92188 -0.0668003
-2.91041 -0.0625

1.5 -0.020517
1.51562 -0.0194811

1.51562 -0.019068
1.53125 -0.0181023

1.53125 -0.0181951
1.54688 -0.0179403

1.54688 -0.0179001
1.5625 -0.0182512

1.5625 -0.0182977
1.57812 -0.0192422

1.57812 -0.0194217
1.59375 -0.0205074

1.59375 -0.0205272
1.60938 -0.0213556

1.60938 -0.0213904
1.625 -0.021852

-2.875 -0.0651715
-2.88747 -0.0625

1.625 -0.0217954
1.64062 -0.0219339

1.64062 -0.021959
1.65625 -0.0218375

1.65625 -0.0218698
1.67188 -0.0213732

1.67188 -0.0213551
1.6875 -0.020455

-2.90967 -0.0625
-2.90625 -0.0612159

-2.90625 -0.0615802
-2.89062 -0.0612408

-2.89062 -0.0610642
-2.88392 -0.0625

1.6875 -0.020484
1.70312 -0.019159

1.70312 -0.0191095
1.71875 -0.0174007

1.71875 -0.017345
1.73336 -0.015625

1.7318 -0.015625
1.73438 -0.0153215

1.73438 -0.0154627
1.75 -0.013688

-2.875 -0.0660276
-2.85938 -0.0701831

-2.85938 -0.0705224
-2.84375 -0.0726161

-2.84375 -0.0726994
-2.82812 -0.071886

-2.82812 -0.0715945
-2.8125 -0.0682902

-2.8125 -0.0677598
-2.79688 -0.0636083

-2.79688 -0.0631782
-2.79372 -0.0625

-2.79286 -0.0625
-2.78125 -0.0599998

1.75 -0.0136127
1.76562 -0.0120965

1.76562 -0.0121403
1.78125 -0.0109457

1.78125 -0.0109307
1.79688 -0.0100001

1.79688 -0.0100036
1.8125 -0.00936019

-2.78125 -0.0600934
-2.76562 -0.0578188

-2.76562 -0.0578094
-2.75 -0.0563709

1.8125 -0.0094118
1.82812 -0.00894531

1.82812 -0.00897778
1.84375 -0.00852008

1.84375 -0.00863756
1.85938 -0.00788875

1.85938 -0.00779425
1.875 -0.00670837

1.875 -0.00672964
1.89062 -0.00545319

1.89062 -0.00533382
1.90625 -0.00406301

1.90625 -0.00426634
1.92188 -0.00283322

1.92188 -0.00246722
1.9375 -0.00119714

1.9375 -0.00126951
1.95312 -0.000749719

1.95312 -0.000949665
1.96875 -0.000635523

1.96875 -0.000546156
1.98438 -0.000216509

-2.75 -0.0563477
-2.73438 -0.0558105

-2.73438 -0.055792
-2.71875 -0.0562392

-2.71875 -0.0563344
-2.70312 -0.0576127

-2.70312 -0.0575269
-2.6875 -0.0596178

-2.67188 -0.0635866
-2.67758 -0.0625

-2.67188 -0.0631361
-2.65625 -0.065919

1.98438 -0.000620308
1.99542 0

-2.65625 -0.065664
-2.64062 -0.0677781

-1 -0.0336734
-0.984375 -0.0324631

1.99308 0
2 0.000388477

-0.984375 -0.0324782
-0.969945 -0.03125

-0.969736 -0.03125
-0.96875 -0.0311661

-2.64062 -0.0677001
-2.625 -0.0698099

-0.96875 -0.0311744
-0.953125 -0.0296421

0.453125 -0.00190289
0.448107 0

-2.6875 -0.0594684
-2.67188 -0.0624456

0.453125 -0.00225105
0.46875 -0.00757909

-0.953125 -0.0296779
-0.9375 -0.027822

0.46875 -0.00776927
0.484375 -0.0121406

-0.9375 -0.0278766
-0.921875 -0.0255161

-0.921875 -0.0255836
-0.90625 -0.0224743

-0.90625 -0.0224996
-0.890625 -0.0184559

-0.890625 -0.0183525
-0.881609 -0.015625

0.484375 -0.0117785
0.5 -0.0155371

0 0.025687
0.015625 0.0259564

-0.88197 -0.015625
-0.875 -0.0135165

-2.67188 -0.0624384
-2.67153 -0.0625

-0.875 -0.0133474
-0.859375 -0.0087

-0.859375 -0.00858549
-0.84375 -0.004708

0.015625 0.0259325
0.03125 0.0267408

-0.84375 -0.00476404
-0.828125 -0.00177344

-0.828125 -0.00189246
-0.816122 0

0.03125 0.0267647
0.046875 0.0281121

0.046875 0.028186
0.0625 0.0298769

-2.625 -0.0698566
-2.60938 -0.0720248

-2.60938 -0.0720387
-2.59375 -0.0741443

-2.59375 -0.0739284
-2.57812 -0.0763755

-2.5625 -0.0800046
-2.57008 -0.078125

0.0625 0.0299213
0.0742842 0.03125

2.25 -0.00117759
2.24111 0

0.0736811 0.03125
0.078125 0.0317511

0.078125 0.0318926
0.09375 0.0332176

0.09375 0.0330958
0.109375 0.0338445

-2.57812 -0.0759773
-2.56946 -0.078125

0.109375 0.0336514
0.125 0.0344537

-2.5625 -0.0801023
-2.54688 -0.0856958

-2.54688 -0.085263
-2.53125 -0.0930825

0.125 0.0343972
0.140625 0.035752

0.140625 0.0358574
0.15625 0.0376667

-2.53125 -0.0941146
-2.51562 -0.103019

0.15625 0.0376392
0.171875 0.0397471

-2.5 -0.111051
-2.50356 -0.109375

-2.51562 -0.103203
-2.50254 -0.109375

-2.53125 -0.0930368
-2.52998 -0.09375

-0.815986 0
-0.8125 0.000549648

-0.8125 0.000478825
-0.796875 0.00283813

-0.796875 0.00277555
-0.78125 0.00533057

-0.78125 0.00529959
-0.765625 0.00823744

0.171875 0.0396154
0.1875 0.0423404

-0.765625 0.00829986
-0.75 0.0115577

0.1875 0.0417844
0.203125 0.0465019

-2.98853 0
-2.98822 0.015625

0.203125 0.0462223
0.204413 0.046875

2.25 -0.00121959
2.26562 -0.0032079

0.204299 0.046875
0.21875 0.0545838

-0.75 0.0116728
-0.734375 0.0148954

2.26562 -0.00323143
2.28125 -0.00500869

-0.734375 0.0149633
-0.730675 0.015625

0.21875 0.0553499
0.229747 0.0625

2.28125 -0.0050093
2.29688 -0.00652723

0.228056 0.0625
0.234375 0.0666028

2.29688 -0.00647848
2.3125 -0.00783333

2.3125 -0.0077344
2.32812 -0.00922152

-0.730772 0.015625
-0.71875 0.0177751

0.234375 0.0686548
0.25 0.0728075

-2.98571 0.015625
-2.98438 0.0247732

2.32812 -0.00918477
2.34375 -0.0110755

2.34375 -0.0111594
2.35938 -0.0133596

2.375 -0.0157356
2.37425 -0.015625

2.35938 -0.013377
2.37463 -0.015625

0.3125 0.0583764
0.301171 0.0625

-0.71875 0.0178084
-0.703125 0.0199377

-2.98438 0.0174603
-2.98249 0.03125

-0.703125 0.0199466
-0.6875 0.0213181

2.375 -0.0156421
2.39062 -0.0180891

-0.6875 0.0213117
-0.671875 0.0219204

2.39062 -0.0182507
2.40625 -0.0205984

-2.98405 0.03125
-2.98415 0.046875

-2.98398 0.046875
-2.98392 0.0625

0.25 0.0697749
0.265625 0.0684627

2.40625 -0.0206539
2.42188 -0.022468

0.265625 0.0690496
0.28125 0.0671637

-0.671875 0.0219359
-0.65625 0.0217636

2.42188 -0.022474
2.4375 -0.0236313

-0.65625 0.0217832
-0.640625 0.0207597

0.28125 0.0670993
0.296875 0.0635947

-0.640625 0.0207011
-0.625 0.0189046

0.296875 0.0635249
0.299691 0.0625

2.4375 -0.0235694
2.45312 -0.0241816

-0.625 0.0187711
-0.609375 0.0165858

2.45312 -0.0238947
2.46875 -0.0246596

-2.9839 0.0625
-2.98406 0.078125

2.46875 -0.0245684
2.48438 -0.0262422

2.48438 -0.0266634
2.5 -0.0285862

2 0.00059573
2.01562 0.0021505

-2.98438 0.0866946
-2.98395 0.078125

2.01562 0.00177952
2.03125 0.00417296

2.03125 0.0046371
2.04688 0.00768288

0.3125 0.0573168
0.328125 0.050628

-2.98419 0.09375
-2.98953 0.125

0.34375 0.0449098
0.339597 0.046875

-2.98933 0.125
-2.98337 0.15625

-3 0.184224
-2.96875 0.180619

-2.96875 0.148299
-2.9576 0.15625

0.328125 0.0509193
0.336671 0.046875

-2.96875 0.157138
-2.96206 0.171875

2.04688 0.00769957
2.0625 0.010436

-0.59375 0.0144052
-0.602968 0.015625

2.0625 0.00941088
2.07812 0.0138443

-0.609375 0.0164559
-0.603096 0.015625

-2.95813 0.171875
-2.9648 0.1875

-0.59375 0.0143883
-0.578125 0.0126982

-2.95312 0.167318
-2.95185 0.171875

-0.578125 0.0127027
-0.5625 0.0114016

0.375 0.0269588
0.367028 0.03125

-0.5625 0.0114176
-0.546875 0.0104646

0.34375 0.0435634
0.359375 0.034803

-2.95312 0.176187
-2.95257 0.171875

-3 0.18893
-2.96875 0.193675

2.07736 0.015625
2.07812 0.0158429

-2.9395 0.1875
-2.9375 0.197226

0.359375 0.0321067
0.360966 0.03125

-0.546875 0.0105038
-0.53125 0.00978848

-2.9375 0.222828
-2.9432 0.25

-2.9375 0.211165
-2.92188 0.204801

-0.53125 0.00982699
-0.515625 0.00919393

-2.93379 0.21875
-2.90625 0.220676

0.375 0.0257753
0.390625 0.0189473

2.07812 0.0154603
2.07862 0.015625

0.40625 0.0154384
0.405653 0.015625

2.07905 0.015625
2.09375 0.0205415

-2.95053 0.25
-2.9375 0.272651

2.09375 0.0220442
2.10938 0.0221297

-0.515625 0.00917513
-0.5 0.00858493

-2.9375 0.266191
-2.90625 0.267834

2.125 0.0155556
2.12477 0.015625

-2.90625 0.263518
-2.90562 0.265625

0.390625 0.0186246
0.400225 0.015625

2.10938 0.0204614
2.125 0.0157509

0.40625 0.0149992
0.421875 0.0101949

-2.89062 0.271771
-2.90039 0.28125

0.421875 0.00990824
0.4375 0.00396028

2.125 0.0146997
2.14062 0.0106322

2.14062 0.0109974
2.15625 0.0089438

2.15625 0.00922826
2.17188 0.00788909

-2.88844 0.265625
-2.88812 0.28125

2.17188 0.00800266
2.1875 0.00658188

0.4375 0.0034538
0.446609 0

-2.90625 0.283211
-2.90036 0.28125

-2.875 0.29571
-2.87006 0.296875

-2.875 0.303023
-2.85938 0.303023

2.1875 0.00656052
2.20312 0.00487372

2.20312 0.00486638
2.21875 0.00297095

2.21875 0.00294177
2.23438 0.000910717

2.23438 0.000890452
2.2411 0

-2.78125 0.281468
-2.78103 0.28125

-0.5 0.0085065
-0.484375 0.00815361

-0.484375 0.00811615
-0.46875 0.00823238

-0.46875 0.00832204
-0.453125 0.00880299

-0.453125 0.00894398
-0.4375 0.00932834

0.515625 -0.019546
0.500899 -0.015625

0.5 -0.0155616
0.500238 -0.015625

0.515625 -0.0202175
0.53125 -0.0237398

-0.4375 0.00938451
-0.421875 0.00927797

-0.421875 0.00924111
-0.40625 0.00860505

-2.5 -0.111299
-2.48438 -0.115257

-0.40625 0.00852799
-0.390625 0.00759023

-2.48438 -0.115074
-2.46875 -0.114719

0.53125 -0.0235062
0.546875 -0.0255273

0.546875 -0.0252147
0.5625 -0.0268269

0.5625 -0.0267979
0.578125 -0.0286845

0.578125 -0.028864
0.59375 -0.0307242

0.609375 -0.0322931
0.600486 -0.03125

0.609375 -0.0325563
0.625 -0.0343657

0.59375 -0.0306914
0.598511 -0.03125

-2.46875 -0.114444
-2.45312 -0.110689

0.625 -0.0345156
0.640625 -0.0356449

0.640625 -0.0356195
0.65625 -0.0358196

2.5 -0.0287864
2.51562 -0.0297154

0.65625 -0.0357408
0.671875 -0.03522

2.51562 -0.0292684
2.53125 -0.0296969

0.671875 -0.0351209
0.6875 -0.0342351

-2.45312 -0.110569
-2.45035 -0.109375

0.6875 -0.0343151
0.703125 -0.0331028

-0.390625 0.00749089
-0.375 0.00660424

0.703125 -0.0334484
0.717518 -0.03125

0.717384 -0.03125
0.71875 -0.0310414

-2.44985 -0.109375
-2.4375 -0.104074

0.71875 -0.0305357
0.734375 -0.0273362

-0.375 0.00655416
-0.359375 0.00601745

0.734375 -0.0271369
0.75 -0.0245721

-0.359375 0.00601232
-0.34375 0.00593596

-2.4375 -0.10399
-2.42188 -0.0943068

2.5625 -0.0331477
2.54774 -0.03125

-2.42188 -0.0942713
-2.42115 -0.09375

-0.34375 0.00601252
-0.328125 0.00625366

-2.42184 -0.09375
-2.40625 -0.082246

2.53125 -0.0294426
2.54688 -0.0307734

-2.40625 -0.0819192
-2.40094 -0.078125

-0.328125 0.0064235
-0.3125 0.00648934

2.54688 -0.0311521
2.54764 -0.03125

-0.3125 0.00636626
-0.296875 0.00616329

0.75 -0.0247269
0.765625 -0.0228857

-0.296875 0.00594052
-0.28125 0.00616046

-2.40141 -0.078125
-2.39062 -0.0703749

2.5625 -0.0336583
2.57812 -0.0345915

-2.39062 -0.0710387
-2.37838 -0.0625

2.57812 -0.0342439
2.59375 -0.0337771

0.765625 -0.0225584
0.78125 -0.0217857

-2.37868 -0.0625
-2.375 -0.0599761

0.78125 -0.0218116
0.796875 -0.0227099

2.59375 -0.0334316
2.60938 -0.032951

-0.28125 0.00618442
-0.265625 0.00722487

-2.375 -0.0594438
-2.35938 -0.0491482

-0.265625 0.00732942
-0.25 0.00893336

-2.35938 -0.0480192
-2.35561 -0.046875

-2.35828 -0.046875
-2.34375 -0.0424524

-2.34375 -0.0433425
-2.32812 -0.0462308

-2.32812 -0.0478867
-2.3125 -0.0536171

-2.32812 -0.0464031
-2.32684 -0.046875

0.796875 -0.0229604
0.8125 -0.0249771

2.60938 -0.033313
2.625 -0.0327853

0.8125 -0.025119
0.828125 -0.0274695

0.828125 -0.0277255
0.84375 -0.0296138

0.84375 -0.0298079
0.859375 -0.0303337

0.859375 -0.0302057
0.875 -0.0292367

-2.28125 -0.06346
-2.28412 -0.0625

0.875 -0.0291644
0.890625 -0.0271011

-2.28125 -0.0639302
-2.26562 -0.0694968

2.625 -0.0334294
2.64013 -0.03125

-0.25 0.0088188
-0.234375 0.0110062

-0.234375 0.0108839
-0.21875 0.0141286

-2.26562 -0.0696789
-2.25 -0.0742674

-0.21875 0.0143702
-0.213354 0.015625

-2.3125 -0.0537204
-2.29688 -0.0587742

0.890625 -0.0271961
0.90625 -0.0239931

2.64062 -0.0317406
2.64301 -0.03125

0.90625 -0.0237242
0.921875 -0.0197294

2.63456 -0.03125
2.64062 -0.0303765

-2.29688 -0.0582227
-2.2841 -0.0625

-0.214681 0.015625
-0.203125 0.0183123

0.921875 -0.0193402
0.9375 -0.0159176

2.64062 -0.0301189
2.65625 -0.0269041

-0.203125 0.0182066
-0.1875 0.0213404

0.935651 -0.015625
0.9375 -0.01522

-0.1875 0.021267
-0.171875 0.0240725

0.9375 -0.0150247
0.953125 -0.0147383

-2.25 -0.0741105
-2.23438 -0.0776702

0.96875 -0.0194501
0.956344 -0.015625

-0.171875 0.0236116
-0.15625 0.0271578

-2.21875 -0.0803903
-2.23299 -0.078125

-0.15625 0.0272388
-0.142815 0.03125

-2.23438 -0.077558
-2.23081 -0.078125

-0.145602 0.03125
-0.140625 0.0327359

-0.140625 0.0329417
-0.125 0.0364877

-2.21875 -0.0805606
-2.20312 -0.081163

-2.20312 -0.0810734
-2.1875 -0.0795214

2.65625 -0.0270341
2.67188 -0.0243785

2.67188 -0.024407
2.6875 -0.0220683

0.953125 -0.0145891
0.956485 -0.015625

1 -0.0367403
0.988846 -0.03125

0.96875 -0.0205507
0.984375 -0.028483

-2.1875 -0.0792628
-2.1821 -0.078125

-2.18102 -0.078125
-2.17188 -0.0761975

2.6875 -0.0219869
2.70312 -0.0200708

2.70312 -0.0201107
2.71875 -0.0187002

2.71875 -0.0188053
2.73438 -0.0176103

2.73438 -0.0179277
2.75 -0.0161033

0.984375 -0.0290559
0.988832 -0.03125

2.75 -0.0164765
2.75471 -0.015625

2.75126 -0.015625
2.76562 -0.0130262

2.76562 -0.0127498
2.78125 -0.00997129

2.78125 -0.0101326
2.79688 -0.00787099

2.79688 -0.00793595
2.8125 -0.00573868

-2.17188 -0.0764248
-2.15625 -0.0709909

-2.15625 -0.0703108
-2.14062 -0.0634687

-2.14062 -0.0632553
-2.13883 -0.0625

-2.13868 -0.0625
-2.125 -0.0567443

2.8125 -0.00561238
2.82812 -0.00360216

-2.125 -0.0564498
-2.10938 -0.051035

-2.10938 -0.0507166
-2.09375 -0.0476717

-0.125 0.0366519
-0.109375 0.0370565

-0.109375 0.036644
-0.09375 0.0344037

-0.078125 0.0308971
-0.0799555 0.03125

-0.078125 0.0306658
-0.0625 0.028333

-2.09375 -0.0478994
-2.07812 -0.0474056

-2.07812 -0.047869
-2.0625 -0.048544

-0.09375 0.0338755
-0.0801309 0.03125

-0.0625 0.0284004
-0.046875 0.0270158

-0.046875 0.0271252
-0.03125 0.0263355

2.82812 -0.00361376
2.84375 -0.00202

2.84375 -0.00227118
2.85938 -0.000568306

-2.0625 -0.0488433
-2.04688 -0.0491617

2.85938 -0.000960312
2.86529 0

-0.03125 0.0263618
-0.015625 0.0258956

-0.015625 0.0258746
0 0.0257211

-2.04688 -0.0492383
-2.03125 -0.0484483

-2.03125 -0.048185
-2.01816 -0.046875

2.98438 -0.0787145
2.98411 -0.078125

2.98268 -0.078125
2.98438 -0.0721104

-2.01619 -0.046875
-2.01562 -0.0468185

-2.01562 -0.0466683
-2 -0.0447615

1 -0.0371917
1.01562 -0.0426068

1.01562 -0.0426856
1.03125 -0.0447681

2.98438 -0.080563
3 -0.0826814

2.98438 -0.0748222
3 -0.0726636

2.99293 -0.0625
3 -0.0623172

1.03125 -0.0445155
1.04688 -0.0436128

1.04688 -0.043414
1.0625 -0.0404288

1.0625 -0.0400736
1.07812 -0.0361141

1.07812 -0.0361674
1.09375 -0.0318377

2.86282 0
2.875 0.00197731

2.875 0.00230138
2.89062 0.00500602

1.09375 -0.0318409
1.09608 -0.03125

1.09425 -0.03125
1.10938 -0.0274087

2.89062 0.00501866
2.90625 0.00697765

2.90625 0.00668723
2.92188 0.00845611

2.92188 0.00810298
2.9375 0.0109688

2.9375 0.0110218
2.95312 0.0155736

2.95234 0.015625
2.95312 0.0158526

2.95312 0.0158392
2.96875 0.0214401

2.96875 0.017351
2.98438 0.0304429

1.10938 -0.0274596
1.125 -0.0246754

2.98438 0.0118662
2.98915 0.015625

1.125 -0.0248293
1.14062 -0.0229028

1.14062 -0.0228625
1.15625 -0.0215666

2.98438 0.0233607
2.98831 0.03125

2.98196 0.03125
2.98438 0.0391134

1.15625 -0.0215905
1.17188 -0.0209581

1.17188 -0.0209491
1.1875 -0.0209508

2.9838 0.046875
2.98358 0.0625

2.98438 0.0384139
2.98616 0.046875

1.1875 -0.0209891
1.20312 -0.0215664

1.20312 -0.0215722
1.21875 -0.022637

2.98371 0.0625
2.9839 0.078125

2.98378 0.078125
2.98435 0.09375

-2 -0.0446067
-1.98438 -0.0426111

-1.98438 -0.0425648
-1.96875 -0.0408824

-1.96875 -0.0409057
-1.95312 -0.0395823

-1.95312 -0.0396176
-1.9375 -0.0385361

-1.9375 -0.0385889
-1.92188 -0.0375728

1.21875 -0.0226647
1.23438 -0.0241503

1.23438 -0.0241854
1.25 -0.0259663

-1.92188 -0.0375648
-1.90625 -0.0365247

-1.90625 -0.0364511
-1.89062 -0.0355503

-1.89062 -0.0356318
-1.875 -0.0348544

1.25 -0.026031
1.26562 -0.0279076

2.98419 0.09375
2.98721 0.125

1.26562 -0.0279955
1.28125 -0.0296628

-1.875 -0.0349492
-1.85938 -0.0339424

-1.85938 -0.0338347
-1.84375 -0.0326245

2.90625 0.244457
2.9375 0.219093

1.28125 -0.029918
1.29688 -0.0306898

-1.84375 -0.0324068
-1.82812 -0.0316438

-1.82812 -0.031605
-1.8125 -0.0318021

2.96875 0.148996
2.96088 0.15625

-1.8125 -0.0319444
-1.79688 -0.0328947

1.29688 -0.030816
1.3125 -0.0299296

2.96875 0.158945
2.96094 0.171875

1.3125 -0.0294851
1.32812 -0.0275769

1.32812 -0.0271275
1.34375 -0.0259853

2.95607 0.171875
2.96024 0.1875

2.98535 0.125
2.98126 0.15625

-1.79688 -0.0330655
-1.78125 -0.0341427

-1.78125 -0.0342904
-1.76562 -0.0348576

-1.76562 -0.0348594
-1.75 -0.0346176

2.96875 0.181682
2.99055 0.1875

2.96747 0.1875
2.96875 0.201298

1.34375 -0.0260745
1.35938 -0.0264186

-1.75 -0.0345122
-1.73438 -0.0336682

-1.73438 -0.0333415
-1.71875 -0.0327594

2.93808 0.21875
2.96117 0.25

2.96875 0.199827
3 0.190284

-1.71875 -0.0326067
-1.70312 -0.0332454

-1.70312 -0.0332648
-1.6875 -0.0353911

2.90625 0.254731
2.9375 0.278688

2.9375 0.276134
2.96753 0.25

1.35938 -0.0267178
1.375 -0.0277714

-1.6875 -0.0357751
-1.67188 -0.0385823

-1.67188 -0.0389063
-1.65625 -0.0409783

3 -0.250008
3.0625 -0.250011

3 -0.249967
3.0625 -0.249961

1.375 -0.0279148
1.39062 -0.0287926

1.39062 -0.0287307
1.40625 -0.0292696

-1.65625 -0.0411098
-1.64062 -0.0415358

-1.64062 -0.0413145
-1.625 -0.0402741

3.00052 -0.09375
3.0006 -0.0625

-1.625 -0.0396804
-1.60938 -0.0388038

-1.60938 -0.0386628
-1.59375 -0.0394195

1.40625 -0.0291911
1.42188 -0.029672

3 -0.0624179
3.00012 -0.0625

3.0625 -0.00586193
3.04621 0

-1.59375 -0.0387975
-1.57812 -0.0427132

1.42188 -0.0299458
1.4375 -0.0299778

3.125 -0.00499914
3.10079 0

1.4375 -0.0303566
1.45312 -0.0286343

1.45312 -0.0282572
1.46875 -0.0247776

3.25 -0.00367867
3.21941 0

3.5 -0.00273579
3.43373 0

-1.5625 -0.0501585
-1.57108 -0.046875

-1.57812 -0.043587
-1.56954 -0.046875

-1.5625 -0.0507071
-1.54688 -0.0547284

-1.54688 -0.0545366
-1.53125 -0.0552938

3.03125 0.0243356
3.02496 0.03125

3.03125 0.035601
3.02309 0.0625

3.03125 0.0187626
3.05459 0

3.02869 0.0625
3.02997 0.09375

3.03125 0.105295
3.02661 0.125

3.03125 0.0908482
3.03135 0.09375

3.03125 0.103974
3.03245 0.09375

3.0625 0.0150274
3.0962 0

-1.53125 -0.0548807
-1.51562 -0.0535836

-1.51562 -0.0533513
-1.5 -0.0512907

1.46875 -0.0240012
1.48438 -0.021071

1.48438 -0.0212913
1.5 -0.0200227

3 0.167736
3.03464 0.125

3 0.193965
3.00539 0.1875

3.125 0.0103209
3.19638 0

3.25 0.00466929
3.36182 0

4 -0.00446896
3.63179 0

3.5 0.000569674
3.54694 0

-1.5 -0.0512158
-1.48438 -0.049006

-1.48438 -0.0489273
-1.46875 -0.0468771

-1.46913 -0.046875
-1.46875 -0.0468249

-1.46875 -0.0469054
-1.46848 -0.046875

-1.46857 -0.046875
-1.45312 -0.0451246

-1.45312 -0.0451514
-1.4375 -0.0435666

-1.4375 -0.0435186
-1.42188 -0.0421632

-1.42188 -0.0420406
-1.40625 -0.0412557

-1.40625 -0.0411639
-1.39062 -0.0413782

-1.39062 -0.0414032
-1.375 -0.04275

-1.375 -0.0428933
-1.35938 -0.0450361

-1.34375 -0.0475006
-1.34794 -0.046875

-1.35938 -0.0452066
-1.3482 -0.046875

-1.34375 -0.0475137
-1.32812 -0.0497482

-1.32812 -0.0498625
-1.3125 -0.0518003

-1.3125 -0.0518609
-1.29688 -0.053152

-1.29688 -0.053144
-1.28125 -0.0536831

-1.28125 -0.0536519
-1.26562 -0.0535175

-1.26562 -0.0534783
-1.25 -0.0528109

-1.25 -0.0527717
-1.23438 -0.0517279

-1.23438 -0.0516941
-1.21875 -0.0504199

-1.21875 -0.0503934
-1.20312 -0.0490093

-1.20312 -0.0489914
-1.1875 -0.0475862

-1.1875 -0.047578
-1.17944 -0.046875

-1.17956 -0.046875
-1.17188 -0.046204

-1.17188 -0.046211
-1.15625 -0.0449126

-1.15625 -0.0449139
-1.14062 -0.0436745

-1.14062 -0.043676
-1.125 -0.0424898

-1.125 -0.0424921
-1.10938 -0.0413517

-1.10938 -0.0413548
-1.09375 -0.0402495

-1.09375 -0.0402533
-1.07812 -0.0391695

-1.07812 -0.0391735
-1.0625 -0.0380955

-1.0625 -0.0380979
-1.04688 -0.0370128

-1.04688 -0.0370133
-1.03125 -0.0359154

-1.03125 -0.035917
-1.01562 -0.0348024

-1.01562 -0.034808
-1 -0.0336622

