-4 -0.00139918
-3.79803 0

-3.68084 0
-3.5 0.00125284

-3.5 -0.00112622
-3.45313 0

-3.25 -0.00134748
-3.23127 0

-3.125 -0.00176784
-3.11534 0

-3.41925 0
-3.25 0.00408225

-3.22612 0
-3.125 0.00780768

-3.11555 0
-3.0625 0.0128947

-3.0625 0.00251883
-3.03125 0.0204914

-3.03125 0.0302917
-3 0.0284835

-3.03125 0.0337476
-3 0.0600608

-3.01757 0.0625
-3.01008 0.09375

-3 0.100272
-3.003 0.125

-3.01287 0.125
-3 0.150655

-2.84375 -0.250868
-2.84798 -0.25

-2.84375 -0.250896
-2.82812 -0.253115

-2.82812 -0.253101
-2.8125 -0.254211

-2.8125 -0.254114
-2.79688 -0.254339

-2.79688 -0.254281
-2.78125 -0.253932

-2.78125 -0.253817
-2.76562 -0.25324

-2.76562 -0.253193
-2.75 -0.252712

-2.9375 -0.191658
-2.94031 -0.1875

-2.96875 -0.125767
-2.96911 -0.125

-2.94246 -0.1875
-2.95109 -0.171875

-2.95312 -0.163447
-2.95062 -0.171875

-2.95312 -0.154252
-2.9599 -0.140625

-2.96875 -0.13446
-2.96487 -0.140625

-2.95312 -0.155326
-2.95267 -0.15625

-2.90625 -0.229956
-2.91926 -0.21875

-2.92188 -0.210442
-2.92756 -0.203125

-2.9375 -0.192703
-2.92944 -0.203125

-2.92188 -0.214062
-2.91789 -0.21875

-2.89062 -0.236017
-2.89365 -0.234375

1.5 0.169835
1.50465 0.171875

1.50387 0.171875
1.51562 0.177034

-2.90625 -0.227495
-2.89402 -0.234375

-2.89062 -0.236949
-2.875 -0.243825

-2.97257 -0.125
-2.98523 -0.09375

-2.98893 -0.09375
-2.9904 -0.078125

-2.9869 -0.078125
-2.98438 -0.0641484

-2.98438 -0.0717642
-2.9827 -0.0625

1.51562 0.176883
1.53125 0.183726

1.53125 0.183533
1.54 0.1875

1.5394 0.1875
1.54688 0.190886

1.54688 0.190863
1.5625 0.198069

0 -0.145581
0.015625 -0.144266

0.015625 -0.144222
0.03125 -0.142873

0.03125 -0.142896
0.046875 -0.141558

0.046875 -0.141858
0.0599446 -0.140625

0.053036 -0.140625
0.0625 -0.139732

-1 -0.219906
-0.984375 -0.21898

0.0625 -0.140043
0.078125 -0.138513

-2.98419 -0.0625
-2.98385 -0.046875

-2.98438 -0.039552
-2.98423 -0.046875

-2.98438 -0.0253052
-2.98528 -0.015625

0.078125 -0.138527
0.09375 -0.137095

-0.984375 -0.218977
-0.98068 -0.21875

-2.98599 -0.015625
-2.98854 0

-2.98438 -0.0307406
-2.98433 -0.03125

0.09375 -0.137085
0.109375 -0.135742

0.109375 -0.135757
0.125 -0.134492

-0.980772 -0.21875
-0.96875 -0.218012

0.125 -0.134502
0.140625 -0.133262

0.140625 -0.133277
0.15625 -0.132013

0.15625 -0.132016
0.171875 -0.130692

0.171875 -0.130698
0.1875 -0.129299

-0.96875 -0.218019
-0.953125 -0.21703

-0.953125 -0.217027
-0.9375 -0.216

-0.9375 -0.215996
-0.921875 -0.214943

-0.921875 -0.21494
-0.90625 -0.213873

-0.90625 -0.21387
-0.890625 -0.212802

-0.890625 -0.212801
-0.875 -0.21174

-0.875 -0.211739
-0.859375 -0.210691

-0.859375 -0.210691
-0.84375 -0.209656

-0.84375 -0.209658
-0.828125 -0.208633

0.1875 -0.129326
0.203125 -0.127785

-0.828125 -0.208635
-0.8125 -0.207613

-2.875 -0.243385
-2.85938 -0.2478

-2.85938 -0.247598
-2.84767 -0.25

0.203125 -0.12769
0.21875 -0.12614

0.21875 -0.126422
0.232685 -0.125

-0.8125 -0.207615
-0.796875 -0.206588

0.226986 -0.125
0.234375 -0.124246

0.234375 -0.124529
0.25 -0.122925

-0.796875 -0.20659
-0.78125 -0.205548

-0.78125 -0.20555
-0.765625 -0.204482

-0.765625 -0.204477
-0.75 -0.203389

0.25 -0.12305
0.265625 -0.121447

0.265625 -0.121384
0.28125 -0.119659

1.5625 0.197771
1.57363 0.203125

-2.75 -0.252649
-2.73438 -0.252484

-2.73438 -0.252462
-2.71875 -0.252781

-2.71875 -0.252741
-2.70312 -0.253667

-2.70312 -0.253702
-2.6875 -0.255246

-2.6875 -0.255295
-2.67188 -0.257286

-2.67188 -0.25738
-2.65625 -0.259533

-2.65625 -0.259639
-2.64062 -0.261552

-2.64062 -0.2617
-2.625 -0.262868

-2.625 -0.262987
-2.60938 -0.262877

-2.60938 -0.262918
-2.59375 -0.26121

-2.59375 -0.260973
-2.57812 -0.258061

-2.57812 -0.257619
-2.5625 -0.254862

-2.5625 -0.254797
-2.54688 -0.253209

-2.54688 -0.253388
-2.53125 -0.25274

-2.53125 -0.252708
-2.51562 -0.252708

-2.51562 -0.252776
-2.5 -0.253354

-2.98995 0
-2.98954 0.015625

-2.98542 0.015625
-2.98529 0.03125

-2.98438 0.0135756
-2.98424 0.015625

-2.98436 0.015625
-2.98423 0.03125

-2.9878 0.03125
-2.99117 0.046875

-2.98695 0.046875
-2.98438 0.0595765

-2.98438 0.057587
-2.98364 0.0625

-2.98438 0.06992
-2.98611 0.078125

-2.99131 0.078125
-2.99511 0.09375

-2.98438 0.0628131
-2.9843 0.0625

-2.98723 0.09375
-2.96875 0.108657

-3 0.151178
-2.96875 0.153011

-3 0.163214
-2.96875 0.170456

-2.96875 0.125402
-2.96874 0.125

-2.9686 0.140625
-2.96365 0.15625

-2.95724 0.15625
-2.96061 0.171875

-2.96875 0.183078
-2.95312 0.176296

-2.95312 0.170898
-2.95296 0.171875

-2.97804 0.1875
-2.96875 0.190345

-2.96875 0.189617
-2.96353 0.1875

-2.96875 0.219191
-2.96794 0.21875

-2.5 -0.253499
-2.48438 -0.254226

-2.48438 -0.254265
-2.46875 -0.254776

-2.46875 -0.254694
-2.45312 -0.255076

-2.45312 -0.254998
-2.4375 -0.255573

-2.4375 -0.255561
-2.42188 -0.256509

-2.42188 -0.256569
-2.40625 -0.257792

0.28125 -0.119642
0.296875 -0.117953

0.296875 -0.117967
0.3125 -0.116322

-0.75 -0.203385
-0.746226 -0.203125

0.3125 -0.116336
0.328125 -0.114681

-2.40625 -0.257856
-2.39062 -0.259106

-2.39062 -0.259158
-2.375 -0.260201

0.328125 -0.114744
0.34375 -0.112924

0.34375 -0.112853
0.359375 -0.110883

0.359375 -0.111053
0.372221 -0.109375

0.368594 -0.109375
0.375 -0.108538

0.375 -0.108693
0.390625 -0.10688

1.57308 0.203125
1.57812 0.205553

-0.746347 -0.203125
-0.734375 -0.2023

1.57812 0.205599
1.59375 0.213398

1.59375 0.213062
1.60474 0.21875

1.6041 0.21875
1.60938 0.221477

1.60938 0.221463
1.625 0.229869

1.625 0.229614
1.63374 0.234375

1.63314 0.234375
1.64062 0.238454

1.64062 0.238381
1.65625 0.246995

1.65625 0.246883
1.66204 0.25

1.66157 0.25
1.67188 0.255541

1.67188 0.25548
1.6875 0.263516

1.6875 0.263334
1.6921 0.265625

1.69184 0.265625
1.70312 0.271253

1.70312 0.271238
1.71875 0.278915

1.71875 0.278643
1.72394 0.28125

1.72363 0.28125
1.73438 0.286654

1.73438 0.286662
1.75 0.294919

1.75 0.294733
1.75388 0.296875

1.75355 0.296875
1.76562 0.303549

1.76562 0.303466
1.78099 0.3125

1.78098 0.3125
1.78125 0.312656

1.78125 0.312921
1.79688 0.322194

1.79688 0.321992
1.8073 0.328125

1.80723 0.328125
1.8125 0.331225

1.8125 0.331412
1.82812 0.340486

1.82812 0.340177
1.83429 0.34375

1.83417 0.34375
1.84375 0.349308

1.84375 0.349308
1.85938 0.358837

1.85938 0.358741
1.8604 0.359375

1.86034 0.359375
1.875 0.36887

1.875 0.368794
1.88385 0.375

1.88371 0.375
1.89062 0.379859

1.89062 0.37991
1.9049 0.390625

1.90491 0.390625
1.90625 0.391641

1.90625 0.391657
1.92188 0.403892

1.92188 0.403896
1.92482 0.40625

1.9248 0.40625
1.9375 0.416622

1.9375 0.416661
1.94371 0.421875

1.94363 0.421875
1.95312 0.429983

1.95312 0.430062
1.96139 0.4375

1.96139 0.4375
1.96875 0.444387

1.96875 0.444413
1.97755 0.453125

1.97764 0.453125
1.98438 0.460212

1.98438 0.460199
1.99205 0.46875

1.99225 0.46875
2 0.478164

0.390625 -0.10713
0.40625 -0.105403

-0.734375 -0.202318
-0.71875 -0.201241

-0.71875 -0.201242
-0.703125 -0.20013

-0.703125 -0.20013
-0.6875 -0.198981

-0.6875 -0.19898
-0.671875 -0.197798

-0.671875 -0.197798
-0.65625 -0.196584

0.40625 -0.105363
0.421875 -0.103302

0.421875 -0.103247
0.4375 -0.101042

1.5625 0.569015
1.5577 0.578125

1.5569 0.578125
1.549 0.59375

1.54688 0.599764
1.54275 0.609375

-2.375 -0.260232
-2.35938 -0.260903

1.54232 0.609375
1.53676 0.625

1.54688 0.600064
1.54958 0.59375

-2.35938 -0.260923
-2.34375 -0.26112

-2.34375 -0.261121
-2.32812 -0.2608

0.4375 -0.101051
0.453125 -0.0987945

0.453125 -0.0988077
0.46875 -0.0964535

1.57812 0.542645
1.5732 0.546875

0.46875 -0.0964265
0.484375 -0.0940024

1.57559 0.546875
1.56321 0.5625

-0.65625 -0.196583
-0.640625 -0.195342

-2.32812 -0.260788
-2.3125 -0.259972

0.484375 -0.0943062
0.488685 -0.09375

1.57812 0.543042
1.59375 0.537939

0.484375 -0.0937138
0.5 -0.0916975

-2.3125 -0.259935
-2.29688 -0.258723

-0.640625 -0.195341
-0.625 -0.194075

-2.29688 -0.258655
-2.28125 -0.257255

-2.28125 -0.257156
-2.26562 -0.255901

-0.625 -0.194074
-0.609375 -0.192786

1.59375 0.540499
1.60938 0.545305

-2.26562 -0.255818
-2.25 -0.255073

1.60938 0.54608
1.61069 0.546875

1.61418 0.546875
1.625 0.556286

1.5625 0.569563
1.56622 0.5625

-0.609375 -0.192785
-0.59375 -0.191477

-0.59375 -0.191477
-0.578125 -0.190152

-2.25 -0.255077
-2.23438 -0.255004

-2.23438 -0.255113
-2.21875 -0.255486

-2.21875 -0.255611
-2.20312 -0.255958

-2.20312 -0.256013
-2.1875 -0.255976

-2.1875 -0.255953
-2.17188 -0.255469

0.5 -0.0920344
0.515625 -0.0903295

1.53673 0.625
1.53333 0.640625

-0.578125 -0.190151
-0.5625 -0.188811

1.5332 0.640625
1.53227 0.65625

1.53221 0.65625
1.5341 0.671875

1.534 0.671875
1.53902 0.6875

1.53871 0.6875
1.54688 0.701648

0.515625 -0.0903938
0.53125 -0.0883516

0.53125 -0.0882824
0.546875 -0.0859127

0.546875 -0.0859059
0.5625 -0.0833608

0.5625 -0.0833001
0.578125 -0.0807144

0.578125 -0.0807082
0.59375 -0.0782158

0.59375 -0.0784707
0.596393 -0.078125

0.59375 -0.0780152
0.609375 -0.0759714

1.54688 0.701993
1.54753 0.703125

0.609375 -0.0763163
0.625 -0.0744325

1.54752 0.703125
1.56158 0.71875

-2.17188 -0.255405
-2.15625 -0.254649

-0.5625 -0.188789
-0.547057 -0.1875

-2.15625 -0.254579
-2.14062 -0.253819

-2.14062 -0.253769
-2.125 -0.253246

0.625 -0.0744295
0.640625 -0.0720803

1.56143 0.71875
1.5625 0.719736

0.640625 -0.0720741
0.65625 -0.0692779

1.625 0.626232
1.61762 0.640625

1.61753 0.640625
1.61093 0.65625

-0.54764 -0.1875
-0.546875 -0.187436

1.60938 0.660809
1.60601 0.671875

-2.125 -0.25323
-2.10938 -0.253077

0.65625 -0.069199
0.671875 -0.066126

1.6025 0.671875
1.60694 0.6875

0.671875 -0.0660844
0.6875 -0.0629755

-2.10938 -0.253098
-2.09375 -0.253302

0.6875 -0.063264
0.692036 -0.0625

-2.09375 -0.253347
-2.07812 -0.253775

1.60938 0.661159
1.61087 0.65625

-0.546875 -0.187478
-0.53125 -0.186268

1.5625 0.719789
1.57812 0.731262

-2.07812 -0.25382
-2.0625 -0.254294

-0.53125 -0.186294
-0.515625 -0.185137

0.688415 -0.0625
0.703125 -0.0600225

1.57812 0.730757
1.58589 0.734375

0.703125 -0.0604181
0.71875 -0.058115

1.58753 0.734375
1.59375 0.737271

0.71875 -0.0582723
0.734375 -0.0554043

-0.515625 -0.185138
-0.5 -0.183984

0.734375 -0.0552883
0.75 -0.051773

-2.0625 -0.254323
-2.04688 -0.254694

-2.04688 -0.254705
-2.03125 -0.254892

-2.03125 -0.254891
-2.01562 -0.254874

-2.01562 -0.254867
-2 -0.254664

1.60851 0.6875
1.60938 0.688575

1.60938 0.688449
1.625 0.701897

0.75 -0.05172
0.765625 -0.0478953

0.765625 -0.0480672
0.771414 -0.046875

1.59375 0.737191
1.60938 0.742969

1.60938 0.74312
1.625 0.748098

1.625 0.557088
1.62906 0.5625

1.6284 0.5625
1.63629 0.578125

1.63734 0.578125
1.63913 0.59375

1.63792 0.59375
1.63393 0.609375

1.63384 0.609375
1.62669 0.625

0.767675 -0.046875
0.78125 -0.0440792

0.78125 -0.0446094
0.796875 -0.042134

1.625 0.625983
1.6255 0.625

-0.5 -0.183984
-0.484375 -0.182834

-0.484375 -0.182834
-0.46875 -0.181686

-0.46875 -0.181687
-0.453125 -0.180539

0.796875 -0.0423616
0.8125 -0.0394996

1.625 0.700456
1.63134 0.703125

1.63256 0.703125
1.64062 0.706517

-0.453125 -0.18054
-0.4375 -0.179389

1.64062 0.706221
1.65625 0.710417

-0.4375 -0.17939
-0.421875 -0.178229

0.8125 -0.0393494
0.828125 -0.0359458

1.625 0.748115
1.6322 0.75

-0.421875 -0.178231
-0.40625 -0.177054

-0.40625 -0.177056
-0.390625 -0.175856

-0.390625 -0.17586
-0.375 -0.174622

1.65625 0.710316
1.67188 0.713385

1.67188 0.713297
1.6875 0.715615

1.6875 0.71558
1.70312 0.717394

0.828125 -0.0360336
0.84375 -0.0322231

0.842955 -0.03125
0.84375 -0.0310562

0.84375 -0.032351
0.848784 -0.03125

1.70312 0.717405
1.71858 0.71875

0.845229 -0.03125
0.859375 -0.0281558

0.859375 -0.0286989
0.875 -0.0258775

1.71848 0.71875
1.71875 0.718773

1.71875 0.718791
1.73438 0.719625

0.875 -0.0260283
0.890625 -0.0227392

-0.375 -0.174629
-0.359375 -0.173332

0.890625 -0.0226975
0.90625 -0.0187223

1.73438 0.719635
1.75 0.719871

-2 -0.254654
-1.98438 -0.254299

-0.359375 -0.173301
-0.34375 -0.171993

1.63313 0.75
1.64062 0.751963

0.90625 -0.018944
0.918611 -0.015625

-1.98438 -0.254289
-1.96875 -0.253825

0.914212 -0.015625
0.921875 -0.0135674

-0.34375 -0.171971
-0.342481 -0.171875

1.64062 0.751911
1.65625 0.755673

-0.342687 -0.171875
-0.328125 -0.170772

-0.328125 -0.170821
-0.3125 -0.169738

-1.96875 -0.253815
-1.95312 -0.253284

-0.3125 -0.169743
-0.296875 -0.168653

1.65625 0.755749
1.67188 0.759375

0.921875 -0.0141855
0.9375 -0.0104535

0.9375 -0.0107595
0.953125 -0.00717878

0.953125 -0.00724653
0.96875 -0.00306957

1.67188 0.759492
1.6875 0.762598

-1.95312 -0.253275
-1.9375 -0.252714

-1.9375 -0.252707
-1.92188 -0.252149

-1.92188 -0.252143
-1.90625 -0.251613

-1.90625 -0.251609
-1.89062 -0.251127

0.96875 -0.00346575
0.980636 0

1.6875 0.762699
1.70312 0.76485

1.70312 0.76486
1.71542 0.765625

1.7154 0.765625
1.71875 0.765833

1.73438 0.765605
1.73106 0.765625

1.71875 0.765769
1.73438 0.765674

1.73438 0.76558
1.75 0.764733

0.975695 0
0.984375 0.0025309

0.984375 0.00185172
1 0.00605639

-1.89062 -0.251124
-1.875 -0.250704

1.78125 0.718572
1.77818 0.71875

1.75 0.719862
1.76562 0.719497

1.76562 0.719474
1.7781 0.71875

-1.875 -0.250703
-1.85938 -0.250351

-1.85938 -0.250354
-1.84375 -0.250068

-0.296875 -0.168651
-0.28125 -0.167546

-0.28125 -0.167546
-0.265625 -0.166429

-1.84375 -0.250072
-1.83892 -0.25

1.78125 0.718545
1.79688 0.717187

1.79688 0.717165
1.8125 0.715446

-0.265625 -0.166429
-0.25 -0.1653

1.8125 0.715429
1.82812 0.713427

-1.83891 -0.25
-1.82812 -0.249838

-1.82812 -0.249845
-1.8125 -0.24964

-1.8125 -0.249646
-1.79688 -0.249443

-1.79688 -0.249448
-1.78125 -0.249223

-1.78125 -0.249225
-1.76562 -0.248965

1.82812 0.713419
1.84375 0.711183

1.84375 0.711179
1.85938 0.708736

-1.76562 -0.248965
-1.75 -0.248663

1.85938 0.70874
1.875 0.706088

-0.25 -0.165301
-0.234375 -0.164158

-0.234375 -0.164159
-0.21875 -0.162997

-1.75 -0.248661
-1.73438 -0.24832

-1.73438 -0.248318
-1.71875 -0.247947

1 0.00583975
1.01562 0.0097485

-1.71875 -0.247945
-1.70312 -0.247554

1.875 0.706099
1.89062 0.703209

-0.21875 -0.162999
-0.203125 -0.161811

1.90625 0.700008
1.89128 0.703125

-1.70312 -0.247552
-1.6875 -0.247149

1.89062 0.703244
1.8912 0.703125

-0.203125 -0.161811
-0.1875 -0.16059

1.01562 0.00961996
1.03125 0.0139231

1.89062 0.749142
1.88457 0.75

1.03125 0.0135733
1.0388 0.015625

-0.1875 -0.160585
-0.171875 -0.159339

1.03478 0.015625
1.04688 0.0189105

-0.171875 -0.159379
-0.15625 -0.158039

1.89062 0.749324
1.90625 0.747458

-1.6875 -0.247148
-1.67188 -0.246741

-0.15625 -0.158059
-0.140625 -0.156506

-1.67188 -0.24674
-1.65625 -0.246336

1.04688 0.018333
1.0625 0.022192

1.90625 0.69998
1.92188 0.696312

1.0625 0.0220815
1.07812 0.0261556

1.92188 0.696335
1.9375 0.69226

1.07812 0.0260072
1.09375 0.0308097

-1.65625 -0.246335
-1.64062 -0.245938

1.90625 0.747555
1.92188 0.745717

-0.140625 -0.156447
-0.138532 -0.15625

1.92188 0.745872
1.9375 0.743558

-1.64062 -0.245938
-1.625 -0.245551

1.96875 0.682217
1.95404 0.6875

1.96875 0.682125
1.98438 0.675426

-1.625 -0.245551
-1.60938 -0.245174

2 0.66769
1.99215 0.671875

-1.60938 -0.245176
-1.59375 -0.244803

1.09328 0.03125
1.09375 0.0313932

1.98438 0.675523
1.99122 0.671875

1.09375 0.0307722
1.09545 0.03125

1.9375 0.692317
1.95312 0.687678

1.09375 0.031558
1.10938 0.0359411

-1.59375 -0.244806
-1.57812 -0.244427

1.10938 0.0353615
1.125 0.0389921

-0.141352 -0.15625
-0.140625 -0.156178

-1.57812 -0.244431
-1.5625 -0.244033

1.95312 0.687788
1.95393 0.6875

-1.5625 -0.244037
-1.54688 -0.243606

-1.54688 -0.243609
-1.53125 -0.243133

1.9375 0.743537
1.95312 0.740476

-0.139802 -0.15625
-0.125 -0.154859

1.95312 0.740432
1.96875 0.736753

-1.53125 -0.243134
-1.51562 -0.242608

1.125 0.0388128
1.14062 0.0431562

1.98438 0.732872
1.9769 0.734375

1.14062 0.0429713
1.15276 0.046875

1.96875 0.736367
1.97866 0.734375

1.14925 0.046875
1.15625 0.0491269

-1.51562 -0.242607
-1.5 -0.242028

1.15625 0.0487857
1.17188 0.0532895

1.17188 0.0528502
1.1875 0.0568921

1.1875 0.056577
1.20312 0.0616659

1.20312 0.0615856
1.20586 0.0625

1.20312 0.0625135
1.21875 0.067744

1.21875 0.0673561
1.23438 0.0718088

1.23438 0.0714238
1.25 0.0764846

-1.5 -0.242027
-1.48438 -0.2414

-1.48438 -0.241397
-1.46875 -0.240734

-1.46875 -0.24073
-1.45312 -0.240041

1.98438 0.733362
2 0.731257

-1.45312 -0.240037
-1.4375 -0.239339

1.75 0.76466
1.76562 0.76339

1.25 0.0763284
1.25534 0.078125

1.25239 0.078125
1.26562 0.0825774

-0.125 -0.154941
-0.109375 -0.153747

1.26562 0.0822175
1.28125 0.086711

1.28125 0.0862716
1.29688 0.0911104

1.29688 0.0908304
1.30512 0.09375

1.30237 0.09375
1.3125 0.0973358

1.3125 0.0971369
1.32812 0.102367

1.32812 0.101826
1.34375 0.107377

1.34375 0.107178
1.34939 0.109375

1.34711 0.109375
1.35938 0.114153

1.76562 0.763342
1.78125 0.761889

1.78125 0.761872
1.79688 0.760369

1.79688 0.760372
1.8125 0.758846

-1.4375 -0.239335
-1.42188 -0.238642

-1.42188 -0.238638
-1.40625 -0.237968

1.35938 0.11397
1.375 0.11959

1.8125 0.758856
1.82812 0.75728

1.82812 0.757279
1.84375 0.755636

1.84375 0.755692
1.85938 0.753871

1.85938 0.753921
1.875 0.751714

1.375 0.11911
1.39044 0.125

-1.40625 -0.237965
-1.39062 -0.23733

-1.39062 -0.237328
-1.375 -0.236741

-1.375 -0.236741
-1.35938 -0.236206

-1.35938 -0.236208
-1.34375 -0.235723

-1.34375 -0.235727
-1.32812 -0.235281

-1.32812 -0.235287
-1.3125 -0.234861

-1.3125 -0.234867
-1.29688 -0.234436

-1.29688 -0.234443
-1.29458 -0.234375

-1.2946 -0.234375
-1.28125 -0.233982

1.875 0.751536
1.88585 0.75

-1.28125 -0.233989
-1.26562 -0.233477

1.39029 0.125
1.39062 0.125129

-0.109375 -0.153777
-0.09375 -0.152655

1.39062 0.125616
1.40625 0.131788

-1.26562 -0.23348
-1.25 -0.232896

1.40625 0.131465
1.42188 0.13741

1.42188 0.137217
1.43025 0.140625

-0.09375 -0.152663
-0.078125 -0.151535

-0.078125 -0.151535
-0.0625 -0.150383

1.42928 0.140625
1.4375 0.14397

1.4375 0.143981
1.45312 0.150321

1.45312 0.149997
1.46805 0.15625

1.46796 0.15625
1.46875 0.15658

1.46875 0.156917
1.48438 0.163575

1.48438 0.163273
1.5 0.169905

-1.25 -0.232897
-1.23438 -0.232232

-1.23438 -0.232231
-1.21875 -0.231486

-1.21875 -0.231483
-1.20312 -0.230666

2 0.478248
2.00482 0.484375

2.00509 0.484375
2.01562 0.499072

2.01562 0.499475
2.01598 0.5

-0.0625 -0.150383
-0.046875 -0.149208

-0.046875 -0.149207
-0.03125 -0.148014

-0.03125 -0.148018
-0.015625 -0.146802

-1.20312 -0.230661
-1.1875 -0.22979

-0.015625 -0.146799
0 -0.145555

-1.1875 -0.229784
-1.17188 -0.22888

-1.17188 -0.228874
-1.15625 -0.227962

-1.15625 -0.227957
-1.14062 -0.227059

-1.14062 -0.227055
-1.125 -0.226189

-1.125 -0.226188
-1.10938 -0.225363

-1.10938 -0.225364
-1.09375 -0.224579

-1.09375 -0.224583
-1.07812 -0.223829

-1.07812 -0.223834
-1.0625 -0.223095

2.96875 -0.187606
2.96872 -0.1875

2.96875 -0.187661
3 -0.187549

-1.0625 -0.2231
-1.04688 -0.222355

2.9687 -0.1875
2.96875 -0.187352

2.96859 -0.171875
2.96875 -0.171719

-1.04688 -0.22236
-1.03125 -0.221588

-1.03125 -0.221592
-1.01562 -0.220777

-1.01562 -0.22078
-1 -0.219909

2.96875 -0.187344
2.99971 -0.1875

2.98438 -0.0783177
3 -0.0827282

2.99161 -0.078125
2.99911 -0.0625

3 -0.0576412
2.99813 -0.046875

2.99782 -0.046875
2.99543 -0.03125

2.99075 -0.03125
3 -0.024818

2.625 0.498389
2.62124 0.5

2.65625 0.480745
2.62639 0.5

2.67188 0.465166
2.66841 0.46875

2.6875 0.450241
2.68212 0.453125

2.67188 0.462439
2.68537 0.453125

2.65625 0.479208
2.67066 0.46875

2.71875 0.437405
2.71859 0.4375

2.75 0.418377
2.71896 0.4375

2.6875 0.45622
2.71875 0.437765

2.71875 0.43767
2.71904 0.4375

2.9375 0.237209
2.92503 0.25

2.9683 0.171875
2.9651 0.1875

3 0.134598
2.98778 0.15625

2.96875 0.181442
2.98065 0.15625

2.96875 0.199898
2.95928 0.21875

2.9375 0.239557
2.95603 0.21875

2.96875 0.1991
2.97411 0.1875

2.8125 0.361239
2.79802 0.375

2.875 0.304365
2.86713 0.3125

2.84375 0.334819
2.8337 0.34375

2.8125 0.367632
2.83969 0.34375

2.84375 0.340502
2.87306 0.3125

2.78125 0.397372
2.76956 0.40625

2.75 0.41939
2.76854 0.40625

2.78125 0.397071
2.80593 0.375

2.90625 0.270131
2.89796 0.28125

2.875 0.310873
2.90045 0.28125

2.90625 0.270489
2.92397 0.25

3 -0.0725166
3.01138 -0.0625

3 -0.0469424
3.01647 -0.03125

3.03125 -0.0177964
3.00845 0

3.0625 -0.00301215
3.04082 0

3.125 -0.000245693
3.12205 0

3.25 -0.000990651
3.23001 0

3.5 -0.00150876
3.39452 0

3.03125 0.00281247
3.01299 0.03125

3.01579 0.03125
3.01197 0.0625

3.03125 0.00346105
3.03896 0

3.01726 0.0625
3.01421 0.09375

3.01262 0.09375
3.00296 0.125

3.0625 0.00651777
3.09778 0

3 0.134491
3.00429 0.125

3.125 0.00322549
3.18153 0

3.25 0.00116488
3.32422 0

4 -0.00194777
3.53775 0

3.5 6.50285e-05
3.51518 0

2.01619 0.5
2.02581 0.515625

2.02591 0.515625
2.03125 0.525866

2.03125 0.526235
2.03387 0.53125

2.03402 0.53125
2.04059 0.546875

2.04067 0.546875
2.04544 0.5625

2.04544 0.5625
2.04688 0.570566

2.04688 0.570528
2.04823 0.578125

2.04835 0.578125
2.04887 0.59375

2.04688 0.609105
2.04684 0.609375

2.04688 0.609761
2.04154 0.625

2.04688 0.608799
2.04896 0.59375

2.04688 0.609417
2.04689 0.609375

2.03125 0.641758
2.01686 0.65625

2 0.667621
2.01562 0.656613

2.01562 0.65715
2.01673 0.65625

2.04186 0.625
2.03202 0.640625

2.03125 0.641452
2.03191 0.640625

2 0.731316
2.01562 0.729561

2.01562 0.729852
2.03125 0.727747

2.0625 0.718363
2.06129 0.71875

2.03125 0.72805
2.0625 0.720764

2.0625 0.718463
2.07812 0.714087

2.07812 0.715173
2.09375 0.712463

2.09375 0.712704
2.10938 0.709008

2.10938 0.708509
2.125 0.704341

2.17188 0.687352
2.17148 0.6875

2.17188 0.687391
2.1875 0.682649

2.125 0.70489
2.15625 0.695411

2.15625 0.695495
2.18301 0.6875

2.1875 0.685404
2.20312 0.681946

2.20312 0.681603
2.21875 0.676976

2.21875 0.677168
2.25 0.666179

2.35938 0.619202
2.34957 0.625

2.35938 0.623454
2.375 0.619419

2.28125 0.649842
2.26926 0.65625

2.25 0.667159
2.27569 0.65625

2.28125 0.650144
2.29688 0.644123

2.29688 0.643432
2.3125 0.642821

2.3125 0.648597
2.34375 0.63786

2.34375 0.631231
2.35726 0.625

2.375 0.621201
2.40625 0.607617

2.42188 0.593465
2.42132 0.59375

2.4375 0.590589
2.42883 0.59375

2.40625 0.603392
2.42686 0.59375

2.5 0.559907
2.49463 0.5625

2.4375 0.591505
2.46875 0.578826

2.46875 0.578675
2.5 0.564032

2.53125 0.547812
2.50278 0.5625

2.5625 0.529562
2.55843 0.53125

2.53125 0.546547
2.5625 0.531436

2.5 0.564011
2.50294 0.5625

2.59375 0.517312
2.56788 0.53125

2.5625 0.533699
2.56706 0.53125

2.59375 0.513604
2.61815 0.5

2.625 0.500701
2.62629 0.5

