-4 -0.00548701
-3.62538 0

-3.51319 0
-3.5 0.000193159

1.5 -0.197463
1.51562 -0.196533

1.51562 -0.19651
1.53125 -0.19549

1.53125 -0.195469
1.54688 -0.194445

1.54688 -0.19442
1.5625 -0.193484

-3.5 -0.00286614
-3.44019 0

-3.25 -0.00382571
-3.22399 0

-3.125 -0.00491632
-3.10716 0

-3 -0.077931
-3.00125 -0.0625

-3.0625 -0.00102192
-3.05991 0

-3.0013 -0.0625
-3 -0.0594561

-3.03125 -0.0019888
-3.02545 0

-3.3951 0
-3.25 0.00696326

1.5625 -0.193447
1.57812 -0.192723

1.57812 -0.19268
1.59375 -0.192328

-3.21284 0
-3.125 0.0135902

1.59375 -0.1923
1.60938 -0.192463

1.60938 -0.192476
1.625 -0.193184

-3.10197 0
-3.0625 0.0211229

1.625 -0.193243
1.64062 -0.19435

0 -0.0425053
0.015625 -0.0444085

-3.0625 0.00545409
-3.03155 0.03125

-3.0447 0.03125
-3.03125 0.0616634

1.64062 -0.194416
1.65625 -0.195674

0.03125 -0.0499147
0.0194745 -0.046875

1.65625 -0.195711
1.67188 -0.196913

-3.03125 0.025452
-3.02587 0.03125

-3.03125 0.0603728
-3.03048 0.0625

-3.03704 0.0625
-3.03328 0.09375

-3.04196 0.09375
-3.03125 0.118813

-3.03125 0.0814106
-3.02714 0.09375

1.67188 -0.196932
1.6875 -0.197965

0.015625 -0.0445728
0.0245436 -0.046875

0.03125 -0.0499735
0.046875 -0.0530739

0.046875 -0.0528721
0.0625 -0.0542563

1.6875 -0.197979
1.70312 -0.198774

1.70312 -0.198772
1.71875 -0.199305

1.71875 -0.199285
1.73438 -0.199597

1.73438 -0.199575
1.75 -0.199748

0.0625 -0.0540302
0.078125 -0.0545541

0.078125 -0.0544037
0.09375 -0.0548203

0.09375 -0.0546789
0.109375 -0.0555719

1.75 -0.199727
1.76562 -0.199844

1.76562 -0.19982
1.78125 -0.199974

1.78125 -0.199947
1.79688 -0.20024

1.79688 -0.200225
1.8125 -0.200738

1.8125 -0.200744
1.82812 -0.201495

0.109375 -0.0553904
0.125 -0.0574056

0.15625 -0.0647414
0.144654 -0.0625

0.15625 -0.0644222
0.171875 -0.0659707

0.171875 -0.06571
0.1875 -0.0665989

0.125 -0.057491
0.140625 -0.0608208

0.140625 -0.061213
0.147283 -0.0625

0.1875 -0.0664578
0.203125 -0.0674907

0.203125 -0.0674224
0.21875 -0.0690183

0.21875 -0.0690314
0.234375 -0.0713007

-3.03125 0.110391
-3.00865 0.125

-3.01947 0.125
-3 0.149503

1.82812 -0.201527
1.84375 -0.202437

1.85938 -0.203406
1.85456 -0.203125

1.84375 -0.20248
1.85483 -0.203125

1.85938 -0.203411
1.875 -0.204193

1.875 -0.204185
1.89062 -0.204822

1.89062 -0.204812
1.90625 -0.205339

1.90625 -0.205335
1.92188 -0.205779

1.92188 -0.205779
1.9375 -0.206149

1.9375 -0.206143
1.95312 -0.206453

0.234375 -0.0713883
0.25 -0.0741295

1.95312 -0.20644
1.96875 -0.206727

0.25 -0.0742848
0.265625 -0.0770121

1.96875 -0.206713
1.98438 -0.207029

0.28125 -0.0793263
0.272611 -0.078125

0.265625 -0.0770962
0.273023 -0.078125

0.28125 -0.0791001
0.296875 -0.080888

0.296875 -0.0808094
0.3125 -0.0827691

-3 -0.0828239
-2.98438 -0.0810967

-3 -0.0742231
-2.98438 -0.0770534

-3 -0.0622201
-2.99874 -0.0625

-3 -0.0324757
-2.98438 -0.0316845

-0.5625 -0.00216277
-0.573029 0

-0.5625 -0.00213434
-0.546875 -0.00463157

-0.546875 -0.00456656
-0.53125 -0.00643713

-0.53125 -0.00628867
-0.515625 -0.00795949

-0.515625 -0.00775845
-0.5 -0.00992852

-1 0.060422
-0.984375 0.0583139

-0.984375 0.0589441
-0.96875 0.0603815

-0.96875 0.0607048
-0.957988 0.0625

-1 0.062658
-0.998829 0.0625

-0.961416 0.0625
-0.953125 0.063883

-0.953125 0.0641762
-0.9375 0.0655748

-0.90625 0.0608855
-0.917812 0.0625

-0.890625 0.0573338
-0.902579 0.0625

0.3125 -0.082811
0.328125 -0.0850159

-0.875 0.0379153
-0.883851 0.046875

0.328125 -0.0850148
0.34375 -0.0873833

0.34375 -0.0873264
0.359375 -0.0899746

1.98438 -0.207016
2 -0.207414

0.359375 -0.0900267
0.375 -0.0929643

0.390625 -0.0959469
0.3784 -0.09375

-3 -0.0169461
-2.98438 -0.0169461

-3 -0.00103729
-2.98438 -0.00103729

-0.890625 0.0584781
-0.877977 0.046875

-0.9375 0.0656301
-0.921875 0.0644615

-0.921875 0.0641653
-0.909949 0.0625

-0.90625 0.0638183
-0.902493 0.0625

0.390625 -0.0959415
0.40625 -0.0982812

0.375 -0.0930644
0.378815 -0.09375

0.40625 -0.0981907
0.421875 -0.10022

0.421875 -0.0999997
0.4375 -0.102338

-3 0.0148608
-2.98438 0.012518

-3 0.0289782
-2.98438 0.02363

-2.98438 0.0207384
-2.98028 0.03125

-2.98655 0.03125
-2.99629 0.046875

-2.98438 0.0484286
-2.99921 0.0625

-2.98345 0.03125
-2.98304 0.046875

-2.98414 0.046875
-2.98369 0.0625

-3 0.0703794
-2.98438 0.0684703

-3 0.0896986
-2.98438 0.0902869

-2.98438 0.0693382
-2.98305 0.078125

-3 0.101473
-2.96875 0.11737

-2.96875 0.123814
-2.96809 0.125

-2.9788 0.125
-2.96875 0.146988

-2.99705 0.15625
-2.98437 0.1875

-2.96598 0.125
-2.96255 0.140625

-2.963 0.140625
-2.96803 0.15625

-2.96769 0.15625
-2.96357 0.171875

-2.96875 0.176319
-2.95312 0.178956

-2.95312 0.167677
-2.9498 0.171875

0.4375 -0.102295
0.453125 -0.10547

0.46875 -0.109421
0.468548 -0.109375

0.453125 -0.105758
0.46875 -0.109282

0.484375 -0.112543
0.469034 -0.109375

0.46875 -0.109305
0.469089 -0.109375

2 -0.207398
2.01562 -0.207937

2.01562 -0.207924
2.03125 -0.20866

2.03125 -0.208661
2.04688 -0.209619

-2.95111 0.171875
-2.94643 0.1875

-0.859375 0.0302378
-0.861425 0.03125

0.484375 -0.112322
0.5 -0.115623

-0.859375 0.0303213
-0.84375 0.0275

-2.98264 0.1875
-2.96875 0.19803

-0.875 0.0384061
-0.863887 0.03125

-0.84375 0.0282104
-0.828125 0.0279613

-0.828125 0.0282124
-0.8125 0.0286126

-0.8125 0.0286987
-0.796875 0.029074

-0.796875 0.0291133
-0.78125 0.0292127

-0.78125 0.0291577
-0.765625 0.0290125

0.546875 -0.126645
0.539473 -0.125

-2.96374 0.1875
-2.9375 0.213361

2.04688 -0.209641
2.0625 -0.210777

-2.95104 0.21875
-2.9375 0.234891

0.546875 -0.126575
0.5625 -0.130006

2.0625 -0.210816
2.07812 -0.212008

-0.765625 0.0289814
-0.75 0.0287639

-2.9375 0.209062
-2.92855 0.21875

0.5625 -0.130023
0.578125 -0.133487

0.578125 -0.133521
0.59375 -0.136916

2.07812 -0.212077
2.09375 -0.213107

0.59375 -0.136951
0.609375 -0.140141

-2.93243 0.21875
-2.90625 0.249125

-0.75 0.0287852
-0.734375 0.0285149

0.625 -0.143045
0.611927 -0.140625

-2.94656 0.25
-2.9375 0.259388

-0.734375 0.0286478
-0.71875 0.0280165

-0.71875 0.0281311
-0.703125 0.0266438

-0.703125 0.0265066
-0.6875 0.0242082

2.09375 -0.213351
2.10938 -0.213593

-0.6875 0.0241444
-0.671875 0.0214372

2.10938 -0.213908
2.125 -0.212244

0.609375 -0.140156
0.61191 -0.140625

2.125 -0.211806
2.14062 -0.208478

-2.92194 0.25
-2.90625 0.264622

-0.671875 0.0214732
-0.65625 0.018413

0.5 -0.115688
0.515625 -0.119374

-0.640625 0.0150305
-0.643446 0.015625

-2.90625 0.251673
-2.89062 0.264322

-0.65625 0.0183154
-0.643484 0.015625

-2.89168 0.265625
-2.89062 0.266276

-0.640625 0.0150407
-0.625 0.0116732

-2.89062 0.261323
-2.88632 0.265625

2.14062 -0.207483
2.15625 -0.20536

-2.89025 0.265625
-2.87571 0.28125

-2.87623 0.28125
-2.875 0.282238

-2.875 0.284896
-2.85938 0.296667

-2.86012 0.296875
-2.85938 0.297254

-2.84375 0.295642
-2.85383 0.296875

-2.85938 0.298504
-2.84575 0.296875

-2.8125 0.279686
-2.8195 0.28125

-2.84375 0.290995
-2.82812 0.283112

-2.82812 0.283158
-2.81959 0.28125

-2.8125 0.280935
-2.79688 0.279208

-2.79688 0.278531
-2.78125 0.277404

-2.78125 0.278036
-2.76562 0.277597

-2.76562 0.277286
-2.75 0.276896

0.515625 -0.119505
0.53125 -0.123186

2.15625 -0.205662
2.17188 -0.206131

0.53125 -0.123142
0.53961 -0.125

-0.625 0.0116464
-0.609375 0.00822437

2.17188 -0.206519
2.1875 -0.208202

0.625 -0.143028
0.640625 -0.145632

0.640625 -0.145624
0.65625 -0.147991

0.65625 -0.14797
0.671875 -0.150156

0.671875 -0.150129
0.6875 -0.152229

0.71875 -0.15637
0.717862 -0.15625

-2.75 0.27703
-2.73438 0.277044

2.1875 -0.208309
2.20312 -0.210216

-2.73438 0.277177
-2.71875 0.277058

0.6875 -0.152219
0.703125 -0.154309

-2.71875 0.276949
-2.70312 0.276649

-0.609375 0.00823766
-0.59375 0.00478815

-0.59375 0.00479144
-0.578125 0.0012813

-0.578125 0.00119185
-0.572323 0

2.20312 -0.210478
2.21875 -0.211871

2.21875 -0.212049
2.23438 -0.212047

0.703125 -0.154308
0.717537 -0.15625

0.71875 -0.156417
0.734375 -0.158533

0.734375 -0.158553
0.75 -0.160627

-2.70312 0.276632
-2.6875 0.276402

-2.6875 0.276345
-2.67188 0.276335

-0.5 -0.00990876
-0.484375 -0.0130197

-2.67188 0.276406
-2.65625 0.276589

-2.65625 0.276621
-2.64062 0.276796

-2.64062 0.276806
-2.625 0.276888

0.75 -0.160629
0.765625 -0.162615

-2.625 0.27689
-2.60938 0.276854

-2.60938 0.276849
-2.59375 0.276701

-2.59375 0.276714
-2.57812 0.276439

-2.57812 0.276441
-2.5625 0.27601

2.23438 -0.212059
2.25 -0.21028

-0.46875 -0.0168788
-0.474166 -0.015625

2.25 -0.209821
2.26562 -0.207158

-0.484375 -0.013254
-0.474134 -0.015625

-2.5625 0.276016
-2.54688 0.27541

-2.54688 0.275413
-2.53125 0.274618

-2.53125 0.274622
-2.51562 0.273623

-2.51562 0.273627
-2.5 0.272409

2.26562 -0.20683
2.28125 -0.204857

2.28125 -0.204554
2.29688 -0.204532

2.29688 -0.204981
2.3125 -0.206619

-0.46875 -0.0169291
-0.453125 -0.0204686

-0.453125 -0.0204301
-0.4375 -0.0238581

2.34375 -0.219111
2.34296 -0.21875

2.3125 -0.206034
2.32812 -0.209605

2.32812 -0.209375
2.34375 -0.216491

0.765625 -0.16261
0.78125 -0.164516

0.78125 -0.164538
0.796875 -0.16633

0.796875 -0.166372
0.8125 -0.167924

0.8125 -0.167946
0.828125 -0.169131

0.828125 -0.169115
0.84375 -0.169917

0.84375 -0.16988
0.859375 -0.170404

0.859375 -0.170378
0.875 -0.170749

-2.3125 0.249826
-2.3143 0.25

2.34375 -0.218782
2.35938 -0.225321

2.35938 -0.224697
2.375 -0.227344

0.875 -0.170743
0.890625 -0.171026

0.890625 -0.171015
0.90625 -0.171243

0.90625 -0.171214
0.921875 -0.171466

0.921875 -0.171429
0.9375 -0.171835

0.953125 -0.172509
0.939286 -0.171875

0.9375 -0.171807
0.938988 -0.171875

0.953125 -0.172553
0.96875 -0.173576

0.96875 -0.17363
0.984375 -0.174768

0.984375 -0.174794
1 -0.175888

-2.3125 0.249798
-2.29688 0.248601

-2.29688 0.248568
-2.28125 0.247794

-2.28125 0.247754
-2.26562 0.247545

2.375 -0.227433
2.39062 -0.227257

2.39062 -0.227403
2.40625 -0.223933

2.40625 -0.223455
2.41991 -0.21875

2.41582 -0.21875
2.42188 -0.216667

2.42188 -0.216494
2.4375 -0.213319

2.46875 -0.221408
2.46225 -0.21875

2.4375 -0.213235
2.45312 -0.214874

2.45312 -0.214969
2.46237 -0.21875

-2.26562 0.247513
-2.25 0.248012

-2.5 0.272412
-2.48438 0.270965

-2.48438 0.270963
-2.46875 0.269286

-2.46875 0.26928
-2.45312 0.267388

-2.4375 0.26534
-2.4397 0.265625

-2.45312 0.26735
-2.43979 0.265625

1 -0.175887
1.01562 -0.176888

1.01562 -0.176883
1.03125 -0.177803

2.46875 -0.222587
2.48438 -0.231086

1.03125 -0.177797
1.04688 -0.178657

1.04688 -0.178656
1.0625 -0.179473

1.0625 -0.179461
1.07812 -0.180262

1.07812 -0.18025
1.09375 -0.181083

2.5 -0.238526
2.49043 -0.234375

-2.4375 0.265322
-2.42188 0.263262

1.09375 -0.181062
1.10938 -0.181991

1.10938 -0.181982
1.125 -0.183069

1.1875 -0.188022
1.18048 -0.1875

1.125 -0.183102
1.14062 -0.1843

1.14062 -0.184281
1.15625 -0.185562

1.15625 -0.185623
1.17188 -0.1869

1.17188 -0.186925
1.17961 -0.1875

1.1875 -0.18803
1.20312 -0.189138

1.20312 -0.189131
1.21875 -0.190251

1.21875 -0.190246
1.23438 -0.191405

1.23438 -0.191404
1.25 -0.192614

-2.42188 0.263263
-2.40625 0.261179

-2.40625 0.261168
-2.39062 0.259078

1.25 -0.192623
1.26562 -0.193869

1.26562 -0.193888
1.28125 -0.195115

1.28125 -0.195137
1.29688 -0.196265

1.29688 -0.196276
1.3125 -0.197238

-0.4375 -0.0237691
-0.421875 -0.0273407

-0.421875 -0.0274206
-0.40625 -0.031154

-0.390625 -0.0349199
-0.405722 -0.03125

-0.390625 -0.0350216
-0.375 -0.038746

-0.40625 -0.0311557
-0.405862 -0.03125

1.3125 -0.197233
1.32812 -0.198016

-0.375 -0.0387478
-0.359375 -0.0421933

1.32812 -0.198012
1.34375 -0.198634

2.48438 -0.231867
2.49016 -0.234375

-0.359375 -0.0419671
-0.34375 -0.0455826

1.34375 -0.198641
1.35938 -0.199099

-0.328125 -0.0497754
-0.339485 -0.046875

-2.39062 0.259069
-2.375 0.257011

-2.375 0.257002
-2.35938 0.255011

-2.35938 0.255001
-2.34375 0.253111

-2.34375 0.253098
-2.32812 0.251358

-2.32812 0.251333
-2.31437 0.25

-0.34375 -0.0455269
-0.33847 -0.046875

2.5 -0.239235
2.51562 -0.241561

2.51562 -0.241424
2.53125 -0.238241

1.35938 -0.199109
1.375 -0.199369

2.53125 -0.237688
2.54011 -0.234375

2.53652 -0.234375
2.54688 -0.230503

1.375 -0.199368
1.39062 -0.199409

1.39062 -0.199383
1.40625 -0.199258

1.40625 -0.199218
1.42188 -0.199058

2.54688 -0.230876
2.5625 -0.22542

1.42188 -0.199047
1.4375 -0.198951

1.4375 -0.198987
1.45312 -0.198904

1.45312 -0.198947
1.46875 -0.198719

1.46875 -0.198733
1.48438 -0.198246

2.5625 -0.225879
2.57812 -0.220361

2.57812 -0.220551
2.58355 -0.21875

1.48438 -0.198232
1.5 -0.197486

-2.25 0.248007
-2.23438 0.249289

-2.23438 0.249326
-2.22904 0.25

2.58019 -0.21875
2.59375 -0.214253

-2.01562 0.245383
-2.03113 0.25

2.59375 -0.214652
2.60938 -0.210852

-0.328125 -0.0497052
-0.3125 -0.0538023

-2.01562 0.245606
-2 0.240048

-0.28125 -0.0645103
-0.287418 -0.0625

-0.28125 -0.0646499
-0.265625 -0.0675136

-0.265625 -0.0671721
-0.25 -0.0677357

-0.3125 -0.0534026
-0.296875 -0.058389

-0.296875 -0.0590475
-0.286283 -0.0625

2.60938 -0.211184
2.625 -0.207837

2.625 -0.207836
2.64062 -0.20428

2.64062 -0.204828
2.649 -0.203125

2.64277 -0.203125
2.65625 -0.200385

-0.25 -0.0675651
-0.234375 -0.0668526

-0.234375 -0.0667884
-0.21875 -0.0652694

-0.21875 -0.0651937
-0.203125 -0.0631481

-0.203125 -0.0630929
-0.19919 -0.0625

-0.198993 -0.0625
-0.1875 -0.0607681

-0.1875 -0.0606505
-0.171875 -0.058273

-0.171875 -0.0582763
-0.15625 -0.0560893

-0.15625 -0.0561528
-0.140625 -0.0540226

-0.140625 -0.054029
-0.125 -0.0518158

2.65625 -0.201006
2.67188 -0.198409

-0.125 -0.0517298
-0.109375 -0.0495928

-2.2292 0.25
-2.21875 0.251321

-2.21875 0.251385
-2.20312 0.253812

-2.20312 0.253907
-2.1875 0.256451

-2.1875 0.25654
-2.17188 0.258833

-2.17188 0.258883
-2.15625 0.260648

-2.15625 0.260663
-2.14062 0.261772

-2.14062 0.261769
-2.125 0.262196

-2.125 0.262193
-2.10938 0.26195

-2.10938 0.26195
-2.09375 0.261044

-2.09375 0.261047
-2.07812 0.259473

-2.07812 0.259491
-2.0625 0.257206

-2.0625 0.257244
-2.04688 0.254136

-2.04688 0.254129
-2.03125 0.250139

-2.03125 0.250115
-2.03086 0.25

-0.109375 -0.049485
-0.09375 -0.0478118

-0.09375 -0.0477975
-0.0788468 -0.046875

-0.078125 -0.046934
-0.0761117 -0.046875

-0.0757568 -0.046875
-0.0625 -0.0464867

-0.0625 -0.046614
-0.046875 -0.046185

-0.046875 -0.04624
-0.03125 -0.0454721

-0.03125 -0.0454384
-0.015625 -0.0442889

2.67188 -0.198773
2.6875 -0.195638

2.6875 -0.195386
2.70312 -0.191489

-0.015625 -0.0439086
0 -0.0432052

2.70312 -0.191832
2.71875 -0.187786

2.71875 -0.189288
2.72851 -0.1875

2.73438 -0.187888
2.73709 -0.1875

2.71182 -0.1875
2.71875 -0.185706

2.71875 -0.186218
2.73438 -0.183354

2.73438 -0.184766
2.75 -0.182531

2.75 -0.182697
2.76562 -0.179052

2.76562 -0.179214
2.78125 -0.173595

2.78017 -0.171875
2.78125 -0.171487

2.78125 -0.174173
2.78864 -0.171875

2.78125 -0.171522
2.79688 -0.166664

-1.98438 0.233505
-1.98655 0.234375

-2 0.239717
-1.98665 0.234375

-1.98438 0.23369
-1.96875 0.226952

2.79688 -0.167462
2.8125 -0.165888

-1.9375 0.212154
-1.95113 0.21875

2.8125 -0.166565
2.82812 -0.166414

2.82812 -0.166622
2.84375 -0.166125

2.84375 -0.166358
2.85938 -0.164633

2.85938 -0.165288
2.875 -0.160558

-1.96875 0.226727
-1.95312 0.219517

2.875 -0.161525
2.88438 -0.15625

2.88086 -0.15625
2.89062 -0.15049

2.89062 -0.150708
2.90528 -0.140625

2.89991 -0.140625
2.90625 -0.136373

2.90625 -0.142144
2.90995 -0.140625

2.90625 -0.137378
2.92188 -0.13134

2.92188 -0.13271
2.9375 -0.132122

2.96875 -0.219213
2.96829 -0.21875

2.96807 -0.21875
2.96875 -0.218692

-1.95312 0.219397
-1.95179 0.21875

-1.90625 0.151728
-1.9081 0.15625

-1.90685 0.15625
-1.90625 0.158315

-1.89062 0.140947
-1.90422 0.15625

-1.89062 0.147909
-1.875 0.141809

2.96875 -0.219434
2.96881 -0.21875

2.9375 -0.131946
2.95312 -0.13478

2.95312 -0.143867
2.96524 -0.140625

2.95437 -0.140625
2.96875 -0.132375

2.96875 -0.125107
2.96886 -0.125

-1.90466 0.15625
-1.89471 0.171875

2.96977 -0.125
2.98995 -0.09375

2.98438 -0.076189
2.98102 -0.0625

2.99125 -0.09375
2.99165 -0.078125

2.98849 -0.078125
2.98456 -0.0625

2.984 -0.0625
2.98357 -0.046875

-1.89062 0.167529
-1.87949 0.171875

-1.9375 0.211882
-1.92188 0.204107

2.98407 -0.046875
2.98434 -0.03125

2.98422 -0.03125
2.98438 -0.0203685

2.98438 -0.0149328
2.98495 0

-1.90625 0.197006
-1.92059 0.203125

-1.92188 0.203815
-1.92026 0.203125

-1.90625 0.196747
-1.89062 0.192579

-1.89062 0.193028
-1.875 0.191004

2.73438 0.203316
2.73457 0.203125

-1.875 0.140559
-1.87415 0.140625

-1.8747 0.140625
-1.85938 0.143502

-1.85938 0.142712
-1.84375 0.151896

-1.875 0.171397
-1.85938 0.16851

2.98438 0.0196961
2.98377 0.03125

2.98527 0
2.98577 0.015625

2.98623 0.015625
2.98541 0.03125

2.98425 0.03125
2.98351 0.046875

2.98407 0.046875
2.98414 0.0625

2.98398 0.0625
2.98407 0.078125

2.98399 0.078125
2.98438 0.08376

2.98418 0.09375
2.99219 0.125

2.9375 0.204799
2.92841 0.21875

2.92887 0.21875
2.92538 0.25

2.95312 0.140125
2.96875 0.140125

2.96875 0.148131
2.95561 0.15625

-1.85938 0.167438
-1.84375 0.16637

-1.84375 0.181872
-1.84567 0.1875

-1.84375 0.153929
-1.83469 0.15625

-1.84375 0.162704
-1.82972 0.15625

-1.84375 0.183922
-1.84025 0.171875

2.95312 0.164866
2.94724 0.171875

2.95193 0.171875
2.94356 0.1875

2.96875 0.160498
2.95884 0.171875

2.96352 0.171875
2.95431 0.1875

2.9878 0.125
2.99136 0.15625

-1.82812 0.156738
-1.8125 0.156291

-1.875 0.191681
-1.85938 0.189549

2.99604 0.15625
2.99158 0.1875

2.9503 0.1875
2.93872 0.21875

2.96875 0.225573
2.94442 0.25

2.96875 0.217091
2.98302 0.1875

-1.85938 0.190725
-1.85358 0.1875

-1.8125 0.157243
-1.79688 0.160618

-1.79688 0.16107
-1.78125 0.165459

2.96875 0.228463
2.97176 0.21875

2.875 0.296585
2.8629 0.296875

-1.78125 0.165704
-1.76562 0.169709

-1.76562 0.169898
-1.75457 0.171875

-1.75416 0.171875
-1.75 0.17262

2.85938 0.300383
2.875 0.300383

2.89062 0.264386
2.88984 0.265625

2.8898 0.265625
2.89062 0.271807

2.90625 0.259278
2.89414 0.265625

2.89062 0.270013
2.90625 0.2766

2.9045 0.28125
2.90625 0.281811

2.90895 0.25
2.9375 0.272343

-1.625 0.092917
-1.62676 0.09375

-1.64062 0.0982546
-1.64969 0.109375

2.9375 0.266609
2.9832 0.25

3 -0.0797198
3.00118 -0.0625

3 -0.0486384
3.00064 -0.0625

3 -0.00253802
3.00194 0

-1.64903 0.109375
-1.64942 0.125

-1.64062 0.102297
-1.62836 0.09375

3.0625 -0.00538702
3.04735 0

3.125 -0.00766858
3.09087 0

3.25 -0.00595943
3.20857 0

3.5 -0.00409197
3.41373 0

3.03125 0.0233576
3.01386 0.03125

3.03117 0.03125
3.03125 0.0320853

3.03125 0.0209508
3.05524 0

-1.64062 0.111534
-1.64043 0.109375

-1.75 0.172843
-1.73438 0.173752

3.03473 0.03125
3.03173 0.0625

3.03125 0.12476
3.03072 0.125

3.0349 0.0625
3.04057 0.09375

3.04934 0.09375
3.03981 0.125

3.0625 0.0151747
3.08983 0

-1.73438 0.173901
-1.71875 0.172283

-1.70312 0.167802
-1.71727 0.171875

3 0.164247
3.03103 0.125

3.125 0.0112517
3.19389 0

3.25 0.00529468
3.36079 0

-1.71875 0.172404
-1.71691 0.171875

-1.70312 0.167733
-1.6875 0.16045

-1.67188 0.151395
-1.68194 0.15625

-1.67188 0.152514
-1.65625 0.145508

-1.6875 0.159746
-1.68026 0.15625

-1.64062 0.13123
-1.64432 0.140625

4 -0.00636815
3.55706 0

-1.65625 0.147443
-1.6472 0.140625

-1.64062 0.134387
-1.6391 0.125

-1.60938 0.0886357
-1.62374 0.09375

-1.60938 0.088826
-1.59375 0.0830347

-1.57812 0.0767167
-1.58172 0.078125

-1.59375 0.0828899
-1.58159 0.078125

-1.57812 0.0766936
-1.5625 0.0706722

-1.53125 0.0593847
-1.54023 0.0625

-1.53125 0.0593898
-1.51562 0.0544705

-1.51562 0.0544597
-1.5 0.0500155

-1.5625 0.0706756
-1.54688 0.0648722

-1.54688 0.06476
-1.54036 0.0625

-1.48438 0.0462047
-1.48719 0.046875

-1.5 0.0498949
-1.4873 0.046875

-1.48438 0.0461982
-1.46875 0.0434149

-1.46875 0.0434025
-1.45312 0.0415483

-1.45312 0.0415394
-1.4375 0.0406571

-1.4375 0.0406687
-1.42188 0.0407528

-1.42188 0.0407954
-1.40625 0.0417376

-1.40625 0.0418251
-1.39062 0.0433652

-1.39062 0.0434883
-1.375 0.0452053

-1.375 0.0453287
-1.35938 0.0467296

-1.35938 0.0467647
-1.35668 0.046875

-1.35844 0.046875
-1.34375 0.0474771

-1.32812 0.0468654
-1.32857 0.046875

-1.34375 0.0474789
-1.32812 0.0471406

-1.3125 0.0459553
-1.32753 0.046875

-1.32812 0.0471487
-1.32365 0.046875

-1.3125 0.0457623
-1.29688 0.0450312

-1.29688 0.0446079
-1.28125 0.0454117

-1.28125 0.0448202
-1.27337 0.046875

-1.27443 0.046875
-1.26562 0.049172

-1.26562 0.0484934
-1.25 0.0578219

-1.25 0.0574067
-1.2438 0.0625

-1.24741 0.0625
-1.23438 0.0725011

-1.23438 0.0733277
-1.22495 0.078125

-1.22423 0.078125
-1.21875 0.0807379

-1.21875 0.0802897
-1.20312 0.0828613

-1.20312 0.0823523
-1.1875 0.0822081

-1.1875 0.0820221
-1.17188 0.0805521

-1.17188 0.0804559
-1.15625 0.0782246

-1.14062 0.0754359
-1.15576 0.078125

-1.15625 0.0782167
-1.15573 0.078125

-1.14062 0.0753505
-1.125 0.072223

-1.125 0.0720713
-1.10938 0.0690672

-1.10938 0.0689023
-1.09375 0.0666548

-1.09375 0.0665781
-1.07812 0.0655707

-1.07812 0.0656671
-1.0625 0.0658602

-1 0.0603755
-1.00922 0.0625

-1.0625 0.0661556
-1.04688 0.0667658

-1.04688 0.0669554
-1.03125 0.0670129

-1.03125 0.0673522
-1.01562 0.0657996

-1.01562 0.0663061
-1 0.0627052

