-4 -0.00536889
-3.61614 0

1.5 -0.221753
1.51562 -0.223403

1.51562 -0.223386
1.53125 -0.224873

1.53125 -0.224893
1.54688 -0.226211

1.54688 -0.226222
1.5625 -0.227309

-3.5 -0.00303738
-3.43368 0

-3.25 -0.00422382
-3.2202 0

-3.125 -0.00558848
-3.10413 0

-3 -0.0690988
-3.00048 -0.0625

-3.0625 -0.000799343
-3.06041 0

1.5625 -0.227309
1.57812 -0.228144

1.57812 -0.228138
1.59375 -0.228734

1.59375 -0.228717
1.60938 -0.229118

-3.00082 -0.0625
-3 -0.0598019

-3.03125 -0.00186989
-3.02613 0

1.60938 -0.22911
1.625 -0.229365

-3.39217 0
-3.25 0.00652579

-3.21036 0
-3.125 0.012735

-3.10075 0
-3.0625 0.0198858

-3.0625 0.00419103
-3.03125 0.0296567

-3.04225 0.03125
-3.03125 0.0578419

0 -0.093996
0.015625 -0.0971304

0.015625 -0.0969254
0.03125 -0.0998794

0.03125 -0.0997306
0.046875 -0.103212

0.046875 -0.103324
0.0625 -0.107406

1.625 -0.22936
1.64062 -0.229496

1.64062 -0.229479
1.65625 -0.22954

1.65625 -0.229477
1.67188 -0.229625

-0.640625 -0.00124284
-0.65272 0

1.67188 -0.229569
1.6875 -0.230041

-0.640625 -0.00124044
-0.625 -0.00307206

-3.03125 0.0247568
-3.02583 0.03125

-3.03125 0.0567587
-3.02921 0.0625

-3.03569 0.0625
-3.03254 0.09375

-3.04043 0.09375
-3.03125 0.115745

0.078125 -0.111351
0.0688812 -0.109375

-3.03125 0.0835112
-3.02766 0.09375

-0.625 -0.00304669
-0.609375 -0.0051751

1.6875 -0.230031
1.70312 -0.23096

-0.609375 -0.00516336
-0.59375 -0.00766278

-3.03125 0.110987
-3.00878 0.125

1.70312 -0.231013
1.71875 -0.232316

-3.01982 0.125
-3 0.148502

0.0625 -0.107901
0.0693973 -0.109375

0.078125 -0.110964
0.09375 -0.113125

1.71875 -0.232349
1.73438 -0.233856

1.75 -0.23549
1.73876 -0.234375

0.09375 -0.112871
0.109375 -0.115043

-0.59375 -0.00767142
-0.578125 -0.0105481

0.109375 -0.114687
0.125 -0.118088

-3 -0.0814539
-2.98438 -0.0828985

1.73438 -0.233823
1.73994 -0.234375

-0.578125 -0.0105472
-0.5625 -0.0137855

-0.546875 -0.0173826
-0.554846 -0.015625

-0.5625 -0.013793
-0.554191 -0.015625

-3 -0.0756635
-2.98438 -0.0756065

1.75 -0.235489
1.76562 -0.236918

0.15625 -0.128287
0.143945 -0.125

-2.98438 -0.0842719
-2.98293 -0.078125

-2.98438 -0.0778359
-2.98423 -0.078125

0.15625 -0.127892
0.171875 -0.130325

-0.546875 -0.0174989
-0.53125 -0.0206144

-3 -0.0622568
-2.99666 -0.0625

-0.53125 -0.0205687
-0.515625 -0.0230657

-0.515625 -0.0229986
-0.5 -0.0251029

1.76562 -0.236927
1.78125 -0.238148

-3 -0.0323331
-2.98438 -0.0319327

1.78125 -0.238139
1.79688 -0.239152

1.79688 -0.239152
1.8125 -0.239978

0.171875 -0.130081
0.1875 -0.132029

-0.96875 0.0300659
-0.975437 0.03125

0.1875 -0.131755
0.203125 -0.134255

1.8125 -0.239968
1.82812 -0.24063

1.82812 -0.240621
1.84375 -0.241158

-3 -0.0169871
-2.98438 -0.0170591

-3 -0.00145303
-2.98438 -0.0014658

0.203125 -0.134185
0.21875 -0.137924

-2.98438 -0.016485
-2.98428 -0.015625

0.234375 -0.142488
0.226976 -0.140625

-1 0.0369156
-0.984375 0.0338442

-0.984375 0.03319
-0.973419 0.03125

0.21875 -0.138481
0.227266 -0.140625

-3 0.012601
-2.98438 0.012601

-3 0.0260453
-2.98438 0.0260368

1.84375 -0.241134
1.85938 -0.241609

-2.98438 0.0318616
-2.99538 0.046875

-0.96875 0.0300857
-0.953125 0.0296069

0.234375 -0.142415
0.25 -0.145428

-0.953125 0.0299536
-0.939899 0.03125

0.125 -0.118309
0.140625 -0.12321

1.85938 -0.241584
1.875 -0.242096

0.140625 -0.124057
0.144154 -0.125

-0.939872 0.03125
-0.9375 0.0314825

-2.98438 0.0481363
-2.99452 0.0625

1.875 -0.242071
1.89062 -0.242722

-0.9375 0.0315499
-0.921875 0.0342689

1.89062 -0.242723
1.90625 -0.243558

1.90625 -0.243577
1.92188 -0.244556

-0.921875 0.0345954
-0.90625 0.0377186

-2.98438 0.04642
-2.98421 0.046875

1.92188 -0.244584
1.9375 -0.245609

-2.98416 0.046875
-2.97642 0.0625

0.25 -0.145283
0.265625 -0.147734

-2.98511 0.0625
-2.9987 0.078125

1.9375 -0.24563
1.95312 -0.246604

-0.90625 0.0383206
-0.890625 0.0399913

1.95312 -0.246605
1.96875 -0.247483

0.265625 -0.147729
0.28125 -0.149919

0.28125 -0.149769
0.296875 -0.152011

1.96875 -0.247507
1.98438 -0.24824

1.98438 -0.248175
2 -0.248845

-0.890625 0.0400755
-0.875 0.0389213

-3 0.0855828
-2.98713 0.09375

-2.98097 0.0625
-2.97905 0.078125

-2.98438 0.0841986
-2.98271 0.078125

0.296875 -0.151897
0.3125 -0.154719

0.328125 -0.158014
0.318734 -0.15625

-0.84375 0.0310851
-0.84441 0.03125

-0.875 0.0384807
-0.859375 0.0352148

-3 0.100694
-2.96875 0.113973

-0.859375 0.0349158
-0.844711 0.03125

-0.84375 0.0310387
-0.828125 0.0270323

-0.828125 0.0269612
-0.8125 0.0229465

-2.97853 0.125
-2.96875 0.1476

-2.99796 0.15625
-2.98458 0.1875

0.328125 -0.157943
0.34375 -0.16041

0.3125 -0.155048
0.318901 -0.15625

-0.8125 0.0228987
-0.796875 0.0191137

-0.796875 0.0190935
-0.78125 0.0156739

-2.96289 0.125
-2.9576 0.140625

-2.95763 0.140625
-2.96474 0.15625

0.34375 -0.160322
0.359375 -0.162613

0.359375 -0.162597
0.375 -0.164917

-0.765625 0.0125626
-0.78053 0.015625

0.375 -0.16494
0.390625 -0.167275

0.390625 -0.167242
0.40625 -0.16961

-2.96097 0.15625
-2.9681 0.171875

-0.78125 0.0157571
-0.780607 0.015625

0.421875 -0.172169
0.419921 -0.171875

-2.96875 0.176394
-2.95312 0.17808

0.40625 -0.169653
0.421013 -0.171875

-0.765625 0.0124143
-0.75 0.00951227

-2.95171 0.171875
-2.94444 0.1875

0.421875 -0.172065
0.4375 -0.174195

-2.98175 0.1875
-2.96875 0.195345

-2.95883 0.1875
-2.9375 0.206626

0.4375 -0.174145
0.453125 -0.176061

2.03125 -0.250356
2.02311 -0.25

2.03125 -0.250337
2.04688 -0.250824

-0.75 0.00951161
-0.734375 0.00721426

2.04688 -0.250808
2.0625 -0.251146

-2.95028 0.21875
-2.9375 0.235851

2.0625 -0.251139
2.07812 -0.251374

-2.9375 0.205079
-2.92578 0.21875

-0.734375 0.00725403
-0.71875 0.00548318

-2.92724 0.21875
-2.90625 0.246415

-0.71875 0.00552703
-0.703125 0.00411545

0.453125 -0.176037
0.46875 -0.177883

0.46875 -0.177904
0.484375 -0.179686

2.07812 -0.251354
2.09375 -0.251542

-2.94624 0.25
-2.9375 0.259751

2.09375 -0.251467
2.10938 -0.251795

-0.703125 0.00416361
-0.6875 0.00292726

0.484375 -0.179726
0.5 -0.181318

-0.6875 0.00297118
-0.671875 0.00172591

-2.92131 0.25
-2.90625 0.265557

2.10938 -0.251703
2.125 -0.252503

-2.90625 0.251039
-2.89062 0.263752

-0.671875 0.00175395
-0.65625 0.000355851

-0.65625 0.000327322
-0.653065 0

2.125 -0.252439
2.14062 -0.254023

2.14062 -0.254138
2.15625 -0.256406

-2.89075 0.265625
-2.89062 0.265701

-2.89062 0.260743
-2.88586 0.265625

2.15625 -0.256612
2.17188 -0.25892

0.5 -0.181354
0.515625 -0.182604

2.17188 -0.259006
2.1875 -0.260772

-2.89047 0.265625
-2.87511 0.28125

2.1875 -0.260754
2.20312 -0.26184

0.515625 -0.182627
0.53125 -0.183418

-2.87508 0.28125
-2.875 0.281326

0.53125 -0.183425
0.546875 -0.183698

-0.5 -0.0249963
-0.484375 -0.0270555

2.20312 -0.261891
2.21875 -0.262229

-0.484375 -0.0269684
-0.46875 -0.0293698

0.546875 -0.183692
0.5625 -0.183445

-2.87415 0.28125
-2.85938 0.296439

0.5625 -0.183425
0.578125 -0.18271

2.21875 -0.262338
2.23438 -0.26161

0.578125 -0.182675
0.59375 -0.181604

2.23438 -0.261574
2.25 -0.259631

-0.453125 -0.0321911
-0.458555 -0.03125

0.59375 -0.181559
0.609375 -0.180291

-0.453125 -0.0323993
-0.4375 -0.0347708

-2.85938 0.29661
-2.85913 0.296875

2 -0.248841
2.01562 -0.249588

-2.85938 0.297832
-2.84448 0.3125

-0.46875 -0.0294705
-0.458482 -0.03125

0.609375 -0.18025
0.625 -0.178959

-0.4375 -0.0348493
-0.421875 -0.0362942

-2.84442 0.3125
-2.84375 0.313145

2.01562 -0.249651
2.0236 -0.25

-0.421875 -0.0362588
-0.40625 -0.0366908

0.625 -0.178942
0.640625 -0.177743

-2.84308 0.3125
-2.82812 0.326519

0.640625 -0.177747
0.65625 -0.176666

-0.40625 -0.0364573
-0.390625 -0.0364142

0.65625 -0.176667
0.671875 -0.175693

-2.82812 0.326653
-2.82664 0.328125

2.25 -0.259395
2.26562 -0.25678

-2.82778 0.328125
-2.8125 0.341941

0.671875 -0.175678
0.6875 -0.17484

-2.8125 0.341768
-2.81005 0.34375

0.6875 -0.174813
0.703125 -0.174193

-2.80891 0.34375
-2.79688 0.353788

-0.390625 -0.0361892
-0.375 -0.0365876

-2.79688 0.354314
-2.7907 0.359375

0.703125 -0.174192
0.71875 -0.173847

2.26562 -0.256506
2.28125 -0.25424

-2.79131 0.359375
-2.78125 0.367322

2.28125 -0.25413
2.29688 -0.252981

-0.375 -0.0366054
-0.359375 -0.0378595

0.71875 -0.17389
0.734375 -0.173736

2.29688 -0.253012
2.3125 -0.253136

0.734375 -0.173775
0.75 -0.173649

-2.78125 0.367178
-2.76988 0.375

-2.76811 0.375
-2.75 0.388073

2.3125 -0.253154
2.32812 -0.254453

-0.359375 -0.0381668
-0.34375 -0.0396265

0.75 -0.173636
0.765625 -0.173488

0.765625 -0.173447
0.78125 -0.173382

-2.75 0.387281
-2.74541 0.390625

0.78125 -0.173357
0.796875 -0.173507

-2.74877 0.390625
-2.73438 0.400581

2.32812 -0.254518
2.34375 -0.256825

0.796875 -0.173511
0.8125 -0.173922

2.34375 -0.257123
2.35938 -0.259715

-0.34375 -0.0398453
-0.328125 -0.0404582

0.8125 -0.173952
0.828125 -0.174556

-0.328125 -0.0404624
-0.3125 -0.0397827

2.35938 -0.25981
2.375 -0.2619

-0.3125 -0.0394485
-0.296875 -0.0381362

-2.73438 0.399775
-2.72172 0.40625

0.828125 -0.174588
0.84375 -0.17526

2.375 -0.261097
2.39062 -0.264097

0.84375 -0.175252
0.859375 -0.175941

-0.296875 -0.0379651
-0.28125 -0.0370307

-2.72363 0.40625
-2.71875 0.408941

-0.28125 -0.0368754
-0.265625 -0.0369719

0.859375 -0.175921
0.875 -0.176685

2.40625 -0.270996
2.39322 -0.265625

-0.265625 -0.0371152
-0.25 -0.0382667

-2.71875 0.407769
-2.70312 0.413659

0.875 -0.176735
0.890625 -0.177511

-2.70312 0.414088
-2.6875 0.417569

2.39062 -0.262021
2.39937 -0.265625

-0.25 -0.0391324
-0.234375 -0.0393209

0.890625 -0.17754
0.90625 -0.178169

-0.234375 -0.0367689
-0.21875 -0.0393667

-0.203125 -0.0507577
-0.210785 -0.046875

-2.6875 0.416598
-2.67188 0.418751

0.90625 -0.178143
0.921875 -0.178616

2.40625 -0.272342
2.42188 -0.278605

0.921875 -0.178634
0.9375 -0.178969

2.42188 -0.277967
2.4375 -0.280797

0.9375 -0.178976
0.953125 -0.179124

2.45312 -0.281745
2.44918 -0.28125

-2.67188 0.418639
-2.65625 0.421629

2.45312 -0.281857
2.46875 -0.284756

-2.65636 0.421875
-2.65625 0.421897

0.953125 -0.179073
0.96875 -0.179126

-2.65625 0.421745
-2.65567 0.421875

2.4375 -0.280412
2.44417 -0.28125

-0.21875 -0.0395315
-0.204262 -0.046875

-2.65625 0.421893
-2.64062 0.425419

-0.203125 -0.0503617
-0.1875 -0.0574526

-2.64062 0.425671
-2.625 0.428701

2.46875 -0.285332
2.48438 -0.288531

-2.625 0.428737
-2.60938 0.43069

0.96875 -0.179084
0.984375 -0.179227

-2.60938 0.430581
-2.59375 0.431602

-0.15625 -0.0631992
-0.159969 -0.0625

2.48438 -0.289383
2.5 -0.290026

-0.15625 -0.0630723
-0.140625 -0.0658864

-2.59375 0.431523
-2.57812 0.431988

0.984375 -0.179228
1 -0.17954

-2.57812 0.431985
-2.5625 0.432057

-0.140625 -0.0658189
-0.125 -0.0687868

-0.1875 -0.0566621
-0.171875 -0.0605458

-0.171875 -0.0601895
-0.159586 -0.0625

-2.5625 0.432167
-2.54688 0.431635

-2.54688 0.431793
-2.53125 0.43012

-2.53125 0.430266
-2.51562 0.426845

-0.125 -0.0687991
-0.109375 -0.072031

2.5 -0.290866
2.51562 -0.285568

-0.109375 -0.0720357
-0.09375 -0.0754976

-2.5 0.421861
-2.50005 0.421875

-0.078125 -0.0790507
-0.082603 -0.078125

-0.09375 -0.0756887
-0.0819646 -0.078125

-0.078125 -0.0788712
-0.0625 -0.0815821

-2.51562 0.426374
-2.50008 0.421875

-0.0625 -0.0814493
-0.046875 -0.0840716

-0.046875 -0.0840363
-0.03125 -0.0869063

0 -0.0941395
-0.00172358 -0.09375

-0.03125 -0.0868349
-0.015625 -0.0901661

2.51562 -0.285243
2.52161 -0.28125

2.51997 -0.28125
2.53125 -0.273196

2.53125 -0.272071
2.53973 -0.265625

2.53897 -0.265625
2.54688 -0.259808

-0.015625 -0.0903489
-0.000576538 -0.09375

1 -0.179573
1.01562 -0.179988

1.01562 -0.180007
1.03125 -0.180423

1.03125 -0.180424
1.04688 -0.180803

2.54688 -0.259991
2.5625 -0.250703

2.5625 -0.250299
2.5633 -0.25

1.04688 -0.180792
1.0625 -0.181155

1.0625 -0.181141
1.07812 -0.18154

2.5632 -0.25
2.57812 -0.244387

1.07812 -0.18153
1.09375 -0.182014

-2.48438 0.417075
-2.49976 0.421875

1.09375 -0.182017
1.10938 -0.182597

2.57812 -0.245169
2.59375 -0.242012

-2.48438 0.417096
-2.46875 0.411637

1.10938 -0.182618
1.125 -0.183244

2.59375 -0.242199
2.60938 -0.239826

2.60938 -0.239885
2.625 -0.237803

1.125 -0.183244
1.14062 -0.183877

1.14062 -0.18388
1.15625 -0.184513

1.15625 -0.184497
1.17188 -0.185153

1.17188 -0.185164
1.1875 -0.185854

1.21875 -0.187554
1.23438 -0.188561

2.625 -0.237803
2.64062 -0.235894

2.64062 -0.236203
2.65366 -0.234375

-2.45312 0.405963
-2.45397 0.40625

1.23438 -0.188545
1.25 -0.189527

1.1875 -0.185828
1.20312 -0.186585

-2.45312 0.405882
-2.4375 0.401624

-2.46875 0.411245
-2.45404 0.40625

2.65127 -0.234375
2.65625 -0.233677

2.65625 -0.233585
2.67188 -0.231347

1.20312 -0.186559
1.21875 -0.187485

1.21875 -0.187474
1.21915 -0.1875

-2.4375 0.401487
-2.42188 0.398666

-2.42188 0.398591
-2.40625 0.397627

2.67188 -0.231428
2.6875 -0.229672

1.25 -0.1895
1.26562 -0.190543

1.26562 -0.190508
1.28125 -0.191735

-2.40625 0.397648
-2.39062 0.398648

1.28125 -0.191727
1.29688 -0.193222

2.6875 -0.229708
2.70312 -0.228198

1.29688 -0.193223
1.3125 -0.195002

-2.39062 0.398777
-2.375 0.401443

1.3125 -0.195029
1.32812 -0.197035

1.32812 -0.196992
1.34375 -0.199256

1.34375 -0.199283
1.35938 -0.201836

-2.26562 0.332345
-2.27675 0.34375

-2.25 0.327572
-2.25127 0.328125

-2.26562 0.334683
-2.2533 0.328125

-2.27946 0.34375
-2.2769 0.359375

-2.27155 0.359375
-2.26562 0.364836

-2.26562 0.365571
-2.25016 0.375

-2.375 0.401615
-2.35938 0.405347

-2.35938 0.405417
-2.35596 0.40625

1.375 -0.204594
1.36625 -0.203125

1.35938 -0.201855
1.36694 -0.203125

2.70312 -0.228275
2.71875 -0.226784

1.375 -0.204581
1.39062 -0.207029

-2.35721 0.40625
-2.34375 0.409533

2.71875 -0.22676
2.73438 -0.225181

2.73438 -0.225217
2.75 -0.223525

1.39062 -0.206982
1.40625 -0.209271

2.90625 -0.250085
2.90641 -0.25

2.9375 -0.250134
2.93764 -0.25

2.75 -0.223502
2.76562 -0.221669

2.76562 -0.221842
2.78125 -0.21957

2.78125 -0.219719
2.78729 -0.21875

2.78366 -0.21875
2.79688 -0.21663

2.79688 -0.216593
2.8125 -0.214791

2.8125 -0.214714
2.82812 -0.21416

2.82812 -0.214148
2.84375 -0.215018

2.875 -0.221346
2.8648 -0.21875

2.84375 -0.214967
2.85938 -0.217387

2.85938 -0.217571
2.86401 -0.21875

2.875 -0.221525
2.89062 -0.226733

2.89062 -0.229523
2.90625 -0.230155

1.40625 -0.209259
1.42188 -0.21151

1.42188 -0.211548
1.4375 -0.213708

2.90625 -0.230478
2.92508 -0.21875

2.91806 -0.21875
2.92188 -0.215006

2.92188 -0.214941
2.93114 -0.203125

2.93304 -0.203125
2.9375 -0.197412

2.9375 -0.218852
2.93758 -0.21875

2.9375 -0.194828
2.94231 -0.1875

2.9457 -0.1875
2.95298 -0.171875

2.95087 -0.171875
2.95312 -0.161275

2.95264 -0.15625
2.95312 -0.155283

2.95312 -0.154045
2.95983 -0.140625

2.96486 -0.140625
2.96875 -0.134314

2.96875 -0.125616
2.96902 -0.125

2.97186 -0.125
2.98547 -0.09375

1.4375 -0.213717
1.45312 -0.215694

1.45312 -0.215595
1.46875 -0.217571

1.48438 -0.219769
1.47688 -0.21875

1.48438 -0.219849
1.5 -0.221809

1.46875 -0.217553
1.47756 -0.21875

-2.34375 0.409669
-2.32812 0.412537

-2.32812 0.412615
-2.3125 0.414008

2.98438 -0.0711929
2.98231 -0.0625

2.99035 -0.09375
2.99263 -0.078125

-2.3125 0.414207
-2.29688 0.413571

-2.29688 0.413608
-2.28125 0.410471

-2.26562 0.40554
-2.26853 0.40625

-2.26562 0.405542
-2.25 0.40325

-2.28125 0.409557
-2.26773 0.40625

2.98438 -0.06586
2.98748 -0.078125

2.98424 -0.0625
2.98387 -0.046875

-2.1875 0.309053
-2.19874 0.3125

-2.23438 0.323939
-2.24925 0.328125

-2.23438 0.324259
-2.21875 0.319525

2.9842 -0.046875
2.98436 -0.03125

2.98432 -0.03125
2.98438 -0.0284828

2.98438 -0.0172001
2.98442 -0.015625

2.98466 -0.015625
2.98514 0

-2.25 0.373261
-2.24654 0.375

-2.21875 0.319252
-2.20312 0.314077

-2.20312 0.314147
-2.19775 0.3125

-2.1875 0.309333
-2.17188 0.30483

-2.17188 0.304931
-2.15625 0.300145

-2.14062 0.294953
-2.14673 0.296875

-2.15625 0.300027
-2.14624 0.296875

-2.14062 0.294685
-2.125 0.290706

-2.24343 0.375
-2.23438 0.380472

2.73438 0.203316
2.73457 0.203125

-2.23438 0.401575
-2.24529 0.40625

-2.23438 0.377746
-2.22321 0.390625

-2.21875 0.391397
-2.22761 0.40625

-2.21875 0.390546
-2.21871 0.390625

-2.21875 0.392307
-2.21847 0.390625

2.98438 0.0301339
2.98433 0.03125

2.98516 0
2.98552 0.015625

-2.125 0.290939
-2.10938 0.288164

-2.10938 0.28835
-2.09375 0.285942

2.98599 0.015625
2.98531 0.03125

2.98437 0.03125
2.9836 0.046875

2.9841 0.046875
2.98411 0.0625

2.98397 0.0625
2.98405 0.078125

-2.0625 0.27983
-2.06851 0.28125

-2.09375 0.286089
-2.07812 0.283381

2.98396 0.078125
2.98438 0.0859864

2.98418 0.09375
2.9901 0.125

-2.07812 0.283607
-2.06815 0.28125

-2.0625 0.279472
-2.04688 0.275233

2.9375 0.204972
2.92915 0.21875

2.92885 0.21875
2.92481 0.25

-2.04688 0.275173
-2.03125 0.271331

-2.03125 0.271331
-2.01562 0.268006

2.95312 0.139868
2.96875 0.139868

2.96875 0.146509
2.95654 0.15625

2.95312 0.169838
2.9511 0.171875

2.95266 0.171875
2.94089 0.1875

2.96875 0.161454
2.961 0.171875

2.96647 0.171875
2.95546 0.1875

2.98474 0.125
2.98976 0.15625

2.99985 0.15625
2.98608 0.1875

2.9375 0.211704
2.95121 0.1875

2.96875 0.224357
2.94485 0.25

2.96875 0.216768
2.98198 0.1875

2.96875 0.226005
2.971 0.21875

-2 0.265056
-2.0029 0.265625

2.85938 0.296632
2.875 0.296207

2.85938 0.300742
2.875 0.300742

2.89062 0.264401
2.88986 0.265625

2.88973 0.265625
2.89062 0.272809

2.90625 0.258459
2.89432 0.265625

2.89062 0.270296
2.90625 0.277193

2.90427 0.28125
2.90625 0.281857

2.90761 0.25
2.9375 0.273283

-2.01562 0.268138
-2.00281 0.265625

2.9375 0.267456
2.9832 0.25

3 -0.250675
3.00067 -0.25

3 -0.0878733
3.00231 -0.0625

3 -0.049274
3.00086 -0.0625

3 -0.00283539
3.00202 0

3.0625 -0.00483516
3.04854 0

3.125 -0.00707589
3.09327 0

3.25 -0.0055009
3.21154 0

3.5 -0.0038906
3.41904 0

3.03125 0.0238752
3.01257 0.03125

3.03107 0.03125
3.03125 0.0337961

3.03125 0.0215458
3.05636 0

3.03522 0.03125
3.03138 0.0625

3.03457 0.0625
3.03972 0.09375

3.04782 0.09375
3.03937 0.125

3.0625 0.0156391
3.09095 0

3 0.167055
3.03224 0.125

3.125 0.0116235
3.19556 0

3.25 0.00548205
3.36326 0

4 -0.00631591
3.56644 0

3.5 0.000115677
3.50794 0

-1.92188 0.249981
-1.92197 0.25

-1.92188 0.249943
-1.90625 0.247459

-1.90625 0.247571
-1.89062 0.245381

-1.89062 0.24551
-1.875 0.243132

-1.875 0.243179
-1.85938 0.240265

-1.85938 0.240252
-1.84375 0.236734

-1.82812 0.232632
-1.8349 0.234375

-1.84375 0.236731
-1.8346 0.234375

-1.82812 0.232467
-1.8125 0.228431

-1.8125 0.228472
-1.79688 0.224759

-1.79688 0.224836
-1.78125 0.221208

-1.76562 0.217431
-1.77099 0.21875

-1.76562 0.217361
-1.75 0.213304

-1.78125 0.221287
-1.77094 0.21875

-2 0.265037
-1.98438 0.262043

-1.98438 0.262087
-1.96875 0.259144

-1.96875 0.259174
-1.95312 0.256134

-1.95312 0.256088
-1.9375 0.252983

-1.9375 0.252904
-1.92195 0.25

-1.75 0.213282
-1.73438 0.20921

-1.73438 0.209219
-1.71875 0.205159

-1.70312 0.200971
-1.7109 0.203125

-1.71875 0.205284
-1.71095 0.203125

-1.70312 0.201149
-1.6875 0.19592

-1.65625 0.179266
-1.66936 0.1875

-1.625 0.153404
-1.62842 0.15625

-1.64062 0.167027
-1.64682 0.171875

-1.65625 0.179023
-1.64692 0.171875

-1.64062 0.166405
-1.62846 0.15625

-1.6875 0.196264
-1.67188 0.189074

-1.67188 0.188929
-1.66948 0.1875

-1.54688 0.124845
-1.5475 0.125

-1.53125 0.116819
-1.54638 0.125

-1.5 0.0875472
-1.5074 0.09375

-1.51562 0.102705
-1.52319 0.109375

-1.53125 0.116651
-1.52215 0.109375

-1.51562 0.101803
-1.50668 0.09375

-1.625 0.152755
-1.60938 0.141156

-1.59375 0.132705
-1.6093 0.140625

-1.60938 0.141019
-1.6086 0.140625

-1.59375 0.133014
-1.57812 0.129058

-1.57812 0.129846
-1.5625 0.127718

-1.5625 0.128716
-1.5475 0.125

-1.48438 0.0773381
-1.48574 0.078125

-1.5 0.0874288
-1.48569 0.078125

-1.48438 0.0773838
-1.46875 0.0711572

-1.46875 0.0714062
-1.45312 0.0683902

-1.45312 0.068616
-1.4375 0.067861

-1.4375 0.0681023
-1.42188 0.0686743

-1.42188 0.0688685
-1.40625 0.0698967

-1.40625 0.0699565
-1.39062 0.0709329

-1.39062 0.0708808
-1.375 0.0717898

-1.375 0.0717574
-1.35938 0.0727682

-1.35938 0.0727983
-1.34375 0.0739157

-1.34375 0.0739521
-1.32812 0.0750431

-1.32812 0.0749743
-1.3125 0.0761038

-1.3125 0.0760994
-1.29688 0.0774136

-1.29688 0.077536
-1.28989 0.078125

-1.28928 0.078125
-1.28125 0.0788023

-1.28125 0.0790635
-1.26562 0.0797178

-1.26562 0.0801546
-1.25 0.0787973

-1.23438 0.0747847
-1.24859 0.078125

-1.25 0.0788438
-1.24694 0.078125

-1.23438 0.0742505
-1.21875 0.0700122

-1.21875 0.069922
-1.20312 0.0664774

-1.20312 0.0662101
-1.1875 0.0642745

-1.17188 0.062283
-1.17455 0.0625

-1.15625 0.0607428
-1.16709 0.0625

-1.15625 0.0609755
-1.14062 0.0575454

-1.14062 0.0572834
-1.125 0.0544134

-1.1875 0.0649806
-1.17188 0.0637137

-1.17188 0.0645358
-1.15932 0.0625

-1.125 0.054389
-1.10938 0.0526519

-1.10938 0.0529267
-1.09375 0.0518216

-1.09375 0.0520317
-1.07812 0.0505889

-1.0625 0.0457525
-1.06969 0.046875

-1.07812 0.0509659
-1.0625 0.0485278

-1.0625 0.0465994
-1.04688 0.0432592

-1.0625 0.0500457
-1.04767 0.046875

-1.04688 0.0443534
-1.03125 0.0412624

-1.04688 0.0468871
-1.04681 0.046875

-1.03125 0.0414993
-1.01562 0.0390051

-1.01562 0.0390375
-1 0.0366014

