-4 -0.00478956
-3.62865 0

-3.52927 0
-3.5 0.000377536

-3.5 -0.00292495
-3.43118 0

-3.25 -0.00416105
-3.21826 0

-3.125 -0.00586494
-3.10188 0

-3 -0.0946246
-3.0004 -0.09375

-3 -0.080132
-3.00081 -0.0625

-3.00013 -0.0625
-3 -0.059426

-3.39379 0
-3.25 0.00614923

-3.21026 0
-3.125 0.0118661

-3.10096 0
-3.0625 0.0186017

-3.0625 0.00198623
-3.03125 0.0274249

-3.03876 0.03125
-3.03125 0.048372

-3 0.0297705
-3.0026 0.03125

-3.03125 0.054716
-3.02711 0.0625

-3.03343 0.0625
-3.03125 0.0895043

1.5 0.155169
1.50457 0.15625

1.50459 0.15625
1.51562 0.158863

1.51562 0.158889
1.53125 0.161954

-3.03949 0.09375
-3.03125 0.117799

-3.03125 0.0734468
-3.023 0.09375

-3.03125 0.111004
-3.00145 0.125

1.53125 0.161799
1.54688 0.16449

1.54688 0.164433
1.5625 0.167176

1.5625 0.167139
1.57812 0.17012

1.57812 0.170073
1.58631 0.171875

1.58658 0.171875
1.59375 0.173454

-3.02799 0.125
-3 0.143077

1.59375 0.173576
1.60938 0.17744

1.60938 0.177428
1.625 0.181557

1.625 0.181516
1.64062 0.186016

1.64062 0.18599
1.6453 0.1875

1.6454 0.1875
1.65625 0.191008

1.65625 0.191198
1.67188 0.196538

1.67188 0.196483
1.6875 0.201865

1.6875 0.201865
1.6911 0.203125

1.69098 0.203125
1.70312 0.207378

1.70312 0.207541
1.71875 0.212699

1.71875 0.212645
1.73438 0.217249

1.73438 0.217204
1.74011 0.21875

1.74 0.21875
1.75 0.221444

-2.96875 -0.126145
-2.9694 -0.125

1.75 0.22151
1.76562 0.225223

-2.9375 -0.180548
-2.95044 -0.171875

1.76562 0.22517
1.78125 0.228339

1.78125 0.228302
1.79688 0.231108

0 -0.120248
0.015625 -0.113595

-2.95312 -0.161478
-2.9446 -0.171875

-2.95312 -0.154119
-2.96088 -0.140625

1.79688 0.231099
1.8125 0.233633

-1 -0.203464
-0.984375 -0.20313

-0.984375 -0.203201
-0.980213 -0.203125

-0.980254 -0.203125
-0.96875 -0.202916

-0.96875 -0.202951
-0.953125 -0.202506

-0.953125 -0.202484
-0.9375 -0.201854

-0.9375 -0.201811
-0.921875 -0.201129

-0.921875 -0.201114
-0.90625 -0.200496

-0.90625 -0.200508
-0.890625 -0.199959

-0.890625 -0.199971
-0.875 -0.199444

-2.96875 -0.135691
-2.96537 -0.140625

-0.875 -0.199444
-0.859375 -0.198918

-0.859375 -0.198923
-0.84375 -0.198389

-0.84375 -0.198411
-0.828125 -0.197816

-0.828125 -0.197841
-0.8125 -0.197094

-0.8125 -0.197093
-0.796875 -0.196147

-0.796875 -0.196116
-0.78125 -0.195036

0.015625 -0.11272
0.0296848 -0.109375

-0.78125 -0.195006
-0.765625 -0.193912

-2.95312 -0.154579
-2.95217 -0.15625

-0.765625 -0.193904
-0.75 -0.192871

-2.875 -0.187643
-2.87632 -0.1875

0.0309505 -0.109375
0.03125 -0.109304

0.03125 -0.110112
0.0406279 -0.109375

-0.75 -0.192881
-0.734375 -0.191906

-0.734375 -0.19192
-0.71875 -0.190957

-2.9375 -0.175638
-2.92188 -0.178742

0.0402928 -0.109375
0.046875 -0.108858

0.046875 -0.108641
0.0625 -0.108206

-2.92188 -0.177822
-2.90625 -0.179852

0.0625 -0.108775
0.078125 -0.108459

-0.71875 -0.190975
-0.703125 -0.189962

-2.90625 -0.180242
-2.89062 -0.182258

-0.703125 -0.189979
-0.6875 -0.188846

0.078125 -0.108392
0.09375 -0.107196

-2.89062 -0.182014
-2.875 -0.183715

0.09375 -0.107245
0.109375 -0.105206

1.8125 0.233643
1.81756 0.234375

-0.6875 -0.188841
-0.671875 -0.187565

1.81758 0.234375
1.82812 0.235901

1.82812 0.23589
1.84375 0.23789

-2.97454 -0.125
-2.98781 -0.09375

1.84375 0.237872
1.85938 0.239671

0.109375 -0.105144
0.125 -0.102288

-0.671875 -0.187552
-0.671271 -0.1875

0.125 -0.102241
0.140625 -0.0987836

1.85938 0.239657
1.875 0.241318

0.140625 -0.0987832
0.15625 -0.0948179

0.15625 -0.0949416
0.160463 -0.09375

0.159757 -0.09375
0.171875 -0.090323

0.171875 -0.090408
0.1875 -0.0855177

0.1875 -0.085556
0.203125 -0.0800467

0.203125 -0.0797886
0.208673 -0.078125

0.206347 -0.078125
0.21875 -0.0744059

0.21875 -0.0746358
0.234375 -0.0722259

0.234375 -0.0728763
0.25 -0.0713727

-0.67146 -0.1875
-0.65625 -0.186183

-2.99024 -0.09375
-2.99143 -0.078125

-2.98861 -0.078125
-2.98507 -0.0625

-2.98438 -0.0700433
-2.98266 -0.0625

-2.98426 -0.0625
-2.98322 -0.046875

-0.65625 -0.186165
-0.640625 -0.184829

-0.640625 -0.184815
-0.625 -0.183562

0.25 -0.0712987
0.265625 -0.0695485

1.875 0.241309
1.89062 0.242877

0.265625 -0.0693397
0.28125 -0.0679085

0.28125 -0.0680969
0.296875 -0.0670253

0.296875 -0.0671976
0.3125 -0.0657641

0.3125 -0.0656154
0.328125 -0.0637727

0.328125 -0.0635494
0.339589 -0.0625

0.338224 -0.0625
0.34375 -0.0619942

0.34375 -0.0620193
0.359375 -0.0616479

0.359375 -0.0618286
0.375 -0.0622769

0.390625 -0.0629943
0.376013 -0.0625

0.390625 -0.0630692
0.40625 -0.0631504

0.40625 -0.0631548
0.421875 -0.0626304

0.421875 -0.0627064
0.424196 -0.0625

0.375 -0.0624665
0.37599 -0.0625

0.424865 -0.0625
0.4375 -0.0613765

0.4375 -0.0614984
0.453125 -0.0587293

0.453125 -0.0588073
0.46875 -0.0542385

0.46875 -0.0542558
0.484375 -0.0476966

0.484375 -0.0476396
0.485805 -0.046875

0.485762 -0.046875
0.5 -0.0391816

-0.625 -0.183566
-0.609375 -0.182415

-2.98438 -0.041118
-2.98417 -0.046875

-2.98438 -0.027565
-2.98561 -0.015625

-2.98621 -0.015625
-2.98891 0

-2.98438 -0.0309487
-2.98434 -0.03125

-2.85938 -0.188619
-2.87016 -0.1875

-2.84375 -0.188985
-2.85934 -0.1875

-2.84375 -0.187844
-2.82812 -0.19006

-2.82812 -0.189116
-2.8125 -0.192021

-2.875 -0.183456
-2.85938 -0.185077

-2.85938 -0.184627
-2.84375 -0.186116

-2.84375 -0.185069
-2.82812 -0.187285

-2.82812 -0.187118
-2.82607 -0.1875

-2.8125 -0.19195
-2.79688 -0.194926

-2.79688 -0.194903
-2.78125 -0.198086

-2.78125 -0.198319
-2.76562 -0.201292

-2.75 -0.204193
-2.75783 -0.203125

-2.76562 -0.201109
-2.75086 -0.203125

-2.75 -0.203628
-2.73438 -0.204513

-2.73438 -0.204001
-2.71875 -0.204419

-2.71875 -0.204396
-2.70312 -0.205416

-2.70312 -0.205439
-2.6875 -0.207062

-2.6875 -0.207149
-2.67188 -0.209157

-2.67188 -0.209102
-2.65625 -0.211431

-2.65625 -0.211371
-2.64062 -0.214253

-2.64062 -0.214362
-2.625 -0.217699

-2.60938 -0.221146
-2.62218 -0.21875

-2.60938 -0.220962
-2.59375 -0.222795

-2.625 -0.21755
-2.61859 -0.21875

-2.59375 -0.222633
-2.57812 -0.223669

-2.57812 -0.223607
-2.5625 -0.224294

-2.5625 -0.224302
-2.54688 -0.224747

-2.54688 -0.224747
-2.53125 -0.224933

-2.53125 -0.224946
-2.51562 -0.22485

-2.51562 -0.224818
-2.5 -0.224478

-2.98939 0
-2.99113 0.015625

-2.99115 0.015625
-2.99069 0.03125

-2.99033 0.03125
-2.98835 0.046875

-2.98805 0.046875
-2.98613 0.0625

-2.98563 0.0625
-2.98538 0.078125

-2.98563 0.078125
-2.98755 0.09375

-3 0.12386
-2.9856 0.09375

-3 0.129456
-2.99097 0.15625

-3 0.186478
-2.96875 0.1762

-2.96875 0.140303
-2.95312 0.140303

-2.96875 0.150598
-2.96313 0.15625

-2.96875 0.166041
-2.96727 0.171875

-2.96875 0.183204
-2.96309 0.171875

-2.98933 0.1875
-2.96875 0.18905

-2.96875 0.188272
-2.9681 0.1875

-2.9375 0.237087
-2.9496 0.25

-2.9375 0.238251
-2.92038 0.25

-2.9494 0.25
-2.9375 0.26524

-2.9375 0.265831
-2.92047 0.25

-0.609375 -0.182439
-0.59375 -0.181332

-2.5 -0.224428
-2.48438 -0.224006

-2.48438 -0.223955
-2.46875 -0.223653

-2.46875 -0.223691
-2.45312 -0.223536

-2.45312 -0.22348
-2.4375 -0.22351

-2.4375 -0.223416
-2.42188 -0.223928

-2.42188 -0.223911
-2.40625 -0.225127

-0.59375 -0.181359
-0.578125 -0.180193

-0.578125 -0.180205
-0.5625 -0.178902

1.89062 0.24287
1.90625 0.244376

-0.5625 -0.178894
-0.546875 -0.177446

1.90625 0.244374
1.92188 0.245835

-0.546875 -0.177444
-0.53125 -0.175871

1.92188 0.245836
1.9375 0.247257

-0.53125 -0.175912
-0.515625 -0.174132

-0.515625 -0.174157
-0.5 -0.17204

-2.40625 -0.22524
-2.39062 -0.226967

-2.39062 -0.227082
-2.375 -0.228864

1.9375 0.247258
1.95312 0.248634

1.95312 0.248636
1.96875 0.249962

0.5 -0.0386507
0.512738 -0.03125

0.512548 -0.03125
0.515625 -0.0294654

0.515625 -0.0293156
0.53125 -0.0211809

0.53125 -0.0210344
0.544177 -0.015625

0.545123 -0.015625
0.546875 -0.0148918

0.546875 -0.014853
0.5625 -0.00948978

0.5625 -0.00958386
0.578125 -0.00460631

0.578125 -0.00465785
0.593033 0

-0.5 -0.171954
-0.499499 -0.171875

-0.499025 -0.171875
-0.484375 -0.169553

1.96875 0.249964
1.96919 0.25

-0.484375 -0.169602
-0.46875 -0.166689

-2.375 -0.228897
-2.35938 -0.230439

-2.35938 -0.230465
-2.34375 -0.231649

-2.34375 -0.231613
-2.32812 -0.232458

-2.32812 -0.232323
-2.3125 -0.233169

-2.29688 -0.234474
-2.29825 -0.234375

-2.3125 -0.23316
-2.29688 -0.234285

-2.29688 -0.234378
-2.28125 -0.235616

-2.29688 -0.234324
-2.29624 -0.234375

-2.28125 -0.235577
-2.26562 -0.236827

-2.26562 -0.236848
-2.25 -0.238141

-2.25 -0.238192
-2.23438 -0.239385

-2.23438 -0.239404
-2.21875 -0.240357

-2.21875 -0.24035
-2.20312 -0.241039

-2.20312 -0.24101
-2.1875 -0.241508

-2.1875 -0.241485
-2.17188 -0.241899

-2.17188 -0.241885
-2.15625 -0.24229

-2.15625 -0.242288
-2.14062 -0.242716

-2.14062 -0.242722
-2.125 -0.243164

-2.125 -0.243172
-2.10938 -0.243598

-2.10938 -0.243608
-2.09375 -0.24398

-2.09375 -0.243985
-2.07812 -0.244271

-2.07812 -0.244275
-2.0625 -0.244457

-2.0625 -0.244454
-2.04688 -0.244528

-2.04688 -0.244526
-2.03125 -0.244505

-2.03125 -0.244498
-2.01562 -0.2444

-2.01562 -0.244391
-2 -0.24425

-0.46875 -0.166707
-0.453125 -0.163215

-0.453125 -0.163205
-0.4375 -0.159116

-0.4375 -0.159017
-0.427963 -0.15625

-0.427657 -0.15625
-0.421875 -0.154572

-0.421875 -0.154659
-0.40625 -0.149528

-0.40625 -0.149302
-0.390625 -0.143742

-0.390625 -0.14296
-0.381409 -0.140625

-0.381484 -0.140625
-0.375 -0.138982

1.96918 0.25
1.98438 0.251232

-0.375 -0.139086
-0.359375 -0.138124

0.592988 0
0.59375 0.000238048

-0.359375 -0.13908
-0.34375 -0.139018

1.98438 0.251234
2 0.25243

-0.34375 -0.139015
-0.328125 -0.137949

-0.328125 -0.136721
-0.3125 -0.137113

0.59375 0.000287391
0.609375 0.00504959

-0.3125 -0.138152
-0.296875 -0.14038

0.609375 0.00536712
0.625 0.0092491

-0.28125 -0.142267
-0.295483 -0.140625

-0.28125 -0.142636
-0.265625 -0.143108

-0.265625 -0.14254
-0.25 -0.142094

0.625 0.00906319
0.640625 0.0118017

0.640625 0.011501
0.65625 0.0140694

0.65625 0.0138675
0.664677 0.015625

0.663957 0.015625
0.671875 0.0172762

0.671875 0.0173707
0.6875 0.0212335

-0.25 -0.142089
-0.234375 -0.141871

-0.234375 -0.142544
-0.21875 -0.14176

-2 -0.244238
-1.98438 -0.244092

-1.98438 -0.244085
-1.96875 -0.243973

-1.96875 -0.243979
-1.95312 -0.243903

-1.95312 -0.243913
-1.9375 -0.243839

0.6875 0.0212001
0.703125 0.0253897

0.703125 0.0253364
0.71875 0.0300264

0.71875 0.0299672
0.72305 0.03125

0.721424 0.03125
0.734375 0.0351138

0.734375 0.0349991
0.75 0.03901

-0.231704 -0.140625
-0.21875 -0.139975

-0.21875 -0.141854
-0.203125 -0.141133

-0.21875 -0.139903
-0.203125 -0.139182

-0.203125 -0.140869
-0.1875 -0.141444

-0.203125 -0.139616
-0.1875 -0.140202

-1.9375 -0.243829
-1.92188 -0.243755

0.75 0.0389189
0.765625 0.0424741

-0.1875 -0.141111
-0.171875 -0.142014

-1.92188 -0.243742
-1.90625 -0.243713

0.765625 0.0424821
0.78125 0.0457483

-1.90625 -0.243713
-1.89062 -0.243757

-1.89062 -0.243758
-1.875 -0.243869

-0.171875 -0.142185
-0.15625 -0.14231

-1.875 -0.243878
-1.85938 -0.244036

-0.15625 -0.144674
-0.144168 -0.140625

0.78125 0.0457221
0.787234 0.046875

0.78722 0.046875
0.796875 0.0487351

0.796875 0.0487577
0.8125 0.0515141

0.8125 0.0514787
0.828125 0.0540049

0.828125 0.0540053
0.84375 0.0563711

0.84375 0.0564072
0.859375 0.0585393

0.859375 0.0585512
0.875 0.0603535

-0.149063 -0.140625
-0.140625 -0.137797

0.875 0.060312
0.890625 0.0618437

-0.140625 -0.134591
-0.125 -0.128959

-1.85938 -0.244072
-1.84375 -0.244186

-0.109375 -0.17286
-0.110829 -0.171875

1.96875 0.671682
1.96857 0.671875

-0.112938 -0.171875
-0.117419 -0.15625

1.98438 0.670252
1.98169 0.671875

-0.109375 -0.174117
-0.09375 -0.172463

1.98137 0.671875
1.97844 0.6875

-1.84375 -0.244215
-1.82812 -0.244154

0.890625 0.0617852
0.898187 0.0625

-0.115958 -0.15625
-0.109593 -0.140625

-0.125 -0.128445
-0.109375 -0.129445

-0.109375 -0.148313
-0.09375 -0.15276

0.898352 0.0625
0.90625 0.0632466

-1.82812 -0.244142
-1.8125 -0.243869

-0.109375 -0.130971
-0.09375 -0.125151

-0.09375 -0.17479
-0.0905643 -0.171875

-0.0934769 -0.171875
-0.0895347 -0.15625

-0.078125 -0.172644
-0.077512 -0.171875

-0.078125 -0.157177
-0.0778071 -0.15625

0.90625 0.0632015
0.921875 0.0648622

2 0.670318
1.99169 0.671875

0.921875 0.0648527
0.9375 0.0668215

-0.09375 -0.142628
-0.086886 -0.15625

-1.8125 -0.243834
-1.79688 -0.243443

1.98438 0.686112
1.99318 0.671875

-1.79688 -0.243411
-1.78125 -0.243039

1.97775 0.6875
1.98438 0.693344

1.98438 0.689715
2 0.691801

-0.078125 -0.140699
-0.0777057 -0.140625

-0.078125 -0.126391
-0.0625 -0.131243

1.875 0.875191
1.87519 0.875

-0.03125 -0.158456
-0.0366391 -0.15625

-0.0625 -0.132088
-0.046875 -0.13029

-1.78125 -0.243015
-1.76562 -0.242776

0.9375 0.0668579
0.953125 0.0690813

-1.76562 -0.242752
-1.75 -0.242741

0.953125 0.0691647
0.96875 0.0714031

0.96875 0.0714776
0.984375 0.0734153

0.984375 0.0734187
1 0.0749

-0.03125 -0.154343
-0.0466936 -0.140625

-0.046875 -0.1366
-0.03125 -0.13474

-0.0310393 -0.15625
-0.015625 -0.14362

-0.03125 -0.127192
-0.015625 -0.135735

-0.015625 -0.126286
-0.0138697 -0.125

-0.121326 -0.125
-0.109375 -0.12358

-0.09375 -0.119026
-0.078125 -0.118319

-0.078125 -0.120531
-0.0666815 -0.125

-1.75 -0.242728
-1.73438 -0.243016

-0.0508699 -0.125
-0.046875 -0.122549

-0.046875 -0.119217
-0.0390131 -0.109375

-0.0411982 -0.109375
-0.03125 -0.102593

-0.015625 -0.112067
-0.0186483 -0.109375

-0.03125 -0.0995163
-0.015625 -0.106727

-0.015625 -0.122376
-0.00506458 -0.125

-1.73438 -0.24303
-1.71875 -0.243616

-1.71875 -0.243663
-1.70312 -0.244426

-1.70312 -0.244474
-1.6875 -0.245223

-1.6875 -0.24525
-1.67188 -0.245832

-1.67188 -0.245832
-1.65625 -0.246193

-1.65625 -0.246184
-1.64062 -0.246339

-1.64062 -0.246347
-1.625 -0.246297

-1.625 -0.246307
-1.60938 -0.246016

-1.60938 -0.246001
-1.59375 -0.24548

-1.59375 -0.245442
-1.57812 -0.244797

2 0.25243
2.01562 0.253551

2.01562 0.25355
2.03125 0.2546

2.03125 0.2546
2.04688 0.255583

-1.57812 -0.244803
-1.5625 -0.244097

-1.5625 -0.244151
-1.54688 -0.243263

-1.54688 -0.243292
-1.53125 -0.242058

2.04688 0.255583
2.0625 0.256503

2.0625 0.256502
2.07812 0.25736

-1.53125 -0.242034
-1.51562 -0.240446

-1.51562 -0.240397
-1.5 -0.238601

2.07812 0.257358
2.09375 0.258161

2.09375 0.258157
2.10938 0.258917

2.10938 0.258912
2.125 0.259647

2.125 0.259643
2.14062 0.26037

2.14062 0.26037
2.15625 0.261097

2.15625 0.261101
2.17188 0.26182

2.17188 0.261828
2.1875 0.262513

2.1875 0.26252
2.20312 0.263142

2.20312 0.263144
2.21875 0.263683

2.21875 0.263676
2.23438 0.264142

2.23438 0.264124
2.25 0.264566

2.25 0.264538
2.26562 0.265048

2.26562 0.26501
2.27915 0.265625

2.27919 0.265625
2.28125 0.265719

2.28125 0.265677
2.29688 0.266751

2.29688 0.26671
2.3125 0.268316

2.3125 0.268279
2.32812 0.270574

2.32812 0.270538
2.34375 0.27367

2.34375 0.273634
2.35938 0.277744

2.35938 0.27765
2.3698 0.28125

2.37 0.28125
2.375 0.282975

2.375 0.283058
2.39062 0.289906

2.39062 0.289752
2.40355 0.296875

2.40399 0.296875
2.40625 0.298119

2.40625 0.298291
2.42188 0.309128

2.42188 0.309054
2.4262 0.3125

2.42609 0.3125
2.4375 0.322549

2.4375 0.322615
2.44285 0.328125

2.44291 0.328125
2.45312 0.340478

2.45312 0.340376
2.45564 0.34375

2.45568 0.34375
2.46554 0.359375

2.46528 0.359375
2.46875 0.366469

2.46875 0.366551
2.47288 0.375

2.47283 0.375
2.47893 0.390625

2.47877 0.390625
2.4838 0.40625

2.48377 0.40625
2.48438 0.408368

2.48438 0.408654
2.48816 0.421875

2.48823 0.421875
2.49224 0.4375

2.49238 0.4375
2.49555 0.453125

2.49572 0.453125
2.49743 0.46875

2.4979 0.46875
2.49689 0.484375

2.49775 0.484375
2.49134 0.5

1 0.0748221
1.01562 0.0759962

-1.5 -0.238583
-1.48438 -0.236715

-1.48438 -0.236733
-1.46875 -0.23479

-1.46875 -0.234786
-1.46574 -0.234375

1.01562 0.0758291
1.03125 0.077186

1.03125 0.0770032
1.03875 0.078125

2.98438 -0.078814
3 -0.083402

1.03941 0.078125
1.04688 0.0792425

1.04688 0.079335
1.0625 0.0830315

1.0625 0.0833199
1.07812 0.0877119

1.07812 0.087848
1.09375 0.0920864

2.99219 -0.078125
3 -0.0720144

2.99478 -0.0625
3 -0.0592399

-1.46535 -0.234375
-1.45312 -0.232709

-1.45312 -0.232658
-1.4375 -0.230348

-1.4375 -0.230195
-1.42188 -0.22809

-1.42188 -0.228024
-1.40625 -0.226562

-1.40625 -0.226588
-1.39062 -0.225846

-1.39062 -0.225971
-1.375 -0.225649

1.09375 0.0920872
1.10124 0.09375

1.09987 0.09375
1.10938 0.0958593

1.10938 0.0959752
1.125 0.0978353

-1.375 -0.225751
-1.35938 -0.225395

1.125 0.0975608
1.14062 0.0978654

-1.35938 -0.225408
-1.34375 -0.224788

-1.34375 -0.224759
-1.32812 -0.22391

-1.32812 -0.223876
-1.3125 -0.222924

2.98438 -0.0162702
3 -0.0162702

2.98438 -0.00147978
3 -0.00147978

1.14062 0.0973127
1.15625 0.0977164

1.15625 0.0974746
1.17188 0.0995665

2.53125 0.497374
2.52848 0.5

1.17188 0.0999865
1.1875 0.10341

-1.3125 -0.222904
-1.29688 -0.221958

-1.29688 -0.221952
-1.28125 -0.221067

-1.28125 -0.221071
-1.26562 -0.220253

1.1875 0.104024
1.20312 0.106711

1.20312 0.106905
1.21875 0.107238

1.21875 0.107018
1.23438 0.105048

1.23438 0.104702
1.25 0.101561

2.54688 0.483188
2.54533 0.484375

2.53125 0.496394
2.54545 0.484375

2.54688 0.482861
2.5625 0.47344

2.57812 0.46811
2.57638 0.46875

2.57812 0.468227
2.59375 0.4651

2.5625 0.473801
2.57624 0.46875

2.59375 0.465767
2.60938 0.463597

-1.26562 -0.220259
-1.25 -0.219486

2.60938 0.464246
2.625 0.460402

2.6875 0.434754
2.68038 0.4375

2.625 0.460108
2.64062 0.453882

2.65625 0.446297
2.64126 0.453125

1.25 0.101242
1.26562 0.0982627

1.26562 0.097993
1.28125 0.0963535

1.28125 0.0961901
1.29688 0.0967565

2.64062 0.453676
2.64183 0.453125

1.29688 0.0968243
1.3125 0.0997878

1.3125 0.100086
1.32812 0.104715

1.32812 0.105093
1.342 0.109375

1.34074 0.109375
1.34375 0.110304

2.65625 0.445821
2.67188 0.439695

2.67188 0.440495
2.67964 0.4375

-1.25 -0.219485
-1.23444 -0.21875

-1.23431 -0.21875
-1.21875 -0.218039

-1.21875 -0.21805
-1.20312 -0.217327

2.6875 0.434323
2.70312 0.427084

-1.20312 -0.217329
-1.1875 -0.216568

-1.1875 -0.216571
-1.17188 -0.215761

-1.17188 -0.215763
-1.15625 -0.214894

-1.15625 -0.214896
-1.14062 -0.213958

-1.14062 -0.21396
-1.125 -0.212946

2.71875 0.419126
2.71431 0.421875

-1.125 -0.212949
-1.10938 -0.211851

2.70312 0.427535
2.71227 0.421875

1.34375 0.110345
1.35938 0.113748

-1.10938 -0.211855
-1.09375 -0.210662

1.35938 0.113805
1.375 0.114934

-1.09375 -0.210664
-1.07812 -0.209363

1.375 0.114456
1.39062 0.114156

-1.07812 -0.209357
-1.0625 -0.207954

-1.0625 -0.207927
-1.04688 -0.206487

1.39062 0.113454
1.40625 0.114085

-1.04688 -0.206438
-1.03125 -0.205112

-1.03125 -0.205066
-1.01562 -0.204041

-1.01562 -0.20404
-1 -0.203411

2.75 0.401914
2.73965 0.40625

2.71875 0.415597
2.736 0.40625

1.40625 0.113701
1.42188 0.117435

1.42188 0.117645
1.4375 0.124816

2.98438 0.01078
3 0.01078

2.98438 0.0246447
3 0.0246447

1.43688 0.125
1.4375 0.125286

1.4375 0.12536
1.45312 0.134459

1.45312 0.135106
1.46307 0.140625

2.98438 0.0316589
3 0.0316589

2.98438 0.0618435
3 0.0618435

2.96875 0.109117
2.96837 0.109375

2.96816 0.109375
2.96816 0.125

2.98438 0.0771081
3 0.0771081

1.4631 0.140625
1.46875 0.143758

1.46875 0.143852
1.48438 0.150646

1.48438 0.15058
1.5 0.155463

2.98438 0.0819525
3 0.0819525

2.96875 0.123297
3 0.120265

2.9375 0.211111
2.92926 0.21875

2.92466 0.21875
2.90658 0.25

2.95312 0.156031
2.95304 0.15625

2.96875 0.140405
2.96836 0.140625

2.95312 0.15604
2.96705 0.140625

2.95312 0.171233
2.95286 0.171875

2.94918 0.171875
2.94529 0.1875

2.95312 0.167625
2.96616 0.15625

2.95312 0.172054
2.95604 0.171875

2.96875 0.146718
3 0.136669

3 0.173271
2.96897 0.1875

2.9375 0.214206
2.95528 0.1875

2.95545 0.21875
2.94997 0.25

2.96875 0.201687
2.98674 0.1875

2.79688 0.366275
2.78777 0.375

2.8125 0.353164
2.80417 0.359375

2.79688 0.364674
2.80359 0.359375

2.875 0.291658
2.87036 0.296875

2.85938 0.312251
2.87206 0.296875

2.82812 0.340515
2.82491 0.34375

2.84375 0.325041
2.83943 0.328125

2.82812 0.339047
2.84076 0.328125

2.8125 0.355926
2.82723 0.34375

2.84375 0.329862
2.86133 0.3125

2.75 0.403474
2.78125 0.382644

2.78125 0.38141
2.789 0.375

2.89062 0.275311
2.88627 0.28125

2.90625 0.2555
2.89344 0.265625

2.89062 0.271214
2.89868 0.265625

2.875 0.293204
2.888 0.28125

2.90625 0.268787
2.9375 0.256344

2.90625 0.282179
2.91431 0.28125

2.9375 0.286372
2.96976 0.25

3.0625 -0.312975
3.0556 -0.3125

3.05591 -0.3125
3.0625 -0.312171

3.0625 -0.313084
3.06266 -0.3125

3.0625 -0.311989
3.06273 -0.3125

3 -0.0763635
3.00286 -0.0625

3 -0.0536014
3.00251 -0.0625

3.03125 -0.00308566
3.0243 0

3.0625 -0.00440926
3.04894 0

3.125 -0.00568542
3.09849 0

3.25 -0.00440142
3.21629 0

3.5 -0.00342626
3.42667 0

3.03125 0.0131144
3.02251 0.03125

3.03062 0.03125
3.03125 0.0512418

3.03125 0.0216952
3.05746 0

3.03125 0.0366746
3.03225 0.03125

3.03119 0.0625
3.03125 0.0678639

3.03125 0.112172
3.02697 0.125

3.03305 0.0625
3.03491 0.09375

3.03754 0.09375
3.03319 0.125

3.0625 0.0153596
3.09379 0

3 0.174999
3.03676 0.125

3 0.188469
3.00077 0.1875

3.125 0.0115171
3.19699 0

3.25 0.00537199
3.36441 0

4 -0.00590961
3.58136 0

3.5 0.000379114
3.52686 0

2.01562 0.670308
2.00339 0.671875

2.00553 0.671875
2.00602 0.6875

2.01562 0.669616
2.03125 0.669878

2.01562 0.681865
2.02102 0.671875

2.03125 0.674425
2.04688 0.680028

2.04688 0.682712
2.0625 0.686743

2 0.687762
2.00335 0.6875

2.02599 0.6875
2.03125 0.68957

2.03125 0.693223
2.04688 0.700284

2.04688 0.700617
2.0625 0.701963

2.05209 0.703125
2.0625 0.705326

2.0625 0.680571
2.07559 0.6875

2.07812 0.686568
2.07878 0.6875

2.125 0.654774
2.12449 0.65625

2.07419 0.6875
2.07386 0.703125

2.0625 0.710651
2.07812 0.703551

2.07812 0.707108
2.08067 0.703125

2.1092 0.6875
2.10868 0.703125

2.10688 0.703125
2.10938 0.705278

2.10938 0.689269
2.1222 0.703125

2.11649 0.703125
2.125 0.703162

2.20312 0.62092
2.19535 0.625

2.20312 0.623707
2.21875 0.62354

2.21875 0.622991
2.23438 0.624193

2.23438 0.623648
2.24629 0.625

2.14062 0.635703
2.12673 0.640625

2.125 0.647676
2.13196 0.640625

2.14062 0.638816
2.14567 0.640625

2.14062 0.643042
2.15625 0.647861

2.12663 0.65625
2.12858 0.671875

2.12777 0.671875
2.13736 0.6875

2.15625 0.650316
2.17188 0.652108

2.1875 0.636055
2.18336 0.640625

2.17188 0.652399
2.1875 0.642445

2.17188 0.681051
2.16188 0.6875

2.1875 0.661768
2.18154 0.671875

2.17188 0.679501
2.18036 0.671875

2.13144 0.6875
2.15625 0.694328

2.15625 0.687794
2.15692 0.6875

2.1875 0.629651
2.19371 0.625

2.1875 0.654007
2.20312 0.654731

2.20312 0.652092
2.21875 0.645416

2.1875 0.662988
2.19751 0.65625

2.20312 0.65972
2.21057 0.65625

2.22813 0.625
2.23438 0.630328

2.21875 0.645434
2.23438 0.641376

2.24308 0.625
2.25 0.63196

2.23438 0.64382
2.25 0.642193

2.25 0.623667
2.25286 0.625

2.3125 0.593037
2.30714 0.59375

2.29235 0.59375
2.28312 0.609375

2.28804 0.609375
2.29688 0.624618

2.29688 0.597495
2.30681 0.59375

2.29688 0.620604
2.30656 0.625

2.32812 0.593609
2.3187 0.59375

2.34375 0.593617
2.34202 0.59375

2.31367 0.59375
2.32812 0.598875

2.32812 0.617183
2.31337 0.625

2.34062 0.59375
2.34375 0.599805

2.32812 0.616882
2.33943 0.609375

2.34375 0.590402
2.35938 0.585278

2.375 0.572978
2.36644 0.578125

2.36274 0.578125
2.3659 0.59375

2.34375 0.607137
2.35604 0.59375

2.36788 0.59375
2.375 0.594873

2.26081 0.625
2.26379 0.640625

2.25 0.64594
2.26049 0.640625

2.26562 0.627653
2.26581 0.625

2.26562 0.645256
2.26974 0.640625

2.29153 0.625
2.29688 0.630438

2.29688 0.627786
2.3125 0.631244

2.3125 0.626571
2.31692 0.625

2.40625 0.555337
2.39427 0.5625

2.42188 0.545563
2.41974 0.546875

2.40625 0.553672
2.41937 0.546875

2.42188 0.544118
2.4375 0.536632

2.4375 0.559597
2.43521 0.5625

2.375 0.574799
2.39062 0.565372

2.375 0.593127
2.37649 0.59375

2.39062 0.565044
2.39644 0.5625

2.39062 0.592223
2.40625 0.584505

2.375 0.594971
2.38803 0.59375

2.42188 0.570787
2.41135 0.578125

2.40625 0.582155
2.41167 0.578125

2.42188 0.570133
2.43317 0.5625

2.45312 0.527387
2.44542 0.53125

2.45312 0.526263
2.46875 0.51805

2.4375 0.534495
2.44798 0.53125

2.4375 0.5581
2.45312 0.54853

2.45312 0.545808
2.46875 0.541322

2.45312 0.547831
2.45521 0.546875

2.48438 0.508212
2.47486 0.515625

2.46875 0.519804
2.47179 0.515625

2.48438 0.509856
2.49087 0.5

2.5 0.525968
2.48884 0.53125

2.46875 0.540623
2.48438 0.535147

2.48438 0.534849
2.49047 0.53125

2.51562 0.512665
2.51124 0.515625

2.5 0.524654
2.51177 0.515625

2.51562 0.511799
2.52844 0.5

