-4 -0.00395722
-3.67618 0

-3.57715 0
-3.5 0.000942791

1.5 -0.219997
1.51562 -0.21998

1.51562 -0.219897
1.53125 -0.220474

1.53125 -0.220447
1.54688 -0.221837

-3.5 -0.00236508
-3.44199 0

1.54688 -0.221969
1.5625 -0.223959

1.5625 -0.224233
1.57812 -0.226009

1.57812 -0.22623
1.59375 -0.226803

-3.25 -0.0032927
-3.22373 0

1.59375 -0.226802
1.60938 -0.225729

-3.125 -0.00458752
-3.10613 0

-3 -0.0942504
-3.00069 -0.09375

-3 -0.0677195
-3.00218 -0.0625

1.60938 -0.225497
1.625 -0.223246

-3.00225 -0.0625
-3 -0.0580561

-3.40209 0
-3.25 0.00624657

-3.21434 0
-3.125 0.0118716

-3.10324 0
-3.0625 0.0185906

1.625 -0.222908
1.64062 -0.220621

1.64062 -0.220398
1.65625 -0.219198

1.65625 -0.21926
1.67188 -0.219469

-3.0625 0.0027639
-3.03125 0.0272402

-3.03715 0.03125
-3.03125 0.0434563

-3.03125 0.0218993
-3.02634 0.03125

1.67188 -0.219652
1.6875 -0.220778

-3.03125 0.0457271
-3.02621 0.0625

-3.03212 0.0625
-3.03125 0.0741436

1.6875 -0.220953
1.70312 -0.222279

1.70312 -0.22239
1.71875 -0.223345

1.71875 -0.223354
1.73438 -0.2237

1.73438 -0.223655
1.75 -0.223464

-3.03531 0.09375
-3.03125 0.106952

-3.03125 0.0635425
-3.0216 0.09375

-3.03125 0.104177
-3.014 0.125

-3.02009 0.125
-3 0.14843

0 -0.0655753
0.015625 -0.0715577

0.015625 -0.0713136
0.03125 -0.0768633

0.046875 -0.0820837
0.0339087 -0.078125

-3.00033 0.1875
-3 0.187841

1.75 -0.223417
1.76562 -0.222874

1.76562 -0.22284
1.78125 -0.222105

0.03125 -0.0771404
0.0344749 -0.078125

0.046875 -0.0816945
0.0625 -0.0855638

1.78125 -0.222085
1.79688 -0.221267

1.79688 -0.221255
1.8125 -0.220422

0.09375 -0.0944444
0.0913086 -0.09375

1.8125 -0.220412
1.82812 -0.219607

1.82812 -0.219593
1.84375 -0.21886

0.0625 -0.0853437
0.078125 -0.0894654

0.078125 -0.0896064
0.092692 -0.09375

-1 0.0935331
-0.984375 0.0921291

-0.984375 0.0919604
-0.96875 0.0910143

-0.96875 0.091015
-0.953125 0.0908627

-0.953125 0.0909508
-0.9375 0.0914144

-0.9375 0.0914422
-0.921875 0.09229

-3 -0.080004
-2.98699 -0.078125

-0.921875 0.0922464
-0.90625 0.09351

1.84375 -0.218857
1.84645 -0.21875

-3 -0.0685081
-2.99434 -0.0625

-2.98438 -0.0643806
-2.98422 -0.0625

-0.90625 0.0935316
-0.904448 0.09375

1.84632 -0.21875
1.85938 -0.218234

-0.903628 0.09375
-0.890625 0.0953262

-0.890625 0.0953982
-0.875 0.0979343

-3 -0.0577359
-2.99279 -0.0625

1.85938 -0.218238
1.875 -0.217742

0.09375 -0.0944205
0.109375 -0.0981666

-3 -0.0454412
-2.98836 -0.046875

-2.98438 -0.0612078
-2.98418 -0.0625

-0.875 0.0981957
-0.859375 0.100736

-0.859375 0.100975
-0.84375 0.102517

0.109375 -0.097973
0.125 -0.100757

1.875 -0.217743
1.89062 -0.217358

1.89062 -0.217364
1.90625 -0.217078

1.90625 -0.217088
1.92188 -0.216869

1.92188 -0.216879
1.9375 -0.216688

-0.84375 0.102578
-0.828125 0.102523

-0.828125 0.102469
-0.8125 0.100806

0.125 -0.100572
0.140625 -0.103151

0.140625 -0.102908
0.15625 -0.106135

0.171875 -0.110844
0.166153 -0.109375

1.9375 -0.216695
1.95312 -0.216499

-3 0.0467848
-2.98438 0.0467848

1.95312 -0.216501
1.96875 -0.216283

-0.78125 0.0934674
-0.782335 0.09375

1.96875 -0.216281
1.98438 -0.216043

-0.8125 0.100735
-0.796875 0.097712

-0.796875 0.0976321
-0.78197 0.09375

0.15625 -0.106111
0.168965 -0.109375

0.171875 -0.110732
0.1875 -0.114356

0.1875 -0.114185
0.203125 -0.116944

1.98438 -0.216042
2 -0.215789

0.203125 -0.116877
0.21875 -0.119247

-3 0.0469165
-2.98438 0.0469165

-0.78125 0.0934282
-0.765625 0.0887396

0.21875 -0.119187
0.234375 -0.121421

-0.765625 0.0885849
-0.75 0.0838442

-3 0.103809
-2.96875 0.115526

0.234375 -0.121038
0.25 -0.124023

-2.96875 0.120027
-2.96513 0.125

-2.98955 0.125
-2.96875 0.155927

-0.75 0.0839014
-0.734375 0.0793037

0.265625 -0.128526
0.250375 -0.125

-3 0.169344
-2.97708 0.1875

-0.71875 0.074975
-0.731267 0.078125

0.265625 -0.128086
0.28125 -0.131425

-2.96815 0.125
-2.95312 0.139125

-0.734375 0.0792324
-0.729975 0.078125

-0.71875 0.0750545
-0.703125 0.0724221

-2.9599 0.140625
-2.95312 0.153052

-2.95312 0.140305
-2.95295 0.140625

-2.95312 0.143876
-2.94769 0.15625

-2.96179 0.15625
-2.95778 0.171875

-2.96875 0.186218
-2.95403 0.171875

-2.95312 0.156499
-2.9375 0.167021

-2.95312 0.172471
-2.9375 0.175731

0.28125 -0.131594
0.296875 -0.13431

0.296875 -0.134279
0.3125 -0.136095

-0.703125 0.0724054
-0.6875 0.0711034

0.3125 -0.136012
0.328125 -0.137155

0.328125 -0.137166
0.34375 -0.13778

-0.6875 0.0711537
-0.671875 0.0711149

-0.671875 0.0711819
-0.65625 0.0721716

0.34375 -0.137749
0.359375 -0.137874

0.359375 -0.137846
0.375 -0.137596

0.25 -0.123204
0.257767 -0.125

-0.65625 0.0722437
-0.640625 0.0739838

0.375 -0.137458
0.390625 -0.137163

0.390625 -0.136785
0.40625 -0.137477

-2.98363 0.1875
-2.96875 0.191619

-0.640625 0.0740575
-0.625 0.0762561

-2.94256 0.1875
-2.9375 0.192924

-0.625 0.0763371
-0.613075 0.078125

-2.94019 0.21875
-2.94148 0.25

-2.9375 0.17088
-2.93506 0.171875

-2.93676 0.171875
-2.92188 0.176386

-0.61315 0.078125
-0.609375 0.0786909

-0.609375 0.0787569
-0.59375 0.0809275

0.421875 -0.141123
0.419404 -0.140625

-0.59375 0.0810279
-0.578125 0.0826768

-2.92188 0.171782
-2.92163 0.171875

0.40625 -0.137081
0.421875 -0.14023

0.421875 -0.141056
0.4375 -0.145802

-0.578125 0.0827724
-0.5625 0.0835076

0.46875 -0.157248
0.46599 -0.15625

-0.5625 0.0835137
-0.546875 0.0831318

-0.546875 0.0830535
-0.53125 0.081699

-0.53125 0.0816162
-0.515625 0.0796114

-0.5 0.0771949
-0.506136 0.078125

0.4375 -0.145596
0.453125 -0.150778

-0.515625 0.0795426
-0.506273 0.078125

-2.91494 0.171875
-2.90625 0.176329

0.453125 -0.150888
0.467956 -0.15625

0.46875 -0.157082
0.484375 -0.161887

-2.90625 0.179413
-2.89971 0.1875

-2.9375 0.199641
-2.92188 0.197515

0.484375 -0.161448
0.5 -0.165359

-2.9375 0.205151
-2.93376 0.203125

-2.92188 0.201289
-2.90625 0.202516

-2.92188 0.205966
-2.91217 0.21875

-2.9375 0.239911
-2.90625 0.242987

-2.90499 0.1875
-2.89062 0.200903

-2.89062 0.200106
-2.88152 0.203125

-2.88082 0.203125
-2.875 0.204715

-2.90625 0.228121
-2.90553 0.234375

-0.25 -0.000957702
-0.254472 0

-2.875 0.201975
-2.85938 0.202494

-2.86908 0.203125
-2.85938 0.203447

-2.85938 0.2026
-2.85504 0.203125

-2.85542 0.203125
-2.84375 0.204538

-2.84375 0.20454
-2.82812 0.207693

-2.82812 0.208294
-2.8125 0.211478

-0.25 -0.000780515
-0.234375 -0.00349025

-0.234375 -0.0033716
-0.21875 -0.00591139

-0.21875 -0.0059252
-0.203125 -0.00850473

-0.203125 -0.00852256
-0.1875 -0.0110786

-2.8125 0.211333
-2.79688 0.213637

0.5 -0.165346
0.515625 -0.169267

-2.79688 0.21352
-2.78125 0.215465

-0.1875 -0.0110715
-0.171875 -0.0135824

-0.15625 -0.0160728
-0.159063 -0.015625

0.53125 -0.173082
0.525856 -0.171875

0.515625 -0.169457
0.526434 -0.171875

-0.171875 -0.0135773
-0.159011 -0.015625

-0.15625 -0.0160514
-0.140625 -0.0185511

0.53125 -0.172997
0.546875 -0.175599

-0.140625 -0.0184512
-0.125 -0.0211922

-2.78125 0.215249
-2.76562 0.217501

0.546875 -0.175495
0.5625 -0.177405

-0.125 -0.0211146
-0.109375 -0.024452

-0.109375 -0.0243822
-0.09375 -0.0286107

-0.078125 -0.0337978
-0.0861974 -0.03125

0.5625 -0.17736
0.578125 -0.178874

0.578125 -0.178864
0.59375 -0.180091

-2.76562 0.217625
-2.75908 0.21875

-2.75937 0.21875
-2.75 0.22036

-0.078125 -0.0336734
-0.0625 -0.0390455

-0.09375 -0.0286836
-0.0856187 -0.03125

-2.95158 0.25
-2.9375 0.267168

-2.9375 0.26204
-2.90625 0.256812

-2.90625 0.275034
-2.89684 0.265625

0.59375 -0.180078
0.609375 -0.181066

0.609375 -0.181049
0.625 -0.18186

0 -0.0657038
-0.0075237 -0.0625

2 -0.215793
2.01562 -0.215518

2.01562 -0.215532
2.03125 -0.215199

-0.0625 -0.0388737
-0.046875 -0.0450955

-0.03125 -0.0521518
-0.043672 -0.046875

-2.75 0.220341
-2.73438 0.223147

2.03125 -0.215221
2.04688 -0.214758

0.625 -0.181844
0.640625 -0.182545

2.04688 -0.214784
2.0625 -0.214096

0.640625 -0.182531
0.65625 -0.183182

-2.73438 0.2233
-2.71875 0.225917

-0.046875 -0.0453749
-0.0433437 -0.046875

-2.71875 0.225995
-2.70312 0.22796

0.65625 -0.183173
0.671875 -0.183822

-2.70312 0.227981
-2.6875 0.229092

0.671875 -0.183816
0.6875 -0.184494

-2.6875 0.229023
-2.67188 0.229377

0.75 -0.187933
0.743713 -0.1875

0.6875 -0.18449
0.703125 -0.185219

2.0625 -0.214117
2.07812 -0.213108

0.703125 -0.185213
0.71875 -0.186011

0.71875 -0.186
0.734375 -0.186904

0.734375 -0.186899
0.743089 -0.1875

2.07812 -0.213117
2.09375 -0.211728

2.09375 -0.211714
2.10938 -0.209958

2.10938 -0.209924
2.125 -0.207898

0.75 -0.187954
0.765625 -0.189259

0.765625 -0.189279
0.78125 -0.19078

-2.67188 0.229308
-2.65625 0.229182

-0.03125 -0.0519293
-0.015625 -0.0585896

2.125 -0.207851
2.14062 -0.20572

0.78125 -0.190785
0.796875 -0.192432

2.14062 -0.205668
2.15625 -0.203631

-2.65625 0.229132
-2.64062 0.228763

2.15625 -0.203631
2.16064 -0.203125

-2.64062 0.228748
-2.625 0.228268

2.1604 -0.203125
2.17188 -0.201802

2.17188 -0.201857
2.1875 -0.200236

0.796875 -0.192438
0.8125 -0.19421

0.8125 -0.19422
0.828125 -0.196087

-2.625 0.228261
-2.60938 0.227715

-0.015625 -0.0585919
-0.0064474 -0.0625

2.1875 -0.200237
2.20312 -0.198697

-0.5 0.0771737
-0.484375 0.07458

2.20312 -0.198707
2.21875 -0.197224

0.828125 -0.196106
0.84375 -0.198011

2.21875 -0.197236
2.23438 -0.195766

-0.484375 0.0745885
-0.46875 0.07177

2.23438 -0.195766
2.25 -0.194285

-0.46875 0.0717592
-0.453125 0.0687206

-2.60938 0.227699
-2.59375 0.227136

0.84375 -0.198035
0.859375 -0.199893

0.859375 -0.19991
0.875 -0.201638

-2.59375 0.227097
-2.57812 0.226627

0.890625 -0.203199
0.88989 -0.203125

0.875 -0.201633
0.889805 -0.203125

-0.453125 0.0686967
-0.4375 0.0655073

-2.57812 0.22657
-2.5625 0.226386

0.890625 -0.20318
0.90625 -0.204665

2.25 -0.194277
2.26562 -0.192801

-2.5625 0.226328
-2.54688 0.226659

2.26562 -0.192783
2.28125 -0.191362

-2.54688 0.226626
-2.53125 0.227655

2.28125 -0.191345
2.29688 -0.190049

-2.53125 0.227699
-2.51562 0.229401

-0.421875 0.0622248
-0.423224 0.0625

-2.51562 0.229537
-2.5 0.231553

-0.421875 0.0622874
-0.40625 0.0591723

2.29688 -0.190046
2.3125 -0.188914

0.90625 -0.204643
0.921875 -0.206138

0.921875 -0.206144
0.9375 -0.207684

-0.40625 0.0593047
-0.390625 0.0559569

-0.390625 0.0561074
-0.375 0.0519609

0.9375 -0.207722
0.953125 -0.209221

0.953125 -0.20924
0.96875 -0.210583

-2.67188 0.390843
-2.67166 0.390625

0.96875 -0.210536
0.984375 -0.211777

2.3125 -0.188932
2.32812 -0.18793

-0.4375 0.0654577
-0.422995 0.0625

2.32812 -0.187942
2.33559 -0.1875

-0.359375 0.0466259
-0.360086 0.046875

-0.375 0.0520743
-0.360164 0.046875

0.984375 -0.211671
1 -0.213117

2.33553 -0.1875
2.34375 -0.187013

2.34375 -0.187035
2.35938 -0.186124

2.35938 -0.18612
2.375 -0.185191

-0.359375 0.0467059
-0.34375 0.0394595

-0.328125 0.0295758
-0.330991 0.03125

-0.328125 0.0296147
-0.3125 0.0200408

-0.34375 0.0395221
-0.329589 0.03125

2.375 -0.185179
2.39062 -0.184263

2.39062 -0.184236
2.40625 -0.183411

-0.296875 0.0114704
-0.305171 0.015625

-0.3125 0.0199134
-0.303937 0.015625

-0.296875 0.0119632
-0.28125 0.00639337

-0.28125 0.00665756
-0.265625 0.00245741

-0.265625 0.0024747
-0.25407 0

2.40625 -0.183396
2.42188 -0.182745

2.42188 -0.182738
2.4375 -0.182303

2.4375 -0.18233
2.45312 -0.182072

2.45312 -0.182106
2.46875 -0.181906

2.46875 -0.181959
2.48438 -0.181645

2.48438 -0.181647
2.5 -0.181109

-2.5 0.231711
-2.48438 0.233456

-2.48438 0.233552
-2.47108 0.234375

-2.47096 0.234375
-2.46875 0.234512

-2.46875 0.234519
-2.45312 0.234517

-2.4375 0.233612
-2.45182 0.234375

-2.45312 0.234467
-2.4514 0.234375

-2.4375 0.233521
-2.42188 0.232182

-2.42188 0.232116
-2.40625 0.230591

-2.40625 0.230565
-2.39062 0.229039

-2.39062 0.229046
-2.375 0.227558

-2.375 0.227569
-2.35938 0.226079

-2.35938 0.226064
-2.34375 0.224581

-2.34375 0.224549
-2.32812 0.223167

-2.32812 0.223153
-2.3125 0.221963

-2.3125 0.221963
-2.29688 0.220994

-2.29688 0.22099
-2.28125 0.220252

-2.28125 0.220326
-2.26562 0.219678

-2.26562 0.219806
-2.25 0.218841

1.03125 -0.219626
1.02764 -0.21875

1 -0.21293
1.01562 -0.215165

1.01562 -0.214865
1.03125 -0.218659

1.03125 -0.219563
1.04688 -0.223728

1.04688 -0.223631
1.0625 -0.226754

1.03125 -0.218459
1.03234 -0.21875

-2.25 0.218683
-2.23438 0.217453

-2.23438 0.21748
-2.21875 0.21625

-2.25 0.218857
-2.24863 0.21875

2.5 -0.181048
2.51562 -0.180402

2.51562 -0.180264
2.53125 -0.179909

1.0625 -0.226909
1.07812 -0.228853

1.07812 -0.228791
1.09375 -0.229372

2.53125 -0.179864
2.54688 -0.180165

2.54688 -0.180267
2.5625 -0.181109

1.09375 -0.229266
1.10938 -0.22882

1.10938 -0.22874
1.125 -0.227641

-2.21875 0.216379
-2.20312 0.214847

-2.20312 0.21487
-2.1875 0.212731

1.125 -0.227571
1.14062 -0.22612

1.14062 -0.226071
1.15625 -0.224505

2.5625 -0.181336
2.57812 -0.18206

2.57812 -0.182107
2.59375 -0.182165

1.15625 -0.224472
1.17188 -0.222955

1.17188 -0.222932
1.1875 -0.221573

-2.1875 0.212618
-2.17188 0.210052

-2.17188 0.209967
-2.15625 0.207369

-2.15625 0.207398
-2.14062 0.204883

-2.125 0.20225
-2.13021 0.203125

-2.14062 0.204986
-2.12956 0.203125

1.1875 -0.221553
1.20312 -0.220437

1.20312 -0.220419
1.21875 -0.219621

1.21875 -0.219612
1.23438 -0.219186

-2.125 0.202144
-2.10938 0.199629

-2.10938 0.199652
-2.09375 0.197564

1.23438 -0.219193
1.25 -0.219142

2.59375 -0.181883
2.60938 -0.181746

2.60938 -0.181508
2.625 -0.182218

-2.09375 0.197618
-2.07812 0.195804

-2.07812 0.195842
-2.0625 0.19412

1.25 -0.219163
1.26562 -0.219429

-2.0625 0.19412
-2.04688 0.192411

-2.04688 0.192362
-2.03125 0.190764

1.26562 -0.219458
1.28125 -0.21994

1.28125 -0.219973
1.29688 -0.220546

2.67188 -0.188912
2.6623 -0.1875

2.67188 -0.189121
2.6875 -0.191107

2.625 -0.182324
2.64062 -0.184145

1.29688 -0.220578
1.3125 -0.22111

1.3125 -0.221135
1.32812 -0.221512

-2.03125 0.19069
-2.01562 0.189446

1.32812 -0.221523
1.34375 -0.221672

-2.01562 0.189388
-2 0.188764

2.64062 -0.184347
2.65625 -0.186662

2.65625 -0.186941
2.66004 -0.1875

2.6875 -0.19115
2.70312 -0.192525

2.70312 -0.192338
2.71875 -0.19339

2.71875 -0.193424
2.73438 -0.194456

1.34375 -0.221661
1.35938 -0.221581

2.73438 -0.194424
2.75 -0.195435

1.35938 -0.22155
1.375 -0.221321

1.375 -0.221286
1.39062 -0.221039

1.39062 -0.221019
1.40625 -0.220866

1.40625 -0.220872
1.42188 -0.220839

1.42188 -0.220865
1.4375 -0.220888

1.4375 -0.220917
1.45312 -0.220886

1.45312 -0.220898
1.46875 -0.220729

2.90495 -0.265625
2.90625 -0.261797

2.90626 -0.28125
2.90626 -0.25

2.75 -0.19545
2.76562 -0.196476

2.76562 -0.196472
2.78125 -0.197488

1.46875 -0.220711
1.48438 -0.220414

1.48438 -0.220362
1.5 -0.220075

2.78125 -0.197496
2.79688 -0.198493

2.79688 -0.198493
2.8125 -0.199454

2.8125 -0.19948
2.82812 -0.200356

2.82812 -0.200367
2.84375 -0.201081

2.84375 -0.201121
2.85938 -0.201572

2.85938 -0.201597
2.875 -0.201653

2.875 -0.201746
2.89062 -0.201168

2.89062 -0.20129
2.90625 -0.199649

2.90625 -0.200141
2.92188 -0.196209

2.92188 -0.197964
2.93742 -0.1875

2.93553 -0.1875
2.9375 -0.185922

2.9375 -0.186195
2.94899 -0.171875

2.94949 -0.171875
2.95312 -0.163478

2.95259 -0.15625
2.95312 -0.155202

2.95312 -0.154342
2.96014 -0.140625

2.96516 -0.140625
2.96875 -0.135187

2.96875 -0.125945
2.96924 -0.125

2.9736 -0.125
2.98646 -0.09375

2.98438 -0.0736649
2.98195 -0.0625

2.99028 -0.09375
2.99118 -0.078125

2.98438 -0.0633313
2.9876 -0.078125

2.98411 -0.0625
2.98376 -0.046875

2.98418 -0.046875
2.98438 -0.0406957

2.98433 -0.03125
2.98438 -0.0309321

2.98438 -0.0266851
2.98589 -0.015625

2.98668 -0.015625
2.99054 0

2.99236 0
2.99289 0.015625

2.99125 0.015625
2.98708 0.03125

2.98438 0.0332087
2.98234 0.046875

2.98438 0.0434733
2.98639 0.03125

2.98461 0.046875
2.98443 0.0625

2.98438 0.0795746
2.98574 0.09375

2.98517 0.09375
2.99401 0.125

2.93477 0.21875
2.91672 0.25

2.96875 0.157251
2.96194 0.171875

2.963 0.171875
2.96729 0.1875

2.99496 0.125
2.9901 0.15625

2.96875 0.179187
2.98659 0.1875

2.96875 0.20185
2.95711 0.21875

2.94689 0.21875
2.96875 0.246352

2.96875 0.203764
2.98981 0.1875

2.96875 0.234657
2.96943 0.25

2.90914 0.25
2.9375 0.277733

2.9375 0.269146
2.97544 0.25

3.0625 -0.00658364
3.04429 0

3.125 -0.00595266
3.09375 0

3.25 -0.00460269
3.21021 0

3.5 -0.00340382
3.41213 0

3.03125 0.0270297
3.00569 0.03125

3.02562 0.03125
3.02349 0.0625

-2 0.188749
-1.98438 0.18889

-1.98438 0.18892
-1.96875 0.189796

-1.96875 0.189806
-1.95312 0.191334

-1.95312 0.19128
-1.9375 0.193549

3.03125 0.0161423
3.05265 0

3.02462 0.0625
3.03014 0.09375

3.03125 0.119189
3.02713 0.125

3.03125 0.0835469
3.03263 0.09375

3.03125 0.122416
3.03587 0.09375

-1.9375 0.193481
-1.92188 0.196732

-1.92188 0.197054
-1.90625 0.200779

3.0625 0.0136942
3.09414 0

3 0.161112
3.03091 0.125

-1.90625 0.201204
-1.89507 0.203125

-1.89529 0.203125
-1.89062 0.203926

3 0.192327
3.00275 0.1875

3.125 0.00921043
3.19387 0

3.25 0.00399435
3.35266 0

-1.89062 0.204257
-1.875 0.204314

4 -0.00525336
3.55067 0

-1.8125 0.184909
-1.82269 0.1875

-1.85938 0.200731
-1.87056 0.203125

-1.875 0.204577
-1.86822 0.203125

-1.85938 0.200258
-1.84375 0.194933

-1.84375 0.194583
-1.82812 0.189283

-1.82812 0.189148
-1.82165 0.1875

-1.8125 0.184962
-1.79688 0.183005

-1.79688 0.183212
-1.78125 0.182951

-1.78125 0.18314
-1.76562 0.183782

-1.76562 0.18391
-1.75 0.184823

-1.75 0.184898
-1.73438 0.185674

-1.73438 0.185741
-1.71875 0.186096

-1.71875 0.186135
-1.70312 0.185856

-1.70312 0.185918
-1.6875 0.184802

-1.6875 0.18477
-1.67188 0.182759

-1.67188 0.183031
-1.65625 0.179644

-1.65625 0.180167
-1.64062 0.173813

-1.625 0.164051
-1.63898 0.171875

-1.64062 0.173976
-1.63683 0.171875

-1.60938 0.154855
-1.61325 0.15625

-1.60938 0.153509
-1.60174 0.15625

-1.625 0.162549
-1.60938 0.156796

-1.60223 0.15625
-1.59375 0.161937

-1.59375 0.164502
-1.58883 0.171875

-1.59111 0.171875
-1.58461 0.1875

-1.58719 0.1875
-1.57812 0.200013

-1.57812 0.198918
-1.57343 0.203125

-1.57391 0.203125
-1.5625 0.21058

-1.5625 0.209001
-1.54688 0.214104

-1.54688 0.213579
-1.53125 0.217258

-1.53125 0.21718
-1.52424 0.21875

-1.52407 0.21875
-1.51562 0.220642

-1.51562 0.220717
-1.5 0.224126

-1.5 0.223444
-1.48438 0.228011

-1.48438 0.227007
-1.4717 0.234375

-1.47175 0.234375
-1.46875 0.23614

-1.46875 0.237058
-1.45399 0.25

-1.40625 0.243915
-1.42123 0.25

-1.40625 0.244888
-1.39062 0.240998

-1.39062 0.241665
-1.375 0.236951

-1.35938 0.230101
-1.36902 0.234375

-1.375 0.236897
-1.36931 0.234375

-1.35938 0.229745
-1.34375 0.221175

-1.32812 0.211756
-1.33979 0.21875

-1.3125 0.201618
-1.31491 0.203125

-1.32812 0.211687
-1.31458 0.203125

-1.34375 0.220838
-1.34025 0.21875

-1.28125 0.181549
-1.29108 0.1875

-1.28125 0.181844
-1.26562 0.173571

-1.25 0.166582
-1.2619 0.171875

-1.26562 0.173834
-1.26122 0.171875

-1.3125 0.201633
-1.29688 0.191615

-1.29688 0.191968
-1.28949 0.1875

-1.45601 0.25
-1.45312 0.252766

-1.45312 0.256084
-1.4375 0.26183

-1.4375 0.258602
-1.42188 0.252667

-1.42188 0.250233
-1.4213 0.25

-1.125 0.119736
-1.13599 0.125

-1.21875 0.155453
-1.22104 0.15625

-1.25 0.166757
-1.23438 0.160855

-1.23438 0.161067
-1.2205 0.15625

-1.21875 0.155459
-1.20312 0.150458

-1.20312 0.150619
-1.1875 0.14604

-1.1875 0.146366
-1.17188 0.141231

-1.15625 0.13511
-1.17091 0.140625

-1.17188 0.141113
-1.17058 0.140625

-1.15625 0.135639
-1.14062 0.128439

-1.14062 0.127761
-1.13486 0.125

-1.125 0.12047
-1.10938 0.113668

-1.09375 0.106955
-1.10034 0.109375

-1.10938 0.11307
-1.09931 0.109375

-1.09375 0.107644
-1.07812 0.103546

-1.07812 0.103665
-1.0625 0.100052

-1.0625 0.0997583
-1.04688 0.0969808

-1.04688 0.0970639
-1.03125 0.0955428

-1 0.0935925
-1.00197 0.09375

-1.03125 0.0958294
-1.01562 0.0948254

-1.01562 0.0949273
-1.00089 0.09375

