-4 -0.00186843
-3.73081 0

-3.63338 0
-3.5 0.000925774

-3.5 -0.00192497
-3.42078 0

-3.25 -0.00271251
-3.21343 0

-3.125 -0.00372647
-3.10555 0

-3.39496 0
-3.25 0.0035748

-3.20884 0
-3.125 0.00697738

-3.1059 0
-3.0625 0.0115737

-3.0625 0.000840539
-3.03125 0.0202004

-3.03156 0.03125
-3.03125 0.0317732

-3 0.025949
-3.02234 0.03125

-3.02824 0.03125
-3.0053 0.0625

-3.02291 0.0625
-3.00826 0.09375

-3.00699 0.09375
-3 0.122326

-3.02054 0.125
-3 0.152556

1.51562 0.0616019
1.5074 0.0625

1.51562 0.061573
1.53125 0.0598445

1.53125 0.0598299
1.54688 0.0582112

1.54688 0.0582088
1.5625 0.0567337

1.5 0.0633546
1.50783 0.0625

1.5625 0.056736
1.57812 0.0554048

1.57812 0.0554095
1.59375 0.054208

1.59375 0.0542123
1.60938 0.0531226

1.60938 0.0531255
1.625 0.052133

1.625 0.0521357
1.64062 0.0512295

1.64062 0.0512327
1.65625 0.0504009

1.65625 0.0504038
1.67188 0.0496339

1.67188 0.0496359
1.6875 0.048918

1.6875 0.0489189
1.70312 0.0482469

1.70312 0.0482456
1.71875 0.0476201

1.71875 0.0476175
1.73438 0.0470462

1.75 0.046536
1.73957 0.046875

1.73438 0.0470445
1.73959 0.046875

-2.9375 -0.196401
-2.9428 -0.1875

-2.96875 -0.126019
-2.96921 -0.125

-2.95312 -0.178994
-2.95614 -0.171875

-2.95312 -0.17352
-2.94689 -0.1875

-2.95312 -0.158667
-2.95101 -0.171875

-2.95312 -0.15401
-2.95991 -0.140625

-1 -0.138892
-0.984375 -0.133967

1.75 0.0465322
1.76562 0.046101

-2.96875 -0.134951
-2.96496 -0.140625

-0.979937 -0.140625
-0.969191 -0.125

-0.96875 -0.136879
-0.963476 -0.125

-2.95312 -0.155281
-2.95263 -0.15625

1.76562 0.0460993
1.78125 0.0457562

-0.9375 -0.125537
-0.939624 -0.125

-2.90625 -0.23738
-2.9337 -0.21875

-0.921875 -0.125471
-0.924162 -0.125

-0.986358 -0.125
-0.984375 -0.12296

-0.984375 -0.122527
-0.975268 -0.109375

-0.974001 -0.109375
-0.96875 -0.106562

-0.96875 -0.110939
-0.963304 -0.109375

-0.96875 -0.107657
-0.953125 -0.108055

1.78125 0.0457536
1.79688 0.0455073

-0.953125 -0.111396
-0.9375 -0.115667

-2.92188 -0.216934
-2.92905 -0.203125

1.79688 0.0455034
1.8125 0.0453669

-2.9375 -0.198419
-2.93368 -0.203125

1.8125 0.0453631
1.82812 0.0453516

-0.9375 -0.116302
-0.921875 -0.119538

-2.92188 -0.216471
-2.92063 -0.21875

1.82812 0.0453482
1.84375 0.0454763

-2.90625 -0.234421
-2.90576 -0.234375

-2.90625 -0.232897
-2.89062 -0.231484

1.84375 0.0454734
1.85938 0.0457538

-2.89062 -0.230225
-2.875 -0.228097

-0.921875 -0.119392
-0.90625 -0.120629

1.85938 0.0457528
1.875 0.0461935

-2.97378 -0.125
-2.98614 -0.09375

-2.9894 -0.09375
-2.98984 -0.078125

-2.9858 -0.078125
-2.98438 -0.0699345

-2.98438 -0.0747134
-2.98229 -0.0625

-2.98438 -0.0499198
-2.98412 -0.0625

-2.98438 -0.0449987
-2.98428 -0.046875

-2.98438 -0.0294491
-2.98766 -0.015625

-2.98864 -0.015625
-2.99497 0

-2.98438 -0.0311066
-2.98434 -0.03125

-0.90625 -0.120539
-0.890625 -0.120283

-2.875 -0.228176
-2.85938 -0.227691

-2.85938 -0.227688
-2.84375 -0.228692

1.875 0.0461894
1.89062 0.0468006

-2.84375 -0.22918
-2.82812 -0.230701

-0.890625 -0.120142
-0.875 -0.118854

1.89062 0.0468005
1.89209 0.046875

-0.875 -0.118842
-0.859375 -0.116827

-2.82812 -0.230566
-2.8125 -0.231901

1.89216 0.046875
1.90625 0.0475933

-0.859375 -0.116733
-0.84375 -0.114204

1.90625 0.0475954
1.92188 0.0485809

-2.8125 -0.232094
-2.79688 -0.233128

1.92188 0.048581
1.9375 0.0497516

-0.84375 -0.114023
-0.828125 -0.111533

-0.828125 -0.111482
-0.8125 -0.109494

-0.8125 -0.109582
-0.810452 -0.109375

-0.810331 -0.109375
-0.796875 -0.108014

-2.79688 -0.232939
-2.78125 -0.233664

-0.796875 -0.107914
-0.78125 -0.106739

1.9375 0.0497516
1.95312 0.0511073

-2.78125 -0.233839
-2.76562 -0.234284

1.95312 0.0511073
1.96875 0.0526482

1.96875 0.0526484
1.98438 0.0543741

1.98438 0.0543739
2 0.0562842

-2.76562 -0.234127
-2.75 -0.234254

0 0.00858647
0.00972012 0.015625

0.00925593 0.015625
0.015625 0.0201743

0.015625 0.0203607
0.03125 0.0302209

0.03125 0.0303308
0.0331282 0.03125

0.0332943 0.03125
0.046875 0.0378965

0.046875 0.0376632
0.0625 0.0435063

0.0625 0.0430963
0.072923 0.046875

0.0744726 0.046875
0.078125 0.0481991

-0.78125 -0.106732
-0.765625 -0.106171

-0.765625 -0.106216
-0.75 -0.106192

0.078125 0.0479972
0.09375 0.0558306

0.09375 0.0562936
0.103287 0.0625

-0.75 -0.106253
-0.734375 -0.106554

-0.734375 -0.106583
-0.71875 -0.107029

0.10306 0.0625
0.109375 0.0666094

0.109375 0.0669156
0.125 0.0775854

-2.75 -0.23432
-2.73438 -0.23431

0.125 0.0777704
0.125548 0.078125

-0.71875 -0.10701
-0.703125 -0.107582

-0.703125 -0.107498
-0.6875 -0.1084

-2.73438 -0.234181
-2.71875 -0.234159

-0.671875 -0.109988
-0.677713 -0.109375

-0.6875 -0.108243
-0.676711 -0.109375

-0.671875 -0.110125
-0.65625 -0.11233

-0.65625 -0.112465
-0.640625 -0.114552

-2.71875 -0.234191
-2.70312 -0.234353

-2.6875 -0.234702
-2.6998 -0.234375

-0.640625 -0.1146
-0.625 -0.116203

0.125493 0.078125
0.140625 0.0877426

-2.70312 -0.234285
-2.69975 -0.234375

-2.6875 -0.234755
-2.67188 -0.235449

-2.67188 -0.235448
-2.65625 -0.236315

-2.65625 -0.236402
-2.64062 -0.237269

-2.64062 -0.237271
-2.625 -0.23796

-2.625 -0.237972
-2.60938 -0.238456

-2.60938 -0.238392
-2.59375 -0.238774

-0.625 -0.11619
-0.609375 -0.117242

0.140625 0.088043
0.150896 0.09375

0.152588 0.09375
0.15625 0.095784

0.15625 0.0959653
0.171875 0.104313

0.171875 0.104931
0.18024 0.109375

0.181446 0.109375
0.1875 0.112591

0.1875 0.11293
0.203125 0.120551

0.203125 0.121175
0.212727 0.125

-0.609375 -0.117174
-0.59375 -0.117838

-0.59375 -0.117826
-0.578125 -0.118261

2 0.0562828
2.01562 0.058381

2.01562 0.0583805
2.03125 0.0606704

2.03125 0.0606361
2.04252 0.0625

2.0429 0.0625
2.04688 0.0631581

2.04688 0.0632286
2.0625 0.0661626

0.214533 0.125
0.21875 0.12668

0.21875 0.126266
0.234375 0.132115

0.234375 0.130621
0.25 0.139802

0.244905 0.140625
0.25 0.143919

-2.59375 -0.238755
-2.57812 -0.239203

-2.57812 -0.239169
-2.5625 -0.239786

-2.5625 -0.239801
-2.54688 -0.240627

-2.54688 -0.24062
-2.53125 -0.241639

0.25 0.137814
0.25489 0.140625

-0.578125 -0.118084
-0.5625 -0.118668

0.25 0.144098
0.265625 0.151888

0.265625 0.151079
0.28125 0.151578

0.28125 0.150628
0.296875 0.146474

0.3125 0.139414
0.309029 0.140625

0.296875 0.145879
0.311932 0.140625

0.3125 0.139387
0.328125 0.135907

0.328125 0.135905
0.34375 0.136218

0.34375 0.136391
0.359375 0.140082

0.357226 0.140625
0.359375 0.141133

0.359375 0.140534
0.359682 0.140625

0.359375 0.141138
0.375 0.145749

2.0625 0.0661863
2.07812 0.0693732

0.375 0.14552
0.390625 0.149467

0.390625 0.149569
0.40625 0.153106

0.40625 0.153193
0.421875 0.155941

0.421875 0.155942
0.424639 0.15625

0.424401 0.15625
0.4375 0.157708

0.4375 0.157485
0.453125 0.158604

0.453125 0.158345
0.46875 0.159797

0.46875 0.159491
0.484375 0.162407

0.484375 0.162276
0.5 0.16753

-2.53125 -0.241649
-2.51562 -0.242853

-2.51562 -0.242852
-2.5 -0.244224

-0.5625 -0.118803
-0.546875 -0.119618

-2.99874 0
-2.99826 0.015625

2.07812 0.0693721
2.09375 0.0727668

-2.99366 0.015625
-2.98775 0.03125

-2.98438 0.0138112
-2.98375 0.015625

-2.9843 0.015625
-2.97847 0.03125

-2.99129 0.03125
-2.98889 0.046875

-0.546875 -0.119952
-0.53125 -0.12006

-0.53125 -0.119787
-0.515625 -0.119068

2.09375 0.0727662
2.10938 0.0763721

2.10938 0.0763264
2.1164 0.078125

2.11673 0.078125
2.125 0.0802427

-0.515625 -0.118744
-0.5 -0.118394

2.125 0.0804301
2.14062 0.0847163

2.14062 0.0847625
2.15625 0.0889447

2.15625 0.0889126
2.17188 0.0929626

-2.98756 0.046875
-2.98438 0.0613005

-2.98383 0.03125
-2.98206 0.046875

-2.98393 0.046875
-2.9815 0.0625

-0.796875 0.25
-0.78125 0.25

-2.98438 0.0902176
-2.98572 0.09375

-2.98362 0.0625
-2.98399 0.078125

-2.98438 0.0921549
-2.98376 0.078125

2.17188 0.0929649
2.17491 0.09375

2.17506 0.09375
2.1875 0.0969652

-2.98359 0.09375
-2.98999 0.125

2.1875 0.0970942
2.20312 0.100933

-2.97783 0.125
-2.99219 0.15625

0.5 0.167849
0.512923 0.171875

-0.453125 -0.200067
-0.460891 -0.1875

-0.453125 -0.194171
-0.4375 -0.197503

0.504451 0.171875
0.515625 0.175356

0.515625 0.174181
0.53125 0.175097

0.53125 0.174018
0.546875 0.172558

0.5625 0.170982
0.553126 0.171875

0.546875 0.17245
0.552916 0.171875

0.5625 0.170816
0.578125 0.169806

0.578125 0.169493
0.59375 0.169903

0.59375 0.169733
0.606503 0.171875

0.604461 0.171875
0.609375 0.1727

0.609375 0.172942
0.625 0.176951

2.20312 0.1009
2.21875 0.104363

0.625 0.177374
0.640625 0.180924

0.640625 0.181437
0.65625 0.182653

0.65625 0.18263
0.671875 0.180531

0.671875 0.179912
0.6875 0.175784

0.703125 0.171645
0.702141 0.171875

0.6875 0.175136
0.701474 0.171875

0.71875 0.169211
0.703275 0.171875

0.71875 0.169484
0.734375 0.166409

0.734375 0.166388
0.75 0.162427

-0.456782 -0.1875
-0.453972 -0.171875

-0.453125 -0.181072
-0.450977 -0.1875

-3 0.168017
-2.96875 0.165758

-2.96875 0.143847
-2.95528 0.15625

0.78125 0.155128
0.775075 0.15625

0.75 0.162027
0.765625 0.158024

0.765625 0.157707
0.773644 0.15625

0.78125 0.155438
0.796875 0.153254

0.796875 0.153497
0.8125 0.150569

0.8125 0.150477
0.828125 0.146504

0.828125 0.146101
0.84375 0.142077

0.859375 0.138996
0.851261 0.140625

0.84375 0.141853
0.849863 0.140625

0.859375 0.139222
0.875 0.136405

2.21875 0.104323
2.23438 0.107555

0.9375 0.123453
0.928326 0.125

0.9375 0.123553
0.953125 0.121329

0.953125 0.121344
0.96875 0.119194

0.96875 0.119193
0.984375 0.117091

0.984375 0.117081
1 0.115047

0.875 0.136433
0.890625 0.133183

0.890625 0.133086
0.90625 0.129538

0.90625 0.129361
0.921875 0.126064

0.921875 0.125949
0.927501 0.125

-2.96875 0.170952
-2.96121 0.15625

-2.96875 0.17369
-2.96566 0.171875

-0.445799 -0.171875
-0.442124 -0.15625

-0.453125 -0.132603
-0.461851 -0.125

-0.442842 -0.15625
-0.447722 -0.140625

-0.453125 -0.132526
-0.44724 -0.140625

-0.4375 -0.189672
-0.434849 -0.1875

-0.432535 -0.1875
-0.421875 -0.17645

-0.419639 -0.171875
-0.409286 -0.15625

-0.408321 -0.15625
-0.40625 -0.152482

-0.40625 -0.150009
-0.401049 -0.140625

-0.401221 -0.140625
-0.393356 -0.125

-0.375 -0.141607
-0.376181 -0.140625

-0.390625 -0.127703
-0.388935 -0.125

2.23438 0.107495
2.24334 0.109375

2.24377 0.109375
2.25 0.11068

-0.5 -0.118456
-0.484375 -0.118998

-0.484375 -0.117744
-0.46875 -0.121562

-0.46875 -0.121154
-0.462569 -0.125

-0.393332 -0.125
-0.390625 -0.119243

-0.390625 -0.122776
-0.386073 -0.109375

-0.386699 -0.109375
-0.378197 -0.09375

-0.378369 -0.09375
-0.375 -0.0891157

2.25 0.110786
2.26562 0.114192

-2.5 -0.244267
-2.48438 -0.245724

2.26562 0.114195
2.28125 0.117617

-0.34375 -0.16484
-0.349438 -0.15625

-0.375 -0.141728
-0.36154 -0.15625

-0.375 -0.135473
-0.359375 -0.133367

2.28125 0.117603
2.29688 0.121061

-2.48438 -0.245773
-2.46875 -0.247132

2.29688 0.121004
2.3125 0.124641

2.3125 0.124658
2.31385 0.125

2.31397 0.125
2.32812 0.128581

2.32812 0.12866
2.34375 0.13279

2.34375 0.132756
2.35938 0.136978

-0.359375 -0.152386
-0.34375 -0.149597

2.35938 0.136906
2.37208 0.140625

2.37252 0.140625
2.375 0.141351

-0.328125 -0.181226
-0.342736 -0.171875

2.375 0.141504
2.39062 0.146527

-2.46875 -0.247156
-2.45312 -0.248273

2.39062 0.146529
2.40625 0.151901

2.40625 0.151853
2.41798 0.15625

2.41822 0.15625
2.42188 0.15762

-0.34375 -0.171426
-0.343613 -0.171875

-0.328125 -0.18034
-0.3125 -0.175286

-2.45312 -0.248265
-2.4375 -0.24911

-2.4375 -0.249147
-2.42188 -0.249661

-2.42188 -0.249724
-2.40625 -0.249706

-0.34375 -0.155183
-0.328125 -0.146255

-0.328125 -0.149574
-0.3125 -0.144818

2.42188 0.15776
2.4375 0.1641

1 0.115047
1.01562 0.113099

1.01562 0.113109
1.03125 0.111227

1.03125 0.11118
1.04688 0.109439

1.0625 0.10793
1.04759 0.109375

1.0625 0.107959
1.07812 0.106603

1.07812 0.10661
1.09375 0.105338

1.09375 0.105347
1.10938 0.104127

1.10938 0.104132
1.125 0.102937

2.4375 0.164126
2.45312 0.170755

1.125 0.102941
1.14062 0.10175

1.14062 0.101749
1.15625 0.100557

1.15625 0.100552
1.17188 0.0993701

1.17188 0.0993645
1.1875 0.0982161

1.1875 0.098219
1.20312 0.0971087

1.20312 0.0971195
1.21875 0.0960202

1.21875 0.096026
1.23438 0.0949047

1.23438 0.0948822
1.25 0.0937721

2.45312 0.170806
2.45559 0.171875

2.45559 0.171875
2.46875 0.177569

2.46875 0.177616
2.48438 0.184314

-0.3125 -0.173186
-0.31081 -0.171875

2.48438 0.184281
2.49201 0.1875

2.49198 0.1875
2.5 0.190884

-0.308869 -0.171875
-0.296875 -0.156739

-0.296875 -0.158202
-0.295527 -0.15625

-0.296875 -0.152002
-0.305856 -0.140625

-0.31242 -0.140625
-0.296875 -0.126119

-0.295202 -0.15625
-0.288701 -0.140625

3 -0.220437
2.99948 -0.21875

2.99831 -0.21875
3 -0.21732

1.26562 0.0927068
1.2505 0.09375

1.26562 0.0927269
1.28125 0.0916158

1.28125 0.0916072
1.29688 0.0904388

1.29688 0.0904369
1.3125 0.0892324

1.3125 0.0892568
1.32812 0.0879712

1.32812 0.0880109
1.34375 0.0865161

1.34375 0.0865366
1.35938 0.0847123

1.35938 0.0847014
1.375 0.0825283

-2.40625 -0.249736
-2.39062 -0.249

1.375 0.0825418
1.39062 0.0800149

3 -0.15625
3 -0.153021

1.40625 0.0769552
1.40021 0.078125

-2.39062 -0.249059
-2.375 -0.247425

-0.285249 -0.140625
-0.288366 -0.125

-2.375 -0.247582
-2.35938 -0.244619

1.39062 0.0801272
1.40096 0.078125

1.40625 0.0768155
1.42188 0.0736311

1.42188 0.0735681
1.4375 0.0708165

1.4375 0.0708578
1.45312 0.0685822

1.45312 0.0686205
1.46875 0.0666617

-0.375 -0.0884677
-0.364936 -0.078125

1.46875 0.066683
1.48438 0.0649221

-2.35938 -0.244468
-2.34375 -0.240165

1.48438 0.0649505
1.5 0.0632881

3 -0.0798093
2.99702 -0.078125

-0.364919 -0.078125
-0.359375 -0.0739336

3 -0.0755545
2.99417 -0.0625

2.99877 -0.0625
3 -0.0567843

-0.359375 -0.0741558
-0.34375 -0.0664379

2.99221 -0.046875
3 -0.0380359

2.99968 -0.03125
3 -0.0311938

-0.34375 -0.0671138
-0.328125 -0.0634388

-2.34375 -0.239751
-2.32812 -0.235237

2.5 0.190909
2.51562 0.197376

2.51562 0.197377
2.52994 0.203125

2.52991 0.203125
2.53125 0.203663

2.53125 0.203678
2.54688 0.209712

-0.3125 -0.065484
-0.321426 -0.0625

2.54688 0.209675
2.5625 0.215495

2.5625 0.215415
2.57142 0.21875

2.57142 0.21875
2.57812 0.221256

2.57812 0.221117
2.59375 0.227433

-0.328125 -0.0607577
-0.320853 -0.0625

2.59375 0.227267
2.60875 0.234375

2.60882 0.234375
2.60938 0.234639

-0.3125 -0.0131296
-0.320239 0

2.60938 0.234597
2.625 0.243558

-0.302318 -0.125
-0.296875 -0.114701

2.625 0.243442
2.63443 0.25

-0.296875 -0.100139
-0.298117 -0.09375

-0.296875 -0.111173
-0.28125 -0.121498

-2.32812 -0.235105
-2.32475 -0.234375

-2.32548 -0.234375
-2.3125 -0.231571

-2.3125 -0.231918
-2.29688 -0.229569

-0.296875 -0.101299
-0.28125 -0.0986473

-2.29688 -0.229196
-2.28125 -0.227985

-2.28125 -0.227794
-2.26562 -0.228848

-2.26562 -0.229575
-2.25 -0.231826

-0.296875 -0.0886094
-0.303834 -0.078125

-0.3125 -0.0658589
-0.300433 -0.078125

-0.29122 -0.09375
-0.28125 -0.0892811

-0.282393 -0.078125
-0.28125 -0.0741202

-0.28125 -0.111716
-0.27987 -0.125

-0.28125 -0.103806
-0.279388 -0.09375

-0.28125 -0.0875772
-0.278477 -0.078125

-0.28125 -0.067441
-0.279755 -0.078125

2.63441 0.25
2.64062 0.254367

-2.25 -0.232078
-2.23438 -0.23357

2.64062 0.254194
2.65379 0.265625

2.65354 0.265625
2.65625 0.26826

2.65625 0.267724
2.66831 0.28125

2.668 0.28125
2.67188 0.287107

2.67188 0.286732
2.67851 0.296875

-0.296875 -0.0369183
-0.300321 -0.03125

-0.282874 -0.0625
-0.289546 -0.046875

-2.23438 -0.233387
-2.21875 -0.23398

-2.21875 -0.233852
-2.20312 -0.234168

-2.1875 -0.234472
-2.19238 -0.234375

-0.296875 -0.0379324
-0.291323 -0.046875

-0.300676 -0.03125
-0.310546 -0.015625

2.67837 0.296875
2.68546 0.3125

2.68529 0.3125
2.6875 0.320306

2.6875 0.320342
2.68971 0.328125

-0.3125 -0.0133309
-0.311148 -0.015625

2.68956 0.328125
2.692 0.34375

2.69189 0.34375
2.69285 0.359375

2.69275 0.359375
2.69266 0.375

-2.20312 -0.23416
-2.19229 -0.234375

-2.1875 -0.234508
-2.17188 -0.234754

-2.17188 -0.234783
-2.15625 -0.234832

-0.140625 -0.0138957
-0.15267 0

-0.125 -0.0290921
-0.139434 -0.015625

2.6875 0.414883
2.68612 0.421875

2.6821 0.421875
2.68589 0.4375

2.67176 0.4375
2.67188 0.438214

-0.140625 -0.0139568
-0.139052 -0.015625

2.66897 0.453125
2.67188 0.456028

-0.109375 -0.0396621
-0.1231 -0.03125

-2.15625 -0.234827
-2.14062 -0.234628

2.67188 0.439532
2.6875 0.450451

-2.14062 -0.234601
-2.13141 -0.234375

-0.109375 -0.0388964
-0.09375 -0.0431007

-0.125 -0.0283271
-0.120379 -0.03125

2.67188 0.45319
2.67458 0.453125

-2.13139 -0.234375
-2.125 -0.234218

2.69276 0.375
2.69163 0.390625

2.69153 0.390625
2.68937 0.40625

-0.09375 -0.0431952
-0.078125 -0.0426467

-0.078125 -0.0425573
-0.0625 -0.0372457

2.68844 0.40625
2.6879 0.421875

-0.0625 -0.0368856
-0.0528724 -0.03125

-2.125 -0.234194
-2.10938 -0.233727

-2.10938 -0.233725
-2.09375 -0.233225

-0.0529356 -0.03125
-0.046875 -0.0276997

-0.046875 -0.0274475
-0.03125 -0.0157705

-2.09375 -0.233245
-2.07812 -0.232677

2.6875 0.435278
2.6917 0.4375

-2.07812 -0.232709
-2.0625 -0.231971

-2.0625 -0.232
-2.04688 -0.23097

-2.04688 -0.230991
-2.03125 -0.22957

-0.0319872 -0.015625
-0.03125 -0.0150389

-0.03125 -0.015008
-0.015625 -0.00287935

-0.015625 -0.00264145
-0.0119883 0

-2.03125 -0.229569
-2.01562 -0.227716

-2.01562 -0.227673
-2 -0.22548

2.70312 0.434563
2.71875 0.426383

2.71875 0.424997
2.75 0.409935

2.69508 0.4375
2.71875 0.439555

-0.328125 0.0200953
-0.330591 0.03125

-0.320712 0
-0.327348 0.015625

-0.328125 0.0190474
-0.327368 0.015625

-0.33185 0.03125
-0.330027 0.046875

-0.330705 0.046875
-0.328125 0.0514392

-0.328125 0.0521083
-0.318429 0.0625

2.9375 0.244646
2.93215 0.25

2.99225 0.15625
2.97541 0.1875

2.96875 0.216456
2.96747 0.21875

-0.318756 0.0625
-0.3125 0.0663791

-0.28125 0.0597954
-0.293156 0.0625

2.9375 0.247638
2.96329 0.21875

2.96875 0.212723
2.98264 0.1875

-0.25 0.016335
-0.261994 0.03125

-0.28125 0.0567863
-0.265625 0.0621606

-0.253175 0.03125
-0.254604 0.046875

-0.25 0.0597165
-0.250469 0.0625

-0.3125 0.0661823
-0.296875 0.0670746

-0.296875 0.0641148
-0.289766 0.0625

-0.267019 0.0625
-0.265625 0.0637626

-0.265625 0.0703995
-0.259119 0.078125

2.8125 0.363169
2.79734 0.375

2.875 0.308433
2.87076 0.3125

-0.261115 0.078125
-0.261823 0.09375

-0.265625 0.103211
-0.267248 0.109375

-0.273918 0.109375
-0.269479 0.125

-0.265625 0.108576
-0.263843 0.09375

2.84375 0.336863
2.83539 0.34375

2.8125 0.365298
2.83939 0.34375

2.84375 0.340316
2.87489 0.3125

-0.265625 0.123932
-0.25 0.122066

-0.328125 0.151993
-0.329526 0.15625

2.78125 0.391557
2.75886 0.40625

2.75 0.411087
2.75793 0.40625

2.78125 0.38949
2.79989 0.375

-0.3125 0.135736
-0.320194 0.140625

-0.328125 0.150305
-0.322787 0.140625

-0.331095 0.15625
-0.328125 0.162814

2.90625 0.276186
2.90183 0.28125

2.875 0.312375
2.90516 0.28125

-0.328125 0.161458
-0.313853 0.171875

-0.314155 0.171875
-0.3125 0.172278

-0.3125 0.135759
-0.296875 0.136648

-0.296875 0.135769
-0.282317 0.140625

-0.285639 0.140625
-0.285839 0.15625

2.90625 0.278519
2.93315 0.25

-0.3125 0.16713
-0.296875 0.161357

-0.3125 0.172098
-0.311758 0.171875

-0.296875 0.163788
-0.287841 0.15625

3 -0.250064
3.00038 -0.25

3 -0.214013
3.00022 -0.25

3 -0.0712932
3.02806 -0.0625

-0.28125 0.129904
-0.265625 0.127876

-0.265625 0.125837
-0.263066 0.125

3 -0.0404332
3.0155 -0.0625

3.03125 -0.0181868
3.02077 0

3.0625 -0.00449879
3.04013 0

3.125 -0.000627555
3.12059 0

3.5 -0.00107553
3.46328 0

-2 -0.22539
-1.98438 -0.223124

3.03125 0.0199192
3.02529 0.03125

3.02748 0.03125
3.02241 0.0625

-1.98438 -0.223018
-1.96875 -0.22107

-1.96875 -0.221002
-1.95312 -0.21972

-1.95312 -0.219745
-1.9375 -0.219213

-1.9375 -0.219327
-1.92188 -0.219266

-1.92188 -0.219386
-1.90625 -0.21933

-1.90625 -0.21938
-1.89062 -0.218988

-0.25 0.0221678
-0.234375 0.0268601

-0.25 0.0316386
-0.248198 0.03125

3.03125 0.0145742
3.05244 0

3.02681 0.0625
3.02311 0.09375

3.02178 0.09375
3.0133 0.125

-0.25 0.049198
-0.242073 0.0625

-0.234375 0.0313988
-0.226922 0.046875

-1.89062 -0.218976
-1.88621 -0.21875

-1.88628 -0.21875
-1.875 -0.218173

-0.224088 0.046875
-0.226006 0.0625

-0.1875 0.0515061
-0.194625 0.0625

-0.245016 0.0625
-0.238902 0.078125

-0.237914 0.078125
-0.241977 0.09375

-1.875 -0.218128
-1.85938 -0.217044

-1.85938 -0.216994
-1.84375 -0.215816

-1.84375 -0.215781
-1.82812 -0.214679

-0.227302 0.0625
-0.226386 0.078125

-0.234375 0.0871526
-0.21875 0.0831959

3.0625 0.0142043
3.10579 0

-0.238763 0.09375
-0.245505 0.109375

3 0.157467
3.01542 0.125

3.125 0.00844094
3.20636 0

-0.25 0.119196
-0.242897 0.109375

-0.203125 0.0762383
-0.20881 0.078125

-0.21875 0.0880624
-0.203125 0.0809083

-0.203125 0.0739816
-0.194737 0.0625

-0.171875 0.0265575
-0.175062 0.03125

-0.15625 0.00515343
-0.164181 0.015625

3.25 0.00361596
3.36638 0

-0.171875 0.0266241
-0.164193 0.015625

-1.82812 -0.214671
-1.8125 -0.21373

4 -0.00264274
3.68888 0

-1.8125 -0.213745
-1.79688 -0.212952

-1.79688 -0.212979
-1.78125 -0.212251

-1.78125 -0.212281
-1.76562 -0.211505

-0.175156 0.03125
-0.185111 0.046875

-0.1875 0.0515538
-0.184519 0.046875

3.5 0.000510846
3.55966 0

-1.76562 -0.211529
-1.75 -0.210596

-0.15625 0.00496895
-0.152477 0

-0.0111545 0
0 0.00831914

-1.75 -0.210608
-1.73438 -0.209445

-1.73438 -0.209437
-1.71875 -0.208037

-1.71875 -0.208013
-1.70312 -0.206441

-1.70312 -0.206415
-1.6875 -0.204772

-1.6875 -0.204762
-1.6719 -0.203125

-1.67182 -0.203125
-1.65625 -0.201496

-1.65625 -0.201509
-1.64062 -0.199839

-1.64062 -0.199846
-1.625 -0.198104

-1.625 -0.198094
-1.60938 -0.196286

-1.60938 -0.196262
-1.59375 -0.194456

-1.59375 -0.194434
-1.57812 -0.192726

-1.57812 -0.192719
-1.5625 -0.191166

-1.5625 -0.191179
-1.54688 -0.189771

-1.54688 -0.1898
-1.53125 -0.188453

-1.53125 -0.188496
-1.52041 -0.1875

-1.52033 -0.1875
-1.51562 -0.187068

-1.51562 -0.187097
-1.5 -0.185416

-1.5 -0.185426
-1.48438 -0.18341

-1.48438 -0.183382
-1.46875 -0.181068

-1.46875 -0.181009
-1.45312 -0.178573

-1.45312 -0.178522
-1.4375 -0.176184

-1.4375 -0.176177
-1.42188 -0.174053

-1.42188 -0.174102
-1.40625 -0.172107

-1.40625 -0.17217
-1.40403 -0.171875

-1.40409 -0.171875
-1.39062 -0.170086

-1.39062 -0.170105
-1.375 -0.167797

-1.375 -0.167795
-1.35938 -0.165224

-1.35938 -0.165194
-1.34375 -0.162426

-1.34375 -0.162421
-1.32812 -0.159524

-1.32812 -0.159458
-1.3125 -0.156572

-1.3125 -0.156276
-1.31237 -0.15625

-1.30995 -0.15625
-1.29688 -0.15374

-1.29354 -0.15625
-1.28125 -0.145479

-1.28125 -0.152598
-1.27509 -0.140625

-1.28055 -0.140625
-1.28105 -0.125

-1.29161 -0.125
-1.28403 -0.109375

-1.282 -0.109375
-1.28125 -0.10898

-1.28125 -0.113907
-1.27454 -0.109375

-1.26628 -0.109375
-1.26562 -0.10926

-1.26562 -0.112723
-1.25 -0.113141

-1.14062 -0.138694
-1.15522 -0.125

-1.14062 -0.137834
-1.1258 -0.140625

-1.25 -0.11322
-1.23438 -0.109829

-1.24043 -0.109375
-1.23438 -0.108061

-1.23438 -0.107743
-1.21875 -0.104557

-1.21875 -0.106405
-1.20312 -0.10339

-1.20312 -0.10531
-1.1875 -0.0958018

-1.1915 -0.09375
-1.1875 -0.0903451

-1.1875 -0.0958332
-1.17594 -0.09375

-1.15625 -0.117218
-1.1606 -0.109375

-1.15986 -0.109375
-1.16728 -0.09375

-1.1875 -0.0886095
-1.17188 -0.0816132

-1.18252 -0.078125
-1.17188 -0.0720921

-1.15912 -0.09375
-1.16929 -0.078125

-1.17188 -0.0704238
-1.15737 -0.078125

-1.15625 -0.117612
-1.15202 -0.125

-1.15625 -0.0773776
-1.15586 -0.078125

-1.12158 -0.140625
-1.10938 -0.130967

-1.10938 -0.135826
-1.10311 -0.125

-1.01562 -0.129359
-1.02645 -0.125

-1.01562 -0.130365
-1 -0.135373

-1.11246 -0.125
-1.10938 -0.119166

-1.10938 -0.119907
-1.1004 -0.109375

-1.1039 -0.109375
-1.09375 -0.103128

-1.09375 -0.104888
-1.07812 -0.105503

-1.0625 -0.113413
-1.07479 -0.109375

-1.07812 -0.108049
-1.07409 -0.109375

-1.0625 -0.113088
-1.04688 -0.117836

-1.04688 -0.117579
-1.03125 -0.122996

-1.03125 -0.12336
-1.02718 -0.125

