-3.84321 0
-3.5 0.000326156

-3.48635 0
-3.25 0.00074072

-3.25 0.000138623
-3.125 0.00128473

-3.125 0.000513362
-3.0625 0.00217838

-3.0625 0.000722455
-3.03125 0.00319122

-3.02266 0
-3 0.018476

1.5 -0.0459008
1.51562 -0.0467688

1.53125 -0.047673
1.51749 -0.046875

1.51562 -0.0467518
1.51775 -0.046875

1.53125 -0.0476794
1.54688 -0.0486155

1.54688 -0.0486158
1.5625 -0.0495646

1.5625 -0.0495648
1.57812 -0.0505255

1.57812 -0.0505255
1.59375 -0.0514976

1.59375 -0.0514978
1.60938 -0.0524807

1.60938 -0.0524809
1.625 -0.053474

1.625 -0.0534742
1.64062 -0.0544769

1.64062 -0.0544769
1.65625 -0.0554889

1.65625 -0.0554891
1.67188 -0.0565101

1.67188 -0.0565102
1.6875 -0.0575396

1.6875 -0.0575397
1.70312 -0.058577

1.70312 -0.0585772
1.71875 -0.0596216

1.71875 -0.0596221
1.73438 -0.0606723

1.73438 -0.0606714
1.75 -0.0617279

-3 0.0247772
-2.99599 0.03125

-2.99501 0.03125
-2.98987 0.046875

-2.99035 0.046875
-2.98806 0.0625

-2.98836 0.0625
-2.98737 0.078125

-2.9888 0.078125
-2.98566 0.09375

-2.98545 0.09375
-2.96992 0.125

-2.969 0.125
-2.96875 0.125357

-2.96875 0.127994
-2.95846 0.140625

-2.95706 0.140625
-2.95312 0.14435

-2.95312 0.14465
-2.939 0.15625

-2.93897 0.15625
-2.9375 0.157364

-2.9375 0.158417
-2.92188 0.166773

-2.92188 0.166182
-2.90625 0.169356

-2.90625 0.169283
-2.89062 0.168605

1.76562 -0.0628109
1.76118 -0.0625

1.76562 -0.062814
1.78125 -0.0639565

1.78125 -0.0639612
1.79688 -0.0651292

1.79688 -0.0651295
1.8125 -0.0663127

1.75 -0.0617123
1.76126 -0.0625

1.8125 -0.0663128
1.82812 -0.0675102

-1 0.0340254
-0.984375 0.0336325

-0.984375 0.0336326
-0.96875 0.0332398

-0.96875 0.0332398
-0.953125 0.0328472

-0.953125 0.0328472
-0.9375 0.0324545

-0.9375 0.0324545
-0.921875 0.032062

-0.921875 0.0320619
-0.90625 0.0316697

1.82812 -0.0675105
1.84375 -0.0687212

1.84375 -0.0687214
1.85938 -0.0699441

1.85938 -0.0699442
1.875 -0.0711781

-2.89062 0.168064
-2.875 0.164766

-0.875 0.0308923
-0.889486 0.03125

-2.84375 0.155689
-2.84587 0.15625

-0.90625 0.0316689
-0.890625 0.0312786

1.875 -0.0711784
1.89062 -0.0724228

-0.890625 0.0312783
-0.88948 0.03125

1.89062 -0.072423
1.90625 -0.0736768

-2.875 0.164501
-2.85938 0.160197

1.90625 -0.0736771
1.92188 -0.0749392

1.92188 -0.07494
1.9375 -0.0762084

-0.875 0.0308935
-0.859375 0.0305106

1.9375 -0.0762047
1.95312 -0.0774851

-0.859375 0.0305105
-0.84375 0.0301282

-0.84375 0.0301282
-0.828125 0.0297466

-2.85938 0.159882
-2.84565 0.15625

-2.84375 0.1557
-2.82812 0.152454

-0.828125 0.0297466
-0.8125 0.0293656

1.96875 -0.0788073
1.96074 -0.078125

-0.8125 0.0293656
-0.796875 0.0289854

1.95312 -0.0774624
1.9609 -0.078125

1.96875 -0.0788143
1.98438 -0.0802024

1.98438 -0.0802058
2 -0.0816167

-0.796875 0.0289854
-0.78125 0.0286058

0.359375 -0.000100196
0.355345 0

0.359375 -0.000100998
0.375 -0.000522041

0.375 -0.000525174
0.390625 -0.00097381

0.390625 -0.000975474
0.40625 -0.00144211

0.40625 -0.00144322
0.421875 -0.00192232

0.421875 -0.00192305
0.4375 -0.00241093

0.4375 -0.00241133
0.453125 -0.00290572

0.453125 -0.00290593
0.46875 -0.00340561

0.46875 -0.00340576
0.484375 -0.00391001

0.484375 -0.00391013
0.5 -0.00441843

0 0.00941647
0.015625 0.00900662

0.015625 0.00900654
0.03125 0.00859479

0.03125 0.00859459
0.046875 0.00818152

0.046875 0.00818144
0.0625 0.00776762

-2.82812 0.152637
-2.8125 0.149995

0.0625 0.00776752
0.078125 0.00735331

-2.8125 0.149994
-2.79688 0.147592

-0.78125 0.0286059
-0.765625 0.0282269

0.078125 0.00735323
0.09375 0.00693897

0.09375 0.00693902
0.109375 0.00652478

0.109375 0.00652499
0.125 0.00611022

-0.765625 0.0282269
-0.75 0.0278485

0.125 0.00611047
0.140625 0.00569426

-2.79688 0.147703
-2.78125 0.145322

-2.78125 0.145251
-2.76562 0.14281

-2.75 0.140376
-2.7516 0.140625

-2.76562 0.142848
-2.75131 0.140625

0.140625 0.00569439
0.15625 0.005276

-0.75 0.0278486
-0.734375 0.0274707

-2.64062 0.122762
-2.65393 0.125

-0.734375 0.0274707
-0.71875 0.0270934

0.15625 0.00527599
0.171875 0.00485519

0.171875 0.00485516
0.1875 0.00443203

-2.64062 0.1228
-2.625 0.120214

-2.75 0.140361
-2.73438 0.137991

-2.73438 0.138067
-2.71875 0.135714

-2.71875 0.135685
-2.70312 0.133253

-2.70312 0.133291
-2.6875 0.130763

-0.71875 0.0270934
-0.703125 0.0267165

-0.703125 0.0267165
-0.6875 0.02634

0.1875 0.00443197
0.203125 0.00400669

0.203125 0.0040066
0.21875 0.00357946

0.21875 0.00357934
0.234375 0.00315073

0.234375 0.00315055
0.25 0.00272108

-0.6875 0.02634
-0.671875 0.0259639

-0.671875 0.0259639
-0.65625 0.0255881

-0.65625 0.0255881
-0.640625 0.0252126

-0.640625 0.0252126
-0.625 0.0248374

-2.6875 0.13073
-2.67188 0.128097

-0.625 0.0248374
-0.609375 0.0244624

-0.609375 0.0244624
-0.59375 0.0240877

-0.59375 0.0240877
-0.578125 0.0237131

-0.578125 0.0237131
-0.5625 0.0233387

-0.5625 0.0233387
-0.546875 0.0229644

-0.546875 0.0229644
-0.53125 0.0225902

-0.53125 0.0225902
-0.515625 0.0222161

-0.515625 0.0222161
-0.5 0.021842

0.25 0.00272071
0.265625 0.00229146

0.265625 0.00229066
0.28125 0.00186398

0.28125 0.00186247
0.296875 0.00144297

0.296875 0.00144105
0.3125 0.00103561

0.3125 0.00103508
0.328125 0.000648617

0.328125 0.000652712
0.34375 0.000278084

0.34375 0.000286317
0.355267 0

-2.67188 0.128095
-2.65625 0.125427

-2.65625 0.1254
-2.65387 0.125

-0.5 0.021842
-0.484375 0.0214678

-0.484375 0.0214678
-0.46875 0.0210936

-0.46875 0.0210936
-0.453125 0.0207192

2 -0.081617
2.01562 -0.0830435

0.5 -0.00441853
0.515625 -0.00493043

-2.625 0.120193
-2.60938 0.11762

0.515625 -0.00493053
0.53125 -0.00544562

2.01562 -0.0830442
2.03125 -0.0844843

0.53125 -0.00544571
0.546875 -0.00596362

2.03125 -0.0844846
2.04688 -0.0859362

-2.60938 0.117612
-2.59375 0.115109

-0.453125 0.0207192
-0.4375 0.0203445

-2.59375 0.115095
-2.57812 0.112703

-2.57812 0.112705
-2.5625 0.110446

2.04688 -0.0859365
2.0625 -0.0873982

-0.4375 0.0203445
-0.421875 0.0199694

0.546875 -0.0059637
0.5625 -0.00648412

0.5625 -0.00648419
0.578125 -0.00700682

0.578125 -0.00700694
0.59375 -0.00753141

-2.54688 0.108323
-2.55471 0.109375

0.59375 -0.00753135
0.609375 -0.0080575

0.609375 -0.00805756
0.625 -0.00858539

2.0625 -0.0873986
2.07812 -0.0888688

2.07812 -0.0888694
2.09375 -0.0903459

-0.421875 0.0199695
-0.40625 0.0195938

2.09375 -0.0903468
2.10938 -0.0918268

0.625 -0.00858544
0.640625 -0.00911472

0.640625 -0.00911475
0.65625 -0.00964532

0.65625 -0.00964534
0.671875 -0.0101771

0.671875 -0.0101771
0.6875 -0.01071

0.6875 -0.01071
0.703125 -0.011244

0.703125 -0.011244
0.71875 -0.0117791

0.71875 -0.0117791
0.734375 -0.0123151

0.734375 -0.0123152
0.75 -0.0128521

-0.40625 0.0195939
-0.390625 0.0192175

-0.390625 0.0192176
-0.375 0.0188402

2.10938 -0.0918188
2.125 -0.0933163

0.75 -0.0128522
0.765625 -0.01339

-2.5625 0.110436
-2.55459 0.109375

2.14062 -0.0948673
2.12942 -0.09375

-0.375 0.0188403
-0.359375 0.0184615

2.14062 -0.0948781
2.15625 -0.0964883

-2.54688 0.108359
-2.53125 0.106407

2.125 -0.0932869
2.12965 -0.09375

0.765625 -0.0133901
0.78125 -0.0139282

-2.53125 0.106413
-2.51562 0.104538

0.78125 -0.0139286
0.796875 -0.014466

2.15625 -0.0964901
2.17188 -0.098114

0.796875 -0.0144664
0.8125 -0.0150015

2.17188 -0.0981147
2.1875 -0.099747

0.8125 -0.0149968
0.828125 -0.015538

-0.359375 0.0184616
-0.34375 0.018081

0.84375 -0.0160993
0.83059 -0.015625

2.1875 -0.0997475
2.20312 -0.101386

-2.51562 0.104541
-2.5 0.102725

2.20312 -0.101386
2.21875 -0.103029

2.21875 -0.103029
2.23438 -0.104675

2.23438 -0.104676
2.25 -0.106324

-0.34375 0.0180811
-0.328125 0.0176984

-0.328125 0.0176985
-0.3125 0.0173134

-2.5 0.102724
-2.48438 0.100961

2.25 -0.106324
2.26562 -0.107971

-0.3125 0.0173132
-0.296875 0.016926

2.28125 -0.109639
2.2788 -0.109375

-2.48438 0.100962
-2.46875 0.0992504

-2.46875 0.0992504
-2.45312 0.0975873

-0.296875 0.0169255
-0.28125 0.0165376

0.828125 -0.0155285
0.830803 -0.015625

2.26562 -0.107952
2.27885 -0.109375

-0.28125 0.0165368
-0.265625 0.0161506

2.28125 -0.109644
2.29688 -0.111375

0.84375 -0.0161032
0.859375 -0.0166845

-2.45312 0.0975882
-2.4375 0.0959722

-2.40625 0.0929005
-2.41516 0.09375

-0.265625 0.0161494
-0.25 0.015769

2.29688 -0.111389
2.3125 -0.113124

0.859375 -0.0166847
0.875 -0.0172736

2.3125 -0.113129
2.32812 -0.114827

0.875 -0.0172737
0.890625 -0.0178694

2.32812 -0.114831
2.34375 -0.116477

0.890625 -0.0178695
0.90625 -0.0184717

2.34375 -0.11648
2.35938 -0.11806

-2.4375 0.0959698
-2.42188 0.094404

-0.234375 0.0153946
-0.243844 0.015625

-0.25 0.01577
-0.24404 0.015625

0.90625 -0.0184718
0.921875 -0.0190799

0.921875 -0.01908
0.9375 -0.0196938

0.9375 -0.0196939
0.953125 -0.020313

-0.234375 0.0153917
-0.21875 0.0150059

0.953125 -0.0203131
0.96875 -0.0209373

-2.42188 0.0943977
-2.41508 0.09375

0.96875 -0.0209374
0.984375 -0.0215665

2.35938 -0.118061
2.375 -0.119569

0.984375 -0.0215665
1 -0.0222004

-0.21875 0.0150059
-0.203125 0.0146168

2.45312 -0.126218
2.43815 -0.125

2.45312 -0.126222
2.46875 -0.12748

-0.203125 0.0146166
-0.1875 0.0142246

2.46875 -0.127479
2.48438 -0.128712

2.48438 -0.12871
2.5 -0.129926

2.375 -0.119568
2.39062 -0.121004

2.39062 -0.121002
2.40625 -0.122371

-0.1875 0.0142244
-0.171875 0.0138305

-0.171875 0.0138304
-0.15625 0.013435

-2.40625 0.0929154
-2.39062 0.0915016

-0.15625 0.013435
-0.140625 0.0130385

2.40625 -0.122369
2.42188 -0.12368

2.42188 -0.12367
2.4375 -0.124948

2.4375 -0.124923
2.43844 -0.125

-0.140625 0.0130385
-0.125 0.0126409

-2.39062 0.0915042
-2.375 0.0901378

-2.375 0.0901383
-2.35938 0.0888129

-2.35938 0.0888137
-2.34375 0.0875266

-2.34375 0.0875271
-2.32812 0.0862757

-2.32812 0.0862764
-2.3125 0.0850583

-2.3125 0.0850588
-2.29688 0.083872

-2.29688 0.0838725
-2.28125 0.0827149

-0.125 0.0126409
-0.109375 0.0122422

-0.109375 0.0122422
-0.09375 0.0118424

-0.09375 0.0118424
-0.078125 0.0114414

-0.078125 0.0114414
-0.0625 0.0110391

-0.0625 0.0110391
-0.046875 0.0106355

-0.046875 0.0106355
-0.03125 0.0102306

-2.28125 0.0827152
-2.26562 0.0815849

-2.26562 0.0815853
-2.25 0.0804809

-0.03125 0.0102306
-0.015625 0.00982427

-0.015625 0.00982434
0 0.0094164

-2.25 0.0804811
-2.23438 0.0794014

-2.23438 0.0793988
-2.21875 0.0783485

-2.20312 0.0773362
-2.21535 0.078125

-2.21875 0.0783464
-2.21532 0.078125

-2.20312 0.0773428
-2.1875 0.0763722

2.5 -0.129927
2.51562 -0.131129

2.51562 -0.131129
2.53125 -0.132313

2.53125 -0.132318
2.54688 -0.133471

2.54688 -0.133472
2.5625 -0.134581

-2.1875 0.0763727
-2.17188 0.0754261

-2.17188 0.0754264
-2.15625 0.0745022

-2.15625 0.0745025
-2.14062 0.0735996

-2.14062 0.0735998
-2.125 0.0727171

1 -0.0222005
1.01562 -0.0228387

-2.125 0.0727173
-2.10938 0.0718537

1.01562 -0.0228387
1.03125 -0.0234811

1.03125 -0.0234811
1.04688 -0.0241278

1.04688 -0.0241278
1.0625 -0.0247786

1.0625 -0.0247786
1.07812 -0.0254332

1.07812 -0.0254332
1.09375 -0.0260915

1.09375 -0.0260915
1.10938 -0.0267535

1.10938 -0.0267535
1.125 -0.0274189

-2.10938 0.071854
-2.09375 0.0710085

1.125 -0.0274189
1.14062 -0.0280878

2.5625 -0.134583
2.57812 -0.135643

2.57812 -0.135628
2.59375 -0.136665

2.59375 -0.13665
2.60938 -0.137721

1.14062 -0.0280878
1.15625 -0.0287598

2.60938 -0.137699
2.625 -0.138881

-2.09375 0.0710087
-2.07812 0.0701803

-2.07812 0.0701805
-2.0625 0.0693684

-2.0625 0.0693686
-2.04688 0.0685719

1.15625 -0.02876
1.17188 -0.0294347

1.17188 -0.0294352
1.1875 -0.0301115

1.21875 -0.0314843
1.21353 -0.03125

1.1875 -0.0301106
1.20312 -0.0307894

1.20312 -0.030779
1.21362 -0.03125

1.21875 -0.031487
1.23438 -0.0322179

1.23438 -0.0322203
1.25 -0.0329653

2.625 -0.138882
2.64062 -0.140219

2.65625 -0.141707
2.6448 -0.140625

2.64062 -0.140214
2.64498 -0.140625

2.65625 -0.141753
2.67188 -0.143258

1.25 -0.0329654
1.26562 -0.0337196

1.26562 -0.0337197
1.28125 -0.0344826

1.28125 -0.0344827
1.29688 -0.0352542

1.29688 -0.0352543
1.3125 -0.0360337

1.3125 -0.0360338
1.32812 -0.036821

1.32812 -0.0368211
1.34375 -0.0376157

1.34375 -0.0376158
1.35938 -0.0384174

1.35938 -0.0384174
1.375 -0.0392258

2.67188 -0.143258
2.6875 -0.144691

-2.04688 0.0685721
-2.03125 0.0677899

-2.03125 0.0677901
-2.01562 0.0670217

-2.01562 0.0670219
-2 0.0662666

1.375 -0.0392259
1.39062 -0.0400409

1.39062 -0.040041
1.40625 -0.0408625

1.40625 -0.0408626
1.42188 -0.0416902

1.42188 -0.0416902
1.4375 -0.0425236

1.4375 -0.0425237
1.45312 -0.0433627

1.45312 -0.0433628
1.46875 -0.0442071

1.46875 -0.0442074
1.48438 -0.045056

1.48438 -0.0450563
1.5 -0.0459079

2.6875 -0.144692
2.70312 -0.14605

2.70312 -0.146027
2.71875 -0.147352

2.71875 -0.147361
2.73438 -0.14868

2.73438 -0.148635
2.75 -0.150021

2.75 -0.149989
2.76562 -0.151593

2.76562 -0.151521
2.78125 -0.153549

2.8125 -0.15852
2.79758 -0.15625

2.78125 -0.153647
2.79688 -0.156045

-2 0.0662667
-1.98438 0.0655239

-1.98438 0.065524
-1.96875 0.064793

-1.96875 0.064793
-1.95312 0.0640734

-1.95312 0.0640734
-1.9375 0.0633648

2.79688 -0.1561
2.79786 -0.15625

2.8125 -0.158562
2.82812 -0.160638

2.82812 -0.160611
2.84375 -0.162352

2.84375 -0.162398
2.85938 -0.163765

-1.90625 0.0619911
-1.91803 0.0625

-1.90625 0.0619946
-1.89062 0.0613379

-1.89062 0.0613381
-1.875 0.0606927

-1.9375 0.0633636
-1.92188 0.0626684

2.85938 -0.163763
2.875 -0.164668

-1.92188 0.0626672
-1.918 0.0625

2.875 -0.164812
2.89062 -0.164973

2.89062 -0.16507
2.90625 -0.164005

2.90625 -0.164304
2.92188 -0.16122

2.92188 -0.161667
2.93447 -0.15625

2.93534 -0.15625
2.9375 -0.155319

2.9375 -0.155496
2.95312 -0.143153

2.95312 -0.141803
2.9543 -0.140625

2.95499 -0.140625
2.96854 -0.125

2.96875 -0.125139
2.96885 -0.125

-1.875 0.0606928
-1.85938 0.0600579

-1.85938 0.060058
-1.84375 0.0594334

-1.84375 0.0594335
-1.82812 0.0588186

-1.82812 0.0588187
-1.8125 0.0582131

2.96947 -0.125
2.98502 -0.09375

2.98438 -0.0750261
2.9837 -0.0625

2.98528 -0.09375
2.9868 -0.078125

2.98438 -0.0716801
2.98472 -0.078125

2.98418 -0.0625
2.98438 -0.0601239

2.98435 -0.046875
2.98438 -0.0468057

2.98438 -0.0458724
2.98939 -0.03125

2.99033 -0.03125
2.99981 -0.015625

2.99971 -0.015625
3 -0.0152215

-1.8125 0.0582132
-1.79688 0.0576167

-1.79688 0.0576168
-1.78125 0.0570288

-1.78125 0.0570289
-1.76562 0.0564492

-1.76562 0.0564493
-1.75 0.0558775

-1.75 0.0558776
-1.73438 0.0553133

-1.73438 0.0553134
-1.71875 0.0547563

-1.71875 0.0547564
-1.70312 0.0542062

-1.70312 0.0542063
-1.6875 0.0536627

-1.6875 0.0536628
-1.67188 0.0531255

-1.67188 0.0531256
-1.65625 0.0525943

-1.65625 0.0525944
-1.64062 0.0520688

-1.64062 0.0520689
-1.625 0.0515487

-1.625 0.0515488
-1.60938 0.0510337

-1.60938 0.0510338
-1.59375 0.0505237

-1.59375 0.0505238
-1.57812 0.0500182

-1.57812 0.0500183
-1.5625 0.0495172

-1.5625 0.0495172
-1.54688 0.0490203

-1.54688 0.0490203
-1.53125 0.0485273

3 -0.0112604
3.01576 0

3.03125 -0.00142281
3.0625 -0.000388708

3.0625 -0.000948771
3.125 -0.000235612

3.125 -0.000558257
3.25 -0.000108837

3.25 -0.00037109
3.5 -0.000220188

-1.53125 0.0485273
-1.51562 0.0480382

-1.51562 0.0480382
-1.5 0.0475529

3.5 -0.000489384
4 -0.000456135

-1.5 0.0475525
-1.48438 0.0470718

-1.46875 0.0465978
-1.47793 0.046875

-1.48438 0.0470706
-1.4779 0.046875

-1.46875 0.0466
-1.45312 0.046137

-1.45312 0.0461373
-1.4375 0.0456788

-1.4375 0.0456789
-1.42188 0.0452245

-1.42188 0.0452245
-1.40625 0.0447741

-1.40625 0.0447741
-1.39062 0.0443275

-1.39062 0.0443276
-1.375 0.0438847

-1.375 0.0438847
-1.35938 0.0434454

-1.35938 0.0434454
-1.34375 0.0430094

-1.34375 0.0430095
-1.32812 0.0425768

-1.32812 0.0425768
-1.3125 0.0421473

-1.3125 0.0421474
-1.29688 0.0417209

-1.29688 0.0417209
-1.28125 0.0412973

-1.28125 0.0412973
-1.26562 0.0408765

-1.26562 0.0408765
-1.25 0.0404583

-1.25 0.0404583
-1.23438 0.0400427

-1.23438 0.0400427
-1.21875 0.0396294

-1.21875 0.0396295
-1.20312 0.0392185

-1.20312 0.0392185
-1.1875 0.0388097

-1.1875 0.0388097
-1.17188 0.0384029

-1.17188 0.0384029
-1.15625 0.037998

-1.15625 0.0379981
-1.14062 0.037595

-1.14062 0.037595
-1.125 0.0371936

-1.125 0.0371936
-1.10938 0.0367937

-1.10938 0.0367937
-1.09375 0.0363952

-1.09375 0.0363952
-1.07812 0.035998

-1.07812 0.035998
-1.0625 0.0356019

-1.0625 0.0356019
-1.04688 0.0352067

-1.04688 0.0352067
-1.03125 0.0348123

-1.03125 0.0348124
-1.01562 0.0344186

-1.01562 0.0344187
-1 0.0340254

