-4 -0.00323451
-3.71854 0

-3.58584 0
-3.5 0.000986458

-3.5 -0.00225167
-3.44282 0

-3.25 -0.00314745
-3.22248 0

-3.125 -0.00435216
-3.10697 0

-3 -0.0949412
-3.00063 -0.09375

-3.0625 -0.00159325
-3.05773 0

-3.39859 0
-3.25 0.0059044

-3.21224 0
-3.125 0.0113843

-3.1062 0
-3.0625 0.0178702

-3.0625 0.00358696
-3.03125 0.0272028

-3.03691 0.03125
-3.03125 0.0422645

-3.03125 0.030151
-3 0.0284758

-3.03125 0.047903
-3.02333 0.0625

-3.03396 0.0625
-3.03125 0.0759358

-3.02882 0.0625
-3.01814 0.09375

-3.01973 0.09375
-3.01585 0.125

-3.02601 0.125
-3 0.163661

-3.00116 0.1875
-3 0.188515

-2.95312 -0.172856
-2.95552 -0.171875

-2.95667 -0.171875
-2.95312 -0.17156

1.5 -0.0750282
1.51562 -0.0755221

1.51562 -0.0755023
1.53125 -0.0761306

1.53125 -0.0761257
1.54688 -0.076938

1.54688 -0.0769463
1.5625 -0.0779357

-2.95312 -0.173419
-2.95283 -0.171875

-2.96875 -0.111301
-2.99488 -0.09375

-2.98808 -0.09375
-2.9873 -0.078125

1.57812 -0.079078
1.56504 -0.078125

1.5625 -0.07795
1.5649 -0.078125

-2.98438 -0.0874183
-2.98289 -0.09375

-2.98362 -0.078125
-2.98196 -0.0625

1.57812 -0.0790783
1.59375 -0.0803554

1.59375 -0.0803645
1.60938 -0.0817649

1.60938 -0.0817857
1.625 -0.0832496

-2.96875 -0.109752
-2.96737 -0.109375

-2.96875 -0.103647
-2.95312 -0.0995107

-2.95312 -0.0982174
-2.9375 -0.0970026

-2.98438 -0.047077
-2.98374 -0.0625

-2.98401 -0.046875
-2.98415 -0.03125

-2.98438 -0.0177347
-2.98448 -0.015625

1.625 -0.0832748
1.64062 -0.0847102

1.64062 -0.0847296
1.65625 -0.0860475

1.65625 -0.086057
1.67188 -0.0871994

-2.98494 -0.015625
-2.98622 0

-2.98438 -0.0263009
-2.98414 -0.03125

-2.98438 -0.0137393
-2.98424 -0.015625

1.67188 -0.0872014
1.6875 -0.0881455

1.6875 -0.0881434
1.70312 -0.0888895

1.70312 -0.0888864
1.71875 -0.0894447

1.71875 -0.089443
1.73438 -0.0898233

-2.9375 -0.0978081
-2.92188 -0.100524

-2.92188 -0.100909
-2.90625 -0.105175

-2.89062 -0.110526
-2.89405 -0.109375

-2.90625 -0.105022
-2.89331 -0.109375

-2.89062 -0.111366
-2.875 -0.11574

1.73438 -0.0898241
1.75 -0.0900285

-2.875 -0.115745
-2.85938 -0.117146

-2.85938 -0.11696
-2.84375 -0.11575

-2.84375 -0.115412
-2.82812 -0.112637

-2.82812 -0.112123
-2.8125 -0.109487

-2.8125 -0.109522
-2.81159 -0.109375

-2.80792 -0.109375
-2.79688 -0.107599

-2.79688 -0.107375
-2.78125 -0.10418

-2.78125 -0.103851
-2.76562 -0.100872

-2.76562 -0.100748
-2.75 -0.0988898

1.75 -0.0900318
1.76562 -0.090052

1.76562 -0.0900564
1.78125 -0.089877

1.78125 -0.0898797
1.79688 -0.0894868

1.79688 -0.0894848
1.8125 -0.0888774

-2.70312 -0.313958
-2.70167 -0.3125

1.8125 -0.0888687
1.82812 -0.0880683

1.82812 -0.0880535
1.84375 -0.0871068

-2.71875 -0.303321
-2.70312 -0.303358

-2.71875 -0.282486
-2.70312 -0.282486

1.84375 -0.087088
1.85938 -0.0860622

1.85938 -0.0860435
1.875 -0.0850134

-1 0.0136611
-0.984375 0.0145396

-0.984375 0.0145336
-0.971686 0.015625

-0.97163 0.015625
-0.96875 0.0158727

-0.96875 0.0159084
-0.953125 0.017668

-0.953125 0.0177732
-0.9375 0.0196749

-0.9375 0.0197194
-0.921875 0.0214638

1.875 -0.0850022
1.89062 -0.0840275

1.89062 -0.0840372
1.90625 -0.0831208

-2.75 -0.0989426
-2.73438 -0.0983468

-2.73438 -0.0984771
-2.71875 -0.0987778

-2.71875 -0.0988706
-2.70312 -0.0996219

-2.70312 -0.0996551
-2.6875 -0.100605

-0.921875 0.0214025
-0.90625 0.0230232

1.90625 -0.0831632
1.92188 -0.082201

1.92188 -0.0822732
1.9375 -0.0810357

-2.6875 -0.100607
-2.67188 -0.101686

-2.67188 -0.101726
-2.65625 -0.102849

-2.65625 -0.102886
-2.64062 -0.103901

1.9375 -0.0811126
1.95312 -0.0793016

1.95312 -0.0793399
1.96037 -0.078125

-2.64062 -0.103897
-2.625 -0.104736

1.96039 -0.078125
1.96875 -0.0767246

1.96875 -0.0767186
1.98438 -0.0732204

1.98438 -0.0731474
2 -0.0689245

-2.625 -0.104691
-2.60938 -0.105451

-2.60938 -0.105476
-2.59375 -0.106196

-2.59375 -0.106426
-2.57812 -0.106593

-0.90625 0.0229622
-0.890625 0.0247039

-0.890625 0.0247685
-0.875 0.026624

-2.57812 -0.107016
-2.5625 -0.105326

-0.875 0.0267969
-0.859375 0.028291

-0.859375 0.0283908
-0.84375 0.028978

-0.84375 0.0288367
-0.828125 0.0286001

-0.828125 0.0282623
-0.8125 0.0281602

-0.8125 0.0278725
-0.796875 0.0291562

-0.796875 0.0291177
-0.786254 0.03125

-0.787531 0.03125
-0.78125 0.0325109

-0.78125 0.0330475
-0.765625 0.0365283

-0.765625 0.036799
-0.75 0.0386816

-2.5625 -0.106039
-2.54688 -0.100221

-2.54688 -0.100677
-2.53729 -0.09375

-2.53812 -0.09375
-2.53125 -0.0876586

-2.53125 -0.0877928
-2.52344 -0.078125

-2.52485 -0.078125
-2.51562 -0.0646243

-0.75 0.038478
-0.734375 0.0386282

-0.734375 0.0384009
-0.71875 0.0376804

-0.71875 0.0375804
-0.703125 0.0366439

-0.703125 0.0366309
-0.6875 0.0357042

-2.51562 -0.0647162
-2.51419 -0.0625

-0.6875 0.0357375
-0.671875 0.0347797

-0.671875 0.0348265
-0.65625 0.0336775

-0.625 0.0302504
-0.63228 0.03125

-0.65625 0.0337101
-0.640625 0.0322111

-0.640625 0.0322581
-0.633283 0.03125

-2.51506 -0.0625
-2.50258 -0.046875

-2.50287 -0.046875
-2.5 -0.0438059

-0.625 0.0301352
-0.609375 0.0272038

-0.609375 0.0270333
-0.59375 0.0237492

-0.59375 0.0235917
-0.578125 0.0206111

-0.578125 0.0205839
-0.5625 0.0182761

-0.5625 0.0183168
-0.546875 0.0166546

-0.53125 0.0155349
-0.532603 0.015625

-0.546875 0.0166293
-0.531795 0.015625

-0.53125 0.0154342
-0.515625 0.015364

-0.53125 0.0156527
-0.525089 0.015625

-0.515625 0.0153042
-0.508065 0.015625

-0.515625 0.0157115
-0.5 0.0163746

2 -0.0688127
2.01562 -0.0642345

2.01562 -0.0641489
2.02128 -0.0625

2.0625 -0.109497
2.06236 -0.109375

2.06229 -0.109375
2.05917 -0.09375

-2.98732 0
-2.9871 0.015625

-2.98478 0.015625
-2.98438 0.0196299

-2.98427 0
-2.98324 0.015625

2.06089 -0.09375
2.0625 -0.0912283

2.02132 -0.0625
2.03125 -0.0596064

-2.98414 0.015625
-2.98279 0.03125

2.03125 -0.0594936
2.04688 -0.0553323

2.04688 -0.0553271
2.0625 -0.0517862

-0.5 0.0162802
-0.484375 0.0171812

-0.484375 0.0172065
-0.46875 0.0183285

-0.46875 0.0182945
-0.453125 0.019655

-0.453125 0.0196234
-0.4375 0.0213533

-0.4375 0.0213766
-0.421875 0.0234923

-0.421875 0.0235411
-0.40625 0.0258985

-0.40625 0.0260197
-0.390625 0.0282787

-0.390625 0.0285308
-0.375 0.0299444

2.07812 -0.112279
2.06903 -0.109375

-2.98385 0.03125
-2.98393 0.046875

-0.375 0.03027
-0.359375 0.0296825

-2.98372 0.046875
-2.98357 0.0625

2.0625 -0.103191
2.06705 -0.109375

-2.98363 0.0625
-2.98352 0.078125

-0.359375 0.029775
-0.34375 0.0263504

2.07812 -0.109704
2.07991 -0.109375

2.07812 -0.10885
2.09375 -0.102115

-0.34375 0.0259673
-0.328125 0.0202866

-0.3125 0.013495
-0.318309 0.015625

-0.328125 0.0197323
-0.316923 0.015625

-0.3125 0.0135505
-0.296875 0.00978625

-0.296875 0.00996174
-0.28125 0.00838381

-0.28125 0.00861959
-0.265625 0.00840543

-0.265625 0.00859082
-0.25 0.00889808

2.0625 -0.0916799
2.07812 -0.081919

2.07812 -0.0835537
2.09375 -0.0868182

-2.98361 0.078125
-2.98326 0.09375

-0.25 0.00899756
-0.234375 0.00925651

2.09375 -0.109793
2.1002 -0.109375

-2.98393 0.09375
-2.97974 0.125

-2.97932 0.125
-2.97347 0.15625

2.09375 -0.106475
2.10938 -0.100436

-3 0.179327
-2.96875 0.182903

-0.234375 0.00927072
-0.21875 0.00925396

-0.21875 0.00920138
-0.203125 0.00898567

-0.203125 0.00891322
-0.1875 0.0087486

-0.1875 0.0087056
-0.171875 0.008823

-0.171875 0.00882693
-0.15625 0.0093045

-0.15625 0.0093311
-0.140625 0.0101077

-0.140625 0.0101039
-0.125 0.011134

2.10938 -0.110427
2.11274 -0.109375

2.11457 -0.109375
2.12341 -0.09375

-2.96875 0.136396
-2.96579 0.140625

-0.125 0.0110577
-0.109375 0.0125015

-0.109375 0.0123761
-0.09375 0.0146371

-0.09375 0.0145771
-0.0893783 0.015625

-0.088486 0.015625
-0.078125 0.0181084

-0.078125 0.0183456
-0.0625 0.0236481

-0.0625 0.0239138
-0.046875 0.0298999

-0.046875 0.0300506
-0.043093 0.03125

-0.0448036 0.03125
-0.03125 0.0355481

-0.03125 0.0354823
-0.015625 0.0381514

-0.015625 0.0380931
0 0.0385215

-2.9681 0.140625
-2.957 0.15625

-2.95948 0.15625
-2.95727 0.171875

-2.95365 0.171875
-2.96502 0.1875

-2.95312 0.167562
-2.95268 0.171875

-2.95312 0.173891
-2.95242 0.171875

-3 0.188589
-2.96875 0.195173

-2.9392 0.1875
-2.9375 0.189179

-2.9375 0.221562
-2.94347 0.25

2.09375 -0.086089
2.10938 -0.0905306

2.10938 -0.0849379
2.12296 -0.09375

-2.9375 0.202941
-2.92188 0.203078

-2.9375 0.211097
-2.92188 0.203996

2.0625 -0.0518392
2.07812 -0.0488232

0.234375 -0.00098422
0.228338 0

2.07812 -0.0488494
2.08967 -0.046875

2.08994 -0.046875
2.09375 -0.0462226

-2.92188 0.217823
-2.92077 0.21875

-2.9375 0.219713
-2.90625 0.218779

2.09375 -0.0461973
2.10938 -0.0437732

2.10938 -0.0437654
2.125 -0.0415876

-2.94836 0.25
-2.9375 0.269937

-2.9375 0.268028
-2.90625 0.271477

-2.90951 0.28125
-2.90625 0.281608

2.125 -0.103887
2.12696 -0.09375

2.125 -0.0893757
2.12776 -0.09375

-2.90625 0.260471
-2.90423 0.265625

-2.89062 0.274229
-2.89495 0.28125

-2.89062 0.264766
-2.88967 0.265625

-2.88963 0.265625
-2.88927 0.28125

-2.90625 0.284581
-2.89712 0.28125

-2.875 0.296275
-2.8689 0.296875

2.125 -0.0415491
2.14062 -0.0397102

2.14062 -0.0397074
2.15625 -0.0382899

-2.875 0.303439
-2.85938 0.303439

0.234375 -0.00104516
0.25 -0.00362392

-2.60937 0.1875
-2.60937 0.203125

-2.5 -0.0441382
-2.48612 -0.03125

-2.48631 -0.03125
-2.48438 -0.0296757

-2.48438 -0.0297427
-2.46875 -0.0190009

-2.46875 -0.0188197
-2.46138 -0.015625

-2.46156 -0.015625
-2.45312 -0.0119689

-2.45312 -0.012155
-2.4375 -0.00949568

-2.4375 -0.00983676
-2.42188 -0.0103091

-2.42188 -0.0105165
-2.40625 -0.0130236

-2.39062 -0.0168532
-2.3958 -0.015625

-2.40625 -0.0132807
-2.39637 -0.015625

-2.39062 -0.0171477
-2.375 -0.0212163

-2.375 -0.0213513
-2.35938 -0.0250974

-2.35938 -0.0252474
-2.34375 -0.0281009

-2.34375 -0.0282769
-2.32812 -0.0295858

-2.32812 -0.0297724
-2.3125 -0.0288114

-2.3125 -0.0289861
-2.29688 -0.0250327

-2.29688 -0.0252652
-2.28125 -0.0175051

-2.28125 -0.0175167
-2.27835 -0.015625

-2.27951 -0.015625
-2.26562 -0.00592446

-2.26562 -0.00544514
-2.2579 0

2.15625 -0.038258
2.17188 -0.0373313

2.17188 -0.0368862
2.1875 -0.0374053

2.17188 -0.0312305
2.17246 -0.03125

2.23438 -0.0664166
2.22803 -0.0625

2.23438 -0.0655597
2.25 -0.0710766

2.1875 -0.0363855
2.20312 -0.0412846

2.21875 -0.0535709
2.20876 -0.046875

2.20312 -0.0404126
2.21315 -0.046875

2.1875 -0.031054
2.18821 -0.03125

2.21875 -0.0538248
2.23143 -0.0625

-2.25893 0
-2.25 0.00624677

2.25 -0.0700514
2.26562 -0.071564

2.26562 -0.0712807
2.28125 -0.0714062

2.28125 -0.0712197
2.29688 -0.070898

-2.25 0.00645635
-2.23438 0.014619

-2.23438 0.0146838
-2.2313 0.015625

-2.22997 0.015625
-2.21875 0.0190577

-2.21875 0.0186851
-2.20312 0.0215073

-2.20312 0.0212075
-2.1875 0.0236115

-2.1875 0.0234953
-2.17188 0.026313

2.29688 -0.0708578
2.3125 -0.0705424

2.3125 -0.0705179
2.32812 -0.0703382

-2.17188 0.0264032
-2.15625 0.0296866

2.32812 -0.0703565
2.34375 -0.0703247

2.34375 -0.0703416
2.35938 -0.0703873

-2.15625 0.029841
-2.14942 0.03125

-2.14957 0.03125
-2.14062 0.0330967

-2.14062 0.0331322
-2.125 0.0358537

-2.125 0.0358341
-2.10938 0.037994

-2.10938 0.0379632
-2.09375 0.0396623

2.35938 -0.07041
2.375 -0.0704541

-2.09375 0.0396254
-2.07812 0.0409989

-2.07812 0.040951
-2.0625 0.0421684

2.375 -0.0704733
2.39062 -0.070432

2.39062 -0.0704498
2.40625 -0.0702488

-2.0625 0.0421236
-2.04688 0.0433701

-2.04688 0.0433527
-2.03125 0.0447529

-2.03125 0.0447855
-2.01562 0.0463089

-2.01562 0.0463828
-2.01035 0.046875

-2.01015 0.046875
-2 0.0478217

2.40625 -0.0702643
2.42188 -0.0698373

2.42188 -0.0698446
2.4375 -0.0691459

0.25 -0.00365381
0.265625 -0.00602809

0.265625 -0.00602778
0.28125 -0.0081384

0.28125 -0.00813726
0.296875 -0.00998711

0.296875 -0.00998671
0.3125 -0.0115789

0.3125 -0.0115776
0.328125 -0.0129155

0.328125 -0.0129135
0.34375 -0.0140035

0.34375 -0.014001
0.359375 -0.014852

2.4375 -0.069135
2.45312 -0.0681715

2.45312 -0.068127
2.46875 -0.0670093

-2 0.0478296
-1.98438 0.0490922

-1.98438 0.0491184
-1.96875 0.0501312

-1.96875 0.0501205
-1.95312 0.0508525

-1.95312 0.0507939
-1.9375 0.0513837

-1.9375 0.05131
-1.92188 0.0520224

-1.92188 0.0519687
-1.90625 0.0530582

-1.90625 0.0530841
-1.89062 0.0546059

-1.89062 0.0547475
-1.875 0.0563667

-1.875 0.0560811
-1.85938 0.0580857

-1.85938 0.0594921
-1.84375 0.0596408

-1.82812 0.0465985
-1.82858 0.046875

-1.84375 0.0609209
-1.82812 0.0538449

-1.8125 0.0400568
-1.82422 0.046875

-1.82812 0.051339
-1.82045 0.046875

-1.8125 0.0416349
-1.79688 0.0367559

-1.79688 0.0373385
-1.78125 0.033974

-1.76562 0.0310162
-1.7668 0.03125

-1.76562 0.0307862
-1.75 0.0280881

-1.78125 0.0340104
-1.76738 0.03125

-1.75 0.0280394
-1.73438 0.0261009

2.46875 -0.066935
2.48438 -0.0659007

-1.73438 0.0261737
-1.71875 0.0249469

-1.71875 0.025023
-1.70312 0.0242099

-1.70312 0.0242505
-1.6875 0.0236176

2.48438 -0.0658317
2.5 -0.0651674

-1.6875 0.0236346
-1.67188 0.0230667

-1.67188 0.0230794
-1.65625 0.022517

0.359375 -0.0148483
0.375 -0.0154725

-1.65625 0.0225465
-1.64062 0.021905

-1.64062 0.0219379
-1.625 0.0210925

0.390625 -0.015885
0.380908 -0.015625

-1.625 0.0210902
-1.60938 0.0199795

0.375 -0.015464
0.381015 -0.015625

0.390625 -0.0158702
0.40625 -0.0161231

-1.60938 0.0199618
-1.59375 0.0186258

-1.59375 0.0185959
-1.57812 0.0171296

-1.57812 0.0171026
-1.56256 0.015625

-1.5625 0.0155857
-1.54688 0.0142085

0.40625 -0.0160967
0.421875 -0.0162648

0.421875 -0.0162319
0.4375 -0.016434

-1.54688 0.0141793
-1.53125 0.0130341

0.4375 -0.0164032
0.453125 -0.0167667

2.5 -0.0651592
2.51562 -0.0650193

2.51562 -0.0650739
2.53125 -0.0653655

0.453125 -0.0167455
0.46875 -0.0173741

2.53125 -0.065448
2.54688 -0.0658967

2.54688 -0.0659793
2.5625 -0.0662548

-1.53125 0.0130059
-1.51562 0.0122073

-1.51562 0.0121971
-1.5 0.0118218

0.46875 -0.0173646
0.484375 -0.0183196

0.484375 -0.01832
0.5 -0.0196196

0 0.0383211
0.015625 0.0370262

0.015625 0.036902
0.03125 0.0345329

0.046875 0.0312208
0.0467294 0.03125

0.046875 0.0312166
0.0625 0.0276973

0.03125 0.0345004
0.046875 0.0313705

0.046875 0.0313213
0.0471917 0.03125

-1.5 0.0118367
-1.48438 0.0118753

-1.48438 0.011925
-1.46875 0.0122484

0.0625 0.0275428
0.078125 0.0242506

0.078125 0.0242451
0.09375 0.0215013

0.09375 0.0215653
0.109375 0.019253

0.109375 0.0193501
0.125 0.0171469

0.140625 0.0147471
0.135109 0.015625

0.125 0.0172527
0.135227 0.015625

0.140625 0.0146766
0.15625 0.0118729

2.5625 -0.0663291
2.57812 -0.0661177

2.57812 -0.0661703
2.59375 -0.0652181

0.15625 0.011792
0.171875 0.00899849

0.171875 0.00899362
0.1875 0.00638171

-1.46875 0.0123024
-1.45312 0.0127031

-1.45312 0.0127433
-1.4375 0.013033

2.59375 -0.0652322
2.60938 -0.0634057

2.60938 -0.0632971
2.61432 -0.0625

2.61435 -0.0625
2.625 -0.0607834

2.625 -0.0605973
2.64062 -0.0579661

2.64062 -0.0577489
2.65625 -0.0558084

2.65625 -0.0558233
2.67188 -0.0549778

2.67188 -0.055179
2.6875 -0.0549962

2.6875 -0.0551539
2.70312 -0.054916

2.70312 -0.0549456
2.71875 -0.0542782

2.71875 -0.0542516
2.73438 -0.0531488

2.73438 -0.0531079
2.75 -0.0517048

0.1875 0.00640322
0.203125 0.00393964

2.75 -0.0516833
2.76562 -0.0501047

2.76562 -0.0501066
2.78125 -0.0483915

-1.4375 0.0130801
-1.42188 0.0130842

0.203125 0.00397421
0.21875 0.00154678

2.78125 -0.0484187
2.79393 -0.046875

2.79377 -0.046875
2.79688 -0.0464968

-1.42188 0.0131296
-1.40625 0.012663

0.21875 0.00160676
0.228605 0

2.79688 -0.0465234
2.8125 -0.0443637

2.8125 -0.044364
2.82812 -0.0419244

2.82812 -0.0418894
2.84375 -0.0392392

2.84375 -0.0392148
2.85938 -0.0364726

2.85938 -0.0364534
2.875 -0.0337064

-1.40625 0.0125901
-1.39062 0.0117077

2.875 -0.0336541
2.88952 -0.03125

2.8888 -0.03125
2.89062 -0.0309485

2.89062 -0.0309186
2.90625 -0.0288956

2.90625 -0.0287698
2.92188 -0.0278378

2.92188 -0.0281635
2.9375 -0.0279227

2.98438 -0.0920794
2.97435 -0.078125

-1.39062 0.0115454
-1.375 0.0107178

0.5 -0.0196308
0.515625 -0.0212517

0.515625 -0.0212771
0.53125 -0.0231462

0.53125 -0.0231865
0.546875 -0.0251721

0.546875 -0.025222
0.5625 -0.0271437

-1.375 0.010616
-1.35938 0.0103713

-1.35938 0.0103782
-1.34375 0.0109061

2.9788 -0.078125
2.98421 -0.0625

2.98438 -0.0838817
3 -0.0832415

2.98438 -0.0777448
3 -0.0638084

2.9375 -0.0290763
2.95312 -0.026568

2.95312 -0.0288847
2.96875 -0.017177

0.5625 -0.0271917
0.578125 -0.0288537

-1.34375 0.0109677
-1.32812 0.0121311

-1.32812 0.0122129
-1.3125 0.0137252

0.578125 -0.0288806
0.59375 -0.030133

0.625 -0.031471
0.619325 -0.03125

2.96842 -0.015625
2.96875 -0.0152172

2.98418 -0.0625
2.98438 -0.0622215

-1.3125 0.0138254
-1.29688 0.0153227

-1.29688 0.0154105
-1.29395 0.015625

-1.29361 0.015625
-1.28125 0.0165324

0.59375 -0.0301125
0.609375 -0.0309425

0.609375 -0.0308627
0.619323 -0.03125

-1.28125 0.0165394
-1.26562 0.0171989

0.625 -0.0313728
0.640625 -0.0321156

-1.26562 0.0171778
-1.25 0.0173879

2.98438 -0.0588826
3 -0.0551013

2.9988 -0.046875
3 -0.0467332

0.640625 -0.0320756
0.65625 -0.0332294

0.65625 -0.0332743
0.671875 -0.0348293

2.96875 -0.0148523
2.97802 0

-1.25 0.0173496
-1.23438 0.0172293

-1.23438 0.0172054
-1.21875 0.0168793

-1.21875 0.0168532
-1.20312 0.0164215

2.97781 0
2.98227 0.015625

2.98148 0.015625
2.98265 0.03125

2.98226 0.03125
2.9825 0.046875

2.98247 0.046875
2.98261 0.0625

2.98262 0.0625
2.9827 0.078125

2.98285 0.078125
2.98254 0.09375

2.98316 0.09375
2.97869 0.125

-1.20312 0.0163774
-1.1875 0.0159804

2.90625 0.24942
2.90589 0.25

0.671875 -0.0348963
0.6875 -0.036629

2.90625 0.243739
2.9375 0.233727

0.6875 -0.0366563
0.703125 -0.0383779

2.96875 0.136482
2.96702 0.140625

-1.1875 0.015947
-1.17188 0.0157396

2.96791 0.140625
2.96145 0.15625

2.96267 0.15625
2.95832 0.171875

2.95364 0.171875
2.95995 0.1875

2.97455 0.125
2.97099 0.15625

2.96875 0.182711
2.99377 0.1875

-1.17188 0.0157514
-1.15625 0.015777

-1.15625 0.0158337
-1.14062 0.0159551

-1.14062 0.0160389
-1.125 0.0159749

2.96504 0.1875
2.96875 0.19317

2.9375 0.227536
2.95833 0.25

2.96875 0.199923
3 0.192601

-1.10938 0.0155243
-1.11256 0.015625

-1.125 0.0160121
-1.11276 0.015625

2.85938 0.30417
2.86667 0.296875

-1.10938 0.0154328
-1.09375 0.0146051

2.90519 0.25
2.90226 0.265625

-1.09375 0.0144302
-1.07812 0.0137919

0.703125 -0.0383696
0.71875 -0.0400424

2.8957 0.265625
2.90625 0.281027

-1.07812 0.0137558
-1.0625 0.0137287

0.71875 -0.0400455
0.734375 -0.0416799

-1.0625 0.0139792
-1.04688 0.0141343

0.734375 -0.0417262
0.75 -0.0432233

2.9055 0.28125
2.90625 0.2818

-1.04688 0.014189
-1.03125 0.0139156

-1.03125 0.0136612
-1.01562 0.0133589

2.90625 0.267672
2.92658 0.28125

0.75 -0.0432938
0.765625 -0.0444198

0.765625 -0.0444579
0.78125 -0.0449955

-1.01562 0.0133
-1 0.0135952

2.93314 0.28125
2.9375 0.281687

2.9375 0.28184
2.95738 0.25

3.0625 -0.250256
3.0499 -0.25

3.0625 -0.250345
3.0626 -0.25

0.78125 -0.0449518
0.796875 -0.044912

0.796875 -0.04484
0.8125 -0.044454

3.04982 -0.25
3.0625 -0.249811

3.0625 -0.249722
3.06261 -0.25

3 -0.0948285
3.00195 -0.09375

0.8125 -0.0444624
0.828125 -0.0438574

0.828125 -0.0439486
0.84375 -0.0429256

3.00123 -0.09375
3.00692 -0.0625

3 -0.055314
3.00642 -0.0625

0.84375 -0.0429108
0.859375 -0.0413171

0.859375 -0.0411475
0.875 -0.0393517

3.0625 -0.00506008
3.04779 0

3.125 -0.0040034
3.10504 0

0.875 -0.0392971
0.890625 -0.0377475

3.25 -0.00321677
3.2225 0

3.5 -0.00268833
3.4341 0

3.03125 0.0289115
3.02827 0.03125

3.03125 0.0356472
3.02474 0.0625

3.03125 0.0210328
3.05718 0

0.890625 -0.0378666
0.90625 -0.0364341

0.90625 -0.0364878
0.921875 -0.0348266

3.03125 0.0313667
3.03129 0.03125

3.02914 0.0625
3.02831 0.09375

3.02768 0.09375
3.02579 0.125

3.03125 0.0650279
3.03132 0.0625

3.0625 0.0157551
3.0984 0

3 0.171939
3.0319 0.125

0.921875 -0.0347927
0.9375 -0.0328634

0.9375 -0.0328219
0.949432 -0.03125

0.949626 -0.03125
0.953125 -0.030789

0.953125 -0.0307239
0.96875 -0.0286981

0.96875 -0.0287594
0.984375 -0.0267347

3 0.193804
3.00599 0.1875

3.125 0.0104962
3.19913 0

0.984375 -0.026971
1 -0.0243526

3.25 0.00469981
3.36279 0

4 -0.00439446
3.63375 0

3.5 0.000576249
3.54803 0

1 -0.0259854
1.01562 -0.019211

1.01326 -0.015625
1.01562 -0.0144627

1.01562 -0.019758
1.02516 -0.015625

1.01562 -0.014152
1.03125 -0.00755146

1.03125 -0.00866979
1.04688 -0.00994848

1.0625 -0.0164513
1.05682 -0.015625

1.04688 -0.0127698
1.0625 -0.0150441

1.0625 -0.0166651
1.07249 -0.015625

1.0625 -0.014338
1.07812 -0.012712

1.07812 -0.0123695
1.09375 -0.00924075

1.09375 -0.00917743
1.10938 -0.00602277

1.10938 -0.00559892
1.125 -0.0033927

1.125 -0.00284703
1.14062 -0.00352829

1.14062 -0.00364715
1.15625 -0.00806952

1.15625 -0.0089832
1.17188 -0.0150816

1.1875 -0.0212322
1.17387 -0.015625

1.17188 -0.0151777
1.17296 -0.015625

1.21875 -0.0325562
1.21448 -0.03125

1.1875 -0.0217843
1.20312 -0.0279915

1.20312 -0.0282235
1.21303 -0.03125

1.21875 -0.0325842
1.23438 -0.0362889

1.23438 -0.0365306
1.25 -0.0392267

1.25 -0.0391557
1.26562 -0.040502

1.26562 -0.0403562
1.28125 -0.0407864

1.28125 -0.0406323
1.29688 -0.0407463

1.29688 -0.0406126
1.3125 -0.0409857

1.3125 -0.0408864
1.32812 -0.0419847

1.32812 -0.0418736
1.34375 -0.044118

1.35938 -0.0478869
1.35509 -0.046875

1.34375 -0.044039
1.35575 -0.046875

1.35938 -0.0479882
1.375 -0.0527723

1.40625 -0.0638121
1.40235 -0.0625

1.40625 -0.0637929
1.42188 -0.0681953

1.42188 -0.0680894
1.4375 -0.0711166

1.375 -0.0528883
1.39062 -0.0580973

1.39062 -0.0580736
1.4038 -0.0625

1.4375 -0.0710754
1.45312 -0.0730218

1.45312 -0.0729292
1.46875 -0.0740622

1.46875 -0.0739812
1.48438 -0.0746477

1.48438 -0.0745884
1.5 -0.0750687

