1.5 -0.177145
1.51562 -0.177301

1.51562 -0.177318
1.53125 -0.177818

1.53125 -0.177829
1.54688 -0.178618

1.54688 -0.17871
1.5625 -0.17958

1.5625 -0.17964
1.57812 -0.180288

1.57812 -0.180165
1.59375 -0.180717

1.59375 -0.180563
1.60938 -0.181575

1.60938 -0.181481
1.625 -0.183448

1.65625 -0.190847
1.64203 -0.1875

1.65625 -0.191018
1.67188 -0.193704

1.67188 -0.193303
1.6875 -0.195294

1.625 -0.183389
1.64062 -0.186619

1.64062 -0.186657
1.64421 -0.1875

1.6875 -0.19507
1.70312 -0.197617

1.70312 -0.197895
1.71875 -0.200889

1.73438 -0.203868
1.72974 -0.203125

1.71875 -0.200997
1.73202 -0.203125

1.73438 -0.203423
1.75 -0.205386

1.95312 -0.252779
1.94468 -0.25

1.95312 -0.252554
1.96875 -0.257547

1.96875 -0.257545
1.98438 -0.262079

-4 -0.00222446
-3.75525 0

-3.62868 0
-3.5 0.00116951

2 -0.266512
1.99678 -0.265625

1.98438 -0.261915
1.99783 -0.265625

1.75 -0.205078
1.76562 -0.207435

-3.5 -0.00175896
-3.44466 0

-3.25 -0.00221432
-3.2277 0

-3 -0.190813
-3.00018 -0.1875

-3 -0.125429
-3.00042 -0.125

-3.125 -0.00245132
-3.11403 0

1.76562 -0.207709
1.78125 -0.210526

1.78125 -0.210619
1.79688 -0.21316

1.79688 -0.213031
1.8125 -0.215366

-3 -0.0940106
-3.0003 -0.09375

-3 -0.075056
-3.00105 -0.0625

-3.0625 -0.000938442
-3.05951 0

-3 -0.03652
-3.00079 -0.03125

-3.03125 -0.00243954
-3.01392 0

-3.39716 0
-3.25 0.00472184

-3.21088 0
-3.125 0.00917865

-3.10575 0
-3.0625 0.0153172

-3.0625 0.00486665
-3.03125 0.0261488

-3.03125 0.0178946
-3.01902 0.03125

-3.02985 0.03125
-3.01893 0.0625

-3.03365 0.0625
-3.03125 0.0710869

-3.03125 0.0663516
-3.01754 0.09375

-3.01336 0.09375
-3.00043 0.125

-3.01523 0.125
-3 0.156106

1.82812 -0.219736
1.82176 -0.21875

1.82812 -0.219155
1.84375 -0.221831

1.8125 -0.215147
1.82812 -0.217569

1.82812 -0.215962
1.84375 -0.218638

1.84375 -0.220288
1.85938 -0.223619

1.85938 -0.223727
1.875 -0.227683

1.84375 -0.218215
1.84626 -0.21875

1.875 -0.227648
1.89062 -0.231997

1.90625 -0.237717
1.89562 -0.234375

1.89062 -0.231073
1.90113 -0.234375

1.90625 -0.237055
1.92188 -0.242239

1.92188 -0.242224
1.9375 -0.247313

-3 -0.190136
-2.99496 -0.1875

1.9375 -0.246914
1.94688 -0.25

-3 -0.18732
-2.99371 -0.1875

-3 -0.0819032
-2.98438 -0.0808852

-3 -0.0751873
-2.98438 -0.07703

-2.98438 -0.0811257
-2.98367 -0.078125

-3 -0.0624563
-2.99977 -0.0625

-3 -0.0325594
-2.98438 -0.0313312

-3 -0.0175301
-2.98438 -0.0171112

-3 -0.00349896
-2.98438 -0.00346989

0.03125 -0.125429
0.0253203 -0.125

0.03125 -0.125447
0.046875 -0.126917

0.046875 -0.127029
0.0625 -0.128631

-3 0.00684795
-2.98438 0.00697498

-3 0.0199188
-2.98438 0.0199188

-3 0.0320066
-2.98438 0.0320066

-3 0.0614763
-2.98438 0.0603728

-3 0.0702897
-2.98438 0.067519

-3 0.0791069
-2.98438 0.090488

-2.98438 0.0656508
-2.98115 0.078125

-2.98438 0.0838775
-2.98409 0.078125

-0.796875 -0.00113395
-0.802039 0

-0.796875 -0.00130369
-0.78125 -0.00470215

-0.78125 -0.0049628
-0.765625 -0.00741976

-2.99217 0.09375
-2.98375 0.125

-0.765625 -0.00773228
-0.75 -0.00810138

0.0625 -0.128667
0.078125 -0.130105

0.078125 -0.130067
0.09375 -0.131346

0.09375 -0.131311
0.109375 -0.132577

0.109375 -0.132569
0.125 -0.133906

0 -0.123543
0.015625 -0.124301

0.015625 -0.124343
0.0247143 -0.125

0.125 -0.133912
0.140625 -0.135323

0.140625 -0.135337
0.15625 -0.13678

0.15625 -0.136796
0.171875 -0.138213

0.171875 -0.138229
0.1875 -0.139556

-2.99785 0.125
-2.98557 0.15625

-2.99034 0.15625
-2.96875 0.186358

-2.96875 0.154357
-2.95312 0.155473

-2.95312 0.156128
-2.95303 0.15625

-2.96875 0.16019
-2.95312 0.167665

-0.75 -0.00758081
-0.734375 -0.00627814

-0.734375 -0.00523798
-0.71875 -0.005385

0.203125 -0.140725
0.201773 -0.140625

0.1875 -0.139583
0.201597 -0.140625

0.203125 -0.140706
0.21875 -0.141699

-0.71875 -0.00591493
-0.703125 -0.00853212

-0.703125 -0.00916102
-0.6875 -0.0119307

2 -0.266458
2.01562 -0.270396

2.01562 -0.270336
2.03125 -0.273651

-0.6875 -0.0117813
-0.671875 -0.0137447

-0.671875 -0.0136029
-0.65625 -0.0153426

-0.640625 -0.0173969
-0.652246 -0.015625

-0.65625 -0.0151804
-0.653334 -0.015625

-0.640625 -0.0172524
-0.625 -0.0212229

0.21875 -0.141695
0.234375 -0.142596

0.234375 -0.142606
0.25 -0.143403

2.03125 -0.273655
2.04688 -0.276458

2.04688 -0.276397
2.0625 -0.278802

2.09375 -0.283268
2.08003 -0.28125

2.0625 -0.278736
2.07812 -0.280995

0.25 -0.143405
0.265625 -0.144074

0.265625 -0.144072
0.28125 -0.144613

0.28125 -0.144609
0.296875 -0.145034

0.296875 -0.145029
0.3125 -0.145356

2.07812 -0.280963
2.08007 -0.28125

2.09375 -0.28327
2.10938 -0.285653

2.10938 -0.285647
2.125 -0.288122

-0.59375 -0.0352819
-0.601505 -0.03125

2.125 -0.288135
2.14062 -0.290685

2.14062 -0.290708
2.15625 -0.293264

0.3125 -0.14535
0.328125 -0.145599

0.328125 -0.145594
0.34375 -0.145787

0.34375 -0.145782
0.359375 -0.145941

0.359375 -0.145937
0.375 -0.14608

0.375 -0.146076
0.390625 -0.146219

0.390625 -0.146217
0.40625 -0.146369

0.40625 -0.146369
0.421875 -0.146534

0.421875 -0.146535
0.4375 -0.146713

0.4375 -0.146715
0.453125 -0.146899

-2.96203 0.171875
-2.9559 0.1875

0.453125 -0.146902
0.46875 -0.147083

0.46875 -0.147086
0.484375 -0.147254

-0.625 -0.0211667
-0.609375 -0.0272004

-0.609375 -0.0273305
-0.601836 -0.03125

-0.59375 -0.0360165
-0.578125 -0.0448448

-0.5625 -0.0526407
-0.574741 -0.046875

-0.578125 -0.045285
-0.574749 -0.046875

-0.5 -0.0632146
-0.508282 -0.0625

-0.5625 -0.0526155
-0.546875 -0.0576841

-0.546875 -0.0575234
-0.53125 -0.0606747

-0.53125 -0.0605628
-0.515625 -0.0623422

-0.515625 -0.0622091
-0.512253 -0.0625

-0.984375 0.0241479
-0.993638 0.03125

-0.96875 0.0140814
-0.971596 0.015625

-0.984375 0.0239855
-0.971377 0.015625

-1 0.0396924
-0.98835 0.03125

-0.96875 0.0144215
-0.953125 0.00996275

-2.95312 0.171636
-2.95305 0.171875

-2.95312 0.172221
-2.9531 0.171875

-2.96771 0.1875
-2.94861 0.21875

-2.94652 0.21875
-2.9375 0.229333

-2.9375 0.217988
-2.93671 0.21875

-2.9375 0.227508
-2.91823 0.25

-2.91725 0.25
-2.90625 0.263673

-2.90625 0.262341
-2.90358 0.265625

-2.90405 0.265625
-2.89286 0.28125

-2.89486 0.28125
-2.875 0.305213

-2.875 0.299939
-2.86335 0.3125

-2.86801 0.3125
-2.84375 0.335843

-2.84375 0.327263
-2.84233 0.328125

-2.84375 0.329256
-2.82812 0.343534

2.15625 -0.293272
2.17188 -0.295772

2.1875 -0.298213
2.17893 -0.296875

0.484375 -0.147256
0.5 -0.147402

-0.953125 0.0105958
-0.9375 0.00949318

-2.83514 0.34375
-2.8125 0.363833

-2.8125 0.356042
-2.80695 0.359375

-2.81019 0.359375
-2.79688 0.371959

-0.9375 0.00983049
-0.921875 0.0101434

-0.921875 0.010354
-0.90625 0.0109867

-0.90625 0.0111131
-0.890625 0.0113916

-0.890625 0.011449
-0.875 0.0110056

2.17188 -0.295758
2.17903 -0.296875

-0.875 0.0109864
-0.859375 0.00974493

-0.859375 0.00969748
-0.84375 0.00779121

-0.84375 0.00777437
-0.828125 0.0053319

2.1875 -0.298219
2.20312 -0.30058

2.20312 -0.300583
2.21875 -0.302833

2.21875 -0.302826
2.23438 -0.304972

0.5 -0.147403
0.515625 -0.147521

0.515625 -0.14752
0.53125 -0.147609

0.53125 -0.147607
0.546875 -0.147672

2.23438 -0.304963
2.25 -0.307037

-0.828125 0.00534628
-0.8125 0.00237254

-2.80134 0.375
-2.78125 0.39285

-2.78125 0.391868
-2.76209 0.40625

-2.7611 0.40625
-2.75 0.41362

0.546875 -0.147669
0.5625 -0.14772

0.5625 -0.147716
0.578125 -0.147764

0.578125 -0.147761
0.59375 -0.14782

2.29688 -0.312778
2.29445 -0.3125

2.29688 -0.31277
2.3125 -0.314432

2.25 -0.30704
2.26562 -0.309051

2.26562 -0.309062
2.28125 -0.310985

2.28125 -0.310998
2.29437 -0.3125

0.59375 -0.147817
0.609375 -0.147899

0.609375 -0.147896
0.625 -0.148014

-2.75 0.405862
-2.74938 0.40625

0.625 -0.148011
0.640625 -0.148174

-2.75 0.412734
-2.71875 0.431708

-2.71875 0.431986
-2.70954 0.4375

2.3125 -0.314422
2.32812 -0.316009

2.32812 -0.316002
2.34375 -0.317547

2.34375 -0.31755
2.35938 -0.319061

-0.8125 0.00233281
-0.801877 0

-2.70889 0.4375
-2.6875 0.450385

-2.6875 0.44751
-2.67848 0.453125

0.640625 -0.148171
0.65625 -0.148389

0.65625 -0.148386
0.671875 -0.148674

0.671875 -0.14867
0.6875 -0.149042

2.35938 -0.319079
2.375 -0.320515

0.6875 -0.14904
0.703125 -0.149505

0.703125 -0.149506
0.71875 -0.150068

0.71875 -0.150072
0.734375 -0.150721

0.734375 -0.150728
0.75 -0.151442

2.375 -0.32055
2.39062 -0.321802

2.39062 -0.321844
2.40625 -0.322758

0.75 -0.151451
0.765625 -0.152197

2.40625 -0.322795
2.42188 -0.323216

-0.5 -0.0632182
-0.484375 -0.0650793

-0.484375 -0.0649151
-0.46875 -0.0678451

2.42188 -0.323232
2.4375 -0.323053

-2.68035 0.453125
-2.67188 0.458821

-2.67188 0.458409
-2.66091 0.46875

-0.46875 -0.0676921
-0.453125 -0.0723257

-0.4375 -0.0788672
-0.439155 -0.078125

2.4375 -0.323048
2.45312 -0.322245

2.45312 -0.322216
2.46875 -0.320859

2.46875 -0.320816
2.48438 -0.319052

0.765625 -0.152206
0.78125 -0.152949

0.78125 -0.152957
0.796875 -0.153661

0.796875 -0.153667
0.8125 -0.154305

0.8125 -0.154309
0.828125 -0.15486

2.48438 -0.319008
2.5 -0.317013

-0.453125 -0.0721852
-0.439882 -0.078125

-0.40625 -0.100742
-0.416744 -0.09375

-0.4375 -0.0790837
-0.421875 -0.0889679

-0.421875 -0.0899808
-0.416218 -0.09375

-0.40625 -0.100981
-0.390625 -0.108715

-0.375 -0.113347
-0.387543 -0.109375

-0.390625 -0.108455
-0.387719 -0.109375

-2.66408 0.46875
-2.65625 0.475005

-0.375 -0.113508
-0.359375 -0.115981

-0.359375 -0.115825
-0.34375 -0.115835

2.5 -0.317003
2.51562 -0.314887

-0.34375 -0.115683
-0.328125 -0.113846

-2.65625 0.476677
-2.625 0.496933

-0.328125 -0.113766
-0.3125 -0.110547

0.828125 -0.154862
0.84375 -0.155312

-2.57812 0.322357
-2.58406 0.328125

-0.3125 -0.110399
-0.307917 -0.109375

-0.309818 -0.109375
-0.296875 -0.106483

-0.296875 -0.106993
-0.28125 -0.103354

-0.28125 -0.103839
-0.265625 -0.0982602

-0.265625 -0.0984567
-0.256636 -0.09375

-0.258049 -0.09375
-0.25 -0.0895276

2.51562 -0.314848
2.53125 -0.312707

2.53089 -0.3125
2.53125 -0.31245

-0.140625 -0.127983
-0.147202 -0.125

2.53125 -0.312429
2.54688 -0.310897

2.54688 -0.310238
2.5625 -0.311185

-2.58688 0.328125
-2.5906 0.34375

2.57812 -0.316462
2.56754 -0.3125

-0.140625 -0.127574
-0.125 -0.130183

-0.25 -0.0893966
-0.234375 -0.0799774

-0.235646 -0.078125
-0.234375 -0.077363

2.59375 -0.32963
2.5917 -0.328125

2.57812 -0.317086
2.59375 -0.327529

2.625 -0.344106
2.62398 -0.34375

0.84375 -0.155313
0.859375 -0.155654

-0.234375 -0.0798136
-0.229202 -0.078125

-0.234375 -0.0774491
-0.21875 -0.0723481

2.59375 -0.329617
2.60938 -0.339274

2.60938 -0.339034
2.6229 -0.34375

2.5625 -0.310686
2.56739 -0.3125

-2.57812 0.319666
-2.5625 0.316375

2.625 -0.344083
2.64062 -0.346601

-2.58698 0.34375
-2.57812 0.35578

-2.57812 0.355502
-2.57496 0.359375

2.64062 -0.346476
2.65625 -0.347038

0.859375 -0.155654
0.875 -0.155884

-2.57327 0.359375
-2.5625 0.368739

-2.5625 0.317887
-2.54964 0.328125

-0.21875 -0.0732856
-0.203125 -0.0756225

-0.1875 -0.0849991
-0.197119 -0.078125

-0.203125 -0.0754854
-0.19852 -0.078125

2.65625 -0.346863
2.67188 -0.34607

2.67188 -0.345933
2.6875 -0.344407

0.875 -0.155883
0.890625 -0.156005

0.890625 -0.156002
0.90625 -0.156024

0.90625 -0.156021
0.921875 -0.155953

0.921875 -0.155952
0.9375 -0.155801

0.9375 -0.155801
0.953125 -0.15557

0.953125 -0.15557
0.96875 -0.15526

0.96875 -0.155257
0.984375 -0.154874

0.984375 -0.154867
1 -0.15443

-2.55281 0.328125
-2.54688 0.336295

-2.54688 0.33686
-2.543 0.34375

-2.54688 0.3728
-2.56051 0.375

-2.54242 0.34375
-2.53903 0.359375

-2.53451 0.359375
-2.54515 0.375

-2.625 0.493659
-2.60938 0.499751

-0.171875 -0.106476
-0.182728 -0.09375

-0.15625 -0.121253
-0.170281 -0.109375

2.6875 -0.34433
2.69255 -0.34375

2.6923 -0.34375
2.70312 -0.342507

-2.60938 0.497381
-2.60489 0.5

-2.55512 0.375
-2.54688 0.376064

-2.54688 0.376886
-2.54331 0.375

2.70312 -0.342532
2.71875 -0.34063

-0.171875 -0.10722
-0.169865 -0.109375

-0.1875 -0.0867435
-0.181328 -0.09375

2.71875 -0.340703
2.73438 -0.338514

2.73438 -0.338584
2.75 -0.335823

-0.15625 -0.121211
-0.147975 -0.125

-0.125 -0.129959
-0.109375 -0.129722

-0.109375 -0.129447
-0.09375 -0.127361

2.75 -0.335956
2.76562 -0.332217

2.76562 -0.332278
2.77844 -0.328125

2.77809 -0.328125
2.78125 -0.327102

2.78125 -0.32724
2.79688 -0.320681

2.79688 -0.321012
2.81201 -0.3125

2.81154 -0.3125
2.8125 -0.311963

2.8125 -0.311961
2.82812 -0.300806

2.82812 -0.300415
2.83276 -0.296875

-2.26562 0.497454
-2.26898 0.5

1 -0.154421
1.01562 -0.153963

1.01562 -0.153954
1.03125 -0.153512

2.83268 -0.296875
2.84375 -0.288115

1.03125 -0.153508
1.04688 -0.153108

2.84375 -0.288637
2.85233 -0.28125

1.04688 -0.153112
1.0625 -0.152753

-2.26562 0.497147
-2.25 0.485339

1.0625 -0.152761
1.07812 -0.152421

1.07812 -0.152424
1.09375 -0.152081

2.85196 -0.28125
2.85938 -0.274429

-2.1875 0.432018
-2.1932 0.4375

-0.09375 -0.127107
-0.0800282 -0.125

2.85938 -0.273841
2.8677 -0.265625

1.09375 -0.152075
1.10938 -0.151735

-2.21875 0.460646
-2.22858 0.46875

1.10938 -0.151718
1.125 -0.15143

2.86828 -0.265625
2.875 -0.25871

-2.23438 0.473478
-2.24846 0.484375

-2.25 0.485496
-2.24851 0.484375

1.125 -0.15141
1.14062 -0.151247

2.875 -0.258721
2.88287 -0.25

-0.0853374 -0.125
-0.078125 -0.123892

-2.23438 0.473391
-2.2286 0.46875

-2.20312 0.446836
-2.21023 0.453125

-2.21875 0.460441
-2.21024 0.453125

-2.20312 0.446788
-2.19309 0.4375

2.8829 -0.25
2.89062 -0.240924

1.14062 -0.151233
1.15625 -0.151265

2.89062 -0.23953
2.895 -0.234375

-0.078125 -0.124228
-0.0625 -0.122982

-2.15625 0.403302
-2.15996 0.40625

-0.0625 -0.123307
-0.046875 -0.123052

2.89615 -0.234375
2.90625 -0.222144

-0.046875 -0.123092
-0.03125 -0.123099

-2.17188 0.416669
-2.17742 0.421875

-0.03125 -0.123124
-0.015625 -0.123263

2.90625 -0.223732
2.90997 -0.21875

-0.015625 -0.123191
0 -0.123555

1.15625 -0.15126
1.17188 -0.151524

-2.1875 0.431789
-2.17714 0.421875

-2.17188 0.416428
-2.15988 0.40625

2.91006 -0.21875
2.91974 -0.203125

1.17188 -0.151523
1.1875 -0.152028

-2.15625 0.403159
-2.14062 0.392268

-2.125 0.383352
-2.13711 0.390625

1.1875 -0.152025
1.20312 -0.152779

1.20312 -0.152771
1.21875 -0.153797

1.25 -0.15677
1.2451 -0.15625

2.91846 -0.203125
2.92188 -0.196927

1.21875 -0.153789
1.23438 -0.15512

1.23438 -0.155121
1.24501 -0.15625

2.92188 -0.195266
2.92615 -0.1875

2.9278 -0.1875
2.93642 -0.171875

2.93574 -0.171875
2.9375 -0.168361

-2.14062 0.392636
-2.13728 0.390625

-2.09375 0.36714
-2.1091 0.375

2.9375 -0.222204
2.9408 -0.21875

1.25 -0.156788
1.26562 -0.158751

1.26562 -0.158774
1.28125 -0.160971

1.28125 -0.161008
1.29688 -0.16332

1.29688 -0.163376
1.3125 -0.165618

2.9375 -0.167965
2.94338 -0.15625

1.3125 -0.165685
1.32812 -0.167614

1.32812 -0.167659
1.34375 -0.169049

1.34375 -0.169035
1.35938 -0.169824

2.94415 -0.15625
2.95145 -0.140625

2.95068 -0.140625
2.95312 -0.136083

-2.09375 0.36665
-2.07845 0.359375

-2.0625 0.352736
-2.0771 0.359375

2.95312 -0.133751
2.95788 -0.125

1.35938 -0.169735
1.375 -0.170129

-2.07812 0.359739
-2.07732 0.359375

1.375 -0.16999
1.39062 -0.170448

2.95943 -0.125
2.96875 -0.11111

-2.03125 0.339834
-2.03996 0.34375

-2.0625 0.352059
-2.04688 0.345397

1.39062 -0.170325
1.40625 -0.171372

2.96875 -0.112469
2.97961 -0.09375

1.42188 -0.173252
1.41038 -0.171875

1.40625 -0.171372
1.41045 -0.171875

2.98008 -0.09375
2.98339 -0.078125

2.98121 -0.078125
2.98143 -0.0625

-2.04688 0.345797
-2.04232 0.34375

-2.03125 0.338669
-2.01562 0.33067

1.42188 -0.173496
1.4375 -0.175688

2.98438 -0.0706893
2.98579 -0.0625

2.98173 -0.0625
2.98199 -0.046875

-0.734375 0.640649
-0.734351 0.640625

2.982 -0.046875
2.98206 -0.03125

1.4375 -0.175918
1.45312 -0.177477

-2 0.323758
-2.01033 0.328125

-2.01562 0.330043
-2.01109 0.328125

1.45312 -0.177477
1.46875 -0.177941

2.98438 -0.0551561
2.98576 -0.0625

2.98201 -0.03125
2.98228 -0.015625

-2.125 0.383158
-2.1099 0.375

2.98239 -0.015625
2.98273 0

1.46875 -0.17774
1.48438 -0.177513

2.98438 -0.00315986
2.98444 0

1.48438 -0.177356
1.5 -0.177154

-2.10938 0.375089
-2.1092 0.375

-2.60966 0.5
-2.59375 0.5087

-2.59375 0.512166
-2.5625 0.529774

2.98283 0
2.98281 0.015625

2.98261 0.015625
2.98247 0.03125

2.98251 0.03125
2.98256 0.046875

-2.5625 0.525244
-2.55022 0.53125

-2.55671 0.53125
-2.53125 0.544813

-2.53125 0.545661
-2.50063 0.5625

2.9826 0.046875
2.98267 0.0625

2.96875 0.12127
2.9664 0.125

2.98274 0.0625
2.98263 0.078125

2.98302 0.078125
2.98181 0.09375

-2.50104 0.5625
-2.5 0.563054

-2.5 0.557542
-2.49029 0.5625

2.98359 0.09375
2.97031 0.125

-2.5 0.563172
-2.46875 0.578309

-2.46875 0.578222
-2.4375 0.590848

2.9375 0.178082
2.93393 0.1875

2.90625 0.242881
2.90149 0.25

2.92188 0.215414
2.92014 0.21875

-2.4375 0.589494
-2.42496 0.59375

-2.42188 0.593125
-2.42066 0.59375

-2.42466 0.59375
-2.40625 0.601691

2.93568 0.1875
2.92959 0.203125

2.92188 0.216047
2.92803 0.203125

-2.40625 0.60573
-2.375 0.617264

-2.32812 0.551164
-2.33535 0.5625

2.90625 0.2431
2.92111 0.21875

2.95312 0.142009
2.94535 0.15625

-2.3125 0.5345
-2.3244 0.546875

-2.32812 0.552054
-2.32472 0.546875

-2.375 0.615775
-2.35938 0.618345

2.96727 0.125
2.95581 0.140625

2.95312 0.147603
2.95693 0.140625

-2.35938 0.617621
-2.34375 0.621416

-2.33609 0.5625
-2.33816 0.578125

-2.33916 0.578125
-2.32947 0.59375

-2.3289 0.59375
-2.32812 0.594637

-2.34375 0.621913
-2.32812 0.623712

-2.32812 0.594022
-2.3125 0.603915

2.94783 0.15625
2.94112 0.171875

2.9375 0.178816
2.94013 0.171875

-2.3125 0.624148
-2.31505 0.625

2.99924 0.15625
2.98405 0.1875

2.9375 0.218365
2.96875 0.215256

-2.29688 0.521617
-2.30816 0.53125

-2.28125 0.509408
-2.28914 0.515625

-2.29688 0.521583
-2.28939 0.515625

2.9375 0.246308
2.95705 0.21875

2.96875 0.215109
2.98877 0.1875

-2.3125 0.53507
-2.30824 0.53125

-2.28125 0.509088
-2.26953 0.5

-2.3125 0.603423
-2.29688 0.60895

-2.29688 0.624124
-2.29782 0.625

2.8125 0.352517
2.81025 0.359375

2.79798 0.359375
2.8125 0.363105

2.875 0.280073
2.87394 0.28125

-2.29688 0.609096
-2.29215 0.609375

-2.29688 0.611299
-2.28455 0.609375

-2.28125 0.607489
-2.26562 0.60852

2.85938 0.294186
2.85676 0.296875

2.85555 0.296875
2.84704 0.3125

2.85938 0.296537
2.87401 0.28125

2.82812 0.327849
2.82783 0.328125

2.82641 0.328125
2.82495 0.34375

-2.26562 0.606954
-2.25839 0.609375

-2.26382 0.609375
-2.25 0.616921

-2.34424 0.625
-2.34375 0.625085

2.84375 0.319696
2.83689 0.328125

2.82812 0.338705
2.83329 0.34375

-2.34375 0.627549
-2.31482 0.625

2.82197 0.34375
2.84375 0.349893

2.84375 0.326057
2.875 0.319395

-2.3125 0.626226
-2.29688 0.627156

-2.29688 0.626943
-2.28125 0.62841

-2.28125 0.628915
-2.26562 0.630164

2.84375 0.345712
2.84804 0.34375

-2.26562 0.632102
-2.25 0.630499

2.89062 0.261576
2.88689 0.265625

2.875 0.28016
2.88726 0.265625

-2.25 0.620806
-2.23438 0.616131

2.89062 0.26443
2.90214 0.25

2.89062 0.280795
2.89089 0.28125

2.875 0.299641
2.90625 0.287049

2.9375 0.260519
2.91216 0.28125

2.90625 0.282859
2.90873 0.28125

-2.21875 0.608719
-2.22016 0.609375

-2.23438 0.616217
-2.2235 0.609375

-2.1875 0.588992
-2.19535 0.59375

-2.21875 0.608362
-2.20312 0.599528

-2.20312 0.599085
-2.19433 0.59375

2.875 0.314626
2.87733 0.3125

2.9375 0.256408
2.94332 0.25

-2.1875 0.588767
-2.17188 0.581221

3 -0.0898387
3.01253 -0.0625

3.00667 -0.0625
3.00272 -0.03125

3 -0.00868453
3.00629 0

-2.15625 0.577333
-2.15894 0.578125

3.0625 -0.00580558
3.03992 0

3.125 -0.00250429
3.10885 0

3.25 -0.00209161
3.22804 0

3.5 -0.00165085
3.44803 0

-2.17188 0.581015
-2.16205 0.578125

-2.15625 0.57743
-2.14062 0.574163

-2.14062 0.574404
-2.125 0.570457

3.03125 0.0261858
3.02479 0.03125

3.02987 0.03125
3.02284 0.0625

3.03125 0.0162556
3.05281 0

-2.25 0.631399
-2.23438 0.639432

-2.23544 0.640625
-2.23438 0.640951

-2.23438 0.638091
-2.22942 0.640625

-2.22858 0.640625
-2.21875 0.642788

-2.21875 0.639885
-2.21573 0.640625

-2.21875 0.64106
-2.20312 0.643695

3.02877 0.0625
3.02378 0.09375

3.02023 0.09375
3.01482 0.125

3.0625 0.0145892
3.10393 0

-2.20312 0.64417
-2.1875 0.648178

-2.1875 0.648427
-2.17188 0.652214

-2.17188 0.652215
-2.15625 0.655279

3 0.178494
3.01578 0.125

3.125 0.00884232
3.20502 0

3.25 0.00385845
3.365 0

4 -0.00300087
3.67463 0

3.5 0.000367415
3.53972 0

-2.15625 0.655436
-2.14986 0.65625

-2.15008 0.65625
-2.14062 0.657455

-2.14062 0.657487
-2.125 0.657969

-2.09375 0.559265
-2.10388 0.5625

-2.09375 0.55921
-2.07812 0.556628

-2.07812 0.556094
-2.0625 0.557838

-2.125 0.570477
-2.10938 0.565327

-2.10938 0.565103
-2.10123 0.5625

-2.0625 0.557035
-2.0522 0.5625

-2.05303 0.5625
-2.04688 0.566091

-2.04688 0.56559
-2.03546 0.578125

-2.03669 0.578125
-2.03125 0.587633

-2.03125 0.618295
-2.03577 0.625

-2.03125 0.587577
-2.02785 0.59375

-2.02559 0.59375
-2.02462 0.609375

-2.03125 0.619394
-2.02526 0.609375

-2.09375 0.654745
-2.10389 0.65625

-2.125 0.657873
-2.10938 0.656948

-2.10938 0.656984
-2.10443 0.65625

-2.09375 0.655006
-2.07812 0.650544

-2.07812 0.650475
-2.0625 0.64343

-2.04688 0.633759
-2.05769 0.640625

-2.0625 0.643491
-2.05775 0.640625

-2.04688 0.634187
-2.03639 0.625

-1.8125 0.243797
-1.82617 0.25

-1.8125 0.242907
-1.79688 0.235663

-1.78125 0.229331
-1.79216 0.234375

-1.79688 0.236194
-1.79294 0.234375

-1.75 0.215724
-1.75699 0.21875

-1.78125 0.228376
-1.76562 0.221301

-1.76562 0.221645
-1.75893 0.21875

-1.9375 0.304136
-1.95103 0.3125

-2 0.323989
-1.98438 0.318937

-1.98438 0.318738
-1.96875 0.314975

-1.96875 0.315866
-1.95542 0.3125

-1.95312 0.313636
-1.95078 0.3125

-1.92188 0.286883
-1.93489 0.296875

-1.9375 0.303997
-1.92916 0.296875

-1.92188 0.288842
-1.90664 0.28125

-1.89062 0.275865
-1.90379 0.28125

-1.89062 0.275338
-1.875 0.26901

-1.90625 0.282156
-1.90404 0.28125

-1.85938 0.263594
-1.86463 0.265625

-1.875 0.269278
-1.86554 0.265625

-1.85938 0.263335
-1.84375 0.256873

-1.84375 0.256658
-1.82812 0.250271

-1.82812 0.250781
-1.8264 0.25

-1.75 0.214776
-1.73438 0.207861

-1.73438 0.207511
-1.72199 0.203125

-1.70312 0.19737
-1.71873 0.203125

-1.70312 0.196191
-1.6875 0.190482

-1.65625 0.181244
-1.6715 0.1875

-1.65625 0.179209
-1.64062 0.172815

-1.625 0.170221
-1.63166 0.171875

-1.64062 0.172907
-1.63647 0.171875

-1.6875 0.190943
-1.6754 0.1875

-1.67188 0.187556
-1.67174 0.1875

-1.5 0.122558
-1.50515 0.125

-1.625 0.17032
-1.60938 0.166172

-1.60938 0.166097
-1.59375 0.16063

-1.57812 0.155722
-1.57972 0.15625

-1.57812 0.155528
-1.5625 0.150488

-1.59375 0.159606
-1.58362 0.15625

-1.5625 0.150162
-1.54688 0.144297

-1.53125 0.139369
-1.53427 0.140625

-1.54688 0.143799
-1.53925 0.140625

-1.53125 0.138231
-1.51562 0.130215

-1.51562 0.128103
-1.50908 0.125

-1.5 0.123287
-1.48438 0.115514

-1.46875 0.105964
-1.47512 0.109375

-1.48438 0.113512
-1.47665 0.109375

-1.4375 0.0872193
-1.44683 0.09375

-1.46875 0.106998
-1.45312 0.0983147

-1.45312 0.0971497
-1.4482 0.09375

-1.42188 0.0756333
-1.42568 0.078125

-1.4375 0.0860079
-1.42577 0.078125

-1.42188 0.0741824
-1.40625 0.0684855

-1.40625 0.0673535
-1.39062 0.0714197

-1.39062 0.0744689
-1.38329 0.078125

-1.38674 0.078125
-1.375 0.0839792

-1.375 0.0843569
-1.35938 0.0855852

-1.35938 0.0836078
-1.34375 0.0802382

-1.32812 0.07644
-1.33493 0.078125

-1.34375 0.0800398
-1.33601 0.078125

-1.32812 0.0763577
-1.3125 0.0720184

-1.28125 0.0618567
-1.28311 0.0625

-1.28125 0.0613409
-1.26562 0.0561787

-1.26562 0.0564846
-1.25 0.0521482

-1.3125 0.0719401
-1.29688 0.0671665

-1.29688 0.0673497
-1.28283 0.0625

-1.25 0.0524214
-1.23438 0.0477527

-1.21875 0.0420048
-1.23275 0.046875

-1.23438 0.0486359
-1.22932 0.046875

-1.1875 0.0303258
-1.1947 0.03125

-1.21875 0.0417126
-1.20312 0.0367117

-1.20312 0.0361933
-1.1875 0.0341867

-1.17188 0.028096
-1.18169 0.03125

-1.17188 0.0289551
-1.15625 0.019321

-1.1875 0.0381294
-1.17188 0.034249

-1.17188 0.039484
-1.16019 0.03125

-1.14062 0.0150716
-1.14297 0.015625

-1.15625 0.0192988
-1.14527 0.015625

-1.14062 0.0154377
-1.1368 0.015625

-1.14062 0.0163966
-1.125 0.0171618

-1.125 0.0173038
-1.10938 0.0195047

-1.10938 0.0198084
-1.09375 0.0225077

-1.09375 0.0223475
-1.07812 0.0252581

-1.07812 0.0250382
-1.0625 0.0289203

-1.0625 0.0290397
-1.05536 0.03125

-1.05599 0.03125
-1.04688 0.0340697

-1.04688 0.034241
-1.03125 0.0390593

-1.03125 0.0399289
-1.01562 0.0424783

-1.01562 0.0439769
-1 0.0395211

