-4 -0.00435877
-3.66795 0

-3.55829 0
-3.5 0.00076518

-3.5 -0.00218063
-3.44971 0

-3.25 -0.00270754
-3.22939 0

-3.125 -0.00366397
-3.11035 0

-3 -0.0941043
-3.00098 -0.09375

-3 -0.0702568
-3.00457 -0.0625

-3 -0.0372391
-3.00264 -0.03125

-3 -8.55043e-05
-3.00022 0

-3.40431 0
-3.25 0.00671991

-3.21821 0
-3.125 0.0129017

-3.10521 0
-3.0625 0.0201382

-3.0625 0.00467145
-3.03125 0.0290583

-3.03949 0.03125
-3.03125 0.0470737

-3.03125 0.029775
-3.02045 0.03125

-3.03125 0.0536513
-3.02631 0.0625

-3.03258 0.0625
-3.03125 0.0764638

-3.03742 0.09375
-3.03125 0.112082

-3.03125 0.0692557
-3.02245 0.09375

-3.03125 0.106746
-3.00942 0.125

-3.02264 0.125
-3 0.144459

-3 -0.0799747
-2.995 -0.078125

-3 -0.0685052
-2.99486 -0.0625

-3 -0.0574841
-2.9921 -0.0625

-3 -0.0465318
-2.99905 -0.046875

1.5 -0.0435208
1.51562 -0.0460229

1.53125 -0.0483902
1.52131 -0.046875

1.51562 -0.0460312
1.52116 -0.046875

1.53125 -0.0484248
1.54688 -0.0506432

1.54688 -0.050636
1.5625 -0.0526526

-2.96875 -0.0173774
-2.97149 -0.015625

-2.98438 -0.000629738
-2.97104 -0.015625

-2.95312 -0.0218686
-2.96851 -0.015625

-2.95312 -0.0209149
-2.9375 -0.0232079

-2.90625 -0.0792067
-2.90831 -0.078125

1.5625 -0.0526413
1.57812 -0.054493

1.57812 -0.0544844
1.59375 -0.0562111

1.59375 -0.0562055
1.60938 -0.0578354

1.60938 -0.0578331
1.625 -0.0593823

-2.90801 -0.078125
-2.91183 -0.0625

-2.90625 -0.078466
-2.90443 -0.078125

-2.90545 -0.078125
-2.89101 -0.0625

-2.89062 -0.066648
-2.8899 -0.0625

1.67188 -0.0635779
1.65924 -0.0625

1.67188 -0.06358
1.6875 -0.064852

1.625 -0.0593834
1.64062 -0.0608547

1.64062 -0.0608519
1.65625 -0.0622486

1.65625 -0.0622506
1.65917 -0.0625

-2.91133 -0.0625
-2.90625 -0.0576539

-2.9375 -0.0230565
-2.92188 -0.0235129

1.6875 -0.0648293
1.70312 -0.0660837

1.70312 -0.066052
1.71875 -0.0673974

-2.92188 -0.0231374
-2.90625 -0.0228108

-2.90625 -0.0571853
-2.89062 -0.0611774

-2.89062 -0.0609439
-2.88975 -0.0625

-2.90625 -0.0228232
-2.89062 -0.02244

-2.89062 -0.0224241
-2.875 -0.0219911

-2.875 -0.0220379
-2.85938 -0.0214931

-2.85938 -0.021425
-2.84375 -0.0208113

-2.84375 -0.0208558
-2.82812 -0.0202205

-2.82812 -0.0203213
-2.8125 -0.0193735

-2.8125 -0.0194993
-2.79688 -0.0177857

-2.79688 -0.0176771
-2.78398 -0.015625

-2.78443 -0.015625
-2.78125 -0.0151191

-2.78125 -0.0149501
-2.76562 -0.0123891

-2.76562 -0.0122685
-2.75 -0.0103282

1.71875 -0.0673791
1.73438 -0.0689157

1.73438 -0.0689322
1.75 -0.0706637

-2.75 -0.0104367
-2.73438 -0.00914104

-2.73438 -0.00926848
-2.71875 -0.00814549

-2.71875 -0.00803758
-2.70312 -0.00704826

-2.70312 -0.00681184
-2.6875 -0.00664486

-2.6875 -0.0066875
-2.67188 -0.00773041

-2.67188 -0.0080453
-2.65625 -0.00958301

-2.65625 -0.00978588
-2.64062 -0.0107829

1.75 -0.0707147
1.76562 -0.0725063

1.76562 -0.0725483
1.78125 -0.074214

1.78125 -0.0741845
1.79688 -0.0756995

1.79688 -0.0755994
1.8125 -0.0772227

-2.64062 -0.0107755
-2.625 -0.0108407

-2.625 -0.0107476
-2.60938 -0.0100818

0.3125 -0.000974871
0.299651 0

0.3125 -0.0010042
0.328125 -0.00164615

0.328125 -0.00163091
0.34375 -0.0017061

0.34375 -0.00166817
0.359375 -0.00128295

0.359375 -0.00124792
0.375 -0.000548188

0.375 -0.000504478
0.384981 0

0 0.0519322
0.015625 0.0535911

0.015625 0.0541158
0.03125 0.0545705

0.03125 0.0560329
0.046875 0.0513094

0.0625 0.0392734
0.0498464 0.046875

0.046875 0.0514176
0.0544372 0.046875

0.078125 0.0310882
0.0777806 0.03125

0.078125 0.031198
0.09375 0.027031

0.0625 0.0388392
0.0775276 0.03125

0.09375 0.0275796
0.109375 0.025548

0.109375 0.0257915
0.125 0.0243111

0.125 0.0243822
0.140625 0.0228235

0.140625 0.0228524
0.15625 0.0210154

0.15625 0.0210367
0.171875 0.018821

0.171875 0.0188003
0.1875 0.0162044

0.203125 0.0133719
0.190108 0.015625

0.1875 0.0161478
0.19052 0.015625

0.203125 0.0133851
0.21875 0.0108014

0.21875 0.0108011
0.234375 0.00833776

0.234375 0.00832925
0.25 0.00600382

0.25 0.00599078
0.265625 0.0038464

0.265625 0.00384597
0.28125 0.00190959

0.28125 0.00186143
0.296875 0.000230245

0.296875 0.000196179
0.299461 0

0.383374 0
0.390625 0.0003665

0.390625 0.000338039
0.40625 0.00102473

0.40625 0.00100822
0.421875 0.00158636

0.421875 0.00156804
0.4375 0.00210728

0.4375 0.00207862
0.453125 0.00267291

0.453125 0.00264032
0.46875 0.00341216

0.46875 0.00338578
0.484375 0.00445313

0.484375 0.00447003
0.5 0.00585182

0.5 0.0059388
0.515625 0.00742729

0.515625 0.0075408
0.53125 0.00873502

0.53125 0.00881192
0.546875 0.00933109

0.546875 0.00929104
0.5625 0.00906148

0.5625 0.00884502
0.578125 0.00837973

0.578125 0.0082145
0.59375 0.00827685

0.59375 0.00839265
0.609375 0.00908152

0.609375 0.00932757
0.625 0.00991925

0.625 0.0100213
0.640625 0.0098196

0.640625 0.00972743
0.65625 0.00871264

0.65625 0.00855225
0.671875 0.00722946

0.671875 0.00712202
0.6875 0.00602692

0.6875 0.00598627
0.703125 0.00541501

0.703125 0.00540177
0.71875 0.00546214

0.71875 0.00544391
0.734375 0.00619882

0.734375 0.00619615
0.75 0.00768739

1.82812 -0.0792294
1.81988 -0.078125

0.75 0.00772544
0.765625 0.00988224

0.765625 0.00985596
0.78125 0.0126548

0.78125 0.0126527
0.795119 0.015625

-0.9375 -0.000803745
-0.940698 0

-2.60938 -0.010002
-2.59375 -0.00895117

-2.59375 -0.00890282
-2.57812 -0.00772311

-2.57812 -0.00770145
-2.5625 -0.00653291

1.8125 -0.0771485
1.81979 -0.078125

-0.9375 -0.0011926
-0.921875 -0.00571222

0.793142 0.015625
0.796875 0.0164251

0.796875 0.0162196
0.8125 0.0196853

0.8125 0.0195958
0.828125 0.0230699

0.828125 0.0230879
0.84375 0.0267134

1.82812 -0.0792701
1.84375 -0.0819192

1.84375 -0.0819933
1.85938 -0.0849804

-0.921875 -0.0060493
-0.90625 -0.00938326

-0.90625 -0.00941542
-0.890625 -0.0108252

-2.5625 -0.00652699
-2.54688 -0.0054248

-2.54688 -0.005429
-2.53125 -0.00439657

1.85938 -0.0850396
1.875 -0.088098

0.84375 0.0268922
0.859375 0.0302756

1.90625 -0.0937715
1.90613 -0.09375

-2.53125 -0.00440527
-2.51562 -0.00341681

1.875 -0.0881377
1.89062 -0.0910698

1.89062 -0.0910706
1.90599 -0.09375

0.859375 0.0305116
0.864986 0.03125

-0.890625 -0.0105916
-0.875 -0.0104802

0.863572 0.03125
0.875 0.0327539

1.90625 -0.0937813
1.92188 -0.096328

1.92188 -0.0963102
1.9375 -0.0987425

0.90625 0.0285285
0.895314 0.03125

-0.875 -0.0101046
-0.859375 -0.00969072

0.875 0.0329794
0.890625 0.0324134

-0.859375 -0.00943393
-0.84375 -0.00998223

1.9375 -0.0987194
1.95312 -0.101119

0.890625 0.0326101
0.896091 0.03125

-2.51562 -0.00342718
-2.5 -0.00244453

0.90625 0.0281883
0.921875 0.021651

-0.84375 -0.0101428
-0.828125 -0.0118458

0.9375 0.0136827
0.933051 0.015625

-0.828125 -0.0122111
-0.8125 -0.0140173

-2.98438 0.0149491
-2.98453 0.015625

-0.8125 -0.0141277
-0.796875 -0.0150855

-2.98486 0.015625
-2.9853 0.03125

1.95312 -0.101113
1.96875 -0.103538

1.96875 -0.103545
1.98438 -0.105993

-2.98438 0.00561567
-2.9831 0

1.98438 -0.106007
2 -0.108435

-2.98527 0.03125
-2.98479 0.046875

-0.796875 -0.0149887
-0.78125 -0.0150708

0.921875 0.0209935
0.934171 0.015625

-0.78125 -0.0149829
-0.765625 -0.0145587

0.9375 0.0138514
0.953125 0.00870061

-2.98444 0.046875
-2.98438 0.0495961

-2.98438 0.0439176
-2.98428 0.046875

-0.765625 -0.014524
-0.75 -0.0138386

-2.98432 0.046875
-2.98392 0.0625

-2.98438 0.0899229
-2.98489 0.09375

-2.98414 0.0625
-2.9843 0.078125

-2.98438 0.0793731
-2.98421 0.078125

-2.98559 0.09375
-2.99697 0.125

0.953125 0.00896269
0.96875 0.00535575

-0.75 -0.0138316
-0.734375 -0.0129686

-2.99591 0.125
-2.98354 0.15625

-0.734375 -0.0129691
-0.71875 -0.0119414

0.96875 0.00543211
0.984375 0.00269221

-0.71875 -0.0119409
-0.703125 -0.0107487

-0.703125 -0.0107462
-0.6875 -0.0093956

-0.6875 -0.00939377
-0.671875 -0.00789338

-0.671875 -0.00789434
-0.65625 -0.00624592

-0.65625 -0.00624825
-0.640625 -0.00444524

-0.640625 -0.0044439
-0.625 -0.00248434

-3 0.1802
-2.96875 0.182993

-2.96875 0.138576
-2.95312 0.138667

0.984375 0.00269984
1 0.000658997

-0.625 -0.00247274
-0.609375 -0.000382511

-0.609375 -0.000363319
-0.60674 0

-2.96875 0.144753
-2.95572 0.15625

-1 0.00822133
-0.984375 0.00713246

-0.984375 0.00729783
-0.96875 0.00565961

-0.96875 0.00568939
-0.953125 0.00311151

-2.96782 0.15625
-2.96346 0.171875

-2.96875 0.185192
-2.96138 0.171875

-2.98826 0.1875
-2.96875 0.189768

-2.96875 0.189095
-2.96719 0.1875

-2.9375 0.240512
-2.95551 0.25

-0.953125 0.00332189
-0.939906 0

-2.9375 0.242647
-2.92678 0.25

-2.95132 0.25
-2.9375 0.268454

-2.9375 0.272767
-2.92547 0.25

2.01562 -0.110795
2.00619 -0.109375

2 -0.108462
2.00607 -0.109375

2.01562 -0.110871
2.03125 -0.112972

2.03125 -0.113043
2.04688 -0.11461

-2.90625 0.265132
-2.89062 0.265132

-2.90625 0.266083
-2.89062 0.266083

2.04688 -0.11463
2.0625 -0.115482

-0.606762 0
-0.59375 0.00179389

-0.59375 0.00181467
-0.578125 0.00394629

2.0625 -0.11534
2.07812 -0.115719

2.07812 -0.115525
2.09375 -0.116101

2.09375 -0.116121
2.10938 -0.117244

2.10938 -0.117377
2.125 -0.118741

-0.578125 0.00397164
-0.5625 0.00598751

2.125 -0.118827
2.14062 -0.11999

-2.5 -0.00245384
-2.48438 -0.00143764

-2.48438 -0.00144677
-2.46875 -0.000360119

-2.46875 -0.000366926
-2.46395 0

2.14062 -0.120064
2.15625 -0.120705

2.15625 -0.12075
2.17188 -0.120633

1.01562 -0.000702188
1.0078 0

1.01562 -0.000711981
1.03125 -0.00154032

-2.46389 0
-2.45312 0.000823791

2.17188 -0.120556
2.1875 -0.119745

-2.45312 0.000825037
-2.4375 0.00214908

2.1875 -0.11952
2.20312 -0.118619

1.03125 -0.00155422
1.04688 -0.00179818

-0.5625 0.00600335
-0.546875 0.0078211

1.04688 -0.00182235
1.0625 -0.00140582

-0.546875 0.00782038
-0.53125 0.00940976

2.20312 -0.11843
2.21875 -0.118267

-2.4375 0.00215066
-2.42188 0.00360063

2.21875 -0.118275
2.23438 -0.119211

-2.42188 0.00360578
-2.40625 0.00516822

-0.53125 0.00939333
-0.515625 0.0107887

2.23438 -0.119356
2.25 -0.121086

-0.515625 0.0107621
-0.5 0.0120494

-2.40625 0.00517788
-2.39062 0.00682316

-2.39062 0.00683595
-2.375 0.00851915

2.28125 -0.125064
2.2807 -0.125

1.0625 -0.00140914
1.07812 -0.000277155

-2.375 0.0085328
-2.35938 0.0102011

1.07812 -0.000300721
1.0808 0

2.28125 -0.125136
2.29688 -0.126557

2.29688 -0.126455
2.3125 -0.127587

-2.35938 0.0102115
-2.34375 0.0118167

-2.34375 0.011821
-2.32812 0.0133339

2.3125 -0.127461
2.32812 -0.128762

1.21875 -0.00272154
1.2127 0

-2.32812 0.0133316
-2.3125 0.0147481

-2.3125 0.0147411
-2.30224 0.015625

1.21875 -0.00299594
1.23438 -0.00851494

1.23438 -0.00829118
1.25 -0.0110363

2.32812 -0.128795
2.34375 -0.130451

2.34375 -0.130512
2.35938 -0.132336

-2.30211 0.015625
-2.29688 0.016076

-2.29688 0.0160904
-2.28125 0.0173753

2.35938 -0.132322
2.375 -0.134216

1.25 -0.0106741
1.26562 -0.0118171

2.25 -0.121213
2.26562 -0.123193

-2.28125 0.0173775
-2.26562 0.018583

-0.5 0.0120213
-0.484375 0.0133095

1.26562 -0.0115837
1.28125 -0.0123161

-0.484375 0.013293
-0.46875 0.0146713

2.26562 -0.12327
2.28046 -0.125

-0.46875 0.0146806
-0.458873 0.015625

1.28125 -0.012226
1.29688 -0.0131947

2.375 -0.134208
2.39062 -0.136217

1.29688 -0.0131746
1.3125 -0.0145997

-2.26562 0.0185816
-2.25 0.0197061

1.32812 -0.0165655
1.32087 -0.015625

1.3125 -0.0145546
1.32075 -0.015625

-0.458712 0.015625
-0.453125 0.0161593

1.32812 -0.0167152
1.34375 -0.0191635

2.39062 -0.136214
2.40625 -0.13836

1.34375 -0.0192016
1.35938 -0.0217129

2.42188 -0.140683
2.42149 -0.140625

1.35938 -0.0215321
1.375 -0.0243917

-2.25 0.0197059
-2.23438 0.0207526

-0.453125 0.016193
-0.4375 0.0177475

2.40625 -0.138317
2.42144 -0.140625

-2.23438 0.0207526
-2.21875 0.0217221

1.375 -0.0245302
1.39062 -0.0278228

2.42188 -0.140706
2.4375 -0.143366

1.39062 -0.0280638
1.40625 -0.0310305

2.4375 -0.143475
2.45312 -0.146174

-2.21875 0.0217212
-2.20312 0.0226153

2.45312 -0.14628
2.46875 -0.148588

1.42188 -0.0331872
1.40784 -0.03125

1.42188 -0.0330382
1.4375 -0.0346839

1.40625 -0.0310423
1.40775 -0.03125

2.46875 -0.148627
2.48438 -0.150252

2.48438 -0.150216
2.5 -0.151149

-2.20312 0.0226124
-2.1875 0.0234387

-2.1875 0.0234347
-2.17188 0.0242071

1.4375 -0.0345421
1.45312 -0.0362608

-0.4375 0.0177754
-0.421875 0.0192868

-2.17188 0.0242037
-2.15625 0.024937

-2.15625 0.0249348
-2.14062 0.0256401

-0.421875 0.019295
-0.40625 0.0206913

1.45312 -0.0362409
1.46875 -0.038356

1.46875 -0.0384056
1.48438 -0.040858

1.48438 -0.0409183
1.5 -0.0434884

1 0.000662039
1.00737 0

-0.40625 0.0206587
-0.390625 0.021989

-0.390625 0.0219261
-0.375 0.0233815

-2.14062 0.0256374
-2.125 0.0263247

-0.375 0.0233555
-0.359375 0.0251137

-0.359375 0.0252002
-0.34375 0.0271402

-0.34375 0.0273017
-0.328125 0.0289276

-0.328125 0.0289872
-0.3125 0.0298569

-0.3125 0.0297213
-0.296875 0.029987

2.5 -0.151073
2.51562 -0.151538

2.51562 -0.151473
2.53125 -0.151751

-2.125 0.0263194
-2.10938 0.0270049

-2.10938 0.0269972
-2.09375 0.027707

1.08005 0
1.09375 0.00154161

1.09375 0.0016198
1.10938 0.00372927

1.10938 0.00380323
1.125 0.00593441

2.53125 -0.151682
2.54688 -0.152041

1.125 0.00597907
1.14062 0.00789468

2.54688 -0.151978
2.5625 -0.152679

-2.09375 0.027699
-2.07812 0.0284649

2.5625 -0.15264
2.57812 -0.153884

-0.296875 0.0297734
-0.28125 0.0301338

-2.07812 0.0284591
-2.0625 0.0293086

-0.28125 0.0299832
-0.265625 0.0311668

1.14062 0.00789343
1.15625 0.00950664

-0.265625 0.0311249
-0.264812 0.03125

1.15625 0.00964811
1.17188 0.0106785

-0.264772 0.03125
-0.25 0.0335222

-2.0625 0.0293069
-2.04688 0.0302553

1.17188 0.0112263
1.1875 0.0102953

2.57812 -0.153913
2.59375 -0.15572

1.1875 0.0106478
1.20312 0.00595457

1.20312 0.00516959
1.21462 0

-2.04688 0.0302597
-2.03202 0.03125

-2.03206 0.03125
-2.03125 0.0313038

-0.25 0.0335252
-0.234375 0.0372382

2.60938 -0.157979
2.59715 -0.15625

2.60938 -0.15813
2.625 -0.160341

-2.03125 0.0313085
-2.01562 0.0324202

2.59375 -0.155785
2.59704 -0.15625

-0.234375 0.0373258
-0.21875 0.0421679

-2.01562 0.0324277
-2 0.0335805

2.625 -0.160394
2.64062 -0.162205

2.64062 -0.162187
2.65625 -0.163525

-0.21875 0.0424128
-0.205462 0.046875

-0.205992 0.046875
-0.203125 0.0478376

2.65625 -0.163421
2.67188 -0.164531

2.67188 -0.164432
2.6875 -0.165719

-0.203125 0.0480124
-0.1875 0.0524689

-0.1875 0.0527163
-0.171875 0.0552413

-0.171875 0.0553609
-0.15625 0.0552201

2.6875 -0.165693
2.70312 -0.167409

2.70312 -0.167521
2.71875 -0.169498

2.71875 -0.169614
2.73438 -0.171396

2.75 -0.172627
2.73957 -0.171875

2.73438 -0.171529
2.73917 -0.171875

-0.15625 0.054915
-0.140625 0.0524792

2.9375 -0.252461
2.93592 -0.25

2.9375 -0.252857
2.93784 -0.25

-0.140625 0.0520227
-0.125 0.0488152

2.75 -0.172607
2.76562 -0.172909

2.76562 -0.172773
2.78125 -0.172582

2.78125 -0.172428
2.79688 -0.172325

-0.109375 0.0462339
-0.1135 0.046875

-0.125 0.0484201
-0.115058 0.046875

2.79688 -0.172302
2.8125 -0.172641

2.8125 -0.172616
2.82812 -0.173493

-0.109375 0.0461352
-0.09375 0.0449895

-0.09375 0.0450536
-0.078125 0.0449274

2.82812 -0.173614
2.84375 -0.17484

2.84375 -0.174867
2.85938 -0.176149

2.85938 -0.176321
2.875 -0.177259

-0.078125 0.0449938
-0.0625 0.0456259

-2 0.0335907
-1.98438 0.0347493

-0.0625 0.045674
-0.046875 0.0468355

-1.98438 0.0347595
-1.96875 0.0358834

2.93557 -0.25
2.9375 -0.249694

-1.96875 0.0358918
-1.95312 0.0369439

2.875 -0.177251
2.89062 -0.177516

2.89062 -0.177666
2.90625 -0.176975

-1.95312 0.0369491
-1.9375 0.0379023

-1.9375 0.0379037
-1.92188 0.0387448

-1.92188 0.0387435
-1.90625 0.0394726

-1.90625 0.0394705
-1.89062 0.0400946

-1.89062 0.0400936
-1.875 0.040619

-0.0469799 0.046875
-0.046875 0.0468828

-0.046875 0.0468375
-0.0464847 0.046875

2.90625 -0.177008
2.92188 -0.174994

-0.046875 0.0468818
-0.03125 0.0483846

-1.875 0.0406189
-1.85938 0.0410478

-1.85938 0.0410476
-1.84375 0.0413808

-0.03125 0.0484123
-0.015625 0.0501086

-0.015625 0.0501499
0 0.0519005

-1.84375 0.0413792
-1.82812 0.0416205

-1.82812 0.0416165
-1.8125 0.0417768

2.92188 -0.175811
2.93314 -0.171875

2.93729 -0.171875
2.9375 -0.171799

-1.8125 0.04177
-1.79688 0.0418709

-1.79688 0.0418607
-1.78125 0.0419362

-1.78125 0.0419232
-1.76562 0.0420199

-1.76562 0.0420052
-1.75 0.0421784

2.9375 -0.249577
2.93799 -0.25

2.9375 -0.172261
2.9382 -0.171875

2.93805 -0.171875
2.95312 -0.157771

2.95144 -0.15625
2.95312 -0.153885

2.95312 -0.152951
2.96181 -0.140625

-1.75 0.0421638
-1.73438 0.0424723

-1.73438 0.042459
-1.71875 0.0429585

-1.71875 0.042949
-1.70312 0.0436849

2.96553 -0.140625
2.96875 -0.136182

2.96875 -0.126505
2.96972 -0.125

-1.70312 0.0436854
-1.6875 0.0446757

-1.6875 0.0447008
-1.67188 0.0458943

2.97588 -0.125
2.98874 -0.09375

2.98438 -0.0718184
2.98243 -0.0625

2.9903 -0.09375
2.9905 -0.078125

-1.67188 0.0459614
-1.66008 0.046875

-1.66013 0.046875
-1.65625 0.0471759

-1.65625 0.0472627
-1.64062 0.0481727

2.98801 -0.078125
2.98475 -0.0625

2.98424 -0.0625
2.98352 -0.046875

2.98425 -0.046875
2.98438 -0.0450998

2.98438 -0.0314674
2.98439 -0.03125

2.98447 -0.03125
2.98783 -0.015625

-1.64062 0.0482505
-1.625 0.0485249

-1.625 0.0485262
-1.60938 0.0480067

-1.59375 0.0467837
-1.59503 0.046875

-1.60938 0.0479086
-1.59494 0.046875

-1.59375 0.0466754
-1.57812 0.045383

-1.57812 0.0453138
-1.5625 0.044214

-1.5625 0.0442139
-1.54688 0.0434453

-1.54688 0.043491
-1.53125 0.0429622

-1.53125 0.0430175
-1.51562 0.0425262

-1.51562 0.0425677
-1.5 0.0419204

2.98877 -0.015625
2.99339 0

2.99475 0
2.99603 0.015625

2.99398 0.015625
2.98896 0.03125

2.98438 0.0457822
2.98798 0.03125

2.98599 0.046875
2.98578 0.0625

2.98544 0.0625
2.98581 0.078125

-1.21875 -0.000944392
-1.22306 0

-1.21875 -0.000971233
-1.20312 -0.00489168

-1.20312 -0.00487948
-1.1875 -0.00925649

-1.1875 -0.00931737
-1.17188 -0.0140536

2.98581 0.078125
2.98745 0.09375

2.98645 0.09375
2.99621 0.125

-1.15625 -0.0181919
-1.16867 -0.015625

2.9375 0.218725
2.93746 0.21875

2.9355 0.21875
2.92066 0.25

-1.17188 -0.014966
-1.16689 -0.015625

-1.15625 -0.0162572
-1.14062 -0.0200268

-1.14062 -0.021132
-1.125 -0.0297272

-1.125 -0.0115834
-1.13432 0

2.96875 0.158713
2.96373 0.171875

2.96499 0.171875
2.96875 0.186274

2.99592 0.125
2.99051 0.15625

2.96875 0.177979
2.98694 0.1875

-1.0625 -0.0897246
-1.07342 -0.078125

-1.07357 -0.078125
-1.07599 -0.0625

-1.125 -0.0401547
-1.10938 -0.0376321

-1.10938 -0.0471695
-1.10874 -0.046875

-1.10911 -0.046875
-1.10093 -0.03125

-1.10938 -0.0242073
-1.11109 -0.015625

-1.125 -0.0101741
-1.1188 -0.015625

2.96875 0.200718
2.95302 0.21875

2.94992 0.21875
2.96875 0.243058

-1.10938 -0.025627
-1.10717 -0.03125

-1.07812 -0.0615993
-1.06417 -0.046875

-1.0638 -0.046875
-1.0625 -0.0462688

-1.0625 -0.0938277
-1.05514 -0.09375

-1.0625 -0.0934589
-1.04688 -0.08982

-1.04688 -0.0913023
-1.03805 -0.078125

-1.04068 -0.078125
-1.04241 -0.0625

-1.04688 -0.0537949
-1.06144 -0.046875

-1.0625 -0.0442004
-1.05164 -0.046875

-1.04688 -0.0543125
-1.04163 -0.0625

-1.5 0.041942
-1.48438 0.0410124

-1.48438 0.0410179
-1.46875 0.0397516

-1.46875 0.039748
-1.45312 0.038141

-1.45312 0.0381336
-1.4375 0.0362081

-1.4375 0.0362019
-1.42188 0.0339848

-1.42188 0.0339694
-1.40625 0.0315041

-1.39062 0.0288447
-1.40488 0.03125

-1.39062 0.0288373
-1.375 0.026094

-1.40625 0.031484
-1.40486 0.03125

-1.375 0.0260792
-1.35938 0.0232732

2.96875 0.2049
2.98598 0.1875

2.96875 0.241543
2.96985 0.21875

-1.35938 0.0232563
-1.34375 0.020451

-1.34375 0.0204375
-1.32812 0.0176937

-1.3125 0.0150664
-1.31584 0.015625

-1.32812 0.0176692
-1.31588 0.015625

-1.3125 0.015073
-1.29688 0.0126206

-1.29688 0.012644
-1.28125 0.0102784

-1.28125 0.010319
-1.26562 0.00791213

-1.26562 0.00794665
-1.25 0.00534827

2.91066 0.25
2.9375 0.277946

2.9375 0.267076
2.9769 0.25

-1.25 0.00538745
-1.23438 0.00245017

-1.23438 0.00248727
-1.22303 0

-1.15837 0.015625
-1.1564 0.03125

-1.15656 0.03125
-1.15625 0.0317485

-1.14062 0.00102736
-1.14736 0.015625

-1.15172 0.015625
-1.14658 0.03125

3.0625 -0.00805054
3.041 0

3.125 -0.00727265
3.08546 0

3.25 -0.00564873
3.20003 0

-1.14062 0.00777982
-1.13765 0.015625

-1.13112 0.015625
-1.125 0.0169198

-1.14062 0.0356642
-1.14208 0.046875

-1.1468 0.046875
-1.14062 0.0623939

-1.14062 0.0340243
-1.125 0.0359309

-1.14062 0.0560941
-1.125 0.0594791

3.5 -0.00386337
3.39553 0

3 0.0294796
3.03125 0.0278898

-1.125 0.013641
-1.12105 0.015625

-1.125 0.0179347
-1.11636 0.015625

-1.10938 0.0181361
-1.09375 0.0192139

-1.125 0.0337148
-1.11837 0.046875

-1.11608 0.046875
-1.12418 0.0625

3.023 0.03125
3.02566 0.0625

3.03125 0.0138706
3.04941 0

-1.09375 0.0196834
-1.07812 0.0194848

-1.07812 0.0193043
-1.0625 0.0172515

3.02501 0.0625
3.03125 0.0887585

3.03125 0.120986
3.02708 0.125

-1.04688 0.0140267
-1.05548 0.015625

-1.0625 0.0169308
-1.05547 0.015625

-1.04688 0.0138185
-1.03125 0.0111281

3.03125 0.0785856
3.03361 0.09375

3.03125 0.124035
3.03755 0.09375

-1.03125 0.011052
-1.01562 0.00914362

-1.01562 0.00926168
-1 0.00805121

3.0625 0.0122407
3.09052 0

3 0.158991
3.02997 0.125

3 0.191117
3.00185 0.1875

3.125 0.00819327
3.18829 0

3.25 0.0035368
3.34442 0

4 -0.0053375
3.52119 0

