-4 -0.00245742
-3.78552 0

-3.63068 0
-3.5 0.00149732

-3.5 -0.00119237
-3.46994 0

-3.25 -0.00131557
-3.23861 0

-3.125 -0.00181269
-3.11762 0

-3 -0.0940595
-3.00026 -0.09375

-3 -0.0857538
-3.00518 -0.0625

-3.0625 -0.0016155
-3.05779 0

-3.00044 -0.0625
-3 -0.0535236

-3 -0.00853154
-3.00319 0

-3.41178 0
-3.25 0.0064823

-3.22232 0
-3.125 0.0123513

-3.11223 0
-3.0625 0.0200534

-3.0625 0.00805118
-3.03125 0.030744

-3.0392 0.03125
-3.03125 0.0453666

-3.03125 0.0310115
-3 0.0278495

-3.03125 0.0508168
-3.02533 0.0625

-3.03611 0.0625
-3.03125 0.0763841

-3.03125 0.0681073
-3.01919 0.09375

-3.01324 0.09375
-3.00688 0.125

-3.01659 0.125
-3 0.16803

1.5 0.0947163
1.51562 0.0963556

1.51562 0.0963682
1.53125 0.0981804

1.53125 0.0981951
1.54688 0.100125

1.54688 0.100138
1.5625 0.102132

1.5625 0.102139
1.57812 0.104156

1.57812 0.104153
1.59375 0.106186

1.59375 0.106166
1.60938 0.108259

1.60938 0.108191
1.61742 0.109375

1.61722 0.109375
1.625 0.110519

-3 -0.218752
-2.96875 -0.21884

1.625 0.110548
1.64062 0.113068

1.64062 0.113064
1.65625 0.115726

-2.96875 -0.190999
-2.97192 -0.1875

-2.9375 -0.218904
-2.93768 -0.21875

-2.9375 -0.187582
-2.93757 -0.1875

-2.96875 -0.156531
-2.96899 -0.15625

-2.95312 -0.156358
-2.9532 -0.15625

-2.9375 -0.165548
-2.94402 -0.15625

-2.95312 -0.137234
-2.96034 -0.125

-2.9442 -0.15625
-2.95272 -0.140625

-2.95312 -0.138307
-2.95179 -0.140625

1.65625 0.115739
1.67188 0.118527

1.67188 0.11856
1.6875 0.121382

1.6875 0.121403
1.70312 0.124151

-2.92188 -0.187565
-2.92194 -0.1875

-2.90625 -0.19895
-2.92033 -0.1875

-2.89062 -0.206017
-2.89615 -0.203125

1.70312 0.12413
1.70836 0.125

-2.90625 -0.19786
-2.89631 -0.203125

-2.89062 -0.206111
-2.875 -0.211921

-2.92188 -0.184776
-2.93319 -0.171875

1.70803 0.125
1.71875 0.126781

1.71875 0.126813
1.73438 0.129124

1.73438 0.12908
1.75 0.131096

-2.9375 -0.166596
-2.93376 -0.171875

-2.92188 -0.185011
-2.91931 -0.1875

-2.96875 -0.114672
-2.97953 -0.09375

-2.98438 -0.0920142
-2.98842 -0.078125

-2.98485 -0.078125
-2.98438 -0.0726232

-2.98042 -0.09375
-2.9834 -0.078125

-2.98149 -0.078125
-2.98066 -0.0625

1.75 0.131056
1.76562 0.132944

1.76562 0.132925
1.78125 0.134803

-2.96875 -0.114269
-2.962 -0.125

-2.98177 -0.0625
-2.98231 -0.046875

0 -0.0390468
0.015625 -0.0313855

-1 -0.101143
-0.984375 -0.0996949

-0.984375 -0.0996385
-0.96875 -0.0979247

-0.96875 -0.097887
-0.953125 -0.0960957

-0.953125 -0.0960729
-0.9375 -0.0943251

-0.9375 -0.0943127
-0.932173 -0.09375

-0.932052 -0.09375
-0.921875 -0.0926748

-0.921875 -0.092675
-0.90625 -0.0911203

-0.90625 -0.0910995
-0.890625 -0.0896735

-0.890625 -0.0896331
-0.875 -0.0884579

-0.875 -0.0884242
-0.859375 -0.0876481

-0.859375 -0.0876154
-0.84375 -0.0873712

-0.84375 -0.0873394
-0.828125 -0.0877562

-0.828125 -0.0877654
-0.8125 -0.0888883

-0.8125 -0.0889604
-0.796875 -0.0906269

-0.796875 -0.090689
-0.78125 -0.0926307

-0.765625 -0.0947166
-0.773271 -0.09375

-0.765625 -0.0947804
-0.75 -0.0964409

-0.78125 -0.0926443
-0.772504 -0.09375

-0.75 -0.0964123
-0.734375 -0.097584

-0.734375 -0.0975477
-0.71875 -0.0983607

-0.71875 -0.0983349
-0.703125 -0.0989133

-0.703125 -0.0989004
-0.6875 -0.0993218

-0.6875 -0.0993173
-0.671875 -0.0996167

-0.671875 -0.0996168
-0.65625 -0.0998032

-0.65625 -0.0998055
-0.640625 -0.0998742

1.78125 0.134806
1.79688 0.136707

0.015625 -0.0312725
0.0160598 -0.03125

-2.98209 -0.046875
-2.98233 -0.03125

-2.98438 -0.00240243
-2.98443 0

-2.98236 -0.03125
-2.98266 -0.015625

-2.98264 -0.015625
-2.983 0

0.0106804 -0.03125
0.015625 -0.0288261

-0.640625 -0.0998776
-0.625 -0.0998171

0.015625 -0.0300453
0.03125 -0.0293775

0.03125 -0.0314558
0.046875 -0.035538

0.046875 -0.0361079
0.0625 -0.0396446

-0.625 -0.0998212
-0.609375 -0.0996164

1.79688 0.136719
1.8125 0.138614

1.8125 0.138604
1.82812 0.140488

1.82812 0.140457
1.82951 0.140625

1.82926 0.140625
1.84375 0.142385

1.84375 0.142375
1.85938 0.144309

1.85938 0.14426
1.875 0.146343

1.875 0.146307
1.89062 0.148708

1.89062 0.148697
1.90625 0.151509

1.90625 0.151497
1.92188 0.154767

1.92188 0.154724
1.92821 0.15625

1.92795 0.15625
1.9375 0.158549

1.9375 0.158694
1.95312 0.162615

1.95312 0.162671
1.96875 0.166299

1.96875 0.166339
1.98438 0.16948

1.98438 0.169484
1.99893 0.171875

1.99895 0.171875
2 0.172048

-2.875 -0.211611
-2.85938 -0.215554

-2.85938 -0.215132
-2.84375 -0.218671

-2.84375 -0.218889
-2.82812 -0.222433

-2.82812 -0.222579
-2.8125 -0.225399

-2.84375 -0.218648
-2.8433 -0.21875

-2.8125 -0.225558
-2.79688 -0.227043

-2.79688 -0.227403
-2.78125 -0.226514

-2.78125 -0.226714
-2.76562 -0.22233

-2.76562 -0.222491
-2.75906 -0.21875

-2.75783 -0.21875
-2.75 -0.213378

-2.51562 -0.256116
-2.52109 -0.25

-2.51562 -0.258334
-2.5 -0.253553

-2.75 -0.214505
-2.74014 -0.203125

-2.74282 -0.203125
-2.73438 -0.189633

-2.73438 -0.18982
-2.73302 -0.1875

-2.73393 -0.1875
-2.72244 -0.171875

-2.7271 -0.171875
-2.71875 -0.163463

-2.71875 -0.166265
-2.70312 -0.15834

-2.70312 -0.160867
-2.6875 -0.159064

-2.6875 -0.159821
-2.67188 -0.157568

-2.67188 -0.157512
-2.66618 -0.15625

-2.66824 -0.15625
-2.65625 -0.153594

-2.65625 -0.153133
-2.64062 -0.150411

-2.64062 -0.149955
-2.625 -0.150078

-2.59375 -0.165499
-2.60789 -0.15625

-2.625 -0.149456
-2.60938 -0.154579

-2.60938 -0.154447
-2.60643 -0.15625

-2.57812 -0.176046
-2.58795 -0.171875

-2.59375 -0.168762
-2.58651 -0.171875

-2.57812 -0.172266
-2.5625 -0.175297

-2.57812 -0.171171
-2.57444 -0.171875

-2.54688 -0.188508
-2.54841 -0.1875

-2.54688 -0.187689
-2.53125 -0.194538

-2.52294 -0.25
-2.51807 -0.234375

-2.52174 -0.234375
-2.51562 -0.231573

-2.51562 -0.234903
-2.5 -0.248663

-2.51562 -0.234039
-2.51443 -0.234375

-2.53125 -0.192986
-2.51562 -0.192492

-2.51562 -0.191524
-2.5 -0.188329

-2.5625 -0.174742
-2.54688 -0.183243

-2.5625 -0.16915
-2.5562 -0.171875

-2.54688 -0.185062
-2.54158 -0.1875

-2.98438 0.000657826
-2.98514 0.015625

-2.98444 0.015625
-2.98438 0.0198176

-2.98289 0
-2.98282 0.015625

-2.98281 0.015625
-2.98255 0.03125

-2.98473 0.03125
-2.98438 0.035939

-2.98515 0.046875
-2.98485 0.0625

-2.98258 0.03125
-2.98271 0.046875

-2.98251 0.046875
-2.98214 0.0625

-2.98506 0.0625
-2.98438 0.0737889

-2.98231 0.0625
-2.98137 0.078125

-2.98195 0.078125
-2.98019 0.09375

-2.98131 0.09375
-2.97029 0.125

-2.96875 0.121658
-2.96722 0.125

-3 0.157782
-2.97364 0.1875

-2.96792 0.125
-2.9606 0.140625

-2.96193 0.140625
-2.9549 0.15625

-2.95312 0.152969
-2.95163 0.15625

-2.95613 0.15625
-2.95312 0.167871

-2.95761 0.171875
-2.95312 0.180915

-2.95189 0.15625
-2.94628 0.171875

-2.94897 0.171875
-2.94253 0.1875

-2.98285 0.1875
-2.96875 0.204871

-2.96875 0.216288
-2.9375 0.202449

-2.95706 0.21875
-2.9375 0.231585

-2.9375 0.23932
-2.90625 0.246327

-2.90625 0.247822
-2.89932 0.25

-2.89062 0.249714
-2.89004 0.25

-2.92254 0.25
-2.91512 0.28125

-2.90894 0.28125
-2.90625 0.283285

-2.89344 0.25
-2.89062 0.25117

-2.90625 0.276798
-2.89062 0.278752

-2.88642 0.25
-2.875 0.265442

-2.88021 0.265625
-2.88264 0.28125

-2.90601 0.28125
-2.875 0.294624

-2.875 0.257737
-2.87214 0.265625

-2.875 0.273806
-2.87213 0.28125

-2.875 0.282508
-2.85938 0.29506

-2.875 0.302601
-2.86706 0.3125

-2.85938 0.29643
-2.85876 0.296875

-2.8586 0.296875
-2.84375 0.310364

-2.84375 0.300698
-2.83201 0.3125

-2.87146 0.3125
-2.84375 0.324414

-2.83567 0.3125
-2.83354 0.328125

-2.84375 0.341351
-2.82812 0.336173

-2.82812 0.32693
-2.82787 0.328125

-2.82812 0.33494
-2.82648 0.328125

-2.84375 0.346973
-2.82808 0.34375

-2.8125 0.344024
-2.8123 0.34375

-2.8125 0.359455
-2.79688 0.359393

-2.73438 0.172093
-2.73416 0.171875

-2.5 -0.254341
-2.49822 -0.25

-2.5 -0.249366
-2.49982 -0.25

-2.5 -0.188133
-2.49722 -0.1875

-2.49724 -0.1875
-2.48438 -0.184568

-2.48438 -0.184853
-2.46875 -0.180754

-2.46875 -0.180864
-2.45312 -0.175439

-2.45312 -0.175676
-2.44543 -0.171875

-2.44486 -0.171875
-2.4375 -0.168236

0.0625 -0.0397881
0.078125 -0.0413527

-0.609375 -0.0996207
-0.59375 -0.0992547

-2.4375 -0.167156
-2.42188 -0.158263

-0.59375 -0.0992583
-0.578125 -0.0987152

-0.578125 -0.0987167
-0.5625 -0.0979863

0.078125 -0.0410813
0.09375 -0.0409297

-0.5625 -0.097984
-0.546875 -0.0970679

-0.546875 -0.0970572
-0.53125 -0.0959813

-0.53125 -0.0959653
-0.515625 -0.0947833

-0.515625 -0.0948063
-0.503087 -0.09375

-0.502618 -0.09375
-0.5 -0.0935294

-2.42188 -0.157258
-2.41911 -0.15625

-2.41991 -0.15625
-2.40625 -0.151281

-2.40625 -0.15222
-2.39062 -0.150454

-2.39062 -0.151047
-2.375 -0.150227

0.09375 -0.0407945
0.109375 -0.0397397

-2.375 -0.150033
-2.35938 -0.14936

0.109375 -0.0396991
0.125 -0.038093

0.125 -0.0380372
0.140625 -0.0360726

0.140625 -0.0360462
0.15625 -0.0338875

0.15625 -0.033866
0.171875 -0.0316093

0.171875 -0.0315853
0.174186 -0.03125

-2.35938 -0.1494
-2.34375 -0.149181

-2.34375 -0.149322
-2.32812 -0.149195

-2.32812 -0.149239
-2.3125 -0.148834

-2.3125 -0.148809
-2.29688 -0.148089

0.174198 -0.03125
0.1875 -0.0293204

0.1875 -0.0292691
0.203125 -0.02714

0.203125 -0.0271397
0.21875 -0.025251

2 0.172053
2.01562 0.174034

2.01562 0.174007
2.03125 0.175452

2.03125 0.175421
2.04688 0.176446

2.04688 0.176427
2.0625 0.177132

2.0625 0.177124
2.07812 0.177565

2.07812 0.177564
2.09375 0.177758

2.09375 0.177759
2.10938 0.177703

2.10938 0.177701
2.125 0.1774

2.125 0.17739
2.14062 0.176868

2.14062 0.176848
2.15625 0.176166

0.21875 -0.0252651
0.234375 -0.0235894

2.15625 0.176134
2.17188 0.175399

-0.5 -0.0935117
-0.484375 -0.0919711

2.17188 0.175359
2.1875 0.174713

2.1875 0.174668
2.20312 0.174279

-0.484375 -0.0919342
-0.46875 -0.0902138

-0.46875 -0.0901931
-0.453125 -0.0884082

-0.453125 -0.0883943
-0.4375 -0.0866141

0.234375 -0.0236117
0.25 -0.0220763

0.25 -0.0221057
0.265625 -0.0206071

0.265625 -0.0206405
0.28125 -0.0190532

0.28125 -0.0190843
0.296875 -0.0172793

0.296875 -0.0173061
0.309177 -0.015625

0.309122 -0.015625
0.3125 -0.0151633

0.3125 -0.0151689
0.328125 -0.0126542

0.328125 -0.0126446
0.34375 -0.00977051

0.34375 -0.00975353
0.359375 -0.00657339

0.359375 -0.00654614
0.375 -0.00314838

0.375 -0.0031156
0.388913 0

2.20312 0.174242
2.21875 0.174275

0.388989 0
0.390625 0.000366262

0.390625 0.000440224
0.40625 0.00386118

0.40625 0.00390368
0.421875 0.00704426

0.421875 0.00705048
0.4375 0.00981322

0.4375 0.00980742
0.453125 0.0121915

2.21875 0.174241
2.23438 0.174837

-2.29688 -0.148054
-2.28125 -0.147138

-2.28125 -0.147114
-2.26562 -0.146121

-2.26562 -0.146111
-2.25 -0.14511

2.23438 0.174798
2.25 0.176104

0.453125 0.0121886
0.46875 0.0142113

0.46875 0.0142371
0.48215 0.015625

0.482245 0.015625
0.484375 0.0158456

0.484375 0.0158656
0.5 0.0170076

-0.4375 -0.0866031
-0.421875 -0.0848773

-2.25 -0.145112
-2.23438 -0.14412

-2.23438 -0.14413
-2.21875 -0.143124

-2.21875 -0.14313
-2.20312 -0.142079

2.25 0.175816
2.26562 0.178482

2.26562 0.177183
2.28125 0.184383

0.5 0.0169034
0.515625 0.0177548

0.515625 0.0175749
0.53125 0.0187039

0.53125 0.0186057
0.546875 0.0205685

0.546875 0.0206041
0.5625 0.023526

2.28125 0.184424
2.28535 0.1875

2.2831 0.1875
2.29688 0.1976

2.29688 0.201381
2.30305 0.203125

2.30213 0.203125
2.3125 0.205883

-2.20312 -0.142071
-2.1875 -0.140976

2.3125 0.201454
2.32812 0.199071

2.32812 0.198842
2.34375 0.199016

2.34375 0.200649
2.35938 0.200574

2.35938 0.200201
2.375 0.197357

0.5625 0.0236294
0.578125 0.0272325

2.45312 0.071419
2.44537 0.078125

2.44351 0.078125
2.44014 0.09375

-2.1875 -0.140975
-2.18264 -0.140625

2.45312 0.0728368
2.46875 0.0659744

2.43821 0.09375
2.45312 0.107421

2.45312 0.100249
2.46875 0.10667

-2.18261 -0.140625
-2.17188 -0.139853

2.46875 0.0676207
2.48438 0.0665017

2.48438 0.0667329
2.5 0.0676023

2.46875 0.103213
2.47791 0.109375

-2.17188 -0.139883
-2.15625 -0.13867

2.47887 0.109375
2.48438 0.116318

0.578125 0.0273885
0.59375 0.0311543

-0.421875 -0.0848703
-0.40625 -0.0832346

0.59375 0.031174
0.594099 0.03125

0.59375 0.0312602
0.609375 0.0346669

0.609375 0.0346197
0.625 0.0375497

-2.15625 -0.138676
-2.14062 -0.1373

-2.14062 -0.137293
-2.125 -0.135759

0.625 0.0375328
0.640625 0.0401126

-0.40625 -0.083235
-0.390625 -0.0817024

-0.390625 -0.0817083
-0.375 -0.0802661

-0.375 -0.0802854
-0.359375 -0.0788833

-0.359375 -0.0789361
-0.351218 -0.078125

-0.350701 -0.078125
-0.34375 -0.0774338

-0.34375 -0.077388
-0.328125 -0.0755657

-0.328125 -0.0755147
-0.3125 -0.0735621

-0.3125 -0.0735268
-0.296875 -0.0716166

-0.296875 -0.0715546
-0.28125 -0.0698815

-0.28125 -0.0697985
-0.265625 -0.0686525

-0.265625 -0.068609
-0.25 -0.0682433

-0.25 -0.0682812
-0.234375 -0.0687071

-0.234375 -0.0687393
-0.21875 -0.0698164

-0.21875 -0.0698122
-0.203125 -0.0714844

-0.203125 -0.0714935
-0.1875 -0.0737511

-0.1875 -0.073617
-0.171875 -0.0767101

-0.15625 -0.0811328
-0.166673 -0.078125

-0.171875 -0.0764268
-0.16599 -0.078125

-0.15625 -0.0813627
-0.140625 -0.0869991

-0.140625 -0.0864923
-0.125 -0.09367

-0.125 -0.0944033
-0.109375 -0.102671

-0.09375 -0.110182
-0.0955682 -0.109375

-0.109375 -0.103136
-0.0953217 -0.109375

-0.125 -0.0936362
-0.124784 -0.09375

-0.09375 -0.110975
-0.078125 -0.113846

-0.078125 -0.114269
-0.0625 -0.110448

-0.0625 -0.110449
-0.0606559 -0.109375

-0.0592903 -0.109375
-0.046875 -0.0976197

-0.046875 -0.0982224
-0.0440162 -0.09375

-0.0458889 -0.09375
-0.0393901 -0.078125

-0.0413227 -0.078125
-0.0349541 -0.0625

-0.0373651 -0.0625
-0.03125 -0.053968

-0.03125 -0.0554784
-0.0202909 -0.046875

-0.0183003 -0.046875
-0.015625 -0.0455227

-0.015625 -0.0470928
-0.0151576 -0.046875

-0.0109769 -0.046875
0 -0.0416258

2.48438 0.119179
2.48718 0.125

2.42188 0.183599
2.41209 0.1875

2.42188 0.183588
2.4375 0.174359

2.375 0.196758
2.39062 0.193085

2.39062 0.193492
2.40625 0.189374

2.40625 0.189752
2.4119 0.1875

2.45312 0.147967
2.46875 0.147673

2.45312 0.160478
2.44184 0.171875

2.4375 0.1752
2.44188 0.171875

2.46529 0.15625
2.46875 0.157491

2.46702 0.171875
2.46875 0.174304

0.640625 0.0401548
0.65625 0.0423338

0.65625 0.0424372
0.671875 0.0439242

0.671875 0.0439569
0.6875 0.0444795

0.6875 0.0444198
0.703125 0.044032

2.48438 0.154663
2.4825 0.15625

2.4847 0.125
2.4865 0.140625

2.48664 0.140625
2.48812 0.15625

2.47093 0.15625
2.47579 0.171875

2.46875 0.174294
2.47675 0.1875

2.4887 0.15625
2.49257 0.171875

2.49805 0.171875
2.49231 0.1875

2.46862 0.1875
2.46875 0.187687

2.46875 0.187693
2.48438 0.194774

2.48438 0.194499
2.4964 0.1875

-2.125 -0.135734
-2.10938 -0.134106

-2.10938 -0.134068
-2.09375 -0.132473

-2.09375 -0.132472
-2.07812 -0.130988

-2.07812 -0.13105
-2.0625 -0.129555

-2.0625 -0.1296
-2.04688 -0.127883

0.703125 0.0439689
0.71875 0.0429161

0.71875 0.0428594
0.734375 0.0413813

2.6875 -0.00247543
2.68475 0

-2.04688 -0.127769
-2.03125 -0.125967

2.6875 -0.00237504
2.70312 -0.0118202

0.734375 0.0413051
0.75 0.0396676

-2.03125 -0.125858
-2.02287 -0.125

-2.02095 -0.125
-2.01562 -0.124455

2.70312 -0.010585
2.71875 -0.0139266

2.71875 -0.0134087
2.73438 -0.0141531

2.73438 -0.0137976
2.75 -0.0136916

0.75 0.0395918
0.765625 0.038099

-2.01562 -0.124413
-2 -0.122925

2.75 -0.0135752
2.76562 -0.0135625

2.76562 -0.0134916
2.78125 -0.0139467

2.78125 -0.0138809
2.79688 -0.0150775

0.765625 0.038044
0.78125 0.0369574

0.78125 0.0369306
0.796875 0.0364139

2.8125 -0.0171328
2.801 -0.015625

2.79688 -0.0151
2.80088 -0.015625

0.796875 0.0364027
0.8125 0.0365319

0.8125 0.0365273
0.828125 0.0373339

0.828125 0.0373268
0.84375 0.0388343

2.8125 -0.0172855
2.82812 -0.0198708

2.82812 -0.0199702
2.84375 -0.0225961

0.84375 0.0388055
0.859375 0.041086

0.859375 0.0410535
0.875 0.0442296

2.84375 -0.0227207
2.85938 -0.0249391

2.85938 -0.0251018
2.875 -0.0263381

0.875 0.0443711
0.885759 0.046875

0.884438 0.046875
0.890625 0.0483149

2.96875 -0.221454
2.96863 -0.21875

2.96858 -0.21875
2.96875 -0.218571

2.96875 -0.220774
2.97118 -0.21875

2.96875 -0.218627
2.97197 -0.21875

3 -0.125315
2.99888 -0.125

2.875 -0.0264178
2.89062 -0.0261873

2.89062 -0.0262777
2.90625 -0.0242402

2.90625 -0.0238283
2.92188 -0.0206268

2.92188 -0.0214815
2.9375 -0.0170419

2.93158 -0.015625
2.9375 -0.0134821

0.890625 0.0481457
0.90625 0.0516824

0.90625 0.0514899
0.921875 0.0552528

0.921875 0.0551543
0.9375 0.0597253

3 -0.0954131
2.99489 -0.09375

2.98438 -0.0813221
2.98347 -0.078125

0.9375 0.0599342
0.945925 0.0625

0.944619 0.0625
0.953125 0.0650905

0.953125 0.0649287
0.96875 0.0689852

0.96875 0.0687873
0.984375 0.0724657

0.984375 0.0722934
1 0.0763342

-2 -0.122969
-1.98438 -0.121356

-1.98438 -0.121373
-1.96875 -0.119515

2.98438 -0.066023
2.9757 -0.0625

2.98438 -0.0784013
3 -0.0878646

2.98438 -0.065473
3 -0.0629823

-1.96875 -0.119493
-1.95312 -0.117397

-1.95312 -0.117348
-1.9375 -0.115155

-1.9375 -0.115205
-1.92188 -0.112914

-1.92188 -0.112795
-1.90625 -0.110543

-1.90625 -0.110282
-1.89858 -0.109375

-1.89391 -0.109375
-1.89062 -0.108987

-1.89062 -0.108738
-1.875 -0.107213

2.96875 -0.0573422
2.96637 -0.046875

2.96124 -0.046875
2.96875 -0.0368662

2.9375 -0.0217502
2.95312 -0.0169822

2.9375 -0.0124974
2.95312 -0.00671687

2.95312 -0.0111449
2.96875 -0.00466104

2.96875 -0.0599899
2.98438 -0.0579482

2.96875 -0.0431954
2.98438 -0.0456439

2.98438 -0.0556179
2.98721 -0.0625

-1.875 -0.107123
-1.85938 -0.105892

-1.85938 -0.105936
-1.84375 -0.105089

-1.84375 -0.105164
-1.82812 -0.104466

-1.82812 -0.104539
-1.8125 -0.103695

2.98438 -0.0428482
2.98813 -0.046875

2.96875 -0.00847254
2.9801 0

-1.8125 -0.103718
-1.79688 -0.102537

-1.79688 -0.102498
-1.78125 -0.101013

-1.78125 -0.100935
-1.76562 -0.0993763

-1.76562 -0.0992818
-1.75 -0.0979937

2.5 0.0678838
2.51562 0.0697165

2.51562 0.0698219
2.53125 0.0718441

2.53125 0.071879
2.54688 0.0738101

2.54688 0.0738325
2.5625 0.075558

-1.75 -0.0979277
-1.73438 -0.0972316

2.5625 0.0755559
2.57812 0.0770352

2.57812 0.0770668
2.59227 0.078125

2.59195 0.078125
2.59375 0.07826

-1.73438 -0.0972393
-1.71875 -0.097252

-1.71875 -0.0973176
-1.70312 -0.0978926

2.59375 0.0783924
2.60938 0.0788739

2.625 0.0779643
2.6232 0.078125

-1.70312 -0.0979573
-1.6875 -0.098834

-1.6875 -0.0988512
-1.67188 -0.0998658

2.60938 0.0793081
2.62261 0.078125

-1.67188 -0.0998684
-1.65625 -0.100981

1 0.0763881
1.00642 0.078125

2.65625 0.0576458
2.653 0.0625

1.0052 0.078125
1.01562 0.0809435

-1.65625 -0.101022
-1.64062 -0.102147

1.01562 0.0807757
1.03125 0.0847505

2.67188 0.0189036
2.66606 0.03125

2.68528 0
2.67217 0.015625

-1.64062 -0.102248
-1.625 -0.103099

1.03125 0.0848372
1.04688 0.0884783

2.67188 0.0163096
2.6722 0.015625

2.667 0.03125
2.66104 0.046875

2.65625 0.0569534
2.66226 0.046875

2.64062 0.0728836
2.62681 0.078125

2.625 0.0787298
2.62667 0.078125

2.64062 0.0738537
2.65375 0.0625

-1.625 -0.103272
-1.60938 -0.103299

-1.60938 -0.103553
-1.59375 -0.101901

-1.59375 -0.101784
-1.57812 -0.0981799

-1.57812 -0.0976232
-1.56385 -0.09375

-1.5625 -0.0939331
-1.56203 -0.09375

-1.56034 -0.09375
-1.54688 -0.0885259

-1.54688 -0.0877424
-1.53125 -0.079039

1.04688 0.0889375
1.0625 0.0911534

1.0625 0.091649
1.07812 0.0905298

1.07812 0.0902247
1.09375 0.0853894

-1.53125 -0.0788763
-1.52989 -0.078125

-1.53067 -0.078125
-1.51562 -0.0696856

2.94385 0
2.95312 0.00336579

1.10938 0.0779504
1.1089 0.078125

-1.51562 -0.0672156
-1.5 -0.0650667

-1.50807 -0.0625
-1.5 -0.0613983

2.97599 0
2.98438 0.0137648

2.98249 0.015625
2.98381 0.03125

1.09375 0.0843199
1.10938 0.078523

1.10938 0.0780114
1.125 0.0744011

1.10938 0.0783486
1.11034 0.078125

2.98438 0.0058196
2.98793 0.015625

2.98375 0.03125
2.98392 0.046875

1.125 0.0747786
1.14062 0.0736181

1.14062 0.0738571
1.15625 0.0739274

2.98359 0.046875
2.98338 0.0625

2.98438 0.043605
2.98441 0.046875

2.98438 0.0471753
2.98438 0.046875

2.98348 0.0625
2.98333 0.078125

2.98349 0.078125
2.98286 0.09375

-1.5 -0.0666895
-1.48438 -0.0733298

2.98393 0.09375
2.97674 0.125

1.15625 0.0740356
1.17188 0.0746422

1.17188 0.0746806
1.1875 0.0755304

2.92188 0.201424
2.9375 0.201396

2.92203 0.203125
2.9375 0.205647

-1.46875 -0.0832791
-1.47807 -0.078125

-1.48438 -0.0750937
-1.47896 -0.078125

-1.4375 -0.105563
-1.45166 -0.09375

-1.46875 -0.0823092
-1.45312 -0.0922651

2.90625 0.225111
2.93156 0.21875

-1.45312 -0.0926114
-1.45168 -0.09375

1.1875 0.0755275
1.20312 0.0765492

2.96875 0.130194
2.96385 0.140625

1.20312 0.0765212
1.21875 0.0777765

-1.5 -0.0608363
-1.49602 -0.0625

-1.42188 -0.117955
-1.43643 -0.109375

2.96703 0.140625
2.95945 0.15625

2.95312 0.167742
2.95206 0.171875

1.21875 0.077708
1.22293 0.078125

1.22212 0.078125
1.23438 0.079348

2.9526 0.171875
2.95312 0.173863

2.95805 0.15625
2.95402 0.171875

2.95312 0.175351
2.95843 0.1875

1.23438 0.0794164
1.25 0.0811177

-1.4375 -0.108962
-1.43684 -0.109375

2.96875 0.149778
2.9745 0.125

2.96875 0.187355
3 0.183215

-1.42188 -0.1183
-1.40625 -0.116755

-1.40625 -0.114589
-1.39642 -0.109375

2.95216 0.1875
2.96875 0.192837

2.94137 0.21875
2.95038 0.25

-1.39724 -0.109375
-1.39062 -0.105864

2.96875 0.202037
3 0.191931

1.25 0.0811536
1.26562 0.0827495

1.26562 0.0827539
1.28125 0.0841637

1.28125 0.0841586
1.29688 0.0853838

1.29688 0.0853835
1.3125 0.0864347

-1.39062 -0.105248
-1.375 -0.0966479

1.3125 0.0864402
1.32812 0.0873072

1.32812 0.0873058
1.34375 0.0879804

2.85938 0.296354
2.875 0.292495

2.85938 0.304991
2.875 0.305625

-1.375 -0.0966449
-1.36876 -0.09375

2.89062 0.263426
2.88852 0.265625

2.8885 0.265625
2.88674 0.28125

2.90625 0.251598
2.89842 0.265625

2.89062 0.279764
2.89131 0.28125

2.88649 0.28125
2.90625 0.288734

2.90625 0.278296
2.9375 0.279697

-1.36857 -0.09375
-1.35938 -0.0894798

-1.35938 -0.0895056
-1.34375 -0.0833796

1.34375 0.0879714
1.35938 0.0884743

1.35938 0.0884567
1.375 0.088841

2.90625 0.282111
2.9146 0.28125

2.9375 0.278198
2.95506 0.25

1.375 0.0888207
1.39062 0.0891621

1.39062 0.0891456
1.40625 0.0895177

3 -0.0953541
3.00414 -0.09375

3 -0.0821536
3.01094 -0.0625

-1.34375 -0.0831705
-1.32812 -0.0784665

-1.32812 -0.0782686
-1.32724 -0.078125

1.40625 0.0895067
1.42188 0.0899645

1.42188 0.0899567
1.4375 0.0905378

3 -0.0512297
3.00361 -0.0625

3.03125 -0.000383064
3.02996 0

-1.32698 -0.078125
-1.3125 -0.0757629

-1.3125 -0.0758339
-1.29688 -0.0756073

1.4375 0.0905301
1.45312 0.0912655

1.45312 0.0912581
1.46875 0.0921781

3.0625 -0.0089813
3.03715 0

1.46875 0.0921683
1.48438 0.0933071

1.48438 0.0932888
1.48953 0.09375

3.125 -0.00531975
3.09289 0

1.4894 0.09375
1.5 0.0946989

3.25 -0.00440277
3.20543 0

3.5 -0.00315965
3.40497 0

-1.29688 -0.0756624
-1.28125 -0.0775005

-1.28125 -0.0782662
-1.26562 -0.0807685

3.03125 0.0207563
3.01942 0.03125

3.02752 0.03125
3.02229 0.0625

-1.28125 -0.0773483
-1.2764 -0.078125

-1.26562 -0.0807232
-1.25 -0.0824485

3.03125 0.0118896
3.04683 0

3.02509 0.0625
3.02652 0.09375

3.02326 0.09375
3.02563 0.125

3.0625 0.0124166
3.0951 0

3 0.172741
3.02716 0.125

-1.25 -0.0823043
-1.23438 -0.0833906

-1.23438 -0.0832947
-1.21875 -0.084222

-1.21875 -0.0841624
-1.20312 -0.0852417

-1.20312 -0.0852418
-1.1875 -0.0865924

3 0.192828
3.00476 0.1875

-1.1875 -0.086627
-1.17188 -0.0881796

-1.17188 -0.0882337
-1.15625 -0.0898106

-1.15625 -0.0898609
-1.14062 -0.0912534

-1.14062 -0.0912938
-1.125 -0.0923202

3.125 0.00768034
3.18903 0

-1.125 -0.0922668
-1.10938 -0.092953

-1.10938 -0.0926763
-1.09375 -0.0936822

3.25 0.00311654
3.34007 0

4 -0.00393611
3.59243 0

-1.07812 -0.0958736
-1.0922 -0.09375

-1.07812 -0.0964483
-1.0625 -0.0993391

-1.09375 -0.0931171
-1.08955 -0.09375

-1.0625 -0.0994071
-1.04688 -0.101399

-1.04688 -0.101417
-1.03125 -0.102339

-1.03125 -0.102297
-1.01562 -0.102197

-1.01562 -0.102134
-1 -0.101221

