-4 -0.000170688
-3.97399 0

-3.76071 0
-3.5 0.00171094

-3.43394 0
-3.25 0.00425062

-3.23289 0
-3.125 0.00803403

-3.11829 0
-3.0625 0.0137964

-3.0625 0.00262289
-3.03125 0.0204929

-3.03125 0.0179066
-3.0199 0.03125

-3.02349 0.03125
-3.0102 0.0625

-3.0177 0.0625
-3.00991 0.09375

-3.00656 0.09375
-3 0.114746

-3.00203 0.125
-3 0.129195

1.5 -0.205396
1.51562 -0.207158

1.51562 -0.207077
1.53125 -0.208327

1.53125 -0.208262
1.54688 -0.209293

1.54688 -0.209264
1.5625 -0.210264

1.5625 -0.210264
1.57812 -0.21129

1.57812 -0.211284
1.59375 -0.21235

1.59375 -0.212354
1.60938 -0.213463

1.60938 -0.213498
1.625 -0.214572

-3 0.111397
-2.99566 0.125

-3 0.129631
-2.98625 0.15625

1.625 -0.214465
1.64062 -0.21565

1.64062 -0.215439
1.65625 -0.217371

1.67188 -0.220283
1.66171 -0.21875

1.67188 -0.220225
1.6875 -0.22201

1.65625 -0.217507
1.6645 -0.21875

1.6875 -0.221932
1.70312 -0.22305

1.70312 -0.222984
1.71875 -0.223723

1.71875 -0.223675
1.73438 -0.224264

-1 0.16818
-0.984375 0.164499

-0.984375 0.164366
-0.96875 0.160729

-0.9375 0.153084
-0.950697 0.15625

1.73438 -0.224238
1.75 -0.224823

-0.96875 0.160937
-0.953125 0.157193

-0.953125 0.157298
-0.948758 0.15625

-0.9375 0.15337
-0.921875 0.149766

-0.921875 0.149679
-0.90625 0.146023

-0.90625 0.146118
-0.890625 0.142395

-0.875 0.138336
-0.884774 0.140625

-0.890625 0.142532
-0.882482 0.140625

1.75 -0.224815
1.76562 -0.225465

-0.8125 0.12379
-0.817584 0.125

-0.8125 0.124153
-0.796875 0.120708

-0.796875 0.120924
-0.78125 0.117608

-0.78125 0.117558
-0.765625 0.114041

-0.75 0.10927
-0.750413 0.109375

-0.765625 0.11422
-0.75 0.110249

-0.875 0.138667
-0.859375 0.135209

-0.859375 0.135256
-0.84375 0.13172

-0.84375 0.131699
-0.828125 0.128033

-0.828125 0.128172
-0.814792 0.125

0 -0.032802
0.015625 -0.0361856

0.015625 -0.0361047
0.03125 -0.0393395

1.76562 -0.225474
1.78125 -0.226189

1.78125 -0.226204
1.79688 -0.226936

1.79688 -0.22692
1.8125 -0.22767

1.8125 -0.227611
1.82812 -0.228531

1.82812 -0.228503
1.84375 -0.229768

1.84375 -0.229857
1.85938 -0.231344

1.85938 -0.231466
1.875 -0.232751

0.03125 -0.0394849
0.046875 -0.0424421

1.875 -0.232758
1.89062 -0.233582

1.89062 -0.233507
1.90625 -0.234005

-0.734375 0.105877
-0.748859 0.109375

-0.75 0.110255
-0.746356 0.109375

-0.734375 0.106204
-0.71875 0.103167

-0.71875 0.103244
-0.703125 0.10032

-0.703125 0.100515
-0.6875 0.0971612

-0.671875 0.0922738
-0.677665 0.09375

-0.671875 0.0925672
-0.65625 0.089174

-0.6875 0.097317
-0.67351 0.09375

-0.65625 0.0895168
-0.640625 0.0870572

-0.640625 0.0871616
-0.625 0.0847415

0.046875 -0.0425108
0.0625 -0.044762

-0.625 0.0849639
-0.609375 0.0819296

-0.59375 0.0768274
-0.598732 0.078125

0.078125 -0.047069
0.0765658 -0.046875

0.0625 -0.0444842
0.078125 -0.0464286

0.09375 -0.048569
0.0806857 -0.046875

0.078125 -0.0463907
0.0818602 -0.046875

0.09375 -0.0484405
0.109375 -0.050596

0.109375 -0.0506066
0.125 -0.0530663

0.171875 -0.0626426
0.171102 -0.0625

0.1875 -0.0648612
0.174206 -0.0625

-0.609375 0.0821239
-0.594022 0.078125

-0.59375 0.0771664
-0.578125 0.0734485

-0.578125 0.0737723
-0.5625 0.0711217

0.125 -0.0530165
0.140625 -0.0558588

1.90625 -0.233956
1.92177 -0.234375

1.9375 -0.234826
1.92202 -0.234375

0.140625 -0.0560967
0.15625 -0.0589458

0.15625 -0.058691
0.171875 -0.0615735

1.9375 -0.234824
1.95312 -0.235333

1.95312 -0.235324
1.96875 -0.23591

-0.515625 0.0610719
-0.520961 0.0625

1.96875 -0.235904
1.98438 -0.236596

1.98438 -0.236604
2 -0.237397

-2.9803 0.15625
-2.96875 0.175363

-2.96875 0.151604
-2.96342 0.15625

-0.515625 0.0614029
-0.5 0.0572271

-0.5625 0.0711984
-0.546875 0.0688139

-2.96875 0.166785
-2.96477 0.171875

0.171875 -0.0613992
0.178073 -0.0625

-0.546875 0.0691177
-0.53125 0.0662385

-2.96596 0.171875
-2.95956 0.1875

-2.96816 0.1875
-2.94405 0.21875

-2.94328 0.21875
-2.9375 0.223802

0.1875 -0.0645999
0.203125 -0.0667724

0.203125 -0.0666908
0.21875 -0.0685713

-0.53125 0.0665813
-0.516 0.0625

0.21875 -0.0684964
0.234375 -0.0703979

0.234375 -0.0703115
0.25 -0.0725568

-2.9375 0.213587
-2.93245 0.21875

-2.9375 0.231178
-2.90625 0.234388

-2.89062 0.210838
-2.90073 0.21875

-2.89062 0.211643
-2.875 0.206613

-2.90625 0.222857
-2.90126 0.21875

-0.1875 -0.00059549
-0.190723 0

-0.1875 -0.000472041
-0.171875 -0.00387867

-0.171875 -0.0038675
-0.15625 -0.00687548

-0.15625 -0.0067387
-0.140625 -0.00964261

0.25 -0.0727302
0.265625 -0.0751451

0.28125 -0.0784736
0.279298 -0.078125

0.265625 -0.074847
0.28125 -0.0776377

0.28125 -0.0781423
0.296875 -0.0810272

0.28125 -0.0775086
0.284589 -0.078125

0.296875 -0.0808859
0.3125 -0.0831821

-0.140625 -0.00985364
-0.125 -0.012505

-2.875 0.20771
-2.85938 0.205862

-0.109375 -0.0160905
-0.11188 -0.015625

0.3125 -0.0831555
0.328125 -0.0850671

-2.85938 0.205549
-2.84375 0.205312

0.328125 -0.0850255
0.34375 -0.0866889

-0.125 -0.0120041
-0.109375 -0.0149079

0.34375 -0.0865752
0.359375 -0.0883011

0.359375 -0.0883759
0.375 -0.090242

-0.09375 -0.0188132
-0.108752 -0.015625

0.40625 -0.095529
0.396211 -0.09375

0.375 -0.0900803
0.390625 -0.0922606

-2.84375 0.206227
-2.82812 0.206398

0.390625 -0.0918499
0.401347 -0.09375

-0.109375 -0.0145672
-0.104397 -0.015625

-2.82812 0.20562
-2.8125 0.205924

-0.09375 -0.018651
-0.078125 -0.0216177

-2.8125 0.206666
-2.79688 0.207172

0.40625 -0.095348
0.421875 -0.0980686

2.20312 -0.250765
2.18831 -0.25

-0.078125 -0.0216624
-0.0625 -0.0241788

2.20312 -0.250748
2.21875 -0.251403

-0.0625 -0.0241268
-0.046875 -0.0262077

-2.79688 0.206586
-2.78125 0.206982

-0.046875 -0.0262104
-0.03125 -0.0279544

0.421875 -0.0980224
0.4375 -0.100199

0 -0.0329325
-0.00900553 -0.03125

0.4375 -0.100186
0.453125 -0.101937

-0.03125 -0.0276871
-0.015625 -0.0296234

-0.015625 -0.029116
-0.00420288 -0.03125

-0.5 0.0574868
-0.484375 0.0543056

-0.484375 0.0542575
-0.46875 0.0516478

2.21875 -0.25139
2.23438 -0.25195

2.23438 -0.25194
2.25 -0.252453

2 -0.237412
2.01562 -0.238259

0.453125 -0.10186
0.46875 -0.103366

0.46875 -0.103301
0.484375 -0.104846

-0.46875 0.0520819
-0.453125 0.0492715

-0.4375 0.0447075
-0.446282 0.046875

-0.453125 0.0497424
-0.441507 0.046875

2.01562 -0.238256
2.03125 -0.239134

2.03125 -0.239112
2.04688 -0.24007

2.04688 -0.24006
2.0625 -0.241162

2.0625 -0.241178
2.07812 -0.242409

2.07812 -0.242435
2.09375 -0.243708

2.09375 -0.243732
2.10938 -0.244948

2.10938 -0.244955
2.125 -0.246052

0.484375 -0.104922
0.5 -0.106486

2.125 -0.246037
2.14062 -0.24703

-2.78125 0.207323
-2.76562 0.208099

-0.4375 0.0448935
-0.421875 0.0410344

2.14062 -0.247007
2.15625 -0.247974

-0.421875 0.0411011
-0.40625 0.0381266

-0.40625 0.0381264
-0.390625 0.0359035

-0.390625 0.035949
-0.375 0.0343868

2.15625 -0.247973
2.17188 -0.248959

-0.34375 0.0285476
-0.355231 0.03125

2.17188 -0.248989
2.1875 -0.249936

2.1875 -0.249951
2.18844 -0.25

-0.375 0.0350126
-0.359375 0.0327684

0.5 -0.106152
0.515625 -0.10825

2.25 -0.252472
2.26562 -0.252921

-2.76562 0.207927
-2.75 0.208745

2.26562 -0.252949
2.28125 -0.25324

2.28125 -0.25321
2.29688 -0.253347

-0.359375 0.0330127
-0.351886 0.03125

2.29688 -0.253246
2.3125 -0.25349

-0.34375 0.0285351
-0.328125 0.0245352

-2.9375 0.25037
-2.90625 0.250224

-0.328125 0.0244929
-0.3125 0.0208664

2.3125 -0.25344
2.32812 -0.254092

-0.3125 0.0208409
-0.296875 0.0177235

0.53125 -0.111551
0.519047 -0.109375

-2.90625 0.2654
-2.90625 0.265625

0.515625 -0.10803
0.523168 -0.109375

2.32812 -0.254192
2.34375 -0.255151

0.53125 -0.111482
0.546875 -0.114065

2.34375 -0.255316
2.35938 -0.256052

0.546875 -0.114043
0.5625 -0.11609

0.5625 -0.116067
0.578125 -0.117669

2.35938 -0.256097
2.375 -0.256189

0.578125 -0.117599
0.59375 -0.118944

-0.28125 0.014595
-0.286659 0.015625

2.375 -0.256052
2.39062 -0.255683

-0.296875 0.0180623
-0.284077 0.015625

2.39062 -0.255501
2.40625 -0.255311

-0.28125 0.0147614
-0.265625 0.0119007

2.40625 -0.255271
2.42188 -0.255705

0.59375 -0.118878
0.609375 -0.120239

2.42188 -0.25593
2.4375 -0.256618

0.609375 -0.120296
0.625 -0.121689

0.65625 -0.126195
0.648866 -0.125

0.65625 -0.126072
0.671875 -0.128728

2.4375 -0.256649
2.45312 -0.257077

2.45312 -0.256798
2.46875 -0.257462

2.46875 -0.25673
2.48438 -0.259653

2.5 -0.2659
2.49904 -0.265625

2.48438 -0.260729
2.5 -0.265206

-0.265625 0.0120304
-0.25 0.00941665

0.671875 -0.128703
0.6875 -0.130778

-2.90625 0.265995
-2.90588 0.265625

-0.25 0.00940218
-0.234375 0.00680481

-0.234375 0.00665485
-0.21875 0.00440276

0.6875 -0.130748
0.703125 -0.13235

0.703125 -0.132306
0.71875 -0.133583

0.71875 -0.133512
0.734375 -0.134693

0.734375 -0.134672
0.75 -0.135942

0.625 -0.121486
0.640625 -0.123203

-2.75 0.208784
-2.73438 0.20991

2.51562 -0.268894
2.50102 -0.265625

-0.21875 0.00462107
-0.203125 0.00257755

-2.73438 0.210113
-2.71875 0.211063

-0.203125 0.00294668
-0.1875 5.96718e-05

2.5 -0.265392
2.50104 -0.265625

-0.1875 6.67543e-05
-0.187194 0

2.51562 -0.268886
2.53125 -0.271048

0.640625 -0.122922
0.65347 -0.125

2.53125 -0.270919
2.54688 -0.272021

2.54688 -0.272063
2.5625 -0.27228

0.75 -0.135995
0.765625 -0.137288

-2.71875 0.21083
-2.70312 0.211664

0.765625 -0.13707
0.78125 -0.138718

2.5625 -0.272187
2.57812 -0.271623

0.796875 -0.141662
0.790262 -0.140625

-2.70312 0.21182
-2.6875 0.212693

0.78125 -0.138519
0.794681 -0.140625

2.57812 -0.271567
2.59375 -0.27052

-2.6875 0.21254
-2.67188 0.213446

-2.67188 0.213602
-2.65625 0.214533

-2.65625 0.214468
-2.64062 0.215241

-2.64062 0.215201
-2.625 0.216028

2.59375 -0.270392
2.60938 -0.269232

-2.625 0.216009
-2.60938 0.21701

-2.60938 0.217024
-2.59375 0.218208

-2.59375 0.218267
-2.58753 0.21875

0.796875 -0.141543
0.8125 -0.144047

0.8125 -0.144008
0.828125 -0.145884

0.828125 -0.145844
0.84375 -0.14725

0.84375 -0.147197
0.859375 -0.148315

2.60938 -0.26925
2.625 -0.268197

-2.58761 0.21875
-2.57812 0.219487

2.625 -0.268153
2.64062 -0.267258

-2.57812 0.219476
-2.5625 0.220611

0.859375 -0.148267
0.875 -0.149299

2.64062 -0.267306
2.65625 -0.266565

-2.5625 0.220607
-2.54688 0.221684

0.875 -0.149262
0.890625 -0.150378

0.890625 -0.150407
0.90625 -0.151625

-2.54688 0.221677
-2.53125 0.222718

0.90625 -0.151634
0.921875 -0.152878

-2.53125 0.222736
-2.51562 0.22372

2.65625 -0.26651
2.67188 -0.265935

0.921875 -0.152628
0.9375 -0.154378

-2.51562 0.223736
-2.5 0.224594

0.953125 -0.157385
0.945918 -0.15625

2.67188 -0.265953
2.68707 -0.265625

2.68648 -0.265625
2.6875 -0.265603

0.953125 -0.157295
0.96875 -0.159553

0.9375 -0.154321
0.949749 -0.15625

0.96875 -0.159487
0.984375 -0.161057

0.984375 -0.160995
1 -0.162134

2.6875 -0.265567
2.70312 -0.265529

2.71875 -0.265832
2.70578 -0.265625

2.70312 -0.265585
2.70561 -0.265625

2.71875 -0.265816
2.73438 -0.266278

2.73438 -0.266367
2.75 -0.266898

-2.5 0.224582
-2.48438 0.225305

-2.48438 0.225272
-2.46875 0.225948

-2.46875 0.225912
-2.45312 0.226681

-2.45312 0.226667
-2.4375 0.227628

-2.4375 0.227634
-2.42188 0.228801

-2.42188 0.228822
-2.40625 0.230142

-2.40625 0.230166
-2.39062 0.231548

-2.39062 0.231571
-2.375 0.23292

2.75 -0.26688
2.76562 -0.267339

-2.375 0.232935
-2.35938 0.234179

2.76562 -0.267448
2.78125 -0.26765

2.78125 -0.26743
2.79688 -0.267598

2.79688 -0.267724
2.8125 -0.268049

2.8125 -0.267504
2.82812 -0.268825

2.82812 -0.269361
2.84375 -0.271695

2.84375 -0.271218
2.85938 -0.274446

2.85938 -0.277703
2.875 -0.276265

2.875 -0.276528
2.88919 -0.265625

2.88603 -0.265625
2.89062 -0.261421

-2.35938 0.234175
-2.35657 0.234375

2.89062 -0.259958
2.89994 -0.25

-2.35661 0.234375
-2.34375 0.235295

-2.34375 0.235271
-2.32812 0.236313

2.90213 -0.25
2.90625 -0.245711

2.90625 -0.246111
2.92723 -0.21875

2.92446 -0.21875
2.93369 -0.203125

1 -0.162077
1.01562 -0.163023

-2.32812 0.236292
-2.3125 0.237345

1.01562 -0.16299
1.03125 -0.163924

2.93549 -0.203125
2.9375 -0.200361

-2.3125 0.237328
-2.29688 0.238469

-2.29688 0.238462
-2.28125 0.239739

2.9375 -0.198711
2.94416 -0.1875

1.03125 -0.16391
1.04688 -0.164927

2.94886 -0.1875
2.95312 -0.177439

2.9519 -0.171875
2.95312 -0.163202

2.95312 -0.178356
2.9558 -0.171875

2.95296 -0.15625
2.95312 -0.155922

2.95312 -0.155579
2.96063 -0.140625

2.96615 -0.140625
2.96875 -0.13688

2.96875 -0.126338
2.96938 -0.125

2.97484 -0.125
2.98897 -0.09375

2.99029 -0.09375
2.99268 -0.078125

2.99058 -0.078125
2.98989 -0.0625

-2.28125 0.239742
-2.26562 0.241161

-2.26562 0.241171
-2.25 0.24271

1.04688 -0.164927
1.0625 -0.166054

1.0625 -0.166092
1.07812 -0.167253

-2.25 0.242721
-2.23438 0.244338

1.07812 -0.167198
1.09375 -0.168431

1.09375 -0.168206
1.10938 -0.170072

2.98897 -0.0625
2.99125 -0.046875

2.99211 -0.046875
2.99746 -0.03125

-2.23438 0.244348
-2.21875 0.246002

-2.21875 0.246007
-2.20312 0.247669

1.125 -0.173048
1.11736 -0.171875

1.10938 -0.170155
1.12058 -0.171875

-2.20312 0.247673
-2.1875 0.249326

1.125 -0.172959
1.14062 -0.174908

1.14062 -0.174804
1.15625 -0.176082

1.15625 -0.176005
1.17188 -0.176971

1.17188 -0.176928
1.1875 -0.177822

-2.1875 0.249327
-2.18102 0.25

3 -0.0202426
3.02424 0

3.03125 -0.00398069
3.0625 -0.00154059

1.1875 -0.177811
1.20312 -0.178738

-2.18112 0.25
-2.17188 0.250961

-2.17188 0.250939
-2.15625 0.252559

3.0625 -0.00338566
3.125 -0.00173051

1.20312 -0.178737
1.21875 -0.179724

3.125 -0.00232106
3.25 -0.00102105

-2.15625 0.252552
-2.14062 0.254217

-2.14062 0.254212
-2.125 0.255944

1.21875 -0.179716
1.23438 -0.180781

3.25 -0.00151853
3.5 -0.000773191

3.5 -0.00140564
4 -0.00102691

-2.125 0.25594
-2.10938 0.257753

-2.10938 0.257751
-2.09375 0.259657

1.23438 -0.180794
1.25 -0.181926

-2.09375 0.259656
-2.07812 0.261662

-2.07812 0.261662
-2.0625 0.263771

-2.0625 0.263787
-2.04926 0.265625

-2.04952 0.265625
-2.04688 0.265993

-2.04688 0.265956
-2.03125 0.268156

1.3125 -0.189182
1.30138 -0.1875

1.25 -0.181949
1.26562 -0.183074

1.26562 -0.182939
1.28125 -0.184283

-2.03125 0.268146
-2.01562 0.270409

-2.01562 0.270415
-2 0.27275

1.28125 -0.184136
1.29688 -0.186262

1.29688 -0.186445
1.30385 -0.1875

1.3125 -0.189089
1.32812 -0.190766

1.32812 -0.190655
1.34375 -0.191781

1.34375 -0.19171
1.35938 -0.192646

1.35938 -0.192619
1.375 -0.193562

1.375 -0.193565
1.39062 -0.194563

1.39062 -0.194567
1.40625 -0.195606

1.40625 -0.195592
1.42188 -0.196691

1.42188 -0.196703
1.4375 -0.197866

1.4375 -0.197894
1.45312 -0.199043

1.45312 -0.198877
1.46875 -0.200289

1.48438 -0.203237
1.48362 -0.203125

1.46875 -0.20014
1.48438 -0.202438

1.5 -0.205482
1.48522 -0.203125

1.48438 -0.202571
1.48785 -0.203125

-2 0.272757
-1.98438 0.275138

-1.98438 0.275146
-1.96875 0.27754

-1.96875 0.277552
-1.95312 0.279919

-1.95312 0.279936
-1.94404 0.28125

-1.94421 0.28125
-1.9375 0.28222

-1.9375 0.282182
-1.92188 0.284324

-1.92188 0.284318
-1.90625 0.286403

-1.90625 0.286402
-1.89062 0.288445

-1.89062 0.288439
-1.875 0.290454

-1.875 0.290443
-1.85938 0.292467

-1.85938 0.292457
-1.84375 0.294529

-1.84375 0.294541
-1.82812 0.296657

-1.82812 0.296665
-1.82657 0.296875

-1.82662 0.296875
-1.8125 0.298779

-1.8125 0.29877
-1.79688 0.300852

-1.79688 0.300875
-1.78125 0.302901

-1.78125 0.302917
-1.76562 0.304808

-1.76562 0.304799
-1.75 0.306542

-1.75 0.306516
-1.73438 0.308181

-1.73438 0.308164
-1.71875 0.309838

-1.71875 0.309861
-1.70312 0.311529

-1.70312 0.31158
-1.69355 0.3125

-1.69374 0.3125
-1.6875 0.3131

-1.6875 0.313087
-1.67188 0.314309

-1.67188 0.314285
-1.65625 0.315278

-1.65625 0.315259
-1.64062 0.316107

-1.64062 0.31616
-1.625 0.316793

-1.625 0.3169
-1.60938 0.316996

-1.60938 0.317006
-1.59375 0.316331

-1.59375 0.316274
-1.57812 0.314922

-1.57812 0.314717
-1.5625 0.313213

-1.54688 0.312046
-1.55319 0.3125

-1.53125 0.310807
-1.54575 0.3125

-1.53125 0.311055
-1.51562 0.306826

-1.5 0.295904
-1.5017 0.296875

-1.51562 0.30744
-1.5 0.299187

-1.5625 0.313137
-1.55363 0.3125

-1.54688 0.312613
-1.54591 0.3125

-1.32812 0.249503
-1.33001 0.25

-1.32812 0.249574
-1.3125 0.245327

-1.3125 0.245467
-1.29688 0.241651

-1.29688 0.241677
-1.28125 0.23796

-1.26562 0.233447
-1.26913 0.234375

-1.28125 0.238291
-1.26646 0.234375

-1.26562 0.23365
-1.25 0.229441

-1.5 0.296406
-1.48438 0.28785

-1.5 0.299194
-1.49584 0.296875

-1.48438 0.288503
-1.46875 0.283794

-1.4375 0.277764
-1.45259 0.28125

-1.46875 0.284661
-1.45312 0.281374

-1.45312 0.281501
-1.45204 0.28125

-1.4375 0.277723
-1.42188 0.273871

-1.42188 0.273782
-1.40625 0.269961

-1.40625 0.270238
-1.39062 0.266071

-1.375 0.261344
-1.39045 0.265625

-1.39062 0.266128
-1.38881 0.265625

-1.375 0.261458
-1.35938 0.257529

-1.35938 0.257541
-1.34375 0.25382

-1.34375 0.254139
-1.32812 0.250024

-1.32812 0.250036
-1.32799 0.25

-1.25 0.229589
-1.23438 0.225825

-1.23438 0.225854
-1.21875 0.222183

-1.20312 0.217686
-1.20721 0.21875

-1.20312 0.217953
-1.1875 0.213792

-1.21875 0.22253
-1.20425 0.21875

-1.1875 0.213928
-1.17188 0.210157

-1.17188 0.210173
-1.15625 0.206489

-1.14062 0.202038
-1.14487 0.203125

-1.15625 0.20681
-1.14186 0.203125

-1.14062 0.202349
-1.125 0.198303

-1.07812 0.186683
-1.08138 0.1875

-1.07812 0.187035
-1.0625 0.183027

-1.125 0.198445
-1.10938 0.194718

-1.10938 0.194684
-1.09375 0.191062

-1.09375 0.191383
-1.07828 0.1875

-1.0625 0.183192
-1.04688 0.17945

-1.04688 0.179355
-1.03125 0.175741

-1.01562 0.171448
-1.01737 0.171875

-1.03125 0.176026
-1.01562 0.172207

-1.01562 0.171828
-1 0.167952

-1.01562 0.172255
-1.01409 0.171875

