-4 -0.00253385
-3.77687 0

-3.62637 0
-3.5 0.00143501

-3.5 -0.0015222
-3.46134 0

-3.25 -0.00202161
-3.23232 0

-3.125 -0.00270599
-3.11405 0

-3 -0.0940934
-3.00023 -0.09375

-3 -0.0871354
-3.00396 -0.0625

-3.0625 -0.00163606
-3.05785 0

-3.0004 -0.0625
-3 -0.0568056

-3 -0.00521759
-3.00178 0

-3.40895 0
-3.25 0.00632084

-3.21933 0
-3.125 0.0120263

-3.11079 0
-3.0625 0.019437

-3.0625 0.00699435
-3.03125 0.0301016

-3.03878 0.03125
-3.03125 0.0449873

-3 0.0260728
-3.02202 0.03125

-3.03125 0.0514097
-3.02468 0.0625

-3.0359 0.0625
-3.03125 0.0761358

-3.03125 0.0684577
-3.01792 0.09375

-3.01285 0.09375
-3.00804 0.125

-3.01892 0.125
-3 0.168413

-3 -0.218759
-2.96875 -0.218797

-2.96875 -0.189812
-2.97105 -0.1875

-2.9375 -0.187627
-2.9376 -0.1875

-2.96875 -0.156359
-2.96881 -0.15625

-2.95312 -0.156304
-2.95315 -0.15625

-2.9375 -0.186486
-2.94675 -0.171875

-2.95312 -0.161104
-2.94851 -0.171875

-2.95312 -0.152221
-2.95893 -0.140625

-2.96875 -0.130992
-2.96364 -0.140625

-2.95312 -0.154025
-2.95201 -0.15625

-2.92188 -0.205243
-2.92493 -0.203125

-2.9375 -0.189644
-2.92418 -0.203125

-2.92188 -0.205857
-2.90625 -0.20932

-2.90625 -0.206626
-2.89345 -0.203125

-2.89297 -0.203125
-2.89062 -0.202484

-2.89062 -0.201907
-2.875 -0.196182

-2.9375 -0.1865
-2.93686 -0.1875

-2.96875 -0.124351
-2.98164 -0.09375

-2.98727 -0.09375
-2.99088 -0.078125

-2.98438 -0.0913105
-2.98396 -0.09375

-2.98413 -0.078125
-2.9816 -0.0625

-2.96875 -0.124058
-2.96841 -0.125

-2.98371 -0.0625
-2.98427 -0.046875

-1 -0.131935
-0.984375 -0.131581

-0.984375 -0.131577
-0.96875 -0.131634

-0.96875 -0.131678
-0.953125 -0.132065

1.5 0.128706
1.51562 0.135372

1.51562 0.135638
1.52656 0.140625

1.5265 0.140625
1.53125 0.142792

1.53125 0.143918
1.54688 0.148675

-0.953125 -0.132115
-0.9375 -0.132642

1.54688 0.148825
1.5625 0.148625

-0.9375 -0.132672
-0.921875 -0.13318

-0.921875 -0.133195
-0.90625 -0.133593

-0.90625 -0.133649
-0.890625 -0.133796

-0.890625 -0.133864
-0.875 -0.133511

1.5625 0.147352
1.57812 0.14444

-0.875 -0.13367
-0.859375 -0.132365

-0.859375 -0.132383
-0.84375 -0.129776

-2.98394 -0.046875
-2.98405 -0.03125

-2.98438 -0.00242496
-2.98442 0

-0.84375 -0.12915
-0.828125 -0.126458

-2.9841 -0.03125
-2.98428 -0.015625

1.57812 0.143628
1.59375 0.142174

-0.828125 -0.126433
-0.8125 -0.125113

1.59375 0.14225
1.60938 0.143726

-0.8125 -0.125158
-0.796875 -0.125633

0 -0.124872
0.015625 -0.116493

0.015625 -0.0950852
0.0145375 -0.09375

0.015625 -0.124708
0.0240206 -0.109375

-0.796875 -0.125497
-0.78125 -0.127794

-0.78125 -0.128206
-0.765625 -0.131308

-0.765625 -0.131652
-0.75 -0.134046

1.60938 0.144412
1.625 0.147296

-2.98438 -0.0112738
-2.98429 -0.015625

1.625 0.147489
1.64062 0.150022

1.64062 0.149741
1.65625 0.152098

0.015625 -0.100023
0.0210717 -0.09375

-0.81785 -0.125
-0.8125 -0.124548

0.015625 -0.0926318
0.00515958 -0.078125

-0.8125 -0.124531
-0.797066 -0.125

1.65625 0.151726
1.67188 0.155214

0 -0.0704254
0.015625 -0.0761832

-2.875 -0.195753
-2.85938 -0.190366

1.67188 0.155081
1.67595 0.15625

-2.85938 -0.189922
-2.84809 -0.1875

-0.75 -0.134053
-0.734375 -0.135038

-2.84768 -0.1875
-2.84375 -0.186657

1.67351 0.15625
1.6875 0.160266

-0.734375 -0.134925
-0.71875 -0.134712

1.6875 0.160414
1.70312 0.164469

-2.84375 -0.186888
-2.82812 -0.185825

0.015625 -0.0889853
0.03125 -0.0933242

-0.71875 -0.134628
-0.703125 -0.133609

0.03125 -0.0956386
0.0385148 -0.09375

-2.82812 -0.185787
-2.8125 -0.186499

0.0413204 -0.09375
0.046875 -0.0930382

-2.79688 -0.188842
-2.80764 -0.1875

0.046875 -0.0905686
0.0625 -0.0859184

1.70312 0.164064
1.71875 0.16795

-2.79688 -0.188761
-2.78125 -0.191316

-0.703125 -0.133566
-0.6875 -0.131997

-2.78125 -0.191276
-2.76562 -0.194504

-2.76562 -0.19459
-2.75 -0.1984

1.71875 0.167702
1.73188 0.171875

-0.6875 -0.131973
-0.671875 -0.129985

1.73135 0.171875
1.73438 0.172836

-0.671875 -0.129927
-0.65625 -0.127682

-0.65625 -0.127608
-0.640625 -0.125368

-0.640625 -0.125411
-0.637757 -0.125

-0.637466 -0.125
-0.625 -0.123213

0.0625 -0.0852933
0.078125 -0.0842309

-0.625 -0.123233
-0.609375 -0.120784

-0.609375 -0.120756
-0.59375 -0.118098

-0.59375 -0.118109
-0.578125 -0.115277

-0.578125 -0.115238
-0.5625 -0.11229

-0.5625 -0.112076
-0.546875 -0.109516

-0.546875 -0.109535
-0.545599 -0.109375

-0.544805 -0.109375
-0.53125 -0.107677

0.078125 -0.0842694
0.09375 -0.0879682

-0.53125 -0.1077
-0.515625 -0.106065

1.73438 0.173514
1.75 0.178364

-2.8125 -0.186657
-2.80574 -0.1875

-0.515625 -0.1061
-0.5 -0.104649

0.109375 -0.0937806
0.109245 -0.09375

0.09375 -0.0903245
0.108259 -0.09375

0.109375 -0.0933782
0.125 -0.0936154

1.75 0.178087
1.76562 0.181742

1.76562 0.181496
1.78125 0.184999

1.78125 0.184792
1.79164 0.1875

1.79066 0.1875
1.79688 0.18912

0.125 -0.0934064
0.140625 -0.0918614

1.79688 0.189449
1.8125 0.193339

-2.75 -0.198129
-2.73438 -0.202889

-2.73438 -0.203469
-2.71875 -0.208574

-2.73438 -0.202862
-2.73357 -0.203125

-2.71875 -0.208591
-2.70312 -0.212846

-2.70312 -0.212688
-2.6875 -0.216361

0.140625 -0.091479
0.15625 -0.0893349

0.15625 -0.0895267
0.171875 -0.0871648

1.8125 0.193196
1.82812 0.196209

-2.67188 -0.219963
-2.67698 -0.21875

0.171875 -0.0871787
0.1875 -0.0841876

-2.67188 -0.220272
-2.65625 -0.223638

0.1875 -0.0840541
0.203125 -0.0806731

0.203125 -0.0803283
0.215535 -0.078125

-2.6875 -0.216188
-2.67673 -0.21875

0.215027 -0.078125
0.21875 -0.077464

-0.5 -0.10464
-0.484375 -0.103321

1.82812 0.196138
1.84375 0.198703

-2.65625 -0.223837
-2.64062 -0.225753

1.84375 0.198464
1.85938 0.201197

-2.64062 -0.225622
-2.625 -0.225954

1.85938 0.20084
1.86853 0.203125

-0.484375 -0.103277
-0.46875 -0.102195

-0.46875 -0.102145
-0.453125 -0.101485

-0.453125 -0.101451
-0.4375 -0.101381

-0.4375 -0.10138
-0.421875 -0.101968

0.21875 -0.0776324
0.234375 -0.0759979

-0.421875 -0.102034
-0.40625 -0.103153

0.234375 -0.0760317
0.25 -0.0752727

-2.625 -0.226035
-2.60938 -0.224885

1.86766 0.203125
1.875 0.204958

-2.60938 -0.225243
-2.59375 -0.221732

-2.59375 -0.22233
-2.58607 -0.21875

-0.40625 -0.103256
-0.390625 -0.104569

-0.390625 -0.104644
-0.375 -0.105792

0.25 -0.0752423
0.265625 -0.0753518

-2.58704 -0.21875
-2.57812 -0.214569

0.265625 -0.0754869
0.28125 -0.0762554

0.28125 -0.0763703
0.296875 -0.0772979

-2.57812 -0.215651
-2.56364 -0.203125

-2.56421 -0.203125
-2.5625 -0.201294

-2.5625 -0.2036
-2.56209 -0.203125

-2.5625 -0.198038
-2.5509 -0.1875

0.296875 -0.0773482
0.3125 -0.0781043

-2.55162 -0.1875
-2.54688 -0.183906

1.875 0.205667
1.89062 0.209593

0.328125 -0.0785875
0.313173 -0.078125

1.89062 0.209131
1.90625 0.212343

-2.54688 -0.184615
-2.53125 -0.176274

-0.375 -0.105805
-0.359375 -0.10661

1.90625 0.211899
1.92188 0.216209

-0.359375 -0.106573
-0.34375 -0.107081

0.3125 -0.078118
0.312727 -0.078125

-0.34375 -0.107026
-0.328125 -0.107422

0.328125 -0.0785871
0.34375 -0.0787987

-0.328125 -0.107389
-0.3125 -0.107848

0.34375 -0.0787811
0.359375 -0.0787578

-2.53125 -0.176368
-2.51562 -0.172002

1.92188 0.21619
1.92989 0.21875

-2.51562 -0.172457
-2.51003 -0.171875

1.92638 0.21875
1.9375 0.222303

-0.3125 -0.107831
-0.296875 -0.108453

0.359375 -0.0787501
0.375 -0.0785426

-2.50894 -0.171875
-2.5 -0.170944

1.9375 0.221904
1.95312 0.226176

-0.296875 -0.108351
-0.28125 -0.109372

-2.98438 0.00290977
-2.98553 0.015625

-0.28125 -0.109465
-0.265625 -0.110902

-2.98452 0.015625
-2.98438 0.0228348

1.95312 0.225475
1.96875 0.230333

-2.98438 0.00545573
-2.9843 0.015625

-2.98428 0.015625
-2.98396 0.03125

-0.265625 -0.11095
-0.25 -0.11252

-2.9848 0.03125
-2.98438 0.0354956

0.375 -0.0785449
0.390625 -0.0781641

1.96875 0.230419
1.97981 0.234375

0.390625 -0.0781817
0.392117 -0.078125

-2.98489 0.046875
-2.9847 0.0625

0.392118 -0.078125
0.40625 -0.0775876

0.40625 -0.0775705
0.421875 -0.0767617

-2.98407 0.03125
-2.98418 0.046875

-2.98403 0.046875
-2.98385 0.0625

1.97611 0.234375
1.98438 0.237331

0.421875 -0.076744
0.4375 -0.0757904

1.98438 0.236859
2 0.241313

0.4375 -0.0757799
0.453125 -0.0747381

0.453125 -0.074727
0.46875 -0.0736399

0.46875 -0.0736314
0.484375 -0.0725383

-0.25 -0.11253
-0.234375 -0.11412

-0.234375 -0.114129
-0.21875 -0.115702

-0.21875 -0.115718
-0.203125 -0.117222

-0.203125 -0.117243
-0.1875 -0.118603

-0.1875 -0.118618
-0.171875 -0.119762

-0.171875 -0.11977
-0.15625 -0.120652

-0.15625 -0.120647
-0.140625 -0.121262

-0.140625 -0.121259
-0.125 -0.121625

-0.125 -0.121607
-0.109375 -0.121765

-0.109375 -0.121767
-0.09375 -0.12175

-0.09375 -0.121768
-0.078125 -0.121538

-0.078125 -0.121599
-0.0625 -0.120994

-0.0625 -0.0474367
-0.0635295 -0.046875

-0.0686968 -0.046875
-0.0703933 -0.03125

0.484375 -0.0725314
0.5 -0.0714633

-2.98438 0.0915418
-2.98452 0.09375

-2.984 0.0625
-2.98363 0.078125

-2.98409 0.078125
-2.98313 0.09375

-0.0707157 -0.03125
-0.0625 -0.0264655

-0.0625 -0.121819
-0.046875 -0.119066

-0.046875 -0.123896
-0.03125 -0.118914

-0.03125 -0.108536
-0.0431155 -0.09375

-0.0513886 -0.09375
-0.048755 -0.078125

-2.9856 0.09375
-2.97098 0.125

-0.0502116 -0.078125
-0.046875 -0.0748785

-0.046875 -0.0858904
-0.0348662 -0.078125

-3 0.127099
-2.99179 0.125

-3 0.165341
-2.96994 0.1875

-2.96875 0.126062
-2.96029 0.140625

-2.96207 0.140625
-2.95354 0.15625

-2.95312 0.147605
-2.94839 0.15625

-2.95434 0.15625
-2.95312 0.160512

-0.03125 -0.12251
-0.015625 -0.121332

-0.03125 -0.104775
-0.015625 -0.10561

-2.95312 0.184234
-2.95629 0.1875

-2.95037 0.15625
-2.9448 0.171875

0.5 -0.071464
0.515625 -0.0704335

-2.94425 0.171875
-2.94579 0.1875

-2.9888 0.1875
-2.96875 0.201633

0.515625 -0.0704449
0.53125 -0.0694275

0.53125 -0.0694205
0.546875 -0.0684076

0.546875 -0.0683846
0.5625 -0.0674362

-2.96875 0.198543
-2.9375 0.194374

0.5625 -0.0674398
0.578125 -0.0665946

-2.94316 0.21875
-2.93925 0.25

2 0.240729
2.01562 0.244601

-2.9375 0.227886
-2.90625 0.221383

0.578125 -0.066624
0.59375 -0.0658162

-0.015625 -0.117853
0 -0.122931

-2.90625 0.233472
-2.90561 0.234375

-0.015625 -0.104555
0 -0.094385

-2.90549 0.234375
-2.8953 0.25

0.59375 -0.0658669
0.609375 -0.0649363

-0.03125 -0.0892774
-0.015625 -0.0884894

-2.93801 0.25
-2.9375 0.250876

-0.015625 -0.0839737
0 -0.0784993

0.609375 -0.0650111
0.625 -0.0637066

2.01562 0.244492
2.03125 0.249169

-2.9375 0.252022
-2.90625 0.277581

0.625 -0.0637676
0.635391 -0.0625

2.03125 0.248964
2.03484 0.25

0.634881 -0.0625
0.640625 -0.0617993

0.640625 -0.0618484
0.65625 -0.0592451

-0.0114279 -0.078125
0 -0.0737569

-2.91046 0.28125
-2.90625 0.283841

0.65625 -0.0591822
0.671875 -0.0559902

-2.89384 0.25
-2.89062 0.260868

0.671875 -0.0558986
0.6875 -0.0524271

0.6875 -0.0523795
0.703125 -0.0489067

0.703125 -0.0488555
0.712531 -0.046875

-2.90625 0.278996
-2.89062 0.277238

-2.89062 0.255504
-2.88546 0.265625

-2.88418 0.265625
-2.87967 0.28125

2.03166 0.25
2.04688 0.254392

2.04688 0.254197
2.0625 0.25751

2.0625 0.257037
2.07812 0.260254

2.07812 0.260106
2.09375 0.264467

2.09375 0.264331
2.09812 0.265625

2.09512 0.265625
2.10938 0.269843

2.10938 0.269618
2.125 0.273452

-0.0625 -0.0480529
-0.054124 -0.046875

2.125 0.273109
2.14062 0.276966

-0.0479942 -0.046875
-0.0483134 -0.03125

0.712611 -0.046875
0.71875 -0.0455824

-2.90625 0.282528
-2.875 0.291023

2.14062 0.277062
2.1556 0.28125

-2.87572 0.3125
-2.875 0.31304

2.15544 0.28125
2.15625 0.281478

-0.046875 -0.0564298
-0.0381461 -0.046875

-2.875 0.279454
-2.87339 0.28125

-0.0625 -0.028208
-0.0511293 -0.03125

-2.8742 0.28125
-2.85938 0.295421

2.15625 0.281497
2.17188 0.28606

0.71875 -0.0455759
0.734375 -0.0425502

2.17188 0.285117
2.1875 0.291635

-2.875 0.311781
-2.85938 0.310379

-2.85938 0.294876
-2.85817 0.296875

-2.85586 0.296875
-2.8576 0.3125

2.1875 0.290656
2.1965 0.296875

2.1955 0.296875
2.20312 0.303971

2.20312 0.302154
2.21079 0.3125

2.20585 0.3125
2.21875 0.32786

2.21707 0.328125
2.21875 0.329541

2.21875 0.327248
2.22021 0.328125

2.21875 0.328392
2.23438 0.336105

2.23438 0.33205
2.25 0.336635

-2.875 0.316405
-2.84375 0.314042

2.5 0.117037
2.49659 0.125

0.734375 -0.0425961
0.75 -0.0397353

-2.84387 0.34375
-2.84375 0.343777

-2.84375 0.326475
-2.84289 0.328125

2.25 0.338528
2.26457 0.34375

2.26331 0.34375
2.26562 0.344579

-2.84375 0.337799
-2.83367 0.328125

0.75 -0.0397742
0.765625 -0.036909

0.765625 -0.0369453
0.78125 -0.0339252

0.78125 -0.0338872
0.794333 -0.03125

0.794017 -0.03125
0.796875 -0.0306739

0.796875 -0.0307021
0.8125 -0.0275702

0.8125 -0.02762
0.828125 -0.0244553

-2.73438 0.172093
-2.73416 0.171875

2.26562 0.344238
2.28125 0.346844

2.28125 0.346208
2.29688 0.346969

2.29688 0.347244
2.3125 0.346882

0.828125 -0.0244963
0.84375 -0.0211171

0.84375 -0.0211233
0.859375 -0.0174351

2.34375 0.34272
2.33608 0.34375

2.3125 0.346691
2.32812 0.345038

2.32812 0.344792
2.33589 0.34375

2.34375 0.342556
2.35938 0.340782

2.35938 0.340943
2.375 0.339473

2.4375 0.303249
2.4285 0.3125

2.375 0.340009
2.39062 0.33745

2.39062 0.338155
2.40625 0.332026

-2.42188 -0.319694
-2.40625 -0.326461

-2.40625 -0.3289
-2.40513 -0.328125

0.859375 -0.0173416
0.866553 -0.015625

-2.40625 -0.327073
-2.40125 -0.3125

2.42188 0.320441
2.41186 0.328125

2.40625 0.332278
2.41234 0.328125

-2.42209 -0.3125
-2.42188 -0.312021

2.42188 0.318832
2.42824 0.3125

2.46875 0.273264
2.45964 0.28125

2.45312 0.287416
2.44361 0.296875

2.4375 0.302838
2.44329 0.296875

2.45312 0.286412
2.45864 0.28125

2.48438 0.260872
2.47817 0.265625

2.46875 0.272542
2.47745 0.265625

2.48438 0.259728
2.5 0.250268

-2.42188 -0.307865
-2.40625 -0.304264

-2.40625 -0.303884
-2.40065 -0.3125

0.866227 -0.015625
0.875 -0.0135269

0.875 -0.0136364
0.890625 -0.00997539

0.890625 -0.0100521
0.90625 -0.00616459

-2.5 -0.170895
-2.48438 -0.170966

-2.46875 -0.172404
-2.47628 -0.171875

-2.48438 -0.171307
-2.47629 -0.171875

-2.46875 -0.17206
-2.45312 -0.174193

0.90625 -0.00617337
0.921875 -0.00188847

0.921875 -0.00180706
0.928221 0

-2.45312 -0.173695
-2.4375 -0.178551

-2.42188 -0.187521
-2.40625 -0.192222

2.96866 -0.21875
2.96875 -0.218643

2.96875 -0.21897
2.99218 -0.21875

-2.40625 -0.191977
-2.39062 -0.1925

-2.39062 -0.191876
-2.375 -0.189961

2.96875 -0.218719
2.98532 -0.21875

0.927966 0
0.9375 0.00271516

3 -0.0940893
2.9988 -0.09375

0.9375 0.00259673
0.953125 0.00714

0.953125 0.00708579
0.96875 0.0120102

-2.4375 -0.1794
-2.42188 -0.186274

2.98438 -0.0787004
3 -0.0860672

2.99723 -0.078125
2.99557 -0.0625

2.98438 -0.0567693
2.96982 -0.046875

2.96916 -0.046875
2.98291 -0.03125

2.98438 -0.0565741
2.99025 -0.046875

2.99314 -0.046875
2.98594 -0.03125

2.98009 -0.03125
2.98438 -0.030225

2.98438 -0.0305668
2.98585 -0.03125

2.51562 0.11535
2.50202 0.125

-2.375 -0.189783
-2.36184 -0.1875

-2.3625 -0.1875
-2.35938 -0.186958

-2.35938 -0.18699
-2.34375 -0.184008

2.51562 0.120068
2.53125 0.123815

0.96875 0.0121763
0.979413 0.015625

0.979277 0.015625
0.984375 0.0172739

0.984375 0.0172498
1 0.0220604

2.51202 0.125
2.50666 0.140625

2.50983 0.140625
2.51496 0.15625

-2.34375 -0.184012
-2.32812 -0.180874

-2.32812 -0.180857
-2.3125 -0.177591

2.53055 0.125
2.53125 0.125079

-2.3125 -0.177649
-2.29688 -0.174174

-2.29688 -0.174194
-2.28728 -0.171875

-2.28761 -0.171875
-2.28125 -0.170338

-2.28125 -0.17025
-2.26562 -0.166473

-2.26562 -0.166321
-2.25 -0.163121

2.50859 0.15625
2.51562 0.167097

2.51562 0.164524
2.53125 0.166391

2.53125 0.125608
2.5408 0.140625

2.54078 0.140625
2.53633 0.15625

2.53125 0.164867
2.5389 0.15625

2.51562 0.245276
2.5003 0.25

-2.25 -0.163179
-2.23438 -0.160744

-2.23438 -0.160781
-2.21875 -0.158922

-2.21875 -0.159121
-2.20312 -0.157367

-2.20312 -0.157544
-2.19414 -0.15625

-2.19527 -0.15625
-2.1875 -0.155131

-2.1875 -0.154835
-2.17188 -0.152651

2.51562 0.246031
2.53125 0.244697

2.53125 0.245214
2.54688 0.244824

-2.17188 -0.152721
-2.15625 -0.151228

-2.15625 -0.151341
-2.14062 -0.150172

2.54688 0.245698
2.5625 0.243472

2.5625 0.242453
2.57812 0.238682

2.57812 0.238393
2.59375 0.235693

2.625 0.205223
2.61081 0.21875

2.60938 0.229511
2.60282 0.234375

-2.14062 -0.150173
-2.125 -0.1491

2.59375 0.239899
2.604 0.234375

2.60938 0.226307
2.61537 0.21875

-2.125 -0.149129
-2.10938 -0.148091

-2.10938 -0.148102
-2.09375 -0.147021

1 0.0218652
1.01562 0.0268114

2.64062 0.202793
2.63947 0.203125

1.01562 0.0269542
1.02865 0.03125

-2.09375 -0.147051
-2.07812 -0.145848

1.02836 0.03125
1.03125 0.0322033

1.03125 0.0323972
1.04688 0.0368911

-2.07812 -0.145791
-2.0625 -0.14452

2.625 0.20708
2.63686 0.203125

2.64062 0.20367
2.65625 0.203593

-2.0625 -0.144454
-2.04688 -0.143361

1.04688 0.0367367
1.0625 0.0403342

2.65625 0.203911
2.67188 0.205021

1.0625 0.0402264
1.07812 0.0434517

1.07812 0.0433473
1.09375 0.0464166

-2.04688 -0.143397
-2.03125 -0.142541

-2.03125 -0.142541
-2.01562 -0.141851

-2.01562 -0.141819
-2 -0.14136

1.08968 0.046875
1.09375 0.0476748

1.09375 0.0464432
1.09668 0.046875

2.67188 0.20501
2.6875 0.206692

2.6875 0.206754
2.70312 0.208907

2.70312 0.209046
2.71875 0.211269

2.71875 0.211376
2.73438 0.213173

2.73438 0.213265
2.75 0.214239

1.09379 0.046875
1.10938 0.0491678

1.10938 0.048782
1.125 0.0503866

2.5 0.250189
2.50061 0.25

1.125 0.0504594
1.14062 0.0519141

1.14062 0.0518749
1.15625 0.0531123

1.15625 0.0530551
1.17188 0.0542682

1.17188 0.0541076
1.1875 0.0557321

1.1875 0.0558313
1.20312 0.0579901

1.20312 0.0580745
1.21875 0.0604002

2.75 0.214256
2.76562 0.214191

2.76562 0.214035
2.78125 0.213208

2.78125 0.213299
2.79688 0.211838

2.79688 0.212913
2.8125 0.208485

2.84375 0.179844
2.83479 0.1875

1.21875 0.0602411
1.23316 0.0625

1.22983 0.0625
1.23438 0.063212

1.23438 0.0628485
1.25 0.0654263

2.85938 0.171791
2.85922 0.171875

2.84375 0.181078
2.859 0.171875

2.875 0.165272
2.86112 0.171875

2.85938 0.172742
2.8612 0.171875

2.82812 0.197961
2.82106 0.203125

2.8125 0.209146
2.82161 0.203125

2.82812 0.196065
2.83739 0.1875

1.25 0.0654282
1.26562 0.0680072

2.9375 0.124558
2.93705 0.125

2.98438 0.0624848
3 0.0624848

2.96875 0.0895961
2.96481 0.09375

1.26562 0.0680405
1.28125 0.0705504

1.28125 0.0704212
1.29688 0.0730539

1.29688 0.0729323
1.3125 0.0761891

1.3125 0.0763659
1.32024 0.078125

1.31934 0.078125
1.32812 0.0801225

1.32812 0.0800484
1.34375 0.083286

1.34375 0.0831418
1.35938 0.0863108

1.35938 0.0862252
1.375 0.089785

-2 -0.141429
-1.98438 -0.141125

-1.98438 -0.141196
-1.96875 -0.140766

2.95312 0.106859
2.95092 0.109375

-1.96875 -0.140758
-1.96571 -0.140625

1.375 0.0899097
1.39054 0.09375

2.9375 0.124184
2.95143 0.109375

-1.96567 -0.140625
-1.95312 -0.140074

-1.95312 -0.139997
-1.9375 -0.139219

1.38976 0.09375
1.39062 0.0939642

-1.9375 -0.139244
-1.92188 -0.138476

2.95312 0.10425
2.96735 0.09375

1.39062 0.0938709
1.40625 0.0975804

2.96875 0.0784088
2.98438 0.0855722

2.98438 0.0767406
2.98598 0.078125

2.98438 0.0809598
2.98671 0.09375

2.96875 0.0951022
2.99362 0.125

-1.92188 -0.138495
-1.90625 -0.137651

2.90625 0.149019
2.89364 0.15625

2.875 0.165377
2.89062 0.157626

2.89062 0.157931
2.8936 0.15625

2.92188 0.138299
2.91863 0.140625

2.90625 0.149028
2.91817 0.140625

2.92188 0.13835
2.93698 0.125

-1.90625 -0.137574
-1.89062 -0.136772

-1.89062 -0.136722
-1.875 -0.136214

1.40625 0.0973519
1.42188 0.101178

-1.875 -0.136194
-1.85938 -0.13612

2.90625 0.232345
2.90523 0.234375

2.90625 0.247958
2.90565 0.25

-1.85938 -0.136112
-1.84375 -0.136529

1.42188 0.101011
1.4375 0.105744

2.92188 0.202595
2.92138 0.203125

-1.84375 -0.136556
-1.82812 -0.137425

-1.82812 -0.137485
-1.8125 -0.138632

2.92188 0.21812
2.92137 0.21875

1.4375 0.105896
1.44746 0.109375

-1.8125 -0.138697
-1.79688 -0.139869

2.92188 0.202614
2.9375 0.202554

1.44667 0.109375
1.45312 0.111629

2.92188 0.203475
2.9375 0.205581

-1.78125 -0.140906
-1.78566 -0.140625

1.45312 0.111525
1.46875 0.117064

2.90625 0.226312
2.93186 0.21875

1.46875 0.116913
1.48438 0.122705

1.48438 0.122776
1.49006 0.125

1.48987 0.125
1.5 0.128963

2.96875 0.139976
2.96851 0.140625

2.96743 0.140625
2.96124 0.15625

-1.79688 -0.139903
-1.78553 -0.140625

-1.78125 -0.14093
-1.76562 -0.141614

2.95312 0.171586
2.95303 0.171875

2.95252 0.171875
2.95312 0.177033

-1.76562 -0.141585
-1.75 -0.141956

2.96327 0.15625
2.95587 0.171875

2.95312 0.178985
2.95524 0.1875

2.96875 0.126384
2.97598 0.15625

2.96875 0.187077
3 0.183661

-1.75 -0.141917
-1.73438 -0.142113

-1.73438 -0.1421
-1.71875 -0.142227

-1.71875 -0.142247
-1.70312 -0.14229

-1.70312 -0.142312
-1.6875 -0.14219

2.95213 0.1875
2.96875 0.196847

2.94133 0.21875
2.95065 0.25

-1.6875 -0.142181
-1.67188 -0.14187

-1.67188 -0.141831
-1.65625 -0.141426

2.96875 0.202393
3 0.191096

2.85938 0.296752
2.85928 0.296875

2.85932 0.296875
2.85938 0.297654

2.85938 0.29672
2.875 0.294745

2.85938 0.304333
2.875 0.304312

2.89062 0.265484
2.89051 0.265625

2.88902 0.265625
2.88888 0.28125

2.90625 0.250013
2.89824 0.265625

2.89062 0.279726
2.89143 0.28125

-1.65625 -0.14138
-1.64062 -0.141052

-1.64062 -0.14099
-1.625 -0.140955

2.89067 0.28125
2.90625 0.287536

2.90625 0.27741
2.9375 0.279963

2.90625 0.281584
2.91149 0.28125

-1.625 -0.140847
-1.60938 -0.141448

-1.60938 -0.141366
-1.59375 -0.142987

-1.59375 -0.143103
-1.57812 -0.145678

-1.57812 -0.145767
-1.5625 -0.148887

-1.5625 -0.148979
-1.54688 -0.152279

-1.54688 -0.152042
-1.53125 -0.155813

-1.51562 -0.160367
-1.53041 -0.15625

-1.51562 -0.160294
-1.5 -0.164962

-1.53125 -0.155771
-1.52953 -0.15625

2.9375 0.279112
2.95653 0.25

3 -0.094603
3.00216 -0.09375

3 -0.079894
3.01088 -0.0625

3 -0.0514003
3.00352 -0.0625

3.03125 -0.000234898
3.03105 0

3.0625 -0.00856411
3.03797 0

3.125 -0.00506534
3.0942 0

3.25 -0.00427335
3.20712 0

3.5 -0.00313581
3.40716 0

3.03125 0.0157586
3.0226 0.03125

3.02742 0.03125
3.02086 0.0625

3.03125 0.0120375
3.0474 0

3.02816 0.0625
3.02283 0.09375

3.02707 0.09375
3.02367 0.125

3.0625 0.0125981
3.09564 0

3 0.168935
3.02957 0.125

3 0.193165
3.00489 0.1875

3.125 0.00787722
3.19015 0

3.25 0.00319935
3.34162 0

4 -0.00408249
3.58638 0

-1.5 -0.164801
-1.48438 -0.170216

-1.46875 -0.176244
-1.48164 -0.171875

-1.48438 -0.170349
-1.47987 -0.171875

-1.46875 -0.177296
-1.45312 -0.178899

-1.45312 -0.180145
-1.4375 -0.17318

-1.4375 -0.173385
-1.43562 -0.171875

-1.4375 -0.170943
-1.42188 -0.15721

-1.42188 -0.157324
-1.42073 -0.15625

-1.42626 -0.15625
-1.42188 -0.152064

-1.42188 -0.154917
-1.40625 -0.143398

-1.40625 -0.142646
-1.39972 -0.140625

-1.39939 -0.140625
-1.39062 -0.138499

-1.375 -0.141872
-1.3824 -0.140625

-1.39062 -0.137912
-1.375 -0.140548

-1.42468 -0.109375
-1.42188 -0.106572

-1.41425 -0.125
-1.40625 -0.116985

-1.40625 -0.124896
-1.40615 -0.125

-1.375 -0.143758
-1.35938 -0.147687

-1.375 -0.1406
-1.37486 -0.140625

-1.35938 -0.146853
-1.34375 -0.152271

-1.35938 -0.134913
-1.34375 -0.137483

-1.32812 -0.15998
-1.33994 -0.15625

-1.32812 -0.159521
-1.3125 -0.159335

-1.34375 -0.152992
-1.33707 -0.15625

-1.33532 -0.140625
-1.34312 -0.125

-1.3125 -0.158418
-1.30117 -0.15625

-1.30229 -0.15625
-1.29688 -0.155214

-1.29688 -0.154913
-1.28125 -0.151989

-1.28125 -0.152085
-1.26562 -0.149935

-1.26562 -0.149976
-1.25 -0.148325

-1.34375 -0.123711
-1.33982 -0.125

-1.25 -0.148372
-1.23438 -0.147041

-1.23438 -0.147027
-1.21875 -0.14595

-1.21875 -0.146002
-1.20312 -0.145102

-1.20312 -0.145094
-1.1875 -0.144283

-1.1875 -0.144315
-1.17188 -0.143545

-1.17188 -0.143563
-1.15625 -0.142732

-1.15625 -0.142746
-1.14062 -0.141791

-1.14062 -0.141792
-1.125 -0.14068

-1.125 -0.140684
-1.12429 -0.140625

-1.12421 -0.140625
-1.10938 -0.139402

-1.10938 -0.139365
-1.09375 -0.137955

-1.09375 -0.137915
-1.07812 -0.136539

-1.07812 -0.13651
-1.0625 -0.135305

-1.0625 -0.135315
-1.04688 -0.134319

-1.04688 -0.134348
-1.03125 -0.133483

-1.03125 -0.133487
-1.01562 -0.132686

-1.01562 -0.132645
-1 -0.131981

