-4 -0.00263338
-3.76882 0

-3.62072 0
-3.5 0.00137512

-3.5 -0.00174482
-3.45589 0

-3.25 -0.00246247
-3.22842 0

-3.125 -0.00334243
-3.11155 0

-3 -0.0938114
-3.00003 -0.09375

-3 -0.0833697
-3.00228 -0.0625

-3.0625 -0.00163927
-3.05786 0

-3 -0.00238196
-3.00088 0

-3.40598 0
-3.25 0.00622214

-3.21649 0
-3.125 0.0118452

-3.10948 0
-3.0625 0.0189185

-3.0625 0.00607613
-3.03125 0.0294433

-3.03833 0.03125
-3.03125 0.0443618

-3 0.027279
-3.02837 0.03125

-3.03125 0.0494454
-3.02501 0.0625

-3.03546 0.0625
-3.03125 0.0758288

-3.03125 0.0634991
-3.01873 0.09375

1.5 0.106454
1.51191 0.109375

1.51105 0.109375
1.51562 0.110497

1.51562 0.110458
1.53125 0.114738

1.53125 0.114859
1.54688 0.11911

1.54688 0.119116
1.5625 0.123087

-3.01325 0.09375
-3.01013 0.125

-3.023 0.125
-3 0.166811

1.5625 0.122969
1.57073 0.125

1.57049 0.125
1.57812 0.126885

1.57812 0.126667
1.59375 0.130964

1.59375 0.130808
1.60938 0.13623

1.60938 0.136387
1.61973 0.140625

1.61922 0.140625
1.625 0.142992

1.625 0.143255
1.64062 0.149367

1.64062 0.14914
1.65625 0.154625

1.65625 0.154238
1.6613 0.15625

1.66156 0.15625
1.67188 0.160362

1.67188 0.160207
1.6875 0.168462

-2.96875 -0.187694
-2.98677 -0.1875

-2.98211 -0.1875
-2.96875 -0.18744

-2.96875 -0.18735
-2.96865 -0.1875

1.6875 0.168574
1.69253 0.171875

-2.96875 -0.111427
-2.99977 -0.09375

-2.98947 -0.09375
-2.98764 -0.078125

-2.98479 -0.078125
-2.98438 -0.0754442

-1 -0.15397
-0.984375 -0.152546

1.69252 0.171875
1.70312 0.179087

-0.984375 -0.152552
-0.96875 -0.151233

-0.96875 -0.151239
-0.953125 -0.150004

-0.953125 -0.150144
-0.9375 -0.148699

-0.9375 -0.148731
-0.921875 -0.146729

1.70312 0.179662
1.71373 0.1875

-2.98438 -0.0823316
-2.9824 -0.09375

-2.98349 -0.078125
-2.98143 -0.0625

-0.921875 -0.146982
-0.90625 -0.14385

1.7131 0.1875
1.71875 0.191608

1.71875 0.192574
1.73438 0.201222

1.73438 0.201583
1.74271 0.203125

1.74469 0.203125
1.75 0.204104

-0.90625 -0.142899
-0.894686 -0.140625

-0.890625 -0.140492
-0.875 -0.138051

-0.875 -0.137673
-0.859375 -0.1355

-0.859375 -0.135547
-0.84375 -0.134303

-0.84375 -0.134366
-0.828125 -0.133829

-0.828125 -0.133952
-0.8125 -0.133748

-0.8125 -0.133824
-0.796875 -0.133556

-0.796875 -0.1338
-0.78125 -0.132829

-0.78125 -0.133174
-0.765625 -0.130319

1.76562 0.201914
1.75283 0.203125

1.75 0.203457
1.75351 0.203125

1.76562 0.201012
1.78125 0.198833

1.78125 0.1987
1.79688 0.197918

-2.96875 -0.109523
-2.96846 -0.109375

-2.96875 -0.103827
-2.95312 -0.0969686

0 -0.0943566
0.015625 -0.0940753

1.79688 0.198039
1.8125 0.198681

-0.765625 -0.130035
-0.75 -0.125701

-0.755444 -0.125
-0.75 -0.12349

1.8125 0.198888
1.82812 0.200297

1.82812 0.20054
1.84375 0.201813

1.84375 0.201637
1.85938 0.202639

0.03125 -0.0950365
0.0185612 -0.09375

0 -0.093411
0.015625 -0.0931643

0.015625 -0.0935112
0.0179802 -0.09375

0.03125 -0.0950628
0.046875 -0.0987814

0.046875 -0.100292
0.0625 -0.103091

0.0625 -0.103274
0.078125 -0.101768

0.078125 -0.100844
0.09375 -0.0965152

0.09375 -0.0958323
0.103107 -0.09375

0.100915 -0.09375
0.109375 -0.0918672

0.109375 -0.0922848
0.125 -0.0911649

0.125 -0.0915012
0.140625 -0.0917467

0.140625 -0.0918572
0.15625 -0.0925748

0.1875 -0.0941323
0.17838 -0.09375

0.15625 -0.0926607
0.171875 -0.0934573

0.171875 -0.0934881
0.178124 -0.09375

0.1875 -0.0941629
0.203125 -0.0945747

0.203125 -0.094537
0.21875 -0.0947287

0.21875 -0.0947697
0.234375 -0.0947346

0.234375 -0.094903
0.25 -0.0942224

0.25 -0.0945792
0.257676 -0.09375

0.252866 -0.09375
0.265625 -0.0923716

0.265625 -0.0924617
0.28125 -0.089912

0.28125 -0.0896862
0.296875 -0.0868969

0.296875 -0.0869111
0.3125 -0.0843052

0.3125 -0.0843901
0.328125 -0.0817694

0.328125 -0.0818179
0.34375 -0.0789158

0.34375 -0.0789646
0.34808 -0.078125

0.346899 -0.078125
0.359375 -0.0757061

0.359375 -0.0758693
0.375 -0.0727469

0.375 -0.0725903
0.390625 -0.0694716

1.85938 0.202156
1.86613 0.203125

-2.95312 -0.094502
-2.95067 -0.09375

-2.94828 -0.09375
-2.9375 -0.0904485

-2.98343 -0.0625
-2.98403 -0.046875

-2.9836 -0.046875
-2.98375 -0.03125

1.86739 0.203125
1.875 0.204218

1.875 0.203868
1.89062 0.20938

1.89062 0.209955
1.90625 0.217978

1.90244 0.21875
1.90625 0.220706

1.90625 0.218604
1.90673 0.21875

1.90625 0.220266
1.92188 0.225079

1.92188 0.223627
1.9375 0.224036

1.9375 0.223507
1.95312 0.22347

1.95312 0.223579
1.96875 0.223935

-2.98438 -0.0157706
-2.98438 -0.015625

-2.98445 -0.015625
-2.98579 0

-2.9837 -0.03125
-2.98436 -0.015625

-2.98438 -0.00851333
-2.98387 -0.015625

-2.90625 -0.0959452
-2.91426 -0.09375

-0.75 -0.124579
-0.734375 -0.121579

-0.734375 -0.122008
-0.71875 -0.121199

-0.71875 -0.121629
-0.703125 -0.121295

-0.703125 -0.12143
-0.6875 -0.120442

1.96875 0.22424
1.98438 0.224164

1.98438 0.224029
2 0.22318

-2.9375 -0.0906587
-2.92188 -0.0909911

-2.92188 -0.0908568
-2.91132 -0.09375

-2.90625 -0.0964861
-2.89062 -0.102294

-2.875 -0.112427
-2.88021 -0.109375

-2.89062 -0.100074
-2.875 -0.10881

-2.84375 -0.128859
-2.85326 -0.125

-2.84375 -0.127836
-2.82812 -0.131311

-2.82812 -0.130623
-2.8125 -0.131858

-2.8125 -0.131699
-2.79688 -0.132389

-2.79688 -0.1323
-2.78125 -0.132943

-2.78125 -0.132943
-2.76562 -0.133714

-2.76562 -0.133671
-2.75 -0.134657

-2.875 -0.112053
-2.85938 -0.121723

-2.875 -0.108621
-2.87392 -0.109375

-2.85938 -0.120107
-2.84734 -0.125

-2.54688 -0.313699
-2.54924 -0.3125

-2.54688 -0.313391
-2.54262 -0.3125

-2.54907 -0.3125
-2.55466 -0.296875

-2.55685 -0.296875
-2.54688 -0.288631

-2.54253 -0.3125
-2.53162 -0.296875

-2.54688 -0.290348
-2.53125 -0.29685

-2.53125 -0.298698
-2.531 -0.296875

-2.75 -0.134685
-2.73438 -0.135916

-2.73438 -0.135798
-2.71875 -0.137452

-2.71875 -0.137373
-2.70312 -0.139846

-2.6875 -0.143164
-2.70016 -0.140625

-2.70312 -0.139909
-2.69955 -0.140625

-2.6875 -0.143207
-2.67188 -0.146544

-2.67188 -0.146584
-2.65625 -0.149909

-2.65625 -0.150407
-2.64062 -0.152645

-0.6875 -0.120309
-0.671875 -0.118662

-2.64062 -0.153486
-2.625 -0.15196

0.390625 -0.0693207
0.40625 -0.0668208

-2.625 -0.154065
-2.60938 -0.142884

-2.60938 -0.146263
-2.60492 -0.140625

0.40625 -0.0667937
0.421875 -0.0652688

0.421875 -0.0653939
0.4375 -0.0646478

0.4375 -0.0647396
0.453125 -0.0643388

0.453125 -0.0643782
0.46875 -0.0640602

0.46875 -0.0640857
0.484375 -0.0637208

0.484375 -0.063753
0.5 -0.0632258

-2.60938 -0.136523
-2.59702 -0.125

-0.671875 -0.118532
-0.65625 -0.116751

-0.65625 -0.116692
-0.640625 -0.115154

-2.53125 -0.129806
-2.54243 -0.125

-0.640625 -0.115255
-0.625 -0.113873

-2.53125 -0.131424
-2.51562 -0.137157

-2.51562 -0.137018
-2.5 -0.138623

-2.60495 -0.125
-2.59375 -0.118309

-0.546875 -0.125812
-0.55165 -0.125

-0.546875 -0.125801
-0.53125 -0.127169

-2.59375 -0.123456
-2.57812 -0.120446

-2.57812 -0.121413
-2.5625 -0.120864

-0.53125 -0.127106
-0.515625 -0.127517

-2.5625 -0.11955
-2.54688 -0.122159

-2.54688 -0.122788
-2.54173 -0.125

-2.98725 0
-2.98748 0.015625

-2.98458 0.015625
-2.98438 0.0172982

-2.98385 0
-2.98267 0.015625

-2.98347 0.015625
-2.9818 0.03125

-2.98475 0.03125
-2.98438 0.0351602

-2.98469 0.046875
-2.98438 0.0570902

-2.9829 0.03125
-2.98282 0.046875

-2.98266 0.046875
-2.98217 0.0625

-2.9823 0.0625
-2.98159 0.078125

-0.515625 -0.127442
-0.5 -0.127171

0.5 -0.0632705
0.514294 -0.0625

0.514192 -0.0625
0.515625 -0.0624227

-2.98192 0.078125
-2.98026 0.09375

-2.98143 0.09375
-2.97019 0.125

-2.96875 0.123617
-2.96816 0.125

-0.625 -0.113582
-0.609375 -0.112737

-3 0.174184
-2.96875 0.182878

0.515625 -0.0624071
0.53125 -0.0612027

-0.609375 -0.112051
-0.59375 -0.113697

-0.59375 -0.114377
-0.578125 -0.118527

-0.578125 -0.119142
-0.5625 -0.123204

-0.5625 -0.123293
-0.55246 -0.125

-2.96843 0.125
-2.96222 0.140625

-2.96381 0.140625
-2.9573 0.15625

-2.95378 0.15625
-2.95312 0.163136

-2.95312 0.180538
-2.96038 0.1875

-2.95312 0.159423
-2.9507 0.171875

-2.95312 0.176294
-2.95129 0.171875

-2.9991 0.1875
-2.96875 0.197026

0.53125 -0.0611639
0.546875 -0.0597165

0.546875 -0.0597046
0.5625 -0.0581155

-2.94177 0.1875
-2.9375 0.190766

0.5625 -0.0580634
0.578125 -0.0564604

0.578125 -0.0563736
0.59375 -0.0550347

-2.93978 0.21875
-2.94175 0.25

0.59375 -0.0550167
0.609375 -0.0541516

0.609375 -0.0542258
0.625 -0.053722

-2.9375 0.199937
-2.92188 0.200272

0.625 -0.0538084
0.640625 -0.0533445

-2.9375 0.207762
-2.92519 0.203125

-0.5 -0.127098
-0.484375 -0.126441

0.640625 -0.0533838
0.65625 -0.0527087

0.65625 -0.0527137
0.671875 -0.0517389

0.671875 -0.0517353
0.6875 -0.0504582

-0.484375 -0.126368
-0.46875 -0.125617

-0.46875 -0.125642
-0.454907 -0.125

-0.453125 -0.125053
-0.451852 -0.125

-0.456492 -0.125
-0.453125 -0.124844

-0.453125 -0.124865
-0.4375 -0.124215

-0.4375 -0.124266
-0.421875 -0.123668

-2.92188 0.214306
-2.91798 0.21875

-0.421875 -0.123674
-0.40625 -0.123018

-0.40625 -0.123039
-0.390625 -0.122269

-0.390625 -0.122277
-0.375 -0.121335

-2.9375 0.22525
-2.90785 0.21875

-0.375 -0.121359
-0.359375 -0.120179

0.6875 -0.0504545
0.703125 -0.0488896

0.703125 -0.0489059
0.71875 -0.0470281

0.718525 -0.046875
0.71875 -0.046848

0.71875 -0.0471247
0.720806 -0.046875

0.71875 -0.0468486
0.734375 -0.0449515

-2.90625 0.247517
-2.90557 0.25

0.734375 -0.0450256
0.75 -0.0433194

-0.359375 -0.120211
-0.34375 -0.118683

-0.34375 -0.118712
-0.328125 -0.116713

-0.328125 -0.11665
-0.3125 -0.114248

-2.94126 0.25
-2.9375 0.257689

-0.3125 -0.114151
-0.296875 -0.111667

2 0.223066
2.01562 0.221938

0.75 -0.0433994
0.765625 -0.0416088

0.765625 -0.0415982
0.78125 -0.0395847

0.78125 -0.0395825
0.796875 -0.037372

-0.296875 -0.11165
-0.281635 -0.109375

0.796875 -0.0373097
0.8125 -0.0350315

0.8125 -0.0349899
0.828125 -0.0328516

0.828125 -0.0329336
0.841092 -0.03125

0.840123 -0.03125
0.84375 -0.0307791

0.84375 -0.0307954
0.859375 -0.0289312

0.859375 -0.0290878
0.875 -0.0272432

2.01562 0.221908
2.03125 0.220787

2.03125 0.22077
2.04688 0.219749

2.04688 0.219815
2.0625 0.218793

2.07812 0.217609
2.06344 0.21875

2.07812 0.217621
2.09375 0.216131

2.0625 0.218819
2.06339 0.21875

2.09375 0.216078
2.10938 0.214396

0.875 -0.0271894
0.890625 -0.0251589

0.890625 -0.0250879
0.90625 -0.0231211

0.90625 -0.0231369
0.921875 -0.0213444

0.921875 -0.0213944
0.9375 -0.0196445

0.9375 -0.0197207
0.953125 -0.0177608

0.953125 -0.0177419
0.967748 -0.015625

-2.9375 0.258827
-2.90625 0.275176

0.966896 -0.015625
0.96875 -0.0153566

-0.28197 -0.109375
-0.28125 -0.109268

-2.91097 0.28125
-2.90625 0.283504

-0.28125 -0.10931
-0.265625 -0.107179

0.96875 -0.0153704
0.984375 -0.0130636

-0.265625 -0.107227
-0.25 -0.105214

0.984375 -0.0130636
1 -0.0109085

-2.90415 0.25
-2.89561 0.265625

-2.89062 0.274972
-2.90215 0.28125

-2.89062 0.260948
-2.8856 0.265625

-2.88586 0.265625
-2.8806 0.28125

2.10938 0.214345
2.125 0.212679

-2.90625 0.287714
-2.875 0.284441

-2.87536 0.3125
-2.875 0.312693

-2.875 0.286249
-2.85938 0.296708

2.125 0.212679
2.14062 0.211133

2.14062 0.211146
2.15625 0.209696

2.15625 0.209701
2.17188 0.208309

2.17188 0.208308
2.1875 0.206964

2.1875 0.206984
2.20312 0.205653

2.20312 0.205694
2.21875 0.204253

2.23438 0.202604
2.22952 0.203125

2.21875 0.204272
2.22944 0.203125

2.23438 0.202597
2.25 0.200645

-0.25 -0.105252
-0.234375 -0.103183

-0.234375 -0.103232
-0.21875 -0.100934

-0.21875 -0.100953
-0.203125 -0.09829

-0.203125 -0.0982514
-0.1875 -0.0952622

-0.1875 -0.0950827
-0.180789 -0.09375

2.25 0.200607
2.26562 0.198459

2.26562 0.198416
2.28125 0.196232

2.28125 0.196203
2.29688 0.194126

2.29688 0.194135
2.3125 0.192206

2.375 0.187013
2.36672 0.1875

2.3125 0.192172
2.32812 0.190439

2.32812 0.190418
2.34375 0.188989

-0.179738 -0.09375
-0.171875 -0.0921884

2.34375 0.189005
2.35938 0.18789

1 -0.0109599
1.01562 -0.00885341

2.35938 0.187937
2.36681 0.1875

1.01562 -0.00893099
1.03125 -0.00661511

2.375 0.187069
2.39062 0.186152

-2.85938 0.309682
-2.87317 0.3125

-2.85938 0.296161
-2.85893 0.296875

-2.85938 0.308667
-2.85764 0.296875

2.39062 0.18618
2.40625 0.185102

-0.171875 -0.0922663
-0.15625 -0.0888355

1.03125 -0.00662935
1.04688 -0.00392042

-0.15625 -0.0882374
-0.140625 -0.0853261

1.04688 -0.00388723
1.0625 -0.000823143

-2.875 0.314621
-2.86306 0.3125

1.0625 -0.000743502
1.06619 0

2.40625 0.185076
2.42188 0.183834

-2.84375 0.3255
-2.84368 0.328125

1.06604 0
1.07812 0.00243365

1.07812 0.00244433
1.09375 0.00543166

-2.84375 0.328461
-2.82812 0.328461

1.09375 0.00534383
1.10938 0.00831206

1.10938 0.00822096
1.125 0.011528

2.42188 0.183791
2.4375 0.182524

2.4375 0.182468
2.45312 0.181376

2.45312 0.181188
2.46875 0.180758

2.46875 0.179934
2.48438 0.18219

2.48438 0.181
2.49658 0.1875

2.49545 0.1875
2.5 0.191091

1.125 0.0114931
1.14062 0.0153907

1.14062 0.0155253
1.14099 0.015625

1.14098 0.015625
1.15625 0.0198125

-2.6875 0.234593
-2.68728 0.234375

1.15625 0.019893
1.17188 0.0241335

1.17188 0.0241148
1.1875 0.0281863

1.1875 0.0281626
1.19956 0.03125

1.19967 0.03125
1.20312 0.0321339

1.20312 0.0321511
1.21875 0.0361511

1.21875 0.0360587
1.23438 0.0402536

1.23438 0.0402293
1.25 0.0448522

-0.140625 -0.084725
-0.125 -0.0847313

-0.09375 -0.0961546
-0.0997587 -0.09375

3 -0.224305
2.99918 -0.21875

-2.5 -0.138065
-2.48438 -0.136939

-2.48438 -0.136536
-2.46875 -0.134597

-2.46875 -0.134397
-2.45312 -0.132851

-0.125 -0.0847658
-0.109375 -0.0888229

1.25 0.0451149
1.25596 0.046875

-0.109375 -0.0896107
-0.0990313 -0.09375

2.98438 -0.090025
2.97264 -0.078125

1.25607 0.046875
1.26562 0.0496958

2.9768 -0.078125
2.98373 -0.0625

-0.09375 -0.0964624
-0.078125 -0.102137

2.98438 -0.0845964
3 -0.0800518

1.26562 0.0496797
1.28125 0.0538448

2.98438 -0.0722528
3 -0.0740517

-0.078125 -0.10268
-0.0625 -0.105704

-2.45312 -0.132679
-2.4375 -0.132268

1.28125 0.0537648
1.29688 0.0576993

2.98156 -0.0625
2.98438 -0.0554993

-0.0625 -0.105949
-0.046875 -0.104746

2.98124 -0.046875
2.98438 -0.0388831

1.29688 0.0576121
1.3125 0.0616502

2.98438 -0.0600165
3 -0.0572146

-0.046875 -0.104031
-0.03125 -0.0995413

-2.4375 -0.13204
-2.42188 -0.133564

-0.03125 -0.0981281
-0.015625 -0.0946091

2.98438 -0.0415192
3 -0.0430083

1.3125 0.0612456
1.31779 0.0625

-2.42188 -0.133453
-2.40625 -0.13759

1.31396 0.0625
1.32812 0.0658557

1.32812 0.0653331
1.34375 0.0687402

1.34375 0.0687268
1.35938 0.0725179

2.60938 0.0860409
2.60525 0.09375

2.625 0.0775489
2.62329 0.078125

2.60938 0.089567
2.62366 0.078125

2.60636 0.09375
2.60938 0.105398

-0.015625 -0.0955385
0 -0.094231

-0.00714982 -0.09375
0 -0.0931517

-2.39062 -0.143827
-2.40021 -0.140625

-2.40625 -0.13827
-2.3992 -0.140625

2.60938 0.108259
2.60985 0.109375

2.61269 0.109375
2.625 0.117791

1.35938 0.0722761
1.375 0.0769617

-2.39062 -0.143881
-2.375 -0.148044

1.375 0.0764597
1.38055 0.078125

2.5 0.187362
2.50018 0.1875

-2.375 -0.147888
-2.35938 -0.150919

-2.35938 -0.150726
-2.34375 -0.153322

1.37561 0.078125
1.39062 0.0826301

-2.32812 -0.156269
-2.32823 -0.15625

1.39062 0.0819883
1.40625 0.0860054

1.40625 0.085968
1.42188 0.0900874

1.42188 0.090206
1.43606 0.09375

-2.32812 -0.156266
-2.3125 -0.15871

-2.34375 -0.15323
-2.32812 -0.155962

1.43407 0.09375
1.4375 0.0946069

2.50011 0.1875
2.51072 0.203125

2.50405 0.203125
2.51225 0.21875

-2.3125 -0.158599
-2.29688 -0.160368

-2.29688 -0.160378
-2.28125 -0.161674

-2.28125 -0.161609
-2.26562 -0.162545

1.4375 0.0930162
1.44132 0.09375

-2.26562 -0.162543
-2.25 -0.163251

2.51386 0.21875
2.51562 0.220835

2.51562 0.219843
2.52806 0.234375

1.4375 0.0944266
1.45312 0.0974264

1.45312 0.0967983
1.46875 0.0996721

2.52815 0.234375
2.53125 0.237974

2.53125 0.238037
2.54169 0.25

1.46875 0.0999098
1.48438 0.103259

-2.25 -0.163299
-2.23438 -0.163686

-2.23438 -0.163619
-2.21875 -0.163722

-2.21875 -0.163587
-2.20312 -0.163814

-2.20312 -0.163774
-2.1875 -0.164473

1.48438 0.103223
1.5 0.106644

-2.1875 -0.16454
-2.17188 -0.165658

2.625 0.0775559
2.62704 0.078125

2.62615 0.078125
2.64062 0.0870076

-2.17188 -0.165736
-2.15625 -0.166984

-2.15625 -0.167046
-2.14062 -0.168146

-2.14062 -0.168201
-2.125 -0.168917

2.64062 0.0848776
2.64657 0.09375

2.625 0.119144
2.64062 0.113346

2.64684 0.09375
2.64475 0.109375

2.64062 0.118107
2.64834 0.109375

-2.125 -0.168951
-2.10938 -0.169105

-2.10938 -0.169059
-2.09375 -0.168673

-2.09375 -0.168558
-2.07812 -0.167955

2.54129 0.25
2.54688 0.256083

2.54688 0.255945
2.55622 0.265625

2.55693 0.265625
2.5625 0.271073

-2.07812 -0.167881
-2.0625 -0.167436

-2.0625 -0.167401
-2.04688 -0.167332

-2.04688 -0.16732
-2.03125 -0.167718

2.53125 0.358327
2.52936 0.359375

2.52836 0.359375
2.51776 0.375

2.54688 0.35709
2.53169 0.359375

-2.03125 -0.167758
-2.01562 -0.168566

-2.01562 -0.168638
-2 -0.169631

2.53125 0.360903
2.53669 0.359375

2.54688 0.359717
2.5625 0.364373

2.5625 0.271596
2.5725 0.28125

2.57283 0.28125
2.57812 0.286237

2.57812 0.28697
2.58935 0.296875

2.5907 0.296875
2.59375 0.299443

2.59375 0.299496
2.60797 0.3125

2.60938 0.312278
2.6096 0.3125

2.5625 0.36381
2.57812 0.364387

2.59375 0.357751
2.58815 0.359375

2.57812 0.36287
2.58603 0.359375

2.61002 0.3125
2.62068 0.328125

2.62308 0.328125
2.6189 0.34375

2.60938 0.350473
2.59415 0.359375

2.60938 0.351496
2.61725 0.34375

2.51645 0.375
2.52822 0.390625

2.53125 0.386407
2.54688 0.390499

2.54688 0.389382
2.5625 0.385282

2.5625 0.385447
2.57812 0.383971

2.57812 0.382618
2.59375 0.385584

2.59375 0.384457
2.60938 0.387381

2.60938 0.387149
2.62352 0.390625

2.6237 0.390625
2.625 0.390944

2.625 0.391437
2.64062 0.395759

2.64062 0.396474
2.65625 0.398946

2.65625 0.398683
2.67188 0.398398

2.67188 0.398145
2.6875 0.396136

2.6875 0.395721
2.70312 0.393326

2.70312 0.3937
2.71875 0.391003

2.73438 0.386663
2.71959 0.390625

2.71875 0.392405
2.72539 0.390625

2.73438 0.387012
2.75 0.380944

2.99994 0.09375
2.98349 0.125

2.89062 0.246749
2.88872 0.25

2.89062 0.247149
2.89265 0.234375

2.92188 0.216132
2.91901 0.21875

2.9375 0.196874
2.93277 0.203125

2.92188 0.21371
2.93263 0.203125

2.90625 0.241754
2.90688 0.21875

2.95312 0.155639
2.95272 0.15625

2.95312 0.155319
2.96875 0.155387

2.95312 0.171191
2.95246 0.171875

2.95312 0.177909
2.93936 0.1875

2.95312 0.164913
2.96875 0.171833

2.95312 0.179973
2.96807 0.1875

3 0.128835
2.991 0.15625

3 0.177917
2.98526 0.1875

2.9375 0.191412
2.94911 0.1875

2.94113 0.21875
2.94694 0.25

2.96875 0.204185
3 0.189575

2.76562 0.371086
2.75893 0.375

2.78125 0.358583
2.78028 0.359375

2.76562 0.371849
2.78125 0.359591

2.8125 0.33482
2.80029 0.34375

2.78125 0.358771
2.79688 0.346184

2.79688 0.346165
2.80023 0.34375

2.84375 0.311768
2.84282 0.3125

2.875 0.273659
2.86906 0.28125

2.85938 0.29246
2.85635 0.296875

2.84375 0.311725
2.85938 0.297897

2.85938 0.293012
2.86894 0.28125

-2 -0.169685
-1.98438 -0.170609

-1.98438 -0.170621
-1.96875 -0.171346

-1.96875 -0.171328
-1.95312 -0.171867

-1.9375 -0.172271
-1.95237 -0.171875

-1.95312 -0.171838
-1.95172 -0.171875

-1.9375 -0.172265
-1.92188 -0.172597

-1.92188 -0.172583
-1.90625 -0.172867

-1.90625 -0.172855
-1.89062 -0.173145

-1.89062 -0.173157
-1.875 -0.173456

2.85938 0.309185
2.87086 0.296875

2.82812 0.323099
2.8215 0.328125

2.8125 0.335869
2.82281 0.328125

2.82812 0.32313
2.84152 0.3125

2.75 0.382363
2.76201 0.375

-1.875 -0.173465
-1.85938 -0.173731

-1.85938 -0.173693
-1.84375 -0.173985

2.88484 0.25
2.88201 0.265625

2.875 0.274183
2.89062 0.26958

-1.84375 -0.173963
-1.82812 -0.174399

-1.82812 -0.174443
-1.8125 -0.17498

-1.8125 -0.175029
-1.79688 -0.175483

-1.79688 -0.175479
-1.78125 -0.175763

-1.78125 -0.175743
-1.76562 -0.175907

-1.76562 -0.175892
-1.75 -0.176004

2.89062 0.258901
2.90625 0.255262

2.89062 0.281041
2.89097 0.28125

2.875 0.287415
2.89248 0.28125

2.9375 0.262742
2.9247 0.28125

-1.75 -0.176006
-1.73438 -0.176091

-1.73438 -0.17609
-1.71875 -0.176147

-1.71875 -0.176153
-1.70312 -0.176172

2.90625 0.282312
2.91131 0.28125

-1.70312 -0.176173
-1.6875 -0.176142

-1.6875 -0.17614
-1.67188 -0.176063

2.9375 0.277947
2.95547 0.25

-1.67188 -0.176055
-1.65625 -0.175953

-1.65625 -0.175945
-1.64062 -0.17585

3.00002 -0.25
3 -0.1875

3 -0.0947293
3.00168 -0.09375

3 -0.0893276
3.00735 -0.0625

3 -0.0552525
3.00565 -0.0625

3.0625 -0.00733639
3.04189 0

-1.64062 -0.175833
-1.625 -0.175794

3.125 -0.0047689
3.09899 0

3.25 -0.00393973
3.21294 0

-1.625 -0.175755
-1.60938 -0.175883

-1.60938 -0.17586
-1.59375 -0.176277

-1.59375 -0.176247
-1.57812 -0.177061

3.5 -0.00304987
3.41697 0

3.03125 0.0208931
3.02566 0.03125

-1.57812 -0.177071
-1.5625 -0.178323

-1.5 -0.189352
-1.51004 -0.1875

-1.5625 -0.17826
-1.54688 -0.180056

3.02838 0.03125
3.02436 0.0625

3.03125 0.0156083
3.05105 0

3.0299 0.0625
3.02456 0.09375

-1.54688 -0.180024
-1.53125 -0.18255

-1.53125 -0.182575
-1.51562 -0.185847

-1.51562 -0.186267
-1.50894 -0.1875

3.02671 0.09375
3.02124 0.125

3.0625 0.0136862
3.09664 0

3 0.174207
3.02968 0.125

3 0.1932
3.0056 0.1875

3.125 0.00883788
3.19288 0

3.25 0.00368307
3.34771 0

4 -0.00426962
3.6029 0

-1.5 -0.190426
-1.48438 -0.18952

-1.48438 -0.190699
-1.47863 -0.1875

-1.47892 -0.1875
-1.46875 -0.181142

-1.46875 -0.175663
-1.46301 -0.171875

-1.46337 -0.171875
-1.45312 -0.165381

-1.45312 -0.167217
-1.4375 -0.164029

-1.4375 -0.16522
-1.42188 -0.16291

-1.42188 -0.162233
-1.40625 -0.160517

-1.41661 -0.15625
-1.40625 -0.155125

-1.40625 -0.160545
-1.39062 -0.160802

-1.39062 -0.160835
-1.375 -0.1622

-1.375 -0.162935
-1.35938 -0.163874

-1.35938 -0.163734
-1.34375 -0.163058

-1.34375 -0.162658
-1.32812 -0.161446

-1.32812 -0.161302
-1.3125 -0.160641

-1.3125 -0.160728
-1.29688 -0.160732

-1.29688 -0.160806
-1.28125 -0.161153

-1.28125 -0.161207
-1.26562 -0.161641

-1.26562 -0.161651
-1.25 -0.162042

-1.25 -0.162059
-1.23438 -0.162352

-1.23438 -0.162379
-1.21875 -0.162486

-1.21875 -0.162483
-1.20312 -0.162354

-1.20312 -0.162347
-1.1875 -0.162004

-1.1875 -0.16197
-1.17188 -0.161495

-1.17188 -0.161476
-1.15625 -0.160973

-1.15625 -0.160954
-1.14062 -0.1605

-1.14062 -0.160506
-1.125 -0.160129

-1.125 -0.160138
-1.10938 -0.15981

-1.10938 -0.15983
-1.09375 -0.15949

-1.09375 -0.159506
-1.07812 -0.159082

-1.07812 -0.159103
-1.0625 -0.158518

-1.0625 -0.158507
-1.04688 -0.157742

-1.04688 -0.157745
-1.03125 -0.156815

-1.03125 -0.156766
-1.0249 -0.15625

-1.0215 -0.15625
-1.01562 -0.155773

-1.01562 -0.155492
-1 -0.153989

