-4 -0.00389484
-3.67039 0

-3.57802 0
-3.5 0.000921966

-3.5 -0.0025016
-3.43668 0

-3.25 -0.00362486
-3.22038 0

-3.125 -0.00509983
-3.10354 0

-3 -0.0943172
-3.00065 -0.09375

-3 -0.0662558
-3.00131 -0.0625

-3.0625 -0.000308444
-3.0616 0

-3.00126 -0.0625
-3 -0.0594149

-3.3994 0
-3.25 0.00595474

-3.21202 0
-3.125 0.0113195

-3.10207 0
-3.0625 0.0177782

-3.0625 0.00172242
-3.03125 0.026061

-3.03582 0.03125
-3.03125 0.0413564

-3.03125 0.0196502
-3.02512 0.03125

-3.03125 0.0417635
-3.02544 0.0625

-3.03212 0.0625
-3.03125 0.0770483

-3.03539 0.09375
-3.03125 0.107504

-3.03125 0.063612
-3.02098 0.09375

-3.03125 0.104491
-3.01344 0.125

-3.0218 0.125
-3 0.147026

-3.00073 0.1875
-3 0.188302

-3 -0.0800568
-2.98438 -0.0786166

-3 -0.0742027
-2.99325 -0.078125

-3 -0.0525736
-2.99573 -0.046875

-3 -0.0453475
-2.98438 -0.0462804

-2.98438 -0.0502728
-2.98416 -0.046875

-2.98438 0.0447934
-2.98646 0.046875

-3 0.10977
-2.96875 0.104997

-2.96875 0.102163
-2.95312 0.108075

-2.9546 0.109375
-2.95312 0.109898

1.5 -0.137476
1.51562 -0.137092

1.51562 -0.137108
1.53125 -0.136754

1.53125 -0.136787
1.54688 -0.136366

1.54688 -0.136412
1.5625 -0.135764

1.5625 -0.135803
1.57812 -0.134758

1.57812 -0.134743
1.59375 -0.133253

1.59375 -0.133158
1.60938 -0.131443

1.60938 -0.131321
1.625 -0.129816

1.625 -0.129779
1.64062 -0.128803

0 -0.0696149
0.015625 -0.0722047

-2.95312 0.108497
-2.95205 0.109375

0.015625 -0.0721045
0.03125 -0.0746948

1.64062 -0.128866
1.65625 -0.128367

-2.95312 0.112384
-2.9375 0.123704

1.65625 -0.128441
1.67188 -0.128147

1.67188 -0.12818
1.6875 -0.127874

1.6875 -0.127883
1.70312 -0.127483

1.70312 -0.127492
1.71875 -0.126961

1.71875 -0.126981
1.73438 -0.126258

1.73438 -0.126284
1.75 -0.125277

1.75 -0.125276
1.75324 -0.125

1.82812 -0.125238
1.82702 -0.125

1.82812 -0.12537
1.84375 -0.130728

1.84375 -0.131346
1.85938 -0.136394

1.85938 -0.136762
1.875 -0.139514

1.75318 -0.125
1.76562 -0.12394

1.76562 -0.123842
1.78125 -0.122393

1.78125 -0.122159
1.79688 -0.121258

1.79688 -0.120955
1.8125 -0.121678

1.8125 -0.121465
1.82812 -0.124828

1.82812 -0.124748
1.82886 -0.125

1.875 -0.13941
1.89062 -0.139338

1.89062 -0.139096
1.90625 -0.136896

1.90625 -0.136659
1.92188 -0.133289

1.92188 -0.133122
1.9375 -0.129385

1.9375 -0.129332
1.95312 -0.125668

-1 0.0637638
-0.984375 0.0652384

-0.984375 0.0651581
-0.96875 0.0676935

-0.96875 0.0677374
-0.953125 0.0714067

-0.953125 0.0716737
-0.9375 0.0758552

-0.9375 0.0760991
-0.928651 0.078125

-2.9375 0.124908
-2.9372 0.125

-3 0.144539
-2.96875 0.126488

-3 0.176285
-2.96981 0.1875

-2.95312 0.139335
-2.95501 0.140625

-2.96875 0.14775
-2.95312 0.15621

-2.94364 0.125
-2.9375 0.129991

-2.95081 0.140625
-2.94752 0.15625

-2.96419 0.15625
-2.9589 0.171875

-2.96875 0.186752
-2.9592 0.171875

1.95312 -0.125635
1.95603 -0.125

-2.95312 0.161632
-2.95189 0.15625

-2.95312 0.184972
-2.95036 0.171875

1.956 -0.125
1.96875 -0.122217

1.96875 -0.122296
1.98438 -0.119058

1.98438 -0.119075
2 -0.115819

-0.929113 0.078125
-0.921875 0.0797819

-0.921875 0.0798091
-0.90625 0.082028

-0.90625 0.082098
-0.890625 0.0826477

-0.890625 0.0826972
-0.875 0.0813387

-2.98825 0.1875
-2.96875 0.191944

-0.859375 0.0774047
-0.862661 0.078125

0.03125 -0.0746238
0.046875 -0.077557

-2.94289 0.1875
-2.9375 0.1983

-2.9396 0.21875
-2.94333 0.25

-2.9375 0.126615
-2.92188 0.12911

0.0625 -0.0809081
0.0492139 -0.078125

-0.875 0.0814421
-0.859866 0.078125

0.046875 -0.0775997
0.0493824 -0.078125

-2.92188 0.127807
-2.90625 0.128138

0.0625 -0.0808684
0.078125 -0.0844048

-0.859375 0.0773105
-0.84375 0.0730265

-0.859375 0.0781443
-0.859305 0.078125

-0.84375 0.0730691
-0.828125 0.0691064

-0.828125 0.0692388
-0.8125 0.0652477

0.078125 -0.0844706
0.09375 -0.0882074

0.125 -0.0950807
0.117922 -0.09375

0.09375 -0.0883105
0.109375 -0.0919098

0.109375 -0.0920127
0.118615 -0.09375

-0.796875 0.060305
-0.804687 0.0625

0.125 -0.0949472
0.140625 -0.0970241

0.140625 -0.0969901
0.15625 -0.0983927

-0.796875 0.0604875
-0.78125 0.0564366

-0.78125 0.0567831
-0.765625 0.0532241

-0.765625 0.0533886
-0.75 0.0492992

-0.8125 0.0656835
-0.801171 0.0625

-0.734375 0.0440356
-0.744037 0.046875

-0.75 0.0496323
-0.740617 0.046875

-0.734375 0.0442479
-0.71875 0.0400731

-0.71875 0.0401246
-0.703125 0.0368263

-0.703125 0.0369167
-0.6875 0.0342112

-0.65625 0.0299596
-0.667793 0.03125

-0.6875 0.0342437
-0.671875 0.0318852

-0.671875 0.0317568
-0.667342 0.03125

-0.65625 0.0300181
-0.640625 0.029124

-0.640625 0.0291559
-0.625 0.0289615

-0.625 0.0290142
-0.609375 0.0293501

-0.609375 0.0293918
-0.59375 0.0300693

-0.59375 0.0301483
-0.578125 0.030926

-0.578125 0.0310467
-0.571391 0.03125

-0.571593 0.03125
-0.5625 0.0315245

-0.53125 0.02959
-0.54569 0.03125

-0.5625 0.0316797
-0.546875 0.0312812

-0.546875 0.0313996
-0.545574 0.03125

-0.53125 0.0295049
-0.515625 0.0262708

-0.515625 0.0260041
-0.5 0.0220379

-0.359375 -0.0039239
-0.372302 0

-0.359375 -0.00400824
-0.34375 -0.00902113

-0.34375 -0.0090178
-0.328125 -0.0141453

-0.3125 -0.0193956
-0.32371 -0.015625

-0.328125 -0.0141464
-0.323729 -0.015625

-0.3125 -0.0194569
-0.296875 -0.0247283

-0.296875 -0.0247197
-0.28125 -0.0299052

-0.265625 -0.034955
-0.277282 -0.03125

-0.265625 -0.0350015
-0.25 -0.0394877

-0.28125 -0.029956
-0.277179 -0.03125

-0.25 -0.039483
-0.234375 -0.0433888

-0.234375 -0.0434016
-0.21875 -0.0467109

-0.203125 -0.049387
-0.217854 -0.046875

0.15625 -0.0983939
0.171875 -0.0991877

0.171875 -0.0991721
0.1875 -0.0993862

-0.21875 -0.0467224
-0.217855 -0.046875

0.1875 -0.0993435
0.203125 -0.0990945

-2.90625 0.128145
-2.89062 0.128901

0.203125 -0.0990412
0.21875 -0.0985213

0.21875 -0.0984759
0.234375 -0.0978824

0.234375 -0.0978615
0.25 -0.097327

-2.89062 0.129066
-2.875 0.129902

-2.9375 0.201378
-2.92687 0.203125

-2.9375 0.203137
-2.92188 0.203499

0.25 -0.0973354
0.265625 -0.0968849

0.265625 -0.0969102
0.28125 -0.0964762

0.28125 -0.0964966
0.296875 -0.0959878

0.296875 -0.095983
0.3125 -0.0953682

0.3125 -0.0953286
0.328125 -0.0946965

0.328125 -0.0946285
0.34375 -0.0941941

0.34375 -0.0941213
0.359375 -0.094166

0.359375 -0.0941264
0.375 -0.094875

-2.92786 0.21875
-2.90625 0.23714

-2.90625 0.247986
-2.90586 0.25

-2.79688 0.124452
-2.80012 0.125

-2.79688 0.124737
-2.78125 0.123608

-2.78125 0.12401
-2.76562 0.124858

-2.76562 0.124944
-2.76509 0.125

-2.875 0.130016
-2.85938 0.130375

-2.85938 0.130228
-2.84375 0.130175

-2.84375 0.130275
-2.82812 0.129904

-2.82812 0.130309
-2.8125 0.128609

0.375 -0.0948986
0.390625 -0.0963831

0.390625 -0.0964656
0.40625 -0.0984735

0.40625 -0.0985688
0.421875 -0.100745

0.421875 -0.100803
0.4375 -0.10284

0.4375 -0.10284
0.453125 -0.104619

0.453125 -0.104576
0.46875 -0.106184

-2.8125 0.128066
-2.79688 0.125429

-2.79688 0.125173
-2.79447 0.125

-2.76562 0.125073
-2.75 0.126694

0.46875 -0.106119
0.484375 -0.107775

0.5 -0.109758
0.497027 -0.109375

-2.95168 0.25
-2.9375 0.268848

-2.9375 0.262579
-2.90625 0.258862

-2.90625 0.256334
-2.90429 0.25

0.484375 -0.107671
0.497604 -0.109375

2 -0.115793
2.01562 -0.112534

2.01562 -0.112425
2.03125 -0.109432

-0.203125 -0.04937
-0.1875 -0.0514014

2.03113 -0.109375
2.03125 -0.109353

2.03125 -0.109352
2.04688 -0.107004

-0.1875 -0.0513746
-0.171875 -0.0528604

-0.171875 -0.0528474
-0.15625 -0.0538673

-0.15625 -0.0538589
-0.140625 -0.0544556

-0.140625 -0.0544402
-0.125 -0.0546614

-2.90625 0.278476
-2.89236 0.265625

2.04688 -0.107034
2.0625 -0.10543

-0.125 -0.0546142
-0.109375 -0.0545851

-2.75 0.126732
-2.73438 0.12862

-2.73438 0.128684
-2.71875 0.130636

2.0625 -0.105448
2.07812 -0.104493

-0.109375 -0.0544826
-0.09375 -0.0545025

2.07812 -0.104564
2.09375 -0.104081

0.578125 -0.127963
0.570079 -0.125

-2.71875 0.130681
-2.70312 0.132479

0.578125 -0.127779
0.59375 -0.132859

-0.09375 -0.0543571
-0.078125 -0.0549217

2.09375 -0.104175
2.10938 -0.103831

-0.078125 -0.054809
-0.0625 -0.0564348

-2.70312 0.13245
-2.6875 0.134061

-0.03125 -0.0633638
-0.0350002 -0.0625

-2.6875 0.133915
-2.67188 0.135692

2.10938 -0.103885
2.125 -0.103386

0.59375 -0.132365
0.609375 -0.135939

-2.67188 0.135545
-2.65625 0.138076

0.609375 -0.136014
0.625 -0.138918

0.5 -0.109832
0.515625 -0.11211

-2.65625 0.13818
-2.64495 0.140625

-2.64486 0.140625
-2.64062 0.141542

-0.03125 -0.063374
-0.015625 -0.066804

-0.015625 -0.0667647
0 -0.0696751

-0.0625 -0.0564565
-0.046875 -0.0593255

-0.046875 -0.059508
-0.0338852 -0.0625

-0.5 0.0218262
-0.484375 0.0180845

-0.46875 0.0149713
-0.472161 0.015625

-0.484375 0.0180524
-0.471709 0.015625

-0.46875 0.0150794
-0.453125 0.0128539

-0.453125 0.0129207
-0.4375 0.0112524

-0.4375 0.0113982
-0.421875 0.00986219

-0.421875 0.0100303
-0.40625 0.00799897

-0.40625 0.00807846
-0.390625 0.00505657

-0.390625 0.00500168
-0.375 0.000940044

-0.375 0.000799856
-0.372365 0

0.515625 -0.112089
0.53125 -0.114402

0.53125 -0.114205
0.546875 -0.116988

0.546875 -0.116713
0.5625 -0.12091

0.5625 -0.120485
0.574762 -0.125

0.640625 -0.141027
0.637518 -0.140625

0.625 -0.138937
0.638032 -0.140625

0.640625 -0.141014
0.65625 -0.142013

2.125 -0.103355
2.14062 -0.102655

0.65625 -0.141945
0.671875 -0.141973

-2.64062 0.141571
-2.625 0.145567

-2.625 0.145628
-2.60938 0.150086

-2.60938 0.15029
-2.59375 0.154682

-2.59375 0.155025
-2.58806 0.15625

-2.58756 0.15625
-2.57812 0.158281

-2.57812 0.158242
-2.5625 0.160187

2.14062 -0.102555
2.15625 -0.101917

-2.5625 0.160161
-2.54688 0.160898

0.671875 -0.141905
0.6875 -0.141231

-2.54688 0.160714
-2.53125 0.160662

0.6875 -0.141193
0.695146 -0.140625

0.695103 -0.140625
0.703125 -0.140029

0.703125 -0.139956
0.71875 -0.138535

0.71875 -0.138479
0.734375 -0.137057

0.734375 -0.137021
0.75 -0.135785

-2.53125 0.16038
-2.51562 0.16047

-2.51562 0.160268
-2.5 0.161468

0.75 -0.135758
0.765625 -0.134833

-2.67188 0.390843
-2.67166 0.390625

2.15625 -0.101833
2.17188 -0.101623

0.765625 -0.134814
0.78125 -0.134295

0.78125 -0.134289
0.796875 -0.134224

0.796875 -0.134235
0.8125 -0.134617

2.17188 -0.101637
2.1875 -0.101992

2.1875 -0.102091
2.20312 -0.102787

0.8125 -0.134641
0.828125 -0.135399

0.828125 -0.135432
0.84375 -0.136451

0.84375 -0.136484
0.859375 -0.137631

2.20312 -0.102874
2.21875 -0.103537

-2.5 0.16142
-2.48438 0.164233

-2.48438 0.16435
-2.46875 0.168639

2.21875 -0.103524
2.23438 -0.104005

2.23438 -0.10389
2.25 -0.104444

-2.46875 0.169117
-2.45947 0.171875

-2.45918 0.171875
-2.45312 0.173675

-2.45312 0.173711
-2.4375 0.177854

0.859375 -0.137656
0.875 -0.138812

-2.4375 0.17799
-2.42188 0.181388

-2.42188 0.181401
-2.40625 0.183756

2.25 -0.104326
2.26562 -0.105419

2.26562 -0.105434
2.28125 -0.107269

-2.40625 0.183705
-2.39062 0.185094

-2.39062 0.18504
-2.375 0.185674

0.875 -0.138827
0.890625 -0.139913

-2.375 0.18564
-2.35938 0.185694

-2.35938 0.185681
-2.34375 0.185247

0.90625 -0.140895
0.901922 -0.140625

2.29688 -0.109638
2.29498 -0.109375

-2.34375 0.185241
-2.32812 0.184357

-2.32812 0.184345
-2.3125 0.183049

0.890625 -0.139919
0.901958 -0.140625

-2.3125 0.183028
-2.29688 0.181386

2.28125 -0.107453
2.29504 -0.109375

0.90625 -0.140895
0.921875 -0.141737

-2.29688 0.181366
-2.28125 0.17946

2.29688 -0.109693
2.3125 -0.111718

0.921875 -0.141737
0.9375 -0.142444

0.9375 -0.142442
0.953125 -0.143019

2.3125 -0.11167
2.32812 -0.113514

2.32812 -0.113445
2.34375 -0.115344

0.953125 -0.143016
0.96875 -0.143474

0.96875 -0.143469
0.984375 -0.143825

-2.28125 0.179454
-2.26562 0.177337

-2.26562 0.177355
-2.25 0.175004

2.34375 -0.115331
2.35938 -0.11745

2.35938 -0.117525
2.375 -0.11974

-2.25 0.174994
-2.23438 0.172394

-2.21875 0.16966
-2.23199 0.171875

0.984375 -0.143821
1 -0.144095

-2.23438 0.172347
-2.23155 0.171875

-2.21875 0.169732
-2.20312 0.167202

-2.20312 0.16721
-2.1875 0.164627

-2.1875 0.164618
-2.17188 0.161986

-2.17188 0.161981
-2.15625 0.159328

2.45312 -0.125843
2.43984 -0.125

2.45312 -0.125793
2.46875 -0.127235

-2.125 0.155329
-2.13751 0.15625

-2.15625 0.159176
-2.14062 0.156817

-2.14062 0.156606
-2.13579 0.15625

-2.125 0.155479
-2.10938 0.155912

2.46875 -0.127262
2.48438 -0.129217

2.48438 -0.12927
2.5 -0.131578

-2.10938 0.156118
-2.1074 0.15625

-2.10938 0.156289
-2.09375 0.157332

-2.0625 0.155707
-2.06728 0.15625

-2.09375 0.157764
-2.07812 0.1578

1 -0.144092
1.01562 -0.144298

1.01562 -0.144298
1.03125 -0.144443

2.375 -0.11984
2.39062 -0.121801

-2.07812 0.157795
-2.06453 0.15625

-2.0625 0.155415
-2.04688 0.153048

1.03125 -0.144444
1.04688 -0.144529

2.39062 -0.121832
2.40625 -0.123274

-2.04688 0.153077
-2.03125 0.151132

-2.03125 0.150991
-2.01562 0.149692

1.04688 -0.144528
1.0625 -0.144553

2.40625 -0.12321
2.42188 -0.1242

-2.01562 0.14936
-2 0.149651

2.42188 -0.124119
2.4375 -0.124944

1.0625 -0.14455
1.07812 -0.144523

2.4375 -0.12493
2.4386 -0.125

1.07812 -0.144516
1.09375 -0.144457

1.09375 -0.144449
1.10938 -0.144388

1.10938 -0.144379
1.125 -0.144353

1.125 -0.144344
1.14062 -0.144389

1.14062 -0.144382
1.15625 -0.144528

1.15625 -0.144521
1.17188 -0.144797

1.17188 -0.144788
1.1875 -0.145227

1.1875 -0.14522
1.20312 -0.145852

1.20312 -0.145862
1.21875 -0.146683

1.21875 -0.14673
1.23438 -0.147625

1.23438 -0.147714
1.25 -0.148411

1.25 -0.148509
1.26562 -0.148636

1.26562 -0.148692
1.28125 -0.147939

1.28125 -0.147918
1.29688 -0.146216

1.29688 -0.146124
1.3125 -0.1437

1.3125 -0.14356
1.32812 -0.14088

1.32812 -0.140734
1.32885 -0.140625

1.32883 -0.140625
1.34375 -0.138371

1.34375 -0.138238
1.35938 -0.13676

1.35938 -0.136771
1.375 -0.136421

1.375 -0.13654
1.39062 -0.137057

1.39062 -0.137211
1.40625 -0.138047

1.40625 -0.138146
1.42188 -0.138795

1.42188 -0.138811
1.4375 -0.139043

2.5 -0.131621
2.51562 -0.134088

2.51562 -0.134119
2.53125 -0.136597

1.4375 -0.13901
1.45312 -0.138858

1.45312 -0.138814
1.46875 -0.138431

1.46875 -0.138398
1.48438 -0.137936

2.53125 -0.13663
2.54688 -0.138994

2.5625 -0.141145
2.55875 -0.140625

1.48438 -0.137919
1.5 -0.137478

2.54688 -0.139012
2.55851 -0.140625

-2 0.149876
-1.98438 0.151972

2.5625 -0.1411
2.57812 -0.143188

2.57812 -0.143191
2.59375 -0.145332

-1.98438 0.152398
-1.96875 0.155

-1.96875 0.15523
-1.95985 0.15625

-1.95992 0.15625
-1.95312 0.157029

-1.95312 0.157067
-1.9375 0.157496

-1.90625 0.154477
-1.91982 0.15625

-1.9375 0.157434
-1.92188 0.156541

-1.92188 0.156507
-1.91991 0.15625

-1.90625 0.154441
-1.89062 0.151367

-1.89062 0.151399
-1.875 0.147299

2.59375 -0.145353
2.60938 -0.147501

2.60938 -0.147493
2.625 -0.149623

-1.8125 0.121299
-1.82033 0.125

-1.8125 0.121706
-1.79688 0.11439

-1.78125 0.107191
-1.78669 0.109375

-1.79688 0.11467
-1.78368 0.109375

2.625 -0.149621
2.64062 -0.151754

2.64062 -0.151757
2.65625 -0.153892

-1.78125 0.107221
-1.76562 0.103794

-1.76562 0.103926
-1.75 0.104827

-1.875 0.147391
-1.85938 0.14202

2.6875 -0.158063
2.67384 -0.15625

2.65625 -0.153909
2.67188 -0.156009

-1.84375 0.135553
-1.85708 0.140625

-1.85938 0.141938
-1.85593 0.140625

-1.84375 0.135998
-1.82812 0.129625

2.67188 -0.155983
2.67388 -0.15625

2.6875 -0.158067
2.70312 -0.160147

2.70312 -0.160176
2.71875 -0.162196

2.71875 -0.162233
2.73438 -0.164062

-1.82812 0.13014
-1.81724 0.125

2.73438 -0.164063
2.75 -0.165627

-1.75 0.105351
-1.73438 0.109268

-1.73438 0.109291
-1.73413 0.109375

-1.73438 0.109499
-1.71875 0.114922

-1.71875 0.114609
-1.70312 0.121703

-1.70312 0.122002
-1.69737 0.125

2.90625 -0.281283
2.90597 -0.28125

2.90625 -0.266999
2.90422 -0.265625

-1.69832 0.125
-1.6875 0.130634

-1.6875 0.132095
-1.67188 0.136769

-1.67188 0.136141
-1.65625 0.135348

-1.65625 0.134814
-1.64062 0.130878

-1.64062 0.130258
-1.625 0.125486

-1.60938 0.109325
-1.60942 0.109375

2.90328 -0.265625
2.90625 -0.265059

2.90625 -0.281319
2.90636 -0.28125

2.90625 -0.259951
2.90631 -0.28125

-1.60938 0.118805
-1.62033 0.125

-1.59375 0.100844
-1.60234 0.109375

-1.60938 0.118938
-1.59902 0.109375

2.75 -0.165628
2.76562 -0.166919

2.76562 -0.166874
2.78125 -0.167978

-1.57812 0.0887954
-1.58574 0.09375

-1.57812 0.0896426
-1.5625 0.0837655

-1.59375 0.101158
-1.5839 0.09375

-1.5625 0.0844461
-1.54688 0.0818023

-1.54688 0.0821023
-1.53125 0.0807307

-1.53125 0.0809549
-1.51562 0.0798073

-1.51562 0.0797807
-1.5 0.0784618

-1.625 0.127695
-1.61951 0.125

2.78125 -0.167953
2.79688 -0.169011

2.79688 -0.168982
2.8125 -0.170102

2.8125 -0.170143
2.82812 -0.171298

2.84375 -0.172402
2.83634 -0.171875

2.82812 -0.171305
2.83613 -0.171875

-1.48438 0.0771972
-1.49769 0.078125

-1.5 0.0782979
-1.49752 0.078125

-1.48438 0.077358
-1.46875 0.0765289

2.84375 -0.172422
2.85938 -0.173468

2.85938 -0.173571
2.875 -0.174318

-1.46875 0.0768652
-1.45312 0.0753053

-1.45312 0.0748852
-1.4375 0.0727623

-1.4375 0.0726005
-1.42188 0.0710783

-1.42188 0.0713788
-1.40625 0.0701799

-1.40625 0.0702323
-1.39062 0.0686509

-1.39062 0.0684583
-1.375 0.0667749

2.875 -0.174551
2.89062 -0.174329

-1.32812 0.0620099
-1.33164 0.0625

-1.32812 0.0619175
-1.3125 0.059205

-1.375 0.066749
-1.35938 0.065401

-1.35938 0.0656542
-1.34375 0.0641871

-1.34375 0.0642419
-1.33126 0.0625

2.89062 -0.174468
2.90625 -0.172536

2.90625 -0.172705
2.90928 -0.171875

-1.3125 0.0592102
-1.29688 0.0562217

-1.29688 0.0562343
-1.28125 0.0529341

-1.28125 0.0526152
-1.26562 0.0496161

-1.26562 0.0493019
-1.25 0.0478702

2.90932 -0.171875
2.92188 -0.168441

2.92188 -0.16917
2.9375 -0.160738

2.9375 -0.160378
2.94266 -0.15625

2.94266 -0.15625
2.95312 -0.146635

2.95312 -0.144214
2.95634 -0.140625

2.95826 -0.140625
2.96875 -0.126744

-1.25 0.0478462
-1.23438 0.0486582

-1.23438 0.0488236
-1.21875 0.0515964

-1.21875 0.0520309
-1.20312 0.0555649

2.96875 -0.125246
2.96892 -0.125

-1.20312 0.0557734
-1.1875 0.0587824

2.97011 -0.125
2.98522 -0.09375

2.98438 -0.0778513
2.98138 -0.0625

2.98919 -0.09375
2.99086 -0.078125

-1.1875 0.0584089
-1.17188 0.0612225

-1.17188 0.0610494
-1.16566 0.0625

-1.16589 0.0625
-1.15625 0.064749

-1.15625 0.0650172
-1.14062 0.069196

-1.14062 0.0696868
-1.125 0.0728386

2.98781 -0.078125
2.9847 -0.0625

-1.125 0.0730772
-1.10938 0.0737431

-1.10938 0.0735237
-1.09375 0.0716653

-1.09375 0.0711789
-1.07812 0.0682075

2.98405 -0.0625
2.98379 -0.046875

2.98414 -0.046875
2.98438 -0.0327474

2.9843 -0.03125
2.98438 -0.0304748

2.98438 -0.0205173
2.98484 -0.015625

2.98561 -0.015625
2.98891 0

-1.07812 0.0679354
-1.0625 0.0653683

-1.0625 0.0653579
-1.04688 0.0637603

-1.04688 0.0638127
-1.03125 0.0631007

-1.03125 0.0631301
-1.01562 0.06314

-1.01562 0.0631351
-1 0.0638181

2.98438 0.0234908
2.98274 0.03125

2.99071 0
2.99136 0.015625

2.99032 0.015625
2.98702 0.03125

2.98425 0.03125
2.98218 0.046875

2.98403 0.046875
2.9842 0.0625

2.98674 0.03125
2.98447 0.046875

2.98438 0.0489003
2.98443 0.046875

2.9841 0.0625
2.98423 0.078125

2.98421 0.078125
2.98438 0.0799815

2.98438 0.0923059
2.9845 0.09375

2.98483 0.09375
2.993 0.125

2.9375 0.218691
2.93737 0.21875

2.93436 0.21875
2.91529 0.25

2.96875 0.156925
2.96129 0.171875

2.96211 0.171875
2.96649 0.1875

2.99381 0.125
2.98913 0.15625

2.96875 0.179837
2.98758 0.1875

2.96875 0.202642
2.9585 0.21875

2.94642 0.21875
2.96875 0.247601

2.96875 0.203506
2.99121 0.1875

2.96875 0.235178
2.96944 0.25

2.90843 0.25
2.9375 0.277321

2.9375 0.269504
2.97458 0.25

3.0625 -0.00609505
3.04537 0

3.125 -0.00538257
3.09708 0

3.25 -0.00412517
3.21458 0

3.5 -0.00314373
3.42 0

3.03125 0.0267652
3.01024 0.03125

3.02665 0.03125
3.02291 0.0625

3.03125 0.0169678
3.05381 0

3.02449 0.0625
3.02947 0.09375

3.03125 0.11776
3.02694 0.125

3.03125 0.0858384
3.03222 0.09375

3.03125 0.120415
3.0352 0.09375

3.0625 0.0142404
3.09554 0

3 0.162075
3.03085 0.125

3 0.192656
3.00306 0.1875

3.125 0.00960624
3.19614 0

3.25 0.00419873
3.35656 0

4 -0.00514185
3.56612 0

