-4 -0.00114741
-3.83355 0

-3.70323 0
-3.5 0.0014009

-3.5 -0.000758204
-3.46824 0

-3.25 -0.000838739
-3.23845 0

-3.125 -0.00112126
-3.11894 0

-3.42809 0
-3.25 0.00425792

-3.2324 0
-3.125 0.0080827

-3.11855 0
-3.0625 0.0134988

-3.0625 0.00315124
-3.03125 0.0210784

-3.03125 0.0296391
-3 0.028987

-3.03125 0.0329256
-3 0.0621282

-3.01856 0.0625
-3.008 0.09375

-3 0.106887
-3.00238 0.125

-3.00848 0.125
-3 0.144468

1.5 0.14833
1.51562 0.149617

1.51562 0.14962
1.53125 0.150857

-1 -0.142206
-0.984375 -0.141921

-0.984375 -0.141922
-0.96875 -0.141665

-0.96875 -0.141666
-0.953125 -0.141435

-0.953125 -0.141436
-0.9375 -0.141227

-2.96875 -0.125112
-2.96883 -0.125

1.53125 0.150852
1.54688 0.15204

-0.9375 -0.141229
-0.921875 -0.141038

-0.921875 -0.141039
-0.90625 -0.14086

-0.90625 -0.140861
-0.890625 -0.140689

1.54688 0.152029
1.5625 0.1532

0 -0.0951887
0.01201 -0.09375

-0.890625 -0.14069
-0.884636 -0.140625

0.0114669 -0.09375
0.015625 -0.0932519

-2.95312 -0.141616
-2.9541 -0.140625

1.5625 0.153186
1.57812 0.15439

0.015625 -0.0933182
0.03125 -0.091509

-0.884659 -0.140625
-0.875 -0.14052

-2.9547 -0.140625
-2.96831 -0.125

-0.875 -0.140521
-0.859375 -0.140347

1.57812 0.154376
1.59375 0.155667

-2.95312 -0.1427
-2.9375 -0.155768

1.59375 0.15564
1.60038 0.15625

0.03125 -0.0915354
0.046875 -0.0897011

0.046875 -0.0897021
0.0625 -0.0877879

1.60017 0.15625
1.60938 0.157096

-0.859375 -0.140348
-0.84375 -0.140167

0.0625 -0.087789
0.078125 -0.0857905

-2.92188 -0.16369
-2.93578 -0.15625

0.078125 -0.0857931
0.09375 -0.0837029

0.09375 -0.0837042
0.109375 -0.0815145

0.109375 -0.0815032
0.125 -0.0792339

1.60938 0.157116
1.625 0.158673

0.125 -0.0792008
0.132638 -0.078125

-0.84375 -0.140168
-0.828125 -0.139975

-0.828125 -0.139976
-0.8125 -0.13977

1.625 0.158691
1.64062 0.160276

0.132238 -0.078125
0.140625 -0.0769437

0.140625 -0.0770236
0.15625 -0.0749097

1.64062 0.160293
1.65625 0.161833

-0.8125 -0.13977
-0.796875 -0.139548

1.65625 0.161841
1.67188 0.163285

1.67188 0.163282
1.6875 0.164617

-2.92188 -0.163237
-2.90625 -0.168674

-0.796875 -0.139548
-0.78125 -0.139309

-2.9375 -0.15576
-2.93658 -0.15625

-2.89062 -0.172659
-2.89339 -0.171875

-2.90625 -0.168201
-2.89329 -0.171875

-2.89062 -0.172844
-2.875 -0.176782

-2.96942 -0.125
-2.98517 -0.09375

-2.98641 -0.09375
-2.98761 -0.078125

-2.98438 -0.0928572
-2.9843 -0.09375

-2.98433 -0.078125
-2.98291 -0.0625

-2.98401 -0.0625
-2.98431 -0.046875

-2.98416 -0.046875
-2.9843 -0.03125

-2.98438 -0.0199022
-2.98477 -0.015625

-2.98559 -0.015625
-2.98867 0

-2.98438 -0.0302887
-2.98429 -0.03125

-2.875 -0.176721
-2.85938 -0.179871

-2.85938 -0.179931
-2.84375 -0.182294

-2.84375 -0.182287
-2.82812 -0.183753

-2.82812 -0.183773
-2.8125 -0.184316

-0.78125 -0.139309
-0.765625 -0.139051

-0.765625 -0.139051
-0.75 -0.138774

-0.75 -0.138774
-0.734375 -0.138479

-0.734375 -0.138479
-0.71875 -0.138166

-0.71875 -0.138166
-0.703125 -0.137835

-0.703125 -0.137835
-0.6875 -0.137487

-0.6875 -0.137487
-0.671875 -0.137121

-0.671875 -0.137121
-0.65625 -0.136738

-0.65625 -0.136738
-0.640625 -0.136338

-0.640625 -0.136338
-0.625 -0.13592

-0.625 -0.13592
-0.609375 -0.135484

-0.609375 -0.135484
-0.59375 -0.135029

-0.59375 -0.135029
-0.578125 -0.134556

-0.578125 -0.134556
-0.5625 -0.134063

-0.5625 -0.134063
-0.546875 -0.133551

-0.546875 -0.133551
-0.53125 -0.133019

-0.53125 -0.133019
-0.515625 -0.132468

-0.515625 -0.132468
-0.5 -0.131897

-0.5 -0.131897
-0.484375 -0.131304

-0.484375 -0.131304
-0.46875 -0.130689

-0.46875 -0.130689
-0.453125 -0.130049

-0.453125 -0.13005
-0.4375 -0.129382

-0.4375 -0.129383
-0.421875 -0.128686

-0.421875 -0.128687
-0.40625 -0.127957

-0.40625 -0.127958
-0.390625 -0.127192

-0.390625 -0.127192
-0.375 -0.126388

-0.375 -0.126387
-0.359375 -0.125543

-0.359375 -0.125539
-0.349619 -0.125

-0.349876 -0.125
-0.34375 -0.124661

-0.34375 -0.124677
-0.328125 -0.123799

-0.328125 -0.123803
-0.3125 -0.122889

-0.3125 -0.122889
-0.296875 -0.121933

-0.296875 -0.121934
-0.28125 -0.120934

-0.28125 -0.120934
-0.265625 -0.119889

-0.265625 -0.11989
-0.25 -0.118798

-0.25 -0.118799
-0.234375 -0.117659

-0.234375 -0.11766
-0.21875 -0.116471

-0.21875 -0.116471
-0.203125 -0.11523

-0.203125 -0.115231
-0.1875 -0.113936

-0.1875 -0.113936
-0.171875 -0.112585

-0.171875 -0.112586
-0.15625 -0.111178

-0.15625 -0.111168
-0.140625 -0.109721

-0.140625 -0.109713
-0.136917 -0.109375

-0.137073 -0.109375
-0.125 -0.108273

-0.125 -0.108302
-0.109375 -0.106881

-0.109375 -0.106884
-0.09375 -0.105412

-0.09375 -0.105413
-0.078125 -0.103882

-0.078125 -0.103883
-0.0625 -0.102291

-0.0625 -0.102292
-0.046875 -0.100634

-0.046875 -0.100636
-0.03125 -0.0989059

-0.03125 -0.0989063
-0.015625 -0.0970994

-0.015625 -0.0970988
0 -0.0952157

1.6875 0.164605
1.70312 0.165864

1.70312 0.165846
1.71875 0.167087

1.71875 0.167073
1.73438 0.168359

1.73438 0.168351
1.75 0.169725

0.15625 -0.074932
0.171875 -0.0727543

0.171875 -0.0727558
0.1875 -0.0704665

0.1875 -0.0704707
0.203125 -0.0680586

0.203125 -0.0680633
0.21875 -0.0655104

0.21875 -0.0654695
0.234375 -0.0628483

0.234375 -0.0628233
0.236391 -0.0625

0.236207 -0.0625
0.25 -0.0602879

1.75 0.169721
1.76562 0.171205

1.76562 0.171188
1.77228 0.171875

1.77212 0.171875
1.78125 0.172818

1.78125 0.172834
1.79688 0.174543

1.79688 0.174548
1.8125 0.176296

-2.8125 -0.184265
-2.79688 -0.183948

0.25 -0.0603777
0.265625 -0.0579163

0.265625 -0.0579321
0.28125 -0.0553114

-2.79688 -0.183889
-2.78125 -0.182931

1.8125 0.176298
1.82812 0.178072

0.28125 -0.0553178
0.296875 -0.0524932

-2.78125 -0.182841
-2.76562 -0.18154

1.82812 0.178069
1.84375 0.179873

1.84375 0.179869
1.85938 0.181718

1.85938 0.181712
1.875 0.183626

-2.76562 -0.18151
-2.75 -0.180106

0.296875 -0.0524953
0.3125 -0.0494498

1.875 0.183623
1.89062 0.185616

0.3125 -0.0493705
0.325309 -0.046875

0.324467 -0.046875
0.328125 -0.0461623

-2.75 -0.18008
-2.73438 -0.178685

-2.73438 -0.17864
-2.71875 -0.177397

-2.71875 -0.177302
-2.70312 -0.176493

-2.70312 -0.176468
-2.6875 -0.176333

1.89062 0.185598
1.90469 0.1875

1.90461 0.1875
1.90625 0.187721

0.328125 -0.0463066
0.34375 -0.0434617

0.34375 -0.0435564
0.359375 -0.0406926

0.359375 -0.0407075
0.375 -0.0376056

1.90625 0.187732
1.92188 0.189959

0.375 -0.0376055
0.390625 -0.0342361

1.92188 0.189982
1.9375 0.192238

-2.6875 -0.176398
-2.67188 -0.176857

0.390625 -0.0341266
0.404065 -0.03125

1.9375 0.192244
1.95312 0.194473

0.403068 -0.03125
0.40625 -0.0305689

0.40625 -0.0307375
0.421875 -0.0277272

1.95312 0.194473
1.96875 0.196664

1.96875 0.196658
1.98438 0.198824

-2.67188 -0.176988
-2.65625 -0.177647

-2.65625 -0.177741
-2.64062 -0.17815

-2.64062 -0.178201
-2.625 -0.178068

1.98438 0.198815
2 0.200988

-2.625 -0.178043
-2.60938 -0.177315

-2.60938 -0.177282
-2.59375 -0.176077

0.421875 -0.027854
0.4375 -0.0249405

0.4375 -0.024955
0.453125 -0.0218557

0.453125 -0.0218419
0.46875 -0.0185554

0.46875 -0.0184407
0.48267 -0.015625

-2.59375 -0.176049
-2.57812 -0.174489

-2.57812 -0.174437
-2.5625 -0.17268

-2.5625 -0.172529
-2.55589 -0.171875

0.481681 -0.015625
0.484375 -0.0150801

0.484375 -0.0152454
0.5 -0.0125096

-2.55591 -0.171875
-2.54688 -0.170981

-2.54688 -0.170832
-2.53125 -0.1701

-2.53125 -0.17009
-2.51562 -0.170491

-2.51562 -0.170694
-2.5 -0.171842

-2.99101 0
-2.99015 0.015625

-2.98621 0.015625
-2.98438 0.0263594

-2.98438 0.0160536
-2.98205 0.03125

-2.98438 0.0313551
-2.98724 0.046875

-2.9845 0.046875
-2.98438 0.0495861

-2.98438 0.0474512
-2.98372 0.0625

-2.98438 0.0753274
-2.98516 0.078125

-2.98868 0.078125
-2.99605 0.09375

-2.98438 0.06337
-2.98414 0.0625

-2.99714 0.09375
-2.96875 0.107732

-3 0.151153
-2.9903 0.15625

-3 0.160394
-2.96875 0.171476

-2.96875 0.125406
-2.96666 0.140625

-2.96651 0.140625
-2.96241 0.15625

-2.95638 0.15625
-2.96037 0.171875

-2.96875 0.187286
-2.95312 0.180291

-2.95312 0.170517
-2.95279 0.171875

0.5 -0.01265
0.515625 -0.0100714

0.515625 -0.0101003
0.53125 -0.00734035

0.53125 -0.00735533
0.546875 -0.00432608

-2.95312 0.172877
-2.95283 0.171875

-2.97729 0.1875
-2.96875 0.190963

-2.96875 0.191042
-2.9581 0.1875

-2.96875 0.219264
-2.96691 0.21875

-2.9375 0.218747
-2.92188 0.218747

0.546875 -0.00428629
0.5625 -0.0010374

-2.9375 0.250085
-2.93741 0.25

0.5625 -0.000947956
0.567371 0

2 0.200961
2.01502 0.203125

2.01495 0.203125
2.01562 0.203222

2.01562 0.203215
2.03125 0.205591

2.03125 0.205607
2.04688 0.208071

2.04688 0.208078
2.0625 0.210583

2.0625 0.210596
2.07812 0.213103

2.07812 0.213112
2.09375 0.215578

2.09375 0.215569
2.10938 0.217991

2.10938 0.217952
2.11448 0.21875

0.566757 0
0.578125 0.00221241

0.578125 0.0020202
0.59375 0.00481946

0.59375 0.00472631
0.609375 0.00778489

-2.5 -0.172068
-2.48438 -0.173104

-2.5 -0.171858
-2.49975 -0.171875

2.11434 0.21875
2.125 0.220417

-2.48438 -0.173193
-2.46875 -0.173486

2.125 0.220415
2.14062 0.222915

2.14062 0.222902
2.15625 0.225474

2.15625 0.225478
2.17188 0.22814

2.17188 0.228159
2.1875 0.230865

0.609375 0.00775276
0.625 0.0113212

0.625 0.0114607
0.640625 0.0153161

0.639903 0.015625
0.640625 0.0158031

0.640625 0.0153893
0.641728 0.015625

2.1875 0.230871
2.20312 0.23357

2.20312 0.233542
2.20794 0.234375

-2.46875 -0.173417
-2.45312 -0.172926

-2.45312 -0.172776
-2.4375 -0.17194

-2.4375 -0.171898
-2.43694 -0.171875

2.2078 0.234375
2.21875 0.236269

2.21875 0.236263
2.23438 0.238993

0.640805 0.015625
0.65625 0.0189251

0.65625 0.0186542
0.671875 0.0214852

0.671875 0.0213739
0.6875 0.0244456

2.23438 0.238953
2.25 0.241785

-2.4375 -0.171813
-2.42188 -0.171188

-2.42188 -0.171153
-2.40625 -0.171065

0.6875 0.024429
0.703125 0.027997

0.703125 0.0281705
0.716415 0.03125

-2.40625 -0.171114
-2.39062 -0.171536

0.714981 0.03125
0.71875 0.0321235

0.71875 0.0319138
0.734375 0.034995

0.734375 0.0347417
0.75 0.0376746

2.25 0.24176
2.26562 0.244826

2.26562 0.244818
2.28125 0.248182

2.28125 0.248153
2.28904 0.25

0.75 0.0375445
0.765625 0.0410959

0.765625 0.0411249
0.78125 0.0454973

0.78125 0.045666
0.785747 0.046875

0.784284 0.046875
0.796875 0.0502603

0.796875 0.0499559
0.8125 0.0534708

0.8125 0.0531887
0.828125 0.0570006

0.828125 0.056936
0.84375 0.0617327

2.2889 0.25
2.29688 0.25189

2.29688 0.251943
2.3125 0.255872

-2.375 -0.172285
-2.38469 -0.171875

2.3125 0.255871
2.32812 0.25989

0.84375 0.0618212
0.846007 0.0625

-2.39062 -0.171622
-2.38465 -0.171875

0.843225 0.0625
0.84375 0.0626612

-2.375 -0.172347
-2.35938 -0.172945

2.32812 0.259843
2.34375 0.264047

-2.35938 -0.172975
-2.34375 -0.173325

-2.34375 -0.173327
-2.32812 -0.173369

2.34375 0.263944
2.34943 0.265625

2.34926 0.265625
2.35938 0.268618

0.844131 0.0625
0.859375 0.0670859

0.859375 0.0668904
0.875 0.0705856

0.875 0.0704191
0.890625 0.073738

0.890625 0.0735029
0.90625 0.0772445

0.905736 0.078125
0.90625 0.0782482

2.35938 0.268644
2.375 0.273737

-2.32812 -0.173357
-2.3125 -0.173114

-2.3125 -0.173095
-2.29688 -0.172632

-2.29688 -0.172608
-2.28125 -0.17201

2.375 0.273729
2.39062 0.279222

2.39062 0.279169
2.39611 0.28125

0.90625 0.0772509
0.909955 0.078125

0.907591 0.078125
0.921875 0.081495

0.921875 0.0811674
0.9375 0.0843298

2.39593 0.28125
2.40625 0.285164

2.40625 0.285238
2.42188 0.291421

2.42188 0.291318
2.43534 0.296875

0.9375 0.0842259
0.953125 0.0875474

0.953125 0.0875794
0.96875 0.0912038

0.96875 0.0913361
0.979605 0.09375

2.43531 0.296875
2.4375 0.29778

2.4375 0.297771
2.45312 0.304672

2.45312 0.304609
2.46875 0.312079

2.46875 0.312013
2.46969 0.3125

2.46951 0.3125
2.48438 0.320229

-2.28125 -0.171988
-2.27848 -0.171875

-2.27852 -0.171875
-2.26562 -0.17135

-2.26562 -0.171334
-2.25 -0.170743

2.48438 0.320218
2.49849 0.328125

2.49846 0.328125
2.5 0.328986

0.978766 0.09375
0.984375 0.0949974

0.984375 0.094961
1 0.0977212

-2.25 -0.170733
-2.23438 -0.170239

-2.23438 -0.170238
-2.21875 -0.169861

-2.21875 -0.169866
-2.20312 -0.169598

-2.20312 -0.169605
-2.1875 -0.169421

-2.1875 -0.169427
-2.17188 -0.169301

-2.17188 -0.169306
-2.15625 -0.169215

-2.15625 -0.169221
-2.14062 -0.16914

-2.14062 -0.169147
-2.125 -0.169052

2.96875 -0.187625
2.96992 -0.1875

-2.125 -0.169058
-2.10938 -0.168925

-2.10938 -0.168928
-2.09375 -0.168739

2.96875 -0.17283
2.96855 -0.171875

2.96731 -0.171875
2.96875 -0.170493

2.96875 -0.175877
2.96953 -0.1875

-2.09375 -0.168737
-2.07812 -0.168489

-2.07812 -0.168484
-2.0625 -0.168189

-2.0625 -0.168182
-2.04688 -0.167867

-2.04688 -0.16786
-2.03125 -0.16755

2.98438 -0.0809314
3 -0.0821683

2.99193 -0.078125
2.99576 -0.0625

2.99649 -0.0625
2.99717 -0.046875

2.99927 -0.046875
2.99114 -0.03125

2.98937 -0.03125
3 -0.0164783

-2.03125 -0.167547
-2.01562 -0.167262

-2.01562 -0.167262
-2 -0.167008

1 0.0976064
1.01562 0.0997052

1.01562 0.0996428
1.03125 0.101435

1.03125 0.101409
1.04688 0.10307

2.5 0.328918
2.51562 0.338425

2.51562 0.338112
2.52374 0.34375

2.52363 0.34375
2.53125 0.349188

2.53125 0.348657
2.5429 0.359375

2.54321 0.359375
2.54688 0.364331

1.04688 0.103055
1.0625 0.104669

1.0625 0.104654
1.07812 0.10628

1.07812 0.106263
1.09375 0.107967

1.09375 0.107914
1.10572 0.109375

1.10544 0.109375
1.10938 0.109855

2.54688 0.364009
2.55436 0.375

2.53125 0.433356
2.52741 0.4375

2.55447 0.375
2.55857 0.390625

2.55893 0.390625
2.55532 0.40625

2.54688 0.417198
2.54341 0.421875

2.53125 0.433583
2.542 0.421875

2.54688 0.417696
2.55488 0.40625

2.51562 0.452176
2.51507 0.453125

1.10938 0.109865
1.125 0.111992

2.51562 0.453924
2.50911 0.46875

2.51562 0.452277
2.52614 0.4375

2.50969 0.46875
2.50402 0.484375

2.50027 0.484375
2.50215 0.5

1.125 0.112005
1.14062 0.114255

1.14062 0.11428
1.15625 0.116578

2.57812 0.496599
2.56969 0.5

2.57812 0.496932
2.59375 0.489568

2.60938 0.481145
2.60254 0.484375

2.59375 0.488948
2.60343 0.484375

2.60938 0.482078
2.625 0.47489

2.64062 0.466355
2.63628 0.46875

2.64062 0.466551
2.65625 0.45598

2.625 0.47514
2.6362 0.46875

2.67188 0.444889
2.65802 0.453125

2.65625 0.454424
2.65843 0.453125

1.15625 0.116619
1.17188 0.118835

1.17188 0.118881
1.1875 0.120844

2.67188 0.44673
2.6875 0.438638

2.70312 0.428963
2.68802 0.4375

2.71875 0.419737
2.71505 0.421875

2.70312 0.429712
2.71668 0.421875

2.75 0.396273
2.73467 0.40625

2.71875 0.420346
2.74065 0.40625

1.1875 0.120868
1.20312 0.122437

1.20312 0.122414
1.21875 0.123586

1.21875 0.123519
1.23438 0.124477

1.23438 0.124375
1.2435 0.125

2.6875 0.437841
2.68811 0.4375

-2 -0.16701
-1.98438 -0.166781

3 0.0946098
2.98754 0.125

-1.98438 -0.166784
-1.96875 -0.166567

-1.96875 -0.166571
-1.95312 -0.166353

1.24334 0.125
1.25 0.125456

2.9375 0.211589
2.93107 0.21875

2.93382 0.21875
2.90796 0.25

2.96875 0.148344
2.96328 0.15625

2.96552 0.15625
2.95782 0.171875

2.95917 0.171875
2.95447 0.1875

1.25 0.125416
1.26562 0.126858

1.26562 0.126894
1.28125 0.128702

1.28125 0.128772
1.29688 0.130734

2.9866 0.125
2.96925 0.15625

2.96875 0.156777
2.969 0.15625

-1.95312 -0.166356
-1.9375 -0.166123

-1.9375 -0.166126
-1.92188 -0.165868

-1.92188 -0.165871
-1.90625 -0.165573

-1.90625 -0.165576
-1.89062 -0.165226

-1.89062 -0.165227
-1.875 -0.164815

2.95707 0.1875
2.9379 0.21875

2.9375 0.219036
2.93774 0.21875

1.29688 0.130787
1.3125 0.132656

1.3125 0.132679
1.32812 0.134303

1.32812 0.134293
1.34375 0.135646

2.79688 0.360447
2.78154 0.375

2.8125 0.346848
2.79727 0.359375

-1.875 -0.164814
-1.85938 -0.16434

-1.85938 -0.164335
-1.84375 -0.16381

-1.84375 -0.163803
-1.82812 -0.16325

2.79688 0.360116
2.79771 0.359375

2.85938 0.306206
2.85325 0.3125

1.34375 0.135616
1.35938 0.136779

2.875 0.285639
2.86392 0.296875

-1.82812 -0.163242
-1.8125 -0.162689

1.35938 0.136746
1.375 0.137845

-1.8125 -0.162682
-1.79688 -0.162159

2.85938 0.303478
2.86502 0.296875

1.375 0.137826
1.39062 0.138968

-1.79688 -0.162154
-1.78125 -0.161684

2.82812 0.335093
2.81894 0.34375

1.39062 0.138961
1.40625 0.140199

-1.78125 -0.161682
-1.76562 -0.161279

1.40625 0.140185
1.41136 0.140625

2.84375 0.317037
2.83125 0.328125

1.4111 0.140625
1.42188 0.141553

1.42188 0.141577
1.4375 0.142965

2.82812 0.33264
2.8325 0.328125

2.8125 0.348856
2.81833 0.34375

-1.76562 -0.161279
-1.75 -0.160947

2.84375 0.320653
2.85225 0.3125

2.75 0.401003
2.78125 0.376934

2.78125 0.376261
2.78265 0.375

2.89062 0.272819
2.8831 0.28125

2.90625 0.250789
2.89436 0.265625

-1.75 -0.16095
-1.73438 -0.160683

-1.73438 -0.160687
-1.71875 -0.160474

-1.71875 -0.160479
-1.70312 -0.160299

-1.70312 -0.160305
-1.6875 -0.160133

-1.6875 -0.16014
-1.67188 -0.159947

-1.67188 -0.159954
-1.65625 -0.159711

-1.65625 -0.159717
-1.64062 -0.159399

-1.64062 -0.159401
-1.625 -0.158993

2.89062 0.27131
2.89499 0.265625

1.4375 0.142966
1.45312 0.14433

1.45312 0.144327
1.46875 0.14567

1.46875 0.145668
1.48438 0.147001

1.48438 0.147004
1.5 0.148323

2.875 0.288758
2.88201 0.28125

2.90625 0.251535
2.90752 0.25

-1.625 -0.158991
-1.60938 -0.15849

3 -0.0702037
3.00429 -0.0625

-1.60938 -0.158485
-1.59375 -0.157902

-1.59375 -0.157894
-1.57812 -0.157255

3 -0.0406632
3.01187 -0.03125

3 -0.00286212
3.03125 -0.0160518

3.03125 -0.00295249
3.0625 -0.000292025

3.0625 -0.00130081
3.11458 0

3.125 -0.00108725
3.25 -0.000460851

3.25 -0.000647214
3.5 -0.000908058

3 0.0275352
3.02109 0

3 0.0563496
3.00258 0.03125

3.00464 0.0625
3.00109 0.09375

-1.57812 -0.157245
-1.5625 -0.156585

-1.5625 -0.156575
-1.55458 -0.15625

-1.55463 -0.15625
-1.54688 -0.155932

3 0.0950194
3.00051 0.09375

3.0625 0.000406174
3.07807 0

-1.54688 -0.155928
-1.53125 -0.15534

-1.53125 -0.155336
-1.51562 -0.154819

3.5 -0.000998493
4 -0.00122697

-1.51562 -0.154819
-1.5 -0.154381

2.49961 0.5
2.5 0.500816

2.5 0.500527
2.51562 0.515036

2.51562 0.511959
2.53125 0.513713

2.53125 0.511826
2.54688 0.50833

2.54688 0.508411
2.5625 0.503278

2.5625 0.503093
2.56988 0.5

-1.5 -0.154384
-1.48438 -0.154019

-1.48438 -0.154026
-1.46875 -0.153714

-1.46875 -0.153722
-1.45312 -0.153436

-1.45312 -0.153443
-1.4375 -0.153154

-1.4375 -0.153159
-1.42188 -0.15284

-1.42188 -0.152843
-1.40625 -0.152478

-1.40625 -0.152479
-1.39062 -0.15206

-1.39062 -0.152058
-1.375 -0.151589

-1.375 -0.151586
-1.35938 -0.151077

-1.35938 -0.151072
-1.34375 -0.150539

-1.34375 -0.150535
-1.32812 -0.149998

-1.32812 -0.149993
-1.3125 -0.149471

-1.3125 -0.149467
-1.29688 -0.148974

-1.29688 -0.148973
-1.28125 -0.14852

-1.28125 -0.14852
-1.26562 -0.148112

-1.26562 -0.148113
-1.25 -0.147746

-1.25 -0.147749
-1.23438 -0.147416

-1.23438 -0.147419
-1.21875 -0.147109

-1.21875 -0.147112
-1.20312 -0.146814

-1.20312 -0.146817
-1.1875 -0.146519

-1.1875 -0.146521
-1.17188 -0.146213

-1.17188 -0.146214
-1.15625 -0.14589

-1.15625 -0.14589
-1.14062 -0.145547

-1.14062 -0.145547
-1.125 -0.145184

-1.125 -0.145183
-1.10938 -0.144803

-1.10938 -0.144802
-1.09375 -0.144411

-1.09375 -0.144409
-1.07812 -0.144012

-1.07812 -0.14401
-1.0625 -0.143616

-1.0625 -0.143614
-1.04688 -0.143231

-1.04688 -0.14323
-1.03125 -0.142864

-1.03125 -0.142863
-1.01562 -0.142521

-1.01562 -0.142521
-1 -0.142206

