-4 -0.0040828
-3.68007 0

-3.57267 0
-3.5 0.00092741

-3.5 -0.00225484
-3.44698 0

1.6875 -0.260955
1.70312 -0.260519

1.70312 -0.260515
1.71875 -0.260037

1.71875 -0.260016
1.73438 -0.259545

-3.25 -0.00297472
-3.22701 0

-3.125 -0.00408726
-3.10863 0

-3 -0.0941986
-3.00077 -0.09375

-3 -0.0687337
-3.00304 -0.0625

-3.00292 -0.0625
-3 -0.0577858

-3.40336 0
-3.25 0.00656012

-3.21607 0
-3.125 0.0125204

-3.1042 0
-3.0625 0.0194907

-3.0625 0.00393567
-3.03125 0.0285096

-3.03888 0.03125
-3.03125 0.0463075

-3.03125 0.0243911
-3.02767 0.03125

-3.03125 0.0500548
-3.02737 0.0625

-3.03234 0.0625
-3.03125 0.0742603

-3.03563 0.09375
-3.03125 0.107793

1.73438 -0.259516
1.75 -0.259151

-3.03125 0.0655704
-3.02271 0.09375

-3.03125 0.103584
-3.01461 0.125

-3.01989 0.125
-3 0.150431

-3.00015 0.1875
-3 0.187649

1.75 -0.25913
1.76562 -0.25897

1.76562 -0.258966
1.78125 -0.25906

1.78125 -0.259071
1.79688 -0.259404

1.79688 -0.259422
1.8125 -0.259936

1.8125 -0.259956
1.82812 -0.260574

1.82812 -0.260591
1.84375 -0.261238

1.84375 -0.261251
1.85938 -0.261865

1.85938 -0.26187
1.875 -0.262415

1.875 -0.262414
1.89062 -0.262884

1.89062 -0.26288
1.90625 -0.263284

1.90625 -0.263282
1.92188 -0.263634

1.92188 -0.263634
1.9375 -0.263941

-3 -0.0799525
-2.99136 -0.078125

-3 -0.0676772
-2.993 -0.0625

-2.98438 -0.0627487
-2.98432 -0.0625

-3 -0.0576315
-2.991 -0.0625

-3 -0.0462547
-2.99543 -0.046875

1.9375 -0.263941
1.95312 -0.264202

1.95312 -0.264202
1.96875 -0.264417

1.96875 -0.264416
1.98438 -0.26459

1.98438 -0.264589
2 -0.264727

-2.98438 0.0448656
-2.98638 0.046875

-3 0.102963
-2.96875 0.120571

-2.988 0.125
-2.97143 0.15625

-3 0.166067
-2.97855 0.1875

-2.96875 0.152791
-2.9566 0.15625

-2.9375 0.140177
-2.93844 0.140625

-2.9375 0.144535
-2.94983 0.15625

-2.95312 0.158736
-2.96463 0.171875

-2.96875 0.18095
-2.95312 0.174523

-2.94876 0.15625
-2.94613 0.171875

-2.95259 0.171875
-2.9403 0.1875

-2.98268 0.1875
-2.96875 0.192002

-2.94199 0.1875
-2.9375 0.191084

-2.94273 0.21875
-2.9375 0.244705

-2.9375 0.139332
-2.93002 0.140625

-2.92969 0.140625
-2.92306 0.15625

-2.9375 0.161011
-2.93325 0.15625

-2.9375 0.196633
-2.9323 0.203125

-2.92678 0.203125
-2.92188 0.214813

-2.92188 0.206837
-2.91583 0.21875

-2.93038 0.21875
-2.90625 0.245141

-2.90625 0.217822
-2.90493 0.21875

-2.90625 0.23128
-2.89062 0.232141

-2.90625 0.244088
-2.89062 0.238576

-2.875 0.23257
-2.8874 0.234375

-2.89062 0.238287
-2.875 0.235171

-2.85938 0.233193
-2.87154 0.234375

-2.875 0.235081
-2.86773 0.234375

-2.85938 0.233405
-2.84375 0.232551

-2.84375 0.232722
-2.82812 0.232017

-2.82812 0.23199
-2.8125 0.231148

-2.8125 0.231229
-2.79688 0.230142

-2.79688 0.230145
-2.78125 0.228645

-2.78125 0.228657
-2.76562 0.226716

-2.76562 0.226604
-2.75 0.224422

0 -0.0186706
0.015625 -0.0208781

0.015625 -0.0206266
0.03125 -0.0224054

0.03125 -0.0221193
0.046875 -0.0245445

0.046875 -0.0245731
0.0625 -0.0281596

0.078125 -0.0326911
0.0724623 -0.03125

0.078125 -0.0323304
0.09375 -0.0363082

0.0625 -0.028421
0.0736161 -0.03125

0.09375 -0.036047
0.109375 -0.040874

0.125 -0.0475223
0.123176 -0.046875

0.109375 -0.0411627
0.125 -0.0467084

-2.95076 0.25
-2.9375 0.264947

-2.9375 0.253567
-2.90625 0.262734

-2.90625 0.252491
-2.90444 0.25

-2.90625 0.27312
-2.89855 0.265625

-0.890625 0.122171
-0.903073 0.125

-2.75 0.224327
-2.73438 0.22232

-2.73438 0.222207
-2.71875 0.220789

-2.71875 0.22079
-2.70312 0.220186

-2.70312 0.220234
-2.6875 0.220346

0.171875 -0.0642852
0.167181 -0.0625

-0.890625 0.122158
-0.875 0.119765

0.171875 -0.0637947
0.1875 -0.0687873

-2.6875 0.220465
-2.67188 0.22096

-0.96875 0.15294
-0.974215 0.15625

0.125 -0.0469453
0.140625 -0.0521616

0.125 -0.0467493
0.125377 -0.046875

-2.67188 0.221003
-2.65625 0.221558

-2.65625 0.221538
-2.64062 0.222106

-1 0.165516
-0.984375 0.162579

0.140625 -0.0516295
0.15625 -0.0571821

-0.984375 0.165226
-0.96875 0.156474

-0.953125 0.138465
-0.956234 0.140625

-0.96875 0.152665
-0.953394 0.140625

2 -0.264728
2.01562 -0.26483

-0.953125 0.139425
-0.9375 0.132116

-2.64062 0.222092
-2.625 0.222738

-2.625 0.222843
-2.60938 0.223387

-2.60938 0.223563
-2.59375 0.223444

-2.5625 0.21853
-2.56372 0.21875

-2.59375 0.22352
-2.57812 0.222234

-2.57812 0.222343
-2.5625 0.219539

2.01562 -0.264832
2.03125 -0.264893

2.03125 -0.264896
2.04688 -0.264902

2.04688 -0.264905
2.0625 -0.264844

2.0625 -0.264845
2.07812 -0.264709

2.07812 -0.264708
2.09375 -0.264493

2.09375 -0.264493
2.10938 -0.264202

2.10938 -0.264201
2.125 -0.26384

2.125 -0.263839
2.14062 -0.263412

2.14062 -0.263412
2.15625 -0.262918

2.15625 -0.262923
2.17188 -0.262353

2.17188 -0.262361
2.1875 -0.261692

2.1875 -0.261703
2.20312 -0.260897

2.20312 -0.260905
2.21875 -0.259922

2.21875 -0.259922
2.23438 -0.258746

2.23438 -0.258729
2.25 -0.257395

2.25 -0.257369
2.26562 -0.255966

2.26562 -0.255949
2.28125 -0.254562

2.28125 -0.254553
2.29688 -0.253233

2.29688 -0.253216
2.3125 -0.252012

2.3125 -0.25207
2.32812 -0.250901

2.32812 -0.250966
2.33921 -0.25

2.33891 -0.25
2.34375 -0.249578

2.34375 -0.249629
2.35938 -0.247895

2.35938 -0.247869
2.375 -0.245751

2.375 -0.245662
2.39062 -0.243392

2.39062 -0.24334
2.40625 -0.241201

2.40625 -0.241255
2.42188 -0.239241

2.42188 -0.239249
2.4375 -0.237237

2.4375 -0.237137
2.45312 -0.235311

2.45312 -0.235365
2.46313 -0.234375

2.4631 -0.234375
2.46875 -0.233816

2.46875 -0.233972
2.48438 -0.232291

2.48438 -0.232371
2.5 -0.230089

-0.96875 0.156522
-0.968449 0.15625

-0.9375 0.133635
-0.921875 0.129782

-0.921875 0.130003
-0.90625 0.126125

0.15625 -0.0574911
0.16942 -0.0625

-2.5625 0.21869
-2.54688 0.215655

-2.54688 0.215774
-2.53125 0.213949

-2.5625 0.219512
-2.55858 0.21875

-2.53125 0.21413
-2.51562 0.213107

-2.51562 0.21322
-2.5 0.21241

0.1875 -0.0683831
0.203125 -0.0729015

0.21875 -0.0782217
0.218428 -0.078125

0.203125 -0.0729765
0.21875 -0.0776768

-0.90625 0.125748
-0.902961 0.125

0.234375 -0.0820733
0.219161 -0.078125

-0.875 0.11996
-0.859375 0.118374

0.21875 -0.077939
0.219467 -0.078125

2.5 -0.22996
2.51562 -0.227175

2.51562 -0.226929
2.53125 -0.224391

-2.5 0.21245
-2.48438 0.211546

0.234375 -0.0818581
0.25 -0.0850168

2.53125 -0.224449
2.54688 -0.222533

2.54688 -0.222645
2.5625 -0.221012

-2.48438 0.21155
-2.46875 0.210467

-0.859375 0.118576
-0.84375 0.117005

-0.84375 0.117144
-0.828125 0.114906

2.5625 -0.220996
2.57812 -0.219454

-0.828125 0.114938
-0.8125 0.111692

0.25 -0.0846969
0.265625 -0.088024

0.265625 -0.0879885
0.28125 -0.0921946

0.296875 -0.096949
0.28529 -0.09375

0.296875 -0.0969061
0.3125 -0.100535

-2.46875 0.210462
-2.45312 0.209201

0.28125 -0.0925629
0.285549 -0.09375

-0.796875 0.107706
-0.804362 0.109375

0.3125 -0.100566
0.328125 -0.103496

0.328125 -0.10348
0.34375 -0.105679

0.34375 -0.105642
0.359375 -0.107217

0.359375 -0.107201
0.375 -0.108261

-0.8125 0.111346
-0.803659 0.109375

0.5 -0.127012
0.494758 -0.125

-0.796875 0.107706
-0.78125 0.104988

-0.78125 0.105163
-0.765625 0.103029

-0.765625 0.103309
-0.75 0.100849

0.375 -0.108249
0.390625 -0.10885

0.390625 -0.108841
0.40625 -0.109026

0.40625 -0.108963
0.421875 -0.108874

-0.71875 0.0912527
-0.725828 0.09375

0.421875 -0.108718
0.4375 -0.108793

-0.75 0.101143
-0.734375 0.0972087

0.453125 -0.10976
0.448311 -0.109375

-2.45312 0.209188
-2.4375 0.207788

0.4375 -0.108418
0.449452 -0.109375

-0.734375 0.0971118
-0.724846 0.09375

-2.4375 0.207765
-2.42188 0.206299

-0.71875 0.0911297
-0.703125 0.0851723

2.57812 -0.219564
2.58622 -0.21875

2.58554 -0.21875
2.59375 -0.217925

-2.42188 0.206267
-2.40625 0.204845

2.59375 -0.218046
2.60938 -0.21612

-0.703125 0.0850397
-0.6875 0.0795493

0.46875 -0.113299
0.453732 -0.109375

-0.671875 0.0749321
-0.682992 0.078125

0.453125 -0.109206
0.453771 -0.109375

-0.6875 0.0793997
-0.683062 0.078125

0.46875 -0.114057
0.484375 -0.120411

0.484375 -0.120944
0.494945 -0.125

-0.671875 0.0749735
-0.65625 0.071664

-0.65625 0.071778
-0.640625 0.0693245

-0.640625 0.0693908
-0.625 0.0674329

2.60938 -0.216121
2.625 -0.213661

-0.5625 0.0621939
-0.56757 0.0625

-0.625 0.0674633
-0.609375 0.0658074

-0.609375 0.0658174
-0.59375 0.0643825

-2.40625 0.204814
-2.39062 0.203563

-2.375 0.202557
-2.38407 0.203125

-2.39062 0.203551
-2.38382 0.203125

-0.59375 0.0643765
-0.578125 0.0631545

-0.578125 0.0631228
-0.567811 0.0625

2.625 -0.213645
2.64062 -0.210679

2.64062 -0.210729
2.65625 -0.207191

2.65625 -0.207113
2.6718 -0.203125

2.67013 -0.203125
2.67188 -0.202677

2.67188 -0.202749
2.6875 -0.19914

-2.375 0.20255
-2.35938 0.201917

-2.35938 0.20192
-2.34375 0.201653

-0.5625 0.0621551
-0.546875 0.061602

-0.546875 0.0616029
-0.53125 0.0614967

-0.53125 0.0615483
-0.515625 0.061784

-0.515625 0.0618751
-0.5 0.0621672

2.6875 -0.199451
2.70312 -0.196285

2.70312 -0.196266
2.71875 -0.192959

-2.34375 0.201668
-2.32812 0.201732

-2.32812 0.201757
-2.3125 0.202073

0.5 -0.126701
0.515625 -0.131752

0.515625 -0.131659
0.53125 -0.136475

2.71875 -0.192952
2.73438 -0.189553

2.73438 -0.189934
2.74653 -0.1875

-2.3125 0.2021
-2.29688 0.202566

-2.29688 0.202586
-2.28125 0.203105

0.546875 -0.141208
0.544906 -0.140625

0.53125 -0.136541
0.545045 -0.140625

-0.109375 -0.000866548
-0.114649 0

2.74007 -0.1875
2.75 -0.185511

-0.109375 -0.000713883
-0.09375 -0.00273979

0.546875 -0.141149
0.5625 -0.145487

2.9375 -0.255612
2.93686 -0.25

0.5625 -0.145448
0.578125 -0.149621

2.9375 -0.257044
2.93776 -0.25

-0.09375 -0.00259955
-0.078125 -0.00467434

-2.28125 0.20311
-2.28078 0.203125

-0.078125 -0.0046575
-0.0625 -0.00709534

0.578125 -0.149671
0.59375 -0.153654

-0.0625 -0.00721236
-0.046875 -0.00981285

2.75 -0.186373
2.76562 -0.183615

-0.046875 -0.00978032
-0.03125 -0.0123745

0.609375 -0.157318
0.604663 -0.15625

-0.015625 -0.0156377
-0.0156908 -0.015625

0.609375 -0.157216
0.625 -0.160276

-2.28125 0.203125
-2.26562 0.203619

0.59375 -0.153711
0.604949 -0.15625

-0.03125 -0.012195
-0.015625 -0.0152068

-2.26562 0.203645
-2.25 0.204023

0.625 -0.160284
0.640625 -0.16296

0 -0.0186313
-0.0154685 -0.015625

2.76562 -0.183574
2.78125 -0.181024

-0.015625 -0.0153533
-0.0142268 -0.015625

-2.25 0.20404
-2.23438 0.204215

-0.5 0.0621977
-0.484375 0.0623032

0.640625 -0.162951
0.65625 -0.165245

-0.484375 0.0623936
-0.46875 0.0620707

0.65625 -0.165212
0.671875 -0.167209

-2.23438 0.204213
-2.21875 0.204152

2.78125 -0.181052
2.79688 -0.178734

-2.21875 0.204127
-2.20312 0.203885

2.79688 -0.178993
2.8125 -0.176332

0.671875 -0.167194
0.6875 -0.16899

2.8125 -0.176599
2.82812 -0.172665

2.82537 -0.171875
2.82812 -0.17118

-2.20312 0.203853
-2.1875 0.203544

-0.46875 0.0620749
-0.453125 0.0611346

0.6875 -0.168953
0.703125 -0.170653

-0.453125 0.0612708
-0.4375 0.0594324

2.82812 -0.173608
2.83531 -0.171875

-2.1875 0.203521
-2.17188 0.203256

2.82812 -0.171279
2.84375 -0.167511

2.84375 -0.16811
2.85938 -0.165959

2.85938 -0.166201
2.875 -0.164785

-2.15625 0.203082
-2.16014 0.203125

2.93655 -0.25
2.9375 -0.2498

0.71875 -0.172372
0.714418 -0.171875

0.703125 -0.170602
0.714224 -0.171875

0.71875 -0.172342
0.734375 -0.174433

0.734375 -0.174406
0.75 -0.176941

-2.17188 0.203258
-2.15996 0.203125

-2.15625 0.2031
-2.14062 0.202982

-2.14062 0.203006
-2.125 0.202863

0.796875 -0.188414
0.793599 -0.1875

2.875 -0.164576
2.89062 -0.163829

0.796875 -0.188314
0.8125 -0.192747

2.89062 -0.164041
2.90625 -0.163956

0.75 -0.176922
0.765625 -0.179994

-2.125 0.202922
-2.10938 0.202584

2.90625 -0.163944
2.92188 -0.164122

-2.10938 0.202646
-2.09375 0.201868

-0.4375 0.0592078
-0.421875 0.056648

0.765625 -0.179932
0.78125 -0.1837

-0.421875 0.0565958
-0.40625 0.0538683

-2.09375 0.201866
-2.07812 0.20053

2.92188 -0.164556
2.9375 -0.164151

-2.07812 0.200499
-2.0625 0.198668

-2.0625 0.198641
-2.04688 0.196431

0.78125 -0.183764
0.794645 -0.1875

2.9375 -0.249851
2.93777 -0.25

0.8125 -0.192673
0.828125 -0.19705

-0.40625 0.0536706
-0.390625 0.0512754

0.828125 -0.197177
0.84375 -0.20139

2.9375 -0.174234
2.9445 -0.171875

-2.04688 0.196393
-2.03125 0.193936

2.9375 -0.169296
2.95312 -0.159166

2.94566 -0.15625
2.95312 -0.149816

0.859375 -0.20494
0.850554 -0.203125

-0.390625 0.0511569
-0.375 0.0497265

0.84375 -0.201624
0.851045 -0.203125

0.859375 -0.204841
0.875 -0.206582

-2.03125 0.193892
-2.01562 0.191352

-2.01562 0.191347
-2 0.188822

-0.375 0.0501564
-0.359375 0.0490678

-0.359375 0.0487662
-0.34375 0.0477628

2.95312 -0.152747
2.96207 -0.140625

-0.34375 0.0479517
-0.328125 0.0472592

-0.3125 0.0457884
-0.324808 0.046875

2.96574 -0.140625
2.96875 -0.136652

2.96875 -0.126479
2.9697 -0.125

0.875 -0.206409
0.890625 -0.207128

0.890625 -0.206959
0.90625 -0.207343

0.90625 -0.207219
0.921875 -0.207853

0.921875 -0.207808
0.9375 -0.209029

0.9375 -0.209082
0.953125 -0.210873

0.953125 -0.210958
0.96875 -0.213041

2.97544 -0.125
2.98868 -0.09375

2.98438 -0.0738965
2.9818 -0.0625

-0.328125 0.0479674
-0.315752 0.046875

2.99079 -0.09375
2.991 -0.078125

0.96875 -0.21309
0.984375 -0.215196

-0.3125 0.0456741
-0.296875 0.0440185

2.98821 -0.078125
2.98468 -0.0625

2.98413 -0.0625
2.98355 -0.046875

2.98419 -0.046875
2.98438 -0.0430079

2.98434 -0.03125
2.98438 -0.0310324

-1.98438 0.186281
-1.99196 0.1875

0.984375 -0.215201
1 -0.217222

2.98438 -0.029201
2.98664 -0.015625

-0.3125 0.0468997
-0.312267 0.046875

-1.98438 0.18624
-1.96875 0.183893

-0.296875 0.045051
-0.28125 0.0420857

-0.265625 0.0308334
-0.266376 0.03125

2.98742 -0.015625
2.99171 0

-0.25 0.0235126
-0.264484 0.03125

-1.96875 0.183898
-1.95312 0.181858

-1.95312 0.181862
-1.9375 0.180111

-2 0.188856
-1.99155 0.1875

-0.28125 0.0428096
-0.265625 0.0350423

-0.265625 0.033735
-0.260973 0.03125

2.99341 0
2.99446 0.015625

2.99293 0.015625
2.98815 0.03125

-1.9375 0.180107
-1.92188 0.178646

-1.92188 0.178647
-1.90625 0.17748

2.98438 0.0383988
2.98282 0.046875

2.98438 0.0405754
2.98642 0.03125

2.98473 0.046875
2.98486 0.0625

2.98452 0.0625
2.98512 0.078125

2.98519 0.078125
2.98681 0.09375

2.98586 0.09375
2.9947 0.125

-1.90625 0.177481
-1.89062 0.176603

-1.89062 0.176601
-1.875 0.176014

-0.25 0.0246925
-0.234375 0.0197521

-0.234375 0.020039
-0.21875 0.0162665

2.93499 0.21875
2.91797 0.25

2.96875 0.157176
2.96234 0.171875

-1.875 0.176
-1.85938 0.175737

-1.85938 0.175706
-1.84375 0.175857

2.96379 0.171875
2.9681 0.1875

2.99507 0.125
2.98987 0.15625

-1.84375 0.175798
-1.82812 0.176543

-1.82812 0.176488
-1.8125 0.178054

2.96875 0.179043
2.98687 0.1875

-1.8125 0.178025
-1.79688 0.180582

-0.203125 0.0132993
-0.216354 0.015625

-1.79688 0.180677
-1.78125 0.18409

2.96875 0.201233
2.95576 0.21875

-1.78125 0.184362
-1.76744 0.1875

2.94758 0.21875
2.96875 0.245381

-0.21875 0.0160749
-0.216191 0.015625

-1.76702 0.1875
-1.76562 0.187816

-0.203125 0.0134896
-0.1875 0.0118283

1.01562 -0.21915
1.01237 -0.21875

-0.1875 0.0121109
-0.171875 0.0105985

1.01562 -0.219142
1.03125 -0.220968

2.96875 0.203976
2.9885 0.1875

-1.76562 0.187751
-1.75 0.191224

1 -0.217224
1.01241 -0.21875

-0.171875 0.0107988
-0.15625 0.00846973

1.03125 -0.220967
1.04688 -0.22271

-1.75 0.191329
-1.73438 0.194819

1.04688 -0.222699
1.0625 -0.22438

-0.15625 0.00825315
-0.140625 0.00514

1.0625 -0.224358
1.07812 -0.226042

2.96875 0.23246
2.96946 0.25

-1.73438 0.19499
-1.71875 0.19795

2.90974 0.25
2.9375 0.277891

-1.71875 0.197994
-1.70312 0.199995

2.9375 0.268675
2.97616 0.25

-0.140625 0.00497838
-0.125 0.00183753

1.07812 -0.226025
1.09375 -0.227789

-0.125 0.00169741
-0.11467 0

1.09375 -0.227791
1.10938 -0.229668

3.0625 -0.0070691
3.04321 0

3.125 -0.00644138
3.09082 0

-1.70312 0.199825
-1.6875 0.201118

3.25 -0.00499313
3.20645 0

1.10938 -0.229691
1.125 -0.23163

-1.6875 0.200901
-1.67188 0.20226

-1.67188 0.202213
-1.66489 0.203125

3.5 -0.0035893
3.40585 0

3 0.0309821
3.03125 0.0275967

-1.66426 0.203125
-1.65625 0.20417

-1.65625 0.204221
-1.64062 0.207095

-1.64062 0.207147
-1.625 0.210729

1.125 -0.231665
1.14062 -0.233548

1.15625 -0.235298
1.14812 -0.234375

1.14062 -0.233557
1.14783 -0.234375

-1.625 0.210407
-1.60938 0.215237

-1.60938 0.215569
-1.59914 0.21875

-1.60089 0.21875
-1.59375 0.222643

-1.57812 0.214454
-1.5674 0.21875

-1.58954 0.21875
-1.57812 0.229113

1.15625 -0.235315
1.17188 -0.236993

-1.57992 0.234375
-1.59099 0.25

3.02472 0.03125
3.02417 0.0625

3.03125 0.0153789
3.05155 0

-1.57098 0.21875
-1.56757 0.234375

3.02486 0.0625
3.03072 0.09375

3.03125 0.119779
3.02717 0.125

-1.53125 0.191356
-1.53982 0.203125

-1.54228 0.203125
-1.53341 0.21875

-1.53125 0.189377
-1.51562 0.195099

-1.53125 0.217171
-1.51562 0.20875

-1.51562 0.191224
-1.51168 0.203125

-1.51562 0.207782
-1.51351 0.203125

1.17188 -0.236987
1.1875 -0.238577

-1.59375 0.253899
-1.60047 0.265625

-1.6027 0.265625
-1.60587 0.28125

-1.61461 0.28125
-1.61012 0.296875

3.03125 0.0818132
3.03292 0.09375

3.03125 0.122328
3.03625 0.09375

1.1875 -0.238582
1.20312 -0.240088

1.20312 -0.240093
1.21875 -0.241496

-1.61215 0.296875
-1.60938 0.299165

-1.60938 0.290524
-1.59406 0.296875

-1.60938 0.29876
-1.59375 0.297717

-1.59375 0.251532
-1.59325 0.25

-1.57812 0.277244
-1.58519 0.28125

1.21875 -0.241484
1.23438 -0.242799

1.23438 -0.242767
1.25 -0.244083

3.0625 0.0131823
3.0929 0

3 0.160589
3.03061 0.125

3 0.191924
3.00244 0.1875

-1.57812 0.26483
-1.57143 0.265625

-1.57812 0.267797
-1.5675 0.265625

-1.59375 0.287665
-1.58677 0.28125

-1.5625 0.272252
-1.54688 0.27847

-1.54688 0.277679
-1.53125 0.279581

-1.53125 0.279468
-1.51562 0.278863

-1.51562 0.278609
-1.5 0.27623

3.125 0.00884801
3.1919 0

3.25 0.00382383
3.34961 0

1.3125 -0.251235
1.30282 -0.25

1.3125 -0.251291
1.32812 -0.253083

1.32812 -0.253158
1.34375 -0.254481

1.34375 -0.254496
1.35938 -0.25517

1.35938 -0.25506
1.375 -0.255273

4 -0.00529847
3.53944 0

1.375 -0.255054
1.39062 -0.255463

1.39062 -0.255272
1.40625 -0.256695

1.40625 -0.256739
1.42188 -0.259467

-1.42188 0.241808
-1.43331 0.25

-1.40625 0.227591
-1.41406 0.234375

-1.42188 0.241707
-1.41318 0.234375

-1.39062 0.214548
-1.39622 0.21875

-1.39062 0.21446
-1.375 0.204655

-1.40625 0.227071
-1.39592 0.21875

1.42188 -0.259732
1.4375 -0.263149

-1.35938 0.197637
-1.37153 0.203125

1.45312 -0.266514
1.44887 -0.265625

1.4375 -0.263328
1.44849 -0.265625

-1.375 0.204575
-1.37179 0.203125

-1.35938 0.197664
-1.34375 0.19323

-1.34375 0.193232
-1.32812 0.191313

1.45312 -0.26663
1.46875 -0.269311

1.46875 -0.269468
1.48438 -0.27113

-1.32812 0.191418
-1.3125 0.191802

-1.3125 0.192018
-1.29688 0.194061

-1.29688 0.194257
-1.28125 0.197134

-1.28125 0.197302
-1.26562 0.200285

-1.26562 0.200637
-1.25 0.202685

1.48438 -0.271066
1.5 -0.271522

1.25 -0.244045
1.26562 -0.245502

-1.5 0.276242
-1.48438 0.27257

-1.48438 0.272598
-1.46875 0.267557

-1.45312 0.261091
-1.46406 0.265625

1.26562 -0.245483
1.28125 -0.247196

1.28125 -0.247226
1.29688 -0.249175

-1.46875 0.267547
-1.46412 0.265625

-1.45312 0.261326
-1.4375 0.252901

-1.4375 0.253121
-1.43279 0.25

1.29688 -0.249237
1.30286 -0.25

-1.25 0.202983
-1.23438 0.202798

-1.23438 0.202381
-1.21875 0.2002

-1.21875 0.199598
-1.20312 0.197462

-1.20312 0.197409
-1.1875 0.196631

-1.1875 0.196856
-1.17188 0.197092

-1.17188 0.197362
-1.15625 0.19762

-1.15625 0.197785
-1.14062 0.197196

-1.14062 0.196947
-1.125 0.195682

-1.0625 0.186529
-1.06562 0.1875

-1.125 0.195538
-1.10938 0.194384

-1.10938 0.194626
-1.09375 0.193387

-1.09375 0.193754
-1.07812 0.191215

-1.07812 0.191356
-1.06576 0.1875

-1.0625 0.185764
-1.04688 0.179719

-1.04688 0.179797
-1.03125 0.17388

-1.01562 0.16784
-1.02742 0.171875

-1.03125 0.174308
-1.02414 0.171875

-1.01562 0.167861
-1 0.164432

1.5 -0.271436
1.51562 -0.270988

1.51562 -0.270906
1.53125 -0.26989

1.53125 -0.269842
1.54688 -0.268516

1.54688 -0.268479
1.5625 -0.267011

1.5625 -0.266965
1.57724 -0.265625

1.57588 -0.265625
1.57812 -0.265421

1.57812 -0.265464
1.59375 -0.264348

1.59375 -0.264433
1.60938 -0.263585

1.60938 -0.263578
1.625 -0.262841

1.625 -0.262842
1.64062 -0.262232

1.64062 -0.262238
1.65625 -0.261742

1.65625 -0.261755
1.67188 -0.261334

1.67188 -0.261349
1.6875 -0.260945

