-4 -0.00497273
-3.60774 0

-3.51461 0
-3.5 0.000185151

-3.5 -0.00326342
-3.4218 0

-3.25 -0.00485662
-3.21284 0

1.5 -0.0276448
1.51562 -0.0276739

1.51562 -0.027673
1.53125 -0.0277171

-3.125 -0.00685464
-3.09818 0

1.53125 -0.0277162
1.54688 -0.027779

-3 -0.094508
-3.00032 -0.09375

-3 -0.0734928
-3.00032 -0.0625

-3.38845 0
-3.25 0.00582142

-3.20634 0
-3.125 0.0112511

1.54688 -0.0277782
1.5625 -0.0278631

1.5625 -0.0278624
1.57812 -0.0279726

-3.09892 0
-3.0625 0.0178073

-3.0625 0.000699015
-3.03125 0.0266407

-3.03847 0.03125
-3.03125 0.049422

-3 0.030506
-3.00118 0.03125

-3.03125 0.0560716
-3.02702 0.0625

1.57812 -0.0279721
1.59375 -0.0281097

1.59375 -0.0281095
1.60938 -0.0282758

-3.03378 0.0625
-3.03133 0.09375

1.60938 -0.0282761
1.625 -0.0284708

-3.03992 0.09375
-3.03125 0.117718

-3.03125 0.0762101
-3.02301 0.09375

1.625 -0.0284715
1.64062 -0.0286925

1.64062 -0.0286937
1.65625 -0.0289375

1.65625 -0.028939
1.67188 -0.0292

1.67188 -0.0292018
1.6875 -0.0294734

-3.03125 0.113037
-3 0.12386

-3.02802 0.125
-3 0.142039

1.6875 -0.0294752
1.70312 -0.0297504

1.70312 -0.029752
1.71875 -0.0300243

1.71875 -0.0300256
1.73438 -0.0302892

1.73438 -0.03029
1.75 -0.0305408

-1 -0.00880346
-0.984375 -0.0109838

-0.984375 -0.0111148
-0.96875 -0.0134252

-0.96875 -0.013555
-0.953125 -0.015474

-0.9375 -0.0167036
-0.951679 -0.015625

-0.953125 -0.0155018
-0.951506 -0.015625

-0.9375 -0.0167172
-0.921875 -0.0170662

-0.921875 -0.0171027
-0.90625 -0.0165093

-0.90625 -0.0165246
-0.897868 -0.015625

-0.897481 -0.015625
-0.890625 -0.0148892

1.75 -0.030541
1.76562 -0.0307772

-2.95312 -0.127097
-2.9612 -0.125

1.76562 -0.0307766
1.78125 -0.030999

-0.890625 -0.0148933
-0.875 -0.012011

1.8125 -0.0314135
1.79999 -0.03125

-0.875 -0.0119813
-0.859375 -0.0078994

-0.859375 -0.00776267
-0.84375 -0.002814

-2.9375 -0.125038
-2.93963 -0.125

-0.84375 -0.00262622
-0.835686 0

-2.9375 -0.125708
-2.92188 -0.125273

1.78125 -0.030998
1.79688 -0.0312098

1.79688 -0.0312094
1.79998 -0.03125

-2.96956 -0.125
-2.99489 -0.09375

-2.99151 -0.09375
-2.99023 -0.078125

-2.98894 -0.078125
-2.98534 -0.0625

-2.98438 -0.0755171
-2.9814 -0.0625

-2.96875 -0.122734
-2.9603 -0.125

1.8125 -0.0314137
1.82812 -0.0316113

-0.835929 0
-0.828125 0.00254152

-0.828125 0.0026171
-0.8125 0.00716156

1.82812 -0.0316121
1.84375 -0.0318011

1.84375 -0.0318014
1.85938 -0.0319795

0 0.021169
0.015625 0.01963

0.015625 0.0196516
0.03125 0.0181189

0.03125 0.0181133
0.046875 0.0165549

0.0625 0.0149653
0.0557117 0.015625

0.046875 0.0165583
0.056479 0.015625

-0.8125 0.00704498
-0.796875 0.0110468

0.0625 0.0149667
0.078125 0.0136277

0.078125 0.0136179
0.09375 0.012563

0.09375 0.0125495
0.109375 0.0118255

-0.796875 0.0109466
-0.78125 0.0148395

0.109375 0.0118307
0.125 0.0114543

-0.78125 0.0148791
-0.778113 0.015625

-0.778603 0.015625
-0.765625 0.0187112

-0.765625 0.0188629
-0.75 0.021786

0.125 0.0114702
0.140625 0.0113992

-2.95312 -0.124484
-2.9375 -0.124781

-2.98412 -0.0625
-2.98334 -0.046875

-2.98438 -0.0421424
-2.98418 -0.046875

-2.98438 -0.0287444
-2.98597 -0.015625

1.85938 -0.031979
1.875 -0.032147

0.140625 0.0114192
0.15625 0.0115816

-2.98656 -0.015625
-2.9897 0

1.875 -0.0321464
1.89062 -0.0323064

1.89062 -0.0323058
1.90625 -0.0324603

1.90625 -0.0324601
1.92188 -0.0326107

1.92188 -0.0326105
1.9375 -0.0327584

1.9375 -0.0327581
1.95312 -0.0329044

-0.75 0.0217293
-0.734375 0.0236268

-0.734375 0.02344
-0.71875 0.0247991

-2.98438 -0.0310166
-2.98435 -0.03125

0.15625 0.011605
0.171875 0.011914

1.95312 -0.0329036
1.96875 -0.0330505

-0.71875 0.0247909
-0.703125 0.0260016

1.96875 -0.0330491
1.98438 -0.0332008

-0.703125 0.026149
-0.6875 0.0269329

1.98438 -0.0331986
2 -0.0333622

-2.92351 -0.125
-2.92188 -0.124954

-2.92188 -0.124393
-2.90625 -0.123135

-2.90625 -0.123478
-2.89062 -0.122468

-2.89062 -0.12228
-2.875 -0.121208

0.171875 0.0119406
0.1875 0.0122963

-2.875 -0.121333
-2.85938 -0.120322

-2.85938 -0.120251
-2.84375 -0.119192

-0.6875 0.0269504
-0.671875 0.0269774

-0.671875 0.0268541
-0.65625 0.0263358

-0.65625 0.0262311
-0.640625 0.0256234

-2.84375 -0.1193
-2.82812 -0.118116

-2.82812 -0.118052
-2.8125 -0.116653

-2.8125 -0.116709
-2.79688 -0.115111

-2.79688 -0.115057
-2.78125 -0.113255

-2.78125 -0.113273
-2.76562 -0.11134

-2.76562 -0.111217
-2.75011 -0.109375

-2.75 -0.109334
-2.73438 -0.107858

-2.73438 -0.107844
-2.71875 -0.106831

-2.71875 -0.106916
-2.70312 -0.106224

-2.70312 -0.106281
-2.6875 -0.105629

-2.6875 -0.10566
-2.67188 -0.104872

-2.67188 -0.10484
-2.65625 -0.103917

-2.65625 -0.103903
-2.64062 -0.102936

-2.64062 -0.10292
-2.625 -0.101971

-2.625 -0.101984
-2.60938 -0.101058

-2.60938 -0.101063
-2.59375 -0.100123

-2.59375 -0.100134
-2.57812 -0.0991473

-2.57812 -0.0991371
-2.5625 -0.0981016

-2.5625 -0.0980879
-2.54688 -0.097052

-2.54688 -0.0970283
-2.53125 -0.0960668

-2.53125 -0.0960623
-2.51562 -0.0952316

-2.51562 -0.095242
-2.5 -0.0945305

-2.99024 0
-2.99239 0.015625

-2.99248 0.015625
-2.99234 0.03125

-2.99186 0.03125
-2.99025 0.046875

-2.99003 0.046875
-2.98839 0.0625

-2.98789 0.0625
-2.9877 0.078125

0.1875 0.0123255
0.203125 0.0126163

-2.98824 0.078125
-2.98941 0.09375

-3 0.121822
-2.98631 0.09375

-3 0.136259
-2.99251 0.15625

-2.96875 0.174228
-2.99718 0.1875

-2.96875 0.153746
-2.96612 0.15625

-2.95312 0.154773
-2.9523 0.15625

-0.640625 0.0255621
-0.625 0.0251972

0.203125 0.0126461
0.21875 0.0127543

-2.96875 0.165814
-2.96727 0.171875

0.21875 0.0127814
0.234375 0.0125933

0.234375 0.0126116
0.25 0.0120365

-2.96875 0.18205
-2.96334 0.171875

-2.95312 0.170173
-2.95214 0.171875

-0.625 0.0251612
-0.609375 0.0252334

-0.609375 0.025226
-0.59375 0.0258221

-2.98693 0.1875
-2.96875 0.189204

-0.59375 0.0258117
-0.578125 0.0269673

0.25 0.0120378
0.265625 0.0110363

-2.96875 0.189038
-2.96759 0.1875

-2.9375 0.234077
-2.95085 0.25

0.265625 0.0110131
0.28125 0.00962878

0.28125 0.00957953
0.296875 0.0079573

0.296875 0.00788364
0.3125 0.00626935

0.3125 0.00618258
0.328125 0.0048971

0.328125 0.00481938
0.34375 0.00419169

2 -0.0333592
2.01562 -0.0335448

0.34375 0.00414783
0.359375 0.0044211

0.359375 0.00442315
0.375 0.00568098

0.375 0.00572174
0.390625 0.00787852

0.390625 0.00794048
0.40625 0.0107908

0.40625 0.0108469
0.421875 0.0141546

0.421875 0.0141634
0.428036 0.015625

0.428289 0.015625
0.4375 0.0178104

0.4375 0.017995
0.453125 0.0218348

0.453125 0.0219062
0.46875 0.025415

0.46875 0.0254453
0.484375 0.02842

0.484375 0.0284365
0.5 0.0307836

2.01562 -0.0335413
2.03125 -0.0337615

2.03125 -0.0337579
2.04688 -0.034027

2.04688 -0.0340238
2.0625 -0.0343552

2.0625 -0.0343532
2.07812 -0.0347571

2.07812 -0.0347568
2.09375 -0.0352375

-2.9375 0.236647
-2.92264 0.25

2.09375 -0.0352387
2.10938 -0.0357945

2.10938 -0.0357964
2.125 -0.0364212

-0.578125 0.0268976
-0.5625 0.0287731

-2.94974 0.25
-2.9375 0.2623

-0.5625 0.0286655
-0.54891 0.03125

-2.9375 0.264427
-2.92039 0.25

-0.548422 0.03125
-0.546875 0.0315442

-0.546875 0.031368
-0.53125 0.036189

0.890625 -0.000467743
0.888547 0

0.890625 -0.000539176
0.90625 -0.0041812

0.90625 -0.00409551
0.921875 -0.00715961

0.921875 -0.00704382
0.9375 -0.0099264

0.9375 -0.00982145
0.953125 -0.012964

0.96875 -0.0169279
0.963257 -0.015625

0.953125 -0.0127906
0.965075 -0.015625

2.125 -0.0364226
2.14062 -0.0371101

2.14062 -0.0371102
2.15625 -0.0378575

2.15625 -0.0378557
2.17188 -0.0386661

2.17188 -0.0386581
2.1875 -0.039551

2.1875 -0.0395366
2.20312 -0.0405565

2.20312 -0.0405483
2.21875 -0.0417405

-0.53125 0.0363084
-0.515625 0.0432572

2.21875 -0.0417502
2.23438 -0.0431117

-2.5 -0.0945605
-2.48438 -0.0938874

2.23438 -0.0431201
2.25 -0.0446147

-2.48438 -0.0939263
-2.48079 -0.09375

-2.48084 -0.09375
-2.46875 -0.0931549

-0.515625 0.0435344
-0.508445 0.046875

0.96875 -0.0170205
0.984375 -0.0205894

-2.46875 -0.0932246
-2.45312 -0.0921475

-2.45312 -0.0922331
-2.4375 -0.0905382

0.984375 -0.0205031
1 -0.0233127

2.25 -0.0445791
2.26562 -0.0462611

0.5 0.0307733
0.504326 0.03125

2.28125 -0.0482772
2.27025 -0.046875

0.50442 0.03125
0.515625 0.0324846

2.26562 -0.0461359
2.27142 -0.046875

0.515625 0.0324075
0.53125 0.0336989

2.28125 -0.0483461
2.29688 -0.050464

2.29688 -0.0504177
2.3125 -0.0525163

2.375 -0.0646076
2.366 -0.0625

2.3125 -0.0524333
2.32812 -0.0547713

2.32812 -0.0547451
2.34375 -0.0575409

2.34375 -0.0575474
2.35938 -0.0608403

2.35938 -0.0608359
2.36648 -0.0625

2.375 -0.06478
2.39062 -0.0682392

2.39062 -0.0682943
2.40625 -0.071

2.40625 -0.0710077
2.42188 -0.072834

2.42188 -0.072816
2.4375 -0.0737835

2.4375 -0.0737372
2.45312 -0.0739746

2.45312 -0.0739051
2.46875 -0.0736439

2.46875 -0.0735733
2.48438 -0.0730935

2.48438 -0.0730501
2.5 -0.0725798

0.53125 0.0335359
0.546875 0.0348831

-0.510265 0.046875
-0.5 0.0516507

-2.4375 -0.0905977
-2.42188 -0.087995

-2.42188 -0.0879806
-2.40625 -0.0843798

-2.40625 -0.0842547
-2.39062 -0.0799347

0.546875 0.0349967
0.5625 0.0364986

2.5 -0.0725759
2.51562 -0.07221

2.51562 -0.0722361
2.53125 -0.0719299

-2.39062 -0.0796632
-2.385 -0.078125

-2.38493 -0.078125
-2.375 -0.0754119

0.59375 0.0254113
0.583089 0.03125

-2.375 -0.0753822
-2.35938 -0.0717262

-2.35938 -0.071705
-2.34375 -0.068751

-2.34375 -0.0686048
-2.32812 -0.0666876

2.53125 -0.0719647
2.54688 -0.0715965

2.54688 -0.0716214
2.5625 -0.0710717

-0.5 0.0519651
-0.484375 0.0566781

2.5625 -0.0710811
2.57812 -0.0702814

-0.484375 0.0562606
-0.46875 0.0579438

-2.32812 -0.0667156
-2.3125 -0.0660715

-0.46875 0.0574008
-0.453125 0.057975

0.5625 0.0377272
0.578125 0.0366998

0.578125 0.0395817
0.59375 0.0317878

0.59375 0.0252037
0.609375 0.0168929

0.609375 0.018387
0.625 0.0157557

2.57812 -0.0702813
2.59375 -0.0692132

2.59375 -0.0692107
2.60938 -0.0678793

2.60938 -0.0678727
2.625 -0.0662961

-2.3125 -0.0664053
-2.29688 -0.0663108

-2.29688 -0.0665131
-2.28125 -0.0658963

-0.453125 0.0578333
-0.4375 0.0586677

2.625 -0.066281
2.64062 -0.0645024

-2.28125 -0.0656726
-2.26562 -0.0645763

0.59375 0.0350775
0.598463 0.03125

-0.4375 0.0588501
-0.421875 0.0598634

2.64062 -0.0644859
2.65625 -0.0625686

0.625 0.0164637
0.640625 0.0162621

0.640625 0.0164242
0.65625 0.0169121

0.65625 0.0170715
0.671875 0.0176061

0.671875 0.0175814
0.6875 0.0178935

2.65625 -0.0625524
2.65666 -0.0625

2.65667 -0.0625
2.67188 -0.0605611

2.67188 -0.0605574
2.6875 -0.0585286

-0.421875 0.0600497
-0.40625 0.0605048

-0.40625 0.0604889
-0.390625 0.0600447

-2.26562 -0.0642629
-2.25 -0.0637613

-0.390625 0.0598709
-0.375 0.0589069

2.6875 -0.058543
2.70312 -0.0564563

0.6875 0.0178712
0.703125 0.0180548

-2.25 -0.0639324
-2.23438 -0.0643103

0.703125 0.0180594
0.71875 0.0181499

-2.23438 -0.0646455
-2.21875 -0.0648902

-0.375 0.0587929
-0.359375 0.0578847

-2.21875 -0.0649132
-2.20312 -0.0643082

-2.20312 -0.0641314
-2.1875 -0.062984

-0.359375 0.0579553
-0.34375 0.0571896

0.71875 0.0181766
0.734375 0.0181115

2.70312 -0.056451
2.71875 -0.054288

-2.1875 -0.0628169
-2.18272 -0.0625

2.71875 -0.0542395
2.73438 -0.0521078

-2.18235 -0.0625
-2.17188 -0.061806

2.73438 -0.0520165
2.75 -0.0501959

-2.17188 -0.0617927
-2.15625 -0.0611802

-0.34375 0.057304
-0.328125 0.0563109

0.734375 0.0181571
0.75 0.0177916

2.75 -0.0501056
2.76562 -0.0489596

-0.328125 0.0561339
-0.3125 0.0550386

-2.15625 -0.0612694
-2.14062 -0.0609125

-0.3125 0.0545501
-0.296875 0.0546833

2.76562 -0.0489252
2.78125 -0.0487034

0.75 0.0178342
0.765625 0.0169916

2.78125 -0.0487779
2.79688 -0.0494

-2.14062 -0.0609975
-2.125 -0.0605478

2.79688 -0.0495611
2.8125 -0.050556

-2.125 -0.0605625
-2.10938 -0.0598207

0.78125 0.0155096
0.780005 0.015625

-0.296875 0.0544569
-0.28125 0.0572484

0.765625 0.0170167
0.780639 0.015625

2.8125 -0.0507554
2.82812 -0.0514021

0.78125 0.0154524
0.796875 0.0135801

2.82812 -0.0515795
2.84375 -0.0511246

0.796875 0.0134912
0.8125 0.0115978

2.84375 -0.051281
2.85938 -0.0490571

-2.10938 -0.059797
-2.09375 -0.0587812

2.85938 -0.0491816
2.86728 -0.046875

-0.28125 0.0574876
-0.265719 0.0625

2.86729 -0.046875
2.875 -0.0446268

-0.265625 0.0622182
-0.264531 0.0625

-0.269923 0.0625
-0.265625 0.063887

2.875 -0.0446217
2.89062 -0.0374816

0.8125 0.0116122
0.828125 0.00984664

-0.265625 0.0639346
-0.25 0.0679608

0.828125 0.00992693
0.84375 0.00809973

2.89062 -0.0374729
2.90056 -0.03125

2.90076 -0.03125
2.90625 -0.0278111

0.84375 0.00815902
0.859375 0.00599104

0.859375 0.00603201
0.875 0.00332274

-0.25 0.0675818
-0.234375 0.0689224

0.875 0.00344543
0.890306 0

-0.234375 0.0687397
-0.21875 0.0684984

2.90625 -0.0277352
2.92134 -0.015625

-2.09375 -0.0587592
-2.07812 -0.0575611

2.92175 -0.015625
2.92188 -0.0155184

0.890625 0.000154706
0.891289 0

-2.07812 -0.0575459
-2.0625 -0.05624

-0.21875 0.0684417
-0.203125 0.0670969

2.92188 -0.0155263
2.93708 0

-0.203125 0.0671043
-0.1875 0.0647547

3 -0.0848882
2.98995 -0.078125

-2.0625 -0.0562255
-2.04688 -0.0548711

-2.04688 -0.0548489
-2.03125 -0.0535194

2.99679 -0.078125
3 -0.070779

2.99709 -0.0625
3 -0.0594796

2.98438 -0.0165283
2.98389 -0.015625

2.98438 -0.00100652
2.9838 0

2.98438 -0.0163398
3 -0.016042

2.98438 -0.00129379
3 -0.00112347

-0.171875 0.0613104
-0.177756 0.0625

-0.171875 0.0613272
-0.15625 0.0578904

-2.03125 -0.0534924
-2.01562 -0.0522862

-2.01562 -0.0522661
-2 -0.0512772

-0.15625 0.0580771
-0.140625 0.0543157

-0.140625 0.0544745
-0.125 0.0496973

-0.1875 0.0647402
-0.176424 0.0625

2.93684 0
2.9375 0.00083313

-0.109375 0.0436519
-0.119092 0.046875

2.9375 0.000446125
2.94823 0.015625

1 -0.0232636
1.01562 -0.0255847

2.94817 0.015625
2.95312 0.0264192

2.95312 0.0285328
2.95437 0.03125

2.95444 0.03125
2.95965 0.046875

2.96001 0.046875
2.96366 0.0625

2.98438 0.0133271
2.98369 0.015625

1.01562 -0.0255783
1.03125 -0.0275219

1.03125 -0.0275216
1.04688 -0.029101

1.04688 -0.0291006
1.0625 -0.0303169

2.98438 0.010342
3 0.0105191

2.98438 0.0221262
3 0.0220512

2.96875 0.0594397
2.9698 0.0625

1.09375 -0.0317217
1.08026 -0.03125

1.0625 -0.0303093
1.07812 -0.0311785

1.07812 -0.0311655
1.08054 -0.03125

2.98438 0.0602563
2.99156 0.0625

2.96302 0.0625
2.96347 0.078125

2.9634 0.078125
2.96206 0.09375

1.09375 -0.0317103
1.10938 -0.0319637

2.96148 0.09375
2.95992 0.109375

1.10938 -0.0319467
1.125 -0.0319608

2.95694 0.109375
2.95788 0.125

-2 -0.0512692
-1.98438 -0.0505537

2.96935 0.0625
2.97034 0.078125

2.96875 0.0799508
2.969 0.078125

1.125 -0.0319459
1.14062 -0.0317845

1.14062 -0.0317726
1.15625 -0.0314894

-1.98438 -0.0505282
-1.96875 -0.0501532

1.15625 -0.0314812
1.16612 -0.03125

2.98438 0.0711492
2.99126 0.078125

1.16618 -0.03125
1.17188 -0.0311167

2.98438 0.0840397
2.99335 0.078125

1.17188 -0.0311065
1.1875 -0.0306922

2.96875 0.098963
2.97609 0.125

1.1875 -0.0306847
1.20312 -0.0302557

2.89062 0.244707
2.88619 0.25

1.20312 -0.0302508
1.21875 -0.029832

2.90625 0.230886
2.90421 0.234375

1.21875 -0.0298287
1.23438 -0.0294365

2.90297 0.234375
2.89141 0.25

1.23438 -0.0294345
1.25 -0.0290796

-1.96875 -0.0500727
-1.95312 -0.05025

-0.125 0.0496988
-0.116487 0.046875

2.92188 0.198955
2.91838 0.203125

-1.95312 -0.0502371
-1.9375 -0.0511534

2.9187 0.203125
2.91024 0.21875

-1.9375 -0.0513004
-1.92188 -0.0526875

-1.92188 -0.0528336
-1.90625 -0.0541053

2.92188 0.196348
2.9375 0.189188

2.90625 0.239848
2.91216 0.21875

1.25 -0.0290786
1.26562 -0.0287667

1.26562 -0.0287666
1.28125 -0.0284999

1.28125 -0.0285004
1.29688 -0.0282785

1.29688 -0.0282793
1.3125 -0.0280995

2.95357 0.125
2.96265 0.140625

2.95928 0.140625
2.96367 0.15625

2.9375 0.184733
2.94626 0.1875

2.96322 0.15625
2.96595 0.171875

1.3125 -0.0281006
1.32812 -0.0279588

1.32812 -0.0279601
1.34375 -0.0278514

1.34375 -0.0278527
1.35938 -0.0277718

1.35938 -0.0277731
1.375 -0.0277148

2.96699 0.171875
2.96875 0.176712

1.375 -0.027716
1.39062 -0.0276754

1.39062 -0.0276763
1.40625 -0.0276491

-0.109375 0.0438274
-0.09375 0.039613

1.40625 -0.0276499
1.42188 -0.0276325

2.96875 0.126634
2.99448 0.15625

-1.90625 -0.054125
-1.89062 -0.0549499

2.96875 0.178654
3 0.179696

-1.89062 -0.0548966
-1.875 -0.0553417

2.9375 0.190386
2.96875 0.21818

-1.875 -0.0553003
-1.85938 -0.0555548

2.95698 0.21875
2.95371 0.25

1.42188 -0.027633
1.4375 -0.0276229

2.96875 0.205456
2.9817 0.1875

-1.85938 -0.0555535
-1.84375 -0.0557027

1.4375 -0.0276231
1.45312 -0.027619

1.45312 -0.0276189
1.46875 -0.0276206

1.46875 -0.0276202
1.48438 -0.0276288

1.48438 -0.0276282
1.5 -0.0276456

2.875 0.277891
2.87428 0.28125

-0.09375 0.0399992
-0.078125 0.0364275

-1.84375 -0.0557228
-1.82812 -0.055729

-1.82812 -0.0557398
-1.8125 -0.0555413

2.85938 0.29272
2.85651 0.296875

2.85476 0.296875
2.8587 0.3125

-0.078125 0.0367698
-0.0625 0.0323839

2.8742 0.28125
2.86455 0.296875

-1.8125 -0.0555338
-1.79688 -0.0551241

-1.79688 -0.0551144
-1.78125 -0.054528

2.85938 0.307673
2.875 0.302867

2.84375 0.325369
2.84165 0.328125

-1.78125 -0.0545278
-1.76562 -0.0537849

-1.76562 -0.0537854
-1.75 -0.0528852

-0.046875 0.0270183
-0.0623316 0.03125

-0.046875 0.0274265
-0.03125 0.0246159

-0.0625 0.0328105
-0.0568001 0.03125

2.83035 0.328125
2.84375 0.33409

2.84375 0.313364
2.85449 0.3125

2.88695 0.25
2.88094 0.265625

2.875 0.27185
2.88781 0.28125

2.89062 0.259533
2.89896 0.265625

-1.75 -0.0528745
-1.73438 -0.0518373

-1.73438 -0.0518162
-1.71875 -0.0507056

-0.03125 0.024835
-0.015625 0.022806

-1.71875 -0.050681
-1.70312 -0.0495883

-1.70312 -0.0495645
-1.6875 -0.0485863

2.89062 0.270869
2.90205 0.265625

2.875 0.283789
2.90625 0.281251

-0.015625 0.0228185
0 0.021108

2.90625 0.26087
2.9375 0.265695

2.90625 0.281713
2.9124 0.28125

-1.6875 -0.0485686
-1.67188 -0.0477877

2.9375 0.279824
2.96954 0.25

3.0625 -0.314102
3.05993 -0.3125

3.0596 -0.3125
3.0625 -0.312207

-1.67188 -0.0477868
-1.65625 -0.0472404

-1.65625 -0.047264
-1.64062 -0.0469066

-1.64062 -0.046945
-1.63692 -0.046875

-1.63684 -0.046875
-1.625 -0.0466515

3.0625 -0.3144
3.06276 -0.3125

-1.625 -0.0466809
-1.60938 -0.0463094

-1.60938 -0.0463114
-1.59375 -0.0457999

-1.59375 -0.0457771
-1.57812 -0.045167

-1.57812 -0.0451313
-1.5625 -0.0445396

3.0625 -0.312028
3.06291 -0.3125

3 -0.0796203
3.00546 -0.0625

3 -0.0577393
3.0055 -0.0625

3.03125 -0.00294114
3.025 0

3.0625 -0.00353112
3.05127 0

3.125 -0.00499482
3.10258 0

3.25 -0.00387152
3.22207 0

3.5 -0.0031824
3.43577 0

-1.5625 -0.0445008
-1.54688 -0.0440764

-1.54688 -0.0440386
-1.53125 -0.0439347

-1.53125 -0.043911
-1.51562 -0.0442508

-1.51562 -0.0442729
-1.5 -0.0450597

3.03125 0.014622
3.02339 0.03125

3.03125 0.0546046
3.03113 0.0625

3.03125 0.0235901
3.05999 0

3.03125 0.0571297
3.03682 0.03125

3.03125 0.119432
3.02948 0.125

3.03442 0.0625
3.03628 0.09375

3.03981 0.09375
3.03489 0.125

3.0625 0.0169093
3.09508 0

3 0.170936
3.03868 0.125

3 0.188186
3.00046 0.1875

3.125 0.0127203
3.20115 0

3.25 0.0060217
3.37107 0

4 -0.00612299
3.59269 0

3.5 0.000388856
3.52587 0

-1.5 -0.045139
-1.48438 -0.0461701

-1.46875 -0.0472113
-1.47428 -0.046875

-1.48438 -0.0462494
-1.47409 -0.046875

-1.46875 -0.0472277
-1.45312 -0.0478833

-1.45312 -0.0478819
-1.4375 -0.0481978

2.42188 0.530999
2.42186 0.53125

2.42188 0.531078
2.42204 0.53125

2.42188 0.531265
2.42212 0.53125

-1.4375 -0.0481934
-1.42188 -0.0481814

-1.42188 -0.0481824
-1.40625 -0.0478493

-1.40625 -0.0478498
-1.39062 -0.0471927

-1.39062 -0.0471756
-1.38575 -0.046875

-1.38557 -0.046875
-1.375 -0.0462238

-1.375 -0.0462119
-1.35938 -0.0449803

-1.35938 -0.0449646
-1.34375 -0.0435127

-1.34375 -0.0434994
-1.32812 -0.0418851

-1.32812 -0.0418807
-1.3125 -0.0401396

-1.3125 -0.0401478
-1.29688 -0.0382723

-1.29688 -0.0382887
-1.28125 -0.0362296

-1.28125 -0.0362377
-1.26562 -0.033946

-1.26562 -0.0339114
-1.25 -0.0314403

-1.25 -0.0313785
-1.24919 -0.03125

-1.24909 -0.03125
-1.23438 -0.0289061

-1.23438 -0.028862
-1.21875 -0.0265338

-1.21875 -0.0265014
-1.20312 -0.0244852

-1.20312 -0.0244916
-1.1875 -0.0228393

-1.1875 -0.0228623
-1.17188 -0.021515

-1.17188 -0.0215374
-1.15625 -0.0204041

-1.15625 -0.0204326
-1.14062 -0.0194117

-1.14062 -0.0194577
-1.125 -0.0184004

-1.125 -0.0184614
-1.10938 -0.0171537

-1.10938 -0.0172023
-1.09551 -0.015625

-1.09548 -0.015625
-1.09375 -0.0154277

-1.09375 -0.0154156
-1.07812 -0.0130872

-1.07812 -0.0129578
-1.0625 -0.0103559

-1.0625 -0.0101469
-1.04688 -0.00794842

-1.04688 -0.00780143
-1.03125 -0.00671854

-1.03125 -0.00671954
-1.01562 -0.00704417

-1.01562 -0.0071563
-1 -0.00866219

