-4 -0.00231354
-3.76205 0

-3.62405 0
-3.5 0.0012061

-3.5 -0.00158295
-3.45325 0

1.51562 -0.218843
1.51165 -0.21875

1.51562 -0.218805
1.53125 -0.219227

-3.25 -0.00175392
-3.23315 0

-3 -0.200111
-3.00026 -0.1875

-3 -0.125373
-3.00044 -0.125

1.5 -0.218477
1.51163 -0.21875

1.53125 -0.219197
1.54688 -0.219811

1.54688 -0.219809
1.5625 -0.220676

1.5625 -0.220704
1.57812 -0.221771

1.57812 -0.221817
1.59375 -0.222938

1.59375 -0.222984
1.60938 -0.223976

-3.125 -0.00172241
-3.11754 0

-3 -0.0939886
-3.00033 -0.09375

-3 -0.0799758
-3.00165 -0.0625

-3.0625 -0.00108496
-3.05903 0

-3 -0.0390646
-3.00084 -0.03125

-3.03125 -0.00284222
-3.01425 0

-3.40132 0
-3.25 0.00516675

-3.21496 0
-3.125 0.0100534

1.60938 -0.224007
1.625 -0.224717

1.625 -0.224719
1.64062 -0.225081

1.64062 -0.225046
1.65625 -0.225126

1.65625 -0.225061
1.67188 -0.225057

-3.10807 0
-3.0625 0.0166999

-3.0625 0.00608483
-3.03125 0.0278342

1.67188 -0.224992
1.6875 -0.225164

1.6875 -0.225131
1.70312 -0.225675

1.70312 -0.225691
1.71875 -0.22664

1.71875 -0.226693
1.73438 -0.227909

1.73438 -0.227966
1.75 -0.229228

-3.03204 0.03125
-3.03125 0.0328422

-3.03125 0.0172539
-3.01972 0.03125

-3.03125 0.0330428
-3.02134 0.0625

-3.0345 0.0625
-3.03125 0.0732315

-3.03125 0.0652661
-3.01803 0.09375

-3.01357 0.09375
-3.00177 0.125

1.75 -0.229258
1.76562 -0.230392

1.76562 -0.230384
1.78125 -0.231349

1.78125 -0.231321
1.79688 -0.23219

-3.01506 0.125
-3 0.156692

1.79688 -0.232171
1.8125 -0.23304

1.8125 -0.233044
1.82812 -0.233945

1.84375 -0.234846
1.83529 -0.234375

1.82812 -0.233967
1.83546 -0.234375

1.84375 -0.234898
1.85938 -0.235568

1.85938 -0.235625
1.875 -0.23587

1.875 -0.23589
1.89062 -0.235555

1.89062 -0.235504
1.90625 -0.234652

1.90625 -0.234606
1.9094 -0.234375

1.90913 -0.234375
1.92188 -0.233442

1.92188 -0.233385
1.9375 -0.232194

0 -0.127434
0.015625 -0.129427

0.015625 -0.129382
0.03125 -0.132633

0.03125 -0.133069
0.046875 -0.136797

0.046875 -0.137107
0.0625 -0.139819

0.078125 -0.141022
0.0744573 -0.140625

0.0625 -0.139592
0.0720369 -0.140625

0.078125 -0.141194
0.09375 -0.142503

0.09375 -0.142436
0.109375 -0.143511

0.109375 -0.143343
0.125 -0.144656

0.125 -0.144627
0.140625 -0.146572

0.140625 -0.146602
0.15625 -0.149176

0.15625 -0.149277
0.171875 -0.152217

-0.640625 -0.00280426
-0.646313 0

0.171875 -0.152509
0.1875 -0.155029

-0.640625 -0.00346328
-0.625 -0.00996639

0.21875 -0.157619
0.203732 -0.15625

0.1875 -0.155043
0.199519 -0.15625

-0.625 -0.0101988
-0.609375 -0.0136854

-3 -0.203674
-2.99928 -0.1875

-0.609375 -0.0133329
-0.59375 -0.0140433

-0.59375 -0.0135716
-0.578125 -0.0131542

-0.578125 -0.0127962
-0.5625 -0.0129104

-3 -0.187362
-2.99895 -0.1875

-0.5625 -0.0129124
-0.546875 -0.0142701

1.9375 -0.232211
1.95312 -0.231059

-3 -0.156099
-2.99992 -0.15625

1.95312 -0.231083
1.96875 -0.229887

1.96875 -0.229671
1.98438 -0.228816

1.98438 -0.228737
2 -0.228815

0.203125 -0.156209
0.203578 -0.15625

0.21875 -0.157693
0.234375 -0.159576

0.234375 -0.159679
0.25 -0.161666

-0.53125 -0.0167612
-0.538552 -0.015625

-0.546875 -0.014374
-0.538836 -0.015625

-0.53125 -0.0171414
-0.515625 -0.0197669

-3 -0.0827695
-2.98438 -0.0795478

-3 -0.0739776
-2.9863 -0.078125

-3 -0.0327434
-2.98834 -0.03125

-0.515625 -0.019745
-0.5 -0.0218946

-0.96875 0.060531
-0.975176 0.0625

-0.96875 0.0602955
-0.953125 0.0554167

-0.953125 0.0552613
-0.9375 0.0506088

-1 0.069893
-0.984375 0.0649688

-0.984375 0.0648919
-0.976569 0.0625

0.25 -0.161691
0.265625 -0.163527

0.265625 -0.163482
0.28125 -0.165205

0.28125 -0.165164
0.296875 -0.166945

-0.9375 0.0503895
-0.922598 0.046875

-0.90625 0.0440342
-0.920672 0.046875

-0.921875 0.0469562
-0.921463 0.046875

-0.90625 0.0439917
-0.890625 0.0407989

-0.890625 0.0408581
-0.875 0.037501

0.296875 -0.166966
0.3125 -0.168846

-0.875 0.0373361
-0.859375 0.034026

-0.859375 0.0339609
-0.844281 0.03125

-3 -0.017631
-2.98438 -0.016891

-3 -0.00298987
-2.98438 -0.00296129

0.3125 -0.168957
0.328125 -0.170672

0.328125 -0.170709
0.342566 -0.171875

-0.828125 0.0286399
-0.842361 0.03125

-0.828125 0.0285781
-0.8125 0.0250821

-0.84375 0.0314616
-0.842596 0.03125

-0.8125 0.0248839
-0.796875 0.0212697

-3 0.00844043
-2.98438 0.00854309

-3 0.0193706
-2.98438 0.0193706

-3 0.0318974
-2.98438 0.0318974

-3 0.061183
-2.98438 0.061183

2.07812 -0.257118
2.06521 -0.25

2.07812 -0.257193
2.09375 -0.264799

0.359375 -0.172875
0.344845 -0.171875

0.34375 -0.171814
0.34463 -0.171875

0.359375 -0.172916
0.375 -0.174057

-3 0.0697203
-2.98438 0.0697203

0.375 -0.17407
0.390625 -0.17517

0.390625 -0.175165
0.40625 -0.176205

0.40625 -0.176216
0.421875 -0.177184

0.421875 -0.17718
0.4375 -0.178061

0.4375 -0.178064
0.453125 -0.178859

-0.796875 0.0211856
-0.78125 0.0180174

-0.765625 0.0153106
-0.76733 0.015625

-0.78125 0.0181794
-0.767394 0.015625

-0.765625 0.0150806
-0.75 0.0126001

2.10938 -0.270881
2.09564 -0.265625

2.09375 -0.26485
2.09578 -0.265625

2.10938 -0.270368
2.125 -0.275541

0.453125 -0.178854
0.46875 -0.179569

0.46875 -0.179568
0.484375 -0.180215

-0.75 0.0122399
-0.734375 0.0113189

-0.734375 0.0115027
-0.71875 0.0124939

-0.71875 0.0129656
-0.703125 0.014558

-0.703125 0.0151273
-0.6875 0.0152389

-0.688268 0.015625
-0.6875 0.0156305

-0.6875 0.0156082
-0.671875 0.0123619

-0.671875 0.0119209
-0.65625 0.0054604

-0.65625 0.00492514
-0.646259 0

2.15625 -0.283978
2.14324 -0.28125

2.125 -0.275885
2.14062 -0.280576

2.14062 -0.280684
2.14332 -0.28125

0.484375 -0.180213
0.5 -0.180798

2.15625 -0.283543
2.17188 -0.286024

2.17188 -0.285973
2.1875 -0.288624

2.1875 -0.288682
2.20312 -0.291488

-2.99983 0.078125
-2.99046 0.09375

-2.99478 0.09375
-2.98605 0.125

2.20312 -0.291313
2.21875 -0.294508

-3 0.125724
-2.98792 0.15625

-2.99124 0.15625
-2.96929 0.1875

-2.96875 0.154579
-2.95312 0.155514

-2.96875 0.162012
-2.95312 0.169648

-2.96405 0.171875
-2.95786 0.1875

-2.96997 0.1875
-2.96875 0.189436

-2.96875 0.189769
-2.95022 0.21875

-0.5 -0.0216108
-0.484375 -0.0238958

-0.484375 -0.0235657
-0.46875 -0.0272141

-2.94843 0.21875
-2.9375 0.231209

-2.9375 0.21854
-2.93728 0.21875

-2.9375 0.228898
-2.91887 0.25

-0.453125 -0.0330905
-0.457444 -0.03125

-2.9185 0.25
-2.90625 0.264729

-0.453125 -0.0334462
-0.4375 -0.0439702

-0.46875 -0.0268492
-0.458424 -0.03125

-2.90625 0.263559
-2.9045 0.265625

-2.90476 0.265625
-2.8929 0.28125

-0.40625 -0.0810077
-0.408831 -0.078125

-0.407303 -0.078125
-0.420374 -0.0625

-0.375 -0.0959802
-0.387734 -0.09375

2.23438 -0.298508
2.22799 -0.296875

-0.40625 -0.0814383
-0.390625 -0.0935861

-2.8949 0.28125
-2.875 0.304384

0.5 -0.180798
0.515625 -0.181326

-0.390625 -0.0933
-0.388056 -0.09375

0.515625 -0.181324
0.53125 -0.181799

2.21875 -0.294454
2.22822 -0.296875

0.53125 -0.181798
0.546875 -0.182224

-0.421875 -0.0589904
-0.433787 -0.046875

-2.875 0.300044
-2.86302 0.3125

-0.4375 -0.0436469
-0.433676 -0.046875

-2.86701 0.3125
-2.84375 0.334242

0.546875 -0.182224
0.5625 -0.182602

2.23438 -0.298587
2.25 -0.303207

-2.84375 0.327735
-2.84315 0.328125

-0.421875 -0.0605384
-0.42026 -0.0625

2 -0.228829
2.01562 -0.229971

0.5625 -0.182602
0.578125 -0.182934

-2.84375 0.329097
-2.82812 0.342952

2.03125 -0.235248
2.02764 -0.234375

2.01562 -0.229072
2.03125 -0.232847

2.04688 -0.240348
2.0322 -0.234375

0.578125 -0.182934
0.59375 -0.183218

2.03125 -0.232668
2.03544 -0.234375

2.04688 -0.239849
2.0625 -0.24771

0.59375 -0.183218
0.609375 -0.183452

-2.82812 0.343006
-2.8275 0.34375

0.609375 -0.183452
0.625 -0.183639

2.0625 -0.247842
2.06642 -0.25

-0.375 -0.0963752
-0.365907 -0.09375

-2.83321 0.34375
-2.8125 0.361559

-2.8125 0.355766
-2.80692 0.359375

-2.80939 0.359375
-2.79688 0.370476

2.28125 -0.312811
2.28017 -0.3125

-2.79688 0.37173
-2.79425 0.375

2.28125 -0.312751
2.29688 -0.316739

-2.79835 0.375
-2.78125 0.389412

2.29688 -0.316599
2.3125 -0.320294

-2.78125 0.388454
-2.75576 0.40625

2.25 -0.303323
2.26562 -0.308109

-2.75502 0.40625
-2.75 0.409269

0.625 -0.183638
0.640625 -0.183781

-0.372238 -0.09375
-0.359375 -0.0900363

0.640625 -0.183779
0.65625 -0.183884

2.26562 -0.308206
2.28049 -0.3125

0.65625 -0.183882
0.671875 -0.183954

0.671875 -0.183951
0.6875 -0.184

-0.359375 -0.0897127
-0.34375 -0.0814873

-0.34375 -0.0801084
-0.338951 -0.078125

-0.340095 -0.078125
-0.328125 -0.0731777

-0.328125 -0.0738872
-0.3125 -0.0714811

2.3125 -0.320134
2.32812 -0.324135

2.34375 -0.328848
2.34156 -0.328125

2.32812 -0.323902
2.34091 -0.328125

2.375 -0.348862
2.3679 -0.34375

2.34375 -0.328432
2.35938 -0.336484

2.35938 -0.336489
2.36953 -0.34375

-0.3125 -0.071717
-0.296875 -0.0717276

2.39062 -0.360121
2.38933 -0.359375

2.375 -0.349743
2.38984 -0.359375

-0.296875 -0.0719952
-0.28125 -0.0734155

-0.28125 -0.0735831
-0.265625 -0.0755427

-2.75 0.40766
-2.71875 0.425408

-0.265625 -0.075688
-0.25 -0.0775611

-2.71875 0.426871
-2.70312 0.435519

0.6875 -0.183995
0.703125 -0.184036

2.39062 -0.360153
2.40625 -0.365529

2.40625 -0.365109
2.42188 -0.366061

0.703125 -0.184027
0.71875 -0.184086

-2.70312 0.433791
-2.69676 0.4375

-2.69636 0.4375
-2.6875 0.442866

0.71875 -0.184075
0.734375 -0.184191

-0.234375 -0.0792572
-0.242823 -0.078125

0.734375 -0.184179
0.75 -0.184397

-0.25 -0.07741
-0.244665 -0.078125

-2.6875 0.444279
-2.67434 0.453125

2.42188 -0.365238
2.4375 -0.364251

2.4375 -0.363729
2.45312 -0.363493

-2.67365 0.453125
-2.67188 0.454277

2.45312 -0.363568
2.46875 -0.364977

0.75 -0.184387
0.765625 -0.184755

-2.67188 0.453796
-2.65625 0.464755

-0.234375 -0.079546
-0.21875 -0.0820798

2.46875 -0.365329
2.48438 -0.36753

-0.21875 -0.0822387
-0.203125 -0.0845143

-2.65625 0.46684
-2.65349 0.46875

-0.203125 -0.0846485
-0.1875 -0.0860797

-2.65254 0.46875
-2.625 0.485751

-0.1875 -0.0856258
-0.171875 -0.0868524

-0.171875 -0.0858433
-0.15625 -0.0897915

2.48438 -0.367744
2.5 -0.369609

-2.5625 0.34152
-2.56786 0.34375

-2.57812 0.349648
-2.58659 0.359375

-2.58778 0.359375
-2.59144 0.375

-2.57812 0.348836
-2.56783 0.34375

-2.5625 0.339447
-2.55092 0.34375

-2.55402 0.34375
-2.54688 0.350666

-2.54793 0.359375
-2.54937 0.375

-2.54688 0.344661
-2.5411 0.359375

-0.140625 -0.0987518
-0.148641 -0.09375

-0.125 -0.113065
-0.130191 -0.109375

-0.140625 -0.101517
-0.13 -0.109375

-0.15625 -0.0896326
-0.149437 -0.09375

2.5 -0.369688
2.51562 -0.370632

2.51562 -0.370626
2.53125 -0.370504

2.53125 -0.370449
2.54688 -0.369383

2.54688 -0.369369
2.5625 -0.367495

-2.59133 0.375
-2.5815 0.390625

-2.58314 0.390625
-2.57812 0.395152

-0.03125 -0.125123
-0.015625 -0.126354

-0.015625 -0.12635
0 -0.127696

-0.125 -0.113736
-0.109375 -0.12076

-0.109375 -0.120238
-0.09375 -0.12249

-0.09375 -0.121532
-0.078125 -0.121973

-0.078125 -0.121813
-0.0625 -0.12268

-0.0625 -0.122908
-0.046875 -0.124065

-0.046875 -0.124004
-0.0330588 -0.125

2.5625 -0.367548
2.57812 -0.364787

2.57812 -0.36495
2.59375 -0.360871

-2.57812 0.395891
-2.5625 0.398781

-2.625 0.485079
-2.60938 0.493044

-2.60938 0.492474
-2.59632 0.5

-2.54688 0.377774
-2.55517 0.390625

-2.5625 0.398284
-2.55194 0.390625

0.765625 -0.184747
0.78125 -0.185302

0.78125 -0.185299
0.796875 -0.186063

-1.96875 0.683421
-1.97465 0.6875

0.796875 -0.186071
0.8125 -0.187033

2.59375 -0.360592
2.59846 -0.359375

0.828125 -0.188144
0.818881 -0.1875

0.828125 -0.188145
0.84375 -0.189315

2.59569 -0.359375
2.60938 -0.355841

2.60938 -0.356055
2.625 -0.353623

-1.96875 0.682209
-1.95312 0.676401

2.625 -0.353558
2.64062 -0.352737

2.64062 -0.352869
2.65625 -0.353525

-1.95312 0.671569
-1.95192 0.671875

-2.20312 0.495547
-2.2071 0.5

-1.95191 0.671875
-1.9375 0.684059

-2 0.698834
-1.98438 0.698098

2.65625 -0.353544
2.67188 -0.355374

2.67188 -0.355414
2.6875 -0.358298

-2.1875 0.480119
-2.19199 0.484375

-2.20312 0.495665
-2.19226 0.484375

0.84375 -0.189301
0.859375 -0.190587

0.859375 -0.190574
0.875 -0.192033

0.8125 -0.187066
0.818733 -0.1875

2.70312 -0.362401
2.69272 -0.359375

0.875 -0.192031
0.890625 -0.193695

2.6875 -0.358181
2.6916 -0.359375

-2.125 0.424888
-2.13944 0.4375

-2.17188 0.466268
-2.17468 0.46875

-2.15625 0.452453
-2.15701 0.453125

0.890625 -0.1937
0.90625 -0.195562

0.90625 -0.195571
0.921875 -0.1976

0.921875 -0.197614
0.9375 -0.199763

2.70312 -0.363411
2.71875 -0.368477

2.71875 -0.368818
2.73438 -0.371901

2.73438 -0.37209
2.75 -0.372132

-2 0.707303
-1.98438 0.706111

-1.97632 0.6875
-1.98049 0.703125

2.75 -0.372499
2.76562 -0.368387

2.76562 -0.369279
2.78073 -0.359375

-2.17188 0.466245
-2.15705 0.453125

0.9375 -0.199794
0.953125 -0.201976

-2.1875 0.480187
-2.17489 0.46875

-2.15625 0.452393
-2.14062 0.438563

0.96875 -0.204057
0.961632 -0.203125

0.953125 -0.202044
0.961377 -0.203125

2.77777 -0.359375
2.78125 -0.356886

0.96875 -0.204033
0.984375 -0.205921

-1.98438 0.704088
-1.96875 0.710862

0.984375 -0.205913
1 -0.207741

-1.96875 0.708443
-1.95312 0.710135

-2.14062 0.437612
-2.1405 0.4375

2.78125 -0.357073
2.79581 -0.34375

2.79576 -0.34375
2.79688 -0.342715

2.79688 -0.342685
2.81225 -0.328125

-1.9414 0.6875
-1.94458 0.703125

2.8122 -0.328125
2.8125 -0.327838

-2.04688 0.366677
-2.0603 0.375

2.8125 -0.327956
2.82812 -0.312687

-1.95312 0.716059
-1.9375 0.703934

-2.03125 0.35681
-2.03544 0.359375

-2.04688 0.366267
-2.03562 0.359375

-1.9375 0.678838
-1.93457 0.6875

-1.9375 0.690257
-1.93715 0.6875

-2 0.326604
-2.00119 0.328125

-2 0.328963
-2.01159 0.34375

2.82774 -0.3125
2.82812 -0.312118

-1.9375 0.704323
-1.93699 0.703125

-2.03125 0.356932
-2.01562 0.347628

-2.01562 0.355014
-2.00275 0.34375

-2.09375 0.398521
-2.10307 0.40625

-2.10938 0.411655
-2.1212 0.421875

-2.125 0.424071
-2.12246 0.421875

-2.10938 0.410612
-2.10417 0.40625

-2.07812 0.386531
-2.08367 0.390625

-2.09375 0.397865
-2.08424 0.390625

-2.07812 0.38605
-2.0625 0.375711

-2.0625 0.375106
-2.06233 0.375

-2.59382 0.5
-2.59375 0.50004

-2.59375 0.502913
-2.5625 0.519591

-2.5625 0.519931
-2.54688 0.526842

-2.54688 0.525056
-2.53637 0.53125

2.82812 -0.312256
2.84375 -0.297237

2.84375 -0.298113
2.84508 -0.296875

-2.53334 0.53125
-2.53125 0.532405

-2.53125 0.537831
-2.5 0.553726

2.84488 -0.296875
2.85938 -0.282543

2.85938 -0.281621
2.85973 -0.28125

2.85984 -0.28125
2.875 -0.265986

2.875 -0.267261
2.87669 -0.265625

-2.5 0.552861
-2.48438 0.5583

-2.48438 0.556645
-2.47433 0.5625

2.87652 -0.265625
2.89062 -0.250362

1 -0.207748
1.01562 -0.20952

1.01562 -0.209527
1.03125 -0.211214

-2.46963 0.5625
-2.46875 0.562947

-2.46875 0.56999
-2.4375 0.585191

2.88965 -0.25
2.89062 -0.248836

2.89062 -0.248625
2.90372 -0.234375

2.90625 -0.234381
2.91867 -0.21875

-0.734375 0.640649
-0.734351 0.640625

-2.4375 0.582974
-2.42188 0.588034

1.03125 -0.211221
1.04688 -0.212795

2.91877 -0.21875
2.92188 -0.21409

2.92188 -0.209771
2.92623 -0.203125

1.04688 -0.212803
1.0625 -0.214235

-2.42188 0.587345
-2.41095 0.59375

-2.40647 0.59375
-2.40625 0.593855

-2.40625 0.600102
-2.375 0.615007

-2.375 0.61283
-2.35938 0.617839

-2.35938 0.617932
-2.34375 0.624667

-2.25 0.573093
-2.25131 0.578125

2.92802 -0.203125
2.9375 -0.189178

-2.25123 0.578125
-2.25138 0.59375

1.0625 -0.214243
1.07812 -0.215502

2.9375 -0.222576
2.94048 -0.21875

2.9375 -0.188899
2.93836 -0.1875

1.07812 -0.215508
1.09375 -0.216564

1.09375 -0.216569
1.10938 -0.217401

-2.25192 0.59375
-2.25 0.599936

-2.34375 0.625864
-2.3125 0.637628

2.93906 -0.1875
2.9481 -0.171875

2.94876 -0.171875
2.95312 -0.159399

-2.3125 0.640046
-2.31018 0.640625

-2.3057 0.640625
-2.29688 0.642828

2.95183 -0.15625
2.95312 -0.153402

1.10938 -0.217403
1.125 -0.217998

-2.29688 0.640567
-2.29665 0.640625

-2.29636 0.640625
-2.28125 0.644483

-2.28125 0.645881
-2.26562 0.652483

2.95312 -0.150785
2.95775 -0.140625

1.125 -0.217998
1.14062 -0.218348

1.14062 -0.218346
1.15625 -0.218457

-2.26562 0.65287
-2.25975 0.65625

-2.25268 0.65625
-2.25 0.657181

2.96155 -0.140625
2.96875 -0.12703

1.15625 -0.21845
1.17188 -0.218342

-2.21875 0.514685
-2.21944 0.515625

1.17188 -0.218328
1.1875 -0.218046

1.1875 -0.218024
1.20312 -0.217642

-2.2193 0.515625
-2.22994 0.53125

-2.23438 0.538641
-2.23926 0.546875

2.96708 -0.125
2.96875 -0.121017

1.20312 -0.217614
1.21875 -0.21723

2.96875 -0.122114
2.98253 -0.09375

2.98272 -0.09375
2.98438 -0.078927

2.98291 -0.078125
2.9805 -0.0625

2.98592 -0.09375
2.99139 -0.078125

-2.23951 0.546875
-2.24684 0.5625

-2.23438 0.538721
-2.22994 0.53125

-2.21875 0.514629
-2.20711 0.5

-2.25 0.573171
-2.24722 0.5625

-2.25 0.600361
-2.2472 0.609375

1.21875 -0.217202
1.23438 -0.216928

-2.24654 0.609375
-2.23667 0.625

-2.23686 0.625
-2.23438 0.628138

-2.23438 0.628253
-2.22227 0.640625

-2.22176 0.640625
-2.21875 0.643306

-2.25 0.666033
-2.21875 0.6715

-2.21875 0.643496
-2.20312 0.65323

-2.20312 0.654417
-2.19848 0.65625

-2.20312 0.671685
-2.20371 0.671875

-2.21676 0.671875
-2.20312 0.674935

-2.19698 0.65625
-2.1875 0.659547

1.23438 -0.216908
1.25 -0.216841

-2.20312 0.67578
-2.1875 0.680513

2.98438 -0.0750025
2.98506 -0.078125

2.98282 -0.0625
2.9833 -0.046875

-2.1875 0.660274
-2.17188 0.661149

-2.1875 0.682858
-2.17188 0.684994

-2.17188 0.659485
-2.15625 0.662115

1.25 -0.216839
1.26562 -0.217022

-2.17188 0.680887
-2.15625 0.685507

2.98272 -0.046875
2.98268 -0.03125

-2.15625 0.662532
-2.14062 0.669312

1.26562 -0.217042
1.28125 -0.217438

2.98287 -0.03125
2.98308 -0.015625

-2.15625 0.673785
-2.14062 0.672748

1.28125 -0.217476
1.29688 -0.217971

2.98309 -0.015625
2.98316 0

-2.14062 0.6706
-2.13772 0.671875

-2.14062 0.673026
-2.125 0.679702

2.98438 -0.00219319
2.98438 0

1.29688 -0.218014
1.3125 -0.218447

-2.1577 0.6875
-2.15625 0.68783

-2.15625 0.695972
-2.125 0.700509

1.3125 -0.218481
1.32812 -0.218698

1.32812 -0.218712
1.34375 -0.218615

-2.125 0.678102
-2.10938 0.682798

-2.10938 0.683459
-2.09375 0.686405

-2.09375 0.686068
-2.08513 0.6875

-2.125 0.702009
-2.10938 0.698662

-2.10938 0.702219
-2.09375 0.700279

-2.07823 0.6875
-2.07812 0.695444

-2.08018 0.703125
-2.07812 0.703274

1.34375 -0.218603
1.35938 -0.218188

1.35938 -0.218152
1.375 -0.217517

-2.07253 0.6875
-2.0625 0.701513

1.375 -0.217463
1.39062 -0.216787

1.39062 -0.216733
1.40625 -0.21623

2.9832 0
2.98302 0.015625

2.98293 0.015625
2.98263 0.03125

1.40625 -0.2162
1.42188 -0.216037

1.42188 -0.216046
1.4375 -0.216262

2.98264 0.03125
2.98239 0.046875

2.98243 0.046875
2.98215 0.0625

-2.07812 0.707907
-2.0625 0.705045

-2.0625 0.698626
-2.04688 0.703031

1.4375 -0.2163
1.45312 -0.2168

1.45312 -0.216848
1.46875 -0.21746

2.96875 0.122294
2.9674 0.125

2.9822 0.0625
2.9817 0.078125

2.98196 0.078125
2.98058 0.09375

2.98175 0.09375
2.97155 0.125

1.46875 -0.217493
1.48438 -0.218057

1.48438 -0.21806
1.5 -0.218503

-2.0625 0.70825
-2.04688 0.713177

-2.04688 0.701985
-2.03125 0.696865

-2.04688 0.710034
-2.03125 0.716467

2.90625 0.246903
2.90445 0.25

2.92188 0.215538
2.9375 0.20334

-2.03125 0.69677
-2.01562 0.693848

-2.03125 0.712517
-2.01562 0.710601

-2.01562 0.690482
-2 0.697887

-2.01562 0.712207
-2 0.705587

2.90625 0.230643
2.9296 0.21875

2.95312 0.150112
2.94997 0.15625

2.96802 0.125
2.95931 0.140625

2.96119 0.140625
2.95317 0.15625

2.95115 0.15625
2.94409 0.171875

2.94497 0.171875
2.93991 0.1875

3 0.165668
2.98363 0.1875

2.9375 0.20401
2.96875 0.213221

2.95156 0.21875
2.93925 0.25

2.96875 0.212452
2.99321 0.1875

2.875 0.279523
2.87355 0.28125

2.85938 0.29361
2.85664 0.296875

2.85576 0.296875
2.85151 0.3125

2.87351 0.28125
2.86 0.296875

2.84375 0.323929
2.83909 0.328125

2.82812 0.334152
2.83298 0.34375

2.82971 0.34375
2.84375 0.348363

2.84375 0.320546
2.875 0.317501

2.84375 0.346338
2.84943 0.34375

2.89062 0.260381
2.8851 0.265625

2.875 0.279989
2.88646 0.265625

2.89062 0.265517
2.90329 0.25

2.875 0.296149
2.90625 0.289713

2.9375 0.264192
2.91485 0.28125

2.90625 0.282845
2.909 0.28125

2.875 0.3147
2.87798 0.3125

2.9375 0.260325
2.94545 0.25

3 -0.0957837
3.00194 -0.09375

3.00078 -0.09375
3.01043 -0.0625

3.00701 -0.0625
3.00147 -0.03125

3 -0.00486377
3.00362 0

3.0625 -0.006577
3.03928 0

3.125 -0.00333365
3.10374 0

3.25 -0.00284873
3.21973 0

3.5 -0.00210505
3.43346 0

3.03125 0.0257654
3.02438 0.03125

3.02918 0.03125
3.02327 0.0625

3.03125 0.0153711
3.0512 0

3.02858 0.0625
3.02385 0.09375

3.01957 0.09375
3.01534 0.125

3.0625 0.0139564
3.10191 0

3 0.178619
3.01871 0.125

3.125 0.00842954
3.20106 0

-1.78125 0.249348
-1.78307 0.25

-1.78125 0.24537
-1.76562 0.238291

-1.76562 0.238748
-1.75365 0.234375

-1.98438 0.311979
-1.98521 0.3125

3.25 0.00364864
3.35905 0

4 -0.00313754
3.65758 0

3.5 0.000258163
3.5281 0

-1.96875 0.305459
-1.98117 0.3125

-1.96875 0.304671
-1.95312 0.297843

-1.9375 0.293658
-1.94473 0.296875

-1.95312 0.297696
-1.95128 0.296875

-2 0.326073
-1.98508 0.3125

-2 0.33411
-1.99644 0.328125

-1.98438 0.314068
-1.98171 0.3125

-1.90625 0.281178
-1.90661 0.28125

-1.9375 0.290723
-1.92188 0.28398

-1.92188 0.28425
-1.90683 0.28125

-1.89062 0.280185
-1.89448 0.28125

-1.89062 0.277549
-1.875 0.27059

-1.90625 0.281263
-1.9062 0.28125

-1.85938 0.265358
-1.86044 0.265625

-1.875 0.269148
-1.86095 0.265625

-1.84375 0.26551
-1.84459 0.265625

-1.85938 0.267239
-1.84757 0.265625

-1.82812 0.259658
-1.84226 0.265625

-1.82812 0.255523
-1.8125 0.250558

-1.8125 0.253704
-1.79688 0.252288

-1.79688 0.25166
-1.79223 0.25

-1.75 0.23354
-1.73438 0.22729

-1.73438 0.22626
-1.71875 0.220838

-1.70312 0.216518
-1.6875 0.210824

-1.71875 0.221598
-1.70974 0.21875

-1.6875 0.211034
-1.67188 0.205335

-1.65625 0.199801
-1.66502 0.203125

-1.67188 0.204115
-1.66926 0.203125

-1.65625 0.198709
-1.64062 0.193983

-1.64062 0.194974
-1.625 0.190673

-1.60938 0.185914
-1.61475 0.1875

-1.60938 0.186154
-1.59375 0.181037

-1.59375 0.180551
-1.57812 0.174471

-1.5625 0.169114
-1.57066 0.171875

-1.57812 0.173604
-1.57301 0.171875

-1.625 0.189684
-1.6176 0.1875

-1.5625 0.169611
-1.54688 0.164269

-1.54688 0.163705
-1.53125 0.157801

-1.51562 0.152628
-1.52633 0.15625

-1.51562 0.152837
-1.5 0.147533

-1.53125 0.157391
-1.52788 0.15625

-1.4375 0.124407
-1.43948 0.125

-1.4375 0.123878
-1.42188 0.12159

-1.42188 0.121875
-1.40625 0.121199

-1.40625 0.121859
-1.39062 0.120908

-1.39062 0.120452
-1.375 0.118819

-1.5 0.147312
-1.48438 0.141736

-1.46875 0.136055
-1.48023 0.140625

-1.48438 0.141658
-1.48178 0.140625

-1.46875 0.135317
-1.45312 0.128859

-1.45312 0.128282
-1.44216 0.125

-1.375 0.118699
-1.35938 0.117537

-1.35938 0.117743
-1.34375 0.116881

-1.34375 0.116997
-1.32812 0.115791

-1.32812 0.115955
-1.3125 0.113844

-1.3125 0.11391
-1.29688 0.110435

-1.28125 0.105904
-1.29501 0.109375

-1.29688 0.110283
-1.29328 0.109375

-1.28125 0.105972
-1.26562 0.102613

-1.26562 0.102349
-1.25 0.100118

-1.25 0.099751
-1.23438 0.099911

-1.23438 0.100073
-1.21875 0.103034

-1.21875 0.103608
-1.20312 0.107901

-1.20312 0.108831
-1.19966 0.109375

-1.20031 0.109375
-1.1875 0.111387

-1.15625 0.0713578
-1.15879 0.078125

-1.15625 0.0912908
-1.15696 0.09375

-1.1875 0.111807
-1.17188 0.109517

-1.17188 0.107651
-1.15625 0.103465

-1.17188 0.109455
-1.17114 0.109375

-1.14062 0.0654125
-1.15122 0.078125

-1.14424 0.078125
-1.14703 0.09375

-1.14062 0.0742222
-1.125 0.0656598

-1.14062 0.100719
-1.15019 0.109375

-1.15625 0.111545
-1.14798 0.109375

-1.1347 0.09375
-1.13964 0.109375

-1.14062 0.111235
-1.13801 0.109375

-1.125 0.0674882
-1.10938 0.067122

-1.10938 0.0676343
-1.09375 0.070783

-1.09375 0.0715516
-1.07812 0.0756534

-1.07812 0.0761045
-1.06606 0.078125

-1.06604 0.078125
-1.0625 0.0787174

-1.0625 0.0785527
-1.04688 0.0791213

-1.03125 0.0780863
-1.03178 0.078125

-1.04688 0.0791064
-1.03334 0.078125

-1.03125 0.0780726
-1.01562 0.0750684

-1.01562 0.0748258
-1 0.070256

