-4 -0.0038914
-3.66314 0

-3.57167 0
-3.5 0.000827954

-3.5 -0.00264703
-3.43162 0

-3.25 -0.00390771
-3.21747 0

-3.125 -0.00549657
-3.10143 0

-3 -0.0943445
-3.00062 -0.09375

-3 -0.0647798
-3.00074 -0.0625

-3.0625 -0.000779644
-3.06014 0

-3.00079 -0.0625
-3 -0.0603682

-3.03125 -0.000124686
-3.0311 0

-3.39581 0
-3.25 0.00570363

-3.20972 0
-3.125 0.0108968

-3.10114 0
-3.0625 0.0171419

-3.0625 0.00095722
-3.03125 0.0251357

-3.035 0.03125
-3.03125 0.0400439

-3.03125 0.0178647
-3.02415 0.03125

-3.03125 0.038567
-3.02496 0.0625

-3.03208 0.0625
-3.03125 0.079014

-3.03504 0.09375
-3.03125 0.107021

-3.03056 0.0625
-3.02168 0.09375

-3.03125 0.1033
-3.01449 0.125

-3.02308 0.125
-3 0.148019

-3.0009 0.1875
-3 0.188489

1.5 -0.0116811
1.51562 -0.0117228

1.51562 -0.0115607
1.53125 -0.0129754

1.54688 -0.0163445
1.54331 -0.015625

1.53125 -0.0129003
1.54473 -0.015625

1.54688 -0.016685
1.5625 -0.0204801

1.5625 -0.0207996
1.57812 -0.0234436

1.57812 -0.0234237
1.59375 -0.0243177

1.59375 -0.0241664
1.60938 -0.0236529

1.60938 -0.0235123
1.625 -0.022175

1.625 -0.0220919
1.64062 -0.020378

1.64062 -0.0203413
1.65625 -0.0184905

1.65625 -0.0184792
1.67188 -0.0165875

1.67188 -0.0165866
1.6797 -0.015625

1.6798 -0.015625
1.6875 -0.0146784

1.6875 -0.0146638
1.70312 -0.0127191

-3 -0.0800601
-2.98438 -0.0792659

1.70312 -0.0127208
1.71875 -0.0107653

1.71875 -0.0107698
1.73438 -0.00879108

1.73438 -0.00878968
1.75 -0.00678165

-3 -0.076943
-2.98438 -0.0780598

-3 -0.048
-2.98639 -0.046875

-3 -0.0451672
-2.98438 -0.0457253

-2.98438 -0.0482573
-2.98401 -0.046875

-2.98438 -0.0467978
-2.98436 -0.046875

1.75 -0.00676713
1.76562 -0.00476161

1.76562 -0.00472792
1.78125 -0.00282135

1.78125 -0.0027808
1.79688 -0.00112163

1.79688 -0.00110308
1.81022 0

1.89062 -0.00103604
1.88117 0

1.89062 -0.00117116
1.90625 -0.00317441

1.90625 -0.0031464
1.92188 -0.00520983

1.92188 -0.00505984
1.9375 -0.00753948

1.9375 -0.00748385
1.95312 -0.0107909

0 -0.101779
0.015625 -0.100424

0.015625 -0.100407
0.03125 -0.098673

0.03125 -0.0986192
0.046875 -0.0966491

0.046875 -0.0965715
0.0625 -0.0946277

1.95312 -0.0109159
1.96875 -0.0149117

0.0625 -0.0945763
0.0709698 -0.09375

0.0695898 -0.09375
0.078125 -0.0929173

-3 0.0467935
-2.98438 0.0467935

-3 0.0469362
-2.98438 0.0469362

-1 -0.050782
-0.984375 -0.0535042

-0.984375 -0.0534156
-0.96875 -0.0547507

-0.96875 -0.0546598
-0.953125 -0.0549671

-0.953125 -0.0548943
-0.9375 -0.0545015

-0.9375 -0.0544338
-0.921875 -0.0536221

-0.921875 -0.0535752
-0.90625 -0.0525738

-0.90625 -0.0525419
-0.890625 -0.0515084

-0.890625 -0.0514901
-0.875 -0.0505248

-0.875 -0.0505144
-0.859375 -0.0496747

-0.859375 -0.0496706
-0.84375 -0.0489856

-0.84375 -0.0489817
-0.828125 -0.0484672

-0.828125 -0.0484602
-0.8125 -0.0481382

-0.8125 -0.0481337
-0.796875 -0.0480276

-0.796875 -0.0480413
-0.78125 -0.048133

-0.78125 -0.048175
-0.765625 -0.0483531

-0.765625 -0.0484054
-0.75 -0.048481

-0.75 -0.0485057
-0.734375 -0.0483249

-0.734375 -0.0483077
-0.71875 -0.0478556

-0.71875 -0.0478256
-0.703125 -0.0471968

-0.703125 -0.0471842
-0.696492 -0.046875

-0.696341 -0.046875
-0.6875 -0.0464629

-0.6875 -0.0464656
-0.671875 -0.0456434

-0.671875 -0.0456326
-0.65625 -0.0447269

-0.65625 -0.0447031
-0.640625 -0.0437833

-0.640625 -0.0437645
-0.625 -0.0429156

-0.625 -0.0428972
-0.609375 -0.0421934

-0.609375 -0.0421674
-0.59375 -0.0416977

-0.59375 -0.0416975
-0.578125 -0.0415143

-0.578125 -0.041587
-0.5625 -0.0415453

-0.5625 -0.0416633
-0.546875 -0.0413817

-0.546875 -0.0414657
-0.53125 -0.0405403

-0.53125 -0.04056
-0.515625 -0.0387832

-0.515625 -0.0387558
-0.5 -0.0361432

1.98438 -0.0191387
1.97064 -0.015625

1.96875 -0.0150578
1.97097 -0.015625

1.98438 -0.019392
2 -0.0224271

-0.5 -0.0360643
-0.484375 -0.0328286

-0.484375 -0.0327225
-0.477883 -0.03125

-0.477673 -0.03125
-0.46875 -0.0292261

-0.46875 -0.0291545
-0.453125 -0.025562

-0.453125 -0.0251253
-0.4375 -0.0224607

-0.4375 -0.0219215
-0.421875 -0.0221365

-0.421875 -0.0223991
-0.40625 -0.026047

-0.390625 -0.0318714
-0.392584 -0.03125

-0.390625 -0.0318716
-0.375 -0.036398

-0.40625 -0.0268376
-0.392339 -0.03125

-0.375 -0.0361812
-0.359375 -0.0405738

-0.359375 -0.0405661
-0.34375 -0.0452736

-0.328125 -0.050296
-0.338638 -0.046875

-0.34375 -0.0453344
-0.339016 -0.046875

-0.328125 -0.0504696
-0.3125 -0.0557083

-0.28125 -0.0656731
-0.291167 -0.0625

-0.28125 -0.0658954
-0.265625 -0.0706414

-0.265625 -0.0707115
-0.25 -0.0747274

-0.3125 -0.0557353
-0.296875 -0.0608046

-0.296875 -0.0608283
-0.29165 -0.0625

-0.25 -0.0746233
-0.234375 -0.0779768

-0.21875 -0.0810512
-0.232801 -0.078125

-0.234375 -0.0778199
-0.23291 -0.078125

-0.21875 -0.0811371
-0.203125 -0.0844796

-0.203125 -0.0845124
-0.1875 -0.0877102

-0.1875 -0.0877396
-0.171875 -0.0906682

-0.171875 -0.0906818
-0.15625 -0.0932551

-0.140625 -0.0955214
-0.15226 -0.09375

-0.140625 -0.0955923
-0.125 -0.0978601

-0.15625 -0.0932194
-0.152765 -0.09375

-0.125 -0.0978954
-0.109375 -0.0998765

-0.109375 -0.099898
-0.09375 -0.101479

-0.09375 -0.101487
-0.078125 -0.102608

-0.078125 -0.102603
-0.0625 -0.103258

-0.0625 -0.103248
-0.046875 -0.103465

-0.046875 -0.103455
-0.03125 -0.103274

-0.03125 -0.103273
-0.015625 -0.102716

-0.015625 -0.102724
0 -0.101778

0.078125 -0.0929252
0.09375 -0.0921766

0.09375 -0.092287
0.109375 -0.0922114

0.109375 -0.0923832
0.125 -0.092416

0.125 -0.0925613
0.140625 -0.0920682

0.140625 -0.0920185
0.15625 -0.0908082

0.15625 -0.090541
0.171875 -0.0892474

0.171875 -0.0890704
0.1875 -0.0885818

0.1875 -0.0886906
0.203125 -0.0891436

0.203125 -0.0893136
0.21875 -0.0901509

0.21875 -0.0902084
0.234375 -0.0909749

0.234375 -0.0909738
0.25 -0.0915565

0.25 -0.0915481
0.265625 -0.091966

0.265625 -0.0919219
0.28125 -0.0922799

0.3125 -0.0938608
0.310971 -0.09375

0.28125 -0.0921909
0.296875 -0.0927553

1.81013 0
1.8125 0.000195634

-3 0.113822
-2.96875 0.10677

0.296875 -0.0926589
0.311931 -0.09375

0.3125 -0.0939003
0.328125 -0.0955752

-2.95312 0.109351
-2.95405 0.109375

-2.96875 0.112332
-2.95312 0.110723

-2.9375 0.105559
-2.95125 0.109375

-2.95312 0.109701
-2.95047 0.109375

1.8125 0.000182533
1.82812 0.0010806

0.328125 -0.0957234
0.34375 -0.0974358

0.34375 -0.0975952
0.359375 -0.0987299

-2.9375 0.102969
-2.92188 0.102656

-2.9375 0.109623
-2.93213 0.109375

-2.92188 0.105233
-2.90625 0.108961

-2.90625 0.109207
-2.90544 0.109375

-2.90254 0.109375
-2.89062 0.111842

-2.89062 0.111868
-2.875 0.115274

-3 0.150181
-2.97421 0.125

-3 0.178284
-2.96875 0.18695

-2.96875 0.149293
-2.95569 0.15625

-2.9375 0.134595
-2.94173 0.140625

-2.95312 0.142244
-2.9497 0.15625

-2.96484 0.15625
-2.95845 0.171875

-2.96875 0.18469
-2.96075 0.171875

-2.95209 0.15625
-2.95257 0.171875

-2.95312 0.183073
-2.95024 0.171875

-2.99283 0.1875
-2.96875 0.192722

-2.94226 0.1875
-2.9375 0.201893

-2.93942 0.21875
-2.94296 0.25

-2.93581 0.125
-2.92886 0.140625

-2.9375 0.200635
-2.92413 0.203125

-2.9375 0.204373
-2.92314 0.203125

-2.9275 0.21875
-2.90625 0.231262

-2.90625 0.249325
-2.90618 0.25

-2.875 0.115642
-2.85938 0.118604

-2.85938 0.11874
-2.84375 0.120249

-2.84375 0.120193
-2.82812 0.120088

-2.82812 0.120018
-2.8125 0.118549

-2.8125 0.118667
-2.79688 0.115739

-2.79688 0.116107
-2.78125 0.110748

-2.76562 0.102651
-2.77986 0.109375

-2.78125 0.110962
-2.77789 0.109375

-2.76562 0.10315
-2.75 0.0941824

-2.95192 0.25
-2.9375 0.27

-2.9375 0.261927
-2.90625 0.260242

-2.9102 0.28125
-2.90625 0.281372

-2.90625 0.254359
-2.90536 0.25

-2.89062 0.265976
-2.90365 0.28125

-2.90625 0.285147
-2.89906 0.28125

1.82812 0.00108419
1.84375 0.00159548

1.84375 0.00167598
1.85938 0.00163232

1.85938 0.00170896
1.875 0.000796067

1.875 0.000696773
1.88136 0

0.359375 -0.0988207
0.375 -0.0988771

-2.75 0.0934673
-2.73438 0.0836056

-2.71875 0.074318
-2.7258 0.078125

0.375 -0.0988733
0.390625 -0.0976776

0.390625 -0.0976168
0.40625 -0.0952979

0.40625 -0.0952226
0.413441 -0.09375

-2.73438 0.0834451
-2.72452 0.078125

-2.75 0.0942198
-2.74925 0.09375

-2.71875 0.0741272
-2.70312 0.0692169

-2.70312 0.069494
-2.6875 0.0687504

-2.6875 0.0691811
-2.67188 0.0711886

-2.67188 0.071758
-2.65625 0.0745164

-2.65625 0.0749646
-2.64062 0.0764385

-2.64062 0.0764457
-2.625 0.075724

0.413576 -0.09375
0.421875 -0.0920506

0.421875 -0.0918887
0.4375 -0.0882274

0.4375 -0.0881251
0.453125 -0.0845049

0.453125 -0.0844716
0.46875 -0.0811638

0.46875 -0.0811501
0.484375 -0.078249

0.484375 -0.0782645
0.485243 -0.078125

-2.625 0.0754619
-2.60938 0.0730544

-2.60938 0.0727163
-2.59375 0.0698235

0.485291 -0.078125
0.5 -0.0757594

-2.59375 0.069547
-2.57812 0.0673979

-2.57812 0.0674281
-2.5625 0.0665154

-2.5625 0.0667706
-2.54688 0.0665237

-2.54688 0.0666926
-2.53125 0.0662631

-2.53125 0.0662273
-2.51562 0.0653491

-2.51562 0.0651951
-2.5 0.0642478

-2.67188 0.390843
-2.67166 0.390625

2 -0.0226725
2.01562 -0.0237257

2.01562 -0.0238571
2.03125 -0.0221746

2.03125 -0.02208
2.04688 -0.0175885

0.5 -0.0756751
0.515625 -0.0736722

0.515625 -0.0736932
0.53125 -0.0723263

0.53125 -0.0723426
0.546875 -0.0715371

0.546875 -0.0715658
0.5625 -0.071232

2.04688 -0.0170172
2.05062 -0.015625

0.5625 -0.071272
0.578125 -0.0712729

0.578125 -0.0713151
0.59375 -0.0714862

2.05034 -0.015625
2.0625 -0.0111034

-2.4375 0.0606961
-2.44471 0.0625

2.0625 -0.00989337
2.07812 -0.00652622

0.59375 -0.0715208
0.609375 -0.0717085

-2.5 0.0641135
-2.48438 0.0636734

0.609375 -0.0717335
0.625 -0.0718187

-2.48438 0.0637199
-2.46875 0.0639627

0.625 -0.0718344
0.640625 -0.0717353

2.07812 -0.0063496
2.09375 -0.00824768

0.640625 -0.0717417
0.65625 -0.0714141

-2.46875 0.0646301
-2.45312 0.0641282

0.65625 -0.071411
0.671875 -0.0708483

0.671875 -0.0708385
0.6875 -0.0700664

0.6875 -0.0700552
0.703125 -0.0691157

0.703125 -0.069102
0.71875 -0.0680451

0.71875 -0.0680213
0.734375 -0.0669221

0.734375 -0.0668809
0.75 -0.0658697

2.09375 -0.00953501
2.10938 -0.0144769

2.125 -0.0192069
2.11127 -0.015625

-2.45312 0.0649271
-2.44342 0.0625

-2.4375 0.0599399
-2.42188 0.0531902

-2.40625 0.046545
-2.40725 0.046875

2.10938 -0.0152574
2.11078 -0.015625

0.75 -0.0658183
0.765625 -0.0650804

0.765625 -0.065048
0.78125 -0.0647507

0.78125 -0.0647716
0.796875 -0.0649381

0.796875 -0.0650205
0.8125 -0.0654444

2.125 -0.0190829
2.14062 -0.0212315

-2.42188 0.0519314
-2.40659 0.046875

-2.39062 0.0454046
-2.40447 0.046875

-2.40625 0.0470073
-2.405 0.046875

-2.39062 0.045991
-2.375 0.0460479

2.14062 -0.0210034
2.15625 -0.0219561

0.8125 -0.0655595
0.828125 -0.0658459

-2.375 0.0462779
-2.35938 0.046402

-2.35938 0.0464761
-2.34375 0.0460595

-2.34375 0.0460398
-2.32812 0.0449737

2.15625 -0.0218534
2.17188 -0.0222717

2.17188 -0.022218
2.1875 -0.0224148

0.828125 -0.0659503
0.84375 -0.0656602

2.1875 -0.0222614
2.20312 -0.0226506

2.20312 -0.0224421
2.21875 -0.0237475

2.21875 -0.0237028
2.23438 -0.0264308

2.23438 -0.0267553
2.25 -0.0303464

0.84375 -0.0657362
0.859375 -0.0645087

0.859375 -0.0645777
0.872446 -0.0625

0.873073 -0.0625
0.875 -0.0621937

2.26562 -0.0341458
2.25462 -0.03125

-2.32812 0.0449046
-2.3125 0.0433666

0.875 -0.0621021
0.890625 -0.058208

0.890625 -0.0580619
0.90625 -0.0530622

2.26562 -0.0346223
2.28125 -0.0389256

2.25 -0.0308368
2.25157 -0.03125

2.28125 -0.0391071
2.29688 -0.0426043

-2.3125 0.0432941
-2.29688 0.0415674

2.29688 -0.0424148
2.3125 -0.0451219

0.90625 -0.0530025
0.921875 -0.047309

2.32812 -0.0471934
2.32608 -0.046875

-2.29688 0.0415254
-2.28125 0.0398392

2.3125 -0.0451296
2.32371 -0.046875

-2.28125 0.0398217
-2.26562 0.0382951

0.921875 -0.0473218
0.922979 -0.046875

-2.26562 0.0382781
-2.25 0.0369802

0.923018 -0.046875
0.9375 -0.0410151

0.9375 -0.0405558
0.953125 -0.0344671

0.953125 -0.0345314
0.963364 -0.03125

0.963101 -0.03125
0.96875 -0.0294397

2.32812 -0.0472725
2.34375 -0.0499962

0.96875 -0.0292708
0.984375 -0.0257218

0.984375 -0.0256587
1 -0.024141

-2.25 0.0369255
-2.23438 0.0359999

-2.23438 0.0359278
-2.21875 0.0356284

-2.21875 0.0356232
-2.20312 0.0361046

2.34375 -0.0503081
2.35938 -0.0531262

2.35938 -0.0531074
2.375 -0.0554339

-2.20312 0.0362752
-2.1875 0.0372067

2.375 -0.0553892
2.39062 -0.0573512

-2.1875 0.0373652
-2.17188 0.0380885

-2.17188 0.0376307
-2.15625 0.0387445

-2.15625 0.0379624
-2.14062 0.0419463

-2.14062 0.04309
-2.13066 0.046875

-2.13133 0.046875
-2.125 0.0492793

2.39062 -0.0573155
2.40625 -0.0590739

2.40625 -0.059049
2.42188 -0.060725

2.42188 -0.0607653
2.4375 -0.0623282

2.45312 -0.0637329
2.44005 -0.0625

2.45312 -0.0637105
2.46875 -0.0652754

-2.125 0.0503103
-2.10938 0.0533468

-2.10938 0.0526286
-2.09375 0.051828

2.46875 -0.0652974
2.48438 -0.0669878

2.48438 -0.0670068
2.5 -0.0687407

2.4375 -0.0624034
2.43852 -0.0625

-2.09375 0.0515406
-2.07812 0.0489139

-2.0625 0.045117
-2.07033 0.046875

-2.07812 0.048822
-2.06946 0.046875

-2.0625 0.0450805
-2.04688 0.0413365

-2.04688 0.0414223
-2.03125 0.0375513

-2 0.0282568
-2.01125 0.03125

-2.03125 0.0377127
-2.01562 0.0332202

-2.01562 0.0329056
-2.0094 0.03125

2.5 -0.0687573
2.51562 -0.0704632

2.51562 -0.0704778
2.53125 -0.0720931

2.53125 -0.0721041
2.54688 -0.0735775

2.54688 -0.0735792
2.5625 -0.0748852

2.5625 -0.0748753
2.57812 -0.0760305

2.57812 -0.0760085
2.59375 -0.0770767

2.59375 -0.0770605
2.60938 -0.078118

2.625 -0.0792183
2.60977 -0.078125

2.625 -0.0792113
2.64062 -0.0804551

2.64062 -0.0804683
2.65625 -0.081822

2.65625 -0.0818568
2.67188 -0.0832246

2.67188 -0.0832712
2.6875 -0.0844903

2.6875 -0.0845558
2.70312 -0.0854019

2.70312 -0.0854591
2.71875 -0.0856871

2.71875 -0.0857148
2.73438 -0.085155

2.73438 -0.0850757
2.75 -0.083831

2.99761 -0.3125
3 -0.310126

2.75 -0.0836801
2.76562 -0.0822109

2.76562 -0.082082
2.78125 -0.0809482

2.78125 -0.0809667
2.79688 -0.0803891

2.79688 -0.0804362
2.8125 -0.0802835

2.8125 -0.0803369
2.82812 -0.0804079

2.82812 -0.0804183
2.84375 -0.0805856

2.84375 -0.0806375
2.85938 -0.0807763

2.85938 -0.0807866
2.875 -0.0807724

2.875 -0.0808142
2.89062 -0.0805426

2.89062 -0.0805637
2.90625 -0.0799089

2.90625 -0.0799863
2.92188 -0.0787512

2.92188 -0.0788032
2.92701 -0.078125

2.92695 -0.078125
2.9375 -0.0767317

2.9375 -0.0771073
2.95312 -0.0733791

2.95312 -0.0748385
2.96875 -0.0657806

1 -0.0242728
1.01562 -0.0246493

1.01562 -0.0248538
1.03125 -0.0264518

2.96875 -0.065917
2.97455 -0.0625

2.98438 -0.0836663
3 -0.0826325

2.98754 -0.078125
2.98984 -0.0625

1.03125 -0.0266524
1.04688 -0.0286616

1.04688 -0.0287637
1.0625 -0.0305787

2.97335 -0.0625
2.98338 -0.046875

2.98253 -0.046875
2.98438 -0.0371401

2.98438 -0.0474013
2.98454 -0.046875

2.98399 -0.03125
2.98438 -0.0242071

1.07812 -0.0319753
1.06986 -0.03125

1.07812 -0.0319744
1.09375 -0.0328515

2.98438 -0.0165437
2.98443 -0.015625

2.98472 -0.015625
2.98631 0

1.0625 -0.0305985
1.06993 -0.03125

1.09375 -0.0328318
1.10938 -0.0332504

1.10938 -0.0332279
1.125 -0.0332727

1.125 -0.0332527
1.14062 -0.0330084

1.14062 -0.0329959
1.15625 -0.0325274

1.15625 -0.0325241
1.17188 -0.0318631

1.17188 -0.0318689
1.18309 -0.03125

1.18322 -0.03125
1.1875 -0.0310136

1.1875 -0.0310173
1.20312 -0.0299201

1.20312 -0.0299278
1.21875 -0.028563

2.98705 0
2.98787 0.015625

2.98762 0.015625
2.98667 0.03125

2.98438 0.042946
2.98397 0.046875

1.21875 -0.0285641
1.23438 -0.026914

1.23438 -0.0269006
1.25 -0.0249895

2.98429 0.046875
2.98357 0.0625

2.98641 0.03125
2.98481 0.046875

2.98438 0.0503053
2.98453 0.046875

2.98402 0.0625
2.98422 0.078125

2.98413 0.078125
2.98438 0.0812929

2.98438 0.0924078
2.98448 0.09375

2.98492 0.09375
2.9915 0.125

2.9375 0.21872
2.93743 0.21875

2.93427 0.21875
2.91295 0.25

2.96875 0.156623
2.96059 0.171875

2.96108 0.171875
2.96569 0.1875

2.9916 0.125
2.98698 0.15625

2.96875 0.180497
2.98875 0.1875

2.96875 0.20317
2.96027 0.21875

2.94532 0.21875
2.96875 0.249864

2.96875 0.202746
2.99329 0.1875

2.96875 0.239369
2.9693 0.25

1.25 -0.0249573
1.26562 -0.0228763

1.26562 -0.0228284
1.28125 -0.0207374

1.28125 -0.0206874
1.29688 -0.0187823

2.90704 0.25
2.9375 0.277329

-2 0.0285198
-1.98438 0.0257875

1.29688 -0.0187464
1.3125 -0.0171991

2.9375 0.270462
2.97298 0.25

-1.98438 0.0260808
-1.96875 0.0239939

1.3125 -0.0171865
1.32812 -0.0160941

-1.96875 0.0239354
-1.95312 0.0220245

-1.95312 0.0216161
-1.9375 0.0208152

-1.9375 0.0207423
-1.92188 0.0220139

-1.92188 0.0224252
-1.90625 0.0250926

-1.90625 0.0252655
-1.89062 0.0281606

-1.89062 0.0282273
-1.875 0.0308711

3 -0.0635599
3.00059 -0.0625

3.0625 -0.00567773
3.04636 0

1.32812 -0.0161047
1.34003 -0.015625

3.125 -0.00486931
3.10016 0

1.33986 -0.015625
1.34375 -0.0154681

1.34375 -0.0155014
1.35938 -0.01526

1.35938 -0.0153001
1.375 -0.0153103

3.25 -0.00370555
3.21831 0

1.375 -0.0153516
1.39062 -0.0154505

3.5 -0.00290102
3.42718 0

-1.875 0.0310373
-1.87332 0.03125

1.39062 -0.0154851
1.40625 -0.015521

3.03125 0.0264309
3.01503 0.03125

3.02815 0.03125
3.02207 0.0625

1.40625 -0.0155426
1.42188 -0.0154034

-1.87309 0.03125
-1.85938 0.0329868

1.42188 -0.0154108
1.4375 -0.0150384

1.4375 -0.0150354
1.45312 -0.0144209

1.45312 -0.0144059
1.46875 -0.013585

3.03125 0.0178292
3.05492 0

3.02456 0.0625
3.02894 0.09375

-1.85938 0.0330925
-1.84375 0.0339216

-1.8125 0.0281504
-1.82488 0.03125

-1.84375 0.0344329
-1.82812 0.0328854

3.03125 0.114236
3.0265 0.125

3.03125 0.08906
3.03172 0.09375

1.46875 -0.013539
1.48438 -0.0126336

3.03125 0.114237
3.03392 0.09375

1.48438 -0.0125307
1.5 -0.0118385

-1.82812 0.0329968
-1.82115 0.03125

-1.8125 0.0288481
-1.79688 0.0228211

-1.78125 0.00968708
-1.79231 0.015625

3.0625 0.0147141
3.09684 0

3 0.163915
3.03115 0.125

3 0.192933
3.00348 0.1875

-1.79688 0.0245857
-1.78125 0.0163346

-1.78125 0.0117411
-1.76562 0.00681783

-1.78125 0.0163986
-1.77911 0.015625

3.125 0.00995439
3.19787 0

3.25 0.00438585
3.35986 0

-1.76562 0.00761293
-1.75 0.00941023

4 -0.00499003
3.58336 0

3.5 8.75932e-05
3.50731 0

-1.75 0.00956188
-1.73587 0.015625

-1.7357 0.015625
-1.73438 0.0161927

-1.73438 0.017335
-1.71875 0.0265124

-1.71875 0.0289842
-1.70873 0.03125

-1.70312 0.0294771
-1.6875 0.0276542

-1.71324 0.03125
-1.70312 0.0335347

-1.70312 0.0324787
-1.69259 0.03125

-1.6875 0.0271747
-1.67188 0.0280594

-1.67188 0.0290336
-1.66074 0.03125

-1.66082 0.03125
-1.65625 0.0321593

-1.65625 0.0326488
-1.64062 0.0350249

-1.64062 0.0353029
-1.625 0.0353877

-1.625 0.03425
-1.60938 0.0337631

-1.60938 0.0337143
-1.59375 0.0350285

-1.59375 0.0353635
-1.57812 0.0379067

-1.57812 0.0380581
-1.5625 0.0408575

-1.5625 0.0411155
-1.54688 0.0433525

-1.54688 0.0437543
-1.53125 0.0441093

-1.53125 0.0440657
-1.51562 0.0418222

-1.51562 0.041181
-1.5 0.0377087

-1.25 -0.00395062
-1.26502 0

-1.25 -0.00385817
-1.23438 -0.00724558

-1.23438 -0.0072447
-1.21875 -0.0100458

-1.21875 -0.00999584
-1.20312 -0.0123124

-1.20312 -0.0119904
-1.1875 -0.0145662

-1.17188 -0.0178162
-1.18369 -0.015625

-1.1875 -0.0147002
-1.18251 -0.015625

-1.17188 -0.017854
-1.15625 -0.0202947

-1.15625 -0.0202048
-1.14062 -0.02217

-1.14062 -0.021974
-1.125 -0.0240353

-1.125 -0.0238388
-1.10938 -0.0267812

-1.10938 -0.0272972
-1.09375 -0.0304816

-1.07812 -0.0325967
-1.08958 -0.03125

-1.07812 -0.0318971
-1.0625 -0.0332286

-1.09375 -0.0307615
-1.08959 -0.03125

-1.0625 -0.032832
-1.04688 -0.0358513

-1.04688 -0.0362189
-1.03125 -0.040984

-1.03125 -0.0413625
-1.01562 -0.0463812

-1 -0.0507125
-1.0145 -0.046875

-1.01562 -0.0465046
-1.01423 -0.046875

-1.5 0.0373132
-1.48438 0.0346858

-1.48438 0.0348156
-1.46875 0.0335646

-1.46875 0.0337991
-1.45312 0.0331962

-1.45312 0.0333402
-1.4375 0.0326285

-1.40625 0.0296713
-1.41999 0.03125

-1.4375 0.0326784
-1.42188 0.0314701

-1.42188 0.0314572
-1.42007 0.03125

-1.40625 0.0296374
-1.39062 0.0273296

-1.39062 0.0272982
-1.375 0.0246059

-1.375 0.0245928
-1.35938 0.021605

-1.35938 0.0216191
-1.34375 0.018334

-1.32812 0.0147302
-1.33213 0.015625

-1.34375 0.0182929
-1.33182 0.015625

-1.32812 0.0147012
-1.3125 0.0112724

-1.3125 0.0113431
-1.29688 0.00799937

-1.29688 0.00805076
-1.28125 0.00454802

-1.28125 0.00470818
-1.26562 0.000623279

-1.26562 0.000486796
-1.26377 0

