-4 -0.000511138
-3.92669 0

-3.74286 0
-3.5 0.00169334

-3.43393 0
-3.25 0.00449406

-3.23482 0
-3.125 0.00851019

-3.11956 0
-3.0625 0.0145474

-3.0625 0.00346795
-3.03125 0.0218824

-3.03125 0.0196389
-3.02144 0.03125

-3.02495 0.03125
-3.01098 0.0625

-3.01854 0.0625
-3.00977 0.09375

-3.00585 0.09375
-3 0.11189

-3.00222 0.125
-3 0.129601

-2.9375 0.0618194
-2.93905 0.0625

-3 0.117669
-2.98922 0.125

-2.95312 0.0808022
-2.95918 0.09375

-2.95312 0.0748899
-2.93871 0.0625

-2.95312 0.0784319
-2.95296 0.078125

-2.96007 0.09375
-2.96398 0.109375

1.5 -0.137502
1.51562 -0.138613

1.51562 -0.138605
1.53125 -0.139882

1.54688 -0.141346
1.53906 -0.140625

1.53125 -0.139877
1.53936 -0.140625

1.54688 -0.14134
1.5625 -0.142909

1.5625 -0.142956
1.57812 -0.144544

1.57812 -0.144603
1.59375 -0.145997

1.59375 -0.146021
1.60938 -0.147052

1.60938 -0.147026
1.625 -0.147697

1.625 -0.147646
1.64062 -0.148109

1.64062 -0.148068
1.65625 -0.148505

1.65625 -0.148489
1.67188 -0.149015

1.67188 -0.149013
1.6875 -0.149662

1.6875 -0.149657
1.70312 -0.150442

1.70312 -0.150433
1.71875 -0.151383

1.71875 -0.151392
1.73438 -0.152507

1.73438 -0.152552
1.75 -0.153721

-2.96368 0.109375
-2.96321 0.125

-2.92188 0.0623797
-2.92361 0.0625

-2.92188 0.0624618
-2.92081 0.0625

-2.875 0.0613265
-2.88623 0.0625

-2.9375 0.0649399
-2.92188 0.0638498

-2.92188 0.0657416
-2.90625 0.066304

1.75 -0.153783
1.76562 -0.154793

1.76562 -0.154826
1.78125 -0.155487

1.78125 -0.155469
1.79688 -0.155752

1.79688 -0.155703
1.8125 -0.155739

-2.90625 0.0664827
-2.89062 0.064543

1.8125 -0.155692
1.82812 -0.155675

1.82812 -0.155649
1.84375 -0.155728

1.875 -0.156378
1.87018 -0.15625

1.84375 -0.155722
1.85938 -0.155961

1.85938 -0.155956
1.8704 -0.15625

0.203125 -0.000871329
0.196586 0

0.203125 -0.00081979
0.21875 -0.00292822

0.21875 -0.00290736
0.234375 -0.00500459

0.234375 -0.00503394
0.25 -0.007103

-2.89062 0.062956
-2.88626 0.0625

-3 0.135644
-2.98134 0.15625

-2.98216 0.15625
-2.96875 0.17324

0.25 -0.00704065
0.265625 -0.00914755

0.265625 -0.00895652
0.28125 -0.011608

0.296875 -0.0158352
0.295912 -0.015625

0.28125 -0.0116856
0.296875 -0.0150955

-1 0.181857
-0.984375 0.182408

-2.96312 0.125
-2.95903 0.140625

-2.95749 0.140625
-2.95399 0.15625

-2.95312 0.148115
-2.95004 0.15625

-2.95312 0.16693
-2.9585 0.171875

-0.984375 0.182409
-0.96875 0.182686

0.296875 -0.0156616
0.3125 -0.0185956

-0.96875 0.18268
-0.953125 0.182693

-0.953125 0.18268
-0.9375 0.182468

-0.9375 0.182454
-0.921875 0.18207

-0.921875 0.182054
-0.90625 0.181558

-0.90625 0.181536
-0.890625 0.181003

-0.890625 0.180986
-0.875 0.180493

-0.875 0.180497
-0.859375 0.180073

-0.859375 0.180096
-0.84375 0.17969

-0.84375 0.179744
-0.828125 0.179204

0.296875 -0.0152306
0.298975 -0.015625

0.3125 -0.0183991
0.328125 -0.0201307

0.328125 -0.019971
0.34375 -0.0211596

0.34375 -0.0210385
0.359375 -0.0222459

0.359375 -0.0221262
0.375 -0.023834

-2.96553 0.171875
-2.9623 0.1875

0.375 -0.0237328
0.390625 -0.0263827

0.390625 -0.0265268
0.40625 -0.0300329

0.421875 -0.0336473
0.409243 -0.03125

0.421875 -0.0334384
0.4375 -0.034983

0.40625 -0.0303094
0.411206 -0.03125

-2.95043 0.15625
-2.94635 0.171875

-2.94569 0.171875
-2.94283 0.1875

1.875 -0.156363
1.89062 -0.156987

1.89062 -0.156981
1.90625 -0.157848

1.90625 -0.157873
1.92188 -0.158945

1.92188 -0.159004
1.9375 -0.160114

1.9375 -0.160169
1.95312 -0.161089

1.95312 -0.161103
1.96875 -0.161694

1.96875 -0.161664
1.98438 -0.161957

1.98438 -0.161912
2 -0.162055

-0.828125 0.17933
-0.8125 0.178294

-0.8125 0.17841
-0.796875 0.176393

-0.796875 0.176591
-0.78125 0.172965

-0.765625 0.16769
-0.779529 0.171875

-0.78125 0.173007
-0.777489 0.171875

-0.765625 0.16745
-0.75 0.163293

-2.97411 0.1875
-2.96875 0.196116

-2.96917 0.21875
-2.96875 0.219146

-2.96875 0.200775
-2.9375 0.196975

-2.96875 0.219516
-2.94217 0.21875

-0.75 0.163351
-0.734375 0.160317

-2.9375 0.203158
-2.93747 0.203125

-2.9375 0.218817
-2.93744 0.21875

-2.875 0.0610919
-2.86507 0.0625

-2.86591 0.0625
-2.85938 0.0634273

-2.85938 0.0648539
-2.84375 0.0682943

-2.84375 0.0683693
-2.82812 0.0698857

-2.82812 0.0691961
-2.8125 0.0700177

-2.8125 0.0701959
-2.79688 0.0713457

-2.79688 0.0715649
-2.78125 0.0722484

-2.78125 0.0721551
-2.76562 0.0721206

-2.76562 0.0719009
-2.75 0.0717745

-2.9375 0.252085
-2.93541 0.25

-2.75 0.0717641
-2.73438 0.0720056

-2.73438 0.0720699
-2.71875 0.0725717

-2.71875 0.0725775
-2.70312 0.0731994

-2.70312 0.07322
-2.6875 0.0739094

-2.6875 0.0738862
-2.67188 0.0746484

-2.67188 0.0746755
-2.65625 0.0755025

-2.65625 0.0755056
-2.64062 0.0763367

-2.64062 0.0763606
-2.625 0.0771416

-2.625 0.0771517
-2.60938 0.0778146

-2.60938 0.0778178
-2.60011 0.078125

-2.60011 0.078125
-2.59375 0.0783359

-2.59375 0.0783162
-2.57812 0.0787225

-2.57812 0.0786903
-2.5625 0.0790887

-2.5625 0.0790768
-2.54688 0.0795556

-2.54688 0.0795684
-2.53125 0.0801259

-2.53125 0.0801478
-2.51562 0.0807145

-2.51562 0.080717
-2.5 0.0812442

-0.734375 0.160495
-0.71875 0.15811

-0.703125 0.155757
-0.706173 0.15625

-0.703125 0.155716
-0.6875 0.152773

-0.71875 0.158337
-0.705856 0.15625

-0.6875 0.152674
-0.671875 0.14968

-0.671875 0.149644
-0.65625 0.146867

-0.65625 0.146909
-0.640625 0.144334

-0.640625 0.14447
-0.625 0.14174

-2.5 0.0812337
-2.48438 0.0817374

-0.515625 0.122175
-0.530402 0.125

-2.48438 0.0817331
-2.46875 0.0822429

0.4375 -0.0347641
0.453125 -0.0355539

0.453125 -0.0353873
0.46875 -0.0361933

-2.46875 0.082255
-2.45312 0.0827551

-0.515625 0.122169
-0.5 0.119508

-2.45312 0.0827694
-2.4375 0.0832071

-2.4375 0.0832068
-2.42188 0.0835541

-2.42188 0.0835369
-2.40625 0.0838286

-2.40625 0.0838087
-2.39062 0.084119

-2.39062 0.0841099
-2.375 0.084497

0.46875 -0.0360665
0.484375 -0.0374757

-2.375 0.0845006
-2.35938 0.0849752

2 -0.162019
2.01562 -0.162176

2.01562 -0.162153
2.03125 -0.162441

-0.609375 0.138552
-0.619915 0.140625

-0.625 0.141831
-0.618871 0.140625

-0.609375 0.138471
-0.59375 0.135445

-0.59375 0.135438
-0.578125 0.132779

-0.578125 0.132854
-0.5625 0.130427

0.484375 -0.0374272
0.5 -0.0397899

0 0.0295501
0.015625 0.0263806

0.015625 0.0264419
0.03125 0.024005

0.03125 0.0240081
0.046875 0.0221749

0.046875 0.0222445
0.0625 0.02087

2.03125 -0.162424
2.04688 -0.162921

2.04688 -0.16291
2.0625 -0.16367

2.0625 -0.163679
2.07812 -0.164707

2.07812 -0.16475
2.09375 -0.165941

2.09375 -0.166009
2.10938 -0.167139

2.10938 -0.167191
2.125 -0.168021

2.125 -0.168025
2.14062 -0.168442

2.14062 -0.168405
2.15625 -0.168472

2.15625 -0.168423
2.17188 -0.168315

2.17188 -0.16828
2.1875 -0.168168

2.1875 -0.168156
2.20312 -0.168133

2.20312 -0.168138
2.21875 -0.168217

2.21875 -0.168226
2.23438 -0.168379

2.23438 -0.168385
2.25 -0.168581

2.25 -0.168588
2.26562 -0.168803

2.26562 -0.168818
2.28125 -0.169011

2.28125 -0.169032
2.29688 -0.169129

2.29688 -0.169146
2.3125 -0.169067

2.3125 -0.169069
2.32812 -0.168776

2.32812 -0.16876
2.34375 -0.16828

2.34375 -0.168253
2.35938 -0.167674

2.35938 -0.167647
2.375 -0.167073

2.375 -0.167053
2.39062 -0.166579

2.39062 -0.166569
2.40625 -0.166259

2.40625 -0.166254
2.42188 -0.16614

2.42188 -0.16615
2.4375 -0.16622

2.4375 -0.166238
2.45312 -0.166435

2.45312 -0.166479
2.46875 -0.166681

2.46875 -0.166713
2.48438 -0.166767

2.48438 -0.166837
2.5 -0.166541

-0.5625 0.130461
-0.546875 0.128048

2.5 -0.166563
2.51562 -0.165732

-2.35938 0.0849831
-2.34375 0.0855224

-2.34375 0.0855268
-2.32812 0.0861064

-2.32812 0.0861072
-2.3125 0.0867164

-2.3125 0.0867197
-2.29688 0.0873506

-2.29688 0.0873613
-2.28125 0.0879856

-2.28125 0.0880022
-2.26562 0.0885654

-2.26562 0.0885794
-2.25 0.0890203

-0.546875 0.128202
-0.53125 0.125425

-0.53125 0.125459
-0.528851 0.125

-2.25 0.0890232
-2.23438 0.089308

-2.23438 0.0892964
-2.21875 0.0894424

-2.21875 0.0894216
-2.20312 0.0894936

-2.20312 0.0894722
-2.1875 0.0895546

-2.1875 0.0895399
-2.17188 0.0897051

-2.17188 0.0897002
-2.15625 0.0899877

-2.15625 0.0899918
-2.14062 0.0904032

-2.14062 0.0904138
-2.125 0.0909194

-2.125 0.0909334
-2.10938 0.0914842

-2.10938 0.0914973
-2.09375 0.0920393

-2.09375 0.0920479
-2.07812 0.0925376

-2.07812 0.09254
-2.0625 0.0929556

-0.5 0.11962
-0.484375 0.117134

-0.484375 0.117171
-0.46875 0.114564

0.0625 0.0210719
0.078125 0.0196131

0.078125 0.0199344
0.09375 0.017345

0.109375 0.0130853
0.0985392 0.015625

0.09375 0.0173774
0.101227 0.015625

-2.0625 0.0929507
-2.04688 0.0932973

-2.04688 0.0932884
-2.03125 0.0935932

-2.03125 0.0935832
-2.02255 0.09375

-2.02262 0.09375
-2.01562 0.0938842

-2.01562 0.0938765
-2 0.0942045

2.51562 -0.165695
2.53125 -0.16436

2.53125 -0.164212
2.54688 -0.162746

2.54688 -0.162496
2.5625 -0.161694

2.5625 -0.161994
2.57812 -0.161758

2.57812 -0.160532
2.59375 -0.162713

2.59375 -0.163831
2.60938 -0.168644

2.625 -0.172565
2.62118 -0.171875

2.60938 -0.169872
2.62047 -0.171875

-0.46875 0.114619
-0.453125 0.111709

-0.4375 0.108047
-0.443649 0.109375

-0.453125 0.111886
-0.4415 0.109375

-0.4375 0.108067
-0.421875 0.104761

-0.421875 0.104894
-0.40625 0.101975

-0.40625 0.101997
-0.390625 0.0991535

-0.390625 0.0992026
-0.375 0.0962906

0.109375 0.0130859
0.125 0.00954442

2.625 -0.172087
2.63348 -0.171875

2.63242 -0.171875
2.64062 -0.17167

2.64062 -0.171274
2.65625 -0.169658

2.65625 -0.169538
2.67188 -0.167757

2.67188 -0.167758
2.6875 -0.166053

2.6875 -0.166028
2.70312 -0.164447

2.70312 -0.164502
2.71875 -0.162984

2.71875 -0.162974
2.73438 -0.161431

2.73438 -0.161576
2.75 -0.159738

-0.359375 0.0926866
-0.364422 0.09375

2.75 -0.159657
2.76562 -0.157398

-0.359375 0.0927511
-0.34375 0.0895732

0.125 0.00950144
0.140625 0.00665978

-0.375 0.0965294
-0.361809 0.09375

-2 0.0942013
-1.98438 0.0945778

2.76562 -0.157569
2.7732 -0.15625

-1.98438 0.0945786
-1.96875 0.0950084

0.140625 0.00667774
0.15625 0.00458595

-0.34375 0.0897118
-0.328125 0.0870796

0.15625 0.00473249
0.171875 0.00306155

-1.96875 0.0950117
-1.95312 0.0954869

2.77244 -0.15625
2.78125 -0.154717

-1.95312 0.0954911
-1.9375 0.0959964

2.78125 -0.154242
2.79688 -0.151934

0.171875 0.003199
0.1875 0.00138094

0.1875 0.00135851
0.197695 0

-0.328125 0.0871405
-0.3125 0.0846552

2.79688 -0.152167
2.8125 -0.150878

-1.9375 0.0960002
-1.92188 0.0965196

2.8125 -0.150636
2.82812 -0.150384

-0.3125 0.0845548
-0.296875 0.0822954

2.82812 -0.150942
2.84375 -0.151097

-1.92188 0.0965219
-1.90625 0.0970433

2.84375 -0.150554
2.85938 -0.151087

-0.296875 0.0824721
-0.28125 0.0802858

-1.90625 0.0970435
-1.89062 0.0975617

-1.89062 0.0975599
-1.875 0.0980779

2.85938 -0.152156
2.875 -0.152015

-0.265625 0.0769909
-0.27179 0.078125

2.875 -0.150802
2.89062 -0.150272

2.89062 -0.150741
2.90625 -0.151313

-0.28125 0.0806975
-0.267264 0.078125

0.5 -0.0399047
0.515625 -0.0430881

-0.265625 0.0772108
-0.25 0.074051

0.515625 -0.0434168
0.53125 -0.0465342

-1.875 0.0980745
-1.85938 0.0986029

0.546875 -0.0487157
0.532133 -0.046875

2.9375 -0.163504
2.92708 -0.15625

0.53125 -0.0466577
0.53299 -0.046875

-1.85938 0.0985987
-1.84375 0.0991525

0.546875 -0.0484541
0.5625 -0.0493007

2.90625 -0.14986
2.92188 -0.153501

0.5625 -0.0490806
0.578125 -0.0497681

0.578125 -0.0496266
0.59375 -0.0508783

-1.84375 0.0991485
-1.82812 0.099744

0.59375 -0.050854
0.609375 -0.0530015

-0.1875 0.0616395
-0.191696 0.0625

2.92188 -0.153797
2.92643 -0.15625

-0.25 0.0742181
-0.234375 0.071248

0.609375 -0.0531258
0.625 -0.0559693

-1.82812 0.0997413
-1.8125 0.100392

-0.234375 0.0712026
-0.21875 0.0681786

2.9375 -0.177296
2.95312 -0.176309

-0.21875 0.0681777
-0.203125 0.0651924

0.6875 -0.0630872
0.676145 -0.0625

2.93903 -0.171875
2.95312 -0.165584

0.625 -0.0561838
0.640625 -0.0590456

2.95312 -0.17676
2.95589 -0.171875

-0.203125 0.0654258
-0.188858 0.0625

0.640625 -0.0592005
0.65625 -0.0613421

-0.1875 0.0618066
-0.171875 0.0587465

0.65625 -0.0612926
0.671835 -0.0625

-1.8125 0.100391
-1.79688 0.101103

-0.171875 0.0589094
-0.15625 0.0562906

2.95312 -0.157146
2.9535 -0.15625

-0.15625 0.0562805
-0.140625 0.0537975

2.94856 -0.15625
2.95312 -0.152693

-1.79688 0.101104
-1.78125 0.101878

2.95312 -0.153921
2.96087 -0.140625

0.671875 -0.0623147
0.675459 -0.0625

-0.140625 0.0537441
-0.125 0.0515238

2.96617 -0.140625
2.96875 -0.137184

-1.78125 0.10188
-1.76562 0.10271

-1.76562 0.102712
-1.75 0.103591

0.6875 -0.0629411
0.703125 -0.0640866

0.703125 -0.0640581
0.71875 -0.065908

0.71875 -0.0660131
0.734375 -0.0684141

0.734375 -0.0685703
0.75 -0.0709998

-1.75 0.103591
-1.73438 0.104516

-1.73438 0.104515
-1.71875 0.105486

2.96875 -0.126422
2.96958 -0.125

0.75 -0.0710943
0.765625 -0.0730507

0.765625 -0.0730354
0.78125 -0.0743604

0.78125 -0.0742616
0.796875 -0.0751834

0.796875 -0.0750598
0.8125 -0.0760232

-1.71875 0.105484
-1.70312 0.10651

-1.70312 0.106507
-1.6875 0.1076

2.97562 -0.125
2.99037 -0.09375

2.99087 -0.09375
2.9932 -0.078125

-0.125 0.0516335
-0.109375 0.0495636

-0.09375 0.0468187
-0.0941062 0.046875

-0.109375 0.0497297
-0.09375 0.0472598

-1.6875 0.107599
-1.67188 0.108766

-1.67188 0.108768
-1.66417 0.109375

2.99148 -0.078125
2.99122 -0.0625

2.99034 -0.0625
2.99271 -0.046875

2.99357 -0.046875
2.99861 -0.03125

-0.078125 0.044268
-0.0930031 0.046875

-0.09375 0.0472448
-0.0916397 0.046875

-1.66428 0.109375
-1.65625 0.110008

-1.65625 0.110001
-1.64062 0.11129

0.8125 -0.0759437
0.828125 -0.0773549

3 -0.0221544
3.02608 0

-0.078125 0.0443782
-0.0625 0.0416584

3.03125 -0.00466191
3.0625 -0.0017599

-0.0625 0.0416181
-0.046875 0.0388203

-1.64062 0.111292
-1.625 0.112639

-0.046875 0.0387524
-0.03125 0.0360929

3.0625 -0.00393275
3.125 -0.00196346

-1.625 0.112643
-1.60938 0.114037

3.125 -0.00267719
3.25 -0.00112478

3.25 -0.0017142
3.5 -0.000789691

0 0.0294112
-0.00828596 0.03125

3.5 -0.00151725
4 -0.00102995

-0.03125 0.0363654
-0.015625 0.0334352

0.84375 -0.0793452
0.833776 -0.078125

-1.60938 0.11404
-1.59375 0.115469

-1.59375 0.11547
-1.57812 0.116928

-0.015625 0.0336053
-0.0050116 0.03125

0.828125 -0.0773666
0.834325 -0.078125

-1.57812 0.116928
-1.5625 0.118414

-1.5625 0.118413
-1.54688 0.119933

0.84375 -0.0793973
0.859375 -0.081547

0.859375 -0.081645
0.875 -0.0836818

-1.54688 0.119931
-1.53125 0.121489

0.875 -0.0837369
0.890625 -0.0853545

0.890625 -0.0853278
0.90625 -0.0864692

0.90625 -0.0863863
0.921875 -0.0872706

0.921875 -0.0871815
0.9375 -0.0881524

0.9375 -0.0880982
0.953125 -0.0894421

0.953125 -0.0894514
0.96875 -0.0912579

-1.53125 0.121489
-1.51562 0.12309

-1.51562 0.123096
-1.5 0.124727

1 -0.09546
0.986117 -0.09375

0.96875 -0.091349
0.984375 -0.0934171

0.984375 -0.0934813
0.986557 -0.09375

-1.5 0.124728
-1.4974 0.125

-1.49747 0.125
-1.48438 0.126372

-1.48438 0.126359
-1.46875 0.128014

-1.46875 0.128013
-1.45312 0.12971

-1.45312 0.129711
-1.4375 0.131449

-1.4375 0.131449
-1.42188 0.133226

-1.42188 0.133226
-1.40625 0.135043

-1.40625 0.135043
-1.39062 0.1369

-1.39062 0.136899
-1.375 0.138799

-1.375 0.138813
-1.36017 0.140625

-1.36052 0.140625
-1.35938 0.140765

-1.35938 0.140723
-1.34375 0.142612

-1.34375 0.142595
-1.32812 0.1445

-1.32812 0.1445
-1.3125 0.146456

-1.3125 0.146457
-1.29688 0.148462

-1.29688 0.148463
-1.28125 0.150512

-1.28125 0.150514
-1.26562 0.152602

-1.26562 0.152605
-1.25 0.154724

-1.25 0.154746
-1.23866 0.15625

-1.23899 0.15625
-1.23438 0.156861

-1.23438 0.156812
-1.21875 0.158805

-1.21875 0.158792
-1.20312 0.160772

-1.20312 0.160774
-1.1875 0.162765

-1.1875 0.162767
-1.17188 0.164762

-1.17188 0.164764
-1.15625 0.166757

-1.15625 0.16676
-1.14062 0.168742

-1.14062 0.168751
-1.125 0.170697

1 -0.0954572
1.01562 -0.0970072

-1.125 0.170719
-1.1151 0.171875

-1.1154 0.171875
-1.10938 0.172579

-1.10938 0.172534
-1.09375 0.174216

-1.09375 0.174208
-1.07812 0.175809

-1.07812 0.175818
-1.0625 0.177334

-1.0625 0.177344
-1.04688 0.178739

-1.04688 0.178749
-1.03125 0.179985

-1.03125 0.179993
-1.01562 0.181033

-1.01562 0.181041
-1 0.181851

1.01562 -0.0970019
1.03125 -0.0981801

1.03125 -0.0981367
1.04688 -0.0990406

1.04688 -0.0989664
1.0625 -0.0998314

1.0625 -0.0997649
1.07812 -0.100873

1.07812 -0.100857
1.09375 -0.102371

1.09375 -0.10242
1.10938 -0.104276

1.10938 -0.104356
1.125 -0.106298

1.125 -0.106357
1.14062 -0.108108

1.15625 -0.109506
1.15479 -0.109375

1.14062 -0.108132
1.15451 -0.109375

1.15625 -0.109495
1.17188 -0.110564

1.17188 -0.110519
1.1875 -0.111415

1.1875 -0.111365
1.20312 -0.112279

1.20312 -0.112228
1.21875 -0.113363

1.21875 -0.113347
1.23438 -0.114836

1.23438 -0.114881
1.25 -0.116665

1.35938 -0.125832
1.34788 -0.125

1.35938 -0.125796
1.375 -0.127128

1.25 -0.116742
1.26562 -0.118576

1.26562 -0.118625
1.28125 -0.120257

1.28125 -0.120252
1.29688 -0.121595

1.29688 -0.121563
1.3125 -0.122692

1.3125 -0.122663
1.32812 -0.1237

1.32812 -0.12368
1.34375 -0.124722

1.34375 -0.124698
1.34793 -0.125

1.375 -0.127129
1.39062 -0.128729

1.39062 -0.128778
1.40625 -0.130547

1.40625 -0.130617
1.42188 -0.132318

1.42188 -0.132355
1.4375 -0.133774

1.4375 -0.133756
1.45312 -0.134853

1.45312 -0.134806
1.46875 -0.13571

1.46875 -0.135671
1.48438 -0.136553

1.48438 -0.136536
1.5 -0.137509

