-4 -0.00158234
-3.77358 0

-3.66316 0
-3.5 0.00114023

-3.5 -0.00143024
-3.44124 0

-3.25 -0.00182167
-3.22481 0

-3.125 -0.00243051
-3.11194 0

-3.41019 0
-3.25 0.0039261

-3.21961 0
-3.125 0.00757184

-3.11224 0
-3.0625 0.0124124

-3.0625 0.00190971
-3.03125 0.0204049

-3.03216 0.03125
-3.03125 0.0325961

-3 0.0261366
-3.02217 0.03125

-3.0293 0.03125
-3.00283 0.0625

-3.01915 0.0625
-3.00971 0.09375

-3.00313 0.09375
-3 0.122194

-3.01682 0.125
-3 0.153663

-2.89062 -0.253168
-2.89413 -0.25

-2.875 -0.268946
-2.87918 -0.265625

-2.89062 -0.255442
-2.87878 -0.265625

-2.875 -0.269628
-2.85938 -0.277779

-2.85938 -0.276837
-2.84375 -0.280184

-2.82812 -0.281531
-2.83012 -0.28125

-2.82812 -0.281845
-2.8125 -0.283965

-2.84375 -0.279295
-2.82985 -0.28125

-2.8125 -0.283862
-2.79688 -0.285413

-2.79688 -0.285388
-2.78125 -0.286627

-2.78125 -0.28658
-2.76562 -0.287651

-2.76562 -0.287645
-2.75 -0.288653

-2.9375 -0.19712
-2.94325 -0.1875

-2.96875 -0.12574
-2.96907 -0.125

-2.95312 -0.174664
-2.9543 -0.171875

-2.95312 -0.174004
-2.94724 -0.1875

-2.95312 -0.160736
-2.95117 -0.171875

-2.95312 -0.154422
-2.96006 -0.140625

-2.96875 -0.134994
-2.96525 -0.140625

-2.95312 -0.155429
-2.95271 -0.15625

-2.90625 -0.243329
-2.92642 -0.21875

-1 -0.259595
-0.984375 -0.258686

-0.984375 -0.258693
-0.96875 -0.257746

-0.96875 -0.257751
-0.953125 -0.256743

-0.953125 -0.256748
-0.9375 -0.255657

-0.9375 -0.25566
-0.921875 -0.25447

-0.921875 -0.254469
-0.90625 -0.253175

-0.90625 -0.253202
-0.890625 -0.251751

-0.890625 -0.251717
-0.875 -0.250124

-0.875 -0.250049
-0.874486 -0.25

-0.875161 -0.25
-0.875 -0.249984

-0.874638 -0.25
-0.859375 -0.248547

-0.859375 -0.248608
-0.84375 -0.247281

-0.84375 -0.247291
-0.828125 -0.245982

-0.828125 -0.245977
-0.8125 -0.244678

-0.8125 -0.244678
-0.796875 -0.243401

-0.796875 -0.243405
-0.78125 -0.242144

-0.78125 -0.242146
-0.765625 -0.240891

-0.765625 -0.240903
-0.75 -0.239627

-0.75 -0.239624
-0.734375 -0.238309

-0.734375 -0.238314
-0.71875 -0.236957

-0.71875 -0.237064
-0.703125 -0.235439

-0.703125 -0.235342
-0.694558 -0.234375

-0.695902 -0.234375
-0.6875 -0.233427

-0.6875 -0.233502
-0.671875 -0.231948

-0.671875 -0.232005
-0.65625 -0.230551

-0.65625 -0.230564
-0.640625 -0.229073

-0.640625 -0.229069
-0.625 -0.227519

-0.625 -0.227512
-0.609375 -0.225925

-0.609375 -0.225941
-0.59375 -0.2243

-0.59375 -0.224263
-0.578125 -0.222613

-0.578125 -0.222671
-0.5625 -0.220972

-0.5625 -0.221095
-0.546875 -0.218996

0 -0.141694
0.00615848 -0.140625

1.5 0.200563
1.50619 0.203125

-0.548028 -0.21875
-0.546875 -0.218595

1.50879 0.203125
1.51562 0.205955

-0.546875 -0.218698
-0.53125 -0.21655

-0.53125 -0.216616
-0.515625 -0.21487

-0.515625 -0.214935
-0.5 -0.213329

1.51562 0.206921
1.53125 0.21398

0.00018755 -0.140625
0.015625 -0.137946

1.53125 0.21429
1.54166 0.21875

1.54429 0.21875
1.54688 0.219859

1.54688 0.220224
1.5625 0.227463

0.015625 -0.140738
0.0165807 -0.140625

-2.92188 -0.218309
-2.93101 -0.203125

-2.9375 -0.198802
-2.93414 -0.203125

-2.92188 -0.218461
-2.92172 -0.21875

-2.90625 -0.240083
-2.89517 -0.25

1.5625 0.228317
1.57562 0.234375

0.015625 -0.138659
0.03125 -0.136809

1.5778 0.234375
1.57812 0.234524

1.57812 0.23457
1.59375 0.241988

0.03125 -0.136642
0.046875 -0.134979

-2.97257 -0.125
-2.98467 -0.09375

0.046875 -0.135026
0.0625 -0.133798

-0.5 -0.213344
-0.484375 -0.211718

0.0625 -0.133939
0.078125 -0.132773

-0.484375 -0.211707
-0.46875 -0.210051

-2.98866 -0.09375
-2.98966 -0.078125

-0.46875 -0.21008
-0.453125 -0.208359

0.078125 -0.132847
0.09375 -0.131314

-2.98657 -0.078125
-2.98438 -0.0651302

1.59375 0.242807
1.60822 0.25

1.60938 0.249848
1.60968 0.25

-0.453125 -0.208289
-0.4375 -0.206586

-2.98438 -0.0859513
-2.98388 -0.09375

-0.4375 -0.206634
-0.421875 -0.204993

1.60945 0.25
1.625 0.257673

-0.421875 -0.20531
-0.40625 -0.203162

1.625 0.258013
1.63956 0.265625

-0.41054 -0.203125
-0.40625 -0.202535

1.63994 0.265625
1.64062 0.265981

-0.40625 -0.20277
-0.390625 -0.200262

-0.390625 -0.200242
-0.375 -0.198038

-0.375 -0.198115
-0.359375 -0.196099

-0.359375 -0.196084
-0.34375 -0.194133

-0.34375 -0.194201
-0.328125 -0.192209

-0.328125 -0.1921
-0.3125 -0.19015

-0.3125 -0.190141
-0.296875 -0.188469

-0.296875 -0.189104
-0.284428 -0.1875

-0.290555 -0.1875
-0.28125 -0.186301

-0.28125 -0.186613
-0.265625 -0.183942

-0.265625 -0.183794
-0.25 -0.181085

-0.25 -0.181109
-0.234375 -0.17861

-0.234375 -0.178637
-0.21875 -0.176248

-0.21875 -0.176244
-0.203125 -0.17392

-0.203125 -0.174261
-0.1875 -0.171947

-0.195595 -0.171875
-0.1875 -0.170676

-0.1875 -0.172633
-0.182096 -0.171875

-0.1875 -0.17142
-0.171875 -0.169228

-0.171875 -0.16942
-0.15625 -0.167401

-0.15625 -0.167493
-0.140625 -0.165339

-0.140625 -0.165393
-0.125 -0.162812

-0.125 -0.162677
-0.109375 -0.159833

-0.109375 -0.159876
-0.09375 -0.157326

-0.0997484 -0.15625
-0.09375 -0.155271

-0.09375 -0.158554
-0.078125 -0.156451

-0.078125 -0.157253
-0.0699149 -0.15625

-0.09375 -0.155952
-0.078125 -0.15385

0.09375 -0.131969
0.109375 -0.128607

0.109375 -0.128787
0.120304 -0.125

0.115659 -0.125
0.125 -0.121764

0.125 -0.121245
0.140625 -0.117677

0.140625 -0.118944
0.15625 -0.117501

0.15625 -0.11763
0.171875 -0.115518

0.171875 -0.115055
0.1875 -0.112945

0.1875 -0.113063
0.203125 -0.111644

0.203125 -0.112199
0.21875 -0.110122

0.21875 -0.110624
0.223516 -0.109375

0.22161 -0.109375
0.234375 -0.106031

0.234375 -0.105196
0.25 -0.100751

1.64062 0.265983
1.65625 0.274316

0.25 -0.100607
0.265625 -0.0980101

0.265625 -0.0984214
0.28125 -0.0971388

0.28125 -0.0974304
0.296875 -0.0960562

0.296875 -0.0963023
0.3125 -0.0937791

0.311186 -0.09375
0.3125 -0.0935379

0.3125 -0.0941139
0.314146 -0.09375

0.3125 -0.0934056
0.328125 -0.0899502

-2.984 -0.078125
-2.98145 -0.0625

0.328125 -0.0898963
0.34375 -0.0863454

0.34375 -0.0863178
0.359375 -0.082873

-2.98371 -0.0625
-2.98417 -0.046875

0.359375 -0.0825663
0.375 -0.0798964

1.65625 0.274338
1.66854 0.28125

-2.98397 -0.046875
-2.98421 -0.03125

0.375 -0.0800999
0.390625 -0.0784114

1.66839 0.28125
1.67188 0.283213

0.390625 -0.0789527
0.396812 -0.078125

0.396177 -0.078125
0.40625 -0.0767775

-2.98438 -0.0185909
-2.98479 -0.015625

0.40625 -0.076546
0.421875 -0.0736042

1.67188 0.283192
1.6875 0.292265

-0.078125 -0.154899
-0.0625 -0.15299

1.6875 0.292056
1.69542 0.296875

-0.0625 -0.153356
-0.046875 -0.151319

1.69513 0.296875
1.70312 0.301739

1.70312 0.301767
1.71875 0.311725

1.71875 0.311672
1.72006 0.3125

0.421875 -0.0734438
0.4375 -0.0704978

0.4375 -0.0705675
0.453125 -0.0677989

0.453125 -0.0677386
0.46875 -0.0651285

1.71997 0.3125
1.73438 0.321933

0.46875 -0.0649887
0.484375 -0.0629375

1.73438 0.321784
1.7435 0.328125

-0.046875 -0.151468
-0.03125 -0.148799

-0.03125 -0.148742
-0.015625 -0.145256

0.484375 -0.0631957
0.490811 -0.0625

0.490499 -0.0625
0.5 -0.0614731

1.74352 0.328125
1.75 0.332624

-2.98562 -0.015625
-2.99131 0

-2.98438 -0.0301664
-2.98422 -0.03125

-0.015625 -0.145032
0 -0.141289

-2.75 -0.288632
-2.73438 -0.289631

-2.73438 -0.28964
-2.71875 -0.290653

1.75 0.332738
1.7648 0.34375

1.76485 0.34375
1.76562 0.344333

1.76562 0.344326
1.78125 0.356605

0.421875 0.154229
0.42035 0.15625

0.421875 0.154135
0.4375 0.141131

0.420176 0.15625
0.414396 0.171875

1.78125 0.356501
1.78477 0.359375

1.78463 0.359375
1.79688 0.369732

1.79688 0.36972
1.80277 0.375

1.80263 0.375
1.8125 0.384178

1.8125 0.384165
1.81904 0.390625

1.81896 0.390625
1.82812 0.400137

1.82812 0.400042
1.83389 0.40625

1.83387 0.40625
1.84375 0.417362

0.415471 0.171875
0.41898 0.1875

-2.71875 -0.29066
-2.70312 -0.291652

-2.70312 -0.291669
-2.6875 -0.292591

1.84375 0.4174
1.84764 0.421875

1.84769 0.421875
1.85938 0.435569

1.85938 0.435704
1.86089 0.4375

1.86095 0.4375
1.874 0.453125

1.87419 0.453125
1.875 0.454109

0.419322 0.1875
0.421875 0.191784

1.875 0.454103
1.88667 0.46875

-2.6875 -0.292595
-2.67188 -0.293404

1.88686 0.46875
1.89062 0.473943

0.421875 0.191701
0.429477 0.203125

1.89062 0.474319
1.89796 0.484375

-2.67188 -0.2934
-2.65625 -0.294098

1.8983 0.484375
1.90625 0.496665

0.430621 0.203125
0.4375 0.210632

1.90625 0.497368
1.9079 0.5

-2.65625 -0.294079
-2.64062 -0.294713

-2.64062 -0.294691
-2.625 -0.29534

0.453125 0.139716
0.448178 0.140625

0.4375 0.142633
0.448379 0.140625

0.453627 0.140625
0.46875 0.143242

0.46875 0.142972
0.484375 0.150204

0.484375 0.149993
0.492522 0.15625

0.508673 0.5
0.513487 0.515625

0.512207 0.515625
0.515625 0.52199

0.515625 0.521567
0.522401 0.53125

0.519955 0.53125
0.53125 0.540627

0.493262 0.15625
0.5 0.164303

0.4375 0.210275
0.445511 0.21875

0.44703 0.21875
0.453125 0.226824

0.558296 0.5
0.5625 0.506749

0.53125 0.538256
0.546875 0.545321

0.546875 0.543075
0.557263 0.546875

0.453125 0.226276
0.458811 0.234375

0.458674 0.234375
0.464547 0.25

-2.625 -0.295319
-2.60938 -0.296067

-2.59375 -0.297113
-2.59694 -0.296875

-2.60938 -0.295924
-2.59662 -0.296875

0.55557 0.546875
0.5625 0.551643

0.5 0.214045
0.499101 0.21875

0.5625 0.506454
0.568212 0.515625

0.568236 0.515625
0.575777 0.53125

0.577149 0.53125
0.57801 0.546875

0.498883 0.21875
0.49764 0.234375

0.497442 0.234375
0.498766 0.25

0.5625 0.553849
0.574276 0.5625

0.463704 0.25
0.465836 0.265625

0.578125 0.536277
0.583424 0.546875

0.585311 0.546875
0.592081 0.5625

0.59375 0.55933
0.607008 0.5625

0.465449 0.265625
0.466301 0.28125

0.609375 0.561373
0.625 0.553207

0.566584 0.5625
0.578125 0.574936

0.575313 0.578125
0.578125 0.580385

0.46613 0.28125
0.46682 0.296875

0.466688 0.296875
0.467822 0.3125

0.498621 0.25
0.5 0.254762

0.578125 0.576741
0.59375 0.572259

0.578125 0.579953
0.59375 0.581329

0.59375 0.568846
0.609375 0.567531

0.467725 0.3125
0.46875 0.320276

0.46875 0.320448
0.469762 0.328125

0.469613 0.328125
0.47314 0.34375

0.473117 0.34375
0.478477 0.359375

0.478914 0.359375
0.484375 0.372935

0.484375 0.372343
0.485445 0.375

0.59375 0.578607
0.609375 0.579972

0.485651 0.375
0.491114 0.390625

0.491083 0.390625
0.494963 0.40625

0.494764 0.40625
0.497521 0.421875

0.497501 0.421875
0.499572 0.4375

0.499895 0.4375
0.5 0.438445

0.614465 0.578125
0.625 0.582931

-2.59375 -0.297198
-2.57812 -0.298848

-2.57812 -0.298899
-2.5625 -0.300725

0.625 0.55509
0.640625 0.554432

-2.5625 -0.300793
-2.54688 -0.30256

-2.54688 -0.302642
-2.53125 -0.304053

-2.53125 -0.304151
-2.51562 -0.304846

0.5 -0.0617666
0.515625 -0.0594045

0.640625 0.554278
0.65625 0.557673

0.515625 -0.0592924
0.53125 -0.0559214

0.65625 0.555992
0.665438 0.5625

0.625 0.582632
0.640625 0.584585

0.640625 0.584983
0.65625 0.582319

0.53125 -0.0556594
0.546875 -0.0520274

0.546875 -0.0518698
0.5625 -0.0488161

0.5625 -0.0487467
0.576958 -0.046875

0.577037 -0.046875
0.578125 -0.0467341

0.578125 -0.0469838
0.57917 -0.046875

0.671378 0.5625
0.670444 0.578125

0.65625 0.582989
0.663441 0.578125

0.671875 0.566465
0.671976 0.5625

0.580538 -0.046875
0.59375 -0.0455001

0.59375 -0.046017
0.609375 -0.0429512

0.609375 -0.0423827
0.625 -0.0379491

0.71875 0.538175
0.704183 0.546875

0.625 -0.0373671
0.640625 -0.0338665

0.708708 0.546875
0.710958 0.5625

0.71875 0.542465
0.734375 0.546743

0.730848 0.546875
0.734375 0.550928

0.640625 -0.0341035
0.65625 -0.0322256

0.65625 -0.0325256
0.671232 -0.03125

0.671875 -0.0314075
0.672833 -0.03125

0.734375 0.551887
0.748889 0.5625

0.715433 0.5625
0.71875 0.564933

0.71875 0.565926
0.734375 0.568113

0.671481 -0.03125
0.671875 -0.0312164

0.675554 -0.03125
0.6875 -0.0292856

0.6875 -0.029055
0.703125 -0.0243892

0.734375 0.565595
0.75 0.570093

0.703125 -0.0234824
0.71875 -0.0188623

0.71875 -0.0186904
0.734375 -0.0162732

0.734375 -0.0166606
0.75 -0.0160153

0.75 0.560637
0.765625 0.562078

-2.51562 -0.304901
-2.5 -0.304573

0.75 0.572047
0.753157 0.5625

0.758467 0.578125
0.765625 0.582449

0.765625 0.564329
0.78125 0.569938

0.765625 0.584624
0.78125 0.593555

-2.9941 0
-2.99747 0.015625

-2.99483 0.015625
-2.99163 0.03125

0.75 -0.016413
0.765625 -0.0159697

0.78125 0.572761
0.790904 0.578125

0.765625 -0.0187507
0.77635 -0.015625

0.769764 -0.015625
0.78125 -0.0122343

0.790665 0.578125
0.796875 0.581502

0.796875 0.582687
0.8125 0.591651

0.78155 0.59375
0.796875 0.602792

0.796875 0.604525
0.802744 0.609375

0.803359 0.609375
0.8125 0.615729

0.8125 0.59339
0.813017 0.59375

0.78125 -0.0104859
0.796875 -0.00368147

-2.98438 0.0208855
-2.98039 0.03125

-2.99486 0.03125
-2.99038 0.046875

-2.98924 0.046875
-2.98438 0.0602772

0.812992 0.59375
0.828125 0.603038

0.8125 0.616548
0.826282 0.625

0.796875 -0.00344404
0.8125 -0.000240866

0.828125 0.604871
0.836806 0.609375

0.835559 0.609375
0.84375 0.613033

0.84375 0.614232
0.859375 0.618956

0.8125 -0.00106591
0.828125 -0.000288797

0.828125 -0.00140158
0.837799 0

0.84375 -0.00111175
0.846936 0

0.859375 -0.00127438
0.862114 0

0.859375 0.61985
0.875 0.621991

0.5 0.163972
0.505081 0.171875

0.504928 0.171875
0.50727 0.1875

-2.9833 0.03125
-2.97895 0.046875

-2.98314 0.046875
-2.97997 0.0625

0.505609 0.1875
0.502855 0.203125

0.5 0.214017
0.502081 0.203125

0.823405 0.625
0.828125 0.628055

0.5 0.254633
0.503182 0.265625

0.828125 0.628311
0.84375 0.63498

0.84375 0.636369
0.859375 0.639232

0.875 0.639524
0.860829 0.640625

0.868747 0.640625
0.875 0.641221

-2.98438 0.0772855
-2.98442 0.078125

-2.98684 0.078125
-2.99199 0.09375

-2.98248 0.0625
-2.98358 0.078125

-2.98198 0.078125
-2.97963 0.09375

-2.98067 0.09375
-2.97429 0.125

0.875 0.621726
0.890625 0.62227

0.890625 0.621676
0.90625 0.622053

0.90625 0.622056
0.921875 0.623436

-3 0.149556
-2.96875 0.140682

-3 0.163971
-2.96875 0.169561

-2.96875 0.140656
-2.95975 0.15625

-2.95621 0.15625
-2.95907 0.171875

-2.96875 0.178226
-2.95312 0.171992

0.921875 0.623826
0.92813 0.625

-2.977 0.1875
-2.96875 0.189601

-2.96875 0.187588
-2.96855 0.1875

0.890625 0.640216
0.886776 0.640625

0.875 0.640893
0.890625 0.640761

-2.96875 0.219138
-2.96836 0.21875

0.503054 0.265625
0.511248 0.28125

0.51184 0.28125
0.515625 0.286876

0.890625 0.640238
0.90625 0.639726

0.90625 0.640021
0.907663 0.640625

0.910145 0.640625
0.921875 0.642094

0.515625 0.286504
0.522718 0.296875

0.523507 0.296875
0.53125 0.309283

0.92836 0.625
0.9375 0.625952

0.921875 0.642495
0.9375 0.645854

0.9375 0.627259
0.953125 0.630021

-2.5 -0.30454
-2.48438 -0.303143

0.9375 0.647147
0.953125 0.651343

0.53125 0.30826
0.533804 0.3125

0.953125 0.631685
0.96875 0.63498

0.953125 0.652325
0.967522 0.65625

0.967041 0.65625
0.96875 0.656763

0.96875 0.635924
0.984375 0.639301

-2.48438 -0.303075
-2.46875 -0.30081

-2.46875 -0.300593
-2.45312 -0.298029

-2.45312 -0.297865
-2.44583 -0.296875

-2.44567 -0.296875
-2.4375 -0.295765

0.984375 0.639397
0.989997 0.640625

0.990366 0.640625
1 0.642717

0.533624 0.3125
0.539973 0.328125

0.539781 0.328125
0.542658 0.34375

-2.4375 -0.295754
-2.42188 -0.294383

0.542497 0.34375
0.542608 0.359375

0.96875 0.656891
0.984375 0.660344

0.984375 0.660785
1 0.663259

-2.42188 -0.294658
-2.40625 -0.293489

-2.40625 -0.293266
-2.39062 -0.292198

-2.39062 -0.29203
-2.375 -0.291845

0.542548 0.359375
0.540336 0.375

-2.375 -0.292061
-2.35938 -0.292662

-2.35938 -0.29281
-2.34375 -0.293468

0.53125 0.404547
0.530723 0.40625

0.530221 0.40625
0.526714 0.421875

-2.34375 -0.293456
-2.32812 -0.293898

-2.32812 -0.293865
-2.3125 -0.294179

1 0.643095
1.01562 0.645776

1.01562 0.646443
1.03125 0.648355

0.526321 0.421875
0.525885 0.4375

0.540209 0.375
0.536047 0.390625

-2.3125 -0.29415
-2.29688 -0.294461

-2.29688 -0.294475
-2.28125 -0.294814

1 0.663964
1.01562 0.666169

-2.28125 -0.294853
-2.26562 -0.295112

0.53125 0.404472
0.535531 0.390625

1.01562 0.666891
1.03125 0.669979

1.03125 0.649278
1.04688 0.651835

-2.26562 -0.295138
-2.25 -0.295189

1.04688 0.652317
1.0625 0.655431

1.03125 0.670064
1.03954 0.671875

1.03986 0.671875
1.04688 0.673454

1.04688 0.673838
1.0625 0.677099

1.0625 0.655593
1.06531 0.65625

0.5 0.450826
0.500673 0.4375

0.501352 0.453125
0.502671 0.46875

0.526435 0.4375
0.529327 0.453125

-2.25 -0.295155
-2.23438 -0.295016

-2.23438 -0.294951
-2.21875 -0.294821

1.0656 0.65625
1.07812 0.658929

-2.21875 -0.294743
-2.20312 -0.294907

0.530225 0.453125
0.53125 0.456012

1.0625 0.677667
1.07812 0.680106

0.50312 0.46875
0.505796 0.484375

0.505746 0.484375
0.509057 0.5

1.07812 0.659503
1.09375 0.662867

1.07812 0.681165
1.09375 0.683357

1.09375 0.663787
1.10938 0.666726

1.09375 0.684372
1.10938 0.687298

0.53125 0.455581
0.537249 0.46875

0.537398 0.46875
0.546827 0.484375

0.546875 0.48387
0.547185 0.484375

0.547254 0.484375
0.55783 0.5

1.10938 0.667492
1.125 0.670263

1.10862 0.6875
1.10938 0.687673

-2.20312 -0.294878
-2.1875 -0.295549

-2.17188 -0.296951
-2.17284 -0.296875

-2.1875 -0.295552
-2.17188 -0.296777

-2.17188 -0.29688
-2.15625 -0.298452

-2.17188 -0.2968
-2.17113 -0.296875

1.10938 0.687722
1.125 0.691074

0.838145 0
0.84375 0.00081204

0.84375 0.00123742
0.859375 0.00668975

0.859375 0.00810968
0.875 0.0133466

1.125 0.670345
1.13416 0.671875

1.13469 0.671875
1.14062 0.672392

1.14062 0.673084
1.15625 0.675111

0.875 0.0135192
0.890625 0.0151288

-2.15625 -0.298535
-2.14062 -0.300088

0.890625 0.0141713
0.90625 0.0135

0.90625 0.0114182
0.921875 0.014461

0.918182 0.015625
0.921875 0.0163637

0.921875 0.0128266
0.928282 0.015625

-2.14062 -0.300155
-2.125 -0.301385

0.921875 0.0170827
0.9375 0.0239074

1.15625 0.675692
1.17188 0.677545

0.9375 0.0248886
0.953125 0.0284642

0.953125 0.0267515
0.96875 0.0273937

-2.125 -0.301404
-2.10938 -0.302138

-2.10938 -0.302141
-2.09375 -0.302335

0.96875 0.0262879
0.984375 0.0296339

0.984375 0.0290404
0.990042 0.03125

1.17188 0.678435
1.1875 0.680671

1.125 0.691363
1.14062 0.693921

0.984714 0.03125
1 0.0372099

1.14062 0.694444
1.15625 0.69641

1.15625 0.697207
1.17188 0.699419

-2.09375 -0.302318
-2.07812 -0.302002

-2.07812 -0.301967
-2.0625 -0.301243

1.17188 0.699909
1.1875 0.702504

1.1875 0.681382
1.20312 0.684369

-2.0625 -0.301178
-2.04688 -0.300245

-2.04688 -0.300161
-2.03125 -0.299316

1.20312 0.684664
1.21662 0.6875

1.1875 0.702922
1.1883 0.703125

-2.03125 -0.299257
-2.01562 -0.298786

-2.01562 -0.298807
-2 -0.29879

1.18854 0.703125
1.20312 0.70654

1.21477 0.6875
1.21875 0.68785

1.20312 0.706945
1.21875 0.710192

1.21875 0.688456
1.23438 0.69044

1.21875 0.710834
1.23438 0.713111

1.23438 0.691217
1.25 0.693163

1.23438 0.713964
1.25 0.715671

1.25 0.693777
1.26562 0.695979

1.25 0.716394
1.26562 0.717768

1.26562 0.696506
1.28125 0.699508

1.28125 0.71845
1.2738 0.71875

1.26864 0.71875
1.28125 0.720927

1.28125 0.699879
1.2966 0.703125

1.29525 0.703125
1.29688 0.703573

1.29688 0.703529
1.3125 0.70584

1.28125 0.721113
1.29688 0.723886

1.29688 0.724577
1.3125 0.726961

1.3125 0.706478
1.32812 0.708475

1.32812 0.709186
1.34375 0.71102

1.3125 0.727817
1.32812 0.729901

1.32812 0.730414
1.34375 0.732577

1.34375 0.711795
1.35938 0.714122

1.35938 0.714582
1.375 0.717231

1.34375 0.732952
1.3548 0.734375

1.3536 0.734375
1.35938 0.735392

1.35938 0.735638
1.375 0.738371

1.375 0.717405
1.38365 0.71875

1.38382 0.71875
1.39062 0.719441

1.375 0.738611
1.39062 0.740741

1.39062 0.719904
1.40625 0.721627

1.39062 0.741276
1.40625 0.742951

1.40625 0.722124
1.42188 0.723549

1.40625 0.743689
1.42188 0.745411

1.42188 0.724218
1.4375 0.725622

1.42188 0.745793
1.4375 0.747675

1.4375 0.7264
1.45312 0.728213

1.4375 0.747987
1.45243 0.75

1.45312 0.728685
1.46875 0.731072

1.46875 0.731245
1.48438 0.733729

1.48438 0.734057
1.48638 0.734375

1.48648 0.734375
1.5 0.735511

1.45159 0.75
1.45312 0.750257

1.45312 0.750456
1.46875 0.753438

1.46875 0.753597
1.48438 0.756433

1.48438 0.756748
1.5 0.758889

1.5 0.736577
1.51562 0.738277

1 0.0382393
1.01562 0.0420513

1.01562 0.0407333
1.03125 0.0420437

1.51562 0.739143
1.53125 0.740564

1.53125 0.741279
1.54688 0.743126

1.54688 0.743436
1.5625 0.745703

1.03125 0.0410312
1.04688 0.0445009

1.04688 0.0443621
1.05356 0.046875

1.5625 0.745779
1.57812 0.747941

1.57812 0.74795
1.59375 0.749822

1.04964 0.046875
1.0625 0.0517117

1.0625 0.052406
1.07812 0.056637

1.5 0.759643
1.51562 0.761451

1.07812 0.0553375
1.09375 0.0582422

1.09375 0.0575976
1.10867 0.0625

1.10938 0.0624797
1.10943 0.0625

1.10533 0.0625
1.10938 0.063828

-2 -0.298873
-1.98438 -0.299104

1.10938 0.0643774
1.125 0.0697369

1.51562 0.762235
1.53125 0.764222

1.53125 0.764624
1.54023 0.765625

1.53919 0.765625
1.54688 0.766949

-1.98438 -0.299182
-1.96875 -0.299341

-1.96875 -0.299372
-1.95312 -0.299241

1.54688 0.76716
1.5625 0.770072

1.5625 0.7702
1.57812 0.772776

1.57812 0.750056
1.58177 0.75

1.57812 0.77278
1.59375 0.774759

1.59375 0.750243
1.60938 0.750963

1.59375 0.774904
1.60938 0.776513

1.60938 0.751977
1.625 0.75302

1.60938 0.777233
1.625 0.77885

-1.95312 -0.299235
-1.9375 -0.298763

-1.9375 -0.298734
-1.92188 -0.297995

-1.92188 -0.297956
-1.90625 -0.297087

-1.90625 -0.297044
-1.90309 -0.296875

1.625 0.754051
1.64062 0.755184

1.625 0.779547
1.64021 0.78125

1.64062 0.755572
1.65625 0.756812

1.125 0.0691991
1.14062 0.0729011

1.64031 0.78125
1.64062 0.781304

-1.90307 -0.296875
-1.89062 -0.296209

-1.89062 -0.296181
-1.875 -0.295517

-1.875 -0.295506
-1.85938 -0.295094

-1.85938 -0.295105
-1.84375 -0.294944

1.64062 0.78184
1.65625 0.784736

1.65625 0.756947
1.67188 0.758009

1.67188 0.758052
1.6875 0.758577

1.65625 0.785064
1.67188 0.78736

1.67188 0.787378
1.6875 0.788381

1.6875 0.758566
1.70312 0.758493

1.14062 0.072365
1.15625 0.076557

1.70312 0.758439
1.71875 0.757897

-1.84375 -0.29497
-1.82812 -0.294984

1.6875 0.788231
1.70312 0.788203

1.15625 0.0768273
1.16072 0.078125

-1.82812 -0.295011
-1.8125 -0.295097

1.15919 0.078125
1.17188 0.0818088

1.70312 0.787957
1.71875 0.78769

1.71875 0.75785
1.73438 0.757042

-1.8125 -0.295115
-1.79688 -0.295179

1.73438 0.757063
1.75 0.756042

1.17188 0.0815079
1.1875 0.0855713

-1.79688 -0.295189
-1.78125 -0.295175

-1.78125 -0.295177
-1.76562 -0.295061

1.71875 0.787665
1.73438 0.787702

1.73438 0.787773
1.75 0.788022

1.1875 0.0850778
1.20312 0.0900442

1.8125 0.746232
1.79715 0.75

1.20312 0.0904154
1.21226 0.09375

-1.76562 -0.29506
-1.75 -0.294837

1.21103 0.09375
1.21875 0.0965698

1.21875 0.0965063
1.23438 0.101438

1.8125 0.746131
1.82812 0.741311

-1.75 -0.294835
-1.73438 -0.294514

1.23438 0.100772
1.25 0.105898

-1.73438 -0.294511
-1.71875 -0.294104

-1.71875 -0.2941
-1.70312 -0.293622

-1.70312 -0.293618
-1.6875 -0.293084

1.82812 0.741208
1.84375 0.735811

1.25 0.105914
1.25902 0.109375

-1.6875 -0.29308
-1.67188 -0.292504

1.85938 0.729618
1.84844 0.734375

1.25731 0.109375
1.26562 0.112564

-1.67188 -0.2925
-1.65625 -0.291901

1.84375 0.736094
1.8477 0.734375

1.26562 0.112556
1.28125 0.118088

-1.65625 -0.291897
-1.64062 -0.291291

-1.64062 -0.291287
-1.625 -0.290691

1.28125 0.117593
1.29688 0.122982

-1.625 -0.290688
-1.60938 -0.290115

1.85938 0.729091
1.875 0.720752

1.29688 0.123126
1.30207 0.125

-1.60938 -0.290115
-1.59375 -0.289572

-1.59375 -0.289573
-1.57812 -0.28906

-1.57812 -0.289063
-1.5625 -0.28857

1.90809 0.5
1.91704 0.515625

-1.5625 -0.288574
-1.54688 -0.288087

1.30144 0.125
1.3125 0.128988

1.91765 0.515625
1.92188 0.524445

1.92188 0.525654
1.92455 0.53125

1.3125 0.128887
1.32812 0.134227

1.32812 0.134018
1.34375 0.13954

-1.54688 -0.28809
-1.53125 -0.287593

-1.53125 -0.287596
-1.51562 -0.287076

1.9244 0.53125
1.93065 0.546875

-1.51562 -0.287077
-1.5 -0.286526

1.34375 0.139762
1.34601 0.140625

1.34644 0.140625
1.35938 0.145555

1.35938 0.145782
1.375 0.151606

1.93096 0.546875
1.9364 0.5625

1.93651 0.5625
1.9375 0.566363

1.9375 0.566907
1.94038 0.578125

1.94038 0.578125
1.943 0.59375

1.9431 0.59375
1.9442 0.609375

1.94427 0.609375
1.94351 0.625

1.375 0.151448
1.38828 0.15625

1.38876 0.15625
1.39062 0.156923

1.39062 0.15702
1.40625 0.162975

1.40625 0.163233
1.42188 0.169091

1.42188 0.168964
1.42938 0.171875

1.9375 0.650871
1.93575 0.65625

1.92188 0.681178
1.91724 0.6875

-1.5 -0.286526
-1.48438 -0.285941

1.93585 0.65625
1.92808 0.671875

1.43092 0.171875
1.4375 0.174427

-1.48438 -0.285941
-1.46875 -0.285324

1.4375 0.175045
1.45312 0.181507

1.45312 0.181706
1.46857 0.1875

-1.46875 -0.285322
-1.45312 -0.284676

-1.45312 -0.284675
-1.4375 -0.284004

1.46868 0.1875
1.46875 0.187527

1.4706 0.1875
1.48438 0.193177

1.48438 0.194206
1.5 0.200823

-1.4375 -0.284003
-1.42188 -0.283313

-1.42188 -0.283311
-1.40625 -0.282608

-1.40625 -0.282606
-1.39062 -0.2819

-1.39062 -0.281894
-1.37616 -0.28125

-1.37627 -0.28125
-1.375 -0.281193

1.92188 0.680663
1.92813 0.671875

1.89062 0.71136
1.87905 0.71875

-1.375 -0.281198
-1.35938 -0.280523

-1.35938 -0.280527
-1.34375 -0.279867

-1.34375 -0.279867
-1.32812 -0.279215

-1.32812 -0.279217
-1.3125 -0.278569

1.90625 0.698882
1.90139 0.703125

1.89062 0.711086
1.90046 0.703125

1.875 0.720883
1.87846 0.71875

1.90625 0.698143
1.91642 0.6875

1.94354 0.625
1.94071 0.640625

1.9375 0.65059
1.94074 0.640625

-1.3125 -0.278572
-1.29688 -0.27792

1.96875 0.746363
1.95985 0.75

1.96875 0.745164
1.98438 0.737132

2 0.730341
1.98859 0.734375

1.98438 0.735558
1.98772 0.734375

1.75 0.756105
1.76562 0.754703

1.76562 0.754753
1.78125 0.752747

-1.29688 -0.277923
-1.28125 -0.277256

-1.28125 -0.277259
-1.26562 -0.276563

1.75 0.788101
1.76562 0.788262

1.76562 0.788482
1.78125 0.787955

-1.26562 -0.276566
-1.25 -0.27583

1.78125 0.752792
1.79683 0.75

1.79688 0.750053
1.79709 0.75

1.78125 0.787726
1.79688 0.786527

1.79688 0.786654
1.8125 0.784985

1.82812 0.780691
1.82571 0.78125

-1.25 -0.275832
-1.23438 -0.275046

-1.23438 -0.275047
-1.21875 -0.274205

-1.21875 -0.274205
-1.20312 -0.273302

-1.20312 -0.273302
-1.1875 -0.272335

1.82812 0.780772
1.84375 0.776166

1.8125 0.785497
1.83245 0.78125

1.84375 0.776636
1.85938 0.77252

1.85938 0.772266
1.875 0.768459

1.89062 0.764635
1.88616 0.765625

-1.1875 -0.272335
-1.17188 -0.271306

-1.17188 -0.271305
-1.15625 -0.270215

1.875 0.768826
1.88945 0.765625

1.89062 0.765038
1.90625 0.761847

-1.15625 -0.270212
-1.14062 -0.269067

-1.14062 -0.269065
-1.125 -0.267872

1.90625 0.762103
1.92188 0.759063

-1.125 -0.267871
-1.10938 -0.266636

-1.10938 -0.266605
-1.09662 -0.265625

-1.09709 -0.265625
-1.09375 -0.265368

-1.09375 -0.265398
-1.07812 -0.264306

-1.07812 -0.264323
-1.0625 -0.263303

-1.0625 -0.263302
-1.04688 -0.262323

-1.04688 -0.262324
-1.03125 -0.261384

1.92188 0.759027
1.9375 0.755696

1.9375 0.756657
1.95651 0.75

-1.03125 -0.261388
-1.01562 -0.26048

-1.01562 -0.260486
-1 -0.259589

3 -0.218798
2.99971 -0.21875

2.99935 -0.21875
3 -0.205837

2.99969 -0.1875
3 -0.187457

3 -0.0825598
2.98828 -0.078125

2.99355 -0.078125
2.99832 -0.0625

3 -0.0498592
2.9996 -0.046875

2.9983 -0.046875
2.9958 -0.03125

2.99112 -0.03125
3 -0.0256173

2.60938 0.498238
2.6063 0.5

2.60938 0.499363
2.625 0.491339

2.625 0.491263
2.65625 0.471803

2.67188 0.460363
2.66048 0.46875

2.6875 0.448466
2.68035 0.453125

2.67188 0.458947
2.68055 0.453125

2.65625 0.472229
2.66152 0.46875

2.71875 0.432772
2.71044 0.4375

2.71875 0.432072
2.75 0.413932

2.6875 0.449937
2.70852 0.4375

2.9375 0.23872
2.92616 0.25

2.96875 0.179619
2.96681 0.1875

3 0.141198
2.99151 0.15625

2.96875 0.185966
2.98364 0.15625

2.96875 0.203939
2.96098 0.21875

2.9375 0.241297
2.95781 0.21875

2.96875 0.201931
2.97585 0.1875

2.8125 0.360775
2.79689 0.375

2.875 0.304981
2.86744 0.3125

2.84375 0.334743
2.83331 0.34375

2.8125 0.365453
2.83783 0.34375

2.84375 0.338911
2.8723 0.3125

2.78125 0.393874
2.76402 0.40625

2.75 0.415199
2.76353 0.40625

2.78125 0.393898
2.80332 0.375

2.90625 0.271058
2.8984 0.28125

2.875 0.310224
2.90082 0.28125

2.90625 0.271386
2.92535 0.25

3 -0.232762
3.00007 -0.1875

3 -0.07267
3.01523 -0.0625

3 -0.0493139
3.01613 -0.03125

3.03125 -0.0182798
3.01286 0

3.0625 -0.00351947
3.04185 0

3.125 -0.000287908
3.12225 0

3.25 -0.000461027
3.24276 0

3.5 -0.00144287
3.42348 0

3.03125 0.00820838
3.01738 0.03125

3.01973 0.03125
3.01532 0.0625

3.03125 0.00672789
3.04379 0

3.02032 0.0625
3.01698 0.09375

3.01554 0.09375
3.00615 0.125

3.0625 0.00907748
3.10154 0

3 0.141053
3.00746 0.125

3.125 0.00483991
3.19212 0

3.25 0.00186972
3.34174 0

4 -0.00221099
3.60051 0

3.5 0.000136937
3.5245 0

2 0.73104
2.01562 0.729156

2.01562 0.730725
2.03125 0.727797

2.0625 0.716382
2.05612 0.71875

2.03125 0.726855
2.05547 0.71875

2.0625 0.716178
2.07812 0.709097

2.09375 0.702403
2.0916 0.703125

2.07812 0.70749
2.09115 0.703125

2.09375 0.703121
2.10938 0.701211

2.10938 0.70261
2.125 0.69954

2.15625 0.686072
2.15365 0.6875

2.15625 0.683469
2.17188 0.67423

2.1875 0.668677
2.17692 0.671875

2.17188 0.672946
2.17542 0.671875

2.125 0.69937
2.15274 0.6875

2.1875 0.669961
2.20312 0.66884

2.20312 0.670005
2.21875 0.66734

2.25 0.655196
2.24782 0.65625

2.21875 0.666999
2.24742 0.65625

2.32812 0.624905
2.34375 0.61966

2.34375 0.620461
2.35938 0.615223

2.375 0.608809
2.37366 0.609375

2.35938 0.615075
2.37291 0.609375

2.25 0.652925
2.26562 0.644953

2.28125 0.639987
2.27915 0.640625

2.26562 0.644632
2.27882 0.640625

2.28125 0.640607
2.29688 0.638288

2.29688 0.640414
2.3125 0.634856

2.3125 0.631295
2.32909 0.625

2.375 0.608119
2.40625 0.594359

2.40625 0.592417
2.42188 0.586178

2.42188 0.587744
2.4375 0.582899

2.48438 0.556464
2.47168 0.5625

2.48438 0.559982
2.5 0.555299

2.4375 0.583164
2.46875 0.568939

2.46875 0.563174
2.4702 0.5625

2.5 0.55432
2.53125 0.539884

2.54688 0.528489
2.54136 0.53125

2.54688 0.530582
2.5625 0.52513

2.53125 0.535744
2.54069 0.53125

2.5625 0.525102
2.59375 0.509557

2.59375 0.506846
2.6057 0.5

