-4 -0.00240418
-3.79084 0

-3.63374 0
-3.5 0.00153728

1.5 -0.0124961
1.51562 -0.0146545

1.53125 -0.0166465
1.52341 -0.015625

1.51562 -0.0146228
1.52331 -0.015625

-3.5 -0.000978182
-3.4754 0

-3.25 -0.000446933
-3.2462 0

-3 -0.210908
-3.00044 -0.1875

1.53125 -0.0166161
1.54688 -0.0186834

1.54688 -0.0186574
1.5625 -0.0208809

1.5625 -0.0208729
1.57812 -0.0233206

1.57812 -0.0233286
1.59375 -0.0260001

-3.125 -0.000528764
-3.12286 0

-3 -0.0938902
-3.00056 -0.09375

-3 -0.090748
-3.00384 -0.0625

1.625 -0.0318509
1.62185 -0.03125

1.59375 -0.0260161
1.60938 -0.0288635

1.60938 -0.0288672
1.62185 -0.03125

-3.0625 -0.00156248
-3.05763 0

-3 -0.0581957
-3.00035 -0.03125

-3.03125 -0.00332049
-3.01321 0

-3.41347 0
-3.25 0.00656903

-3.22453 0
-3.125 0.012571

-3.11323 0
-3.0625 0.0206369

1.625 -0.0318635
1.64062 -0.0349537

1.64062 -0.0349728
1.65625 -0.0381065

-3.0625 0.00908247
-3.03134 0.03125

0 0.060893
0.0025524 0.0625

0.00014053 0.0625
0.015625 0.0723484

-3.03968 0.03125
-3.03125 0.0459407

-3.03125 0.01874
-3.02216 0.03125

0.015625 0.0734148
0.0249212 0.078125

0.0249486 0.078125
0.03125 0.0812913

-3.03125 0.0495607
-3.02652 0.0625

1.65625 -0.0381133
1.67188 -0.0412385

-3.03638 0.0625
-3.03125 0.0770805

0.03125 0.0813692
0.046875 0.0847955

-3.03125 0.0661031
-3.02132 0.09375

-1 -0.0190322
-0.984375 -0.0185652

-3.01473 0.09375
-3.00576 0.125

-3.01396 0.125
-3 0.16348

-0.984375 -0.0185617
-0.96875 -0.0180399

-0.96875 -0.0180376
-0.953125 -0.0174726

-0.953125 -0.0174711
-0.9375 -0.0168703

0.046875 0.0841976
0.0625 0.0842323

-0.9375 -0.0168692
-0.921875 -0.0162377

-0.921875 -0.0162385
-0.907399 -0.015625

1.67188 -0.0412421
1.6875 -0.044338

-0.907278 -0.015625
-0.90625 -0.0155814

1.70312 -0.0473895
1.70051 -0.046875

1.6875 -0.0443342
1.70042 -0.046875

1.70312 -0.0474062
1.71875 -0.0504649

1.71875 -0.0504879
1.73438 -0.0534821

1.73438 -0.0535062
1.75 -0.0563417

-3 -0.218812
-2.99988 -0.21875

-2.99992 -0.21875
-2.99994 -0.1875

-3 -0.125427
-2.99958 -0.125

0.0625 0.083698
0.078125 0.0826058

-3 -0.0869303
-2.99286 -0.078125

0.078125 0.0824353
0.09375 0.0816256

0.09375 0.0816893
0.109375 0.0813758

0.109375 0.081469
0.125 0.0813383

-0.90625 -0.0155741
-0.890625 -0.0148842

-3 -0.0745489
-2.99736 -0.078125

-0.890625 -0.014878
-0.875 -0.0141781

1.79688 -0.0631692
1.79149 -0.0625

-3 -0.0620606
-2.99957 -0.0625

-3 -0.031744
-2.99868 -0.03125

-0.875 -0.014174
-0.859375 -0.0134847

1.79688 -0.0631761
1.8125 -0.0647904

0.125 0.0813864
0.140625 0.0811557

-3 -0.0157143
-2.98438 -0.0168791

-0.859375 -0.0134814
-0.84375 -0.0128177

0.140625 0.0811746
0.15625 0.0807101

-0.84375 -0.0128156
-0.828125 -0.0121883

-3 -0.0025447
-2.98438 -0.00499963

-0.828125 -0.0121871
-0.8125 -0.011603

1.75 -0.0563623
1.76562 -0.0589497

-2.98438 -0.0163423
-2.98183 -0.015625

-0.8125 -0.0116021
-0.796875 -0.0110655

1.76562 -0.0589614
1.78125 -0.0612362

1.78125 -0.0612384
1.7914 -0.0625

0.15625 0.080664
0.171875 0.0800198

1.8125 -0.064784
1.82812 -0.0660842

0.171875 0.0801281
0.1875 0.0791801

-0.796875 -0.0110648
-0.78125 -0.0105791

1.82812 -0.0660711
1.84375 -0.067096

-0.78125 -0.0105787
-0.765625 -0.0101463

1.84375 -0.0670781
1.85938 -0.0678896

-0.765625 -0.010147
-0.75 -0.00976706

0.203125 0.0771609
0.195023 0.078125

-2.98438 -0.000380861
-2.96875 -0.00115833

0.1875 0.0795819
0.199743 0.078125

1.85938 -0.0678676
1.875 -0.0685455

0.203125 0.0773167
0.21875 0.074554

0.21875 0.0745109
0.234375 0.07133

1.875 -0.068521
1.89062 -0.0691587

0.234375 0.0712265
0.25 0.0679206

-2.9375 -0.0488743
-2.93883 -0.046875

1.89062 -0.0691369
1.90625 -0.069827

1.90625 -0.0698148
1.92188 -0.0706253

1.92188 -0.0706277
1.9375 -0.0715782

-0.75 -0.0097695
-0.734375 -0.00943566

1.9375 -0.0715935
1.95312 -0.0726487

-0.734375 -0.00943989
-0.71875 -0.00913883

-2.93891 -0.046875
-2.94745 -0.03125

0.28125 0.0623836
0.296875 0.060644

-2.95312 -0.0155241
-2.95885 0

-0.71875 -0.00914375
-0.703125 -0.00885719

-2.95312 -0.0166473
-2.94715 -0.03125

-0.703125 -0.00886058
-0.6875 -0.00857189

0.296875 0.0605382
0.3125 0.0595759

0.25 0.0678181
0.265625 0.0647993

0.265625 0.0647289
0.280152 0.0625

0.3125 0.0595066
0.328125 0.0596718

0.328125 0.0596553
0.34375 0.0611193

0.34375 0.0611684
0.352183 0.0625

-2.95312 -0.0155764
-2.95311 -0.015625

1.95312 -0.0726692
1.96875 -0.0737575

1.96875 -0.0737749
1.98438 -0.0748208

-0.6875 -0.0085715
-0.671875 -0.00827467

0.350744 0.0625
0.359375 0.063863

-0.671875 -0.0082689
-0.65625 -0.00797624

1.98438 -0.0748301
2 -0.0757802

-0.65625 -0.00796538
-0.640625 -0.00771017

0.359375 0.0637831
0.375 0.0668611

-0.640625 -0.00769638
-0.625 -0.00752793

0.375 0.0668356
0.390625 0.0705107

0.390625 0.070551
0.40625 0.0747938

-2.92188 -0.0679076
-2.92719 -0.0625

-0.625 -0.00751373
-0.609375 -0.00748801

-0.609375 -0.00747726
-0.59375 -0.00764415

-0.59375 -0.00764086
-0.578125 -0.00802842

-0.578125 -0.00803988
-0.5625 -0.00863178

0.40625 0.075002
0.417738 0.078125

0.417305 0.078125
0.421875 0.0793675

-2.90625 -0.0802951
-2.90944 -0.078125

-2.92188 -0.0679082
-2.90917 -0.078125

-2.90625 -0.0802502
-2.89062 -0.0881804

0.421875 0.0794952
0.4375 0.0828408

-2.89062 -0.0877785
-2.875 -0.092327

-2.9375 -0.0493675
-2.92719 -0.0625

0.4375 0.0831052
0.453125 0.0845946

0.453125 0.0850585
0.46875 0.0832352

-2.85938 -0.0945636
-2.86448 -0.09375

-0.5625 -0.00866197
-0.546875 -0.00937491

-2.85938 -0.0944532
-2.84375 -0.0956055

0.484375 0.0762511
0.479683 0.078125

0.46875 0.0835516
0.482338 0.078125

0.484375 0.0764253
0.5 0.0669087

-0.546875 -0.0094378
-0.53125 -0.0100856

-2.875 -0.0920646
-2.86442 -0.09375

-2.84375 -0.0954889
-2.82812 -0.0957446

-0.53125 -0.0101795
-0.515625 -0.0104486

-0.515625 -0.0105901
-0.5 -0.0100098

-2.82812 -0.0956123
-2.8125 -0.0954694

-2.8125 -0.0954013
-2.79688 -0.0952605

-2.79688 -0.0951469
-2.78125 -0.0953713

-2.78125 -0.0955584
-2.76562 -0.0960009

-2.76562 -0.0960024
-2.75 -0.096286

0.515625 0.0560332
0.505326 0.0625

-2.75382 -0.046875
-2.75002 -0.03125

-2.76667 -0.015625
-2.77503 0

0.515625 0.0560229
0.53125 0.0480662

0.546875 0.0422805
0.534973 0.046875

0.53125 0.0481348
0.534513 0.046875

0.546875 0.0422567
0.5625 0.0377047

0.5 0.0664652
0.506315 0.0625

0.5625 0.0377709
0.578125 0.0345345

0.578125 0.0346002
0.59375 0.0324157

2 -0.075781
2.01562 -0.0766149

-2.75 -0.018685
-2.75959 -0.015625

0.609375 0.0311663
0.625 0.0303271

0.59375 0.0324638
0.607487 0.03125

-2.7595 -0.015625
-2.75211 0

0.625 0.0302937
0.640625 0.0299168

0.640625 0.0299364
0.65625 0.0300494

2.01562 -0.0766096
2.03125 -0.0773361

-2.75 -0.0958924
-2.73438 -0.0968012

-2.73438 -0.101388
-2.71875 -0.0945358

0.65625 0.0300854
0.671875 0.0305769

0.671875 0.0306199
0.686236 0.03125

2.03125 -0.0773259
2.04688 -0.0779757

2.0625 -0.0785814
2.05098 -0.078125

-2.71878 -0.09375
-2.71875 -0.0936882

-2.71933 -0.078125
-2.73343 -0.0625

2.04688 -0.0779642
2.05093 -0.078125

2.0625 -0.0785687
2.07812 -0.0792089

-0.5 -0.0102155
-0.484375 -0.00809165

-0.484375 -0.00800351
-0.46875 -0.00410085

-0.46875 -0.00390201
-0.457223 0

2.07812 -0.0791987
2.09375 -0.079907

2.09375 -0.0799049
2.10938 -0.0807061

2.10938 -0.0807171
2.125 -0.0815934

2.125 -0.0816133
2.14062 -0.0825029

2.14062 -0.0825247
2.15625 -0.0833441

0.684183 0.03125
0.6875 0.0313955

2.15625 -0.0833556
2.17188 -0.084038

2.17188 -0.084038
2.1875 -0.0845605

-2.71875 -0.0963936
-2.71609 -0.09375

-0.456024 0
-0.453125 0.000981464

2.1875 -0.084547
2.20312 -0.0849367

-0.453125 0.000962664
-0.4375 0.00808964

-2.71535 -0.09375
-2.71357 -0.078125

0.6875 0.0313794
0.703125 0.0320252

-2.7399 -0.0625
-2.74543 -0.046875

-0.4375 0.00810853
-0.425052 0.015625

-2.75 -0.0412902
-2.73438 -0.0343697

0.703125 0.0320085
0.71875 0.0325263

2.20312 -0.0849198
2.21875 -0.0852373

0.71875 0.0325179
0.734375 0.0329577

0.734375 0.032963
0.75 0.0333311

-0.425645 0.015625
-0.421875 0.0179016

2.21875 -0.0852168
2.23438 -0.0855368

-0.421875 0.0188779
-0.40625 0.0279151

0.75 0.0333597
0.765625 0.0335886

0.765625 0.033628
0.78125 0.0335818

-0.40625 0.0285513
-0.398261 0.03125

-0.396859 0.03125
-0.390625 0.0333558

-0.390625 0.0333078
-0.375 0.0345968

-0.375 0.0339479
-0.359375 0.0331684

-0.359375 0.0327889
-0.34375 0.0319978

-0.3125 0.0289309
-0.325215 0.03125

-0.34375 0.0324834
-0.328125 0.0314685

-0.328125 0.031821
-0.324994 0.03125

-0.3125 0.0283168
-0.296875 0.0242361

-0.296875 0.0237872
-0.28125 0.0206173

0.78125 0.0335915
0.796875 0.0331717

0.796875 0.0331253
0.8125 0.0324052

2.23438 -0.0855225
2.25 -0.0859145

-2.73438 -0.0474187
-2.73412 -0.046875

-2.73361 -0.046875
-2.71875 -0.0446047

-2.71875 -0.0419573
-2.70312 -0.0388247

0.84375 0.0308917
0.834662 0.03125

0.8125 0.0323317
0.828125 0.0315512

0.828125 0.0315181
0.834925 0.03125

0.84375 0.0309232
0.859375 0.0304959

0.859375 0.0305285
0.875 0.0301704

-2.70312 -0.0388933
-2.6875 -0.0401764

-2.64062 -0.0630449
-2.625 -0.0666941

-2.6875 -0.0409296
-2.67188 -0.0449847

-2.65625 -0.0502421
-2.66617 -0.046875

0.875 0.0301853
0.890625 0.0298013

0.890625 0.0297897
0.90625 0.0293731

2.25 -0.0859023
2.26562 -0.0864192

2.26562 -0.0864166
2.28125 -0.087088

2.28125 -0.0870909
2.29688 -0.0879162

2.29688 -0.0879248
2.3125 -0.0888811

-2.67188 -0.0450955
-2.66664 -0.046875

-2.65625 -0.0493
-2.64062 -0.0578391

0.90625 0.0293397
0.921875 0.0289808

0.921875 0.0289478
0.9375 0.0287793

-0.28125 0.0207132
-0.265625 0.0191601

-0.265625 0.0193398
-0.25 0.0188523

2.3125 -0.0888971
2.32812 -0.089935

2.32812 -0.0899476
2.34375 -0.0910099

2.34375 -0.0910944
2.35938 -0.0919871

2.35938 -0.092257
2.375 -0.0922714

-0.25 0.0186927
-0.234375 0.0192307

2.48438 -0.136097
2.47641 -0.125

-0.234375 0.0190431
-0.21875 0.0213009

-0.21875 0.0214497
-0.203125 0.0255047

-0.203125 0.0258323
-0.1875 0.0307319

-0.1875 0.0309749
-0.186542 0.03125

2.48438 -0.131179
2.5 -0.140417

-0.186754 0.03125
-0.171875 0.035524

2.375 -0.0930509
2.39062 -0.0900882

-0.171875 0.0356184
-0.15625 0.0388991

0.9375 0.0287696
0.953125 0.0288769

-0.15625 0.0387936
-0.140625 0.0408821

0.953125 0.0288935
0.96875 0.0292633

0.96875 0.0292882
0.984375 0.0298376

2.39062 -0.0909798
2.40625 -0.0816977

-2.64062 -0.0615338
-2.63589 -0.0625

-0.140625 0.0407293
-0.125 0.042142

-2.60938 -0.126036
-2.61083 -0.125

2.40625 -0.080801
2.40932 -0.078125

0.984375 0.0298501
1 0.0305042

2.40736 -0.078125
2.42188 -0.0665386

2.42188 -0.0643578
2.42693 -0.0625

-2.59375 -0.130905
-2.60462 -0.125

-2.59375 -0.137315
-2.57812 -0.129658

-2.57812 -0.13518
-2.57298 -0.125

2.42639 -0.0625
2.4375 -0.0585531

2.45312 -0.0633671
2.44903 -0.0625

-0.125 0.0420286
-0.109375 0.0432981

-0.109375 0.0432575
-0.09375 0.0446919

-0.09375 0.0447107
-0.078125 0.0463536

2.45312 -0.0632087
2.46875 -0.0728207

-0.078125 0.0463901
-0.0737668 0.046875

-0.0737822 0.046875
-0.0625 0.0481301

2.47753 -0.125
2.48012 -0.109375

2.48145 -0.109375
2.48438 -0.104629

2.48622 -0.109375
2.49777 -0.09375

2.48438 -0.0853644
2.47061 -0.078125

-0.0625 0.0481353
-0.046875 0.049882

-0.046875 0.0497251
-0.03125 0.0517829

-0.03125 0.051441
-0.015625 0.0548074

1.40625 -0.000187494
1.40428 0

-2.61056 -0.125
-2.62024 -0.109375

1.40625 -0.000175041
1.42188 -0.00174543

2.46875 -0.076089
2.47567 -0.078125

-0.015625 0.0539557
0 0.0610179

1.42188 -0.00172517
1.4375 -0.00345827

-2.61898 -0.109375
-2.61155 -0.09375

1.4375 -0.00343811
1.45312 -0.00541475

1.45312 -0.00542501
1.46875 -0.00766499

1.46875 -0.00771318
1.48438 -0.0100996

1.48438 -0.0101506
1.5 -0.012485

2.5 -0.0827155
2.49653 -0.078125

2.48438 -0.0771007
2.5 -0.0747713

2.4375 -0.0599604
2.44949 -0.0625

1 0.0305006
1.01562 0.0312417

1.01562 0.0312421
1.01577 0.03125

1.01584 0.03125
1.03125 0.0320803

1.03125 0.032096
1.04688 0.0330142

1.04688 0.0330505
1.0625 0.0339409

1.0625 0.0339864
1.07812 0.0346856

1.07812 0.0347253
1.09375 0.0350627

1.09375 0.0350876
1.10938 0.0349342

1.10938 0.0349401
1.125 0.0342344

1.125 0.0342197
1.14062 0.0329791

2.5 -0.136144
2.51562 -0.136317

-2.60938 -0.094316
-2.60653 -0.09375

-2.61511 -0.09375
-2.60938 -0.0877394

-2.625 -0.0650537
-2.61579 -0.0625

1.14062 0.0329532
1.15625 0.0312591

1.15625 0.031239
1.17188 0.0291835

2.51562 -0.137265
2.53125 -0.135024

2.53125 -0.133754
2.54688 -0.129742

2.54688 -0.130141
2.5625 -0.126098

-2.60938 -0.0896262
-2.59375 -0.086454

-2.58042 -0.125
-2.57812 -0.11049

1.17188 0.0291627
1.1875 0.0268274

1.1875 0.0268091
1.20312 0.0242723

2.5625 -0.126689
2.5682 -0.125

2.50444 -0.09375
2.503 -0.078125

1.20312 0.0242455
1.21875 0.0215975

2.5 -0.0695025
2.51136 -0.0625

-2.59375 -0.100071
-2.58842 -0.109375

1.21875 0.0215561
1.23438 0.0189331

2.51562 -0.0629027
2.51642 -0.0625

-2.57812 -0.116139
-2.57569 -0.125

1.23438 0.0189022
1.25 0.0164488

-2.57812 -0.0857222
-2.59083 -0.078125

2.50724 -0.0625
2.5041 -0.046875

2.5075 -0.046875
2.51562 -0.0392016

-2.58212 -0.078125
-2.58871 -0.0625

-2.57812 -0.0848436
-2.5625 -0.0896257

2.52177 -0.0625
2.53125 -0.0540321

2.51562 -0.0359972
2.53125 -0.0396864

1.26562 0.0142064
1.25591 0.015625

-2.625 -0.0623641
-2.60938 -0.0556623

2.53125 -0.0576874
2.53586 -0.046875

1.25 0.0164623
1.25573 0.015625

1.26562 0.014195
1.28125 0.0120286

2.53125 -0.0335178
2.53822 -0.046875

-2.60938 -0.0501876
-2.59375 -0.0524515

1.28125 0.0120012
1.29688 0.0100084

-2.59375 -0.0482855
-2.58167 -0.0625

-2.5625 -0.085739
-2.54688 -0.0823212

-2.54688 -0.0818527
-2.53125 -0.0789454

2.56494 -0.125
2.57812 -0.121097

2.57812 -0.12089
2.59375 -0.116845

1.29688 0.00999591
1.3125 0.00825632

1.3125 0.00827377
1.32812 0.0067775

1.32812 0.00681232
1.34375 0.00545481

1.34375 0.00548289
1.35938 0.00413836

2.59375 -0.117106
2.60938 -0.114038

2.60938 -0.114185
2.625 -0.111281

-2.53125 -0.0792855
-2.52288 -0.078125

2.625 -0.111299
2.63534 -0.109375

2.63418 -0.109375
2.64062 -0.108176

-2.52267 -0.078125
-2.51562 -0.0771477

1.35938 0.00414428
1.375 0.00274471

-2.51562 -0.0770761
-2.5 -0.0750555

-3 0.00488914
-2.98438 0.00635955

-2.98922 0.015625
-2.98438 0.015869

2.64062 -0.108252
2.65625 -0.105587

2.65625 -0.106237
2.67188 -0.102633

1.375 0.00273535
1.39062 0.00128763

1.39062 0.00129103
1.4042 0

2.67188 -0.103258
2.6875 -0.0961628

2.6875 -0.095959
2.69106 -0.09375

2.6897 -0.09375
2.70312 -0.085008

2.70312 -0.0846169
2.71365 -0.078125

2.71177 -0.078125
2.71875 -0.073879

2.71875 -0.0740127
2.73438 -0.0679381

2.73438 -0.0684164
2.75 -0.0660134

-2.96875 0.013962
-2.96916 0.015625

-2.98438 0.0561736
-2.99039 0.0625

-2.96875 0.0389626
-2.9708 0.046875

-2.97091 0.046875
-2.97428 0.0625

2.75 -0.0666731
2.76562 -0.0656659

2.76562 -0.0670821
2.78125 -0.063319

2.78125 -0.0647447
2.7852 -0.0625

2.78471 -0.0625
2.79688 -0.0518639

2.79688 -0.0519416
2.80045 -0.046875

-2.95956 0
-2.96425 0.015625

-2.96397 0.015625
-2.96725 0.03125

2.79956 -0.046875
2.80629 -0.03125

2.8052 -0.03125
2.80836 -0.015625

2.80784 -0.015625
2.81062 0

2.875 -0.00910971
2.86972 0

-2.96875 0.0417203
-2.96643 0.03125

-2.96875 0.0514486
-2.96836 0.046875

2.96875 -0.21954
2.96872 -0.21875

2.96867 -0.21875
2.96875 -0.218654

2.96875 -0.219347
2.9775 -0.21875

2.96875 -0.218709
2.97914 -0.21875

3 -0.125252
2.99853 -0.125

2.89062 -0.0235139
2.88081 -0.015625

2.875 -0.00704964
2.88115 -0.015625

2.89062 -0.0226405
2.90625 -0.030654

2.92188 -0.0351442
2.9106 -0.03125

-2.9922 0.0625
-2.98471 0.078125

-2.97319 0.0625
-2.97056 0.078125

2.92188 -0.03478
2.9375 -0.0401059

2.90625 -0.0297422
2.91061 -0.03125

3 -0.0954744
2.98904 -0.09375

-2.97182 0.078125
-2.96875 0.0880282

-2.97034 0.09375
-2.96875 0.0976859

-2.96875 0.0649673
-2.96704 0.078125

2.98438 -0.0845224
2.96944 -0.078125

2.96875 -0.0699558
2.97812 -0.0625

-2.96875 0.079062
-2.96611 0.09375

-2.96725 0.09375
-2.96343 0.109375

2.98438 -0.0868253
3 -0.0794821

2.98438 -0.071951
2.98927 -0.078125

2.9375 -0.0413977
2.95312 -0.044794

2.95312 -0.0464578
2.96875 -0.0420133

2.96875 -0.0549157
2.97296 -0.0625

-2.96415 0.109375
-2.95751 0.125

2.96875 -0.0425812
2.97996 -0.03125

2.98438 -0.0605871
2.98692 -0.0625

2.98438 -0.0351788
2.98677 -0.03125

2.9789 -0.03125
2.98438 -0.0190895

-3 0.152788
-2.99878 0.15625

-2.99382 0.15625
-2.97542 0.1875

-2.95715 0.125
-2.95312 0.132436

2.98377 -0.015625
2.98438 -0.0116452

2.98438 -0.00716264
2.98546 0

-2.95312 0.130362
-2.94757 0.140625

-2.94787 0.140625
-2.93994 0.15625

-2.95312 0.163991
-2.96192 0.171875

-2.96875 0.172401
-2.96397 0.1875

-2.93879 0.15625
-2.9375 0.159408

-2.97884 0.1875
-2.96875 0.20287

-2.96875 0.212479
-2.94202 0.21875

-2.96054 0.21875
-2.9375 0.229802

-2.9375 0.15799
-2.93147 0.171875

2.81017 0
2.8125 0.00747645

2.8125 0.00944173
2.81442 0.015625

2.81423 0.015625
2.82367 0.03125

2.8241 0.03125
2.82812 0.0359595

2.82812 0.0360815
2.83884 0.046875

2.84149 0.046875
2.84375 0.0488625

2.87148 0
2.86857 0.015625

-2.93259 0.171875
-2.92809 0.1875

-2.92839 0.1875
-2.92385 0.203125

-2.92188 0.199015
-2.92058 0.203125

2.86953 0.015625
2.86911 0.03125

2.84375 0.0484484
2.85667 0.0625

2.86872 0.03125
2.86966 0.046875

-2.91915 0.203125
-2.92179 0.21875

-2.9375 0.226512
-2.91228 0.21875

-2.90625 0.237988
-2.89062 0.241732

2.875 0.0505007
2.8721 0.0625

2.85699 0.0625
2.85938 0.066447

2.85825 0.078125
2.85938 0.0800327

2.875 0.0754317
2.8623 0.078125

2.85938 0.0828271
2.875 0.0844955

-2.89062 0.247628
-2.88878 0.25

2.90625 0.0113537
2.90235 0.015625

2.89849 0.015625
2.90053 0.03125

-2.77651 0
-2.76579 0.015625

-2.76848 0.015625
-2.76562 0.0245693

-2.76562 0.00895427
-2.75882 0

-2.76163 0.015625
-2.75868 0.03125

-2.76958 0.03125
-2.76562 0.0415841

-2.7714 0.046875
-2.76562 0.0506022

2.875 0.0327354
2.8751 0.03125

2.875 0.0588391
2.8756 0.0625

-2.76562 0.0384133
-2.75 0.0335929

2.89062 0.0314969
2.90625 0.0394712

2.90625 0.00815139
2.92188 0.00722154

2.92188 0.0253207
2.91103 0.03125

2.92188 0.00245311
2.93043 0.015625

-2.9203 0.25
-2.91568 0.28125

-2.90625 0.275452
-2.89062 0.279669

-2.88846 0.25
-2.88044 0.265625

-2.87933 0.265625
-2.87649 0.28125

-2.90619 0.28125
-2.875 0.296025

-2.8752 0.3125
-2.875 0.312697

2.92738 0.015625
2.92192 0.03125

2.90625 0.03233
2.91032 0.03125

2.92188 0.0367816
2.92951 0.03125

-2.875 0.277091
-2.87286 0.28125

-2.8725 0.28125
-2.86074 0.296875

2.87997 0.0625
2.87616 0.078125

2.875 0.0817716
2.87858 0.078125

2.89062 0.067492
2.89437 0.078125

2.89062 0.0827672
2.89731 0.078125

2.98644 0
2.98749 0.015625

-2.875 0.304338
-2.8682 0.3125

-2.85938 0.294322
-2.85717 0.296875

-2.85678 0.296875
-2.84879 0.3125

2.98749 0.015625
2.98589 0.03125

-2.875 0.313726
-2.84375 0.325152

-2.84549 0.34375
-2.84375 0.344907

2.98438 0.0324375
2.98305 0.046875

2.98387 0.046875
2.9838 0.0625

2.98438 0.0330552
2.98454 0.03125

-2.84375 0.315147
-2.83482 0.328125

-2.82812 0.333495
-2.84177 0.34375

2.98376 0.0625
2.98353 0.078125

2.98382 0.078125
2.9829 0.09375

2.98397 0.09375
2.9753 0.125

2.90625 0.249799
2.90621 0.25

2.92188 0.198005
2.9375 0.19676

2.92356 0.203125
2.9375 0.206249

-2.82812 0.330391
-2.82492 0.34375

-2.84375 0.348934
-2.8125 0.34505

-2.8125 0.349422
-2.80691 0.359375

-2.8125 0.364717
-2.79878 0.359375

2.90625 0.222958
2.92708 0.21875

2.95312 0.152938
2.95151 0.15625

2.96875 0.128355
2.96183 0.140625

-2.75 0.0209622
-2.74836 0.03125

2.965 0.140625
2.95551 0.15625

2.95214 0.15625
2.9498 0.171875

2.94872 0.171875
2.95312 0.18275

2.95312 0.174508
2.96228 0.1875

2.96875 0.144077
2.97537 0.125

3 0.181543
2.97285 0.1875

2.9375 0.188572
2.94643 0.1875

2.94119 0.21875
2.94918 0.25

2.96875 0.202334
3 0.192076

-2.70312 0.250218
-2.70291 0.25

2.85938 0.291254
2.85568 0.296875

2.85578 0.296875
2.8593 0.3125

2.85938 0.290969
2.875 0.291901

2.85938 0.309708
2.875 0.304271

2.84375 0.319785
2.84027 0.328125

2.82812 0.329131
2.84375 0.329723

2.85722 0.3125
2.875 0.312864

2.84375 0.345059
2.8453 0.34375

2.89062 0.267087
2.8879 0.28125

2.90608 0.25
2.89796 0.265625

2.89062 0.280175
2.89113 0.28125

2.88492 0.28125
2.90625 0.288268

2.90625 0.280321
2.9375 0.278772

2.90625 0.282293
2.91501 0.28125

-2.5 -0.0750042
-2.48438 -0.073344

-2.48438 -0.0733138
-2.46875 -0.0721771

2.9375 0.275527
2.95289 0.25

3 -0.0959547
3.00354 -0.09375

3.001 -0.09375
3.00679 -0.0625

3.00049 -0.0625
3.00202 -0.03125

3 -0.000610984
3.0018 0

-2.46875 -0.0721865
-2.45312 -0.0716148

-2.45312 -0.0716373
-2.4375 -0.0715667

-2.4375 -0.0715996
-2.42188 -0.0719193

-2.42188 -0.0719538
-2.40625 -0.0725288

3.0625 -0.0087617
3.03734 0

3.125 -0.00520727
3.09361 0

3.25 -0.00431697
3.20573 0

3.5 -0.00307619
3.40613 0

3.03125 0.02333
3.01876 0.03125

3.02745 0.03125
3.02348 0.0625

-2.40625 -0.0725593
-2.39062 -0.0732598

-2.39062 -0.073282
-2.375 -0.0740026

3.03125 0.0123299
3.04714 0

3.02543 0.0625
3.02621 0.09375

3.02165 0.09375
3.02404 0.125

3.0625 0.0125101
3.09572 0

-2.375 -0.0740153
-2.35938 -0.0746861

-2.35938 -0.0746904
-2.34375 -0.0752773

3 0.17341
3.02641 0.125

3 0.192075
3.00432 0.1875

3.125 0.00768852
3.19 0

-2.34375 -0.0752769
-2.32812 -0.0757724

-2.32812 -0.0757705
-2.3125 -0.0761793

3.25 0.0031555
3.34201 0

-2.3125 -0.0761775
-2.29688 -0.0765068

-2.29688 -0.0765054
-2.28125 -0.0767614

-2.28125 -0.0767609
-2.26562 -0.0769474

4 -0.00375055
3.60425 0

-2.26562 -0.0769495
-2.25 -0.0770632

-2.25 -0.0770679
-2.23438 -0.0770952

-2.23438 -0.0771007
-2.21875 -0.0770212

-2.21875 -0.0770259
-2.20312 -0.0768193

-2.20312 -0.0768237
-2.1875 -0.0764717

-2.1875 -0.0764755
-2.17188 -0.0759617

-2.17188 -0.0759526
-2.15625 -0.0752878

-2.15625 -0.0752549
-2.14062 -0.074523

-2.14062 -0.0744758
-2.125 -0.0738371

-2.125 -0.0737946
-2.10938 -0.0734286

-2.10938 -0.0734051
-2.09375 -0.0734437

-2.09375 -0.0734527
-2.07812 -0.0739248

-2.07812 -0.0739762
-2.0625 -0.0747612

-2.0625 -0.0748446
-2.04688 -0.0756727

-2.04688 -0.0757576
-2.03125 -0.0762921

-2.03125 -0.0763512
-2.01562 -0.0763042

-2.01562 -0.0763241
-2 -0.0755379

-2 -0.0755287
-1.98438 -0.0739821

-1.98438 -0.0739524
-1.96875 -0.0717231

-1.96875 -0.0716774
-1.95312 -0.0689158

-1.95312 -0.0688499
-1.9375 -0.0657795

-1.9375 -0.0654231
-1.92188 -0.0628887

-1.92188 -0.0627598
-1.91908 -0.0625

-1.91591 -0.0625
-1.90625 -0.061603

-1.90625 -0.0618057
-1.89062 -0.0607051

-1.89062 -0.0611061
-1.875 -0.0589833

-1.875 -0.0588726
-1.85938 -0.055147

-1.85938 -0.0545321
-1.84375 -0.0506552

-1.84375 -0.0503987
-1.82812 -0.048113

-1.82812 -0.0483949
-1.8125 -0.0476494

-1.8125 -0.0479613
-1.79688 -0.0475686

-1.79688 -0.0476111
-1.78138 -0.046875

-1.78273 -0.046875
-1.78125 -0.0468049

-1.78125 -0.0467141
-1.76562 -0.0458472

-1.76562 -0.0457495
-1.75 -0.0452565

-1.75 -0.0453198
-1.73438 -0.0452696

-1.73438 -0.0454543
-1.71875 -0.0453505

-1.71875 -0.045603
-1.70312 -0.0445713

-1.70312 -0.0448057
-1.6875 -0.041872

-1.6875 -0.0418386
-1.67188 -0.0366008

-1.67188 -0.0364178
-1.65934 -0.03125

-1.66215 -0.03125
-1.65625 -0.0288178

-1.65625 -0.0286054
-1.64062 -0.0240592

-1.64062 -0.0241442
-1.625 -0.0233972

-1.59375 -0.0321036
-1.59675 -0.03125

-1.625 -0.0233921
-1.60938 -0.0262846

-1.60938 -0.027279
-1.5954 -0.03125

-1.57812 -0.0377207
-1.59089 -0.03125

-1.5625 -0.047375
-1.56339 -0.046875

-1.57812 -0.0417318
-1.56909 -0.046875

-1.59375 -0.0295821
-1.59046 -0.03125

-1.5625 -0.0523714
-1.54688 -0.0506587

-1.54688 -0.0473177
-1.54618 -0.046875

-1.54628 -0.046875
-1.53125 -0.0366704

-1.53125 -0.0347917
-1.52518 -0.03125

-1.52501 -0.03125
-1.51562 -0.0257757

-1.51562 -0.0255853
-1.5 -0.0218768

-1.46875 -0.0321317
-1.47027 -0.03125

-1.5 -0.0217903
-1.48438 -0.0239641

-1.48438 -0.0236328
-1.47119 -0.03125

-1.45312 -0.0469895
-1.45329 -0.046875

-1.46875 -0.0351995
-1.45312 -0.0466591

-1.45312 -0.0480958
-1.4375 -0.0538998

-1.4375 -0.0535177
-1.42188 -0.0515585

-1.42188 -0.0503379
-1.41321 -0.046875

-1.41394 -0.046875
-1.40625 -0.0438029

-1.40625 -0.043502
-1.39062 -0.036594

-1.39062 -0.0363474
-1.37762 -0.03125

-1.37792 -0.03125
-1.375 -0.0301035

-1.375 -0.0302226
-1.35938 -0.02537

-1.35938 -0.0255554
-1.34375 -0.0215611

-1.34375 -0.0216529
-1.32812 -0.0179629

-1.32812 -0.0179859
-1.31781 -0.015625

-1.31805 -0.015625
-1.3125 -0.0143546

-1.3125 -0.0144525
-1.29688 -0.0108519

-1.29688 -0.0107393
-1.28125 -0.00721523

-1.28125 -0.0068447
-1.26562 -0.00436355

-1.26562 -0.0041076
-1.25 -0.00392229

-1.25 -0.00418369
-1.23438 -0.00628334

-1.23438 -0.00667612
-1.21875 -0.00975235

-1.21875 -0.0099288
-1.20312 -0.0128432

-1.20312 -0.0128385
-1.1875 -0.0152474

-1.17188 -0.0171385
-1.18435 -0.015625

-1.1875 -0.0153159
-1.18495 -0.015625

-1.17188 -0.0171492
-1.15625 -0.0185209

-1.15625 -0.0184991
-1.14062 -0.0193951

-1.14062 -0.0193643
-1.125 -0.0198898

-1.125 -0.0198625
-1.10938 -0.020134

-1.10938 -0.020115
-1.09375 -0.0202249

-1.09375 -0.0202153
-1.07812 -0.0202207

-1.07812 -0.0202184
-1.0625 -0.0201431

-1.0625 -0.0201441
-1.04688 -0.0199909

-1.04688 -0.0199922
-1.03125 -0.0197567

-1.03125 -0.0197564
-1.01562 -0.0194366

-1.01562 -0.0194344
-1 -0.0190355

