1.53125 -0.0641764
1.52137 -0.0625

1.53125 -0.0642782
1.54688 -0.0671855

1.54688 -0.0672099
1.5625 -0.0699831

1.5 -0.0592811
1.51562 -0.0615759

1.51562 -0.0613526
1.52239 -0.0625

1.5625 -0.0699755
1.57812 -0.0725811

1.57812 -0.0725702
1.59375 -0.0750454

1.59375 -0.0749498
1.60938 -0.0775077

1.625 -0.0804484
1.61268 -0.078125

1.60938 -0.0772944
1.61378 -0.078125

-4 -0.00202635
-3.70788 0

-3.61593 0
-3.5 0.000804144

-3.5 -0.00211286
-3.41292 0

1.625 -0.0805604
1.64062 -0.0836883

1.64062 -0.0836963
1.65625 -0.0866625

-3.25 -0.0030825
-3.20882 0

-3.125 -0.004308
-3.10266 0

-3.3886 0
-3.25 0.0034257

-3.20447 0
-3.125 0.00670248

-3.1033 0
-3.0625 0.0111773

1.65625 -0.0866608
1.67188 -0.089453

1.67188 -0.0894294
1.6875 -0.0920983

-3.0625 0.000328142
-3.03125 0.0199782

-3.03132 0.03125
-3.03125 0.031382

-3 0.0260957
-3.02355 0.03125

1.70312 -0.0948345
1.69699 -0.09375

1.70312 -0.0949051
1.71875 -0.0976786

1.6875 -0.0919778
1.69752 -0.09375

1.71875 -0.0977107
1.73438 -0.100173

1.73438 -0.100165
1.75 -0.102266

0 0.0433427
0.015625 0.0432853

1.75 -0.102259
1.76562 -0.104027

1.76562 -0.104021
1.78125 -0.105486

1.78125 -0.105479
1.79688 -0.106666

1.79688 -0.106661
1.8125 -0.107593

1.8125 -0.107589
1.82812 -0.108288

1.82812 -0.108284
1.84375 -0.108769

1.84375 -0.108764
1.85938 -0.109052

1.85938 -0.109046
1.875 -0.109157

0.015625 0.043298
0.03125 0.0429673

1.875 -0.109151
1.89062 -0.10911

0.03125 0.0429679
0.046875 0.0423372

0.046875 0.0423289
0.0625 0.0414137

0.0625 0.0414001
0.078125 0.0402439

0.078125 0.040225
0.09375 0.0388931

-3.02772 0.03125
-3.00606 0.0625

-3.0239 0.0625
-3.00843 0.09375

-3.00917 0.09375
-3 0.121743

-1 0.039609
-0.986958 0.046875

-0.986789 0.046875
-0.984375 0.0482191

-0.984375 0.0481615
-0.96875 0.0570373

-0.96875 0.0570196
-0.959659 0.0625

-0.959534 0.0625
-0.953125 0.0663634

-0.953125 0.0664214
-0.9375 0.0764549

0.09375 0.0388726
0.109375 0.037444

0.109375 0.0374263
0.125 0.0359775

-3.0225 0.125
-3 0.151347

-0.9375 0.0766404
-0.935239 0.078125

-0.934956 0.078125
-0.921875 0.0870774

1.89062 -0.109104
1.90625 -0.108934

1.90625 -0.108932
1.92188 -0.108649

1.92188 -0.10865
1.9375 -0.108256

-0.921875 0.0871675
-0.912863 0.09375

-0.91271 0.09375
-0.90625 0.0984601

1.9375 -0.108261
1.95312 -0.107745

-0.90625 0.0986376
-0.892325 0.109375

-0.892248 0.109375
-0.890625 0.110636

-0.890625 0.110586
-0.875 0.123258

0.125 0.0359648
0.140625 0.0345565

-2.96875 -0.156317
-2.96882 -0.15625

-2.96875 -0.125948
-2.96953 -0.125

0.140625 0.0345493
0.15625 0.0332213

-2.95312 -0.173539
-2.96227 -0.171875

0.1875 0.0309147
0.18262 0.03125

-0.875346 0.125
-0.875 0.125292

-2.95312 -0.156569
-2.95383 -0.15625

-2.95312 -0.17427
-2.95311 -0.171875

-0.875 0.122714
-0.8717 0.125

1.95312 -0.107749
1.96875 -0.107095

0.15625 0.0332149
0.171875 0.0319947

0.171875 0.0319786
0.182481 0.03125

0.1875 0.0309239
0.203125 0.0299921

0.203125 0.0299932
0.21875 0.0291696

-2.95312 -0.156275
-2.95305 -0.15625

-2.95312 -0.147939
-2.96495 -0.140625

-2.96875 -0.134591
-2.96211 -0.140625

-2.95312 -0.145256
-2.9375 -0.14345

-2.9375 -0.140482
-2.92188 -0.136531

-2.92188 -0.137747
-2.90625 -0.135153

-2.90625 -0.134705
-2.89062 -0.131935

-2.89062 -0.131895
-2.875 -0.129928

-2.97331 -0.125
-2.98942 -0.09375

-2.98966 -0.09375
-2.99001 -0.078125

-0.796875 0.0153203
-0.797209 0.015625

-2.9879 -0.078125
-2.9849 -0.0625

-0.80031 0.015625
-0.807366 0.03125

-0.796875 0.0152708
-0.78125 0.00467631

0.21875 0.0291672
0.234375 0.0284544

0.234375 0.0284526
0.25 0.027859

-2.98438 -0.0696708
-2.983 -0.0625

1.96875 -0.107097
1.98438 -0.106291

-0.80909 0.03125
-0.797805 0.046875

0.25 0.0278607
0.265625 0.0273864

0.265625 0.0273928
0.28125 0.0270218

-0.797825 0.046875
-0.796875 0.047351

-0.796875 0.0424204
-0.78125 0.046468

-0.796875 0.0469237
-0.794186 0.046875

-0.78125 0.00503087
-0.765625 0.00115773

-0.765625 0.000741239
-0.75 0.00371331

-0.78125 0.0402408
-0.765625 0.0343009

-0.765625 0.0339071
-0.750117 0.03125

1.98438 -0.10629
2 -0.105329

-0.78125 0.115326
-0.795824 0.125

-0.75 0.0798376
-0.761185 0.09375

-0.765625 0.100202
-0.774713 0.109375

-0.78125 0.112587
-0.777612 0.109375

-0.765625 0.0984954
-0.761485 0.09375

-0.875 0.125285
-0.859375 0.135196

-0.859375 0.135019
-0.84375 0.138472

-0.84375 0.13774
-0.828125 0.136072

-0.828125 0.13568
-0.8125 0.131139

0.28125 0.0270336
0.296875 0.0267297

-0.8125 0.131041
-0.797889 0.125

-0.796875 0.125163
-0.796594 0.125

-2.98438 -0.0324652
-2.9845 -0.03125

-2.98425 -0.0625
-2.9834 -0.046875

-2.98438 -0.0457738
-2.98426 -0.046875

-2.98484 -0.03125
-2.98915 -0.015625

0.296875 0.026747
0.3125 0.0264522

0.3125 0.0264705
0.328125 0.0261136

-0.75 0.00302783
-0.734375 0.014245

-2.99049 -0.015625
-2.99553 0

0.328125 0.0261259
0.34375 0.0256456

0.34375 0.025646
0.359375 0.0250169

0.359375 0.0250052
0.375 0.0242498

-2.875 -0.129818
-2.85938 -0.128952

0.375 0.024229
0.390625 0.0234123

0.390625 0.0233882
0.40625 0.0226001

-2.85938 -0.129187
-2.84375 -0.129173

-2.84375 -0.129506
-2.82812 -0.129209

0.40625 0.022578
0.421875 0.021911

0.421875 0.0218964
0.4375 0.0214241

-2.82812 -0.129167
-2.8125 -0.128002

0.4375 0.021416
0.453125 0.0211838

-2.8125 -0.127873
-2.79688 -0.126181

-2.79688 -0.126022
-2.78725 -0.125

-0.734375 0.0263818
-0.736956 0.03125

-0.734375 0.0149983
-0.733766 0.015625

-0.734375 0.0157846
-0.721087 0.03125

-2.78704 -0.125
-2.78125 -0.124386

-2.78125 -0.124495
-2.76562 -0.122925

0.453125 0.0211703
0.46875 0.0212211

0.46875 0.0211871
0.484375 0.0216162

-0.7424 0.03125
-0.734375 0.0353715

-0.734375 0.0615294
-0.734704 0.0625

-2.76562 -0.122893
-2.75 -0.121231

-0.733288 0.03125
-0.732149 0.046875

0.484375 0.0215758
0.5 0.022532

-0.721322 0.046875
-0.730419 0.0625

-0.718418 0.03125
-0.70715 0.046875

-0.710299 0.046875
-0.703125 0.0559874

-0.703125 0.0532597
-0.698387 0.0625

-0.735269 0.0625
-0.749812 0.078125

-0.75 0.0788239
-0.749435 0.078125

-2.75 -0.121272
-2.73438 -0.119498

2 -0.105326
2.01562 -0.104214

-2.73438 -0.119424
-2.71875 -0.117604

2.01562 -0.104208
2.03125 -0.102964

2.03125 -0.102955
2.04688 -0.101606

-0.734375 0.0649226
-0.73142 0.0625

-0.699506 0.0625
-0.694015 0.078125

-2.71875 -0.117599
-2.70312 -0.11589

-0.695151 0.078125
-0.690519 0.09375

-0.69112 0.09375
-0.6875 0.101486

-2.70312 -0.115841
-2.6875 -0.11435

-2.6875 -0.114365
-2.67188 -0.113161

2.04688 -0.101593
2.0625 -0.100184

-0.6875 0.101642
-0.683866 0.109375

-0.685042 0.109375
-0.671875 0.12442

2.0625 -0.100169
2.07812 -0.0987556

2.07812 -0.098741
2.09375 -0.0973844

2.09375 -0.0973755
2.10938 -0.0961224

-0.671875 0.123876
-0.67014 0.125

2.10938 -0.0961239
2.125 -0.094989

-2.67188 -0.113147
-2.65625 -0.112227

-0.670544 0.125
-0.65625 0.13352

0.984375 -0.000175541
0.977398 0

-0.65625 0.133099
-0.640625 0.135584

0.984375 -0.000165176
1 -0.000521374

0.5 0.0225661
0.515625 0.0240621

2.125 -0.0950054
2.14062 -0.0939529

0.515625 0.0242286
0.53125 0.025863

-0.640625 0.13428
-0.625 0.133329

2.14062 -0.0939794
2.14402 -0.09375

0.53125 0.0260172
0.546875 0.0271487

2.14402 -0.09375
2.15625 -0.0929232

-0.59375 0.119011
-0.602519 0.125

2.15625 -0.0929454
2.17188 -0.0917868

-0.578125 0.109198
-0.578567 0.109375

-0.59375 0.117946
-0.578766 0.109375

0.546875 0.0270492
0.5625 0.0275684

-0.57534 0.109375
-0.5625 0.112783

2.17188 -0.0918076
2.1875 -0.0904607

2.1875 -0.0904726
2.20312 -0.0888723

2.20312 -0.0888761
2.21875 -0.0869909

-0.5625 0.109687
-0.547973 0.125

2.21875 -0.0869885
2.23438 -0.0848154

-2.65625 -0.112237
-2.64062 -0.111609

2.23438 -0.084802
2.25 -0.082373

-0.546875 0.122843
-0.543488 0.125

-2.64062 -0.111579
-2.625 -0.111285

0.5625 0.0275025
0.578125 0.0277403

0.578125 0.0282954
0.59375 0.0272732

-0.515625 0.122522
-0.524627 0.125

-2.625 -0.111291
-2.60938 -0.111381

-2.60938 -0.111408
-2.59375 -0.111817

0.59375 0.0274449
0.609375 0.0237088

-2.59375 -0.111881
-2.57812 -0.112423

-0.625 0.133727
-0.609375 0.13115

-0.609375 0.134949
-0.59375 0.125713

0.609375 0.0227219
0.625 0.0179025

-0.59375 0.128846
-0.589844 0.125

-2.57812 -0.11246
-2.5625 -0.112934

-0.555273 0.125
-0.547229 0.140625

-0.555556 0.140625
-0.546875 0.150834

2.25 -0.082344
2.26562 -0.079744

2.26562 -0.0797208
2.27493 -0.078125

2.27503 -0.078125
2.28125 -0.0770577

2.28125 -0.0769744
2.29688 -0.0743893

-0.546875 0.137322
-0.53125 0.140599

2.29688 -0.0743595
2.3125 -0.0720749

-0.546875 0.147664
-0.53125 0.146335

2.3125 -0.0720933
2.32812 -0.0701319

0.640625 0.0146606
0.635637 0.015625

2.32812 -0.070178
2.34375 -0.0684108

-0.53125 0.135324
-0.515625 0.127872

2.34375 -0.0684577
2.35938 -0.0666987

-2.5625 -0.112958
-2.54688 -0.113244

2.35938 -0.0667266
2.375 -0.0648261

0.625 0.0173048
0.633687 0.015625

2.375 -0.0648413
2.39062 -0.0627133

-2.54688 -0.113251
-2.53125 -0.113285

2.39062 -0.0627085
2.39199 -0.0625

-2.53125 -0.113299
-2.51562 -0.11304

2.39202 -0.0625
2.40625 -0.0603278

0.640625 0.0150258
0.65625 0.013513

2.40625 -0.0603033
2.42188 -0.0577083

-2.51562 -0.113038
-2.5 -0.112464

2.42188 -0.0576961
2.4375 -0.0549644

-2.99803 0
-2.99614 0.015625

-2.99058 0.015625
-2.98577 0.03125

0.65625 0.0136429
0.671875 0.0121816

-2.98438 0.0215782
-2.9817 0.03125

-2.99016 0.03125
-2.98866 0.046875

2.4375 -0.0549535
2.45312 -0.0521316

2.45312 -0.0521214
2.46875 -0.0492514

2.46875 -0.0492562
2.48152 -0.046875

2.48161 -0.046875
2.48438 -0.0463601

2.48438 -0.0463213
2.5 -0.0433958

-2.98714 0.046875
-2.98438 0.0612779

-2.9842 0.03125
-2.98263 0.046875

0.671875 0.0120905
0.6875 0.0106033

0.6875 0.010488
0.703125 0.00938779

-0.53125 0.141834
-0.529431 0.140625

0.703125 0.00939912
0.71875 0.00889393

-2.98408 0.046875
-2.98182 0.0625

0.71875 0.00900154
0.734375 0.00885348

-2.98376 0.0625
-2.9841 0.078125

-0.515625 0.129368
-0.5 0.131018

0.734375 0.00894383
0.75 0.00875699

-2.98438 0.0853128
-2.98385 0.078125

-2.98363 0.09375
-2.99402 0.125

-2.9815 0.125
-2.99329 0.15625

0.75 0.0087771
0.765625 0.00833054

-3 0.168318
-2.96875 0.163883

0.765625 0.00829977
0.78125 0.00761478

0.78125 0.00756976
0.796875 0.00679792

-0.50098 0.140625
-0.5 0.140744

-2.96875 0.142779
-2.95465 0.15625

-2.96875 0.162779
-2.96434 0.15625

2.5 -0.0433786
2.51562 -0.0405244

2.51562 -0.0405214
2.53125 -0.037779

2.53125 -0.0377782
2.54688 -0.0351554

2.54688 -0.0351585
2.5625 -0.0326509

0.796875 0.00677078
0.8125 0.00605644

0.8125 0.00605753
0.828125 0.00545279

-2.96875 0.173978
-2.9662 0.171875

2.5625 -0.0326591
2.5716 -0.03125

2.57164 -0.03125
2.57812 -0.0302447

2.57812 -0.0302444
2.59375 -0.0278833

-0.453125 0.0755856
-0.457009 0.078125

-0.465821 0.078125
-0.465981 0.09375

0.828125 0.00546913
0.84375 0.00493913

-0.453125 0.0759674
-0.4375 0.0706658

-2.5 -0.112449
-2.48438 -0.111594

-0.458 0.09375
-0.453125 0.0971866

0.84375 0.00495613
0.859375 0.00443419

-0.453125 0.0948553
-0.4375 0.102213

-2.48438 -0.111578
-2.46875 -0.110504

2.59375 -0.0279016
2.60938 -0.0255567

0.859375 0.00444375
0.875 0.00387674

2.60938 -0.0255734
2.625 -0.0231748

-2.46875 -0.110598
-2.45558 -0.109375

-2.45549 -0.109375
-2.45312 -0.109155

2.625 -0.0231799
2.64062 -0.0206843

-0.4375 0.119374
-0.446492 0.125

2.64062 -0.0206727
2.65625 -0.0180929

-0.4375 0.071473
-0.421875 0.0686375

2.65625 -0.0180688
2.67098 -0.015625

-2.45312 -0.109385
-2.45307 -0.109375

2.67092 -0.015625
2.67188 -0.0154674

-2.45238 -0.109375
-2.4375 -0.106777

2.67188 -0.0154466
2.6875 -0.0129533

-2.4375 -0.107417
-2.42188 -0.101416

-0.421875 0.0684776
-0.40625 0.0668139

0.875 0.00387617
0.890625 0.00324611

-0.4375 0.0975645
-0.421875 0.101633

0.890625 0.00323725
0.90625 0.002563

-0.4375 0.12428
-0.421875 0.112612

2.6875 -0.0129397
2.70312 -0.0106323

-0.421875 0.0973542
-0.40625 0.105418

0.90625 0.0025505
0.921875 0.00187479

-2.42188 -0.101138
-2.4103 -0.09375

0.921875 0.00186395
0.9375 0.00123347

-0.40625 0.111023
-0.421071 0.125

2.70312 -0.0106421
2.71875 -0.00852806

2.71875 -0.00856475
2.73438 -0.00655113

2.73438 -0.00661477
2.75 -0.00450088

-2.41039 -0.09375
-2.40625 -0.0911081

-2.40625 -0.0889574
-2.39062 -0.0799778

0.9375 0.00122813
0.953125 0.000675271

-2.39062 -0.0806057
-2.38251 -0.078125

0.953125 0.000676124
0.96875 0.000209855

0.96875 0.000214197
0.977263 0

-2.38278 -0.078125
-2.375 -0.0757472

2.75 -0.00458893
2.76562 -0.00207138

2.76562 -0.00216938
2.77593 0

-2.375 -0.0765668
-2.35938 -0.0732581

-2.35938 -0.0730974
-2.34375 -0.0700224

-2.34375 -0.0700103
-2.32812 -0.0675146

-2.32812 -0.0674208
-2.3125 -0.0657161

-0.40625 0.0670005
-0.390625 0.0664556

-2.3125 -0.0659256
-2.29688 -0.0647805

-2.29688 -0.0648766
-2.28125 -0.06368

-0.390625 0.0669032
-0.375 0.0662086

3 -0.222377
2.99941 -0.21875

-2.28125 -0.0636257
-2.26802 -0.0625

-2.2681 -0.0625
-2.26562 -0.0622893

-0.40625 0.099981
-0.397048 0.109375

-0.396401 0.109375
-0.404063 0.125

-2.26562 -0.0622156
-2.25 -0.061021

-0.390625 0.109156
-0.390445 0.109375

-0.390625 0.115716
-0.384793 0.125

-0.5 0.133177
-0.484375 0.134153

-0.499804 0.140625
-0.484375 0.141818

-0.484375 0.132741
-0.46875 0.130914

-2.25 -0.0610561
-2.23438 -0.0600848

-2.23438 -0.0601416
-2.21875 -0.0592096

-2.21875 -0.0592029
-2.20312 -0.05821

-2.20312 -0.0581684
-2.1875 -0.0572111

2.99857 -0.21875
3 -0.217823

-2.1875 -0.0571956
-2.17188 -0.0563881

-0.484375 0.141524
-0.473213 0.140625

1 -0.000510529
1.01562 -0.000875941

-0.46875 0.127854
-0.453125 0.130748

1.01562 -0.000865919
1.03125 -0.00128228

-0.462586 0.140625
-0.453125 0.148672

3 -0.0790149
2.99879 -0.078125

1.03125 -0.00127534
1.04688 -0.00177656

3 -0.071126
2.9961 -0.0625

-0.453125 0.125279
-0.4375 0.133923

2.99786 -0.0625
3 -0.0535113

-0.452781 0.140625
-0.442126 0.15625

1.04688 -0.00177427
1.0625 -0.0023788

-0.4375 0.130742
-0.421875 0.139561

1.0625 -0.00238117
1.07812 -0.00308885

-2.17188 -0.0564278
-2.15625 -0.0557217

2.99262 -0.046875
3 -0.0404968

-2.15625 -0.0558114
-2.14062 -0.054948

1.07812 -0.00309303
1.09375 -0.00389074

-0.4375 0.151835
-0.433739 0.15625

-2.14062 -0.0550486
-2.125 -0.0536473

-0.421875 0.128523
-0.417572 0.140625

1.09375 -0.00389353
1.10938 -0.00476733

1.10938 -0.00476858
1.125 -0.00571039

-0.409502 0.140625
-0.40689 0.15625

-2.125 -0.0536817
-2.10938 -0.0514725

-0.429035 0.15625
-0.421875 0.158623

-2.10938 -0.0513557
-2.09375 -0.0485036

1.125 -0.00571475
1.14062 -0.00671335

-2.09375 -0.0482694
-2.0864 -0.046875

1.14062 -0.00672192
1.15625 -0.00775144

-0.421875 0.166435
-0.40625 0.159324

-2.0855 -0.046875
-2.07812 -0.0454761

-0.40625 0.145121
-0.404234 0.15625

-2.07728 -0.046875
-2.0625 -0.0407977

-0.40625 0.162579
-0.402802 0.15625

2.73438 0.384745
2.7322 0.390625

-2.0625 -0.0454215
-2.04874 -0.03125

2.734 0.390625
2.73438 0.39164

-0.375 0.180948
-0.37958 0.1875

2.73438 0.386243
2.75 0.387785

-0.375434 0.1875
-0.385717 0.203125

2.73438 0.394933
2.75 0.394723

-2.04688 -0.0314057
-2.0468 -0.03125

1.15625 -0.00775563
1.17188 -0.00879058

-2.05189 -0.03125
-2.0488 -0.015625

-0.381673 0.203125
-0.376132 0.21875

2.74836 0.40625
2.75 0.40633

2.74947 0.4375
2.75 0.438031

2.7759 0
2.78125 0.0011257

2.78125 0.00103446
2.79688 0.00546307

2.79688 0.00538812
2.8125 0.0112809

2.8125 0.0111962
2.82148 0.015625

2.82155 0.015625
2.82812 0.0188667

2.82812 0.0188152
2.84375 0.0286825

2.84375 0.0287232
2.84724 0.03125

2.84711 0.03125
2.85938 0.0409378

2.85938 0.0408777
2.86594 0.046875

2.86587 0.046875
2.875 0.0565505

-2.05823 -0.015625
-2.04889 0

2.875 0.0560227
2.88044 0.0625

-2.04688 -0.00334493
-2.04118 0

-2.03125 -0.00180905
-2.01562 -0.00361166

1.17188 -0.0087801
1.1875 -0.00983306

-2.01562 -0.00345383
-2 -0.00419491

-0.378174 0.21875
-0.375 0.222078

1.1875 -0.00981312
1.20312 -0.0109449

-0.34375 0.057073
-0.356517 0.0625

2.8804 0.0625
2.89062 0.0776776

-0.34375 0.0563058
-0.328125 0.0478036

2.89052 0.078125
2.89062 0.0783452

1.20312 -0.0109401
1.21875 -0.0122001

2.89062 0.0784643
2.89825 0.09375

2.89836 0.09375
2.90415 0.109375

2.90411 0.109375
2.90625 0.118482

2.90625 0.11873
2.90773 0.125

-2.04796 0
-2.04688 0.000606236

-2.03909 0
-2.03125 0.00155616

1.21875 -0.0122161
1.23438 -0.0135818

1.23438 -0.0135447
1.25 -0.0150581

-0.328125 0.0468231
-0.3125 0.0398992

-0.328125 0.0475749
-0.326546 0.046875

-0.375 0.0668776
-0.359375 0.0638001

2.90766 0.125
2.90956 0.140625

2.9095 0.140625
2.90995 0.15625

-0.359375 0.0637516
-0.356431 0.0625

-0.3125 0.0400871
-0.296875 0.0363267

-0.296875 0.0364018
-0.28125 0.0353497

-0.28125 0.0355453
-0.265625 0.03666

-2 -0.00362926
-1.98438 -0.00475578

-0.265625 0.0368996
-0.25 0.0393109

1.26562 -0.0169592
1.25545 -0.015625

-0.375 0.136966
-0.359375 0.129461

2.90999 0.15625
2.90905 0.171875

1.25 -0.0148847
1.25565 -0.015625

2.90894 0.171875
2.90673 0.1875

-0.364544 0.140625
-0.368296 0.15625

2.90625 0.190375
2.90328 0.203125

-1.98438 -0.00495293
-1.96875 -0.00720185

2.90313 0.203125
2.89796 0.21875

1.26562 -0.0169768
1.28125 -0.0198193

2.89062 0.233773
2.89034 0.234375

-0.359375 0.13583
-0.353009 0.140625

2.89033 0.234375
2.88086 0.25

-0.353164 0.140625
-0.34375 0.15599

2.8985 0.21875
2.89102 0.234375

-0.370815 0.15625
-0.360015 0.171875

2.90625 0.190397
2.90693 0.1875

-1.96875 -0.00732053
-1.95312 -0.0100602

2.9375 0.246763
2.92797 0.25

3 0.155275
2.99947 0.15625

2.99405 0.15625
2.97685 0.1875

2.96875 0.214276
2.96609 0.21875

2.9375 0.246865
2.96168 0.21875

2.96875 0.212696
2.98372 0.1875

2.78125 0.359333
2.78123 0.359375

2.78099 0.359375
2.78125 0.361113

2.79688 0.342306
2.79602 0.34375

-0.369715 0.171875
-0.359375 0.176817

-0.34375 0.160284
-0.359311 0.171875

1.28125 -0.0199635
1.29688 -0.0232582

1.29688 -0.0233505
1.3125 -0.0266246

-1.95312 -0.0101445
-1.9375 -0.0129689

-1.9375 -0.0130726
-1.92188 -0.0156055

-1.90625 -0.0176314
-1.92179 -0.015625

-1.90625 -0.0178228
-1.89062 -0.018926

-0.359375 0.17383
-0.356553 0.171875

-0.34375 0.161471
-0.341921 0.15625

1.34375 -0.0331907
1.3348 -0.03125

-0.375 0.19218
-0.359743 0.203125

-1.89062 -0.0187697
-1.875 -0.0188883

1.3125 -0.0265623
1.32812 -0.0297559

-1.875 -0.0188107
-1.85938 -0.0184123

2.8125 0.320314
2.80646 0.328125

1.32812 -0.0295408
1.33601 -0.03125

2.79688 0.343212
2.80557 0.328125

-1.85938 -0.018377
-1.84375 -0.017687

2.79556 0.34375
2.78941 0.359375

1.34375 -0.0333176
1.35938 -0.0365484

-0.359683 0.203125
-0.367737 0.21875

1.35938 -0.0364829
1.375 -0.0391897

-1.84375 -0.0176881
-1.82812 -0.0167752

1.375 -0.0391392
1.39062 -0.0415542

2.78125 0.361047
2.79078 0.375

-1.82812 -0.0168409
-1.81311 -0.015625

2.79688 0.371314
2.8125 0.365693

1.39062 -0.0415378
1.40625 -0.0437948

2.82812 0.302597
2.8189 0.3125

-0.375 0.22432
-0.359375 0.221912

2.84375 0.289009
2.83469 0.296875

-0.359375 0.222463
-0.357282 0.21875

2.82812 0.302301
2.83389 0.296875

-1.81355 -0.015625
-1.8125 -0.0155403

2.85938 0.275398
2.85297 0.28125

-0.25 0.0395384
-0.234375 0.0423122

2.875 0.258892
2.8697 0.265625

2.85938 0.275562
2.86915 0.265625

2.84375 0.289275
2.85306 0.28125

-0.234375 0.0424532
-0.21875 0.0448526

2.875 0.309778
2.87222 0.3125

-0.21875 0.0448865
-0.203125 0.0465618

2.8125 0.320881
2.81917 0.3125

-0.203125 0.0465291
-0.197309 0.046875

2.84375 0.336786
2.83538 0.34375

-1.8125 -0.0156338
-1.81242 -0.015625

2.8125 0.35831
2.84375 0.343752

1.40625 -0.0437127
1.42188 -0.0460087

-0.197567 0.046875
-0.1875 0.0474737

1.4375 -0.0486902
1.42706 -0.046875

1.42188 -0.045774
1.42821 -0.046875

-1.8125 -0.0155303
-1.79688 -0.0138708

1.4375 -0.0488157
1.45312 -0.051771

-0.1875 0.0474311
-0.171875 0.0477343

2.84375 0.337007
2.87353 0.3125

2.77869 0.375
2.78125 0.376639

2.75 0.409171
2.75359 0.40625

-0.171875 0.0477139
-0.15625 0.0475062

-0.140625 0.0468356
-0.141659 0.046875

-0.15625 0.0474666
-0.140744 0.046875

-1.79688 -0.0137119
-1.78125 -0.0120628

-0.140625 0.0468293
-0.125 0.0460062

-1.78125 -0.0119229
-1.76562 -0.0108818

2.79989 0.375
2.8125 0.376845

1.45312 -0.0517957
1.46875 -0.0545424

2.75 0.437812
2.7504 0.4375

1.46875 -0.0545308
1.48438 -0.0570424

-1.76562 -0.010859
-1.75 -0.0107513

2.875 0.259208
2.88168 0.25

1.48438 -0.0570316
1.5 -0.0593526

2.90625 0.277574
2.90236 0.28125

2.875 0.309037
2.90536 0.28125

-0.125 0.0459776
-0.109375 0.0450647

2.90625 0.280922
2.93568 0.25

-1.75 -0.0108056
-1.73438 -0.0115681

-1.73438 -0.0115888
-1.71875 -0.0130715

-1.71875 -0.0130462
-1.70312 -0.0152582

-1.6875 -0.0183689
-1.70072 -0.015625

-1.70312 -0.0151704
-1.70093 -0.015625

-1.6875 -0.0185495
-1.67188 -0.0227235

-0.109375 0.0450303
-0.09375 0.0441537

-0.09375 0.0441228
-0.078125 0.0434131

-0.078125 0.043395
-0.0625 0.0429503

-1.67188 -0.0228132
-1.65625 -0.027391

-1.64062 -0.0320447
-1.64323 -0.03125

-0.0625 0.042954
-0.046875 0.0428033

-0.046875 0.0428291
-0.03125 0.0429131

-1.64062 -0.0322699
-1.625 -0.0369693

-1.65625 -0.0274413
-1.64374 -0.03125

3 -0.250123
3.00068 -0.25

3 -0.231881
3.00043 -0.25

3 -0.0698931
3.03125 -0.0644479

3.03125 -0.0638643
3.03176 -0.0625

3 -0.0524517
3.03125 -0.0612838

3.03125 -0.0172771
3.02276 0

-0.03125 0.0429525
-0.015625 0.0431408

-0.015625 0.0431807
0 0.0433144

3.03125 -0.0328326
3.03133 -0.03125

3.0625 -0.00461668
3.04007 0

3.125 -0.000670299
3.12059 0

3.5 -0.000936516
3.47053 0

3.03125 0.0239052
3.02751 0.03125

3.02947 0.03125
3.02391 0.0625

3.03125 0.0172244
3.05507 0

3.02822 0.0625
3.0243 0.09375

3.02317 0.09375
3.01454 0.125

3.0625 0.015455
3.10652 0

3 0.159054
3.01664 0.125

-0.90625 0.500024
-0.906226 0.5

3.125 0.00935065
3.2094 0

3.25 0.00408205
3.37144 0

4 -0.00275901
3.70065 0

3.5 0.000542327
3.5584 0

-1.625 -0.0373919
-1.60938 -0.0409898

-1.60938 -0.0410264
-1.59375 -0.0426045

-1.59375 -0.0425176
-1.57812 -0.0421763

-1.57812 -0.0419309
-1.5625 -0.0403349

-1.5625 -0.0401718
-1.54688 -0.0381384

-1.54688 -0.0381063
-1.53125 -0.0360259

-1.53125 -0.0360502
-1.51562 -0.033938

-1.51562 -0.0339701
-1.5 -0.0317133

-1.5 -0.0317319
-1.49668 -0.03125

-1.49768 -0.03125
-1.48438 -0.0293218

-1.48438 -0.0292798
-1.46875 -0.0273439

-1.46875 -0.0273753
-1.45312 -0.025842

-1.45312 -0.0258601
-1.4375 -0.0246303

-1.4375 -0.02464
-1.42188 -0.0236584

-1.42188 -0.0236639
-1.40625 -0.0228999

-1.40625 -0.0228954
-1.39062 -0.0223468

-1.39062 -0.0223242
-1.375 -0.0220452

-1.375 -0.0220206
-1.35938 -0.0221059

-1.35938 -0.0221266
-1.34375 -0.0225839

-1.34375 -0.0226685
-1.32812 -0.0232872

-1.32812 -0.0233786
-1.3125 -0.0238066

-1.3125 -0.023851
-1.29688 -0.0238165

-1.29688 -0.0238253
-1.28125 -0.0232216

-1.28125 -0.0232156
-1.26562 -0.022037

-1.26562 -0.021982
-1.25 -0.0203505

-1.25 -0.0202291
-1.23438 -0.0184976

-1.23438 -0.0184011
-1.21875 -0.0170054

-1.21875 -0.0170213
-1.20312 -0.0161225

-1.20312 -0.0162097
-1.18812 -0.015625

-1.18764 -0.015625
-1.1875 -0.0156194

-1.1875 -0.0156717
-1.18642 -0.015625

-1.18593 -0.015625
-1.17188 -0.0150194

-1.17188 -0.0150792
-1.15625 -0.01404

-1.15625 -0.0140761
-1.14062 -0.0124757

-1.14062 -0.0125029
-1.125 -0.0102145

-1.125 -0.0102424
-1.10938 -0.00715568

-1.10938 -0.00717461
-1.09375 -0.00319583

-1.09375 -0.00318302
-1.08364 0

-1.08347 0
-1.07812 0.00168333

-1.07812 0.0016929
-1.0625 0.00762136

-1.0625 0.0076649
-1.04688 0.0145659

-1.04688 0.0146527
-1.04491 0.015625

-1.04476 0.015625
-1.03125 0.0223206

-1.03125 0.0224168
-1.01562 0.0307819

-1.01562 0.0308613
-1.01492 0.03125

-1.01491 0.03125
-1 0.0395256

