-4 -0.00350367
-3.69405 0

-3.56891 0
-3.5 0.000789103

-3.5 -0.00252377
-3.43532 0

-3.25 -0.00354766
-3.21906 0

-3.125 -0.00490373
-3.10444 0

-3 -0.0950097
-3.00059 -0.09375

-3.0625 -0.0015789
-3.05768 0

-3.39458 0
-3.25 0.00570076

-3.20996 0
-3.125 0.0110574

-3.10443 0
-3.0625 0.0173764

-3.0625 0.0025718
-3.03125 0.0263418

-3.03637 0.03125
-3.03125 0.0416838

-3.03125 0.0283395
-3 0.0301455

-3.03125 0.0466959
-3.02314 0.0625

-3.03348 0.0625
-3.03125 0.0764306

-3.02822 0.0625
-3.0186 0.09375

-3.02329 0.09375
-3.01677 0.125

-3.02697 0.125
-3 0.160821

-3.00143 0.1875
-3 0.188781

-2.9375 -0.187829
-2.93783 -0.1875

1.5 -0.0733628
1.51562 -0.074747

1.51562 -0.0747774
1.53125 -0.0758662

1.53125 -0.0758566
1.54688 -0.0766083

1.54688 -0.0765889
1.5625 -0.0770614

1.5625 -0.0770398
1.57812 -0.0773151

1.57812 -0.0772871
1.59375 -0.0774644

1.59375 -0.0774298
1.60938 -0.0776343

-2.96875 -0.125303
-2.96898 -0.125

-2.9546 -0.1875
-2.95312 -0.186021

-2.95312 -0.142902
-2.95546 -0.140625

-2.96875 -0.126475
-2.95652 -0.140625

1.60938 -0.0775905
1.625 -0.0779787

1.64062 -0.0786983
1.62922 -0.078125

1.625 -0.0779246
1.62898 -0.078125

1.64062 -0.0786333
1.65625 -0.0800787

1.65625 -0.0800218
1.67188 -0.0823771

1.67188 -0.082357
1.6875 -0.0857761

-0.984375 0.0937127
-0.98451 0.09375

-0.984375 0.0937097
-0.96875 0.0899649

-1 0.0980125
-0.984613 0.09375

-0.96875 0.0899329
-0.953125 0.0867854

-0.953125 0.086804
-0.9375 0.0842805

-0.9375 0.0843108
-0.921875 0.0823133

-0.921875 0.0823094
-0.90625 0.0807852

-0.90625 0.0807841
-0.890625 0.0797431

-0.890625 0.0797355
-0.875 0.0791952

-2.95312 -0.144359
-2.9375 -0.156128

-2.9375 -0.204282
-2.93611 -0.203125

-2.9375 -0.203098
-2.93709 -0.203125

-2.92188 -0.161822
-2.93619 -0.15625

-2.92188 -0.161418
-2.90625 -0.163387

-2.9375 -0.155951
-2.93673 -0.15625

-2.90625 -0.163131
-2.89062 -0.162338

-2.89062 -0.162205
-2.875 -0.159429

-2.97054 -0.125
-2.98557 -0.09375

-2.98689 -0.09375
-2.98767 -0.078125

-2.98438 -0.0904682
-2.98419 -0.09375

-2.9842 -0.078125
-2.98258 -0.0625

-2.98386 -0.0625
-2.98418 -0.046875

-2.98399 -0.046875
-2.98407 -0.03125

-2.98438 -0.00951887
-2.98468 0

-2.98408 -0.03125
-2.98429 -0.015625

-2.98438 -0.0108538
-2.98423 -0.015625

-2.875 -0.15898
-2.86371 -0.15625

-2.86203 -0.15625
-2.85938 -0.155608

-2.85908 -0.15625
-2.84375 -0.150153

-2.84375 -0.148905
-2.82816 -0.140625

-0.875 0.0792293
-0.859375 0.0791368

-0.859375 0.0792219
-0.84375 0.0793388

-0.84375 0.0794612
-0.828125 0.0793725

-0.828125 0.0794258
-0.8125 0.0787805

-0.796875 0.0775163
-0.803782 0.078125

-0.8125 0.0787366
-0.805561 0.078125

-0.796875 0.077382
-0.78125 0.075316

-0.78125 0.0751886
-0.765625 0.0727999

-0.765625 0.0727062
-0.75 0.0704371

-0.75 0.0703682
-0.734375 0.0685439

-0.734375 0.0686071
-0.71875 0.0672389

-0.71875 0.0672927
-0.703125 0.0661466

-0.703125 0.0662815
-0.6875 0.0649802

1.71875 -0.095378
1.71325 -0.09375

1.6875 -0.0858388
1.70312 -0.0902365

1.70312 -0.0904539
1.71426 -0.09375

1.71875 -0.0957268
1.73438 -0.0988467

1.73438 -0.0993472
1.75 -0.0988562

-0.65625 0.0604298
-0.668138 0.0625

1.75 -0.0977733
1.76562 -0.0948713

-2.8276 -0.140625
-2.8125 -0.132416

1.78125 -0.0938173
1.77898 -0.09375

-2.8125 -0.131251
-2.79852 -0.125

-2.79831 -0.125
-2.79688 -0.12436

-2.79688 -0.124998
-2.78125 -0.120369

-2.78125 -0.120503
-2.76562 -0.116514

1.7639 -0.09375
1.76562 -0.0934299

-0.65625 0.0599896
-0.640625 0.057361

1.76562 -0.0930622
1.78125 -0.0935233

0 -0.0341188
0.015625 -0.0340594

0.015625 -0.0340346
0.03125 -0.0339528

0.03125 -0.0339394
0.046875 -0.0339116

0.046875 -0.0339111
0.0625 -0.0339649

0.0625 -0.0339695
0.078125 -0.0340964

0.078125 -0.0340992
0.09375 -0.0342845

0.09375 -0.0342872
0.109375 -0.0345197

0.109375 -0.0345271
0.125 -0.0347868

0.125 -0.0347956
0.140625 -0.0350504

0.140625 -0.0350478
0.15625 -0.035285

0.15625 -0.0352647
0.171875 -0.0355301

0.171875 -0.0355088
0.1875 -0.0358857

0.1875 -0.0358862
0.203125 -0.036416

0.203125 -0.0364308
0.21875 -0.0370831

0.21875 -0.0370791
0.234375 -0.0378323

0.234375 -0.037823
0.25 -0.0387035

0.25 -0.0387031
0.265625 -0.0397299

0.265625 -0.039743
0.28125 -0.0408908

0.28125 -0.0408946
0.296875 -0.0421296

0.296875 -0.0421538
0.3125 -0.0434199

0.3125 -0.0434037
0.328125 -0.0446849

0.328125 -0.0447082
0.34375 -0.0459903

0.359375 -0.0474278
0.351591 -0.046875

0.34375 -0.045928
0.357087 -0.046875

0.359375 -0.047195
0.375 -0.0479417

0.375 -0.0479218
0.390625 -0.0482819

0.390625 -0.0482637
0.40625 -0.0483131

0.40625 -0.0482271
0.421875 -0.0481741

0.421875 -0.0481411
0.4375 -0.0482234

0.4375 -0.04823
0.453125 -0.0485004

0.453125 -0.0485561
0.46875 -0.0488897

0.46875 -0.0489398
0.484375 -0.0491249

0.484375 -0.0491546
0.5 -0.0490318

-0.640625 0.0573524
-0.625 0.0556992

-0.6875 0.0650792
-0.671875 0.0631552

-0.671875 0.0631191
-0.66832 0.0625

-2.76562 -0.116252
-2.75 -0.113158

-2.72039 -0.296875
-2.71875 -0.289163

-2.72187 -0.28125
-2.71875 -0.278313

-2.71875 -0.303951
-2.70312 -0.303715

-2.71875 -0.282977
-2.70312 -0.284244

-0.625 0.0560177
-0.609375 0.0547204

-0.609375 0.0549689
-0.59375 0.0528935

-0.59375 0.0528488
-0.578125 0.0495877

-2.75 -0.112979
-2.73438 -0.111661

-2.73438 -0.11186
-2.71875 -0.112279

0.5 -0.049034
0.515625 -0.0485395

-0.5625 0.0453467
-0.568309 0.046875

0.515625 -0.0485433
0.53125 -0.047665

0.53125 -0.0476771
0.540812 -0.046875

-0.578125 0.0494688
-0.568267 0.046875

-0.5625 0.0451573
-0.546875 0.0408352

-0.546875 0.0407853
-0.53125 0.0367447

-0.5 0.0301633
-0.505888 0.03125

-0.53125 0.036699
-0.515625 0.033131

1.78125 -0.0941481
1.79688 -0.100305

0.541077 -0.046875
0.546875 -0.0463886

-0.515625 0.0330851
-0.505682 0.03125

0.546875 -0.0463796
0.5625 -0.0445857

0.5625 -0.0445881
0.578125 -0.0422969

0.578125 -0.0423219
0.59375 -0.0394785

0.59375 -0.039489
0.609375 -0.0360224

0.609375 -0.0361016
0.625 -0.0318323

-2.71875 -0.112477
-2.70312 -0.113839

-2.70312 -0.113966
-2.6875 -0.115623

-2.6875 -0.115718
-2.67188 -0.117229

-2.67188 -0.117328
-2.65625 -0.118305

-2.65625 -0.11843
-2.64062 -0.118423

-2.64062 -0.118586
-2.625 -0.117016

1.79688 -0.101884
1.8125 -0.109341

-2.625 -0.117114
-2.60938 -0.113457

-2.60938 -0.112999
-2.59823 -0.109375

-2.59791 -0.109375
-2.59375 -0.108021

0.625 -0.031831
0.62676 -0.03125

1.82812 -0.115084
1.81299 -0.109375

0.626642 -0.03125
0.640625 -0.0266336

1.82812 -0.115385
1.84375 -0.11941

0.640625 -0.0266675
0.65625 -0.0206333

1.84375 -0.119162
1.85938 -0.121216

-2.59375 -0.108469
-2.57812 -0.101786

1.85938 -0.120928
1.875 -0.122083

-2.57812 -0.101443
-2.56419 -0.09375

-2.5643 -0.09375
-2.5625 -0.0927535

-0.234375 -0.00289911
-0.247077 0

1.98438 -0.12705
1.97699 -0.125

-0.234375 -0.00261574
-0.21875 -0.00637262

1.98438 -0.127399
2 -0.13186

0.65625 -0.0213319
0.666527 -0.015625

1.875 -0.122105
1.89062 -0.122893

-0.21875 -0.00647953
-0.203125 -0.0102502

-2.5625 -0.0927655
-2.54688 -0.0829764

-0.203125 -0.0101559
-0.1875 -0.0139153

1.89062 -0.122874
1.90625 -0.123288

-2.54688 -0.0826883
-2.53993 -0.078125

1.90625 -0.123403
1.92188 -0.123251

-2.53991 -0.078125
-2.53125 -0.07237

1.92188 -0.123319
1.9375 -0.122235

-2.53125 -0.073895
-2.51801 -0.0625

1.9375 -0.121998
1.95312 -0.120603

-2.51799 -0.0625
-2.51562 -0.0595443

1.94912 -0.109375
1.95312 -0.108276

-0.171875 -0.0180238
-0.18177 -0.015625

1.95312 -0.120281
1.96875 -0.121625

-0.1875 -0.013677
-0.179464 -0.015625

-0.171875 -0.0178958
-0.15625 -0.0213269

0.667753 -0.015625
0.671875 -0.0129474

0.671875 -0.0146801
0.685281 0

0.6875 -0.00183487
0.689107 0

1.95312 -0.107271
1.96745 -0.109375

1.96875 -0.121532
1.97999 -0.125

0.859375 -0.00380236
0.854596 0

1.96875 -0.105957
1.97249 -0.109375

-0.15625 -0.0212955
-0.140625 -0.0241963

-2.51562 -0.0598919
-2.50657 -0.046875

0.875 -0.0171161
0.873016 -0.015625

-0.140625 -0.0241938
-0.125 -0.0266321

-2.50958 -0.046875
-2.5 -0.0313895

-2.98514 0
-2.98566 0.015625

-2.98425 0
-2.984 0.015625

-0.125 -0.0266077
-0.109375 -0.0286374

0.859375 -0.00393304
0.873919 -0.015625

-2.98426 0.015625
-2.98361 0.03125

-2.98393 0.03125
-2.98379 0.046875

-0.109375 -0.0286395
-0.09375 -0.0303053

-0.078125 -0.031595
-0.0822292 -0.03125

-0.078125 -0.0315939
-0.0625 -0.0326046

-0.09375 -0.0303035
-0.0824896 -0.03125

-2.98374 0.046875
-2.98355 0.0625

-2.98353 0.0625
-2.98343 0.078125

0.90625 -0.0314774
0.905629 -0.03125

0.875 -0.0170916
0.890625 -0.026602

-2.98337 0.078125
-2.98353 0.09375

-2.98352 0.09375
-2.98464 0.125

-0.0625 -0.0326013
-0.046875 -0.0333501

-2.98344 0.125
-2.97775 0.15625

0.890625 -0.026521
0.903547 -0.03125

-3 0.182719
-2.96875 0.180416

-0.046875 -0.0333486
-0.03125 -0.033845

-2.96875 0.141953
-2.95526 0.15625

0.90625 -0.031507
0.921875 -0.0350591

-0.03125 -0.0338394
-0.015625 -0.0340972

-2.96362 0.15625
-2.96044 0.171875

-0.015625 -0.0340823
0 -0.0341427

0.921875 -0.0352709
0.9375 -0.0375356

-0.5 0.0300764
-0.484375 0.0282181

-0.484375 0.028147
-0.46875 0.027678

0.9375 -0.0372249
0.953125 -0.0384

0.953125 -0.0383054
0.96875 -0.0392013

-2.95553 0.171875
-2.96482 0.1875

-2.95312 0.167708
-2.95276 0.171875

-2.95312 0.174121
-2.95252 0.171875

-3 0.188821
-2.96875 0.194577

0.96875 -0.0390802
0.984375 -0.0401285

0.984375 -0.039943
1 -0.0417568

-0.46875 0.027767
-0.453125 0.0286512

2 -0.132332
2.01562 -0.133988

2.01562 -0.133575
2.03125 -0.132306

-2.93932 0.1875
-2.9375 0.190905

2.03125 -0.132044
2.04688 -0.129199

-0.453125 0.028833
-0.4375 0.0305287

0.679875 0
0.6875 0.0120747

-0.4375 0.0306074
-0.432099 0.03125

0.677958 0.015625
0.6875 0.0248772

-0.432887 0.03125
-0.421875 0.0325601

0.6875 0.00996642
0.699158 0.015625

-0.421875 0.0326991
-0.40625 0.0340986

0.6875 0.0165116
0.703125 0.0200418

2.04688 -0.129113
2.0625 -0.125386

0.703125 0.0135615
0.71875 0.0121021

-2.9375 0.221219
-2.94338 0.25

2.0625 -0.125411
2.06393 -0.125

-2.9375 0.210297
-2.92188 0.203663

2.06394 -0.125
2.07812 -0.12092

-2.93216 0.21875
-2.90625 0.220218

0.71875 0.0127686
0.734375 0.0135365

-0.40625 0.0344168
-0.390625 0.0343823

2.07812 -0.120889
2.09375 -0.115639

-2.94962 0.25
-2.9375 0.271384

2.09375 -0.11554
2.10938 -0.109794

0.734375 0.0140644
0.75 0.0146707

-0.390625 0.0346879
-0.375 0.0319717

-2.9375 0.267647
-2.90625 0.269716

-2.90625 0.260429
-2.9045 0.265625

-0.359375 0.026483
-0.374789 0.03125

-2.89062 0.272823
-2.89695 0.28125

2.10938 -0.109775
2.11041 -0.109375

-0.359375 0.0262133
-0.34375 0.0211175

2.11046 -0.109375
2.125 -0.10375

0.75 0.01403
0.765625 0.0147003

-2.89062 0.265215
-2.89018 0.265625

0.765625 0.0149237
0.773432 0.015625

-0.375 0.0320636
-0.372369 0.03125

0.771768 0.015625
0.78125 0.0164767

-2.88972 0.265625
-2.88973 0.28125

2.125 -0.103585
2.14062 -0.0975661

-0.34375 0.0209597
-0.328125 0.0165915

2.14062 -0.0975464
2.15095 -0.09375

0.78125 0.0167762
0.796875 0.0175683

-2.90625 0.282887
-2.90177 0.28125

0.796875 0.0176896
0.8125 0.0168951

2.15145 -0.09375
2.15625 -0.0919858

-0.3125 0.0131488
-0.323501 0.015625

2.15625 -0.0918102
2.17188 -0.0863586

-0.328125 0.0167369
-0.323185 0.015625

0.828125 0.0145759
0.820763 0.015625

-0.3125 0.0132713
-0.296875 0.0102121

0.8125 0.0165813
0.819211 0.015625

-2.875 0.296563
-2.87095 0.296875

2.17188 -0.0862414
2.1875 -0.0814188

-2.875 0.303167
-2.85938 0.303167

0.84375 0.00976966
0.828883 0.015625

-2.78125 0.281468
-2.78103 0.28125

-0.296875 0.0103193
-0.28125 0.00730212

2.1875 -0.0814718
2.20027 -0.078125

2.20061 -0.078125
2.20312 -0.0774654

0.84375 0.00942325
0.856541 0

2.20312 -0.077404
2.21875 -0.0738731

-0.28125 0.00725044
-0.265625 0.00416422

-0.265625 0.00427789
-0.25 0.000998661

2.21875 -0.0737934
2.23438 -0.0709614

2.23438 -0.0710535
2.25 -0.0688957

-2.5 -0.0326424
-2.49861 -0.03125

-2.5 -0.0276684
-2.48438 -0.0181087

-0.25 0.00152782
-0.243306 0

2.25 -0.0683792
2.26562 -0.0677445

2.26562 -0.0674277
2.28125 -0.0699826

2.28125 -0.0710185
2.29688 -0.0753248

2.3125 -0.0789746
2.30801 -0.078125

-2.48438 -0.0217664
-2.46875 -0.024246

-2.45312 -0.0316061
-2.4375 -0.0375549

2.29688 -0.0757808
2.30926 -0.078125

2.3125 -0.078659
2.32812 -0.0795123

2.32812 -0.0792487
2.34375 -0.0788002

-2.46875 -0.0249846
-2.45312 -0.0307633

-2.45312 -0.0308015
-2.45195 -0.03125

-2.4375 -0.0374864
-2.42188 -0.0420569

-2.42188 -0.0419224
-2.40625 -0.0454871

-2.39062 -0.0484754
-2.3986 -0.046875

-2.40625 -0.0453264
-2.39854 -0.046875

-2.39062 -0.0485897
-2.375 -0.0513675

-2.375 -0.0514861
-2.35938 -0.0534267

-2.35938 -0.0535419
-2.34375 -0.0541777

-2.34375 -0.0542445
-2.32812 -0.0532119

-2.32812 -0.0532207
-2.3125 -0.0503686

1 -0.0417474
1.01562 -0.0447164

1.03125 -0.0486759
1.02274 -0.046875

1.01562 -0.0449208
1.02486 -0.046875

1.03125 -0.0487273
1.04688 -0.0509664

-2.3125 -0.0502121
-2.30079 -0.046875

-2.30021 -0.046875
-2.29688 -0.045924

2.34375 -0.0785536
2.35304 -0.078125

1.04688 -0.0507997
1.0625 -0.0517326

-2.29688 -0.0458983
-2.28125 -0.0398803

2.3528 -0.078125
2.35938 -0.0778215

1.0625 -0.0515498
1.07812 -0.0518757

2.35938 -0.0776739
2.375 -0.0774914

2.39062 -0.0781529
2.39 -0.078125

2.375 -0.0774743
2.3895 -0.078125

-2.28125 -0.0399106
-2.26562 -0.0320655

-2.26562 -0.0320637
-2.26423 -0.03125

1.07812 -0.0517692
1.09375 -0.0520667

1.09375 -0.0520566
1.10938 -0.0525589

2.39062 -0.0782704
2.40625 -0.0796995

2.40625 -0.0798263
2.42188 -0.0815372

-2.2642 -0.03125
-2.25 -0.0222573

2.42188 -0.0816281
2.4375 -0.0831852

1.10938 -0.0525742
1.125 -0.0532709

1.125 -0.0532756
1.14062 -0.0541264

1.14062 -0.0541337
1.15625 -0.0551148

-2.25 -0.0225574
-2.24009 -0.015625

-2.24289 -0.015625
-2.23438 -0.00967675

-2.23438 -0.00924386
-2.21875 -0.00144547

-2.21875 -0.0019267
-2.20846 0

1.15625 -0.0551204
1.17188 -0.0562059

1.17188 -0.0562102
1.1875 -0.0573804

2.4375 -0.0832403
2.45312 -0.0843516

2.45312 -0.0843458
2.46875 -0.0849127

-2.17188 -6.74312e-05
-2.1745 0

-2.17188 -0.000339915
-2.15625 -0.000256477

1.25 -0.0626146
1.24857 -0.0625

1.1875 -0.0573805
1.20312 -0.0586266

1.20312 -0.0586339
1.21875 -0.059941

1.21875 -0.0599596
1.23438 -0.061276

-2.15625 -0.00027258
-2.15269 0

2.46875 -0.0848712
2.48438 -0.0849882

2.48438 -0.0849406
2.5 -0.0847859

1.23438 -0.0612897
1.24948 -0.0625

-2.20533 0
-2.20312 0.000411906

-2.20312 0.000319139
-2.1875 0.000691977

-2.1875 0.000342323
-2.17419 0

-2.15238 0
-2.14062 0.000898944

-2.14062 0.00104921
-2.125 0.00313461

1.25 -0.0626491
1.26562 -0.0635948

-2.125 0.00329471
-2.10938 0.00566093

-2.10938 0.00575763
-2.09375 0.00789107

-2.09375 0.00790011
-2.07812 0.00958927

-2.07812 0.00952184
-2.0625 0.0108835

1.26562 -0.0636131
1.28125 -0.0640102

2.5 -0.084744
2.51562 -0.0844966

2.51562 -0.0844274
2.53125 -0.0843092

-2.0625 0.0108353
-2.04688 0.0121007

1.28125 -0.0639855
1.29688 -0.0638468

2.53125 -0.0842349
2.54688 -0.0845333

1.29688 -0.0638017
1.3125 -0.0632667

-2.04688 0.0120185
-2.03125 0.0134483

1.3125 -0.0631927
1.32812 -0.0625016

2.54688 -0.0845324
2.5625 -0.0853976

1.375 -0.0628394
1.36614 -0.0625

-2.03125 0.0133307
-2.01562 0.0153217

1.32733 -0.0625
1.32812 -0.0624649

2.5625 -0.085482
2.57812 -0.086747

-2.01618 0.015625
-2.01562 0.0156954

2.57812 -0.0868155
2.59375 -0.0881746

1.32812 -0.0623553
1.34375 -0.0619489

2.59375 -0.0881787
2.60938 -0.0894869

-2.01562 0.0153312
-2.01387 0.015625

-2.01436 0.015625
-2 0.0180342

1.34375 -0.0619399
1.35938 -0.0621271

1.35938 -0.0622108
1.36693 -0.0625

1.375 -0.0628639
1.39062 -0.0635964

1.39062 -0.0635714
1.40625 -0.0644114

2.60938 -0.0894818
2.625 -0.0907409

1.40625 -0.0643627
1.42188 -0.0654575

1.42188 -0.0654617
1.4375 -0.0669006

2.625 -0.0907584
2.64062 -0.0919434

2.64062 -0.0919514
2.65625 -0.0930112

2.67188 -0.0939309
2.66882 -0.09375

2.67188 -0.0939404
2.6875 -0.0947188

1.4375 -0.0669688
1.45312 -0.0686068

1.45312 -0.0686498
1.46875 -0.0702643

1.46875 -0.0702427
1.48438 -0.0717909

1.48438 -0.0717939
1.5 -0.0733129

2.65625 -0.093009
2.66878 -0.09375

2.6875 -0.0947593
2.70312 -0.0952956

2.70312 -0.0952945
2.71875 -0.09551

2.71875 -0.0954507
2.73438 -0.0954664

2.73438 -0.0954154
2.75 -0.0954519

2.75 -0.0954579
2.76562 -0.095605

2.76562 -0.0956568
2.78125 -0.0957989

2.78125 -0.0957946
2.79688 -0.0958366

2.79688 -0.0957909
2.8125 -0.0958332

2.8125 -0.0957754
2.82812 -0.096025

2.82812 -0.0961057
2.84375 -0.0965171

2.84375 -0.0966711
2.85938 -0.0967748

-2 0.018052
-1.98438 0.0210913

-1.98438 0.0211451
-1.96875 0.0244426

-1.96875 0.0244916
-1.95312 0.0278416

-1.95312 0.0278884
-1.9375 0.0310997

-1.9375 0.0310582
-1.93655 0.03125

-1.93629 0.03125
-1.92188 0.0341659

-1.92188 0.0341759
-1.90625 0.0374545

-1.90625 0.0374615
-1.89062 0.0408313

-1.89062 0.0408979
-1.875 0.0442115

2.85938 -0.0969483
2.875 -0.0960893

2.875 -0.0960151
2.89062 -0.0939985

2.88997 -0.09375
2.89062 -0.0936659

2.89062 -0.0936841
2.90625 -0.0912868

2.90625 -0.091283
2.92188 -0.0891381

-1.875 0.044305
-1.86158 0.046875

-1.85999 0.046875
-1.85938 0.0469923

2.92188 -0.0891528
2.9375 -0.0872382

2.9375 -0.0870742
2.95312 -0.0856886

-1.85938 0.0471185
-1.84375 0.0499582

-1.84375 0.0499869
-1.82812 0.0529185

2.95312 -0.0861743
2.96875 -0.0846742

2.96875 -0.0865369
2.98438 -0.0815214

-1.82812 0.0529212
-1.8125 0.0558818

-1.8125 0.0557891
-1.79688 0.0589591

2.98074 -0.078125
2.98438 -0.0725556

2.98438 -0.0878432
3 -0.0795185

-1.79688 0.0589751
-1.78128 0.0625

-1.78046 0.0625
-1.76562 0.0665864

-1.76562 0.0666353
-1.75 0.072066

2.99081 -0.078125
2.99262 -0.0625

2.98358 -0.0625
2.9798 -0.046875

2.98325 -0.046875
2.98376 -0.03125

2.98438 -0.0471103
2.99092 -0.0625

-1.75 0.072245
-1.73494 0.078125

-1.73528 0.078125
-1.73438 0.0784797

-1.73438 0.0785489
-1.71875 0.0845497

-1.71875 0.0845365
-1.70312 0.0900686

-1.70312 0.0901946
-1.69118 0.09375

-1.69233 0.09375
-1.6875 0.0951882

2.98398 -0.03125
2.98438 -0.0225554

2.98444 -0.015625
2.98537 0

-1.6875 0.0945045
-1.67188 0.0987055

-1.67188 0.0982512
-1.65625 0.10378

-1.65625 0.104369
-1.64508 0.109375

-1.64294 0.109375
-1.64062 0.110412

-1.64062 0.111138
-1.625 0.118899

-1.625 0.119076
-1.61413 0.125

-1.61311 0.125
-1.60938 0.127039

-1.60938 0.126983
-1.59375 0.137131

-1.59375 0.137459
-1.58823 0.140625

-1.59176 0.140625
-1.57812 0.148452

2.98438 0.0187793
2.98344 0.03125

2.98608 0
2.98616 0.015625

-1.57812 0.148008
-1.5625 0.151984

-1.5625 0.15134
-1.54688 0.151528

2.98582 0.015625
2.98465 0.03125

2.98407 0.03125
2.98351 0.046875

2.9838 0.046875
2.98372 0.0625

2.98369 0.0625
2.98358 0.078125

-1.54688 0.150897
-1.53125 0.149844

-1.53125 0.149731
-1.51562 0.148924

2.98363 0.078125
2.98346 0.09375

2.98381 0.09375
2.98179 0.125

-1.51562 0.148982
-1.5 0.148535

2.90625 0.244037
2.9375 0.227963

2.96875 0.142253
2.96122 0.15625

2.96648 0.15625
2.96018 0.171875

2.95459 0.171875
2.95976 0.1875

2.97898 0.125
2.97567 0.15625

2.96875 0.182234
2.9918 0.1875

2.96633 0.1875
2.96875 0.193062

2.9375 0.224991
2.96039 0.25

2.96875 0.199652
3 0.192113

2.90418 0.265625
2.90625 0.268546

2.90625 0.260641
2.92876 0.28125

2.93049 0.28125
2.9375 0.282681

2.9375 0.280815
2.9626 0.25

3.0625 -0.250107
3.04427 -0.25

3.0625 -0.250201
3.0626 -0.25

3.03989 -0.25
3.0625 -0.249836

3 -0.0947615
3.00142 -0.09375

-1.5 0.148592
-1.48438 0.148274

-1.48438 0.148306
-1.46875 0.147938

-1.46875 0.147978
-1.45312 0.147416

-1.45312 0.147459
-1.4375 0.146536

3 -0.0885788
3.00817 -0.0625

3 -0.0601702
3.00025 -0.0625

-1.4375 0.14656
-1.42188 0.145143

-1.42188 0.145122
-1.40625 0.143204

3.0625 -0.00540304
3.0474 0

3.125 -0.00437645
3.10338 0

-1.40625 0.143194
-1.39062 0.140835

-1.375 0.138025
-1.38928 0.140625

-1.39062 0.14085
-1.38939 0.140625

-1.29688 0.122598
-1.3116 0.125

-1.29688 0.122666
-1.28125 0.120384

3.25 -0.00336295
3.22167 0

3.5 -0.0026803
3.4349 0

-1.28125 0.120391
-1.26562 0.118226

-1.26562 0.118238
-1.25 0.116152

3.03125 0.0286465
3.02499 0.03125

3.0311 0.03125
3.0255 0.0625

-1.375 0.137931
-1.35938 0.134722

-1.35938 0.134674
-1.34375 0.131384

3.03125 0.0202208
3.05619 0

3.02884 0.0625
3.0294 0.09375

-1.34375 0.131349
-1.32812 0.128147

-1.32812 0.128094
-1.3125 0.125156

3.03019 0.09375
3.02663 0.125

3.03125 0.0855915
3.03126 0.09375

-1.3125 0.125152
-1.31157 0.125

3.0625 0.0155829
3.09742 0

3 0.170225
3.03338 0.125

3 0.194101
3.00588 0.1875

-1.25 0.116184
-1.23438 0.11409

-1.23438 0.114079
-1.21875 0.111936

3.125 0.0104886
3.19807 0

3.25 0.00473601
3.36294 0

4 -0.0043876
3.63712 0

-1.21875 0.111863
-1.20312 0.109839

-1.1875 0.108083
-1.19914 0.109375

3.5 0.000637223
3.5527 0

-1.20312 0.109853
-1.19882 0.109375

-1.1875 0.108149
-1.17188 0.106615

-1.17188 0.106476
-1.15625 0.105307

-1.15625 0.105117
-1.14062 0.104972

-1.14062 0.104853
-1.125 0.106351

-1.125 0.106519
-1.11037 0.109375

-1.11025 0.109375
-1.10938 0.109546

-1.10932 0.109375
-1.09375 0.114045

-1.09375 0.115284
-1.07812 0.119552

-1.07812 0.120809
-1.0625 0.119665

-1.0625 0.117411
-1.04688 0.112847

-1.03125 0.108813
-1.03317 0.109375

-1.04688 0.113395
-1.03312 0.109375

-1.03125 0.108648
-1.01562 0.10334

-1.01562 0.10303
-1 0.0979577

