-4 -0.00465142
-3.6446 0

-3.54013 0
-3.5 0.000525276

-3.5 -0.00253909
-3.44103 0

-3.25 -0.00334595
-3.22445 0

-3.125 -0.00468736
-3.10632 0

-3 -0.0945838
-3.00042 -0.09375

-3 -0.0766111
-3.00151 -0.0625

-3.00014 -0.0625
-3 -0.0522554

-3.39943 0
-3.25 0.00645775

-3.21483 0
-3.125 0.0124579

-3.10334 0
-3.0625 0.0194047

-3.0625 0.00332588
-3.03125 0.028176

-3.03889 0.03125
-3.03125 0.0470499

-3 0.0291168
-3.00446 0.03125

-3.03125 0.0532599
-3.02674 0.0625

-3.03299 0.0625
-3.03125 0.0824765

-3.03861 0.09375
-3.03125 0.115805

1.5 0.116128
1.51562 0.116487

1.51562 0.116408
1.53125 0.116878

1.53125 0.116864
1.54688 0.117632

1.54688 0.117661
1.5625 0.118698

1.5625 0.118721
1.57812 0.119924

1.57812 0.11998
1.59375 0.121189

1.59375 0.121813
1.60938 0.121671

-3.03125 0.0706256
-3.0226 0.09375

-3.03125 0.108385
-3.00581 0.125

-3.02572 0.125
-3 0.143823

1.60938 0.1217
1.625 0.118901

1.625 0.118358
1.64062 0.113931

1.64062 0.113594
1.65598 0.109375

0 -0.0748607
0.015625 -0.0722165

0.015625 -0.0721591
0.03125 -0.0697266

0.03125 -0.0696712
0.046875 -0.067676

1.65625 0.106923
1.67188 0.107954

1.6648 0.109375
1.67188 0.109905

1.67188 0.10734
1.67565 0.109375

0.046875 -0.0677665
0.0625 -0.0661389

-2.96875 -0.125367
-2.96901 -0.125

0.0625 -0.0663067
0.078125 -0.0645302

-2.9375 -0.15657
-2.93802 -0.15625

-2.95312 -0.144407
-2.95721 -0.140625

0.078125 -0.064381
0.0931049 -0.0625

-1 -0.190017
-0.984375 -0.18833

-2.96875 -0.128528
-2.95867 -0.140625

-0.984375 -0.188372
-0.976762 -0.1875

-0.976284 -0.1875
-0.96875 -0.186637

1.67266 0.109375
1.6875 0.1186

1.6875 0.121535
1.69273 0.125

0.125 -0.0632489
0.118803 -0.0625

1.69201 0.125
1.70312 0.132223

1.70312 0.131895
1.71875 0.136244

-0.96875 -0.186594
-0.953125 -0.184593

1.71875 0.135906
1.73438 0.135463

-2.95312 -0.145193
-2.93798 -0.15625

-0.953125 -0.184545
-0.9375 -0.182458

-2.9375 -0.156598
-2.92188 -0.163469

-2.92188 -0.162739
-2.90625 -0.16654

1.73438 0.134867
1.75 0.131501

-2.90625 -0.166328
-2.89062 -0.168942

-2.89062 -0.168921
-2.875 -0.170813

-2.97059 -0.125
-2.98544 -0.09375

0.0930736 -0.0625
0.09375 -0.0624151

0.09375 -0.0618489
0.109375 -0.06114

0.109375 -0.0609135
0.122504 -0.0625

-0.9375 -0.182441
-0.921875 -0.180396

0.125 -0.0635805
0.140625 -0.0669611

0.140625 -0.0674103
0.15625 -0.0700761

-0.921875 -0.18039
-0.90625 -0.178436

-2.9873 -0.09375
-2.98869 -0.078125

-0.90625 -0.178428
-0.890625 -0.176594

-2.98527 -0.078125
-2.98438 -0.0708236

-2.98438 -0.0764913
-2.98271 -0.0625

-2.98438 -0.0493566
-2.98413 -0.0625

-0.890625 -0.17659
-0.875 -0.1749

-0.875 -0.174907
-0.859375 -0.173353

-0.859375 -0.173386
-0.84375 -0.171888

-0.84375 -0.171894
-0.843564 -0.171875

-0.843321 -0.171875
-0.828125 -0.170351

-0.828125 -0.17032
-0.8125 -0.168684

1.76562 0.124906
1.76515 0.125

1.76562 0.124507
1.77399 0.125

-2.98438 -0.0345958
-2.98425 -0.046875

-2.98438 -0.0248519
-2.98512 -0.015625

-2.98571 -0.015625
-2.98796 0

-2.98438 -0.0308734
-2.98434 -0.03125

-2.85938 -0.172103
-2.86201 -0.171875

-2.875 -0.170739
-2.86187 -0.171875

0.15625 -0.0699781
0.171875 -0.0712268

0.171875 -0.07095
0.1875 -0.071531

0.1875 -0.0714048
0.203125 -0.0721243

0.203125 -0.072151
0.21875 -0.073208

0.21875 -0.0732779
0.234375 -0.0744794

0.234375 -0.0745192
0.25 -0.0756455

0.25 -0.0756545
0.265625 -0.0766082

0.265625 -0.0766091
0.28125 -0.0773705

0.28125 -0.077388
0.296875 -0.0779204

0.3125 -0.0781634
0.310026 -0.078125

0.296875 -0.0779362
0.309052 -0.078125

0.3125 -0.0781934
0.322665 -0.078125

0.321907 -0.078125
0.328125 -0.0780825

0.328125 -0.0782109
0.331457 -0.078125

0.328125 -0.0780365
0.34375 -0.0776338

0.34375 -0.0776027
0.359375 -0.0770644

0.359375 -0.0770658
0.375 -0.0764697

0.375 -0.0764728
0.390625 -0.0758098

0.390625 -0.0758065
0.40625 -0.0750769

0.40625 -0.075078
0.421875 -0.0742861

0.421875 -0.0743102
0.4375 -0.0734057

0.4375 -0.0734396
0.453125 -0.0723068

0.453125 -0.0723454
0.46875 -0.0708395

0.46875 -0.0708452
0.484375 -0.0688773

0.484375 -0.0688457
0.5 -0.0664674

-0.8125 -0.168665
-0.796875 -0.167058

-0.796875 -0.167052
-0.78125 -0.165526

-0.78125 -0.165524
-0.765625 -0.164097

-0.765625 -0.164098
-0.75 -0.162775

0.5 -0.0664717
0.515625 -0.0637376

-0.75 -0.162782
-0.734375 -0.161548

-0.734375 -0.16156
-0.71875 -0.160376

1.75 0.130496
1.76562 0.127414

-0.71875 -0.160392
-0.703125 -0.159202

-2.85938 -0.172088
-2.84375 -0.173052

1.76562 0.12669
1.78125 0.127615

-2.84375 -0.172945
-2.82812 -0.173745

0.515625 -0.0634918
0.522207 -0.0625

-0.703125 -0.159216
-0.6875 -0.157963

-2.82812 -0.173718
-2.8125 -0.174621

1.78125 0.127333
1.79688 0.134259

-2.8125 -0.174591
-2.79688 -0.175709

1.79688 0.134574
1.806 0.140625

-0.6875 -0.157972
-0.671875 -0.156611

1.80275 0.140625
1.8125 0.147088

-0.671875 -0.156612
-0.668063 -0.15625

1.8125 0.146986
1.82812 0.156041

1.82812 0.155412
1.83028 0.15625

0.520857 -0.0625
0.53125 -0.0609342

0.53125 -0.0609072
0.546875 -0.0598853

0.546875 -0.0598522
0.5625 -0.0604362

0.578125 -0.0626891
0.576789 -0.0625

0.578125 -0.0633251
0.59375 -0.0658071

0.59375 -0.0663445
0.609375 -0.0667121

0.609375 -0.0665931
0.625 -0.0640096

0.5625 -0.0604572
0.576937 -0.0625

-2.79688 -0.175752
-2.78125 -0.177055

0.625 -0.0636637
0.629119 -0.0625

-2.78125 -0.177079
-2.76562 -0.178432

0.62867 -0.0625
0.640625 -0.0591224

-2.76562 -0.178509
-2.75 -0.179711

-0.668102 -0.15625
-0.65625 -0.155123

-0.65625 -0.15511
-0.640625 -0.153531

1.82878 0.15625
1.84375 0.162079

-0.640625 -0.153486
-0.625 -0.151935

1.84375 0.160644
1.85938 0.166727

-0.625 -0.151872
-0.609375 -0.150565

1.85938 0.166572
1.87094 0.171875

-0.609375 -0.150521
-0.59375 -0.149673

1.86581 0.171875
1.875 0.176088

0.640625 -0.0589519
0.65625 -0.0539924

-0.59375 -0.149686
-0.578125 -0.149358

1.875 0.175747
1.89062 0.180282

-0.578125 -0.149449
-0.5625 -0.149432

0.65625 -0.0539643
0.671875 -0.0489205

-2.75 -0.179773
-2.73438 -0.180548

-2.73438 -0.180624
-2.71875 -0.180694

-0.5625 -0.149602
-0.546875 -0.149371

-2.71875 -0.180699
-2.70312 -0.179899

1.89062 0.17889
1.90625 0.181551

-0.546875 -0.149556
-0.53125 -0.148403

1.90625 0.180749
1.92188 0.185914

-2.70312 -0.179824
-2.6875 -0.178294

1.92188 0.185463
1.927 0.1875

0.671875 -0.0487422
0.678082 -0.046875

-2.6875 -0.178108
-2.67188 -0.176369

1.92118 0.1875
1.92188 0.187728

-0.53125 -0.148472
-0.515625 -0.145891

1.92188 0.187777
1.9375 0.193991

0.678041 -0.046875
0.6875 -0.0440294

1.9375 0.193983
1.95312 0.197545

0.6875 -0.0440369
0.703125 -0.040046

1.95312 0.196585
1.96875 0.198764

-0.515625 -0.145712
-0.5 -0.141919

1.96875 0.198188
1.98438 0.202053

0.703125 -0.0401658
0.71875 -0.0366398

0.71875 -0.0367377
0.734375 -0.0332412

0.734375 -0.0331348
0.743193 -0.03125

0.742625 -0.03125
0.75 -0.0296736

-2.67188 -0.176323
-2.65625 -0.174839

-2.65625 -0.174843
-2.64062 -0.173698

-2.64062 -0.173664
-2.625 -0.172919

0.75 -0.0297316
0.765625 -0.0268875

0.765625 -0.0269765
0.78125 -0.0244665

-2.625 -0.172918
-2.60938 -0.172643

1.98438 0.201648
1.98863 0.203125

-0.5 -0.141659
-0.495308 -0.140625

0.78125 -0.0245283
0.796875 -0.0220508

-0.497337 -0.140625
-0.484375 -0.137768

-0.484375 -0.137991
-0.46875 -0.135865

-2.60938 -0.172729
-2.59375 -0.172755

0.796875 -0.0220655
0.8125 -0.0194677

-2.59375 -0.172809
-2.57812 -0.172857

0.8125 -0.0193986
0.828125 -0.0167894

-0.46875 -0.136074
-0.453125 -0.134614

0.828125 -0.0167155
0.835553 -0.015625

-0.453125 -0.134665
-0.4375 -0.133353

-2.57812 -0.172875
-2.5625 -0.1728

-0.390625 -0.188158
-0.391466 -0.1875

1.98505 0.203125
2 0.20831

0.835293 -0.015625
0.84375 -0.0143835

-2.5625 -0.172764
-2.54688 -0.172602

0.84375 -0.0144928
0.859375 -0.0125202

-0.375 -0.191344
-0.38286 -0.1875

0.859375 -0.0125965
0.875 -0.0106095

-2.54688 -0.172561
-2.53125 -0.172465

-2.53125 -0.172421
-2.51562 -0.172563

-2.51562 -0.17254
-2.5 -0.173053

-0.4375 -0.133352
-0.421875 -0.132089

-0.421875 -0.132131
-0.40625 -0.130835

-0.394006 -0.1875
-0.393445 -0.171875

-2.98841 0
-2.98979 0.015625

0.875 -0.0106292
0.890625 -0.00843572

0.890625 -0.00844117
0.90625 -0.00599096

-0.390214 -0.1875
-0.386705 -0.171875

-2.98969 0.015625
-2.98889 0.03125

-2.9888 0.03125
-2.98623 0.046875

0.90625 -0.00600702
0.921875 -0.00325704

-0.40625 -0.1309
-0.390625 -0.129359

0.921875 -0.00325664
0.9375 -0.000175564

0.9375 -0.000170566
0.938286 0

-0.390625 -0.129342
-0.375 -0.127461

-0.375 -0.189701
-0.359375 -0.193331

-0.359375 -0.192458
-0.34375 -0.19656

-0.34375 -0.19778
-0.328125 -0.199857

-0.328125 -0.202255
-0.3125 -0.192981

-2.98562 0.046875
-2.98438 0.0589076

0.938258 0
0.953125 0.00322536

0.953125 0.00315903
0.96875 0.00696824

-2.98438 0.0514966
-2.98324 0.0625

-2.98438 0.0838629
-2.98577 0.09375

-2.98438 0.0776979
-2.98419 0.0625

-0.375 -0.176349
-0.366342 -0.171875

-0.359375 -0.175036
-0.348986 -0.171875

0.96875 0.00694111
0.984375 0.0113559

0.984375 0.0114445
0.997816 0.015625

0.997417 0.015625
1 0.0164285

-0.375 -0.127351
-0.359375 -0.125381

-0.359375 -0.125349
-0.356474 -0.125

-0.34375 -0.173298
-0.33441 -0.171875

-0.3125 -0.172297
-0.312993 -0.171875

-0.328125 -0.169619
-0.319684 -0.171875

-0.3125 -0.194205
-0.307036 -0.1875

-2.98529 0.09375
-2.99892 0.125

-0.303043 -0.1875
-0.308359 -0.171875

-0.3125 -0.170932
-0.310864 -0.171875

-2.9983 0.125
-2.98781 0.15625

-3 0.184886
-2.96875 0.17893

-0.355931 -0.125
-0.34375 -0.123536

-0.34375 -0.123686
-0.328125 -0.121536

-2.96875 0.139788
-2.95312 0.139788

-2.96875 0.147392
-2.96084 0.15625

-0.328125 -0.121435
-0.3125 -0.118889

-0.3125 -0.118839
-0.296875 -0.1162

-0.296875 -0.116211
-0.28125 -0.113558

-0.28125 -0.113603
-0.265625 -0.110827

-0.265625 -0.110824
-0.257525 -0.109375

1 0.016361
1.01562 0.0213747

-0.258545 -0.109375
-0.25 -0.107847

-2.96875 0.171359
-2.96861 0.171875

1.01562 0.0211832
1.03125 0.026658

1.03125 0.0267347
1.04305 0.03125

1.04216 0.03125
1.04688 0.0330553

-0.25 -0.10785
-0.234375 -0.105402

1.04688 0.0329345
1.0625 0.03882

-2.96875 0.183518
-2.96334 0.171875

1.0625 0.0385219
1.07812 0.0446548

-2.99335 0.1875
-2.96875 0.189089

-2.96875 0.188414
-2.96797 0.1875

-0.234375 -0.105419
-0.21875 -0.103456

-0.21875 -0.103483
-0.203125 -0.101918

1.07812 0.0446921
1.08356 0.046875

-0.203125 -0.102034
-0.1875 -0.100584

-2.9375 0.239546
-2.95069 0.25

2 0.208392
2.01562 0.21353

-2.9375 0.239718
-2.92176 0.25

2.01562 0.212392
2.03109 0.21875

2.02886 0.21875
2.03125 0.219733

-0.1875 -0.100718
-0.171875 -0.0988804

-2.9506 0.25
-2.9375 0.267952

1.08243 0.046875
1.09375 0.0514237

2.03125 0.218276
2.03227 0.21875

1.09375 0.0512464
1.10938 0.0570497

-0.171875 -0.0988985
-0.15625 -0.0963677

-2.9375 0.268749
-2.9231 0.25

-0.15625 -0.0963051
-0.143295 -0.09375

-2.90625 0.267508
-2.90437 0.265625

1.10938 0.0571419
1.125 0.0623576

2.03125 0.220201
2.04688 0.227445

2.04688 0.227141
2.0625 0.233195

-0.143989 -0.09375
-0.140625 -0.0930866

-0.140625 -0.0930495
-0.125 -0.0898902

1.125 0.0623671
1.12551 0.0625

-0.125 -0.0897441
-0.109375 -0.0870946

2.0625 0.231696
2.0695 0.234375

1.125 0.0625524
1.14062 0.0666108

-0.109375 -0.0870125
-0.09375 -0.0853292

2.0649 0.234375
2.07812 0.239434

-2.5 -0.17306
-2.48438 -0.173975

2.07812 0.239637
2.09375 0.244604

-2.48438 -0.174027
-2.46875 -0.175228

1.14062 0.0663689
1.15625 0.0693641

2.09375 0.243614
2.10938 0.248087

-0.09375 -0.0854564
-0.078125 -0.0846491

2.10938 0.247033
2.11737 0.25

-0.078125 -0.0849164
-0.0625 -0.0841962

-2.46875 -0.175276
-2.45312 -0.176564

1.15625 0.069152
1.17188 0.0719878

2.11259 0.25
2.125 0.2546

-0.0625 -0.084341
-0.046875 -0.0828837

1.17188 0.0718866
1.1875 0.0751897

-2.45312 -0.176604
-2.4375 -0.177804

1.1875 0.0752057
1.19933 0.078125

-0.046875 -0.0827959
-0.03125 -0.0804873

-0.03125 -0.0803651
-0.018311 -0.078125

-0.0188434 -0.078125
-0.015625 -0.0775678

2.125 0.255045
2.14062 0.259833

-0.015625 -0.0775954
0 -0.0748672

2.14062 0.259143
2.15625 0.26214

2.15625 0.261609
2.17188 0.265251

1.19868 0.078125
1.20312 0.0792215

1.20312 0.0790759
1.21875 0.0834285

1.21875 0.0833548
1.23438 0.0884079

1.23438 0.0890533
1.25 0.0936632

2.17133 0.265625
2.17188 0.265752

2.17188 0.264762
2.17494 0.265625

1.25 0.0937105
1.25064 0.09375

-2.4375 -0.177822
-2.42188 -0.178821

-2.42188 -0.178822
-2.40625 -0.179585

1.28125 0.0915254
1.27071 0.09375

1.25 0.094621
1.26562 0.0955826

1.26562 0.0951129
1.27208 0.09375

1.28125 0.0903113
1.29688 0.0866972

1.29688 0.086533
1.3125 0.0855733

1.3125 0.0863325
1.32812 0.0868374

2.17188 0.265809
2.1875 0.270208

2.1875 0.270404
2.20312 0.274059

2.20312 0.273783
2.21875 0.276684

1.32812 0.0868475
1.34375 0.0872786

1.34375 0.0869045
1.35938 0.0879898

-2.40625 -0.179567
-2.39062 -0.180125

-2.39062 -0.180099
-2.375 -0.18054

1.35938 0.0878782
1.375 0.0905893

2.21875 0.276596
2.23438 0.279472

2.23438 0.279341
2.24376 0.28125

2.24313 0.28125
2.25 0.282647

1.375 0.0903129
1.38692 0.09375

1.38379 0.09375
1.39062 0.0957196

1.39062 0.0957682
1.40625 0.100719

1.40625 0.10057
1.42188 0.104972

2.25 0.282814
2.26562 0.28597

2.26562 0.285942
2.28125 0.288646

1.42188 0.104995
1.4375 0.109102

1.4375 0.109174
1.43846 0.109375

-2.375 -0.18051
-2.35938 -0.180946

1.43761 0.109375
1.45312 0.112632

2.28125 0.288597
2.29688 0.291003

-2.35938 -0.180924
-2.34375 -0.181457

1.45312 0.11257
1.46875 0.114645

2.29688 0.290976
2.3125 0.293238

-2.34375 -0.181442
-2.32812 -0.182145

-2.32812 -0.182144
-2.3125 -0.18305

-2.3125 -0.183069
-2.29688 -0.18414

-2.29688 -0.184177
-2.28125 -0.185302

1.46875 0.114557
1.48438 0.115715

1.48438 0.115631
1.5 0.116217

2.3125 0.293209
2.32812 0.295438

2.32812 0.295361
2.33799 0.296875

2.3379 0.296875
2.34375 0.297773

2.34375 0.297779
2.35938 0.30046

2.35938 0.300469
2.375 0.303385

-2.28125 -0.185339
-2.26562 -0.186368

-2.26562 -0.18639
-2.25 -0.187203

2.375 0.303386
2.39062 0.306517

2.39062 0.306515
2.40625 0.309863

2.40625 0.309747
2.41761 0.3125

2.41749 0.3125
2.42188 0.313562

2.42188 0.313603
2.4375 0.317917

2.4375 0.317973
2.45312 0.322581

-2.23438 -0.187755
-2.24159 -0.1875

-2.23438 -0.187747
-2.21875 -0.188055

-2.21875 -0.188036
-2.20312 -0.188158

-2.20312 -0.188144
-2.1875 -0.188145

-2.25 -0.187207
-2.2417 -0.1875

-2.1875 -0.188137
-2.17188 -0.188059

2.45312 0.322502
2.46875 0.327451

2.46875 0.32731
2.47102 0.328125

2.47082 0.328125
2.48438 0.332987

2.48438 0.333048
2.5 0.339326

-2.17188 -0.188056
-2.15625 -0.187922

2.48438 0.499099
2.482 0.5

2.48438 0.498941
2.5 0.49193

-2.15625 -0.187921
-2.14062 -0.187738

-2.14062 -0.187742
-2.125 -0.187504

-2.125 -0.187508
-2.12458 -0.1875

-2.12443 -0.1875
-2.10938 -0.187195

-2.10938 -0.187197
-2.09375 -0.186781

-2.09375 -0.186769
-2.07812 -0.186271

-2.07812 -0.186249
-2.0625 -0.185738

-2.0625 -0.185713
-2.04688 -0.185281

3 -0.250142
2.96114 -0.25

-2.04688 -0.185239
-2.03125 -0.18502

-2.03125 -0.184958
-2.01562 -0.185159

-2.01562 -0.185126
-2 -0.185938

2.96834 -0.25
2.96875 -0.249621

2.96875 -0.249987
2.96903 -0.25

2.98431 -0.078125
2.98438 -0.0779186

2.98438 -0.0810952
3 -0.0819813

2.98438 -0.0767893
3 -0.075275

2.9851 -0.0625
3 -0.0607881

3 -0.0381263
2.99866 -0.03125

2.98438 -0.0162604
3 -0.0166888

2.98438 -0.00349655
3 -0.00349655

2.5 0.339085
2.51001 0.34375

2.50998 0.34375
2.51562 0.346378

2.51562 0.34635
2.53125 0.355147

2.53125 0.354902
2.53779 0.359375

2.53787 0.359375
2.54688 0.365915

2.54688 0.365722
2.55658 0.375

2.55696 0.375
2.5625 0.382442

2.5 0.492083
2.51562 0.484695

2.53125 0.476269
2.51681 0.484375

2.51562 0.484942
2.51683 0.484375

2.54688 0.465898
2.54299 0.46875

2.5625 0.449404
2.55999 0.453125

2.54688 0.465482
2.55957 0.453125

2.53125 0.476173
2.54156 0.46875

2.5625 0.382779
2.56787 0.390625

2.56829 0.390625
2.57397 0.40625

2.5736 0.40625
2.57417 0.421875

2.57442 0.421875
2.57009 0.4375

2.5625 0.449543
2.57035 0.4375

2.57812 0.498756
2.57492 0.5

2.57812 0.498979
2.59375 0.492906

2.59375 0.493533
2.60938 0.486835

2.625 0.479019
2.61289 0.484375

2.60938 0.486221
2.61355 0.484375

2.65625 0.459749
2.64221 0.46875

2.625 0.480676
2.64658 0.46875

2.67188 0.450887
2.66785 0.453125

2.65625 0.461058
2.67001 0.453125

2.67188 0.451243
2.6875 0.443391

2.71875 0.427927
2.70431 0.4375

2.75 0.403877
2.74542 0.40625

2.71875 0.424846
2.74816 0.40625

2.6875 0.445085
2.70037 0.4375

-1.98438 -0.187543
-1.96875 -0.189235

-1.96875 -0.189341
-1.95312 -0.190791

-1.95312 -0.19079
-1.9375 -0.191787

2.98201 0.015625
2.98438 0.0229981

2.98438 0.00606687
3 0.00687089

2.98438 0.0247682
3 0.0237595

2.98438 0.0320327
3 0.0314942

2.98438 0.0616775
3 0.0616775

2.96834 0.109375
2.96694 0.125

-2 -0.185968
-1.98438 -0.187396

-1.98438 -0.187416
-1.9836 -0.1875

-1.9375 -0.191741
-1.92188 -0.19238

2.98438 0.076483
3 0.076483

2.98438 0.0827118
3 0.0827118

2.96875 0.120997
3 0.117027

-1.92188 -0.192333
-1.90625 -0.192797

-1.90625 -0.19277
-1.89062 -0.193207

-1.89062 -0.193197
-1.875 -0.193683

2.90625 0.247734
2.90546 0.25

2.93465 0.203125
2.92336 0.21875

2.90625 0.248806
2.91996 0.21875

2.95312 0.153376
2.95178 0.15625

2.96875 0.138555
2.96586 0.140625

-1.875 -0.193685
-1.85938 -0.194235

-1.85938 -0.194241
-1.84375 -0.19484

-1.84375 -0.194847
-1.82812 -0.195468

-1.82812 -0.195474
-1.8125 -0.196092

-1.8125 -0.196097
-1.79688 -0.196687

-1.79688 -0.196692
-1.78125 -0.197236

-1.78125 -0.197239
-1.76562 -0.197721

-1.76562 -0.197724
-1.75 -0.198131

2.95312 0.153281
2.96536 0.140625

2.95312 0.164707
2.94947 0.171875

2.94483 0.171875
2.93914 0.1875

2.95312 0.16124
2.96311 0.15625

2.96773 0.171875
2.96875 0.172882

2.96875 0.143843
3 0.132322

3 0.17623
2.9697 0.1875

-1.75 -0.198133
-1.73438 -0.198456

-1.73438 -0.198457
-1.71875 -0.198688

-1.71875 -0.198689
-1.70312 -0.198822

-1.70312 -0.198823
-1.6875 -0.198853

-1.6875 -0.198854
-1.67188 -0.198776

-1.67188 -0.198776
-1.65625 -0.198588

-1.65625 -0.198588
-1.64062 -0.198292

2.9375 0.203058
2.94756 0.1875

2.95086 0.21875
2.95794 0.25

2.96875 0.200202
2.9885 0.1875

-1.64062 -0.19829
-1.625 -0.197893

2.79688 0.365928
2.78917 0.375

2.8125 0.351287
2.80146 0.359375

2.79688 0.364855
2.80305 0.359375

-1.625 -0.19789
-1.60938 -0.197402

-1.60938 -0.197398
-1.59375 -0.196834

-1.59375 -0.196829
-1.57812 -0.19621

-1.57812 -0.196204
-1.5625 -0.195555

-1.5625 -0.195548
-1.54688 -0.194896

-1.54688 -0.19489
-1.53125 -0.194259

-1.53125 -0.194254
-1.51562 -0.193668

-1.51562 -0.193665
-1.5 -0.193141

2.875 0.289075
2.86835 0.296875

2.85938 0.310291
2.8698 0.296875

2.84375 0.322445
2.83606 0.328125

2.82812 0.338168
2.8387 0.328125

2.8125 0.356556
2.82741 0.34375

2.84375 0.329176
2.86003 0.3125

2.78125 0.385394
2.75418 0.40625

2.75 0.408418
2.75353 0.40625

2.78125 0.384394
2.7912 0.375

2.89062 0.26487
2.89016 0.265625

2.89062 0.271805
2.88404 0.28125

2.89062 0.264138
2.90625 0.251626

2.89062 0.268811
2.89499 0.265625

2.875 0.291219
2.88552 0.28125

2.90625 0.267324
2.9375 0.257476

2.9375 0.285226
2.96862 0.25

3 -0.0706089
3.00097 -0.0625

3 -0.0349651
3.00144 -0.03125

3.03125 -0.00255926
3.02448 0

3.0625 -0.00642468
3.04417 0

3.125 -0.00671845
3.09109 0

3.25 -0.00518041
3.20675 0

-1.5 -0.193139
-1.48438 -0.19269

-1.48438 -0.192687
-1.46875 -0.192322

-1.46875 -0.19232
-1.45312 -0.192046

-1.45312 -0.192044
-1.4375 -0.191872

-1.4375 -0.191869
-1.42188 -0.191809

-1.42188 -0.191806
-1.40625 -0.191868

-1.40625 -0.191866
-1.39062 -0.192061

-1.39062 -0.19206
-1.375 -0.192394

3.5 -0.00370859
3.41016 0

-1.375 -0.192393
-1.35938 -0.192871

-1.35938 -0.192872
-1.34375 -0.193492

-1.34375 -0.193495
-1.32812 -0.194251

-1.32812 -0.194255
-1.3125 -0.195135

-1.3125 -0.195141
-1.29688 -0.196123

3.03125 0.0134909
3.02131 0.03125

3.0266 0.03125
3.02838 0.0625

3.03125 0.0174016
3.05323 0

3.03083 0.0625
3.03125 0.0789873

3.03125 0.110758
3.02546 0.125

3.03125 0.0735174
3.03307 0.09375

-1.29688 -0.196132
-1.28125 -0.197185

-1.28125 -0.197195
-1.26562 -0.198281

-1.26562 -0.198293
-1.25 -0.199365

3.0369 0.09375
3.03194 0.125

3.0625 0.013299
3.09154 0

3 0.169059
3.03379 0.125

3 0.188492
3.00075 0.1875

3.125 0.0095535
3.19152 0

3.25 0.00434063
3.35421 0

4 -0.00557416
3.55221 0

3.5 0.000300763
3.52416 0

-1.25 -0.199379
-1.23438 -0.200384

-1.23438 -0.200398
-1.21875 -0.201284

-1.21875 -0.201296
-1.20312 -0.202009

-1.20312 -0.202019
-1.1875 -0.202511

-1.1875 -0.20252
-1.17188 -0.202754

-1.17188 -0.202759
-1.15625 -0.202709

-1.15625 -0.20271
-1.14062 -0.202366

-1.14062 -0.202363
-1.125 -0.201729

2.34375 0.52353
2.34173 0.53125

2.34241 0.53125
2.34375 0.534628

2.35938 0.504426
2.34512 0.515625

2.34375 0.52457
2.34786 0.515625

2.35938 0.506883
2.375 0.505519

2.34375 0.534274
2.34992 0.546875

2.35029 0.546875
2.35938 0.555724

2.35938 0.555563
2.37259 0.5625

2.37307 0.5625
2.375 0.56336

-1.125 -0.201722
-1.10938 -0.200816

-1.10938 -0.200807
-1.09375 -0.199663

-1.09375 -0.199652
-1.07812 -0.198313

-1.07812 -0.198303
-1.0625 -0.196811

2.375 0.507569
2.39062 0.51036

2.39062 0.510626
2.40625 0.512942

2.375 0.562448
2.37552 0.5625

-1.0625 -0.196802
-1.04688 -0.195193

-1.04688 -0.195184
-1.03125 -0.193493

-1.03125 -0.193482
-1.01562 -0.191751

-1.01562 -0.191739
-1 -0.190017

2.40625 0.561872
2.40092 0.5625

2.40625 0.513187
2.42188 0.514006

2.42188 0.514034
2.4375 0.512809

2.40625 0.561657
2.42188 0.557694

2.42188 0.557737
2.4375 0.551917

2.375 0.562579
2.39062 0.564145

2.39062 0.563651
2.40038 0.5625

2.4375 0.512682
2.45312 0.509613

2.45312 0.509458
2.46875 0.505107

2.45312 0.54403
2.44677 0.546875

2.4375 0.551808
2.44852 0.546875

2.45312 0.544238
2.46875 0.537444

2.46875 0.504805
2.48438 0.500156

2.48438 0.530749
2.4822 0.53125

2.48438 0.530625
2.5 0.526313

2.46875 0.537576
2.48438 0.53139

2.5 0.526226
2.51562 0.521289

2.53125 0.515367
2.5301 0.515625

2.51562 0.521356
2.53125 0.515853

2.53125 0.515378
2.54688 0.510124

2.54688 0.510672
2.5625 0.505462

2.5625 0.505298
2.57701 0.5

