-3.85048 0
-3.5 0.00072437

-3.46863 0
-3.25 0.00153267

-3.25 2.72431e-05
-3.125 0.00275549

-3.125 0.000587593
-3.0625 0.004764

-3.0625 0.000582126
-3.03125 0.00720231

-3.03125 0.00174395
-3 0.0306536

-3.00413 0.03125
-3 0.0427687

-3 0.0441463
-2.99919 0.046875

-2.9994 0.046875
-2.99758 0.0625

-2.99805 0.0625
-2.99757 0.078125

-2.99983 0.078125
-2.99524 0.09375

-2.99179 0.09375
-2.97912 0.125

-2.98269 0.125
-2.96875 0.152495

-2.96875 0.141294
-2.95809 0.15625

-2.96042 0.15625
-2.95312 0.171382

-2.95424 0.171875
-2.95312 0.174048

-2.95312 0.175586
-2.94703 0.1875

-2.94569 0.1875
-2.9375 0.199547

-2.93471 0.203125
-2.92235 0.21875

-2.92251 0.21875
-2.90625 0.238078

1.60938 -0.126434
1.59604 -0.125

1.60938 -0.126452
1.625 -0.128179

1.5 -0.115089
1.51562 -0.116731

1.51562 -0.116731
1.53125 -0.118361

-2.90625 0.238946
-2.89645 0.25

-2.8949 0.25
-2.89062 0.254466

-2.89062 0.25603
-2.88081 0.265625

-2.88022 0.265625
-2.875 0.27044

-2.875 0.27095
-2.86236 0.28125

-2.86198 0.28125
-2.85938 0.283242

-2.85938 0.283447
-2.84375 0.294308

1.53125 -0.118361
1.54688 -0.119979

1.54688 -0.11998
1.5625 -0.121584

-2.84375 0.294844
-2.83989 0.296875

-2.83993 0.296875
-2.82812 0.303087

-2.82812 0.302841
-2.8125 0.307797

1.5625 -0.121584
1.57812 -0.123171

1.57812 -0.123153
1.59375 -0.124758

-2.8125 0.307712
-2.79688 0.310058

-2.79688 0.309872
-2.78125 0.310149

-2.78125 0.310046
-2.76562 0.308829

1.59375 -0.124709
1.59645 -0.125

-2.76562 0.30871
-2.75 0.306445

1.625 -0.12818
1.64062 -0.129899

1.64062 -0.1299
1.65625 -0.131606

1.65625 -0.131606
1.67188 -0.133298

1.67188 -0.133298
1.6875 -0.134973

1.6875 -0.134973
1.70312 -0.13663

-2.54688 0.246724
-2.5601 0.25

0.046875 -0.000735414
0.036736 0

0.046875 -0.000744724
0.0625 -0.00185749

0.0625 -0.00183147
0.078125 -0.00290308

0.078125 -0.00290561
0.09375 -0.00398302

0.09375 -0.00398921
0.109375 -0.005055

0.109375 -0.00505447
0.125 -0.00609733

0.125 -0.00609719
0.140625 -0.00711847

0.140625 -0.0071179
0.15625 -0.00811901

0.15625 -0.00811916
0.171875 -0.00910094

1.70312 -0.136631
1.71875 -0.138268

1.71875 -0.138261
1.73438 -0.139891

1.75 -0.141567
1.74128 -0.140625

1.73438 -0.139852
1.74154 -0.140625

-2.54688 0.246805
-2.53125 0.242848

-2.53125 0.242865
-2.51562 0.238636

-2.5 0.234044
-2.50119 0.234375

-2.51562 0.238553
-2.50061 0.234375

-2.75 0.306434
-2.73438 0.303379

-2.73438 0.303351
-2.71875 0.299582

1.75 -0.14158
1.76562 -0.143321

1.76562 -0.143326
1.78125 -0.14506

-2.70312 0.295262
-2.70933 0.296875

1.78125 -0.145061
1.79688 -0.146776

-2.71875 0.299447
-2.70886 0.296875

-2.70312 0.295411
-2.6875 0.291259

-2.65625 0.278647
-2.66197 0.28125

-2.6875 0.291762
-2.67188 0.286368

0.171875 -0.00910096
0.1875 -0.0100631

-2.67188 0.286271
-2.66084 0.28125

-1 0.0601303
-0.984375 0.0591914

1.79688 -0.146776
1.8125 -0.148469

-0.984375 0.0591916
-0.96875 0.0582571

1.8125 -0.14847
1.82812 -0.15014

-0.96875 0.0582573
-0.953125 0.0573265

-0.953125 0.0573268
-0.9375 0.0563986

-0.9375 0.0563991
-0.921875 0.0554719

-0.921875 0.0554724
-0.90625 0.0545445

-0.90625 0.0545449
-0.890625 0.0536144

-0.890625 0.0536151
-0.875 0.0526797

-0.875 0.0526805
-0.859375 0.0517373

-0.859375 0.0517381
-0.84375 0.0507841

-0.84375 0.0507847
-0.828125 0.049817

-0.828125 0.0498177
-0.8125 0.0488338

-2.65625 0.278411
-2.64062 0.27129

-2.625 0.265375
-2.6257 0.265625

-0.8125 0.0488328
-0.796875 0.047833

1.82812 -0.15014
1.84375 -0.151786

-0.78125 0.0468174
-0.782164 0.046875

1.84375 -0.151786
1.85938 -0.153406

1.85938 -0.153405
1.875 -0.155

-2.64062 0.271102
-2.6253 0.265625

1.89062 -0.156602
1.88723 -0.15625

1.89062 -0.156607
1.90625 -0.158271

1.875 -0.154973
1.88733 -0.15625

-2.60938 0.261615
-2.62451 0.265625

-0.796875 0.047819
-0.781884 0.046875

1.90625 -0.158282
1.92188 -0.159942

-2.625 0.265739
-2.62457 0.265625

-2.60938 0.261849
-2.59375 0.258208

1.92188 -0.159943
1.9375 -0.161575

-2.59375 0.258266
-2.57812 0.254537

-2.57812 0.254504
-2.5625 0.250635

-2.5625 0.250621
-2.56 0.25

-0.78125 0.046829
-0.765625 0.0459008

0.1875 -0.010063
0.203125 -0.0110055

0.203125 -0.0110062
0.21875 -0.0119281

0.21875 -0.0119302
0.234375 -0.0128261

0.234375 -0.012828
0.25 -0.0136896

0.25 -0.0136822
0.265625 -0.0145206

0.265625 -0.0144851
0.28125 -0.0153865

0.296875 -0.0164393
0.284778 -0.015625

0.28125 -0.0153499
0.285336 -0.015625

0.296875 -0.0164735
0.3125 -0.0176051

0.3125 -0.0176081
0.328125 -0.0187267

0.328125 -0.0187248
0.34375 -0.0198283

0.34375 -0.0198281
0.359375 -0.0209207

0.359375 -0.0209211
0.375 -0.0220024

0.375 -0.0220028
0.390625 -0.0230712

0.390625 -0.0230708
0.40625 -0.0241265

0.40625 -0.0241267
0.421875 -0.0251698

0.421875 -0.02517
0.4375 -0.0261996

0.4375 -0.0261998
0.453125 -0.0272155

-0.765625 0.0459169
-0.75 0.0450228

1.9375 -0.161576
1.95312 -0.163178

1.95312 -0.163178
1.96875 -0.164748

-2.5 0.234162
-2.48438 0.229951

-2.48438 0.229997
-2.46875 0.2259

-2.4375 0.217805
-2.44131 0.21875

-2.46875 0.225896
-2.45312 0.22183

-2.45312 0.221777
-2.44091 0.21875

-2.4375 0.217924
-2.42188 0.214314

-2.42188 0.214359
-2.40625 0.21084

-2.40625 0.210845
-2.39062 0.207315

-2.39062 0.207283
-2.375 0.203796

-0.75 0.0450225
-0.734375 0.0441309

-0.734375 0.0441305
-0.71875 0.0432428

-0.71875 0.0432428
-0.703125 0.0423596

-0.703125 0.0423598
-0.6875 0.0414807

-0.6875 0.041481
-0.671875 0.0406051

-0.671875 0.0406056
-0.65625 0.0397313

1.96875 -0.164749
1.98438 -0.166284

1.98438 -0.166285
2 -0.167783

-2.35938 0.200454
-2.37204 0.203125

-2.375 0.20377
-2.37194 0.203125

-2.35938 0.200518
-2.34375 0.197381

-2.34375 0.197387
-2.32812 0.194275

-2.32812 0.194278
-2.3125 0.191172

-2.28125 0.185167
-2.29388 0.1875

-2.28125 0.18522
-2.26562 0.182472

-2.26562 0.182477
-2.25 0.179758

-2.3125 0.191148
-2.29688 0.188092

-0.65625 0.0397319
-0.640625 0.0388567

-0.640625 0.0388574
-0.625 0.0379788

-2.29688 0.188071
-2.29378 0.1875

0.453125 -0.0272161
0.46875 -0.0282164

0.46875 -0.0282183
0.484375 -0.0291981

-2.25 0.17976
-2.23438 0.177056

0.484375 -0.0291969
0.5 -0.0301549

0 0.00238115
0.015625 0.001472

-0.625 0.0379798
-0.609375 0.0370945

-0.609375 0.0370961
-0.59375 0.0361988

-0.59375 0.0362008
-0.578125 0.0352845

0.015625 0.00148264
0.03125 0.000448476

-0.578125 0.0352863
-0.5625 0.0343432

-0.5625 0.0343439
-0.546875 0.0333689

-0.546875 0.0333674
-0.53125 0.0323621

-0.5 0.0303596
-0.514616 0.03125

-0.53125 0.032353
-0.515625 0.0313385

0.03125 0.000468538
0.0377096 0

-0.515625 0.0313139
-0.514577 0.03125

-2.23438 0.177058
-2.21875 0.174361

-2.20312 0.17165
-2.20447 0.171875

-2.21875 0.174328
-2.20412 0.171875

-2.20312 0.171705
-2.1875 0.169234

-2.1875 0.169264
-2.17188 0.166881

-2.17188 0.166883
-2.15625 0.164525

-2.15625 0.164527
-2.14062 0.162185

-2.14062 0.162186
-2.125 0.159856

-2.09375 0.155262
-2.10071 0.15625

-2.125 0.159853
-2.10938 0.157537

-2.10938 0.157513
-2.10047 0.15625

-2.09375 0.155309
-2.07812 0.15321

-2.07812 0.15322
-2.0625 0.151165

-2.0625 0.151167
-2.04688 0.149133

-2.04688 0.149134
-2.03125 0.147115

-2.03125 0.147117
-2.01562 0.145109

-2.01562 0.14511
-2 0.143109

0.53125 -0.0322208
0.517479 -0.03125

0.5 -0.0301269
0.515625 -0.0311212

0.515625 -0.031079
0.518051 -0.03125

0.53125 -0.0322436
0.546875 -0.0334102

0.546875 -0.0334129
0.5625 -0.0345824

0.5625 -0.034583
0.578125 -0.0357489

-0.5 0.030389
-0.484375 0.0294952

-0.484375 0.029497
-0.46875 0.0285995

0.578125 -0.0357494
0.59375 -0.0369094

0.59375 -0.03691
0.609375 -0.0380617

0.609375 -0.0380617
0.625 -0.039204

-0.46875 0.0285976
-0.453125 0.0276968

-0.453125 0.0276958
-0.4375 0.0267973

-0.4375 0.0267969
-0.421875 0.0259038

-0.421875 0.0259037
-0.40625 0.025017

-0.40625 0.0250168
-0.390625 0.0241372

0.625 -0.039204
0.640625 -0.0403368

0.640625 -0.0403371
0.65625 -0.0414597

0.65625 -0.0414599
0.671875 -0.0425715

-0.390625 0.0241369
-0.375 0.0232657

0.671875 -0.0425719
0.6875 -0.0436714

-0.375 0.0232653
-0.359375 0.0224038

-0.359375 0.0224044
-0.34375 0.0215524

-0.34375 0.0215529
-0.328125 0.0207082

2 -0.167785
2.01562 -0.16924

2.01562 -0.169241
2.03125 -0.17065

-0.328125 0.0207093
-0.3125 0.0198686

-2 0.143098
-1.98438 0.141126

-1.96875 0.139222
-1.98043 0.140625

2.04688 -0.172026
2.04517 -0.171875

-1.98438 0.141113
-1.98031 0.140625

2.03125 -0.170635
2.04522 -0.171875

-1.96875 0.139253
-1.95312 0.13746

2.04688 -0.172029
2.0625 -0.173409

-0.3125 0.0198723
-0.296875 0.0190264

-1.95312 0.137462
-1.9375 0.135693

-0.296875 0.0190349
-0.28125 0.0181595

-0.28125 0.0181719
-0.265625 0.0172251

-0.265625 0.0172314
-0.25 0.0161756

2.0625 -0.173419
2.07812 -0.174758

2.07812 -0.174757
2.09375 -0.176036

-1.9375 0.135694
-1.92188 0.133943

-1.92188 0.133944
-1.90625 0.132206

0.6875 -0.0436728
0.703125 -0.0447565

0.703125 -0.0447557
0.71875 -0.0458226

2.09375 -0.176033
2.10938 -0.17726

0.734375 -0.0469072
0.733922 -0.046875

2.10938 -0.177256
2.125 -0.178442

0.71875 -0.0457932
0.733974 -0.046875

0.734375 -0.0469077
0.75 -0.0481118

2.125 -0.178438
2.14062 -0.179596

0.734375 -0.0468587
0.734586 -0.046875

-1.90625 0.132207
-1.89062 0.130479

-1.89062 0.13048
-1.875 0.128759

2.14062 -0.179593
2.15625 -0.180738

2.15625 -0.180735
2.17188 -0.18188

2.17188 -0.181878
2.1875 -0.183031

-1.82812 0.123711
-1.84062 0.125

2.25 -0.187814
2.24606 -0.1875

2.1875 -0.18303
2.20312 -0.184197

-1.82812 0.123735
-1.8125 0.12219

2.20312 -0.184197
2.21875 -0.18538

2.21875 -0.185379
2.23438 -0.186579

0.75 -0.0481316
0.765625 -0.0493818

-0.234375 0.0150214
-0.242933 0.015625

2.23438 -0.186563
2.24614 -0.1875

-0.25 0.0161544
-0.242495 0.015625

0.765625 -0.0493835
0.78125 -0.0506365

-0.234375 0.0150076
-0.21875 0.0139909

-0.21875 0.0139948
-0.203125 0.0131117

2.25 -0.187818
2.26562 -0.189116

2.26562 -0.189123
2.28125 -0.190441

-0.203125 0.0131351
-0.1875 0.0123311

-0.1875 0.0123483
-0.171875 0.011542

-0.171875 0.0115444
-0.15625 0.0106966

-1.8125 0.122191
-1.79688 0.120664

-0.15625 0.0106913
-0.140625 0.00980785

0.78125 -0.0506371
0.796875 -0.0518883

-1.79688 0.120665
-1.78125 0.119153

0.796875 -0.051889
0.8125 -0.0531357

2.28125 -0.190442
2.29688 -0.191762

0.8125 -0.0531361
0.828125 -0.054376

2.29688 -0.19176
2.3125 -0.193085

0.828125 -0.054376
0.84375 -0.0556082

-0.140625 0.00980243
-0.125 0.00890492

-1.78125 0.119154
-1.76562 0.117654

-1.76562 0.117654
-1.75 0.116163

0.84375 -0.0556085
0.859375 -0.0568324

2.3125 -0.19308
2.32812 -0.194424

0.859375 -0.0568328
0.875 -0.0580473

2.32812 -0.194415
2.34375 -0.195806

-1.875 0.12876
-1.85938 0.127043

2.34375 -0.1958
2.35938 -0.197266

2.35938 -0.197266
2.375 -0.198817

-1.85938 0.127033
-1.84375 0.125341

0.9375 -0.0628341
0.933287 -0.0625

-0.125 0.00890139
-0.109375 0.00800768

0.875 -0.0580477
0.890625 -0.0592513

-0.109375 0.00800461
-0.09375 0.00712788

-0.09375 0.00712531
-0.078125 0.00627682

0.890625 -0.0592526
0.90625 -0.0604421

-0.078125 0.00627549
-0.0625 0.00546305

0.90625 -0.0604388
0.921875 -0.061618

-0.0625 0.00546447
-0.046875 0.0046879

-1.84375 0.125332
-1.84054 0.125

-0.046875 0.00469378
-0.03125 0.00393847

0.921875 -0.0615831
0.93344 -0.0625

-0.03125 0.00394863
-0.015625 0.0031825

-0.015625 0.00319361
0 0.00237412

2.375 -0.198827
2.39062 -0.200443

0.9375 -0.0628432
0.953125 -0.0641688

0.953125 -0.0641808
0.96875 -0.0655329

2.39062 -0.200455
2.40625 -0.202092

2.42188 -0.203737
2.41603 -0.203125

-1.75 0.116164
-1.73438 0.11468

-1.73438 0.11468
-1.71875 0.1132

2.40625 -0.202084
2.41619 -0.203125

-1.71875 0.1132
-1.70312 0.111722

0.96875 -0.065534
0.984375 -0.0668867

2.42188 -0.203749
2.4375 -0.205341

0.984375 -0.0668873
1 -0.0682374

2.4375 -0.205343
2.45312 -0.206842

2.45312 -0.206825
2.46875 -0.20826

-1.70312 0.111721
-1.6875 0.110247

-1.67188 0.108792
-1.67829 0.109375

-1.6875 0.110233
-1.67806 0.109375

-1.67188 0.10882
-1.65625 0.107467

-1.65625 0.107472
-1.64062 0.106144

2.46875 -0.208248
2.48438 -0.209679

2.48438 -0.209666
2.5 -0.211146

-1.64062 0.106144
-1.625 0.104828

-1.625 0.104828
-1.60938 0.103523

-1.60938 0.103523
-1.59375 0.102226

-1.59375 0.102227
-1.57812 0.100936

-1.57812 0.100937
-1.5625 0.0996508

-1.5625 0.0996514
-1.54688 0.0983676

-1.54688 0.0983681
-1.53125 0.0970844

-1.53125 0.0970842
-1.51562 0.0957997

-1.51562 0.0957988
-1.5 0.0945158

2.5 -0.211148
2.51562 -0.212698

2.51562 -0.212704
2.53125 -0.214307

2.53125 -0.214339
2.54688 -0.215919

2.54688 -0.215946
2.5625 -0.217385

2.59375 -0.219541
2.58099 -0.21875

2.5625 -0.217411
2.57812 -0.218605

2.57812 -0.218552
2.58132 -0.21875

2.59375 -0.219505
2.60938 -0.220385

2.60938 -0.220358
2.625 -0.221265

2.625 -0.221297
2.64062 -0.22222

2.64062 -0.222141
2.65625 -0.223174

2.65625 -0.223069
2.67188 -0.224578

2.67188 -0.224591
2.6875 -0.226763

2.6875 -0.226946
2.70312 -0.229388

2.70312 -0.22948
2.71875 -0.231641

2.71875 -0.23166
2.73438 -0.233315

2.75 -0.234478
2.74868 -0.234375

2.73438 -0.23326
2.74859 -0.234375

-1.48438 0.0932451
-1.49074 0.09375

-1.48438 0.0932701
-1.46875 0.0920886

1 -0.0682382
1.01562 -0.0695828

2.75 -0.234448
2.76562 -0.235431

1.01562 -0.0695827
1.03125 -0.0709202

1.03125 -0.0709206
1.04688 -0.0722505

2.76562 -0.235371
2.78125 -0.236305

2.78125 -0.236328
2.79688 -0.23729

-1.5 0.094503
-1.4905 0.09375

1.04688 -0.0722508
1.0625 -0.0735717

2.79688 -0.237305
2.8125 -0.238217

1.0625 -0.0735722
1.07812 -0.0748828

1.07812 -0.074884
1.09375 -0.076181

1.09375 -0.076173
1.10938 -0.0774699

1.125 -0.078823
1.11704 -0.078125

1.10938 -0.0774296
1.11731 -0.078125

2.8125 -0.238354
2.82812 -0.23891

2.82812 -0.238972
2.84375 -0.238774

-1.46875 0.0920937
-1.45312 0.0909319

-1.45312 0.0909321
-1.4375 0.0897795

1.125 -0.0788368
1.14062 -0.0802832

1.14062 -0.0802895
1.15625 -0.0817488

1.15625 -0.0817496
1.17188 -0.0832074

-1.4375 0.0897798
-1.42188 0.0886354

-1.42188 0.0886357
-1.40625 0.0874981

2.84375 -0.238945
2.85938 -0.237525

-1.40625 0.0874987
-1.39062 0.086366

1.17188 -0.0832081
1.1875 -0.0846612

2.85938 -0.23751
2.875 -0.234553

1.1875 -0.0846616
1.20312 -0.086108

-1.39062 0.0863662
-1.375 0.0852367

-1.375 0.0852373
-1.35938 0.0841095

-1.35938 0.08411
-1.34375 0.0829817

2.875 -0.234619
2.87583 -0.234375

2.87581 -0.234375
2.89062 -0.23003

1.20312 -0.0861082
1.21875 -0.0875469

2.89062 -0.230311
2.90625 -0.223423

1.21875 -0.0875473
1.23438 -0.0889772

1.23438 -0.0889777
1.25 -0.0903969

-1.34375 0.0829821
-1.32812 0.0818514

-1.32812 0.0818518
-1.3125 0.0807169

2.90625 -0.224453
2.91424 -0.21875

-1.3125 0.0807165
-1.29688 0.0795774

2.91408 -0.21875
2.92188 -0.212086

2.92188 -0.208721
2.92672 -0.203125

1.25 -0.0903979
1.26562 -0.0918034

1.26562 -0.0917925
1.28125 -0.093204

-1.29688 0.0795722
-1.28125 0.0784401

-1.26562 0.0773383
-1.27696 0.078125

2.92824 -0.203125
2.9375 -0.191528

2.9375 -0.190547
2.93971 -0.1875

1.29688 -0.0946795
1.28711 -0.09375

1.29688 -0.0946954
1.3125 -0.0962534

-1.28125 0.0784313
-1.27684 0.078125

-1.26562 0.0773577
-1.25 0.0763179

2.94145 -0.1875
2.95063 -0.171875

2.95088 -0.171875
2.95312 -0.165168

2.95287 -0.15625
2.95312 -0.155733

1.28125 -0.0931607
1.28744 -0.09375

-1.25 0.0763189
-1.23438 0.0752877

-1.23438 0.0752878
-1.21875 0.0742629

1.3125 -0.0962576
1.32812 -0.0978218

2.95312 -0.155194
2.96036 -0.140625

2.96539 -0.140625
2.96875 -0.135043

-1.21875 0.0742632
-1.20312 0.073244

2.96875 -0.125746
2.9691 -0.125

1.32812 -0.0978226
1.34375 -0.099383

2.97227 -0.125
2.98452 -0.09375

2.98688 -0.09375
2.989 -0.078125

2.98657 -0.078125
2.98484 -0.0625

1.34375 -0.0993838
1.35938 -0.100937

1.35938 -0.100937
1.375 -0.102482

-1.20312 0.0732443
-1.1875 0.0722297

-1.1875 0.0722301
-1.17188 0.0712186

2.98438 -0.0526531
2.98495 -0.046875

2.98527 -0.046875
2.99239 -0.03125

2.99511 -0.03125
3 -0.0230673

2.99977 -0.015625
3 -0.0152284

-1.17188 0.071219
-1.15625 0.0702089

-1.15625 0.0702093
-1.14062 0.0691991

-1.14062 0.0691997
-1.125 0.0681875

1.375 -0.102483
1.39062 -0.104018

1.39062 -0.104018
1.40625 -0.105543

-1.125 0.068188
-1.10938 0.0671717

-1.10938 0.0671723
-1.09375 0.0661497

1.40625 -0.105544
1.42188 -0.107054

3 -0.0134186
3.01779 0

-1.09375 0.0661501
-1.07812 0.0651193

-1.07812 0.0651188
-1.0625 0.0640798

3.03125 -0.001991
3.0625 -0.00074053

1.42188 -0.107047
1.4375 -0.108554

-1.03125 0.0620017
-1.039 0.0625

-1.03125 0.062025
-1.01562 0.06107

-1.01562 0.0610737
-1 0.0601304

-1.0625 0.0640786
-1.04688 0.0630349

-1.04688 0.0630219
-1.03876 0.0625

3.0625 -0.00153883
3.125 -0.000655821

3.125 -0.000983809
3.25 -0.000354082

1.45312 -0.110111
1.44582 -0.109375

1.4375 -0.108514
1.44605 -0.109375

3.25 -0.000651916
3.5 -0.000385876

3.5 -0.000748119
4 -0.000654932

1.45312 -0.110124
1.46875 -0.111772

1.46875 -0.111779
1.48438 -0.113436

1.48438 -0.113437
1.5 -0.115088

