-4 -0.0047322
-3.63568 0

-3.53403 0
-3.5 0.000441969

-3.5 -0.0027434
-3.43583 0

-3.25 -0.00376687
-3.22123 0

-3.125 -0.00529671
-3.10399 0

-3 -0.0945971
-3.00041 -0.09375

-3 -0.0790253
-3.00126 -0.0625

-3.00017 -0.0625
-3 -0.0571386

-3.39656 0
-3.25 0.00629659

-3.21255 0
-3.125 0.0121514

-3.10213 0
-3.0625 0.0189945

-3.0625 0.00263703
-3.03125 0.0277871

-3.03881 0.03125
-3.03125 0.0476351

-3 0.0293994
-3.00352 0.03125

-3.03125 0.0538222
-3.027 0.0625

-3.0332 0.0625
-3.03125 0.0859452

-3.03911 0.09375
-3.03125 0.117014

-3.03125 0.071844
-3.02277 0.09375

-3.03125 0.109814
-3.00353 0.125

-3.02686 0.125
-3 0.143337

1.5 0.157704
1.51562 0.164096

1.51562 0.162727
1.53125 0.165731

1.53125 0.165202
1.54688 0.168614

1.54688 0.168616
1.55833 0.171875

1.55612 0.171875
1.5625 0.173691

1.5625 0.173371
1.57812 0.17823

1.57812 0.177235
1.59375 0.184305

1.59375 0.183787
1.60105 0.1875

1.59512 0.1875
1.60938 0.194753

1.60938 0.193071
1.625 0.20027

0 -0.112281
0.015625 -0.110776

0.015625 -0.110742
0.03125 -0.109999

-1 -0.226485
-0.984375 -0.223837

-0.984375 -0.223787
-0.96875 -0.221252

0.03125 -0.110126
0.046875 -0.109955

0.046875 -0.110168
0.0625 -0.10989

-2.96875 -0.125849
-2.9692 -0.125

-2.9375 -0.181094
-2.94831 -0.171875

1.625 0.199794
1.63211 0.203125

1.62915 0.203125
1.64062 0.208498

0.0625 -0.11004
0.0722908 -0.109375

0.0713403 -0.109375
0.078125 -0.108914

0.078125 -0.108916
0.09375 -0.106898

-2.95312 -0.162766
-2.94715 -0.171875

-2.95312 -0.154231
-2.9604 -0.140625

-0.96875 -0.221195
-0.953125 -0.218986

-0.953125 -0.218963
-0.95153 -0.21875

0.09375 -0.106722
0.109375 -0.104173

-0.949906 -0.21875
-0.9375 -0.217091

0.109375 -0.103986
0.125 -0.101632

1.64062 0.20737
1.65625 0.215234

-2.96875 -0.13486
-2.96507 -0.140625

-2.95312 -0.154968
-2.95244 -0.15625

0.125 -0.101624
0.140625 -0.0998527

0.140625 -0.100008
0.15625 -0.0985259

0.15625 -0.0986237
0.171875 -0.0969234

0.171875 -0.0969039
0.1875 -0.0948289

-2.90625 -0.191164
-2.91831 -0.1875

1.65625 0.216945
1.66154 0.21875

-2.90625 -0.190809
-2.89062 -0.193306

1.65968 0.21875
1.67188 0.22291

1.67188 0.222288
1.6875 0.221645

-2.89062 -0.192999
-2.875 -0.194272

1.70312 0.217132
1.69447 0.21875

0.1875 -0.0947696
0.194737 -0.09375

0.194157 -0.09375
0.203125 -0.0924865

0.203125 -0.0924962
0.21875 -0.0904309

-2.9375 -0.178736
-2.92188 -0.186396

-2.92188 -0.185889
-2.91657 -0.1875

-2.97299 -0.125
-2.98582 -0.09375

-0.9375 -0.217067
-0.921875 -0.214753

-0.921875 -0.214653
-0.90625 -0.212296

-0.90625 -0.212235
-0.890625 -0.21016

1.70312 0.216641
1.71875 0.215604

1.6875 0.220426
1.69646 0.21875

0.21875 -0.090403
0.234375 -0.0885826

0.234375 -0.0885631
0.25 -0.0870824

-2.98881 -0.09375
-2.99049 -0.078125

-2.98715 -0.078125
-2.98438 -0.0628357

-0.890625 -0.210168
-0.875 -0.208483

0.25 -0.0871313
0.265625 -0.0859314

0.265625 -0.0860728
0.28125 -0.0847732

0.28125 -0.0848716
0.296875 -0.0829925

1.71875 0.216424
1.73438 0.216993

0.296875 -0.0829225
0.3125 -0.0804072

0.3125 -0.0804151
0.324585 -0.078125

-0.875 -0.208515
-0.859375 -0.207137

-0.859375 -0.20715
-0.84375 -0.205988

1.73438 0.217147
1.75 0.217374

0.323885 -0.078125
0.328125 -0.0773215

-2.98438 -0.0709041
-2.98286 -0.0625

-0.84375 -0.206002
-0.828125 -0.205001

-2.98424 -0.0625
-2.98376 -0.046875

-2.98438 -0.0413301
-2.98423 -0.046875

-0.828125 -0.205051
-0.8125 -0.204081

1.75 0.216835
1.76562 0.217488

0.328125 -0.0775638
0.34375 -0.0739222

1.76562 0.217002
1.77614 0.21875

-0.8125 -0.204104
-0.798405 -0.203125

1.77253 0.21875
1.78125 0.2202

-0.798276 -0.203125
-0.796875 -0.203028

0.34375 -0.0739139
0.359375 -0.0693226

-0.796875 -0.203014
-0.78125 -0.201779

1.78125 0.220251
1.79688 0.224458

1.79688 0.224361
1.8125 0.229601

1.8125 0.229823
1.82495 0.234375

1.8233 0.234375
1.82812 0.23614

0.359375 -0.0691892
0.375 -0.0639318

-2.98438 -0.0276778
-2.9855 -0.015625

-2.98605 -0.015625
-2.9885 0

-0.78125 -0.20172
-0.765625 -0.200464

-0.765625 -0.200465
-0.75 -0.199305

1.82812 0.23599
1.84375 0.240832

1.84375 0.240449
1.85938 0.244589

0.375 -0.0639548
0.378946 -0.0625

0.379052 -0.0625
0.390625 -0.058233

-2.98438 -0.0309629
-2.98435 -0.03125

1.85938 0.244398
1.875 0.248986

-0.75 -0.199305
-0.734375 -0.198238

-0.734375 -0.198221
-0.71875 -0.197281

-0.71875 -0.197268
-0.703125 -0.196517

-0.703125 -0.196532
-0.6875 -0.195966

-2.875 -0.194173
-2.85938 -0.195032

-2.85938 -0.194986
-2.84375 -0.195718

-2.84375 -0.195702
-2.82812 -0.196431

0.390625 -0.0584104
0.40625 -0.0516672

-2.82812 -0.196418
-2.8125 -0.197199

0.40625 -0.0516797
0.41566 -0.046875

1.875 0.248955
1.87818 0.25

-0.6875 -0.196021
-0.671875 -0.195501

-0.671875 -0.19556
-0.65625 -0.194859

0.415308 -0.046875
0.421875 -0.043522

0.421875 -0.0431282
0.4375 -0.0350371

-0.65625 -0.194874
-0.640625 -0.193845

-0.640625 -0.193816
-0.625 -0.192487

-2.8125 -0.197201
-2.79688 -0.198058

-0.625 -0.192434
-0.609375 -0.190966

-2.79688 -0.198068
-2.78125 -0.198979

-2.78125 -0.198981
-2.76562 -0.199923

-2.76562 -0.19992
-2.75 -0.200897

-0.609375 -0.190921
-0.59375 -0.189511

-0.59375 -0.189475
-0.578125 -0.188287

-0.578125 -0.188243
-0.563811 -0.1875

-0.5625 -0.187484
-0.546875 -0.187033

-2.75 -0.200853
-2.73438 -0.201957

1.87754 0.25
1.89062 0.254302

-2.71875 -0.203483
-2.72215 -0.203125

0.4375 -0.0338569
0.444984 -0.03125

-0.546875 -0.187079
-0.53125 -0.186799

0.446848 -0.03125
0.453125 -0.0290634

0.453125 -0.0287134
0.46875 -0.0276803

1.89062 0.254449
1.90625 0.259489

0.46875 -0.0287646
0.484375 -0.0299732

1.90625 0.259477
1.92188 0.264073

1.92188 0.263949
1.92853 0.265625

-0.53125 -0.186839
-0.515625 -0.186556

-0.515625 -0.186564
-0.5 -0.186178

0.484375 -0.0302569
0.5 -0.0309713

-2.73438 -0.201783
-2.72164 -0.203125

-2.71875 -0.203702
-2.70312 -0.205692

-2.70312 -0.205712
-2.6875 -0.207482

1.92698 0.265625
1.9375 0.268277

1.9375 0.267933
1.95312 0.271366

1.95312 0.271218
1.96875 0.274837

-2.6875 -0.207455
-2.67188 -0.209018

-2.67188 -0.209004
-2.65625 -0.210443

-2.65625 -0.210454
-2.64062 -0.211779

-0.5 -0.186164
-0.484375 -0.185687

-0.484375 -0.185669
-0.46875 -0.185165

-0.46875 -0.185164
-0.453125 -0.184674

0.53125 -0.0314216
0.525904 -0.03125

-0.453125 -0.184697
-0.4375 -0.184177

0.5 -0.0306591
0.515625 -0.0309361

-2.64062 -0.21182
-2.625 -0.212929

-0.4375 -0.184219
-0.421875 -0.183538

1.96875 0.27476
1.98438 0.279015

0.515625 -0.0309157
0.52604 -0.03125

1.98438 0.278937
1.99229 0.28125

-2.625 -0.212973
-2.60938 -0.213699

1.99034 0.28125
2 0.284074

-2.60938 -0.213698
-2.59375 -0.213958

-0.421875 -0.183578
-0.40625 -0.182572

0.53125 -0.0314945
0.546875 -0.0321068

-0.40625 -0.182598
-0.390625 -0.181133

-2.59375 -0.213901
-2.57812 -0.213811

0.546875 -0.0321236
0.5625 -0.0326615

-2.57812 -0.213735
-2.5625 -0.213561

-0.390625 -0.181127
-0.375 -0.179162

-2.5625 -0.213402
-2.54688 -0.213611

-2.54688 -0.21364
-2.53125 -0.214492

0.5625 -0.0326275
0.578125 -0.0331257

0.578125 -0.0330646
0.59375 -0.0337132

-0.375 -0.179184
-0.359375 -0.176689

-0.359375 -0.176742
-0.34375 -0.17357

-0.34375 -0.173686
-0.337267 -0.171875

-0.336706 -0.171875
-0.328125 -0.169478

0.59375 -0.033671
0.609375 -0.0346768

0.609375 -0.0347713
0.625 -0.0360296

-2.53125 -0.214628
-2.51562 -0.215794

0.625 -0.0362929
0.640625 -0.0370878

0.640625 -0.0372852
0.65625 -0.0366952

-0.328125 -0.169756
-0.3125 -0.1631

-2.51562 -0.215807
-2.5 -0.216991

-0.3125 -0.163245
-0.300616 -0.15625

-2.98894 0
-2.99046 0.015625

-0.302654 -0.15625
-0.296875 -0.152849

0.65625 -0.0366621
0.671875 -0.0343587

-0.296875 -0.151941
-0.28125 -0.144127

-2.99043 0.015625
-2.98976 0.03125

0.671875 -0.0341047
0.68514 -0.03125

0.684127 -0.03125
0.6875 -0.0305242

-0.28125 -0.144632
-0.265625 -0.140672

-0.265625 -0.141908
-0.254802 -0.140625

-2.98952 0.03125
-2.98723 0.046875

-0.265625 -0.140596
-0.25 -0.138743

0.6875 -0.0302328
0.703125 -0.0273377

0.703125 -0.0270929
0.71875 -0.0260932

0.71875 -0.026404
0.734375 -0.0271674

0.734375 -0.0275547
0.75 -0.0286848

-2.98676 0.046875
-2.98476 0.0625

-2.98438 0.0594798
-2.98399 0.0625

-2.9844 0.0625
-2.98438 0.0661321

0.75 -0.0288872
0.765625 -0.029205

0.765625 -0.029148
0.78125 -0.0283628

0.78125 -0.0281804
0.796875 -0.0267712

0.796875 -0.0266211
0.8125 -0.0252529

-0.234375 -0.188218
-0.235205 -0.1875

-0.234375 -0.187562
-0.21875 -0.190284

-0.21875 -0.189999
-0.214473 -0.1875

-0.23666 -0.1875
-0.237804 -0.171875

0.8125 -0.0253299
0.828125 -0.0241489

0.828125 -0.0242514
0.84375 -0.0228985

0.84375 -0.0228382
0.859375 -0.0212292

0.859375 -0.0212569
0.875 -0.0194569

-0.234375 -0.186321
-0.23352 -0.1875

1.67188 0.688646
1.65768 0.703125

-0.231502 -0.171875
-0.21875 -0.162736

-0.25 -0.139126
-0.234375 -0.13877

1.6589 0.703125
1.66765 0.71875

-2.98438 0.0784509
-2.98668 0.09375

-0.21875 -0.1409
-0.220095 -0.140625

-2.98438 0.0679394
-2.9843 0.078125

1.67188 0.690994
1.6875 0.697408

-3 0.124909
-2.98542 0.09375

1.6875 0.71571
1.68298 0.71875

-0.232508 -0.140625
-0.21875 -0.137818

0.875 -0.0195169
0.890625 -0.0173508

0.890625 -0.0174756
0.900576 -0.015625

1.67058 0.71875
1.67188 0.719382

-0.216897 -0.1875
-0.204646 -0.171875

1.67188 0.718953
1.67304 0.71875

-0.203125 -0.164447
-0.215517 -0.15625

1.6875 0.698341
1.69172 0.703125

-3 0.125812
-2.98941 0.15625

1.69321 0.703125
1.68812 0.71875

-3 0.185407
-2.96875 0.177812

1.71875 0.701049
1.71538 0.703125

-2.96875 0.140113
-2.95312 0.140113

-2.96875 0.149018
-2.96183 0.15625

-0.203125 -0.159717
-0.200072 -0.171875

-2.96875 0.167432
-2.96755 0.171875

-0.21875 -0.142421
-0.216452 -0.140625

-2.96875 0.184001
-2.963 0.171875

1.71553 0.703125
1.71429 0.71875

-2.9912 0.1875
-2.96875 0.188989

1.71551 0.71875
1.71875 0.721655

-2.96875 0.188098
-2.96822 0.1875

-2.9375 0.239055
-2.94945 0.25

0.900605 -0.015625
0.90625 -0.0145753

-2.9375 0.239619
-2.92016 0.25

0.90625 -0.0143195
0.921875 -0.0109252

1.71875 0.702676
1.73438 0.698304

1.71875 0.707614
1.72097 0.703125

1.73438 0.703099
1.75 0.701996

1.73438 0.707026
1.75 0.706015

1.71875 0.721015
1.73438 0.727805

-0.21875 -0.13372
-0.203125 -0.131322

1.73438 0.724656
1.75 0.723827

-2.94934 0.25
-2.9375 0.267622

0.921875 -0.0105826
0.9375 -0.00788967

-0.203125 -0.134251
-0.1875 -0.134989

0.9375 -0.00827187
0.953125 -0.00620105

-2.9375 0.267961
-2.92142 0.25

-0.140625 -0.188632
-0.143535 -0.1875

-2.90625 0.265779
-2.9061 0.265625

1.75 0.701351
1.76562 0.696036

0.953125 -0.00640335
0.96875 -0.00378567

-0.125 -0.188373
-0.130826 -0.1875

-0.1875 -0.134658
-0.171875 -0.133462

0.96875 -0.00364803
0.984375 -0.000354177

-0.171875 -0.132843
-0.15625 -0.13161

-0.149123 -0.1875
-0.148836 -0.171875

1.76562 0.696008
1.78125 0.694619

1.75 0.723346
1.76562 0.722217

-0.135497 -0.1875
-0.134712 -0.171875

-0.15625 -0.131971
-0.140625 -0.131217

0.984375 -0.000500638
0.986688 0

1.76562 0.721693
1.78125 0.719125

-0.140625 -0.13125
-0.125 -0.130186

1.78125 0.693498
1.79688 0.697329

-2.46875 -0.219792
-2.47937 -0.21875

-2.5 -0.216928
-2.48438 -0.21823

-0.109375 -0.18817
-0.11138 -0.1875

-2.48438 -0.218192
-2.47868 -0.21875

-2.46875 -0.219902
-2.45312 -0.221387

0.985138 0
1 0.00321755

-2.45312 -0.221405
-2.4375 -0.22254

-0.109375 -0.190761
-0.09375 -0.194421

-0.09375 -0.203444
-0.092525 -0.203125

-0.09375 -0.199633
-0.078125 -0.189348

-0.078125 -0.190023
-0.0769269 -0.1875

-0.124944 -0.1875
-0.120006 -0.171875

-0.109375 -0.172065
-0.108825 -0.171875

-0.109375 -0.171508
-0.09375 -0.171793

-0.125 -0.130145
-0.109375 -0.128785

-2.4375 -0.222512
-2.42188 -0.223316

-2.42188 -0.223283
-2.40625 -0.22388

-2.40625 -0.223851
-2.39062 -0.224367

-0.109375 -0.128784
-0.09375 -0.127212

-0.078125 -0.185575
-0.0852416 -0.171875

1.79688 0.714541
1.78868 0.71875

1.79688 0.693805
1.81001 0.703125

1.81237 0.703125
1.80509 0.71875

-0.09375 -0.171232
-0.0924786 -0.171875

-0.078125 -0.184972
-0.0775537 -0.1875

-2.39062 -0.22436
-2.375 -0.224866

1.8125 0.701491
1.81375 0.703125

-2.375 -0.224865
-2.35938 -0.225378

1.81483 0.703125
1.81332 0.71875

1.84375 0.718084
1.84288 0.71875

1.84179 0.71875
1.84264 0.734375

1.84356 0.734375
1.84375 0.734553

-0.09375 -0.12726
-0.078125 -0.125385

1.85938 0.714963
1.85137 0.71875

-0.078125 -0.125403
-0.0753948 -0.125

-0.0754135 -0.125
-0.0625 -0.123095

-0.0625 -0.123107
-0.046875 -0.120318

1.85938 0.717779
1.875 0.718247

-0.046875 -0.120161
-0.03125 -0.11718

-2.35938 -0.225389
-2.34375 -0.225887

1 0.00351583
1.01562 0.00601271

-2.34375 -0.225896
-2.32812 -0.226339

1.84375 0.720626
1.8439 0.71875

-2.32812 -0.226346
-2.3125 -0.2267

1.01562 0.00576615
1.03125 0.00720774

-0.03125 -0.117073
-0.015625 -0.114428

1.03125 0.00693338
1.04688 0.00836153

1.85243 0.734375
1.85938 0.738254

-0.015625 -0.114436
0 -0.112325

1.85938 0.719087
1.86076 0.71875

1.85938 0.736973
1.875 0.738568

-2.3125 -0.226692
-2.29688 -0.226959

1.04688 0.00852313
1.0625 0.0101633

1.89062 0.718589
1.88186 0.71875

-2.29688 -0.226945
-2.28125 -0.22717

1.0625 0.0100978
1.07812 0.0117579

-2.28125 -0.227157
-2.26562 -0.22739

1.89062 0.718165
1.90625 0.716741

1.07812 0.0117307
1.09375 0.0135963

1.09375 0.0134848
1.10804 0.015625

1.10773 0.015625
1.10938 0.0158715

1.875 0.719027
1.87742 0.71875

1.875 0.738179
1.89062 0.73868

1.10938 0.0160303
1.125 0.0186552

-2.26562 -0.227381
-2.25 -0.227664

1.89062 0.738826
1.90625 0.738685

1.90625 0.716368
1.92188 0.71539

1.92188 0.715353
1.9375 0.714117

1.125 0.0189054
1.14062 0.0209123

1.14062 0.0203707
1.15625 0.0223422

-2.25 -0.227647
-2.23438 -0.228033

-2.23438 -0.228017
-2.21875 -0.228572

1.15625 0.0225552
1.17188 0.0251485

1.17188 0.025206
1.1875 0.0278803

1.90625 0.739171
1.92188 0.737103

1.9375 0.730091
1.92563 0.734375

1.92188 0.737481
1.9375 0.735014

1.1875 0.0276676
1.20312 0.0307111

1.20312 0.030045
1.20987 0.03125

1.2018 0.03125
1.20312 0.031508

1.20312 0.0314934
1.21875 0.0342866

-2.21875 -0.228562
-2.20312 -0.229341

-2.20312 -0.229349
-2.1875 -0.230353

-2.1875 -0.230379
-2.17188 -0.231538

-2.17188 -0.231574
-2.15625 -0.232763

-2.15625 -0.232788
-2.14062 -0.233885

-2.125 -0.23484
-2.13269 -0.234375

-2.14062 -0.233887
-2.13255 -0.234375

1.21875 0.0334355
1.23438 0.0361381

-2.125 -0.234853
-2.10938 -0.235602

1.9375 0.714658
1.95312 0.711236

-2.10938 -0.235581
-2.09375 -0.236141

1.23438 0.0362894
1.25 0.039781

-2.09375 -0.236119
-2.07812 -0.236578

1.95312 0.711848
1.96875 0.70621

1.9375 0.731035
1.94946 0.734375

1.9375 0.734715
1.94733 0.734375

1.95312 0.732366
1.96074 0.734375

1.95312 0.734973
1.96875 0.734383

1.25 0.0395479
1.26562 0.0439918

1.26562 0.0441542
1.27343 0.046875

-2.07812 -0.236554
-2.0625 -0.237006

-2.0625 -0.236983
-2.04688 -0.23752

-2.04688 -0.237516
-2.03125 -0.238191

1.27317 0.046875
1.28125 0.0496905

1.28125 0.0496849
1.29688 0.0556348

1.98438 0.697177
1.97239 0.703125

1.96875 0.705437
1.97406 0.703125

1.98438 0.696521
2 0.690516

1.29688 0.0555453
1.3125 0.0620993

1.96875 0.73266
1.98438 0.731385

1.98438 0.730769
2 0.72687

1.31226 0.0625
1.3125 0.0625988

1.875 0.875191
1.87519 0.875

1.3125 0.0625832
1.32812 0.0689524

-2.03125 -0.238194
-2.01562 -0.239008

-2.01562 -0.239007
-2 -0.239955

1.32812 0.0686079
1.34375 0.0745151

1.34375 0.0747808
1.35373 0.078125

1.35238 0.078125
1.35938 0.0804701

1.35938 0.0798669
1.375 0.0842038

1.375 0.0836633
1.39062 0.0888488

1.39062 0.0888971
1.40198 0.09375

1.40071 0.09375
1.40625 0.0961169

1.40625 0.0960122
1.42188 0.103216

1.42188 0.102992
1.43479 0.109375

1.43529 0.109375
1.4375 0.110466

1.4375 0.110315
1.45312 0.119797

1.45312 0.11993
1.46007 0.125

1.45986 0.125
1.46875 0.131703

1.46875 0.132235
1.47902 0.140625

1.479 0.140625
1.48438 0.145015

1.48438 0.145763
1.49909 0.15625

1.49747 0.15625
1.5 0.157871

2 0.283927
2.01562 0.288117

2.01562 0.287939
2.03125 0.291896

2.03125 0.291728
2.04688 0.296144

2.04688 0.296129
2.04936 0.296875

2.04831 0.296875
2.0625 0.301138

2.0625 0.301126
2.07812 0.305519

2.07812 0.30547
2.09375 0.309607

2.09375 0.309349
2.10504 0.3125

2.10426 0.3125
2.10938 0.313929

2.10938 0.313919
2.125 0.318607

2.125 0.318601
2.14062 0.323341

2.14062 0.32321
2.1559 0.328125

2.15487 0.328125
2.15625 0.328568

2.15625 0.328516
2.17188 0.33354

2.17188 0.333275
2.1875 0.338306

2.1875 0.338235
2.20274 0.34375

2.20154 0.34375
2.20312 0.344322

2.20312 0.344249
2.21875 0.349955

2.21875 0.349666
2.23438 0.355341

2.23438 0.355336
2.24523 0.359375

2.24365 0.359375
2.25 0.361739

2.25 0.361305
2.26562 0.366953

2.26562 0.366709
2.28125 0.372786

2.28125 0.372748
2.28644 0.375

2.28595 0.375
2.29688 0.379739

2.29688 0.379301
2.3125 0.387313

-2 -0.239957
-1.98438 -0.241035

-1.98438 -0.241053
-1.96875 -0.24222

-1.96875 -0.242249
-1.95312 -0.243413

-1.95312 -0.24344
-1.9375 -0.24449

-1.9375 -0.244504
-1.92188 -0.245357

-1.92188 -0.245357
-1.90625 -0.245984

-1.90625 -0.245974
-1.89062 -0.246393

-1.89062 -0.246381
-1.875 -0.246636

2.3125 0.387291
2.3177 0.390625

2.31796 0.390625
2.32812 0.397498

2.32812 0.397238
2.33825 0.40625

2.33831 0.40625
2.34375 0.412613

2.34375 0.412881
2.35059 0.421875

2.35108 0.421875
2.35852 0.4375

2.35777 0.4375
2.35938 0.444329

2.35938 0.445281
2.36122 0.453125

2.36172 0.453125
2.36254 0.46875

2.35938 0.4854
2.3542 0.5

-1.875 -0.246627
-1.85938 -0.246761

-1.85938 -0.246759
-1.84375 -0.246793

-1.84375 -0.246795
-1.82812 -0.246729

-1.82812 -0.246731
-1.8125 -0.246556

-1.8125 -0.246557
-1.79688 -0.246266

-1.79688 -0.246266
-1.78125 -0.245858

-1.78125 -0.245854
-1.76562 -0.245339

-1.76562 -0.245332
-1.75 -0.244735

2.36241 0.46875
2.35982 0.484375

2.35938 0.485317
2.35971 0.484375

-1.75 -0.244729
-1.73438 -0.244074

-1.73438 -0.244064
-1.71875 -0.243384

-1.71875 -0.243359
-1.70312 -0.242721

-1.70312 -0.242676
-1.6875 -0.242217

-1.6875 -0.242168
-1.67188 -0.242078

-1.67188 -0.242066
-1.65625 -0.242466

-1.65625 -0.242519
-1.64062 -0.243324

-1.64062 -0.243412
-1.625 -0.24434

-1.625 -0.244402
-1.60938 -0.245152

-1.60938 -0.245163
-1.59375 -0.245589

-1.59375 -0.245563
-1.57812 -0.245699

-1.57812 -0.245663
-1.5625 -0.245633

-1.5625 -0.245607
-1.54688 -0.245535

-1.54688 -0.245524
-1.53125 -0.245485

-1.53125 -0.245486
-1.51562 -0.245498

-1.51562 -0.245505
-1.5 -0.245554

2.98438 -0.0800833
3 -0.0826563

2.9867 -0.078125
3 -0.0738879

2.99236 -0.0625
3 -0.0596501

3 -0.0173976
2.98767 -0.015625

2.98438 -0.00171665
3 -0.00171665

2.59375 0.499971
2.60938 0.490624

2.625 0.48285
2.62233 0.484375

2.60938 0.491914
2.62256 0.484375

2.65625 0.465432
2.65069 0.46875

2.625 0.482206
2.64701 0.46875

2.65625 0.464156
2.67188 0.453433

2.67188 0.452136
2.6875 0.442883

2.70312 0.436059
2.70001 0.4375

2.71875 0.428353
2.7036 0.4375

-1.5 -0.245561
-1.48438 -0.245617

-1.48438 -0.245623
-1.46875 -0.245661

-1.46875 -0.245665
-1.45312 -0.245668

-1.45312 -0.24567
-1.4375 -0.245629

-1.4375 -0.24563
-1.42188 -0.245538

-1.42188 -0.245539
-1.40625 -0.24539

-1.40625 -0.24539
-1.39062 -0.245181

-1.39062 -0.245181
-1.375 -0.244909

2.71875 0.426158
2.75 0.407226

2.6875 0.444812
2.70003 0.4375

-1.375 -0.244908
-1.35938 -0.244575

-1.35938 -0.244573
-1.34375 -0.244187

-1.34375 -0.244183
-1.32812 -0.243756

2.9842 0.015625
2.98438 0.0163705

2.98438 0.00901636
3 0.0090207

2.98438 0.0249837
3 0.0249729

-1.32812 -0.243752
-1.3125 -0.243298

-1.3125 -0.243294
-1.29688 -0.242829

-1.29688 -0.242826
-1.28125 -0.242363

-1.28125 -0.242361
-1.26562 -0.241911

2.98438 0.0317042
3 0.0317004

2.98438 0.0617824
3 0.0617824

2.96797 0.109375
2.96766 0.125

-1.26562 -0.24191
-1.25 -0.241478

2.98438 0.0768964
3 0.0768964

2.98438 0.0821897
3 0.0821897

2.96875 0.122778
3 0.119701

2.9375 0.207575
2.92683 0.21875

2.92308 0.21875
2.90696 0.25

-1.25 -0.241478
-1.23438 -0.241066

-1.23438 -0.241066
-1.21875 -0.240674

2.95312 0.155241
2.95274 0.15625

2.96875 0.139611
2.96702 0.140625

2.95312 0.155077
2.96611 0.140625

2.95312 0.17064
2.95261 0.171875

2.94817 0.171875
2.94386 0.1875

2.95312 0.167139
2.96379 0.15625

2.96875 0.145611
3 0.135246

3 0.173922
2.96949 0.1875

2.9375 0.2113
2.95341 0.1875

2.95507 0.21875
2.95078 0.25

2.96875 0.201257
2.98724 0.1875

2.79688 0.369501
2.79251 0.375

2.8125 0.353525
2.80395 0.359375

2.79688 0.367087
2.80562 0.359375

2.875 0.291694
2.87007 0.296875

2.87253 0.296875
2.86012 0.3125

2.82812 0.342046
2.82667 0.34375

2.84375 0.324852
2.83878 0.328125

2.82812 0.340668
2.842 0.328125

2.8125 0.359629
2.83101 0.34375

2.84375 0.332619
2.86344 0.3125

2.78125 0.387278
2.75593 0.40625

2.75 0.409357
2.75499 0.40625

2.78125 0.387474
2.79515 0.375

2.89062 0.277443
2.88807 0.28125

2.90625 0.254667
2.89296 0.265625

2.89062 0.271528
2.89814 0.265625

2.875 0.295198
2.88942 0.28125

2.90625 0.268944
2.9375 0.255982

2.90625 0.281834
2.91057 0.28125

2.9375 0.286924
2.96945 0.25

3.0625 -0.312591
3.04398 -0.3125

3.0476 -0.3125
3.0625 -0.312235

3.0625 -0.312109
3.06257 -0.3125

3 -0.0738336
3.00196 -0.0625

3.00001 -0.0625
3.00057 -0.03125

3.03125 -0.00319188
3.02375 0

3.0625 -0.00523573
3.04679 0

3.125 -0.00616144
3.09532 0

3.25 -0.00476376
3.21221 0

3.5 -0.00356026
3.41996 0

3.03125 0.0129129
3.02183 0.03125

3.02893 0.03125
3.03041 0.0625

3.03125 0.019914
3.05575 0

3.03113 0.0625
3.03125 0.0690529

3.03125 0.111418
3.02645 0.125

3.03205 0.0625
3.03419 0.09375

3.03723 0.09375
3.03278 0.125

3.0625 0.0144292
3.09273 0

3 0.17314
3.03585 0.125

3 0.188478
3.00076 0.1875

3.125 0.0106639
3.19439 0

3.25 0.00493191
3.36008 0

4 -0.00575541
3.57107 0

3.5 0.000377961
3.52817 0

-1.21875 -0.240675
-1.20312 -0.240299

-1.20312 -0.240301
-1.1875 -0.239935

-1.1875 -0.239939
-1.17188 -0.239569

-1.17188 -0.239573
-1.15625 -0.239183

-1.15625 -0.239192
-1.14062 -0.238756

-1.14062 -0.238763
-1.125 -0.238253

2.01562 0.687286
2.01465 0.6875

2.01562 0.687426
2.03125 0.685897

2.03125 0.685302
2.04688 0.68142

2.04688 0.682342
2.0625 0.677434

2 0.690179
2.01562 0.688258

2.01562 0.718241
2.0146 0.71875

2.01562 0.718191
2.03125 0.70722

2 0.728073
2.01562 0.7201

2.01562 0.72062
2.01843 0.71875

2.04688 0.691207
2.03515 0.703125

-1.125 -0.238266
-1.10938 -0.237642

-1.10938 -0.237651
-1.09375 -0.23687

-1.09375 -0.236875
-1.07812 -0.235906

-1.07812 -0.2359
-1.0625 -0.234744

-1.0625 -0.234714
-1.05882 -0.234375

-1.05754 -0.234375
-1.04688 -0.233393

-1.04688 -0.23339
-1.03125 -0.231497

-1.03125 -0.231449
-1.01562 -0.229135

-1.01562 -0.229097
-1 -0.226532

2.03125 0.707663
2.04415 0.703125

2.04688 0.701486
2.05299 0.703125

2.04688 0.704052
2.0625 0.703183

2.07812 0.67154
2.07725 0.671875

2.0625 0.677459
2.07812 0.673177

2.07812 0.671362
2.09375 0.66448

2.07812 0.672078
2.07838 0.671875

2.125 0.653395
2.11705 0.65625

2.09375 0.664285
2.10938 0.658782

2.09375 0.687319
2.09585 0.6875

2.10938 0.658582
2.11868 0.65625

2.10938 0.687024
2.125 0.685089

2.0625 0.700979
2.07812 0.697857

2.07812 0.696311
2.09375 0.692368

2.09375 0.692323
2.10938 0.688182

2.20312 0.622559
2.19741 0.625

2.20312 0.621992
2.21875 0.614416

2.23438 0.606683
2.2293 0.609375

2.21875 0.614382
2.22819 0.609375

2.23438 0.606017
2.25 0.597232

2.125 0.65319
2.14062 0.647445

2.14062 0.64742
2.15625 0.642038

2.125 0.68486
2.14062 0.681012

2.14062 0.680939
2.15625 0.675263

2.17188 0.635445
2.15959 0.640625

2.15625 0.641818
2.16039 0.640625

2.17188 0.634843
2.1875 0.628271

2.17188 0.66943
2.16155 0.671875

2.15625 0.674281
2.16297 0.671875

2.17188 0.669049
2.1875 0.664789

2.1875 0.628742
2.19626 0.625

2.1875 0.664899
2.20312 0.660914

2.20312 0.661351
2.21875 0.65655

2.23438 0.650314
2.21886 0.65625

2.23438 0.65087
2.25 0.643114

2.21875 0.656309
2.2189 0.65625

2.3125 0.555417
2.30409 0.5625

2.26562 0.588351
2.2569 0.59375

2.26562 0.587257
2.27989 0.578125

2.25 0.597259
2.25567 0.59375

2.28125 0.578111
2.29688 0.567629

2.29688 0.56674
2.30229 0.5625

2.29688 0.622701
2.29094 0.625

2.29688 0.623479
2.3125 0.618357

2.34375 0.519331
2.33508 0.53125

2.32812 0.538972
2.32087 0.546875

2.3125 0.553719
2.31946 0.546875

2.32812 0.537289
2.33338 0.53125

2.35414 0.5
2.34593 0.515625

2.34375 0.517806
2.34521 0.515625

2.3125 0.619279
2.32812 0.612918

2.34375 0.603984
2.33146 0.609375

2.32812 0.612968
2.33632 0.609375

2.34375 0.604901
2.35938 0.599891

2.35938 0.600392
2.375 0.595959

2.26562 0.634278
2.25142 0.640625

2.25 0.641472
2.2519 0.640625

2.26562 0.635888
2.28125 0.630163

2.28125 0.629639
2.29322 0.625

2.39062 0.589661
2.37982 0.59375

2.39062 0.589831
2.40625 0.582864

2.375 0.597496
2.38495 0.59375

2.42188 0.575038
2.41411 0.578125

2.40625 0.583397
2.41952 0.578125

2.42188 0.576187
2.4375 0.571671

2.46875 0.55609
2.45703 0.5625

2.46875 0.556534
2.48438 0.5504

2.5 0.54583
2.49724 0.546875

2.48438 0.5528
2.5 0.54689

2.4375 0.573708
2.46535 0.5625

2.53125 0.528066
2.52535 0.53125

2.5 0.545199
2.53067 0.53125

2.53125 0.527889
2.54688 0.521703

2.54688 0.524252
2.5625 0.518891

2.5625 0.518051
2.59375 0.50214

