-4 -0.00486276
-3.61959 0

-3.52316 0
-3.5 0.000296027

-3.5 -0.00310087
-3.42641 0

-3.25 -0.00453507
-3.21542 0

-3.125 -0.00639565
-3.09993 0

-3 -0.0946552
-3.00038 -0.09375

-3 -0.079259
-3.00035 -0.0625

-3.00006 -0.0625
-3 -0.0610301

-3.39109 0
-3.25 0.00598689

-3.20816 0
-3.125 0.0115571

-3.09987 0
-3.0625 0.0182093

-3.0625 0.00133554
-3.03125 0.0270413

-3.03866 0.03125
-3.03125 0.0490068

-3 0.030205
-3.00173 0.03125

1.5 0.0896998
1.51562 0.0915724

1.51562 0.0915656
1.53125 0.093333

1.53125 0.0933289
1.53512 0.09375

1.53522 0.09375
1.54688 0.0950188

1.54688 0.0950451
1.5625 0.096658

-3.03125 0.0554192
-3.02716 0.0625

-3.03361 0.0625
-3.03125 0.0927917

-3.03989 0.09375
-3.03125 0.118199

-3.03125 0.0747299
-3.02316 0.09375

-3.03125 0.112138
-3 0.124626

-3.02811 0.125
-3 0.142429

1.5625 0.0966535
1.57812 0.0981399

1.57812 0.098136
1.59375 0.0995126

1.59375 0.09951
1.60938 0.10079

1.60938 0.100789
1.625 0.10198

1.625 0.10198
1.64062 0.103085

1.64062 0.103085
1.65625 0.104106

0 -0.0358021
0.015625 -0.0363042

0.015625 -0.0361947
0.03125 -0.036582

1.65625 0.104104
1.67188 0.105044

-2.96875 -0.126546
-2.96985 -0.125

0.03125 -0.0368198
0.046875 -0.0368356

-1 -0.147727
-0.984375 -0.145997

1.67188 0.105042
1.6875 0.105908

-0.984375 -0.145954
-0.96875 -0.144053

-0.96875 -0.144008
-0.953125 -0.142114

1.6875 0.105905
1.70312 0.10671

1.70312 0.106708
1.71875 0.107464

0.046875 -0.0371778
0.0625 -0.035662

1.71875 0.107462
1.73438 0.108177

1.73438 0.108177
1.75 0.108856

-2.9375 -0.172034
-2.93782 -0.171875

-0.953125 -0.142078
-0.939979 -0.140625

0.0625 -0.0357994
0.078125 -0.0317935

-2.9375 -0.163871
-2.95081 -0.15625

-0.93999 -0.140625
-0.9375 -0.14035

0.078125 -0.0316956
0.0793638 -0.03125

1.75 0.108853
1.7625 0.109375

-2.95312 -0.15224
-2.96412 -0.140625

-0.9375 -0.140363
-0.921875 -0.138849

0.0779581 -0.03125
0.078125 -0.0312072

1.7626 0.109375
1.76562 0.109501

0.078125 -0.0312007
0.09375 -0.0255799

-2.96875 -0.136436
-2.96547 -0.140625

0.09375 -0.0253523
0.109375 -0.0197569

1.76562 0.109505
1.78125 0.110137

-0.921875 -0.138886
-0.90625 -0.137484

-2.95312 -0.149463
-2.94194 -0.15625

-0.90625 -0.137503
-0.890625 -0.136098

-2.9375 -0.160464
-2.92188 -0.164742

0.109375 -0.0198156
0.122071 -0.015625

1.78125 0.110137
1.79688 0.110752

0.121767 -0.015625
0.125 -0.0145578

1.79688 0.11075
1.8125 0.111352

0.125 -0.0145346
0.140625 -0.00994546

-0.890625 -0.136092
-0.875 -0.134657

1.8125 0.111351
1.82812 0.111947

-0.875 -0.134643
-0.859375 -0.133216

1.82812 0.111947
1.84375 0.11254

1.84375 0.11254
1.85938 0.113133

-2.92188 -0.16433
-2.90625 -0.166922

1.85938 0.113134
1.875 0.113725

-2.90625 -0.166981
-2.89062 -0.168593

-0.859375 -0.133215
-0.84375 -0.131826

0.140625 -0.00985815
0.15625 -0.00621943

-0.84375 -0.13184
-0.828125 -0.130463

-0.828125 -0.13048
-0.8125 -0.129053

1.875 0.113726
1.89062 0.114314

-0.8125 -0.129066
-0.796875 -0.127526

1.89062 0.114314
1.90625 0.114896

0.15625 -0.00609401
0.171875 -0.00383118

-0.796875 -0.12754
-0.78125 -0.125834

1.90625 0.114895
1.92188 0.115472

1.92188 0.115471
1.9375 0.116044

0.171875 -0.00371343
0.1875 -0.00331285

1.9375 0.116044
1.95312 0.116615

1.95312 0.116616
1.96875 0.117185

-0.78125 -0.125844
-0.774413 -0.125

1.96875 0.117187
1.98438 0.117747

-2.89062 -0.16836
-2.875 -0.16934

0.1875 -0.00329337
0.203125 -0.0050295

-2.97581 -0.125
-2.98958 -0.09375

1.98438 0.11775
2 0.118294

-0.774339 -0.125
-0.765625 -0.123924

0.203125 -0.00521875
0.21875 -0.00875207

-2.9911 -0.09375
-2.99155 -0.078125

0.21875 -0.00914652
0.234375 -0.0133096

0.25 -0.0169948
0.242854 -0.015625

0.234375 -0.0136876
0.244481 -0.015625

-0.765625 -0.123935
-0.75 -0.121719

-2.98924 -0.078125
-2.9854 -0.0625

0.25 -0.0168237
0.265625 -0.0176137

0.265625 -0.0175317
0.28125 -0.0162514

0.28125 -0.0161042
0.283783 -0.015625

-2.98438 -0.0710981
-2.98226 -0.0625

-0.75 -0.121731
-0.734375 -0.119171

0.283985 -0.015625
0.296875 -0.0131867

-2.98425 -0.0625
-2.98305 -0.046875

0.296875 -0.0130527
0.3125 -0.00890808

0.3125 -0.00881296
0.328125 -0.0039246

0.328125 -0.00391736
0.339426 0

-0.734375 -0.119193
-0.71875 -0.116218

-0.71875 -0.116237
-0.703125 -0.112765

-2.98438 -0.0420609
-2.98417 -0.046875

-2.98438 -0.028319
-2.98581 -0.015625

-0.703125 -0.112744
-0.68975 -0.109375

0.339369 0
0.34375 0.00151864

-2.98641 -0.015625
-2.98932 0

-2.98438 -0.0310031
-2.98435 -0.03125

-0.690111 -0.109375
-0.6875 -0.108717

0.34375 0.00157295
0.359375 0.0073553

-0.6875 -0.108508
-0.671875 -0.104754

-2.875 -0.169443
-2.85938 -0.17005

-2.85938 -0.169864
-2.84375 -0.170264

-2.82812 -0.17194
-2.82908 -0.171875

-0.671875 -0.104506
-0.65625 -0.102

-0.65625 -0.10198
-0.640625 -0.101258

-0.640625 -0.101419
-0.625 -0.1022

0.359375 0.00741227
0.375 0.0133097

-0.625 -0.102387
-0.609375 -0.103978

1.84375 0.843563
1.84394 0.84375

0.375 0.0132517
0.381094 0.015625

0.381243 0.015625
0.390625 0.0192786

-2.84375 -0.170016
-2.82812 -0.171073

0.390625 0.0193981
0.40625 0.0256635

0.40625 0.0256894
0.420349 0.03125

0.419909 0.03125
0.421875 0.0320252

0.421875 0.0320433
0.4375 0.037668

0.4375 0.037672
0.453125 0.0424067

0.453125 0.0423745
0.46875 0.0462754

0.46875 0.0461884
0.471955 0.046875

0.472077 0.046875
0.484375 0.0495091

0.484375 0.0492238
0.5 0.0528127

-0.609375 -0.104098
-0.59375 -0.105889

-0.59375 -0.1059
-0.578125 -0.107629

-2.8125 -0.173065
-2.82443 -0.171875

2 0.118297
2.01562 0.118813

-0.578125 -0.107676
-0.5625 -0.109228

-2.82812 -0.171187
-2.82122 -0.171875

2.01562 0.118817
2.03125 0.119289

2.03125 0.119295
2.04688 0.119704

2.04688 0.119711
2.0625 0.120029

2.0625 0.120037
2.07812 0.120233

2.07812 0.120241
2.09375 0.120281

2.09375 0.120288
2.10938 0.120141

2.10938 0.120148
2.125 0.119785

-2.8125 -0.173067
-2.79688 -0.174258

-2.79688 -0.174166
-2.78125 -0.174951

-2.78125 -0.174945
-2.76562 -0.175522

-0.546875 -0.110416
-0.561769 -0.109375

-0.5625 -0.109316
-0.561661 -0.109375

-0.546875 -0.110406
-0.53125 -0.110866

0.5 0.0523945
0.515625 0.0576435

0.515625 0.0573889
0.523685 0.0625

0.52793 0.0625
0.53125 0.065648

2.125 0.119792
2.14062 0.119184

0.53125 0.0657413
0.539548 0.078125

0.532297 0.078125
0.543469 0.09375

-2.76562 -0.175447
-2.75 -0.175979

0.5428 0.09375
0.546875 0.0969855

0.546875 0.0961183
0.5625 0.102443

2.14062 0.119191
2.15625 0.11831

2.15625 0.118316
2.17188 0.117134

-2.75 -0.175992
-2.73438 -0.176605

-2.73438 -0.176602
-2.71875 -0.177276

0.5625 0.0994087
0.578125 0.100967

-0.53125 -0.110927
-0.515625 -0.110654

0.578125 0.100773
0.59375 0.104022

2.17188 0.117139
2.1875 0.115633

-2.71875 -0.177324
-2.70312 -0.177971

0.59375 0.104756
0.609375 0.108618

-2.70312 -0.177949
-2.6875 -0.178516

0.609375 0.108744
0.613132 0.109375

2.1875 0.115631
2.20312 0.113794

-2.6875 -0.178561
-2.67188 -0.179004

0.612623 0.109375
0.625 0.111455

-2.67188 -0.179023
-2.65625 -0.179212

-2.65625 -0.179089
-2.64062 -0.17923

2.20312 0.113786
2.21875 0.11164

2.23438 0.10916
2.23303 0.109375

2.21875 0.111672
2.2331 0.109375

-2.64062 -0.178979
-2.625 -0.179822

-0.515625 -0.110678
-0.5 -0.109503

0.625 0.11122
0.640625 0.112658

0.640625 0.1125
0.65625 0.113499

0.65625 0.113457
0.671875 0.114418

0.671875 0.114397
0.6875 0.115447

0.6875 0.115414
0.703125 0.11666

2.23438 0.109139
2.25 0.106281

0.703125 0.11666
0.71875 0.118167

0.71875 0.118193
0.734375 0.11991

0.734375 0.119959
0.75 0.121736

-2.625 -0.179887
-2.60938 -0.181807

2.25 0.106216
2.26562 0.103191

2.26562 0.10315
2.28125 0.100167

-2.60938 -0.182136
-2.59375 -0.184345

0.75 0.121792
0.765625 0.123419

2.28125 0.100137
2.29688 0.0973382

-2.59375 -0.184461
-2.57812 -0.186071

2.29688 0.0973242
2.3125 0.0947988

-2.57812 -0.18588
-2.5625 -0.187038

2.32812 0.0925683
2.31978 0.09375

2.32812 0.0925379
2.34375 0.0907377

2.3125 0.0948066
2.31996 0.09375

-2.54688 -0.188193
-2.55591 -0.1875

-2.54688 -0.188214
-2.53125 -0.189498

-2.53125 -0.189598
-2.51562 -0.190703

-0.499484 -0.109375
-0.484375 -0.107444

-0.484375 -0.107455
-0.46875 -0.10474

-0.46875 -0.104837
-0.453125 -0.101185

0.765625 0.123456
0.78125 0.124748

0.78125 0.124742
0.785668 0.125

0.785871 0.125
0.796875 0.125644

0.796875 0.125601
0.8125 0.126257

-0.453125 -0.10066
-0.4375 -0.0969269

-0.4375 -0.0962003
-0.421875 -0.0948904

-2.51562 -0.190742
-2.5 -0.191389

-2.5625 -0.186969
-2.55558 -0.1875

2.34375 0.0907314
2.35938 0.0894412

-2.98981 0
-2.99175 0.015625

2.35938 0.0894423
2.375 0.0886722

0.8125 0.126209
0.828125 0.126795

2.375 0.0886737
2.39062 0.0884185

0.828125 0.126793
0.84375 0.127408

2.39062 0.0884217
2.40625 0.0886718

2.40625 0.0886768
2.42188 0.0894157

2.42188 0.0894229
2.4375 0.0906262

0.84375 0.127489
0.859375 0.127978

0.859375 0.128116
0.875 0.128042

0.90625 0.124541
0.903237 0.125

0.90625 0.124541
0.921875 0.121103

2.4375 0.0906357
2.45312 0.0922703

2.45312 0.0922622
2.46434 0.09375

-2.99182 0.015625
-2.99157 0.03125

-2.99115 0.03125
-2.98939 0.046875

-0.421875 -0.0955681
-0.40625 -0.0967787

-0.40625 -0.0976163
-0.390625 -0.0983169

0.921875 0.121333
0.9375 0.116542

0.9375 0.116942
0.953125 0.109536

2.46447 0.09375
2.46875 0.0943175

0.96875 0.0981235
0.954149 0.109375

-0.390625 -0.0989287
-0.375 -0.0962206

0.953125 0.109727
0.953693 0.109375

2.46875 0.0943509
2.48438 0.0968476

-0.375 -0.0966614
-0.368144 -0.09375

0.984375 0.0763247
0.982957 0.078125

-2.98913 0.046875
-2.98733 0.0625

0.984375 0.080273
0.972574 0.09375

2.48438 0.0968746
2.5 0.0996999

-2.98689 0.0625
-2.98646 0.078125

-2.98666 0.078125
-2.9881 0.09375

-3 0.122833
-2.9857 0.09375

-0.371006 -0.09375
-0.359375 -0.0888108

-0.359375 -0.0874817
-0.34375 -0.0811268

-0.34375 -0.0812591
-0.328125 -0.078422

-0.328125 -0.0791927
-0.313319 -0.078125

-0.313128 -0.078125
-0.3125 -0.0780797

-3 0.133442
-2.99215 0.15625

-0.3125 -0.0783124
-0.310469 -0.078125

-0.310526 -0.078125
-0.296875 -0.0768654

0.984375 0.0766122
1 0.0625082

-0.296875 -0.0767916
-0.28125 -0.0747012

-0.28125 -0.0746435
-0.265625 -0.0721689

3 -0.0843286
2.98718 -0.078125

-0.265625 -0.07215
-0.25 -0.0694444

2.99503 -0.078125
3 -0.0709049

0.984375 0.0793064
0.985316 0.078125

2.99635 -0.0625
3 -0.0593682

-2.96875 0.174858
-2.99929 0.1875

0.96875 0.0976688
0.972711 0.09375

2.98438 -0.0162251
3 -0.0162251

0.875 0.128152
0.890625 0.127019

2.98438 -0.00129389
3 -0.00129389

0.890625 0.12702
0.903879 0.125

-0.25 -0.0694615
-0.234375 -0.0665283

-2.96875 0.140412
-2.95312 0.140412

-0.234375 -0.0665893
-0.21875 -0.0632722

-0.21875 -0.0632783
-0.215661 -0.0625

-2.96875 0.15262
-2.96509 0.15625

-2.96875 0.165849
-2.96727 0.171875

2.5 0.0997165
2.51562 0.102783

2.51562 0.102797
2.53125 0.106045

-0.215408 -0.0625
-0.203125 -0.0594058

-0.203125 -0.0592249
-0.1875 -0.0548918

-0.1875 -0.0545964
-0.171875 -0.0507927

-0.171875 -0.0505054
-0.15625 -0.0483966

-2.96875 0.182449
-2.9632 0.171875

-2.98742 0.1875
-2.96875 0.189108

2.53125 0.106014
2.54641 0.109375

2.54673 0.109375
2.54688 0.109408

2.54688 0.109491
2.5625 0.113202

-2.96875 0.188495
-2.96797 0.1875

-2.9375 0.234993
-2.95017 0.25

-0.15625 -0.0483672
-0.140625 -0.0485868

-0.140625 -0.0490123
-0.125 -0.050768

2.5625 0.113248
2.57812 0.117087

2.57812 0.117072
2.59375 0.120974

2.59375 0.120904
2.60923 0.125

-2.9375 0.23666
-2.9216 0.25

-0.125 -0.0513792
-0.109375 -0.0525976

-0.109375 -0.0529706
-0.09375 -0.0516832

-2.94986 0.25
-2.9375 0.2632

2.60942 0.125
2.625 0.129601

-0.09375 -0.0518171
-0.078125 -0.0471403

-0.0807314 -0.046875
-0.078125 -0.0460949

2.625 0.129582
2.64062 0.134822

2.64062 0.134664
2.65557 0.140625

-0.078125 -0.0474106
-0.076728 -0.046875

1.01562 0.0570891
1.00205 0.0625

-2.9375 0.264296
-2.9205 0.25

1.01562 0.0579157
1.03125 0.0562951

1.03125 0.0567333
1.04688 0.0575267

2.65606 0.140625
2.65625 0.140702

-0.078125 -0.0459447
-0.0625 -0.039954

2.65625 0.14089
2.67188 0.148434

1.04688 0.0577718
1.0625 0.0596127

-0.0625 -0.0396409
-0.046875 -0.0352237

-0.046875 -0.0349785
-0.03125 -0.0332993

-0.03125 -0.0337624
-0.015625 -0.0343851

-0.015625 -0.0348892
0 -0.035879

1 0.0641645
1.00416 0.0625

1.0625 0.0597696
1.07812 0.0618541

1.07812 0.061895
1.08302 0.0625

1.08302 0.0625
1.09375 0.0638272

1.09375 0.0639047
1.10938 0.0654469

1.10938 0.0654678
1.125 0.0664232

2.67188 0.148634
2.68594 0.15625

2.686 0.15625
2.6875 0.157063

2.6875 0.157645
2.70312 0.165534

2.70312 0.165363
2.71865 0.171875

-2.5 -0.19128
-2.48438 -0.191607

2.71856 0.171875
2.71875 0.171954

1.125 0.0663957
1.14062 0.0667774

1.14062 0.0667435
1.15625 0.066674

2.71875 0.171756
2.71907 0.171875

2.71907 0.171875
2.73438 0.177641

2.73438 0.17755
2.75 0.183278

-2.48438 -0.191439
-2.46875 -0.191997

1.15625 0.0666371
1.17188 0.066258

1.17188 0.0662249
1.1875 0.065676

1.1875 0.0656495
1.20312 0.06505

-2.46875 -0.192112
-2.45312 -0.193005

1.20312 0.0650294
1.21875 0.0644734

2.75 0.183054
2.76121 0.1875

1.21875 0.0644565
1.23438 0.0640191

1.23438 0.0640043
1.25 0.0637489

2.7612 0.1875
2.76562 0.189256

2.76562 0.18871
2.78125 0.196901

-2.45312 -0.193349
-2.4375 -0.193659

-2.4375 -0.193751
-2.42188 -0.192608

2.78125 0.196155
2.79045 0.203125

2.78988 0.203125
2.79688 0.209665

2.79688 0.209352
2.80442 0.21875

2.8042 0.21875
2.8125 0.234163

1.25 0.0637361
1.26562 0.0637176

2.81208 0.234375
2.8125 0.235751

-2.42188 -0.192354
-2.40625 -0.19008

2.8125 0.234197
2.81259 0.234375

2.8125 0.235593
2.8169 0.25

1.26562 0.0637077
1.28125 0.0639713

2.98438 0.0113252
3 0.0113252

1.28125 0.0639656
1.29688 0.0645423

1.29688 0.0645418
1.3125 0.0654441

1.3125 0.0654489
1.32812 0.0666682

1.32812 0.0666776
1.34375 0.0681856

1.34375 0.0681981
1.35938 0.0699508

1.35938 0.0699625
1.375 0.0719115

-2.40625 -0.189772
-2.39069 -0.1875

1.375 0.0719257
1.39062 0.0740194

1.39062 0.0740307
1.40625 0.0762178

2.98438 0.0232169
3 0.0232169

-2.39062 -0.187443
-2.375 -0.185869

1.40625 0.0762
1.41929 0.078125

1.41956 0.078125
1.42188 0.0784671

-2.3125 -0.18779
-2.31807 -0.1875

1.42188 0.0785347
1.4375 0.0809369

2.98438 0.0315942
3 0.0315942

2.98438 0.0617814
3 0.0620521

2.98438 0.076895
2.98379 0.078125

2.98431 0.078125
2.98438 0.0786354

2.98438 0.0770671
3 0.077197

1.4375 0.0809705
1.45312 0.0833317

1.45312 0.0833351
1.46875 0.0855814

1.46875 0.0855824
1.48438 0.0877053

1.48438 0.0877059
1.5 0.089702

-2.375 -0.185787
-2.35938 -0.185181

-2.35938 -0.185218
-2.34375 -0.185673

2.98438 0.081625
3 0.0814298

2.96875 0.123922
3 0.119882

-2.34375 -0.185911
-2.32812 -0.186877

2.9375 0.209977
2.92654 0.21875

2.92831 0.21875
2.909 0.25

2.96875 0.143526
2.95347 0.15625

2.95312 0.159646
2.94819 0.171875

2.95045 0.171875
2.94897 0.1875

2.95312 0.165078
2.96875 0.157861

2.95312 0.17339
2.95709 0.171875

2.96875 0.14846
3 0.137883

2.96875 0.187466
3 0.17193

2.95873 0.1875
2.93762 0.21875

2.95665 0.21875
2.94981 0.25

2.96875 0.202841
2.98531 0.1875

-2.32812 -0.186967
-2.31788 -0.1875

2.8125 0.32451
2.81163 0.328125

2.80845 0.328125
2.81024 0.34375

2.7967 0.34375
2.79688 0.345228

2.79445 0.359375
2.79688 0.362204

2.79771 0.34375
2.8125 0.358429

2.80033 0.359375
2.8125 0.360895

2.81671 0.25
2.81921 0.265625

2.81911 0.265625
2.81992 0.28125

-2.3125 -0.18774
-2.29688 -0.188302

-2.29688 -0.188292
-2.28125 -0.18871

-2.28125 -0.188741
-2.26562 -0.188974

-2.26562 -0.18898
-2.25 -0.188958

2.82003 0.28125
2.81912 0.296875

2.81881 0.296875
2.81657 0.3125

2.875 0.295909
2.87421 0.296875

2.87341 0.296875
2.85949 0.3125

2.81438 0.3125
2.81598 0.328125

2.8125 0.340345
2.82003 0.34375

2.84375 0.327555
2.84279 0.328125

2.82812 0.33899
2.84219 0.328125

2.8125 0.34702
2.84375 0.343927

2.84375 0.327712
2.86042 0.3125

-2.25 -0.188928
-2.23438 -0.188701

-2.23438 -0.188656
-2.21875 -0.188372

-2.21875 -0.188344
-2.20312 -0.188148

-2.20312 -0.188147
-2.1875 -0.188097

2.89062 0.274559
2.88532 0.28125

2.90625 0.258992
2.89624 0.265625

-2.1875 -0.188126
-2.17188 -0.188164

-2.17188 -0.188193
-2.15625 -0.188203

-2.15625 -0.188204
-2.14062 -0.188127

-2.14062 -0.188095
-2.125 -0.187993

-2.125 -0.187953
-2.10938 -0.187973

-2.10938 -0.187959
-2.09375 -0.188212

-2.09375 -0.188247
-2.07812 -0.188691

-2.07812 -0.188744
-2.0625 -0.189205

2.89062 0.272131
2.90123 0.265625

2.875 0.292703
2.88789 0.28125

-2.0625 -0.189233
-2.04688 -0.189552

-2.04688 -0.189549
-2.03125 -0.189677

-2.03125 -0.189664
-2.01562 -0.189636

2.90625 0.26899
2.9375 0.256531

2.90625 0.282324
2.91404 0.28125

-2.01562 -0.189623
-2 -0.189491

2.9375 0.285307
2.96981 0.25

3.0625 -0.313736
3.05931 -0.3125

3.05906 -0.3125
3.0625 -0.31217

3.0625 -0.313979
3.06275 -0.3125

3.0625 -0.311975
3.0629 -0.3125

3 -0.078496
3.0042 -0.0625

3 -0.056412
3.00428 -0.0625

3.03125 -0.00301077
3.02487 0

3.0625 -0.00375547
3.05067 0

3.125 -0.0051922
3.10163 0

3.25 -0.00402879
3.22044 0

3.5 -0.00326731
3.4336 0

3.03125 0.0141296
3.02317 0.03125

3.03121 0.03125
3.03125 0.0338556

3.03125 0.0231489
3.05934 0

3.03125 0.0549238
3.0361 0.03125

3.03125 0.090798
3.03124 0.09375

3.03125 0.114847
3.028 0.125

3.03438 0.0625
3.03586 0.09375

3.03859 0.09375
3.03403 0.125

3.0625 0.0164459
3.09474 0

3 0.176753
3.03724 0.125

3 0.188474
3.00076 0.1875

3.125 0.0124577
3.19954 0

3.25 0.00587574
3.36892 0

4 -0.00605242
3.59324 0

3.5 0.000427919
3.52876 0

-2 -0.189481
-1.98438 -0.189289

-1.98438 -0.189286
-1.96875 -0.18906

-1.96875 -0.189062
-1.95312 -0.188805

-1.95312 -0.188808
-1.9375 -0.188508

-1.9375 -0.188511
-1.92188 -0.188159

-1.92188 -0.188162
-1.90625 -0.187745

-1.90625 -0.187752
-1.89845 -0.1875

-1.8984 -0.1875
-1.89062 -0.187248

-1.89062 -0.187259
-1.875 -0.186626

-1.875 -0.186631
-1.85938 -0.185838

-1.85938 -0.185836
-1.84375 -0.184879

-1.84375 -0.184876
-1.82812 -0.183767

-1.82812 -0.183768
-1.8125 -0.182509

-1.8125 -0.182511
-1.79688 -0.181095

-1.79688 -0.181092
-1.78125 -0.179521

-1.78125 -0.179498
-1.76562 -0.177826

-1.76562 -0.17779
-1.75 -0.176133

-1.75 -0.176129
-1.73438 -0.174567

-1.73438 -0.174585
-1.71875 -0.173088

-1.71875 -0.173066
-1.70567 -0.171875

-1.70562 -0.171875
-1.70312 -0.171648

-1.70312 -0.171638
-1.6875 -0.170344

-1.6875 -0.170371
-1.67188 -0.169162

-1.67188 -0.169174
-1.65625 -0.16797

-1.65625 -0.167964
-1.64062 -0.166753

-1.64062 -0.166783
-1.625 -0.165517

-1.625 -0.165526
-1.60938 -0.164127

-1.60938 -0.164006
-1.59375 -0.162699

-1.59375 -0.162553
-1.57812 -0.161874

-1.57812 -0.161897
-1.5625 -0.162091

-1.5625 -0.162258
-1.54688 -0.162947

-1.54688 -0.163076
-1.53125 -0.16367

-1.53125 -0.163676
-1.51562 -0.163909

-1.51562 -0.163857
-1.5 -0.163821

-1.5 -0.163795
-1.48438 -0.163647

-1.48438 -0.163668
-1.46875 -0.163417

-1.46875 -0.163452
-1.45312 -0.162984

-1.45312 -0.162993
-1.4375 -0.162219

-1.4375 -0.162197
-1.42188 -0.161143

-1.42188 -0.161122
-1.40625 -0.159872

-1.40625 -0.159868
-1.39062 -0.158473

-1.39062 -0.158455
-1.375 -0.156958

-1.375 -0.156889
-1.36817 -0.15625

-1.36778 -0.15625
-1.35938 -0.155464

-1.35938 -0.155474
-1.34375 -0.154092

-1.34375 -0.154091
-1.32812 -0.152736

-1.32812 -0.152723
-1.3125 -0.151425

-1.3125 -0.1514
-1.29688 -0.150237

-1.29688 -0.150208
-1.28125 -0.149291

-1.28125 -0.149274
-1.26562 -0.148696

-1.26562 -0.148706
-1.25 -0.148478

-1.25 -0.148512
-1.23438 -0.148547

-1.23438 -0.148579
-1.21875 -0.148743

-1.21875 -0.148753
-1.20312 -0.148963

-1.20312 -0.148955
-1.1875 -0.149206

-1.1875 -0.1492
-1.17188 -0.149518

-1.17188 -0.149522
-1.15625 -0.149914

-1.15625 -0.149928
-1.14062 -0.150359

-1.14062 -0.150377
-1.125 -0.150785

-1.125 -0.150802
-1.10938 -0.151115

-1.10938 -0.151124
-1.09375 -0.15129

-1.09375 -0.151292
-1.07812 -0.151287

-1.07812 -0.151288
-1.0625 -0.151109

-1.0625 -0.151118
-1.04688 -0.150746

-1.04688 -0.15077
-1.03125 -0.150138

-1.03125 -0.150164
-1.01562 -0.149169

-1.01562 -0.149165
-1 -0.147763

