-4 -0.000842807
-3.87829 0

-3.7256 0
-3.5 0.0015622

-3.5 -0.000342391
-3.48577 0

-3.25 -0.000314757
-3.24578 0

-3.125 -0.000476398
-3.12247 0

-3.43362 0
-3.25 0.00441929

-3.23595 0
-3.125 0.00836508

-3.12026 0
-3.0625 0.0141429

-3.0625 0.00350631
-3.03125 0.0216458

-3.03125 0.0279135
-3 0.0306999

-3.03125 0.0319605
-3.00268 0.0625

-3.02015 0.0625
-3.00667 0.09375

-3.00224 0.09375
-3 0.111939

-3.00432 0.125
-3 0.136174

1.5 -0.00439008
1.51562 -0.00532587

1.51562 -0.0053173
1.53125 -0.00613216

1.53125 -0.00610706
1.54688 -0.00686834

1.54688 -0.00684478
1.5625 -0.00764979

1.5625 -0.00764661
1.57812 -0.00854883

1.57812 -0.00857241
1.59375 -0.00953108

1.59375 -0.00956723
1.60938 -0.0104629

1.60938 -0.0104871
1.625 -0.011199

1.625 -0.0111951
1.64062 -0.0116828

1.64062 -0.0116516
1.65625 -0.0119852

1.65625 -0.0119424
1.67188 -0.0122695

1.67188 -0.0122382
1.6875 -0.0127069

1.6875 -0.0127074
1.70312 -0.0133791

1.70312 -0.0134149
1.71875 -0.0142173

1.71875 -0.0142709
1.73438 -0.0150253

-2.96875 -0.0669498
-2.97347 -0.0625

1.73438 -0.0150667
1.75 -0.0155832

-2.96875 -0.0673752
-2.95312 -0.0753364

-2.95312 -0.073591
-2.9375 -0.073052

-2.97338 -0.0625
-2.98382 -0.046875

-2.98438 -0.0347203
-2.9822 -0.046875

-2.98438 -0.00687942
-2.98457 0

-2.98438 -0.0167808
-2.98396 -0.03125

-2.9375 -0.0721005
-2.92188 -0.0684549

-2.92188 -0.0678328
-2.90625 -0.0642278

-2.90625 -0.064144
-2.89427 -0.0625

-2.89441 -0.0625
-2.89062 -0.061981

1.76562 -0.0157697
1.75292 -0.015625

1.75 -0.0155949
1.75264 -0.015625

1.76562 -0.0157438
1.78042 -0.015625

1.7799 -0.015625
1.78125 -0.0156141

1.78125 -0.0155668
1.79688 -0.0152942

-2.89062 -0.0621738
-2.875 -0.0613131

0 0.0737287
0.015625 0.0754858

0.015625 0.0755195
0.03125 0.0773715

0.03125 0.0774317
0.0376344 0.078125

1.79688 -0.0152395
1.8125 -0.0150316

1.8125 -0.0150012
1.82812 -0.0150284

1.82812 -0.0150396
1.84375 -0.0153401

1.85938 -0.0158455
1.85182 -0.015625

1.84375 -0.015386
1.85193 -0.015625

1.85938 -0.015901
1.875 -0.0163041

1.875 -0.0163396
1.89062 -0.0165044

1.89062 -0.0165042
1.90625 -0.0163601

1.90625 -0.0163287
1.92188 -0.0159392

1.92188 -0.0158901
1.93064 -0.015625

1.93058 -0.015625
1.9375 -0.0154157

1.9375 -0.015365
1.95312 -0.0150124

1.95312 -0.0149845
1.96875 -0.014911

-1 -0.0336796
-0.984375 -0.0328953

-0.984375 -0.032895
-0.96875 -0.0320661

-0.96875 -0.0320637
-0.954075 -0.03125

-0.954307 -0.03125
-0.953125 -0.0311845

-0.953125 -0.0311963
-0.9375 -0.0302992

-0.9375 -0.0303031
-0.921875 -0.0293675

-0.921875 -0.029368
-0.90625 -0.0283851

-0.90625 -0.0283857
-0.890625 -0.0273534

-0.890625 -0.0273539
-0.875 -0.0262698

-0.875 -0.0262706
-0.859375 -0.0251322

-0.859375 -0.0251331
-0.84375 -0.0239373

-0.84375 -0.0239375
-0.828125 -0.0226824

-0.828125 -0.022683
-0.8125 -0.0213669

-0.8125 -0.0213672
-0.796875 -0.019988

-0.796875 -0.0199875
-0.78125 -0.0185454

-0.78125 -0.0185451
-0.765625 -0.0170418

-0.765625 -0.0170307
-0.75132 -0.015625

-0.751662 -0.015625
-0.75 -0.0154616

-0.75 -0.0154927
-0.734375 -0.0139521

-0.734375 -0.0139636
-0.71875 -0.0123935

-0.71875 -0.0123936
-0.703125 -0.0107705

-0.703125 -0.0107705
-0.6875 -0.00909404

-0.6875 -0.00909428
-0.671875 -0.00736385

-0.671875 -0.00736488
-0.65625 -0.00557796

-0.65625 -0.00557777
-0.640625 -0.00373266

-0.640625 -0.00373245
-0.625 -0.00182994

-0.625 -0.00181141
-0.610223 0

-0.610648 0
-0.609375 0.000156099

-0.609375 0.000107136
-0.59375 0.00199187

-0.59375 0.00197008
-0.578125 0.00386846

-0.578125 0.0038679
-0.5625 0.00582462

-0.5625 0.00582384
-0.546875 0.00784159

-0.546875 0.00784123
-0.53125 0.00992232

-0.53125 0.00992222
-0.515625 0.0120676

-0.515625 0.0120719
-0.5 0.014273

-0.5 0.0142979
-0.490413 0.015625

-0.490739 0.015625
-0.484375 0.0165058

-0.484375 0.0164473
-0.46875 0.0185487

-0.46875 0.0185323
-0.453125 0.0206678

-0.453125 0.0206684
-0.4375 0.0228697

-0.4375 0.0228699
-0.421875 0.0251351

-0.421875 0.0251351
-0.40625 0.0274641

-0.40625 0.027475
-0.390625 0.029846

-0.390625 0.02988
-0.381236 0.03125

-0.381599 0.03125
-0.375 0.0322129

-0.375 0.0321398
-0.359375 0.0343008

-0.359375 0.0342811
-0.34375 0.0364463

-0.34375 0.0364504
-0.328125 0.038651

-0.328125 0.038655
-0.3125 0.0408751

-0.3125 0.0408792
-0.296875 0.0431029

-0.296875 0.0431133
-0.28125 0.0453115

-0.28125 0.0453478
-0.269599 0.046875

-0.270041 0.046875
-0.265625 0.0474538

-0.265625 0.0473821
-0.25 0.0492354

-0.25 0.0492065
-0.234375 0.0509817

-0.234375 0.050984
-0.21875 0.0527342

-0.21875 0.0527354
-0.203125 0.0544537

-0.203125 0.0544538
-0.1875 0.0561377

-0.1875 0.056135
-0.171875 0.0577897

-0.171875 0.0577895
-0.15625 0.0594206

-0.15625 0.059421
-0.140625 0.0610283

-0.140625 0.0610513
-0.125819 0.0625

-0.1264 0.0625
-0.125 0.062637

-0.125 0.0625822
-0.109375 0.0639827

-0.109375 0.0639512
-0.09375 0.0652902

-0.09375 0.065291
-0.078125 0.0666299

-0.078125 0.0666292
-0.0625 0.0679679

-0.0625 0.0679637
-0.046875 0.069312

-0.046875 0.069303
-0.03125 0.0706877

-0.03125 0.0706733
-0.015625 0.0721413

-0.015625 0.0721313
0 0.0737313

1.96875 -0.0149229
1.98438 -0.0151608

0.0371624 0.078125
0.046875 0.0791798

0.046875 0.0791238
0.0625 0.0805544

0.0625 0.0805756
0.078125 0.0817691

0.078125 0.081844
0.09375 0.0826083

0.09375 0.0826815
0.109375 0.0827205

2 -0.0156451
1.99928 -0.015625

1.98438 -0.0152053
1.9994 -0.015625

-2.875 -0.0615367
-2.85938 -0.061156

-2.85938 -0.0612723
-2.84375 -0.0606918

-2.84375 -0.0606261
-2.82812 -0.0597446

-2.82812 -0.0595846
-2.8125 -0.0588536

0.109375 0.0827232
0.125 0.0818854

-2.75 -0.0635553
-2.75969 -0.0625

-2.8125 -0.0587363
-2.79688 -0.0587105

-2.79688 -0.0586981
-2.78125 -0.0596368

-2.78125 -0.0597139
-2.76562 -0.0614875

0.125 0.0817906
0.140625 0.0802601

0.140625 0.08018
0.15625 0.0783066

0.15625 0.078091
0.171875 0.0764501

0.15625 0.0782867
0.15779 0.078125

0.171875 0.0763923
0.1875 0.0755308

-2.76562 -0.0618812
-2.75994 -0.0625

0.1875 0.0755834
0.203125 0.0755278

0.203125 0.0756658
0.21875 0.0760351

0.21875 0.0761841
0.234375 0.076404

-2.75 -0.0638635
-2.73438 -0.0641443

-2.73438 -0.0639942
-2.71875 -0.0625589

-2.71875 -0.062528
-2.71851 -0.0625

-2.71885 -0.0625
-2.71875 -0.0624912

-2.71875 -0.0620344
-2.70312 -0.0602316

-2.70312 -0.0599703
-2.6875 -0.0593715

-2.6875 -0.0595942
-2.67188 -0.0602767

-2.67188 -0.0605988
-2.65625 -0.0614732

-2.65625 -0.0615529
-2.64062 -0.0618156

-2.64062 -0.061746
-2.625 -0.0613764

0.234375 0.0764753
0.25 0.0761052

-2.625 -0.0613123
-2.60938 -0.0605779

-2.60938 -0.0605526
-2.59375 -0.0596321

0.25 0.0760768
0.265625 0.075031

0.265625 0.0749464
0.28125 0.0734506

0.28125 0.073364
0.296875 0.0717605

0.296875 0.0716996
0.3125 0.0702834

-2.59375 -0.059603
-2.57812 -0.0586052

-2.57812 -0.0585635
-2.5625 -0.05763

-2.5625 -0.0575939
-2.54688 -0.0568803

-2.54688 -0.0568757
-2.53125 -0.0564635

-2.53125 -0.0564884
-2.51562 -0.0563368

-2.51562 -0.0563713
-2.5 -0.0563612

0.3125 0.0702541
0.328125 0.0692058

0.328125 0.0692084
0.34375 0.0685812

2 -0.0156947
2.01562 -0.0161344

2.01562 -0.0161689
2.03125 -0.0164374

-2.98465 0
-2.98545 0.015625

-2.98498 0.015625
-2.98456 0.03125

0.34375 0.068615
0.359375 0.0683362

0.359375 0.0684045
0.375 0.0682698

-2.98438 0.0296493
-2.98433 0.03125

-2.98435 0.03125
-2.98407 0.046875

-2.98418 0.046875
-2.98425 0.0625

0.4375 0.0613392
0.431101 0.0625

0.375 0.0683785
0.390625 0.0680339

0.390625 0.0681731
0.40625 0.0671227

-2.98438 0.08272
-2.99231 0.09375

-2.98438 0.065843
-2.98406 0.0625

-2.98438 0.0787627
-2.98428 0.078125

0.40625 0.0672149
0.421875 0.0649961

2.03125 -0.0164419
2.04688 -0.0164609

0.421875 0.0648181
0.434654 0.0625

0.4375 0.0614403
0.453125 0.0594331

0.453125 0.0595948
0.46875 0.058797

0.46875 0.058898
0.484375 0.0587846

0.484375 0.0588733
0.5 0.0590649

2.04688 -0.016441
2.0625 -0.0162412

-3 0.09627
-2.96875 0.111844

-2.96875 0.12406
-2.96827 0.125

2.0625 -0.016207
2.07812 -0.0158969

2.07812 -0.0158587
2.09134 -0.015625

-3 0.140234
-2.9913 0.15625

-2.99277 0.15625
-2.96875 0.172979

-2.96837 0.125
-2.96461 0.140625

-2.96503 0.140625
-2.95829 0.15625

-2.95312 0.154551
-2.95214 0.15625

-2.95312 0.16234
-2.95528 0.171875

-2.96875 0.183741
-2.95312 0.182365

-2.95246 0.15625
-2.94821 0.171875

-2.94606 0.171875
-2.95126 0.1875

-2.97479 0.1875
-2.96875 0.192427

-2.96887 0.21875
-2.96875 0.218849

-2.96875 0.194085
-2.9375 0.188284

-2.96875 0.219099
-2.96291 0.21875

0.5 0.0591681
0.515625 0.0592807

0.515625 0.0593751
0.53125 0.0590134

0.53125 0.0590439
0.546875 0.0579584

0.546875 0.0578809
0.5625 0.0561657

-2.9375 0.25069
-2.93681 0.25

0.5625 0.0560109
0.578125 0.0541304

0.578125 0.0540043
0.59375 0.0525202

2.09145 -0.015625
2.09375 -0.0155843

-2.5 -0.0563842
-2.48438 -0.0564008

-2.48438 -0.0564097
-2.46875 -0.0563892

-2.46875 -0.0563911
-2.45312 -0.0563118

-2.45312 -0.0563142
-2.4375 -0.0561677

2.09375 -0.0155542
2.10938 -0.0154446

2.10938 -0.0154418
2.125 -0.0155612

0.59375 0.0525141
0.609375 0.0516907

2.14062 -0.0158878
2.12683 -0.015625

2.125 -0.0155837
2.12717 -0.015625

2.14062 -0.0159344
2.15625 -0.016259

2.15625 -0.0163013
2.17188 -0.0164732

2.17188 -0.0164935
2.1875 -0.0163874

-2.4375 -0.0561716
-2.42188 -0.0559454

-2.42188 -0.0559484
-2.40625 -0.0556286

-2.40625 -0.0556265
-2.39062 -0.0552113

-2.39062 -0.0552018
-2.375 -0.0547144

-2.375 -0.0546996
-2.35938 -0.0541885

-2.35938 -0.0541752
-2.34375 -0.0536967

-2.34375 -0.0536917
-2.32812 -0.0532826

-2.32812 -0.0532878
-2.3125 -0.0529477

0.609375 0.051798
0.625 0.051433

2.1875 -0.0163848
2.20312 -0.0159653

2.20312 -0.0159504
2.21045 -0.015625

-2.3125 -0.0529577
-2.29688 -0.0526563

-2.29688 -0.0526639
-2.28125 -0.0523657

-2.28125 -0.0523677
-2.26562 -0.0520536

-2.26562 -0.0520519
-2.25 -0.0517214

0.625 0.0515682
0.640625 0.0511769

2.21037 -0.015625
2.21875 -0.0152527

2.21875 -0.0152244
2.23438 -0.0143477

2.23438 -0.0143128
2.25 -0.0133833

-2.25 -0.0517204
-2.23438 -0.0513786

-2.23438 -0.0513803
-2.21875 -0.0510258

-2.21875 -0.0510276
-2.20312 -0.0506533

-2.20312 -0.0506515
-2.1875 -0.0502572

0.640625 0.0512473
0.65625 0.0504186

0.65625 0.0503751
0.671875 0.0490551

0.671875 0.0489376
0.6875 0.0474486

0.703125 0.0461085
0.693445 0.046875

0.6875 0.0473712
0.693766 0.046875

0.703125 0.0461281
0.71875 0.0453091

0.71875 0.0453722
0.734375 0.044826

0.734375 0.0449041
0.75 0.0443483

2.25 -0.0133531
2.26562 -0.0125009

2.26562 -0.0124919
2.28125 -0.0117955

-2.1875 -0.0502511
-2.17188 -0.0498526

-2.17188 -0.0498441
-2.15625 -0.0494706

-2.15625 -0.0494649
-2.14062 -0.0491447

0.75 0.0443972
0.765625 0.0435781

2.28125 -0.0118168
2.29688 -0.0112516

2.29688 -0.011294
2.3125 -0.0107324

-2.14062 -0.0491446
-2.125 -0.0488895

0.765625 0.0435654
0.78125 0.0424109

0.78125 0.0423484
0.796875 0.0410089

0.796875 0.0409443
0.8125 0.039674

0.8125 0.0396493
0.828125 0.0386272

0.828125 0.038649
0.84375 0.0378807

0.84375 0.0379245
0.859375 0.0372789

0.859375 0.0373122
0.875 0.036635

2.3125 -0.0107727
2.32812 -0.0100492

2.32812 -0.0100697
2.34375 -0.00906278

-2.125 -0.0488946
-2.10938 -0.0486947

-2.10938 -0.0487013
-2.09375 -0.0485331

-2.09375 -0.048539
-2.07812 -0.0483773

-2.07812 -0.048381
-2.0625 -0.0482067

0.875 0.0366423
0.890625 0.0358525

0.890625 0.0358426
0.90625 0.0349451

0.90625 0.0349374
0.921875 0.0339673

0.921875 0.0339696
0.9375 0.0329375

0.96875 0.0306674
0.960867 0.03125

0.9375 0.0329393
0.953125 0.0318368

0.953125 0.0318295
0.960966 0.03125

0.96875 0.0306486
0.984375 0.0295083

0.984375 0.0294914
1 0.0284442

-2.0625 -0.0482093
-2.04688 -0.0480098

-2.04688 -0.0480128
-2.03125 -0.047777

2.34375 -0.00905987
2.35938 -0.00773442

2.35938 -0.00771203
2.375 -0.0061186

-2.03125 -0.0477801
-2.01562 -0.0474959

-2.01562 -0.0474975
-2 -0.0471556

2.375 -0.00607976
2.39062 -0.00434077

2.39062 -0.00429015
2.40625 -0.00258455

2.40625 -0.00253735
2.42188 -0.0010608

2.42188 -0.00104486
2.43643 0

2.43647 0
2.4375 7.39511e-05

2.4375 4.62344e-05
2.45312 0.000842167

2.45312 0.000776003
2.46875 0.00143926

2.46875 0.00137931
2.48438 0.00216211

2.48438 0.00213656
2.5 0.0032099

2.96875 -0.17256
2.96641 -0.171875

2.96606 -0.171875
2.96875 -0.16933

2.9688 -0.1875
2.9688 -0.15625

1.4375 -0.000332555
1.43148 0

1.4375 -0.00031088
1.45312 -0.00121581

1.45312 -0.0012118
1.46875 -0.00221428

-2 -0.0471533
-1.98904 -0.046875

-1.98913 -0.046875
-1.98438 -0.0467543

-1.98438 -0.0467494
-1.96875 -0.0463167

-1.96875 -0.0463065
-1.95312 -0.0458709

1.46875 -0.00223329
1.48438 -0.00330333

-1.95312 -0.0458595
-1.9375 -0.0454642

-1.9375 -0.0454551
-1.92188 -0.0451412

2.98438 -0.078569
2.98419 -0.078125

2.98396 -0.078125
2.98413 -0.0625

2.98438 -0.0832497
3 -0.0829247

2.98438 -0.0640992
2.99801 -0.078125

2.98438 -0.0505719
2.98423 -0.046875

2.98438 -0.0321235
2.98426 -0.03125

2.98438 -0.0514258
3 -0.0517143

2.98438 -0.038235
3 -0.0395725

-1.92188 -0.0451376
-1.90625 -0.0449304

-1.90625 -0.0449339
-1.89062 -0.0448334

-1.89062 -0.0448432
-1.875 -0.0448229

2.98438 -0.0182625
2.98437 -0.015625

2.98438 -0.0159976
2.99865 -0.03125

2.99623 -0.015625
2.98835 0

1.48438 -0.00333072
1.5 -0.00437555

-1.875 -0.044836
-1.85938 -0.0448498

-1.85938 -0.0448624
-1.84375 -0.0448587

2.5 0.00321986
2.51562 0.00461493

2.51562 0.00464172
2.53125 0.00628503

-1.84375 -0.0448673
-1.82812 -0.0448039

-1.82812 -0.0448066
-1.8125 -0.0446606

-1.8125 -0.0446576
-1.79688 -0.0444293

-1.79688 -0.0444221
-1.78125 -0.044132

-1.78125 -0.0441226
-1.76562 -0.0438044

-1.76562 -0.0437949
-1.75 -0.0434863

1 0.0284504
1.01562 0.0275176

-1.75 -0.0434789
-1.73438 -0.0432136

2.53125 0.00630843
2.54688 0.00809959

2.54688 0.00810784
2.5625 0.00998353

-1.73438 -0.0432096
-1.71875 -0.0430105

-1.71875 -0.0430104
-1.70312 -0.042886

-1.70312 -0.0428893
-1.6875 -0.0428333

-1.6875 -0.0428389
-1.67188 -0.0428336

1.01562 0.0275421
1.03125 0.0266622

2.5625 0.00997514
2.57812 0.0119357

1.03125 0.0266834
1.04688 0.0257652

1.04688 0.0257652
1.0625 0.0247662

1.0625 0.0247463
1.07812 0.0237063

1.07812 0.0236866
1.09375 0.0226847

1.09375 0.0226837
1.10938 0.0217613

1.10938 0.0217804
1.125 0.0209011

2.57812 0.0119145
2.59375 0.014019

1.125 0.0209231
1.14062 0.0200044

2.59375 0.0139911
2.60464 0.015625

-1.67188 -0.0428398
-1.65625 -0.0428616

-1.65625 -0.042867
-1.64062 -0.0428927

-1.64062 -0.0428963
-1.625 -0.0429078

1.14062 0.02001
1.15625 0.0189964

2.60461 0.015625
2.60938 0.0163397

2.60938 0.0163076
2.625 0.0190019

-1.625 -0.0429094
-1.60938 -0.0428961

2.625 0.0189241
2.64062 0.0221819

-1.60938 -0.042896
-1.59375 -0.0428548

1.15625 0.01898
1.17188 0.0178929

1.17188 0.0178683
1.1875 0.0167895

1.1875 0.0167801
1.20312 0.0157776

1.21875 0.0148543
1.20595 0.015625

1.20312 0.0157903
1.20587 0.015625

1.21875 0.0148793
1.23438 0.0139159

1.23438 0.0139337
1.25 0.0128603

-1.59375 -0.0428537
-1.57812 -0.0427869

-1.57812 -0.0427853
-1.5625 -0.0426981

2.64062 0.021997
2.65625 0.0263435

2.65625 0.026376
2.66954 0.03125

-1.5625 -0.0426963
-1.54688 -0.0425954

2.66946 0.03125
2.67188 0.0321361

2.67188 0.0324851
2.6875 0.0387817

1.25 0.0128518
1.26562 0.0116497

1.26562 0.01162
1.28125 0.0103657

-1.54688 -0.0425936
-1.53125 -0.042486

-1.53125 -0.0424843
-1.51562 -0.042377

2.6875 0.0392317
2.70312 0.0444469

2.70312 0.0445198
2.7151 0.046875

2.71493 0.046875
2.71875 0.0476252

1.28125 0.0103394
1.29688 0.00914467

-1.51562 -0.0423754
-1.5 -0.0422751

1.29688 0.0091436
1.3125 0.00806319

1.3125 0.00808665
1.32812 0.0070758

1.32812 0.00710249
1.34375 0.00606089

1.34375 0.00606725
1.35938 0.0049288

1.35938 0.00490902
1.375 0.00370055

2.71875 0.047708
2.73438 0.0482597

2.75 0.0459851
2.74402 0.046875

2.73438 0.0483416
2.74423 0.046875

-1.5 -0.0422738
-1.48438 -0.0421861

-1.48438 -0.0421852
-1.46875 -0.0421148

-1.46875 -0.0421144
-1.45312 -0.0420639

-1.45312 -0.0420641
-1.4375 -0.0420337

-1.4375 -0.0420345
-1.42188 -0.0420222

-1.42188 -0.0420235
-1.40625 -0.0420251

-1.40625 -0.0420268
-1.39062 -0.0420361

-1.39062 -0.0420381
-1.375 -0.0420479

1.375 0.00367091
1.39062 0.00249126

1.39062 0.0024752
1.40625 0.00141577

1.40625 0.00142439
1.42188 0.000500059

1.42188 0.000526941
1.43142 0

-1.375 -0.0420499
-1.35938 -0.0420523

-1.35938 -0.0420542
-1.34375 -0.0420415

-1.34375 -0.0420432
-1.32812 -0.0420083

-1.32812 -0.0420097
-1.3125 -0.0419465

-1.3125 -0.0419475
-1.29688 -0.0418514

-1.29688 -0.0418518
-1.28125 -0.0417202

-1.28125 -0.0417202
-1.26562 -0.0415523

-1.26562 -0.041552
-1.25 -0.0413483

2.75 0.0443195
2.76562 0.0423499

2.76562 0.0418008
2.78125 0.0446555

2.78125 0.0454949
2.78472 0.046875

2.78337 0.046875
2.79688 0.0522491

2.79688 0.0529291
2.8125 0.0584017

-1.25 -0.041348
-1.23438 -0.0411095

-1.23438 -0.0411092
-1.21875 -0.0408371

-1.21875 -0.0408368
-1.20312 -0.0405323

2.8125 0.0581494
2.82812 0.0618291

2.82812 0.0616207
2.833 0.0625

2.83304 0.0625
2.84375 0.0644319

-1.20312 -0.040532
-1.1875 -0.0401961

-1.1875 -0.040196
-1.17188 -0.0398295

-1.17188 -0.0398295
-1.15625 -0.0394329

-1.15625 -0.0394328
-1.14062 -0.0390064

-1.14062 -0.0390066
-1.125 -0.03855

2.84375 0.0641503
2.85938 0.067104

2.85938 0.0668469
2.875 0.0710174

-1.125 -0.0385502
-1.10938 -0.0380624

-1.10938 -0.0380626
-1.09375 -0.0375426

-1.09375 -0.0375429
-1.07812 -0.0369899

2.875 0.0703916
2.89062 0.0775387

2.89017 0.078125
2.89062 0.0783327

2.89062 0.0777552
2.89125 0.078125

2.89062 0.0784387
2.90625 0.0880287

2.90625 0.0890994
2.91554 0.09375

2.91489 0.09375
2.92188 0.0972447

-1.07812 -0.0369903
-1.0625 -0.0364029

-1.0625 -0.0364032
-1.04688 -0.0357799

2.92188 0.0974119
2.9375 0.100312

2.99413 0
2.98827 0.015625

-1.04688 -0.0357804
-1.03125 -0.0351193

-1.03125 -0.0351196
-1.01562 -0.0344192

-1.01562 -0.0344197
-1 -0.0336787

2.98896 0.015625
2.98586 0.03125

2.98438 0.0459884
2.98567 0.03125

2.98488 0.046875
2.98443 0.0625

2.96875 0.0922161
2.96496 0.09375

2.9375 0.0999219
2.95312 0.0979765

2.95312 0.0979215
2.96367 0.09375

2.98438 0.0720206
2.98288 0.078125

2.98438 0.0783343
2.96981 0.09375

2.98438 0.078255
2.98444 0.078125

2.96875 0.0944319
2.96974 0.09375

3 -0.0650326
3.00094 -0.0625

3 -0.0344257
3.00345 -0.03125

3 -0.00764221
3.03125 -0.0122327

3.03125 -0.0047199
3.0625 -0.00126808

3.0625 -0.00376044
3.125 -0.00155487

3.125 -0.00256163
3.25 -0.00096005

3.25 -0.00163874
3.5 -0.000731264

3.5 -0.0014892
4 -0.00102435

