-4 -0.00398509
-3.64742 0

-3.54043 0
-3.5 0.000457012

-3.5 -0.00290979
-3.42343 0

-3.25 -0.00428694
-3.21311 0

-3.125 -0.00601662
-3.09842 0

-3 -0.0943971
-3.00065 -0.09375

-3 -0.0629244
-3.00009 -0.0625

-3.0625 -0.00150058
-3.05768 0

-3.38852 0
-3.25 0.00533105

-3.20597 0
-3.125 0.0103505

-3.10012 0
-3.0625 0.016247

-3.06216 0
-3.03125 0.023638

-3.03453 0.03125
-3.03125 0.0396068

-3.03125 0.0247487
-3.00918 0.03125

-3.03125 0.0407084
-3.02292 0.0625

-3.03228 0.0625
-3.03125 0.084046

-3.03381 0.09375
-3.03125 0.105182

-3.02813 0.0625
-3.02233 0.09375

-3.03125 0.1033
-3.01417 0.125

-3.02775 0.125
-3 0.151094

-3.00156 0.1875
-3 0.189088

1.51562 0.0773374
1.50129 0.078125

1.5 0.0782006
1.50138 0.078125

1.51562 0.077294
1.53125 0.0768121

1.53125 0.0768347
1.54688 0.0767716

1.54688 0.0768449
1.5625 0.0770087

1.5625 0.0770788
1.57812 0.0771829

1.57812 0.0772097
1.59375 0.0770606

1.59375 0.0770556
1.60938 0.0766096

1.60938 0.0765901
1.625 0.0758959

-0.96875 -0.125718
-0.973658 -0.125

1.625 0.0758723
1.64062 0.075016

-0.96875 -0.125832
-0.953125 -0.127965

1.64062 0.0750044
1.65625 0.0740564

1.65625 0.0740332
1.67188 0.0730629

1.67188 0.0730018
1.6875 0.0721777

1.6875 0.072118
1.70312 0.0716819

1.70312 0.0716634
1.71875 0.0717719

1.71875 0.0717799
1.73438 0.072454

1.73438 0.0724591
1.75 0.0736729

-2.98438 -0.0821032
-2.99348 -0.078125

-0.953125 -0.127863
-0.9375 -0.129335

-0.9375 -0.129249
-0.921875 -0.130437

-2.98875 -0.078125
-2.98438 -0.0749502

0 -0.0761631
0.015625 -0.0759289

-0.921875 -0.130505
-0.90625 -0.131444

0.015625 -0.0759466
0.03125 -0.0759548

-0.90625 -0.131362
-0.890625 -0.132079

0.03125 -0.0759739
0.046875 -0.0761508

0.046875 -0.0761748
0.0625 -0.0764342

0.0625 -0.0764556
0.078125 -0.0767065

0.078125 -0.0767113
0.09375 -0.0769015

0.09375 -0.0768822
0.109375 -0.0770407

0.109375 -0.0770074
0.125 -0.0772396

0.125 -0.0772153
0.140625 -0.0776366

0.15625 -0.0782951
0.152145 -0.078125

-2.98438 -0.0797456
-2.98348 -0.078125

-2.98438 -0.0711201
-2.98196 -0.078125

-2.98438 -0.052042
-2.98683 -0.046875

0.140625 -0.0776405
0.152318 -0.078125

0.15625 -0.0783337
0.171875 -0.0791076

0.171875 -0.0791736
0.1875 -0.0798544

0.1875 -0.0798915
0.203125 -0.0802729

0.203125 -0.0802609
0.21875 -0.0802926

0.21875 -0.0803065
0.234375 -0.0799846

0.234375 -0.0800267
0.25 -0.0792393

-0.890625 -0.131845
-0.875 -0.132975

-1 -0.121787
-0.984375 -0.122868

-0.984375 -0.123112
-0.971465 -0.125

-2.98438 -0.0360125
-2.98991 -0.03125

-0.875 -0.133077
-0.859375 -0.134886

0.25 -0.0792656
0.262869 -0.078125

-2.98438 -0.0236133
-2.98819 -0.015625

0.262714 -0.078125
0.265625 -0.077867

-0.859375 -0.135348
-0.84375 -0.136709

-0.84375 -0.136813
-0.828125 -0.136594

-0.828125 -0.13634
-0.8125 -0.134839

0.265625 -0.0778739
0.28125 -0.0758525

0.28125 -0.0758223
0.296875 -0.0732334

0.296875 -0.0732178
0.3125 -0.0701533

-0.8125 -0.134629
-0.796875 -0.132774

-0.796875 -0.132741
-0.78125 -0.131017

-0.78125 -0.131036
-0.765625 -0.129474

-0.765625 -0.129413
-0.75 -0.128094

1.75 0.0736728
1.76562 0.0754163

-0.75 -0.12815
-0.734375 -0.127082

-0.734375 -0.12711
-0.71875 -0.126125

-0.71875 -0.126249
-0.703125 -0.125041

1.76562 0.0754302
1.78125 0.0776758

1.78125 0.0777213
1.78389 0.078125

1.78297 0.078125
1.79688 0.080248

1.79688 0.080296
1.8125 0.082349

1.8125 0.0823105
1.82812 0.0839732

1.82812 0.0840977
1.84375 0.0851983

1.84375 0.0855191
1.85938 0.0851669

1.85938 0.0853096
1.875 0.0825777

1.89062 0.0772667
1.88755 0.078125

1.875 0.0821269
1.88936 0.078125

1.89062 0.0771155
1.90625 0.0733516

1.90625 0.0733426
1.92188 0.0713599

1.92188 0.0716907
1.9375 0.0708459

1.9375 0.0711763
1.95312 0.0701471

1.95312 0.0702142
1.96875 0.0682056

1.96875 0.0679746
1.98438 0.0653143

1.98438 0.0650535
2 0.0627248

0.3125 -0.0701619
0.328125 -0.0666359

0.328125 -0.0666143
0.34375 -0.0626528

0.34375 -0.062583
0.344058 -0.0625

0.344048 -0.0625
0.359375 -0.0583715

-2.98438 -0.00554993
-2.98579 0

-0.703125 -0.125152
-0.70183 -0.125

0.359375 -0.0584003
0.375 -0.0540319

-2.98438 -0.0224397
-2.96875 -0.0227696

-2.98438 -0.0123674
-2.97875 -0.015625

-2.96875 -0.00819397
-2.95834 0

-0.702114 -0.125
-0.6875 -0.12328

-0.6875 -0.123071
-0.671875 -0.120861

-0.671875 -0.120592
-0.65625 -0.118971

0.375 -0.0541602
0.390625 -0.0493181

0.390625 -0.0491921
0.397411 -0.046875

0.39745 -0.046875
0.40625 -0.04387

0.40625 -0.0439047
0.421875 -0.0382317

0.421875 -0.0380768
0.4375 -0.032308

-0.65625 -0.118987
-0.640625 -0.118461

-0.640625 -0.118661
-0.625 -0.118797

0.43676 -0.03125
0.4375 -0.0309769

-0.625 -0.118874
-0.609375 -0.11912

-0.609375 -0.119119
-0.59375 -0.119322

0.4375 -0.0333376
0.445124 -0.03125

-2.59375 -0.000704714
-2.59971 0

-2.59375 -0.000669299
-2.57812 -0.0024521

-2.57812 -0.00246602
-2.5625 -0.00393524

0.4375 -0.0311604
0.453125 -0.0268821

0.453125 -0.0280723
0.46875 -0.0251864

-0.59375 -0.119358
-0.578125 -0.119444

-0.578125 -0.119446
-0.5625 -0.119337

-0.5625 -0.119323
-0.546875 -0.119042

-0.546875 -0.119086
-0.53125 -0.11857

-0.53125 -0.118646
-0.515625 -0.117658

-0.515625 -0.117679
-0.5 -0.116024

-2.5625 -0.00396709
-2.54688 -0.00503121

-2.54688 -0.00500738
-2.53125 -0.00565039

-2.53125 -0.00558879
-2.51562 -0.00598156

-2.51562 -0.00586713
-2.5 -0.00636171

-2.98587 0
-2.98568 0.015625

-2.98438 0.0303752
-2.9844 0.03125

-2.98438 0.00946667
-2.9807 0

-2.98296 0.015625
-2.98359 0.03125

0.46875 -0.0254156
0.484375 -0.0221018

0.484375 -0.0227132
0.5 -0.0172903

-0.5 -0.115937
-0.484375 -0.113747

-0.484375 -0.113601
-0.46875 -0.11134

-0.46875 -0.111258
-0.453125 -0.109407

-0.455002 -0.109375
-0.453125 -0.109153

-0.453125 -0.109318
-0.4375 -0.108221

2.01562 0.0613237
2.00178 0.0625

2.01562 0.0613883
2.03125 0.0610797

2.03125 0.0611749
2.04688 0.0615651

2.04688 0.0616287
2.0625 0.0623999

2 0.0626482
2.00174 0.0625

2.0625 0.0624352
2.06355 0.0625

2.06365 0.0625
2.07812 0.0633952

2.07812 0.0634292
2.09375 0.0644657

2.09375 0.064508
2.10938 0.0654631

2.10938 0.0654687
2.125 0.0662466

-2.98541 0.03125
-2.98555 0.046875

2.125 0.0662056
2.14062 0.0668774

2.14062 0.0668255
2.15625 0.0675769

-0.4375 -0.108366
-0.421875 -0.107886

2.15625 0.0675468
2.17188 0.0685419

-2.98439 0.046875
-2.98438 0.0472188

-0.421875 -0.107908
-0.40625 -0.107712

-0.40625 -0.107737
-0.390625 -0.107732

2.17188 0.0685503
2.1875 0.0698323

-0.390625 -0.107681
-0.375 -0.107919

2.1875 0.0698941
2.20312 0.0713225

2.20312 0.0714102
2.21875 0.0726859

-0.375 -0.107891
-0.359375 -0.10853

2.21875 0.0727612
2.23438 0.073558

2.23438 0.073626
2.25 0.0736572

-0.34375 -0.109582
-0.346434 -0.109375

-0.359375 -0.108502
-0.348083 -0.109375

-2.98438 0.0340377
-2.98431 0.03125

0.5 -0.0185444
0.506442 -0.015625

-2.98431 0.046875
-2.98357 0.0625

-2.95829 0
-2.95312 0.00268923

0.500508 -0.015625
0.515625 -0.00877443

0.515625 -0.00968627
0.53125 -0.0019946

0.53125 -0.00226396
0.536978 0

2.25 0.0736793
2.26562 0.072765

2.26562 0.0726809
2.28125 0.0709452

-0.34375 -0.109606
-0.328125 -0.111645

2.28125 0.0707825
2.29688 0.0687188

-2.95312 0.00119131
-2.9375 0.005712

-0.328125 -0.111855
-0.3125 -0.114457

-2.98391 0.0625
-2.98407 0.078125

-0.3125 -0.114619
-0.296875 -0.117036

-0.296875 -0.11716
-0.28125 -0.11882

2.29688 0.0685694
2.3125 0.0668017

2.375 0.0616339
2.37015 0.0625

0.531771 0
0.546875 0.00596983

-2.98438 0.0844576
-2.98384 0.078125

0.546875 0.00440402
0.5625 0.00861747

-2.98413 0.09375
-2.99415 0.125

0.5625 0.00876877
0.578125 0.013026

0.578125 0.0124564
0.589739 0.015625

0.585615 0.015625
0.59375 0.0178444

0.59375 0.015236
0.595307 0.015625

0.59375 0.0174907
0.609375 0.0213942

-0.28125 -0.118932
-0.265625 -0.119364

0.609375 0.021256
0.625 0.0244082

-0.265625 -0.1194
-0.25 -0.118307

-2.9375 0.00473551
-2.92188 0.00877486

2.3125 0.0667875
2.32812 0.0656431

2.32812 0.0657752
2.34375 0.0650181

2.34375 0.0652858
2.35938 0.0641165

-0.25 -0.1182
-0.234375 -0.115724

-2.92188 0.00917467
-2.90625 0.013886

0.625 0.0244943
0.640625 0.0269607

2.35938 0.0644652
2.37039 0.0625

0.640625 0.0271162
0.65625 0.0284138

-2.90625 0.0142699
-2.90109 0.015625

0.65625 0.0284287
0.671875 0.0282169

0.671875 0.0280148
0.6875 0.0266681

-0.234375 -0.115549
-0.21875 -0.112258

-2.90024 0.015625
-2.89062 0.0181489

2.375 0.0614357
2.39062 0.0568106

-2.89062 0.0185978
-2.875 0.0208621

2.39062 0.0557349
2.40625 0.0518803

-2.99568 0.125
-2.98759 0.15625

-0.21875 -0.112174
-0.206445 -0.109375

-3 0.183962
-2.96875 0.18143

2.40625 0.0512335
2.42188 0.0515945

-2.96875 0.149741
-2.95814 0.15625

-2.9673 0.15625
-2.96087 0.171875

-2.96013 0.171875
-2.96792 0.1875

2.42188 0.0518472
2.4375 0.0572122

2.4375 0.0579518
2.44636 0.0625

-0.206781 -0.109375
-0.203125 -0.108544

-0.203125 -0.108658
-0.1875 -0.104933

0.6875 0.0263598
0.703125 0.0248991

0.703125 0.0248302
0.71875 0.02401

0.71875 0.0239351
0.734375 0.0240428

0.734375 0.0239676
0.75 0.0253037

2.44559 0.0625
2.45312 0.0663693

2.45312 0.0666913
2.46875 0.0744657

2.46875 0.0745646
2.47785 0.078125

2.47742 0.078125
2.48438 0.0808442

-0.1875 -0.104893
-0.171875 -0.100969

0.75 0.0254861
0.765625 0.0278361

-0.171875 -0.100926
-0.15625 -0.0969668

-2.95312 0.165864
-2.95209 0.171875

-2.95312 0.176734
-2.95221 0.171875

-0.15625 -0.0969396
-0.143343 -0.09375

-0.143268 -0.09375
-0.140625 -0.0930969

-0.140625 -0.0929807
-0.125 -0.0894673

-0.125 -0.0894819
-0.109375 -0.0864889

-0.109375 -0.0865088
-0.09375 -0.0839671

-0.09375 -0.0839686
-0.078125 -0.0818352

2.48438 0.0806006
2.5 0.0850019

-3 0.188249
-2.96875 0.193361

-2.93943 0.1875
-2.9375 0.206662

2.99998 -0.3125
3 -0.273881

-2.93751 0.21875
-2.94348 0.25

-0.078125 -0.081848
-0.0625 -0.0800941

2.98438 -0.0842222
2.98224 -0.078125

-0.0625 -0.0801091
-0.046875 -0.0786789

-0.046875 -0.078679
-0.0392934 -0.078125

-0.039229 -0.078125
-0.03125 -0.077542

-0.03125 -0.0775335
-0.015625 -0.0766878

2.98182 -0.078125
2.98438 -0.0725377

2.98438 -0.0841572
3 -0.0816089

2.98438 -0.0733474
3 -0.0754418

2.5 0.0848407
2.51562 0.0881502

2.51562 0.0881303
2.53125 0.0907104

2.53125 0.0906956
2.54688 0.0926157

2.54688 0.0925954
2.56042 0.09375

2.56049 0.09375
2.5625 0.0939217

2.5625 0.0938703
2.57812 0.094769

0.765625 0.028132
0.78125 0.0305392

0.78125 0.030622
0.787012 0.03125

0.786981 0.03125
0.796875 0.0323282

-0.015625 -0.0766852
0 -0.0761529

2.57812 0.0947402
2.59375 0.0953759

2.59375 0.0953969
2.60938 0.0957852

-2.9375 0.202431
-2.93003 0.203125

-2.9375 0.207778
-2.92201 0.203125

-2.93019 0.21875
-2.90625 0.224033

2.60938 0.0958145
2.625 0.0958546

0.796875 0.0321942
0.8125 0.033288

0.8125 0.0331655
0.828125 0.0341609

0.828125 0.0340441
0.84375 0.0354195

2.625 0.0958821
2.64062 0.0954607

2.64062 0.095453
2.65625 0.0945307

2.67188 0.093187
2.66525 0.09375

2.67188 0.0931493
2.6875 0.0915253

2.65625 0.0944715
2.66474 0.09375

2.6875 0.0915087
2.70312 0.089649

2.70312 0.089691
2.71875 0.0875448

2.71875 0.0875033
2.73438 0.08507

2.73438 0.0850039
2.75 0.0824989

-2.875 0.0212724
-2.85938 0.020141

-2.84375 0.0136397
-2.84978 0.015625

2.75 0.082472
2.76562 0.0800814

-2.85938 0.0204097
-2.84484 0.015625

-2.84375 0.013024
-2.82812 0.00781236

-2.82812 0.00786169
-2.8125 0.00622582

-2.8125 0.00674351
-2.79688 0.00754941

-2.79688 0.00801363
-2.78125 0.0092975

-2.78125 0.00943794
-2.76562 0.00999045

-2.76562 0.0099436
-2.75 0.00957757

2.78125 0.0781017
2.78108 0.078125

-2.95193 0.25
-2.9375 0.272827

2.76562 0.0800348
2.77946 0.078125

0.84375 0.0353113
0.859375 0.0375169

0.859375 0.0375331
0.875 0.0407529

2.78125 0.0780981
2.79688 0.0758245

2.79688 0.0758158
2.8125 0.0730299

2.8125 0.0729468
2.82812 0.069832

2.82812 0.0696793
2.84375 0.0667072

-2.9375 0.266048
-2.90625 0.264886

-2.90753 0.28125
-2.90625 0.281278

-2.90625 0.263464
-2.90593 0.265625

-2.89062 0.269133
-2.90275 0.28125

2.84375 0.0666442
2.85938 0.0642463

-2.89062 0.265342
-2.89032 0.265625

-2.89036 0.265625
-2.88998 0.28125

2.85938 0.0641949
2.875 0.0626003

-2.90625 0.28369
-2.90018 0.28125

-2.875 0.296499
-2.86781 0.296875

-2.875 0.301449
-2.85938 0.301449

0.875 0.0410559
0.890625 0.0446516

-2.75 0.00944853
-2.73438 0.00851571

0.890625 0.0451106
0.901984 0.046875

0.90175 0.046875
0.90625 0.047574

-2.73438 0.00843495
-2.71875 0.00735495

2.89062 0.061705
2.88055 0.0625

-2.71875 0.00730644
-2.70312 0.00633781

-2.70312 0.00636139
-2.6875 0.00555399

2.89062 0.0617138
2.90625 0.0601479

-2.6875 0.00556026
-2.67188 0.0048544

-2.67188 0.00487362
-2.65625 0.00421829

0.90625 0.0475024
0.921875 0.0479135

-2.65625 0.00423442
-2.64062 0.00355892

-2.64062 0.00363616
-2.625 0.00275376

2.90625 0.0599391
2.92188 0.0583094

-2.625 0.00283935
-2.60938 0.00142436

0.9375 0.0466951
0.933178 0.046875

-2.60938 0.00135806
-2.59788 0

0.921875 0.0475065
0.937042 0.046875

0.9375 0.0465249
0.953125 0.046289

0.953125 0.0461844
0.964306 0.046875

0.963386 0.046875
0.96875 0.0472063

0.96875 0.0472829
0.984375 0.0493913

0.984375 0.0495616
1 0.0522416

-2.67188 0.390843
-2.67166 0.390625

2.92188 0.058148
2.9375 0.057195

2.875 0.0626737
2.8772 0.0625

2.9375 0.0565982
2.95312 0.0578384

2.95312 0.0574725
2.96772 0.0625

2.98438 0.00985968
2.98396 0.015625

2.98434 0.015625
2.98438 0.0156661

2.98438 0.0116956
2.9918 0.015625

2.98438 0.0160583
2.99477 0.015625

2.96875 0.0595428
2.97384 0.0625

2.98438 0.044779
2.98522 0.046875

2.98438 0.0624253
2.98444 0.0625

2.97139 0.0625
2.98438 0.0768569

2.9833 0.078125
2.98438 0.0828626

2.98405 0.09375
2.98996 0.125

2.9375 0.217499
2.93379 0.21875

2.93569 0.21875
2.90669 0.25

2.96875 0.159284
2.96067 0.171875

2.95858 0.171875
2.96297 0.1875

2.98843 0.125
2.98422 0.15625

-2.5 -0.00621854
-2.48438 -0.00733011

-2.48438 -0.00725611
-2.46875 -0.009419

-2.46875 -0.00949404
-2.45312 -0.0127062

2.96875 0.180645
2.98856 0.1875

2.96875 0.202952
2.96478 0.21875

2.94069 0.21875
2.9649 0.25

-2.4375 -0.016822
-2.44239 -0.015625

-2.45312 -0.0127903
-2.44154 -0.015625

2.96875 0.200869
3 0.187806

2.96875 0.245499
2.96908 0.25

-2.4375 -0.0169394
-2.42188 -0.0205585

2.90625 0.251482
2.9375 0.278081

2.9375 0.274005
2.97081 0.25

-2.42188 -0.020457
-2.40625 -0.0235432

-2.40625 -0.0233875
-2.39062 -0.026455

-2.39062 -0.025948
-2.375 -0.0303223

3 -0.283607
3.00017 -0.3125

-2.3125 -0.0750034
-2.3268 -0.0625

-2.35938 -0.0371297
-2.37266 -0.03125

-2.34375 -0.0470203
-2.34396 -0.046875

3 -0.09375
3 -0.0625

3.0625 -0.00561261
3.04667 0

-2.35938 -0.0369026
-2.34398 -0.046875

-2.375 -0.0301953
-2.37262 -0.03125

1 0.0523925
1.01562 0.0550015

1.01562 0.0550519
1.03125 0.0571874

1.03125 0.057151
1.04688 0.0587849

3.125 -0.00477733
3.10158 0

1.04688 0.0588403
1.0625 0.0599348

-2.34375 -0.0473765
-2.32812 -0.0604409

-2.32812 -0.0605815
-2.32601 -0.0625

3.25 -0.00356177
3.22003 0

-2.29688 -0.0863447
-2.31006 -0.078125

1.0625 0.0602203
1.07812 0.0600939

1.07812 0.060181
1.09375 0.0580885

1.09375 0.0575618
1.10938 0.0543822

1.10938 0.0538132
1.125 0.0517377

3.5 -0.00272137
3.43329 0

1.125 0.0516978
1.14062 0.051944

-2.3125 -0.0754451
-2.30834 -0.078125

3.03125 0.0216084
3.02588 0.03125

3.03125 0.0336535
3.02103 0.0625

1.14062 0.0521988
1.15625 0.0543371

-2.29688 -0.0866991
-2.28125 -0.0887115

3.03125 0.0187039
3.05526 0

-2.28125 -0.0895564
-2.26562 -0.0809642

-2.26562 -0.0811011
-2.26253 -0.078125

3.03099 0.0625
3.02392 0.09375

3.03125 0.10953
3.02627 0.125

3.03125 0.0933593
3.03127 0.09375

3.03125 0.108018
3.03278 0.09375

-2.26317 -0.078125
-2.25263 -0.0625

3.0625 0.015064
3.09711 0

-2.25385 -0.0625
-2.25163 -0.046875

-2.25702 -0.046875
-2.25 -0.0315126

3 0.166119
3.03344 0.125

3 0.193582
3.0045 0.1875

1.15625 0.0544929
1.17188 0.0577024

1.17188 0.0577949
1.1875 0.0615791

1.1875 0.0616397
1.19086 0.0625

1.19073 0.0625
1.20312 0.0656736

1.20312 0.0657582
1.21875 0.0696231

1.21875 0.0695868
1.23438 0.0732048

1.23438 0.0732263
1.25 0.0766271

1.25 0.0769856
1.25717 0.078125

-2.21875 -0.0324089
-2.22273 -0.03125

-2.25 -0.0305189
-2.23438 -0.023799

-2.23438 -0.0276676
-2.22206 -0.03125

-2.21875 -0.0333795
-2.20312 -0.0391183

3.125 0.0102746
3.19771 0

3.25 0.00459452
3.36194 0

1.25753 0.078125
1.26562 0.0794123

1.26562 0.0793932
1.28125 0.0803986

1.28125 0.0802152
1.29688 0.0802008

4 -0.00469517
3.61265 0

1.29688 0.0800645
1.3125 0.0796699

1.3125 0.0796035
1.32812 0.0792339

1.32812 0.0792382
1.34375 0.0790178

1.34375 0.079029
1.35938 0.0789272

3.5 0.000370369
3.53056 0

-2.20312 -0.0387488
-2.1875 -0.0441784

-2.14062 -0.067907
-2.1507 -0.0625

-2.14062 -0.0682172
-2.125 -0.0754552

-2.17188 -0.0505613
-2.18034 -0.046875

-2.1875 -0.0436472
-2.18009 -0.046875

-2.17188 -0.0509509
-2.15625 -0.0591893

-2.15625 -0.0591761
-2.15005 -0.0625

1.35938 0.0789119
1.375 0.0789369

-2.10938 -0.0808789
-2.11735 -0.078125

-2.125 -0.0752478
-2.11667 -0.078125

-2.10938 -0.0809876
-2.09375 -0.0842661

-2.09375 -0.0841864
-2.07812 -0.0850491

-2.07812 -0.084921
-2.0625 -0.0837835

-2.0625 -0.0835626
-2.04688 -0.081123

-2.04688 -0.0807261
-2.03125 -0.0782203

-2.03125 -0.0781928
-2.03067 -0.078125

1.375 0.0788857
1.39062 0.0791703

1.39062 0.0791629
1.40625 0.0798243

1.40625 0.0799183
1.42188 0.0807833

-2.03024 -0.078125
-2.01562 -0.076425

-2.01562 -0.0761505
-2 -0.0755272

1.42188 0.0809347
1.4375 0.0815124

1.4375 0.0815684
1.45312 0.0814443

1.45312 0.0813711
1.46875 0.0805799

1.46875 0.0804752
1.48438 0.0793725

1.48438 0.0793093
1.5 0.0782309

-2 -0.0753138
-1.98438 -0.0768552

-1.96875 -0.0809206
-1.98062 -0.078125

-1.98438 -0.0767278
-1.97844 -0.078125

-1.96875 -0.0810822
-1.95312 -0.0858078

-1.95312 -0.0858402
-1.9375 -0.0909052

-1.92188 -0.0963473
-1.92999 -0.09375

-1.92188 -0.0964295
-1.90625 -0.100321

-1.9375 -0.0908353
-1.92839 -0.09375

-1.90625 -0.100218
-1.89062 -0.102497

-1.89062 -0.102367
-1.875 -0.103501

-1.875 -0.103368
-1.85938 -0.103884

-1.85938 -0.103776
-1.84375 -0.104156

-1.84375 -0.104072
-1.82812 -0.104699

-1.82812 -0.104706
-1.8125 -0.105736

-1.8125 -0.105981
-1.79688 -0.10691

-1.79688 -0.107282
-1.78125 -0.106878

-1.78125 -0.106914
-1.76562 -0.10436

-1.76562 -0.103565
-1.75 -0.100378

-1.75 -0.0997366
-1.73438 -0.0987908

-1.73438 -0.0993768
-1.71875 -0.100783

-1.71875 -0.101117
-1.70312 -0.103036

-1.70312 -0.102825
-1.6875 -0.10501

-1.67188 -0.111505
-1.68221 -0.109375

-1.6875 -0.104131
-1.67188 -0.107352

-1.65625 -0.113195
-1.6683 -0.109375

-1.67188 -0.107176
-1.66494 -0.109375

-1.65625 -0.113731
-1.64062 -0.118969

-1.64062 -0.119189
-1.625 -0.122484

-1.57812 -0.125724
-1.58566 -0.125

-1.57812 -0.125503
-1.5625 -0.12796

-1.5625 -0.128254
-1.54688 -0.130842

-1.54688 -0.131058
-1.53125 -0.132756

-1.53125 -0.132688
-1.51562 -0.133198

-1.51562 -0.133053
-1.5 -0.132802

-1.625 -0.122217
-1.60938 -0.123663

-1.60938 -0.123304
-1.59375 -0.124152

-1.59375 -0.123728
-1.58051 -0.125

-1.5 -0.132718
-1.48438 -0.132163

-1.48438 -0.132147
-1.46875 -0.131488

-1.46875 -0.1315
-1.45312 -0.130744

-1.45312 -0.130728
-1.4375 -0.129885

-1.4375 -0.129855
-1.42188 -0.129017

-1.42188 -0.129015
-1.40625 -0.128244

-1.40625 -0.128276
-1.39062 -0.127511

-1.39062 -0.127532
-1.375 -0.12667

-1.375 -0.12667
-1.35938 -0.125668

-1.35938 -0.125654
-1.35022 -0.125

-1.35019 -0.125
-1.34375 -0.124541

-1.34375 -0.124515
-1.32812 -0.123361

-1.32812 -0.123335
-1.3125 -0.122244

-1.3125 -0.122223
-1.29688 -0.12129

-1.29688 -0.121271
-1.28125 -0.120578

-1.28125 -0.120576
-1.26562 -0.120165

-1.26562 -0.120181
-1.25 -0.120023

-1.25 -0.120028
-1.23438 -0.120082

-1.23438 -0.120049
-1.21875 -0.120374

-1.21875 -0.120362
-1.20312 -0.121048

-1.20312 -0.121126
-1.1875 -0.122042

-1.1875 -0.122114
-1.17188 -0.122958

-1.17188 -0.122962
-1.15625 -0.123578

-1.15625 -0.123583
-1.14062 -0.123951

-1.14062 -0.123971
-1.125 -0.124039

-1.125 -0.123999
-1.10938 -0.123806

-1.10938 -0.123813
-1.09375 -0.123428

-1.09375 -0.123332
-1.07812 -0.122931

-1.07812 -0.122957
-1.0625 -0.122678

-1.0625 -0.122704
-1.04688 -0.122447

-1.04688 -0.12234
-1.03125 -0.12227

-1.03125 -0.122469
-1.01562 -0.122402

-1.01562 -0.122198
-1 -0.122144

