0 0 
0.0989949 0.00306404 
0.19799 0.00408605 
0.296985 0.00716105 
0.39598 0.0107157 
0.494975 0.01463 
0.59397 0.0191311 
0.692965 0.0246281 
0.79196 0.0307199 
0.890955 0.0391956 
0.989949 0.0476796 
1.08894 0.0556152 
1.18794 0.0641665 
1.28693 0.0751076 
1.38593 0.0861453 
1.48492 0.0955042 
1.58392 0.114523 
1.68291 0.125367 
1.78191 0.142081 
1.8809 0.151873 
1.9799 0.164483 
2.07889 0.178369 
2.17789 0.197022 
2.27688 0.208976 
2.37588 0.219717 
2.47487 0.243967 
2.57387 0.264123 
2.67286 0.258727 
2.77186 0.26543 
2.87085 0.255798 
2.96985 0.254812 
3.06884 0.264754 
3.16784 0.281622 
3.26683 0.282839 
3.36583 0.283712 
3.46482 0.289402 
3.56382 0.302243 
3.66281 0.302297 
3.76181 0.309351 
3.8608 0.30791 
3.9598 0.308448 
4.05879 0.308302 
4.15779 0.307548 
4.25678 0.30361 
4.35578 0.299578 
4.45477 0.297861 
4.55377 0.297676 
4.65276 0.30536 
4.75176 0.305217 
4.85075 0.307469 
4.94975 0.32488 
5.04874 0.335255 
5.14774 0.338833 
5.24673 0.348274 
5.34573 0.362061 
5.44472 0.37796 
5.54372 0.400264 
5.64271 0.42032 
5.74171 0.446554 
5.8407 0.463634 
5.9397 0.47784 
6.03869 0.509483 
6.13769 0.525866 
6.23668 0.54893 
6.33568 0.582559 
6.43467 0.578989 
6.53367 0.615637 
6.63266 0.637483 
6.73166 0.628353 
6.83065 0.682778 
6.92965 0.693403 
7.02864 0.679402 
7.12764 0.687447 
7.22663 0.713337 
7.32563 0.731968 
7.42462 0.73538 
7.52362 0.738363 
7.62261 0.735155 
7.72161 0.732937 
7.8206 0.732904 
7.9196 0.744557 
8.01859 0.767544 
8.11759 0.792086 
8.21658 0.795331 
8.31558 0.808949 
8.41457 0.847183 
8.51357 0.867865 
8.61256 0.847262 
8.71156 0.848698 
8.81055 0.849219 
8.90955 0.844323 
9.00854 0.848542 
9.10754 0.884202 
9.20653 0.90013 
9.30553 0.899656 
9.40452 0.879648 
9.50352 0.905555 
9.60251 0.928374 
9.70151 0.967252 
9.8005 0.978613 
9.89949 1.0082 
9.99849 1.03707 
10.0975 1.04517 
10.1965 1.04188 
10.2955 1.02503 
10.3945 0.992464 
10.4935 0.9502 
10.5925 0.888559 
10.6915 0.930618 
10.7904 1.27496 
10.8894 1.37427 
10.9884 1.70976 
11.0874 1.97396 
11.1864 2.19457 
11.2854 2.33215 
11.3844 2.49413 
11.4834 2.64983 
11.5824 2.73929 
11.6814 2.85844 
11.7804 2.93175 
11.8794 3.02992 
11.9784 3.41432 
12.0774 4.90466 
12.1764 5.57684 
12.2754 4.58029 
12.3744 4.28188 
12.4734 3.93453 
12.5724 3.39149 
12.6714 3.99573 
12.7703 3.9508 
12.8693 3.88683 
12.9683 3.71747 
13.0673 3.60831 
13.1663 3.68327 
13.2653 4.41993 
13.3643 3.90097 
13.4633 3.30597 
13.5623 3.59814 
13.6613 3.80656 
13.7603 3.87475 
13.8593 3.87992 
13.9583 3.93629 
14.0573 3.94909 
14.1563 3.81799 
14.2553 3.82257 
14.3543 3.64426 
14.4533 3.52458 
14.5523 3.48601 
14.6513 3.73956 
14.7502 4.27559 
14.8492 4.66553 
14.9482 4.72221 
15.0472 4.75917 
15.1462 4.70452 
15.2452 4.49948 
15.3442 4.38294 
15.4432 4.27052 
15.5422 4.11668 
15.6412 3.96611 
15.7402 3.79972 
15.8392 4.3909 
15.9382 4.14045 
16.0372 4.3176 
16.1362 4.02328 
16.2352 3.67661 
16.3342 3.74853 
16.4332 3.80701 
16.5322 3.58859 
16.6312 3.62917 
16.7301 3.48778 
16.8291 3.43147 
16.9281 3.46541 
17.0271 3.35776 
17.1261 3.62689 
17.2251 3.72638 
17.3241 3.77403 
17.4231 3.04969 
17.5221 3.05761 
17.6211 3.06154 
17.7201 3.03724 
17.8191 3.0985 
17.9181 3.09547 
18.0171 3.14901 
18.1161 3.22312 
18.2151 3.15299 
18.3141 3.19191 
18.4131 3.20366 
18.5121 3.16606 
18.6111 3.04474 
18.71 2.85194 
18.809 2.90893 
18.908 3.07871 
19.007 3.20575 
19.106 3.1583 
19.205 3.25676 
19.304 3.46862 
19.403 3.61058 
19.502 3.4764 
19.601 3.33926 
19.7 2.93013 
19.799 2.38413 
19.898 2.05987 
19.997 2.05414 
20.096 2.41559 
20.195 2.75852 
20.294 2.84755 
20.393 2.80416 
20.492 2.68563 
20.5909 2.66327 
20.6899 2.79239 
20.7889 2.91005 
20.8879 3.03862 
20.9869 3.00574 
21.0859 2.95938 
21.1849 3.0817 
21.2839 2.97295 
21.3829 2.84057 
21.4819 2.6631 
21.5809 2.54841 
21.6799 2.47355 
21.7789 2.47881 
21.8779 2.52508 
21.9769 2.56383 
22.0759 2.56411 
22.1749 2.67332 
22.2739 2.73865 
22.3729 2.6206 
22.4719 2.80195 
22.5708 2.79165 
22.6698 2.70789 
22.7688 2.63216 
22.8678 2.37922 
22.9668 2.29571 
23.0658 2.30675 
23.1648 2.28922 
23.2638 2.2904 
23.3628 2.345 
23.4618 2.44451 
23.5608 2.51155 
23.6598 2.4846 
23.7588 2.46325 
23.8578 2.46621 
23.9568 2.44053 
24.0558 2.40143 
24.1548 2.34004 
24.2538 2.26101 
24.3528 2.14423 
24.4518 2.16275 
24.5507 2.21819 
24.6497 2.27494 
24.7487 2.27471 
24.8477 2.27848 
24.9467 2.25259 
25.0457 2.21569 
25.1447 2.19137 
25.2437 2.28073 
25.3427 2.4027 
25.4417 2.36426 
25.5407 2.30169 
25.6397 2.28107 
25.7387 2.25071 
25.8377 2.2 
25.9367 2.15664 
26.0357 2.09219 
26.1347 2.04614 
26.2337 2.0478 
26.3327 2.09718 
26.4317 2.19367 
26.5306 2.29576 
26.6296 2.30273 
26.7286 2.22985 
26.8276 2.15134 
26.9266 2.12185 
27.0256 2.12106 
27.1246 2.08612 
27.2236 1.95006 
27.3226 1.79601 
27.4216 1.71625 
27.5206 1.73562 
27.6196 1.74324 
27.7186 1.71846 
27.8176 1.71583 
27.9166 1.6095 
28.0156 1.42705 
28.1146 1.401 
28.2136 1.44355 
28.3126 1.44633 
28.4116 1.41548 
28.5105 1.38375 
28.6095 1.38999 
28.7085 1.41244 
28.8075 1.44819 
28.9065 1.48954 
29.0055 1.50862 
29.1045 1.49008 
29.2035 1.44026 
29.3025 1.40517 
29.4015 1.38409 
29.5005 1.34212 
29.5995 1.28116 
29.6985 1.27067 
29.7975 1.25328 
29.8965 1.23086 
29.9955 1.22336 
30.0945 1.24111 
30.1935 1.28228 
30.2925 1.31692 
30.3914 1.3367 
30.4904 1.33943 
30.5894 1.32216 
30.6884 1.30004 
30.7874 1.31035 
30.8864 1.29136 
30.9854 1.25118 
31.0844 1.21903 
31.1834 1.22178 
31.2824 1.22862 
31.3814 1.26031 
31.4804 1.28067 
31.5794 1.28992 
31.6784 1.28053 
31.7774 1.25613 
31.8764 1.23815 
31.9754 1.31645 
32.0744 1.28687 
32.1734 1.28062 
32.2724 1.29687 
32.3713 1.32626 
32.4703 1.36517 
32.5693 1.41457 
32.6683 1.4659 
32.7673 1.50574 
32.8663 1.49787 
32.9653 1.43598 
33.0643 1.49502 
33.1633 1.57408 
33.2623 1.63462 
33.3613 1.65368 
33.4603 1.62807 
33.5593 1.58047 
33.6583 1.5433 
33.7573 1.59097 
33.8563 1.65368 
33.9553 1.67563 
34.0543 1.68061 
34.1533 1.64178 
34.2523 1.59575 
34.3512 1.57151 
34.4502 1.57976 
34.5492 1.58032 
34.6482 1.57347 
34.7472 1.55448 
34.8462 1.5354 
34.9452 1.48762 
35.0442 1.4246 
35.1432 1.42794 
35.2422 1.42868 
35.3412 1.44245 
35.4402 1.41608 
35.5392 1.3554 
35.6382 1.33166 
35.7372 1.30785 
35.8362 1.28497 
35.9352 1.25543 
36.0342 1.21237 
36.1332 1.16547 
36.2322 1.11394 
36.3311 1.0518 
36.4301 0.993706 
36.5291 1.05295 
36.6281 1.10926 
36.7271 1.14609 
36.8261 1.14119 
36.9251 1.08331 
37.0241 0.990578 
37.1231 0.960282 
37.2221 0.956509 
37.3211 0.954552 
37.4201 0.95557 
37.5191 0.959079 
37.6181 0.962749 
37.7171 0.963368 
37.8161 0.954797 
37.9151 0.93653 
38.0141 0.91413 
38.1131 0.909359 
38.2121 0.894975 
38.311 0.867994 
38.41 0.837651 
38.509 0.814645 
38.608 0.798722 
38.707 0.785372 
38.806 0.769719 
38.905 0.798983 
39.004 0.837174 
39.103 0.884237 
39.202 0.926194 
39.301 0.970809 
39.4 0.995503 
39.499 0.990993 
39.598 0.966439 
39.697 0.951455 
39.796 1.00413 
39.895 1.13939 
39.994 1.14921 
40.093 1.04019 
40.1919 1.07905 
40.2909 1.0991 
40.3899 1.08383 
40.4889 1.02562 
40.5879 0.923615 
40.6869 0.93149 
40.7859 1.04433 
40.8849 1.15822 
40.9839 1.18114 
41.0829 1.20801 
41.1819 1.18159 
41.2809 1.08315 
41.3799 1.06276 
41.4789 1.0884 
41.5779 1.18422 
41.6769 1.16574 
41.7759 1.17753 
41.8749 1.26843 
41.9739 1.33249 
42.0729 1.3575 
42.1718 1.35533 
42.2708 1.35452 
42.3698 1.36634 
42.4688 1.36107 
42.5678 1.37917 
42.6668 1.40354 
42.7658 1.42995 
42.8648 1.4741 
42.9638 1.50525 
43.0628 1.49027 
43.1618 1.42262 
43.2608 1.39076 
43.3598 1.37035 
43.4588 1.33427 
43.5578 1.29898 
43.6568 1.27807 
43.7558 1.2631 
43.8548 1.2495 
43.9538 1.24199 
44.0528 1.23159 
44.1517 1.21828 
44.2507 1.20292 
44.3497 1.19342 
44.4487 1.19097 
44.5477 1.21923 
44.6467 1.25621 
44.7457 1.2886 
44.8447 1.31062 
44.9437 1.33667 
45.0427 1.35802 
45.1417 1.38153 
45.2407 1.40531 
45.3397 1.42087 
45.4387 1.44637 
45.5377 1.50535 
45.6367 1.52868 
45.7357 1.54579 
45.8347 1.5599 
45.9337 1.53229 
46.0327 1.53167 
46.1316 1.53781 
46.2306 1.54395 
46.3296 1.53847 
46.4286 1.52212 
46.5276 1.48132 
46.6266 1.41756 
46.7256 1.3327 
46.8246 1.27277 
46.9236 1.21994 
47.0226 1.18705 
47.1216 1.14266 
47.2206 1.09814 
47.3196 1.04616 
47.4186 0.98832 
47.5176 0.963194 
47.6166 1.03022 
47.7156 0.992423 
47.8146 1.01656 
47.9136 1.01218 
48.0126 1.04252 
48.1115 1.05173 
48.2105 1.1327 
48.3095 1.18033 
48.4085 1.24159 
48.5075 1.17395 
48.6065 1.19106 
48.7055 1.18696 
48.8045 1.22261 
48.9035 1.14932 
49.0025 1.08592 
49.1015 1.00776 
49.2005 0.998199 
49.2995 0.998975 
49.3985 1.07319 
49.4975 1.15504 
