0 0 
0.0989949 0.00300232 
0.19799 0.00395206 
0.296985 0.00698382 
0.39598 0.0104952 
0.494975 0.0143611 
0.59397 0.0185359 
0.692965 0.0229966 
0.79196 0.0277263 
0.890955 0.0327864 
0.989949 0.0381393 
1.08894 0.0437664 
1.18794 0.049553 
1.28693 0.0555916 
1.38593 0.0617249 
1.48492 0.0680698 
1.58392 0.0744949 
1.68291 0.0811286 
1.78191 0.0876647 
1.8809 0.0947319 
1.9799 0.10247 
2.07889 0.110312 
2.17789 0.124422 
2.27688 0.126075 
2.37588 0.135891 
2.47487 0.141704 
2.57387 0.151474 
2.67286 0.172267 
2.77186 0.167249 
2.87085 0.175776 
2.96985 0.180426 
3.06884 0.189455 
3.16784 0.198024 
3.26683 0.206266 
3.36583 0.214093 
3.46482 0.221238 
3.56382 0.233998 
3.66281 0.236489 
3.76181 0.24377 
3.8608 0.24274 
3.9598 0.245831 
4.05879 0.247768 
4.15779 0.248608 
4.25678 0.248163 
4.35578 0.246325 
4.45477 0.248785 
4.55377 0.251225 
4.65276 0.262663 
4.75176 0.259838 
4.85075 0.264241 
4.94975 0.282132 
5.04874 0.289315 
5.14774 0.295364 
5.24673 0.304632 
5.34573 0.317748 
5.44472 0.333618 
5.54372 0.354656 
5.64271 0.376511 
5.74171 0.398944 
5.8407 0.405236 
5.9397 0.414903 
6.03869 0.450515 
6.13769 0.459434 
6.23668 0.47489 
6.33568 0.506965 
6.43467 0.495162 
6.53367 0.523724 
6.63266 0.536878 
6.73166 0.510644 
6.83065 0.564133 
6.92965 0.571648 
7.02864 0.556738 
7.12764 0.5618 
7.22663 0.593805 
7.32563 0.618486 
7.42462 0.626696 
7.52362 0.633122 
7.62261 0.638685 
7.72161 0.640329 
7.8206 0.641514 
7.9196 0.658626 
8.01859 0.685012 
8.11759 0.710477 
8.21658 0.711483 
8.31558 0.70191 
8.41457 0.734199 
8.51357 0.725392 
8.61256 0.729578 
8.71156 0.74322 
8.81055 0.754011 
8.90955 0.737139 
9.00854 0.731446 
9.10754 0.753039 
9.20653 0.747714 
9.30553 0.736936 
9.40452 0.71986 
9.50352 0.712542 
9.60251 0.707371 
9.70151 0.692 
9.8005 0.665446 
9.89949 0.65622 
9.99849 0.639348 
10.0975 0.610644 
10.1965 0.588286 
10.2955 0.559352 
10.3945 0.523636 
10.4935 0.488359 
10.5925 0.447777 
10.6915 0.595972 
10.7904 0.994176 
10.8894 0.919697 
10.9884 1.13125 
11.0874 1.30801 
11.1864 1.45617 
11.2854 1.59404 
11.3844 1.74336 
11.4834 1.92348 
11.5824 2.0024 
11.6814 2.17604 
11.7804 2.32649 
11.8794 2.50153 
11.9784 2.67914 
12.0774 3.65998 
12.1764 4.2577 
12.2754 3.87315 
12.3744 3.24342 
12.4734 2.89805 
12.5724 2.39979 
12.6714 2.55866 
12.7703 2.73119 
12.8693 2.87984 
12.9683 2.72585 
13.0673 2.66769 
13.1663 2.69053 
13.2653 2.66718 
13.3643 2.61764 
13.4633 2.30546 
13.5623 2.40663 
13.6613 2.56931 
13.7603 2.6882 
13.8593 2.61728 
13.9583 2.63205 
14.0573 2.69161 
14.1563 2.80783 
14.2553 3.01046 
14.3543 2.87252 
14.4533 2.56354 
14.5523 2.56861 
14.6513 2.50088 
14.7502 2.53754 
14.8492 2.67191 
14.9482 2.81312 
15.0472 3.19417 
15.1462 3.53369 
15.2452 3.60232 
15.3442 3.59657 
15.4432 3.57601 
15.5422 3.44681 
15.6412 3.25674 
15.7402 3.06533 
15.8392 2.94239 
15.9382 3.5281 
16.0372 3.62787 
16.1362 3.50226 
16.2352 3.27361 
16.3342 2.87796 
16.4332 2.53862 
16.5322 2.32868 
16.6312 2.70178 
16.7301 2.73686 
16.8291 2.76988 
16.9281 2.83423 
17.0271 2.6811 
17.1261 2.94568 
17.2251 3.01003 
17.3241 3.05405 
17.4231 2.24151 
17.5221 2.27556 
17.6211 2.17812 
17.7201 2.10246 
17.8191 2.07842 
17.9181 2.02856 
18.0171 2.01728 
18.1161 2.12421 
18.2151 1.99175 
18.3141 1.97005 
18.4131 1.91299 
18.5121 1.85265 
18.6111 1.80203 
18.71 1.75296 
18.809 1.76874 
18.908 1.88416 
19.007 1.81891 
19.106 1.38651 
19.205 1.37039 
19.304 1.66006 
19.403 2.08718 
19.502 2.40674 
19.601 2.60034 
19.7 2.31572 
19.799 1.65772 
19.898 1.2116 
19.997 1.10234 
20.096 1.38561 
20.195 1.83816 
20.294 2.10789 
20.393 2.14335 
20.492 1.88418 
20.5909 1.59565 
20.6899 1.41891 
20.7889 1.29236 
20.8879 1.42497 
20.9869 1.4096 
21.0859 1.67127 
21.1849 1.92622 
21.2839 2.16575 
21.3829 2.30932 
21.4819 2.13413 
21.5809 1.99165 
21.6799 1.91163 
21.7789 1.74157 
21.8779 1.54795 
21.9769 1.45965 
22.0759 1.39051 
22.1749 1.51219 
22.2739 1.52228 
22.3729 1.62272 
22.4719 1.77234 
22.5708 1.85558 
22.6698 2.09416 
22.7688 2.15417 
22.8678 1.88517 
22.9668 1.78952 
23.0658 1.74679 
23.1648 1.68153 
23.2638 1.65811 
23.3628 1.66182 
23.4618 1.6541 
23.5608 1.61119 
23.6598 1.53096 
23.7588 1.46553 
23.8578 1.47305 
23.9568 1.49451 
24.0558 1.58823 
24.1548 1.65817 
24.2538 1.65957 
24.3528 1.59127 
24.4518 1.61572 
24.5507 1.59467 
24.6497 1.46169 
24.7487 1.29479 
24.8477 1.25653 
24.9467 1.26317 
25.0457 1.22175 
25.1447 1.23189 
25.2437 1.28883 
25.3427 1.45443 
25.4417 1.61159 
25.5407 1.67896 
25.6397 1.64762 
25.7387 1.59921 
25.8377 1.49162 
25.9367 1.4103 
26.0357 1.36327 
26.1347 1.35712 
26.2337 1.3711 
26.3327 1.36144 
26.4317 1.32802 
26.5306 1.36736 
26.6296 1.34344 
26.7286 1.24394 
26.8276 1.16013 
26.9266 1.19966 
27.0256 1.2913 
27.1246 1.33009 
27.2236 1.26555 
27.3226 1.23478 
27.4216 1.24498 
27.5206 1.252 
27.6196 1.20183 
27.7186 1.09188 
27.8176 1.04488 
27.9166 1.02641 
28.0156 1.00156 
28.1146 1.0207 
28.2136 1.03588 
28.3126 1.02794 
28.4116 0.971398 
28.5105 0.923485 
28.6095 0.91863 
28.7085 0.949126 
28.8075 1.013 
28.9065 1.07671 
29.0055 1.09566 
29.1045 1.05925 
29.2035 1.00343 
29.3025 0.965435 
29.4015 0.938254 
29.5005 0.907008 
29.5995 0.878219 
29.6985 0.846054 
29.7975 0.80138 
29.8965 0.759122 
29.9955 0.715561 
30.0945 0.687664 
30.1935 0.706975 
30.2925 0.738077 
30.3914 0.784745 
30.4904 0.827176 
30.5894 0.83618 
30.6884 0.841434 
30.7874 0.90052 
30.8864 0.916719 
30.9854 0.901381 
31.0844 0.869874 
31.1834 0.886451 
31.2824 0.912094 
31.3814 0.973536 
31.4804 1.00913 
31.5794 1.01654 
31.6784 1.00092 
31.7774 0.971652 
31.8764 0.945113 
31.9754 1.03021 
32.0744 0.97298 
32.1734 0.951675 
32.2724 0.970132 
32.3713 1.0135 
32.4703 1.07378 
32.5693 1.14973 
32.6683 1.22215 
32.7673 1.26671 
32.8663 1.26625 
32.9653 1.20819 
33.0643 1.21355 
33.1633 1.22338 
33.2623 1.22148 
33.3613 1.21173 
33.4603 1.20171 
33.5593 1.19819 
33.6583 1.19625 
33.7573 1.18524 
33.8563 1.16933 
33.9553 1.1539 
34.0543 1.13453 
34.1533 1.11196 
34.2523 1.08972 
34.3512 1.08173 
34.4502 1.09814 
34.5492 1.10231 
34.6482 1.10614 
34.7472 1.11143 
34.8462 1.12139 
34.9452 1.11181 
35.0442 1.08649 
35.1432 1.03591 
35.2422 0.970877 
35.3412 0.968056 
35.4402 0.954717 
35.5392 0.915633 
35.6382 0.95483 
35.7372 0.988282 
35.8362 1.0068 
35.9352 1.00851 
36.0342 0.988667 
36.1332 0.93826 
36.2322 0.875914 
36.3311 0.796152 
36.4301 0.715545 
36.5291 0.713145 
36.6281 0.705254 
36.7271 0.69182 
36.8261 0.676209 
36.9251 0.659136 
37.0241 0.642349 
37.1231 0.62686 
37.2221 0.61343 
37.3211 0.602097 
37.4201 0.592127 
37.5191 0.583113 
37.6181 0.574686 
37.7171 0.565605 
37.8161 0.554994 
37.9151 0.543512 
38.0141 0.541359 
38.1131 0.54661 
38.2121 0.552565 
38.311 0.550888 
38.41 0.559676 
38.509 0.568359 
38.608 0.564943 
38.707 0.561686 
38.806 0.555959 
38.905 0.557867 
39.004 0.555629 
39.103 0.558149 
39.202 0.55219 
39.301 0.572384 
39.4 0.598962 
39.499 0.616925 
39.598 0.621071 
39.697 0.604463 
39.796 0.567455 
39.895 0.563403 
39.994 0.586758 
40.093 0.592312 
40.1919 0.606211 
40.2909 0.641672 
40.3899 0.636027 
40.4889 0.631828 
40.5879 0.637219 
40.6869 0.656265 
40.7859 0.678862 
40.8849 0.704939 
40.9839 0.739246 
41.0829 0.771245 
41.1819 0.798371 
41.2809 0.828232 
41.3799 0.858819 
41.4789 0.882855 
41.5779 0.894474 
41.6769 0.899026 
41.7759 0.932054 
41.8749 1.06791 
41.9739 1.10116 
42.0729 1.09605 
42.1718 1.09519 
42.2708 1.11448 
42.3698 1.15598 
42.4688 1.18608 
42.5678 1.21524 
42.6668 1.24033 
42.7658 1.27062 
42.8648 1.32227 
42.9638 1.31402 
43.0628 1.24584 
43.1618 1.17638 
43.2608 1.14633 
43.3598 1.12354 
43.4588 1.09295 
43.5578 1.06295 
43.6568 1.05222 
43.7558 1.05067 
43.8548 1.04295 
43.9538 1.02636 
44.0528 1.00578 
44.1517 0.982456 
44.2507 0.957901 
44.3497 0.941738 
44.4487 0.936014 
44.5477 0.970814 
44.6467 1.01758 
44.7457 1.06433 
44.8447 1.10322 
44.9437 1.13962 
45.0427 1.17215 
45.1417 1.21063 
45.2407 1.25109 
45.3397 1.27568 
45.4387 1.2941 
45.5377 1.36114 
45.6367 1.41036 
45.7357 1.42374 
45.8347 1.43404 
45.9337 1.3991 
46.0327 1.39385 
46.1316 1.39621 
46.2306 1.39741 
46.3296 1.38694 
46.4286 1.36347 
46.5276 1.31581 
46.6266 1.24177 
46.7256 1.14814 
46.8246 1.03912 
46.9236 0.929559 
47.0226 0.84894 
47.1216 0.794723 
47.2206 0.77375 
47.3196 0.755084 
47.4186 0.730194 
47.5176 0.732907 
47.6166 0.735816 
47.7156 0.740447 
47.8146 0.80195 
47.9136 0.802492 
48.0126 0.847798 
48.1115 0.857348 
48.2105 0.908528 
48.3095 0.953085 
48.4085 0.956047 
48.5075 0.975785 
48.6065 1.02906 
48.7055 1.00559 
48.8045 1.04159 
48.9035 0.959705 
49.0025 0.901482 
49.1015 0.818886 
49.2005 0.831976 
49.2995 0.84337 
49.3985 0.931047 
49.4975 1.01584 
