0 0 
0.0989949 0.000611905 
0.19799 0.0010378 
0.296985 0.00158328 
0.39598 0.00216272 
0.494975 0.00279226 
0.59397 0.00473498 
0.692965 0.00881487 
0.79196 0.0132274 
0.890955 0.021479 
0.989949 0.0286135 
1.08894 0.0343154 
1.18794 0.0407656 
1.28693 0.0505047 
1.38593 0.060092 
1.48492 0.0669892 
1.58392 0.0869827 
1.68291 0.0955771 
1.78191 0.111813 
1.8809 0.118706 
1.9799 0.128664 
2.07889 0.140167 
2.17789 0.152764 
2.27688 0.166661 
2.37588 0.172654 
2.47487 0.198596 
2.57387 0.216372 
2.67286 0.193038 
2.77186 0.206109 
2.87085 0.185837 
2.96985 0.179932 
3.06884 0.184936 
3.16784 0.200243 
3.26683 0.193526 
3.36583 0.186163 
3.46482 0.186566 
3.56382 0.1913 
3.66281 0.188299 
3.76181 0.190458 
3.8608 0.189435 
3.9598 0.186298 
4.05879 0.183471 
4.15779 0.181053 
4.25678 0.174911 
4.35578 0.170502 
4.45477 0.163789 
4.55377 0.159679 
4.65276 0.155734 
4.75176 0.160129 
4.85075 0.157207 
4.94975 0.161084 
5.04874 0.169389 
5.14774 0.166037 
5.24673 0.168801 
5.34573 0.173564 
5.44472 0.177632 
5.54372 0.185554 
5.64271 0.186837 
5.74171 0.200634 
5.8407 0.225256 
5.9397 0.237037 
6.03869 0.237926 
6.13769 0.255842 
6.23668 0.275325 
6.33568 0.286987 
6.43467 0.300073 
6.53367 0.323609 
6.63266 0.343724 
6.73166 0.366157 
6.83065 0.384629 
6.92965 0.392462 
7.02864 0.389397 
7.12764 0.396187 
7.22663 0.395278 
7.32563 0.391475 
7.42462 0.384754 
7.52362 0.379916 
7.62261 0.364052 
7.72161 0.356615 
7.8206 0.354414 
7.9196 0.347243 
8.01859 0.34624 
8.11759 0.350174 
8.21658 0.355448 
8.31558 0.402144 
8.41457 0.422695 
8.51357 0.47644 
8.61256 0.430776 
8.71156 0.409772 
8.81055 0.39069 
8.90955 0.411714 
9.00854 0.430129 
9.10754 0.463407 
9.20653 0.501157 
9.30553 0.516047 
9.40452 0.505551 
9.50352 0.55885 
9.60251 0.601254 
9.70151 0.675805 
9.8005 0.717541 
9.89949 0.765409 
9.99849 0.81655 
10.0975 0.848229 
10.1965 0.859905 
10.2955 0.858965 
10.3945 0.843084 
10.4935 0.815099 
10.5925 0.767484 
10.6915 0.71475 
10.7904 0.798211 
10.8894 1.02117 
10.9884 1.28201 
11.0874 1.4784 
11.1864 1.64186 
11.2854 1.70235 
11.3844 1.78364 
11.4834 1.82258 
11.5824 1.86925 
11.6814 1.85351 
11.7804 1.78398 
11.8794 1.70961 
11.9784 2.11655 
12.0774 3.26501 
12.1764 3.60182 
12.2754 2.44494 
12.3744 2.79548 
12.4734 2.66118 
12.5724 2.3965 
12.6714 3.06905 
12.7703 2.85472 
12.8693 2.61035 
12.9683 2.52771 
13.0673 2.42967 
13.1663 2.51545 
13.2653 3.52448 
13.3643 2.89232 
13.4633 2.36945 
13.5623 2.67483 
13.6613 2.80865 
13.7603 2.79057 
13.8593 2.86419 
13.9583 2.9269 
14.0573 2.88973 
14.1563 2.58711 
14.2553 2.35567 
14.3543 2.2426 
14.4533 2.41887 
14.5523 2.3568 
14.6513 2.78027 
14.7502 3.44115 
14.8492 3.82467 
14.9482 3.79284 
15.0472 3.52803 
15.1462 3.10572 
15.2452 2.69604 
15.3442 2.50496 
15.4432 2.33441 
15.5422 2.25092 
15.6412 2.26356 
15.7402 2.24536 
15.8392 3.2592 
15.9382 2.16699 
16.0372 2.34098 
16.1362 1.98014 
16.2352 1.67361 
16.3342 2.40183 
16.4332 2.83703 
16.5322 2.73043 
16.6312 2.42306 
16.7301 2.16198 
16.8291 2.02552 
16.9281 1.99404 
17.0271 2.02145 
17.1261 2.11597 
17.2251 2.19673 
17.3241 2.21722 
17.4231 2.06791 
17.5221 2.04225 
17.6211 2.15146 
17.7201 2.1919 
17.8191 2.29802 
17.9181 2.33814 
18.0171 2.41802 
18.1161 2.42409 
18.2151 2.44424 
18.3141 2.51142 
18.4131 2.5698 
18.5121 2.56742 
18.6111 2.45421 
18.71 2.2496 
18.809 2.30942 
18.908 2.43483 
19.007 2.63977 
19.106 2.83768 
19.205 2.9544 
19.304 3.04558 
19.403 2.94618 
19.502 2.50858 
19.601 2.09496 
19.7 1.7953 
19.799 1.71348 
19.898 1.66586 
19.997 1.7333 
20.096 1.97868 
20.195 2.05684 
20.294 1.91451 
20.393 1.80814 
20.492 1.91376 
20.5909 2.13234 
20.6899 2.40503 
20.7889 2.60734 
20.8879 2.68378 
20.9869 2.65472 
21.0859 2.44229 
21.1849 2.40552 
21.2839 2.03665 
21.3829 1.65405 
21.4819 1.59298 
21.5809 1.58988 
21.6799 1.56975 
21.7789 1.76392 
21.8779 1.99496 
21.9769 2.10776 
22.0759 2.15433 
22.1749 2.20452 
22.2739 2.27659 
22.3729 2.05774 
22.4719 2.1702 
22.5708 2.0857 
22.6698 1.71673 
22.7688 1.51255 
22.8678 1.45149 
22.9668 1.43802 
23.0658 1.50658 
23.1648 1.55338 
23.2638 1.58007 
23.3628 1.65451 
23.4618 1.79988 
23.5608 1.92664 
23.6598 1.95688 
23.7588 1.97985 
23.8578 1.97796 
23.9568 1.92942 
24.0558 1.80123 
24.1548 1.65113 
24.2538 1.53557 
24.3528 1.43722 
24.4518 1.43769 
24.5507 1.54188 
24.6497 1.74322 
24.7487 1.87025 
24.8477 1.90068 
24.9467 1.86509 
25.0457 1.8484 
25.1447 1.81233 
25.2437 1.88167 
25.3427 1.91249 
25.4417 1.72989 
25.5407 1.57444 
25.6397 1.57754 
25.7387 1.58373 
25.8377 1.61711 
25.9367 1.63161 
26.0357 1.58706 
26.1347 1.53131 
26.2337 1.52104 
26.3327 1.59519 
26.4317 1.746 
26.5306 1.84414 
26.6296 1.87022 
26.7286 1.85063 
26.8276 1.81173 
26.9266 1.75017 
27.0256 1.68269 
27.1246 1.60709 
27.2236 1.48361 
27.3226 1.3042 
27.4216 1.18133 
27.5206 1.20202 
27.6196 1.26273 
27.7186 1.32698 
27.8176 1.36099 
27.9166 1.23974 
28.0156 1.01654 
28.1146 0.959673 
28.2136 1.00539 
28.3126 1.01746 
28.4116 1.02955 
28.5105 1.03051 
28.6095 1.04316 
28.7085 1.04601 
28.8075 1.03493 
28.9065 1.02928 
29.0055 1.03704 
29.1045 1.04801 
29.2035 1.03319 
29.3025 1.021 
29.4015 1.01754 
29.5005 0.98925 
29.5995 0.932788 
29.6985 0.948041 
29.7975 0.963584 
29.8965 0.968889 
29.9955 0.992259 
30.0945 1.03319 
30.1935 1.06978 
30.2925 1.09065 
30.3914 1.0821 
30.4904 1.05349 
30.5894 1.02416 
30.6884 0.991008 
30.7874 0.951879 
30.8864 0.909523 
30.9854 0.867731 
31.0844 0.854022 
31.1834 0.84081 
31.2824 0.823153 
31.3814 0.800388 
31.4804 0.78852 
31.5794 0.794063 
31.6784 0.798693 
31.7774 0.79608 
31.8764 0.799855 
31.9754 0.819577 
32.0744 0.842226 
32.1734 0.856907 
32.2724 0.860646 
32.3713 0.855452 
32.4703 0.843029 
32.5693 0.8241 
32.6683 0.809449 
32.7673 0.814068 
32.8663 0.800131 
32.9653 0.776096 
33.0643 0.873146 
33.1633 0.990486 
33.2623 1.08627 
33.3613 1.12533 
33.4603 1.0984 
33.5593 1.03065 
33.6583 0.975074 
33.7573 1.06133 
33.8563 1.16933 
33.9553 1.21501 
34.0543 1.23988 
34.1533 1.20788 
34.2523 1.16574 
34.3512 1.13996 
34.4502 1.13566 
34.5492 1.13239 
34.6482 1.11904 
34.7472 1.0868 
34.8462 1.04877 
34.9452 0.988386 
35.0442 0.921432 
35.1432 0.982803 
35.2422 1.0481 
35.3412 1.06935 
35.4402 1.04585 
35.5392 0.999369 
35.6382 0.92824 
35.7372 0.856609 
35.8362 0.798432 
35.9352 0.747665 
36.0342 0.701703 
36.1332 0.691368 
36.2322 0.688212 
36.3311 0.687327 
36.4301 0.689528 
36.5291 0.774673 
36.6281 0.856193 
36.7271 0.913736 
36.8261 0.919263 
36.9251 0.859711 
37.0241 0.754078 
37.1231 0.727454 
37.2221 0.733903 
37.3211 0.740709 
37.4201 0.75 
37.5191 0.761454 
37.6181 0.772412 
37.7171 0.779851 
37.8161 0.77693 
37.9151 0.762681 
38.0141 0.73659 
38.1131 0.72674 
38.2121 0.704025 
38.311 0.670773 
38.41 0.623235 
38.509 0.583621 
38.608 0.56462 
38.707 0.548925 
38.806 0.532332 
38.905 0.571977 
39.004 0.626208 
39.103 0.685818 
39.202 0.743586 
39.301 0.784122 
39.4 0.795155 
39.499 0.775546 
39.598 0.740455 
39.697 0.734773 
39.796 0.828418 
39.895 0.990347 
39.994 0.988134 
40.093 0.85508 
40.1919 0.892664 
40.2909 0.892339 
40.3899 0.877588 
40.4889 0.807889 
40.5879 0.668594 
40.6869 0.661052 
40.7859 0.793584 
40.8849 0.918983 
40.9839 0.921205 
41.0829 0.929772 
41.1819 0.871074 
41.2809 0.698038 
41.3799 0.626015 
41.4789 0.636541 
41.5779 0.776076 
41.6769 0.74209 
41.7759 0.719623 
41.8749 0.684458 
41.9739 0.75032 
42.0729 0.80093 
42.1718 0.798424 
42.2708 0.769851 
42.3698 0.728418 
42.4688 0.667612 
42.5678 0.652152 
42.6668 0.656892 
42.7658 0.655959 
42.8648 0.651593 
42.9638 0.734265 
43.0628 0.817808 
43.1618 0.799991 
43.2608 0.787489 
43.3598 0.784556 
43.4588 0.765338 
43.5578 0.746649 
43.6568 0.72546 
43.7558 0.701088 
43.8548 0.688107 
43.9538 0.699375 
44.0528 0.710783 
44.1517 0.720405 
44.2507 0.727621 
44.3497 0.733067 
44.4487 0.736394 
44.5477 0.737584 
44.6467 0.736609 
44.7457 0.726424 
44.8447 0.707553 
44.9437 0.698541 
45.0427 0.685762 
45.1417 0.665572 
45.2407 0.640056 
45.3397 0.625698 
45.4387 0.645989 
45.5377 0.642939 
45.6367 0.58971 
45.7357 0.60202 
45.8347 0.61384 
45.9337 0.624854 
46.0327 0.634976 
46.1316 0.644542 
46.2306 0.656542 
46.3296 0.665788 
46.4286 0.676599 
46.5276 0.680407 
46.6266 0.683723 
46.7256 0.67666 
46.8246 0.734967 
46.9236 0.790047 
47.0226 0.829695 
47.1216 0.821032 
47.2206 0.779245 
47.3196 0.724084 
47.4186 0.666028 
47.5176 0.624971 
47.6166 0.721053 
47.7156 0.660788 
47.8146 0.624713 
47.9136 0.616862 
48.0126 0.606707 
48.1115 0.609177 
48.2105 0.676455 
48.3095 0.696288 
48.4085 0.792166 
48.5075 0.65269 
48.6065 0.599724 
48.7055 0.630617 
48.8045 0.640216 
48.9035 0.632387 
49.0025 0.605433 
49.1015 0.587372 
49.2005 0.55156 
49.2995 0.535424 
49.3985 0.533757 
49.4975 0.549727 
